51
7     0.000000000 0.252599009 0.375786089 0.387429630 0.354765797 0.490640705 0.743872027 0.327281151 0.825091444 0.839403841 0.839893380 0.962618111 0.587669330 0.592394021 0.600102125 0.621971596 0.541430323 0.567252612 0.867903396 0.718657180 0.733362649 0.723963665 0.737417921 0.618220951 0.621867856 0.711412708 0.786254684 0.765142639 0.769401527 0.775274215 0.692890550 0.710725614 0.597637018 0.435729338 0.565701310 0.560968362 0.556454705 0.870075172 0.524135683 0.472214627 0.762005262 0.767339821 0.414887541 0.439998034 0.445615385 0.511751739 0.530673108 0.530962345 0.596731186 0.714749793 1.001092655 
40     0.252599009 0.000000000 0.286029532 0.306009215 0.270208473 0.406319746 0.659463593 0.242863995 0.740697741 0.755010138 0.755499677 0.878224408 0.503275627 0.508000318 0.515708422 0.537577893 0.457036620 0.482858909 0.783509693 0.634157160 0.648862629 0.639463645 0.652917902 0.533720932 0.537367837 0.626912689 0.701754665 0.680642620 0.684901507 0.690774196 0.608390531 0.626225595 0.513150155 0.351191718 0.481163691 0.476374696 0.471861040 0.785537553 0.439602706 0.387681650 0.677577391 0.682911950 0.330628691 0.355739184 0.361356535 0.427492890 0.446414258 0.446703495 0.512923440 0.632236132 0.916942018 
23     0.375786089 0.286029532 0.000000000 0.370724613 0.338454546 0.474792895 0.727674824 0.311126230 0.808972682 0.823285079 0.823774619 0.946499349 0.571550568 0.576275259 0.583983363 0.605852834 0.525311561 0.551133850 0.851784634 0.702500562 0.717206031 0.707807047 0.721261304 0.602026669 0.605673574 0.695256091 0.770098067 0.748986022 0.753244909 0.759117598 0.676733933 0.694568997 0.581480400 0.419572720 0.549544693 0.544811744 0.540298088 0.853918555 0.507979065 0.456058009 0.745793260 0.751127818 0.398863610 0.423974103 0.429591454 0.495594009 0.514649177 0.514938414 0.581042846 0.700416786 0.985141154 
47     0.387429630 0.306009215 0.370724613 0.000000000 0.304953874 0.440796920 0.693607668 0.276949563 0.774271771 0.788584168 0.789073708 0.911798438 0.536849657 0.541574348 0.549282452 0.571151923 0.490610650 0.516432939 0.817083723 0.668016962 0.682722431 0.673323447 0.686777704 0.567506454 0.571153358 0.660754063 0.735614466 0.714502422 0.718761309 0.724633997 0.642250332 0.660085396 0.547038493 0.385130813 0.515102785 0.510369837 0.505856180 0.819476647 0.473495465 0.421574409 0.711080839 0.716415398 0.364396816 0.389519262 0.395136614 0.461166738 0.480195011 0.480484249 0.546578981 0.665891672 0.950597558 
38     0.354765797 0.270208473 0.338454546 0.304953874 0.000000000 0.309016207 0.562402841 0.145460590 0.643042808 0.657362375 0.657851914 0.780576644 0.405641099 0.410365790 0.418073894 0.439924667 0.359382829 0.385185278 0.685826540 0.536672848 0.551378317 0.541979333 0.555433590 0.436245400 0.439892304 0.529417190 0.604248967 0.583136922 0.587395809 0.593268498 0.510884833 0.528719897 0.415607970 0.253700290 0.383672263 0.378939314 0.374425657 0.688046125 0.342064942 0.290143886 0.579900389 0.585234947 0.233140485 0.258033921 0.263660041 0.329870978 0.348752182 0.349041419 0.415343911 0.534656602 0.819361353 
18     0.490640705 0.406319746 0.474792895 0.440796920 0.309016207 0.000000000 0.698888688 0.282157937 0.779371760 0.793691327 0.794180866 0.916905597 0.541948363 0.546673054 0.554408309 0.576231931 0.495684630 0.521507375 0.822158159 0.673218387 0.687923855 0.678524871 0.691979128 0.572813078 0.576454365 0.665973915 0.740794504 0.719682459 0.723941347 0.729814035 0.647430370 0.665265434 0.552135313 0.390227634 0.520067544 0.515334596 0.510820939 0.824441407 0.478633979 0.426712922 0.716305070 0.721639629 0.369447428 0.394467742 0.400085093 0.466223007 0.485155506 0.485444743 0.551732391 0.671045083 0.955749834 
24     0.743872027 0.659463593 0.727674824 0.693607668 0.562402841 0.698888688 0.000000000 0.506013955 1.010535442 1.024873706 1.025363245 1.148031460 0.773070263 0.777794954 0.785530209 0.807372529 0.726810851 0.752633140 1.053261534 0.904046020 0.918751489 0.909352505 0.922806762 0.803635494 0.807282555 0.896873084 0.971584850 0.950472805 0.954731693 0.960604381 0.878220716 0.896111198 0.783098121 0.621190441 0.751118681 0.746441096 0.741927439 1.055547907 0.708054855 0.657620367 0.947862723 0.953197282 0.599487023 0.625134797 0.630752149 0.696643858 0.715507554 0.715796791 0.782548599 0.901861291 1.186448175 
37     0.327281151 0.242863995 0.311126230 0.276949563 0.145460590 0.282157937 0.506013955 0.000000000 0.592302887 0.607280058 0.607769598 0.729835631 0.357051819 0.361776510 0.369511765 0.391335387 0.310793549 0.336595998 0.636359887 0.488369562 0.503075031 0.493676047 0.507130303 0.387922759 0.391606096 0.481193897 0.555903682 0.534791637 0.539050524 0.544923213 0.462544259 0.480434741 0.367105320 0.205197640 0.335114249 0.330436664 0.325923007 0.639543475 0.293548622 0.241627566 0.531220055 0.536554614 0.183689282 0.209046647 0.214663998 0.280555322 0.299400533 0.299689770 0.366092137 0.485404829 0.769996391 
19     0.825091444 0.740697741 0.808972682 0.774271771 0.643042808 0.779371760 1.010535442 0.592302887 0.000000000 0.265898612 0.268543298 0.403956408 0.521784555 0.525511903 0.535264046 0.557287898 0.481554075 0.501986706 0.804419385 0.916817462 0.931641545 0.922097989 0.935739840 0.816706465 0.820259498 0.909218039 0.985514513 0.964797650 0.968653244 0.974929226 0.892109352 0.909528359 0.795457149 0.633381842 0.763228435 0.758715778 0.754202121 1.067986878 0.721669134 0.669910641 0.957906717 0.963235299 0.624529105 0.646987756 0.650521946 0.719114248 0.737868982 0.738122337 0.803740398 0.922834679 1.207496078 
30     0.839403841 0.755010138 0.823285079 0.788584168 0.657362375 0.793691327 1.024873706 0.607280058 0.265898612 0.000000000 0.203610551 0.430434614 0.535697912 0.539425259 0.549189651 0.570584753 0.497051114 0.515815113 0.819085731 0.932248418 0.947072501 0.937528945 0.951181070 0.832166474 0.835700728 0.924466908 1.000607470 0.979890607 0.983746201 0.990022183 0.907202309 0.924621316 0.810331438 0.648256132 0.778102725 0.773590067 0.769076411 1.082861168 0.736543424 0.684784931 0.972622378 0.977950960 0.638895186 0.661335509 0.664866964 0.733462000 0.752216735 0.752470089 0.818436989 0.937531270 1.222192669 
34     0.839893380 0.755499677 0.823774619 0.789073708 0.657851914 0.794180866 1.025363245 0.607769598 0.268543298 0.203610551 0.000000000 0.428152424 0.536016420 0.539743768 0.549499024 0.570877605 0.496528673 0.515158102 0.820152545 0.932794824 0.947618907 0.938075351 0.951727476 0.832712881 0.836247134 0.925013315 1.001153876 0.980437014 0.984292607 0.990568590 0.907748715 0.925167723 0.810877845 0.648802539 0.778649132 0.774136474 0.769622817 1.083407574 0.737089830 0.685331337 0.972700702 0.978029284 0.639232775 0.661782300 0.665313755 0.733908791 0.752663526 0.752916880 0.818818003 0.937912283 1.222504892 
2     0.962618111 0.878224408 0.946499349 0.911798438 0.780576644 0.916905597 1.148031460 0.729835631 0.403956408 0.430434614 0.428152424 0.000000000 0.658530940 0.662258288 0.672011592 0.692966824 0.619794476 0.638908017 0.942340400 1.055048914 1.069872997 1.060329441 1.073981566 0.954966971 0.958501224 1.047267405 1.123407966 1.102691104 1.106546697 1.112822680 1.030002805 1.047090077 0.933111832 0.771036525 0.900883119 0.896370461 0.891856804 1.205661664 0.859323817 0.807565324 1.095503957 1.100832539 0.762079804 0.784531036 0.788065225 0.856657528 0.875412262 0.875665616 0.941244805 1.060339086 1.345000485 
16     0.587669330 0.503275627 0.571550568 0.536849657 0.405641099 0.541948363 0.773070263 0.357051819 0.521784555 0.535697912 0.536016420 0.658530940 0.000000000 0.043743131 0.111562902 0.133170790 0.208458449 0.233977271 0.532523851 0.679959814 0.694783897 0.685240341 0.698793693 0.579893968 0.583313351 0.672087986 0.748437670 0.727622035 0.731477628 0.737753610 0.654991097 0.672504398 0.558159262 0.396032632 0.525879226 0.521366568 0.516852911 0.830637668 0.484371247 0.432612755 0.720600933 0.726055261 0.387420849 0.409207400 0.413895937 0.481358892 0.500101410 0.500354764 0.565809671 0.684914856 0.967740477 
26     0.592394021 0.508000318 0.576275259 0.541574348 0.410365790 0.546673054 0.777794954 0.361776510 0.525511903 0.539425259 0.539743768 0.662258288 0.043743131 0.000000000 0.115914843 0.137802377 0.212651532 0.237999570 0.537137293 0.684675650 0.699499733 0.689956176 0.703509529 0.584609803 0.588029187 0.676792727 0.753153505 0.732337870 0.736193464 0.742469446 0.659706932 0.677220233 0.562875097 0.400748468 0.530595061 0.526082403 0.521568746 0.835353504 0.489087083 0.437328590 0.725316546 0.730770875 0.392154296 0.413998059 0.418717021 0.486118669 0.504860749 0.505114104 0.570534362 0.689639547 0.972465168 
9     0.600102125 0.515708422 0.583983363 0.549282452 0.418073894 0.554408309 0.785530209 0.369511765 0.535264046 0.549189651 0.549499024 0.672011592 0.111562902 0.115914843 0.000000000 0.141712956 0.219930952 0.245623963 0.546077548 0.692598970 0.707423053 0.697879497 0.711432849 0.592517027 0.595952507 0.684719041 0.761076826 0.740261191 0.744116784 0.750392766 0.667630253 0.685143554 0.570795508 0.408668879 0.538515472 0.534002814 0.529489157 0.843273915 0.497007494 0.445249001 0.733009777 0.738464106 0.399636143 0.421723577 0.426442540 0.493840829 0.512582909 0.512836264 0.578388932 0.697494117 0.980319738 
14     0.621971596 0.537577893 0.605852834 0.571151923 0.439924667 0.576231931 0.807372529 0.391335387 0.557287898 0.570584753 0.570877605 0.692966824 0.133170790 0.137802377 0.141712956 0.000000000 0.241228892 0.266738031 0.566810448 0.714300626 0.729124709 0.719581153 0.733134505 0.614234780 0.617654163 0.706369647 0.782778482 0.761962846 0.765818440 0.772094422 0.689331908 0.706845210 0.592479971 0.430353341 0.560199934 0.555687276 0.551173620 0.864978480 0.518691956 0.466933463 0.754841962 0.760296290 0.421728234 0.443566197 0.448285159 0.515686807 0.534428887 0.534682242 0.600103029 0.719208214 1.002033835 
25     0.541430323 0.457036620 0.525311561 0.490610650 0.359382829 0.495684630 0.726810851 0.310793549 0.481554075 0.497051114 0.496528673 0.619794476 0.208458449 0.212651532 0.219930952 0.241228892 0.000000000 0.123421738 0.451804115 0.634017132 0.648841214 0.639297658 0.652760880 0.533935188 0.537370669 0.626179271 0.702453575 0.681619617 0.685475211 0.691769516 0.609030091 0.626501981 0.512114432 0.349987803 0.479834396 0.475321738 0.470808081 0.784592838 0.438252075 0.386235084 0.674298540 0.679752868 0.341285051 0.363382788 0.367942883 0.435363203 0.454007709 0.454261063 0.520029189 0.639398749 0.924125993 
12     0.567252612 0.482858909 0.551133850 0.516432939 0.385185278 0.521507375 0.752633140 0.336595998 0.501986706 0.515815113 0.515158102 0.638908017 0.233977271 0.237999570 0.245623963 0.266738031 0.123421738 0.000000000 0.475141507 0.660548945 0.675373027 0.665829471 0.679382823 0.560467001 0.563902481 0.652711084 0.728985388 0.707728260 0.712007024 0.717878159 0.635138735 0.652159354 0.538819246 0.376692616 0.506539209 0.502026551 0.497512895 0.811297652 0.465031231 0.413272738 0.700270183 0.705724512 0.367222556 0.389077589 0.393637684 0.461064316 0.479806870 0.480060225 0.545884698 0.665254258 0.949981502 
35     0.867903396 0.783509693 0.851784634 0.817083723 0.685826540 0.822158159 1.053261534 0.636359887 0.804419385 0.819085731 0.820152545 0.942340400 0.532523851 0.537137293 0.546077548 0.566810448 0.451804115 0.475141507 0.000000000 0.959905655 0.974729737 0.965186181 0.978739533 0.859823711 0.863259191 0.952086957 1.028128830 1.007313195 1.011168789 1.017444771 0.934555424 0.951627220 0.838403588 0.676276958 0.806123551 0.801610893 0.797097237 1.110881994 0.764615573 0.712857080 1.000281126 1.005735454 0.667526253 0.689556340 0.694559960 0.761517961 0.779708798 0.779962152 0.845142380 0.965186344 1.250082811 
36     0.718657180 0.634157160 0.702500562 0.668016962 0.536672848 0.673218387 0.904046020 0.488369562 0.916817462 0.932248418 0.932794824 1.055048914 0.679959814 0.684675650 0.692598970 0.714300626 0.634017132 0.660548945 0.959905655 0.000000000 0.232695274 0.214867211 0.368475377 0.247730351 0.250364621 0.520389927 0.624132500 0.608209461 0.610592727 0.617896857 0.531426359 0.544138605 0.640958800 0.478804637 0.607877576 0.603309649 0.598780110 0.912776278 0.566516891 0.514490630 0.856743943 0.862150986 0.519190786 0.543325210 0.549604022 0.616222403 0.635171157 0.635465229 0.700814328 0.820099420 1.105254583 
5     0.733362649 0.648862629 0.717206031 0.682722431 0.551378317 0.687923855 0.918751489 0.503075031 0.931641545 0.947072501 0.947618907 1.069872997 0.694783897 0.699499733 0.707423053 0.729124709 0.648841214 0.675373027 0.974729737 0.232695274 0.000000000 0.193829273 0.384208491 0.262883942 0.264001231 0.534037928 0.638023748 0.622114292 0.624497558 0.631801689 0.547862174 0.560532425 0.655388386 0.493239773 0.622312668 0.617744742 0.613215203 0.927211371 0.580946478 0.528920216 0.871360017 0.876767060 0.533951481 0.558154487 0.564364717 0.630983099 0.649931853 0.650225924 0.715575023 0.834860116 1.120015278 
15     0.723963665 0.639463645 0.707807047 0.673323447 0.541979333 0.678524871 0.909352505 0.493676047 0.922097989 0.937528945 0.938075351 1.060329441 0.685240341 0.689956176 0.697879497 0.719581153 0.639297658 0.665829471 0.965186181 0.214867211 0.193829273 0.000000000 0.374260845 0.252565269 0.254357215 0.526109146 0.628705933 0.612796477 0.615179743 0.622483874 0.536581018 0.549317079 0.646231582 0.484082968 0.613155864 0.608587937 0.604058398 0.918054566 0.571789673 0.519763411 0.862084676 0.867491719 0.524531519 0.548734525 0.554944755 0.621563137 0.640511891 0.640805962 0.706155061 0.825440154 1.110595316 
44     0.737417921 0.652917902 0.721261304 0.686777704 0.555433590 0.691979128 0.922806762 0.507130303 0.935739840 0.951181070 0.951727476 1.073981566 0.698793693 0.703509529 0.711432849 0.733134505 0.652760880 0.679382823 0.978739533 0.368475377 0.384208491 0.374260845 0.000000000 0.255682107 0.261486268 0.536857307 0.647184489 0.629778210 0.632161476 0.639465606 0.552942649 0.565777298 0.659457058 0.497569316 0.626775271 0.622206077 0.617676538 0.931672706 0.585355662 0.532990155 0.875640963 0.881048006 0.538010766 0.562140384 0.568340005 0.634958387 0.654083978 0.654378050 0.717681175 0.838427574 1.123912350 
1     0.618220951 0.533720932 0.602026669 0.567506454 0.436245400 0.572813078 0.803635494 0.387922759 0.816706465 0.832166474 0.832712881 0.954966971 0.579893968 0.584609803 0.592517027 0.614234780 0.533935188 0.560467001 0.859823711 0.247730351 0.262883942 0.252565269 0.255682107 0.000000000 0.109684737 0.417545638 0.524033051 0.508430705 0.510813972 0.518155826 0.433738787 0.446285938 0.540435667 0.378514162 0.507585312 0.503016118 0.498486579 0.812484535 0.466195687 0.413968764 0.756417054 0.761824097 0.418621017 0.443034964 0.449230606 0.515848987 0.534865719 0.535159791 0.600453738 0.719738830 1.004893993 
10     0.621867856 0.537367837 0.605673574 0.571153358 0.439892304 0.576454365 0.807282555 0.391606096 0.820259498 0.835700728 0.836247134 0.958501224 0.583313351 0.588029187 0.595952507 0.617654163 0.537370669 0.563902481 0.863259191 0.250364621 0.264001231 0.254357215 0.261486268 0.109684737 0.000000000 0.420949205 0.528376334 0.511270044 0.513653311 0.520995165 0.438789173 0.451201143 0.543437216 0.381515710 0.510586860 0.506017666 0.501488127 0.815486084 0.469188200 0.416970313 0.759873543 0.765280586 0.422561320 0.446722307 0.452975926 0.519594308 0.538663422 0.538957493 0.604145927 0.723431019 1.008586181 
6     0.711412708 0.626912689 0.695256091 0.660754063 0.529417190 0.665973915 0.896873084 0.481193897 0.909218039 0.924466908 0.925013315 1.047267405 0.672087986 0.676792727 0.684719041 0.706369647 0.626179271 0.652711084 0.952086957 0.520389927 0.534037928 0.526109146 0.536857307 0.417545638 0.420949205 0.000000000 0.621134032 0.601898591 0.604326394 0.613169765 0.531838206 0.550108296 0.631937572 0.470887085 0.599983474 0.595432725 0.590903186 0.904939421 0.558046817 0.505678121 0.849672863 0.855079906 0.510736231 0.536006584 0.542062189 0.608671124 0.627472306 0.627766378 0.693444638 0.812710528 1.097806609 
4     0.786254684 0.701754665 0.770098067 0.735614466 0.604248967 0.740794504 0.971584850 0.555903682 0.985514513 1.000607470 1.001153876 1.123407966 0.748437670 0.753153505 0.761076826 0.782778482 0.702453575 0.728985388 1.028128830 0.624132500 0.638023748 0.628705933 0.647184489 0.524033051 0.528376334 0.621134032 0.000000000 0.233639889 0.232385213 0.241053179 0.400400027 0.423237628 0.707533009 0.546482012 0.675302038 0.670905725 0.666376187 0.980413214 0.633513491 0.581304393 0.924784662 0.930191705 0.585874718 0.611221804 0.617136033 0.683809453 0.702257266 0.702551338 0.768213734 0.887479624 1.172637303 
17     0.765142639 0.680642620 0.748986022 0.714502422 0.583136922 0.719682459 0.950472805 0.534791637 0.964797650 0.979890607 0.980437014 1.102691104 0.727622035 0.732337870 0.740261191 0.761962846 0.681619617 0.707728260 1.007313195 0.608209461 0.622114292 0.612796477 0.629778210 0.508430705 0.511270044 0.601898591 0.233639889 0.000000000 0.132717045 0.141254185 0.380265238 0.404194435 0.686664096 0.525613099 0.654462446 0.650066134 0.645536595 0.959573623 0.612573004 0.560559726 0.903666183 0.909073226 0.564742768 0.590101056 0.596015285 0.662688705 0.681048100 0.681342172 0.747060443 0.866326333 1.151484012 
13     0.769401527 0.684901507 0.753244909 0.718761309 0.587395809 0.723941347 0.954731693 0.539050524 0.968653244 0.983746201 0.984292607 1.106546697 0.731477628 0.736193464 0.744116784 0.765818440 0.685475211 0.712007024 1.011168789 0.610592727 0.624497558 0.615179743 0.632161476 0.510813972 0.513653311 0.604326394 0.232385213 0.132717045 0.000000000 0.118614103 0.384584456 0.407233030 0.690510166 0.529459169 0.658401045 0.654004733 0.649475194 0.963512222 0.616511603 0.564498325 0.907933152 0.913340195 0.569001655 0.594359943 0.600274173 0.666947592 0.685385573 0.685679645 0.751316575 0.870582466 1.155740145 
45     0.775274215 0.690774196 0.759117598 0.724633997 0.593268498 0.729814035 0.960604381 0.544923213 0.974929226 0.990022183 0.990568590 1.112822680 0.737753610 0.742469446 0.750392766 0.772094422 0.691769516 0.717878159 1.017444771 0.617896857 0.631801689 0.622483874 0.639465606 0.518155826 0.520995165 0.613169765 0.241053179 0.141254185 0.118614103 0.000000000 0.393399565 0.414416751 0.696750612 0.535699615 0.664641491 0.660245178 0.655715639 0.969752667 0.622752049 0.570738770 0.913797759 0.919204801 0.574874344 0.600232631 0.606146861 0.672820281 0.691258262 0.691552334 0.757192019 0.876457909 1.161615588 
8     0.692890550 0.608390531 0.676733933 0.642250332 0.510884833 0.647430370 0.878220716 0.462544259 0.892109352 0.907202309 0.907748715 1.030002805 0.654991097 0.659706932 0.667630253 0.689331908 0.609030091 0.635138735 0.934555424 0.531426359 0.547862174 0.536581018 0.552942649 0.433738787 0.438789173 0.531838206 0.400400027 0.380265238 0.384584456 0.393399565 0.000000000 0.239609740 0.614512981 0.453329150 0.582442519 0.577874714 0.573345175 0.887382202 0.540658587 0.488537442 0.831319124 0.836726167 0.492193866 0.517620511 0.523534741 0.590202451 0.609156357 0.609450429 0.674591771 0.793857662 1.079009696 
22     0.710725614 0.626225595 0.694568997 0.660085396 0.528719897 0.665265434 0.896111198 0.480434741 0.909528359 0.924621316 0.925167723 1.047090077 0.672504398 0.677220233 0.685143554 0.706845210 0.626501981 0.652159354 0.951627220 0.544138605 0.560532425 0.549317079 0.565777298 0.446285938 0.451201143 0.550108296 0.423237628 0.404194435 0.407233030 0.414416751 0.239609740 0.000000000 0.632500241 0.471324493 0.600424230 0.595856424 0.591326885 0.905373227 0.558655160 0.506534015 0.849023267 0.854430310 0.510046872 0.535397795 0.541312024 0.607979735 0.626564196 0.626858268 0.692034970 0.810790957 1.096697284 
27     0.597637018 0.513150155 0.581480400 0.547038493 0.415607970 0.552135313 0.783098121 0.367105320 0.795457149 0.810331438 0.810877845 0.933111832 0.558159262 0.562875097 0.570795508 0.592479971 0.512114432 0.538819246 0.838403588 0.640958800 0.655388386 0.646231582 0.659457058 0.540435667 0.543437216 0.631937572 0.707533009 0.686664096 0.690510166 0.696750612 0.614512981 0.632500241 0.000000000 0.234577238 0.399500187 0.394479618 0.389867638 0.703534795 0.356870235 0.303334016 0.733936474 0.739265056 0.398612585 0.423677484 0.429242985 0.495406213 0.514159785 0.514453857 0.579451502 0.698632707 0.983348136 
29     0.435729338 0.351191718 0.419572720 0.385130813 0.253700290 0.390227634 0.621190441 0.205197640 0.633381842 0.648256132 0.648802539 0.771036525 0.396032632 0.400748468 0.408668879 0.430353341 0.349987803 0.376692616 0.676276958 0.478804637 0.493239773 0.484082968 0.497569316 0.378514162 0.381515710 0.470887085 0.546482012 0.525613099 0.529459169 0.535699615 0.453329150 0.471324493 0.234577238 0.000000000 0.236223723 0.231143295 0.226577739 0.539990646 0.194213355 0.141405773 0.571909343 0.577237925 0.236552411 0.261617311 0.267182812 0.333365604 0.352099611 0.352393683 0.417291754 0.536472959 0.821188388 
48     0.565701310 0.481163691 0.549544693 0.515102785 0.383672263 0.520067544 0.751118681 0.335114249 0.763228435 0.778102725 0.778649132 0.900883119 0.525879226 0.530595061 0.538515472 0.560199934 0.479834396 0.506539209 0.806123551 0.607877576 0.622312668 0.613155864 0.626775271 0.507585312 0.510586860 0.599983474 0.675302038 0.654462446 0.658401045 0.664641491 0.582442519 0.600424230 0.399500187 0.236223723 0.000000000 0.200046543 0.195665390 0.642160666 0.323645783 0.272142486 0.702199581 0.707528163 0.366578088 0.391700936 0.397266437 0.463425951 0.482150319 0.482444390 0.547419634 0.666600839 0.951316268 
43     0.560968362 0.476374696 0.544811744 0.510369837 0.378939314 0.515334596 0.746441096 0.330436664 0.758715778 0.773590067 0.774136474 0.896370461 0.521366568 0.526082403 0.534002814 0.555687276 0.475321738 0.502026551 0.801610893 0.603309649 0.617744742 0.608587937 0.622206077 0.503016118 0.506017666 0.595432725 0.670905725 0.650066134 0.654004733 0.660245178 0.577874714 0.595856424 0.394479618 0.231143295 0.200046543 0.000000000 0.101938338 0.636613495 0.319387123 0.267763286 0.697579710 0.702908292 0.361569487 0.386805488 0.392370989 0.458511835 0.477236202 0.477530274 0.542576849 0.661758054 0.946623612 
21     0.556454705 0.471861040 0.540298088 0.505856180 0.374425657 0.510820939 0.741927439 0.325923007 0.754202121 0.769076411 0.769622817 0.891856804 0.516852911 0.521568746 0.529489157 0.551173620 0.470808081 0.497512895 0.797097237 0.598780110 0.613215203 0.604058398 0.617676538 0.498486579 0.501488127 0.590903186 0.666376187 0.645536595 0.649475194 0.655715639 0.573345175 0.591326885 0.389867638 0.226577739 0.195665390 0.101938338 0.000000000 0.632190961 0.314924970 0.263222526 0.693066053 0.698394635 0.357055831 0.382291831 0.387857332 0.453998178 0.472722545 0.473016617 0.538063192 0.657244397 0.942109955 
28     0.870075172 0.785537553 0.853918555 0.819476647 0.688046125 0.824441407 1.055547907 0.639543475 1.067986878 1.082861168 1.083407574 1.205661664 0.830637668 0.835353504 0.843273915 0.864978480 0.784592838 0.811297652 1.110881994 0.912776278 0.927211371 0.918054566 0.931672706 0.812484535 0.815486084 0.904939421 0.980413214 0.959573623 0.963512222 0.969752667 0.887382202 0.905373227 0.703534795 0.539990646 0.642160666 0.636613495 0.632190961 0.000000000 0.629368742 0.578319634 1.006659210 1.011987792 0.671235234 0.696320379 0.701885880 0.768054487 0.786672715 0.786966787 0.851967875 0.971149079 1.255864509 
31     0.524135683 0.439602706 0.507979065 0.473495465 0.342064942 0.478633979 0.708054855 0.293548622 0.721669134 0.736543424 0.737089830 0.859323817 0.484371247 0.489087083 0.497007494 0.518691956 0.438252075 0.465031231 0.764615573 0.566516891 0.580946478 0.571789673 0.585355662 0.466195687 0.469188200 0.558046817 0.633513491 0.612573004 0.616511603 0.622752049 0.540658587 0.558655160 0.356870235 0.194213355 0.323645783 0.319387123 0.314924970 0.629368742 0.000000000 0.150512230 0.660404305 0.665732887 0.324758233 0.349875484 0.355440985 0.421634421 0.440368428 0.440662500 0.505750417 0.624931622 0.909647051 
41     0.472214627 0.387681650 0.456058009 0.421574409 0.290143886 0.426712922 0.657620367 0.241627566 0.669910641 0.684784931 0.685331337 0.807565324 0.432612755 0.437328590 0.445249001 0.466933463 0.386235084 0.413272738 0.712857080 0.514490630 0.528920216 0.519763411 0.532990155 0.413968764 0.416970313 0.505678121 0.581304393 0.560559726 0.564498325 0.570738770 0.488537442 0.506534015 0.303334016 0.141405773 0.272142486 0.267763286 0.263222526 0.578319634 0.150512230 0.000000000 0.608417378 0.613745960 0.272894616 0.298005145 0.303570646 0.369736873 0.388490444 0.388784516 0.453913930 0.573095135 0.857810564 
46     0.762005262 0.677577391 0.745793260 0.711080839 0.579900389 0.716305070 0.947862723 0.531220055 0.957906717 0.972622378 0.972700702 1.095503957 0.720600933 0.725316546 0.733009777 0.754841962 0.674298540 0.700270183 1.000281126 0.856743943 0.871360017 0.862084676 0.875640963 0.756417054 0.759873543 0.849672863 0.924784662 0.903666183 0.907933152 0.913797759 0.831319124 0.849023267 0.733936474 0.571909343 0.702199581 0.697579710 0.693066053 1.006659210 0.660404305 0.608417378 0.000000000 0.345016674 0.561433942 0.585684497 0.591061145 0.656301648 0.676814641 0.677067947 0.742574352 0.861675851 1.146864692 
39     0.767339821 0.682911950 0.751127818 0.716415398 0.585234947 0.721639629 0.953197282 0.536554614 0.963235299 0.977950960 0.978029284 1.100832539 0.726055261 0.730770875 0.738464106 0.760296290 0.679752868 0.705724512 1.005735454 0.862150986 0.876767060 0.867491719 0.881048006 0.761824097 0.765280586 0.855079906 0.930191705 0.909073226 0.913340195 0.919204801 0.836726167 0.854430310 0.739265056 0.577237925 0.707528163 0.702908292 0.698394635 1.011987792 0.665732887 0.613745960 0.345016674 0.000000000 0.566833210 0.591083765 0.596460413 0.661700916 0.682213909 0.682467215 0.747942229 0.867043729 1.152232570 
3     0.414887541 0.330628691 0.398863610 0.364396816 0.233140485 0.369447428 0.599487023 0.183689282 0.624529105 0.638895186 0.639232775 0.762079804 0.387420849 0.392154296 0.399636143 0.421728234 0.341285051 0.367222556 0.667526253 0.519190786 0.533951481 0.524531519 0.538010766 0.418621017 0.422561320 0.510736231 0.585874718 0.564742768 0.569001655 0.574874344 0.492193866 0.510046872 0.398612585 0.236552411 0.366578088 0.361569487 0.357055831 0.671235234 0.324758233 0.272894616 0.561433942 0.566833210 0.000000000 0.216306849 0.221931719 0.288587774 0.307745711 0.308055240 0.389589857 0.508940461 0.794725172 
33     0.439998034 0.355739184 0.423974103 0.389519262 0.258033921 0.394467742 0.625134797 0.209046647 0.646987756 0.661335509 0.661782300 0.784531036 0.409207400 0.413998059 0.421723577 0.443566197 0.363382788 0.389077589 0.689556340 0.543325210 0.558154487 0.548734525 0.562140384 0.443034964 0.446722307 0.536006584 0.611221804 0.590101056 0.594359943 0.600232631 0.517620511 0.535397795 0.423677484 0.261617311 0.391700936 0.386805488 0.382291831 0.696320379 0.349875484 0.298005145 0.585684497 0.591083765 0.216306849 0.000000000 0.098546158 0.268300354 0.287546911 0.287876012 0.413227160 0.532698254 0.818199781 
20     0.445615385 0.361356535 0.429591454 0.395136614 0.263660041 0.400085093 0.630752149 0.214663998 0.650521946 0.664866964 0.665313755 0.788065225 0.413895937 0.418717021 0.426442540 0.448285159 0.367942883 0.393637684 0.694559960 0.549604022 0.564364717 0.554944755 0.568340005 0.449230606 0.452975926 0.542062189 0.617136033 0.596015285 0.600274173 0.606146861 0.523534741 0.541312024 0.429242985 0.267182812 0.397266437 0.392370989 0.387857332 0.701885880 0.355440985 0.303570646 0.591061145 0.596460413 0.221931719 0.098546158 0.000000000 0.273562443 0.293053751 0.293382852 0.418844950 0.538316044 0.823951902 
32     0.511751739 0.427492890 0.495594009 0.461166738 0.329870978 0.466223007 0.696643858 0.280555322 0.719114248 0.733462000 0.733908791 0.856657528 0.481358892 0.486118669 0.493840829 0.515686807 0.435363203 0.461064316 0.761517961 0.616222403 0.630983099 0.621563137 0.634958387 0.515848987 0.519594308 0.608671124 0.683809453 0.662688705 0.666947592 0.672820281 0.590202451 0.607979735 0.495406213 0.333365604 0.463425951 0.458511835 0.453998178 0.768054487 0.421634421 0.369736873 0.656301648 0.661700916 0.288587774 0.268300354 0.273562443 0.000000000 0.336330213 0.336812248 0.484913562 0.604309005 0.889975964 
11     0.530673108 0.446414258 0.514649177 0.480195011 0.348752182 0.485155506 0.715507554 0.299400533 0.737868982 0.752216735 0.752663526 0.875412262 0.500101410 0.504860749 0.512582909 0.534428887 0.454007709 0.479806870 0.779708798 0.635171157 0.649931853 0.640511891 0.654083978 0.534865719 0.538663422 0.627472306 0.702257266 0.681048100 0.685385573 0.691258262 0.609156357 0.626564196 0.514159785 0.352099611 0.482150319 0.477236202 0.472722545 0.786672715 0.440368428 0.388490444 0.676814641 0.682213909 0.307745711 0.287546911 0.293053751 0.336330213 0.000000000 0.057266616 0.504052988 0.623448431 0.908945806 
42     0.530962345 0.446703495 0.514938414 0.480484249 0.349041419 0.485444743 0.715796791 0.299689770 0.738122337 0.752470089 0.752916880 0.875665616 0.500354764 0.505114104 0.512836264 0.534682242 0.454261063 0.480060225 0.779962152 0.635465229 0.650225924 0.640805962 0.654378050 0.535159791 0.538957493 0.627766378 0.702551338 0.681342172 0.685679645 0.691552334 0.609450429 0.626858268 0.514453857 0.352393683 0.482444390 0.477530274 0.473016617 0.786966787 0.440662500 0.388784516 0.677067947 0.682467215 0.308055240 0.287876012 0.293382852 0.336812248 0.057266616 0.000000000 0.504324964 0.623720407 0.909217782 
50     0.596731186 0.512923440 0.581042846 0.546578981 0.415343911 0.551732391 0.782548599 0.366092137 0.803740398 0.818436989 0.818818003 0.941244805 0.565809671 0.570534362 0.578388932 0.600103029 0.520029189 0.545884698 0.845142380 0.700814328 0.715575023 0.706155061 0.717681175 0.600453738 0.604145927 0.693444638 0.768213734 0.747060443 0.751316575 0.757192019 0.674591771 0.692034970 0.579451502 0.417291754 0.547419634 0.542576849 0.538063192 0.851967875 0.505750417 0.453913930 0.742574352 0.747942229 0.389589857 0.413227160 0.418844950 0.484913562 0.504052988 0.504324964 0.000000000 0.424571500 0.873563131 
49     0.714749793 0.632236132 0.700416786 0.665891672 0.534656602 0.671045083 0.901861291 0.485404829 0.922834679 0.937531270 0.937912283 1.060339086 0.684914856 0.689639547 0.697494117 0.719208214 0.639398749 0.665254258 0.965186344 0.820099420 0.834860116 0.825440154 0.838427574 0.719738830 0.723431019 0.812710528 0.887479624 0.866326333 0.870582466 0.876457909 0.793857662 0.810790957 0.698632707 0.536472959 0.666600839 0.661758054 0.657244397 0.971149079 0.624931622 0.573095135 0.861675851 0.867043729 0.508940461 0.532698254 0.538316044 0.604309005 0.623448431 0.623720407 0.424571500 0.000000000 0.992979093 
0     1.001092655 0.916942018 0.985141154 0.950597558 0.819361353 0.955749834 1.186448175 0.769996391 1.207496078 1.222192669 1.222504892 1.345000485 0.967740477 0.972465168 0.980319738 1.002033835 0.924125993 0.949981502 1.250082811 1.105254583 1.120015278 1.110595316 1.123912350 1.004893993 1.008586181 1.097806609 1.172637303 1.151484012 1.155740145 1.161615588 1.079009696 1.096697284 0.983348136 0.821188388 0.951316268 0.946623612 0.942109955 1.255864509 0.909647051 0.857810564 1.146864692 1.152232570 0.794725172 0.818199781 0.823951902 0.889975964 0.908945806 0.909217782 0.873563131 0.992979093 0.000000000 
