51
6     0.000000000 0.046954963 0.049991945 0.049342191 0.146188419 0.137430907 0.229351674 0.188925214 0.103133858 0.168442191 0.161369900 0.184299631 0.133185584 0.137770124 0.142904487 0.144522125 0.144736248 0.141142201 0.140286621 0.118140036 0.130232892 0.123026038 0.137159711 0.137295840 0.138582187 0.148987631 0.138446986 0.135654800 0.174825548 0.138443836 0.132706724 0.136417721 0.151559158 0.149723573 0.151158556 0.121121717 0.121558005 0.145898865 0.136123275 0.139595604 0.139274548 0.166054157 0.142037637 0.148993818 0.159456390 0.150309595 0.138657202 0.138634585 0.141747301 0.110966938 0.162385616 
8     0.046954963 0.000000000 0.012143610 0.012012910 0.124270324 0.115465726 0.207425301 0.166983895 0.081131735 0.146415191 0.139342900 0.162272631 0.111158584 0.115743124 0.120871686 0.122489324 0.122703447 0.119109400 0.118253820 0.096146974 0.108180432 0.100973578 0.115104967 0.115308578 0.116594926 0.127000369 0.116459725 0.113667539 0.152838287 0.116456574 0.110719463 0.114430459 0.129513960 0.127678375 0.129113358 0.099108383 0.099544671 0.123909720 0.114134130 0.117601662 0.117280605 0.144060215 0.120043695 0.127004673 0.137467245 0.128320450 0.116668057 0.116645440 0.119758156 0.088977793 0.140402560 
5     0.049991945 0.012143610 0.000000000 0.013473014 0.127571664 0.118767066 0.210726640 0.170285235 0.084433075 0.149716530 0.142644240 0.165573970 0.114459924 0.119044464 0.124173026 0.125790664 0.126004787 0.122410739 0.121555160 0.099448314 0.111481772 0.104274918 0.118406307 0.118609918 0.119896266 0.130301709 0.119761064 0.116968878 0.156139626 0.119757914 0.114020803 0.117731799 0.132815300 0.130979715 0.132414698 0.102409723 0.102846011 0.127211060 0.117435470 0.120903001 0.120581945 0.147361555 0.123345034 0.130306013 0.140768585 0.131621790 0.119969397 0.119946780 0.123059496 0.092279133 0.143703900 
1     0.049342191 0.012012910 0.013473014 0.000000000 0.126481823 0.117675246 0.209630987 0.169191689 0.083342577 0.148626033 0.141553742 0.164483472 0.113369426 0.117953966 0.123082528 0.124700166 0.124914289 0.121320242 0.120464662 0.098357816 0.110391274 0.103184420 0.117315809 0.117519420 0.118805768 0.129211211 0.118670567 0.115878380 0.155049128 0.118667416 0.112930305 0.116641301 0.131724802 0.129889217 0.131324200 0.101319225 0.101755513 0.126120562 0.116344972 0.119812504 0.119491447 0.146271057 0.122254536 0.129215515 0.139678087 0.130531292 0.118878899 0.118856282 0.121968998 0.091188635 0.142613402 
4     0.146188419 0.124270324 0.127571664 0.126481823 0.000000000 0.143000247 0.234918012 0.194250623 0.108257633 0.173487987 0.166415696 0.189345427 0.138209115 0.142793654 0.147944996 0.149562634 0.149776758 0.146182710 0.145339597 0.123108616 0.135245486 0.128038632 0.142172304 0.142469978 0.143714612 0.154066023 0.143579411 0.140787225 0.179618921 0.143555454 0.137818343 0.141529339 0.156710855 0.154875271 0.156310254 0.126307596 0.126743885 0.151099426 0.141324000 0.144791061 0.144471921 0.171251530 0.147235010 0.154173349 0.164635920 0.155489125 0.143843765 0.143821148 0.146933864 0.115934600 0.167520187 
2     0.137430907 0.115465726 0.118767066 0.117675246 0.143000247 0.000000000 0.221769211 0.180970733 0.095138300 0.160403940 0.153331650 0.176261380 0.125155479 0.129738936 0.134767763 0.136385401 0.136599524 0.133091124 0.132250190 0.110088140 0.122180589 0.114973735 0.129107408 0.129272348 0.130530851 0.140937302 0.130395649 0.127603463 0.166782606 0.130392381 0.124660225 0.128371221 0.143677193 0.141811693 0.143246676 0.113271145 0.113707434 0.137908646 0.128128101 0.131587617 0.131290375 0.158069985 0.134053464 0.140989686 0.151452258 0.142305463 0.130662953 0.130640336 0.133753052 0.102922561 0.154338204 
3     0.229351674 0.207425301 0.210726640 0.209630987 0.234918012 0.221769211 0.000000000 0.246811315 0.185000132 0.250261551 0.243189260 0.266118991 0.215049617 0.219634157 0.224761523 0.226379161 0.226593285 0.223001427 0.222145847 0.200019943 0.212094131 0.204887277 0.219020949 0.219149421 0.220410535 0.230824224 0.220275333 0.217483147 0.256660055 0.220273888 0.214541732 0.218252728 0.233443244 0.231608872 0.233043855 0.203076286 0.203512574 0.227720579 0.217940035 0.221399221 0.221031030 0.247810639 0.223794119 0.230742800 0.241205372 0.232058576 0.220440581 0.220417963 0.223530679 0.192802278 0.244179427 
7     0.188925214 0.166983895 0.170285235 0.169191689 0.194250623 0.180970733 0.246811315 0.000000000 0.144140839 0.209360137 0.202287846 0.225217577 0.174146085 0.178730625 0.183881168 0.185498806 0.185712930 0.182121072 0.181265492 0.159140524 0.171191304 0.163984450 0.178118123 0.178334489 0.179612853 0.190026543 0.179477652 0.176685466 0.215845123 0.179458956 0.173726800 0.177437796 0.192487726 0.190653354 0.192088336 0.162187361 0.162623650 0.186839416 0.177058871 0.180477471 0.180141642 0.206882928 0.182904731 0.189848145 0.200310717 0.191163921 0.179545926 0.179523308 0.182636024 0.151903575 0.203397877 
11     0.103133858 0.081131735 0.084433075 0.083342577 0.108257633 0.095138300 0.185000132 0.144140839 0.000000000 0.099830328 0.092761516 0.115706002 0.064299103 0.068919144 0.074344644 0.075962281 0.076176405 0.072557279 0.071644546 0.049657465 0.061519968 0.054317171 0.068446787 0.073078708 0.074340334 0.084744175 0.074191294 0.071399108 0.110510400 0.074164262 0.068364489 0.072075486 0.087571261 0.085760662 0.087196545 0.057294354 0.057730643 0.082120483 0.072347539 0.075894027 0.075616708 0.102396222 0.078386964 0.085236069 0.095708848 0.086562053 0.074912432 0.074889815 0.078002531 0.047249640 0.105445139 
47     0.168442191 0.146415191 0.149716530 0.148626033 0.173487987 0.160403940 0.250261551 0.209360137 0.099830328 0.000000000 0.035186616 0.081632902 0.102337979 0.106834601 0.111810858 0.113312316 0.113642619 0.109830612 0.109078561 0.088617866 0.105593422 0.098217344 0.112506814 0.138522424 0.139762207 0.150207021 0.139665852 0.136873666 0.175997683 0.139656834 0.133866060 0.137577057 0.153068143 0.151257024 0.152692907 0.122500928 0.122937216 0.147532147 0.137766544 0.141465112 0.141074122 0.167718175 0.143844378 0.150681150 0.161125609 0.152003269 0.140379510 0.140356893 0.143469609 0.112459797 0.170738556 
32     0.161369900 0.139342900 0.142644240 0.141553742 0.166415696 0.153331650 0.243189260 0.202287846 0.092761516 0.035186616 0.000000000 0.074654155 0.095287609 0.099784231 0.104675485 0.106176943 0.106507246 0.102742645 0.101990594 0.081395961 0.098591746 0.091215668 0.105505138 0.131450133 0.132689916 0.143134730 0.132593562 0.129801376 0.168925392 0.132584543 0.126793770 0.130504766 0.145996572 0.144185453 0.145621336 0.115429357 0.115865645 0.140459857 0.130694254 0.134392821 0.134001832 0.160645885 0.136772088 0.143608860 0.154053318 0.144930979 0.133307219 0.133284602 0.136397318 0.105385074 0.163666266 
35     0.184299631 0.162272631 0.165573970 0.164483472 0.189345427 0.176261380 0.266118991 0.225217577 0.115706002 0.081632902 0.074654155 0.000000000 0.118382938 0.122879560 0.127507799 0.129009257 0.129339561 0.125578596 0.124822908 0.104486610 0.121378439 0.114002362 0.128291831 0.154400059 0.155639843 0.166084656 0.155543488 0.152751302 0.191875318 0.155534469 0.149743696 0.153454692 0.168916793 0.167105674 0.168541557 0.138341855 0.138778144 0.163404510 0.153638907 0.157336839 0.156945850 0.183556286 0.159716106 0.166530035 0.176974494 0.167852154 0.156213329 0.156199759 0.159312475 0.128337432 0.186605021 
33     0.133185584 0.111158584 0.114459924 0.113369426 0.138209115 0.125155479 0.215049617 0.174146085 0.064299103 0.102337979 0.095287609 0.118382938 0.000000000 0.011873628 0.071254771 0.072713111 0.073086532 0.069575776 0.068840064 0.047446561 0.069714425 0.062362678 0.076621045 0.103012934 0.104293214 0.114731315 0.104190147 0.101397961 0.140501598 0.104167004 0.098376230 0.102087227 0.117687605 0.115876241 0.117312125 0.087141081 0.087577370 0.111954989 0.102121495 0.105907815 0.105466274 0.132121051 0.108236530 0.115047801 0.125343418 0.116369920 0.104753682 0.104731065 0.107843781 0.076967002 0.135426436 
15     0.137770124 0.115743124 0.119044464 0.117953966 0.142793654 0.129738936 0.219634157 0.178730625 0.068919144 0.106834601 0.099784231 0.122879560 0.011873628 0.000000000 0.075749968 0.077208308 0.077581729 0.074088851 0.073353139 0.051933782 0.074225140 0.066873392 0.081131759 0.107585565 0.108860213 0.119298314 0.108757146 0.105964960 0.145068598 0.108734003 0.102943229 0.106654226 0.122314399 0.120503036 0.121938919 0.091767876 0.092204164 0.116645085 0.106871889 0.110529831 0.110088290 0.136743067 0.112858546 0.119669818 0.129963881 0.120991937 0.109375699 0.109353081 0.112465797 0.081589019 0.140021353 
13     0.142904487 0.120871686 0.124173026 0.123082528 0.147944996 0.134767763 0.224761523 0.183881168 0.074344644 0.111810858 0.104675485 0.127507799 0.071254771 0.075749968 0.000000000 0.016596895 0.016417277 0.046195429 0.045848238 0.057301147 0.079853502 0.072576419 0.086785322 0.112767987 0.114033754 0.124471855 0.113930687 0.111138501 0.150172089 0.113896912 0.108106138 0.111817135 0.127529845 0.125718482 0.127154365 0.097075218 0.097511506 0.121843533 0.112077929 0.115783835 0.115353124 0.142032886 0.118123380 0.124880629 0.135319417 0.126202748 0.114576794 0.114554177 0.117666893 0.086828044 0.145213245 
30     0.144522125 0.122489324 0.125790664 0.124700166 0.149562634 0.136385401 0.226379161 0.185498806 0.075962281 0.113312316 0.106176943 0.129009257 0.072713111 0.077208308 0.016596895 0.000000000 0.011329564 0.047903174 0.047462614 0.058923809 0.081471140 0.074194057 0.088402959 0.114385624 0.115651391 0.126089493 0.115548324 0.112756138 0.151789726 0.115514550 0.109723776 0.113434773 0.129147483 0.127336120 0.128772003 0.098692855 0.099129144 0.123461170 0.113695567 0.117401473 0.116970762 0.143650524 0.119741018 0.126498266 0.136937054 0.127820386 0.116194431 0.116171814 0.119284530 0.088445682 0.146830883 
29     0.144736248 0.122703447 0.126004787 0.124914289 0.149776758 0.136599524 0.226593285 0.185712930 0.076176405 0.113642619 0.106507246 0.129339561 0.073086532 0.077581729 0.016417277 0.011329564 0.000000000 0.048048435 0.047678725 0.059132908 0.081685263 0.074408180 0.088617083 0.114599748 0.115865515 0.126303616 0.115762448 0.112970262 0.152003850 0.115728673 0.109937900 0.113648896 0.129361606 0.127550243 0.128986126 0.098906979 0.099343268 0.123675294 0.113909691 0.117615596 0.117184885 0.143864647 0.119955141 0.126712390 0.137151178 0.128034509 0.116408555 0.116385938 0.119498654 0.088659805 0.147045007 
28     0.141142201 0.119109400 0.122410739 0.121320242 0.146182710 0.133091124 0.223001427 0.182121072 0.072557279 0.109830612 0.102742645 0.125578596 0.069575776 0.074088851 0.046195429 0.047903174 0.048048435 0.000000000 0.043484385 0.055640807 0.077734809 0.070457726 0.084666629 0.110973814 0.112249447 0.122687548 0.112146380 0.109354194 0.148323652 0.112125375 0.106334602 0.110045598 0.125668812 0.123857449 0.125293332 0.095158476 0.095594764 0.119996141 0.110230538 0.114120245 0.113687454 0.140373627 0.116457710 0.123188984 0.133648485 0.124531816 0.112907532 0.112884914 0.115997630 0.085148263 0.143439099 
41     0.140286621 0.118253820 0.121555160 0.120464662 0.145339597 0.132250190 0.222145847 0.181265492 0.071644546 0.109078561 0.101990594 0.124822908 0.068840064 0.073353139 0.045848238 0.047462614 0.047678725 0.043484385 0.000000000 0.054876449 0.076864996 0.069587913 0.083796816 0.110307073 0.111572983 0.122011084 0.111469916 0.108677730 0.147711318 0.111436142 0.105645368 0.109356364 0.124942886 0.123131523 0.124567406 0.094448247 0.094884536 0.119280700 0.109515097 0.113389992 0.112959281 0.139645453 0.115729537 0.122486346 0.132925133 0.123808465 0.112182510 0.112159893 0.115272609 0.084445753 0.142609088 
26     0.118140036 0.096146974 0.099448314 0.098357816 0.123108616 0.110088140 0.200019943 0.159140524 0.049657465 0.088617866 0.081395961 0.104486610 0.047446561 0.051933782 0.057301147 0.058923809 0.059132908 0.055640807 0.054876449 0.000000000 0.055299477 0.047930268 0.062216666 0.088166246 0.089388594 0.099833407 0.089292239 0.086500053 0.125536882 0.089279764 0.083477524 0.087188520 0.102672657 0.100861293 0.102297177 0.072264748 0.072701037 0.097072271 0.087306668 0.091125991 0.090679291 0.117358256 0.093449390 0.100223973 0.110686277 0.101569609 0.089954381 0.089931764 0.093044480 0.062128156 0.120467144 
14     0.130232892 0.108180432 0.111481772 0.110391274 0.135245486 0.122180589 0.212094131 0.171191304 0.061519968 0.105593422 0.098591746 0.121378439 0.069714425 0.074225140 0.079853502 0.081471140 0.081685263 0.077734809 0.076864996 0.055299477 0.000000000 0.021907370 0.035770157 0.099955108 0.101149064 0.111600107 0.101073364 0.098281178 0.137362571 0.101027287 0.095236514 0.098947510 0.114676580 0.112865217 0.114301100 0.084219198 0.084655486 0.109134542 0.099361346 0.103194133 0.102753296 0.129449572 0.105523751 0.112353366 0.122809588 0.113687249 0.102063490 0.102040873 0.105153589 0.074179703 0.132493914 
16     0.123026038 0.100973578 0.104274918 0.103184420 0.128038632 0.114973735 0.204887277 0.163984450 0.054317171 0.098217344 0.091215668 0.114002362 0.062362678 0.066873392 0.072576419 0.074194057 0.074408180 0.070457726 0.069587913 0.047930268 0.021907370 0.000000000 0.028842263 0.092748254 0.093942866 0.104393253 0.093866511 0.091074324 0.130155717 0.093820434 0.088029660 0.091740656 0.107469162 0.105657799 0.107093682 0.077011780 0.077448068 0.101927688 0.092154492 0.095987279 0.095546442 0.122242718 0.098316897 0.105146512 0.115602735 0.106480396 0.094856636 0.094834019 0.097946735 0.066972285 0.125287060 
42     0.137159711 0.115104967 0.118406307 0.117315809 0.142172304 0.129107408 0.219020949 0.178118123 0.068446787 0.112506814 0.105505138 0.128291831 0.076621045 0.081131759 0.086785322 0.088402959 0.088617083 0.084666629 0.083796816 0.062216666 0.035770157 0.028842263 0.000000000 0.106881926 0.108058422 0.118526926 0.108000183 0.105207997 0.144289389 0.107954106 0.102163332 0.105874329 0.121603398 0.119792035 0.121227918 0.091146016 0.091582305 0.116061360 0.106288164 0.110120951 0.109680115 0.136376390 0.112450570 0.119280184 0.129736407 0.120614068 0.108990308 0.108967691 0.112080407 0.081106521 0.139420732 
19     0.137295840 0.115308578 0.118609918 0.117519420 0.142469978 0.129272348 0.219149421 0.178334489 0.073078708 0.138522424 0.131450133 0.154400059 0.103012934 0.107585565 0.112767987 0.114385624 0.114599748 0.110973814 0.110307073 0.088166246 0.099955108 0.092748254 0.106881926 0.000000000 0.068667266 0.079087009 0.068135965 0.065322384 0.104886167 0.068107298 0.062475928 0.066186924 0.121751228 0.119928931 0.121363914 0.091321690 0.091757978 0.116378577 0.106586740 0.109919077 0.109779254 0.136551827 0.112536576 0.119329616 0.129793380 0.120645011 0.109094198 0.109071581 0.112184297 0.081338314 0.139580482 
48     0.138582187 0.116594926 0.119896266 0.118805768 0.143714612 0.130530851 0.220410535 0.179612853 0.074340334 0.139762207 0.132689916 0.155639843 0.104293214 0.108860213 0.114033754 0.115651391 0.115865515 0.112249447 0.111572983 0.089388594 0.101149064 0.093942866 0.108058422 0.068667266 0.000000000 0.032992485 0.029749152 0.027245352 0.088270534 0.052168434 0.046585893 0.050356078 0.122974046 0.121151750 0.122586733 0.092561915 0.092998203 0.117421641 0.107629804 0.111020666 0.110771763 0.137544336 0.113529085 0.120447584 0.130911348 0.121762980 0.110194217 0.110171600 0.113284316 0.082415026 0.140828449 
43     0.148987631 0.127000369 0.130301709 0.129211211 0.154066023 0.140937302 0.230824224 0.190026543 0.084744175 0.150207021 0.143134730 0.166084656 0.114731315 0.119298314 0.124471855 0.126089493 0.126303616 0.122687548 0.122011084 0.099833407 0.111600107 0.104393253 0.118526926 0.079087009 0.032992485 0.000000000 0.040290097 0.037577512 0.098708582 0.062632789 0.057046731 0.060790884 0.133396618 0.131574322 0.133009305 0.102984487 0.103420775 0.127843939 0.118052103 0.121442965 0.121194062 0.147966634 0.123951383 0.130869883 0.141333647 0.132185278 0.120616516 0.120593899 0.123706615 0.092837598 0.151247213 
45     0.138446986 0.116459725 0.119761064 0.118670567 0.143579411 0.130395649 0.220275333 0.179477652 0.074191294 0.139665852 0.132593562 0.155543488 0.104190147 0.108757146 0.113930687 0.115548324 0.115762448 0.112146380 0.111469916 0.089292239 0.101073364 0.093866511 0.108000183 0.068135965 0.029749152 0.040290097 0.000000000 0.017187767 0.088525988 0.051732794 0.046115225 0.049860626 0.122850200 0.121027904 0.122462887 0.092438069 0.092874358 0.117297521 0.107505685 0.110896547 0.110647644 0.137420216 0.113404966 0.120323465 0.130787229 0.121638861 0.110070098 0.110047481 0.113160197 0.082290621 0.140693248 
38     0.135654800 0.113667539 0.116968878 0.115878380 0.140787225 0.127603463 0.217483147 0.176685466 0.071399108 0.136873666 0.129801376 0.152751302 0.101397961 0.105964960 0.111138501 0.112756138 0.112970262 0.109354194 0.108677730 0.086500053 0.098281178 0.091074324 0.105207997 0.065322384 0.027245352 0.037577512 0.017187767 0.000000000 0.085712000 0.048929963 0.043311893 0.047057293 0.120058014 0.118235718 0.119670701 0.089645883 0.090082171 0.114505335 0.104713499 0.108104361 0.107855458 0.134628030 0.110612780 0.117531279 0.127995043 0.118846675 0.107277912 0.107255295 0.110368011 0.079498435 0.137901062 
25     0.174825548 0.152838287 0.156139626 0.155049128 0.179618921 0.166782606 0.256660055 0.215845123 0.110510400 0.175997683 0.168925392 0.191875318 0.140501598 0.145068598 0.150172089 0.151789726 0.152003850 0.148323652 0.147711318 0.125536882 0.137362571 0.130155717 0.144289389 0.104886167 0.088270534 0.098708582 0.088525988 0.085712000 0.000000000 0.084648304 0.078867518 0.082608927 0.159030370 0.157152015 0.158586997 0.128758959 0.129195247 0.153663250 0.143895292 0.147237617 0.147020804 0.173793377 0.149778126 0.156680248 0.167112312 0.157995643 0.146426881 0.146404263 0.149516979 0.118616377 0.177055998 
21     0.138443836 0.116456574 0.119757914 0.118667416 0.143555454 0.130392381 0.220273888 0.179458956 0.074164262 0.139656834 0.132584543 0.155534469 0.104167004 0.108734003 0.113896912 0.115514550 0.115728673 0.112125375 0.111436142 0.089279764 0.101027287 0.093820434 0.107954106 0.068107298 0.052168434 0.062632789 0.051732794 0.048929963 0.084648304 0.000000000 0.022570161 0.026328613 0.122877259 0.121054963 0.122489946 0.092456284 0.092892573 0.117355281 0.107563444 0.110913734 0.110697797 0.137470369 0.113455118 0.120329557 0.130793321 0.121644952 0.110076189 0.110053572 0.113166288 0.082255500 0.140665029 
39     0.132706724 0.110719463 0.114020803 0.112930305 0.137818343 0.124660225 0.214541732 0.173726800 0.068364489 0.133866060 0.126793770 0.149743696 0.098376230 0.102943229 0.108106138 0.109723776 0.109937900 0.106334602 0.105645368 0.083477524 0.095236514 0.088029660 0.102163332 0.062475928 0.046585893 0.057046731 0.046115225 0.043311893 0.078867518 0.022570161 0.000000000 0.010371338 0.117047309 0.115225013 0.116659996 0.086708134 0.087144423 0.111515405 0.101747446 0.105073859 0.104857921 0.131630493 0.107615242 0.114480568 0.124944332 0.115795963 0.104129278 0.104106661 0.107219377 0.076446910 0.134900816 
18     0.136417721 0.114430459 0.117731799 0.116641301 0.141529339 0.128371221 0.218252728 0.177437796 0.072075486 0.137577057 0.130504766 0.153454692 0.102087227 0.106654226 0.111817135 0.113434773 0.113648896 0.110045598 0.109356364 0.087188520 0.098947510 0.091740656 0.105874329 0.066186924 0.050356078 0.060790884 0.049860626 0.047057293 0.082608927 0.026328613 0.010371338 0.000000000 0.120758306 0.118936009 0.120370992 0.090419131 0.090855420 0.115226402 0.105458443 0.108784855 0.108568917 0.135341490 0.111326239 0.118191565 0.128655328 0.119506960 0.107840275 0.107817658 0.110930374 0.080157906 0.138611812 
50     0.151559158 0.129513960 0.132815300 0.131724802 0.156710855 0.143677193 0.233443244 0.192487726 0.087571261 0.153068143 0.145996572 0.168916793 0.117687605 0.122314399 0.127529845 0.129147483 0.129361606 0.125668812 0.124942886 0.102672657 0.114676580 0.107469162 0.121603398 0.121751228 0.122974046 0.133396618 0.122850200 0.120058014 0.159030370 0.122877259 0.117047309 0.120758306 0.000000000 0.065728117 0.067114554 0.079930276 0.080395154 0.128490748 0.118733554 0.121993722 0.121738989 0.148516019 0.124500714 0.131629509 0.142080134 0.132931907 0.121382054 0.121359437 0.124472153 0.093712415 0.153897314 
46     0.149723573 0.127678375 0.130979715 0.129889217 0.154875271 0.141811693 0.231608872 0.190653354 0.085760662 0.151257024 0.144185453 0.167105674 0.115876241 0.120503036 0.125718482 0.127336120 0.127550243 0.123857449 0.123131523 0.100861293 0.112865217 0.105657799 0.119792035 0.119928931 0.121151750 0.131574322 0.121027904 0.118235718 0.157152015 0.121054963 0.115225013 0.118936009 0.065728117 0.000000000 0.022017733 0.078335731 0.078800610 0.126695029 0.116937835 0.120196832 0.119942098 0.146719128 0.122703823 0.129831493 0.140282118 0.131133891 0.119584038 0.119561421 0.122674137 0.091915618 0.152054586 
9     0.151158556 0.129113358 0.132414698 0.131324200 0.156310254 0.143246676 0.233043855 0.192088336 0.087196545 0.152692907 0.145621336 0.168541557 0.117312125 0.121938919 0.127154365 0.128772003 0.128986126 0.125293332 0.124567406 0.102297177 0.114301100 0.107093682 0.121227918 0.121363914 0.122586733 0.133009305 0.122462887 0.119670701 0.158586997 0.122489946 0.116659996 0.120370992 0.067114554 0.022017733 0.000000000 0.079757591 0.080222470 0.128129867 0.118372673 0.121631670 0.121376936 0.148153966 0.124138661 0.131266476 0.141717101 0.132568874 0.121019021 0.120996404 0.124109120 0.093350601 0.153489569 
27     0.121121717 0.099108383 0.102409723 0.101319225 0.126307596 0.113271145 0.203076286 0.162187361 0.057294354 0.122500928 0.115429357 0.138341855 0.087141081 0.091767876 0.097075218 0.098692855 0.098906979 0.095158476 0.094448247 0.072264748 0.084219198 0.077011780 0.091146016 0.091321690 0.092561915 0.102984487 0.092438069 0.089645883 0.128758959 0.092456284 0.086708134 0.090419131 0.079930276 0.078335731 0.079757591 0.000000000 0.009508318 0.098155473 0.088400654 0.091669436 0.091415031 0.118187317 0.094172012 0.101312367 0.111762992 0.102614765 0.091059791 0.091037174 0.094149890 0.063417365 0.123522666 
12     0.121558005 0.099544671 0.102846011 0.101755513 0.126743885 0.113707434 0.203512574 0.162623650 0.057730643 0.122937216 0.115865645 0.138778144 0.087577370 0.092204164 0.097511506 0.099129144 0.099343268 0.095594764 0.094884536 0.072701037 0.084655486 0.077448068 0.091582305 0.091757978 0.092998203 0.103420775 0.092874358 0.090082171 0.129195247 0.092892573 0.087144423 0.090855420 0.080395154 0.078800610 0.080222470 0.009508318 0.000000000 0.098591777 0.088836958 0.092105741 0.091851335 0.118623622 0.094608317 0.101748672 0.112199297 0.103051070 0.091496096 0.091473479 0.094586195 0.063853669 0.123958954 
49     0.145898865 0.123909720 0.127211060 0.126120562 0.151099426 0.137908646 0.227720579 0.186839416 0.082120483 0.147532147 0.140459857 0.163404510 0.111954989 0.116645085 0.121843533 0.123461170 0.123675294 0.119996141 0.119280700 0.097072271 0.109134542 0.101927688 0.116061360 0.116378577 0.117421641 0.127843939 0.117297521 0.114505335 0.153663250 0.117355281 0.111515405 0.115226402 0.128490748 0.126695029 0.128129867 0.098155473 0.098591777 0.000000000 0.063648110 0.098650076 0.098359396 0.125250595 0.101184636 0.116833502 0.127310979 0.118148898 0.106433946 0.106411329 0.109524045 0.084242348 0.148253105 
17     0.136123275 0.114134130 0.117435470 0.116344972 0.141324000 0.128128101 0.217940035 0.177058871 0.072347539 0.137766544 0.130694254 0.153638907 0.102121495 0.106871889 0.112077929 0.113695567 0.113909691 0.110230538 0.109515097 0.087306668 0.099361346 0.092154492 0.106288164 0.106586740 0.107629804 0.118052103 0.107505685 0.104713499 0.143895292 0.107563444 0.101747446 0.105458443 0.118733554 0.116937835 0.118372673 0.088400654 0.088836958 0.063648110 0.000000000 0.089002059 0.088735049 0.115608795 0.091544866 0.107028386 0.117505864 0.108343782 0.096628830 0.096606213 0.099718929 0.074437802 0.138477488 
20     0.139595604 0.117601662 0.120903001 0.119812504 0.144791061 0.131587617 0.221399221 0.180477471 0.075894027 0.141465112 0.134392821 0.157336839 0.105907815 0.110529831 0.115783835 0.117401473 0.117615596 0.114120245 0.113389992 0.091125991 0.103194133 0.095987279 0.110120951 0.109919077 0.111020666 0.121442965 0.110896547 0.108104361 0.147237617 0.110913734 0.105073859 0.108784855 0.121993722 0.120196832 0.121631670 0.091669436 0.092105741 0.098650076 0.089002059 0.000000000 0.065475613 0.092251777 0.068147250 0.110004650 0.120512685 0.111350604 0.099667632 0.099645015 0.102757731 0.077563084 0.141859073 
44     0.139274548 0.117280605 0.120581945 0.119491447 0.144471921 0.131290375 0.221031030 0.180141642 0.075616708 0.141074122 0.134001832 0.156945850 0.105466274 0.110088290 0.115353124 0.116970762 0.117184885 0.113687454 0.112959281 0.090679291 0.102753296 0.095546442 0.109680115 0.109779254 0.110771763 0.121194062 0.110647644 0.107855458 0.147020804 0.110697797 0.104857921 0.108568917 0.121738989 0.119942098 0.121376936 0.091415031 0.091851335 0.098359396 0.088735049 0.065475613 0.000000000 0.067964910 0.044015661 0.109509420 0.119986897 0.110824815 0.099143824 0.099121207 0.102233923 0.077331711 0.141609773 
23     0.166054157 0.144060215 0.147361555 0.146271057 0.171251530 0.158069985 0.247810639 0.206882928 0.102396222 0.167718175 0.160645885 0.183556286 0.132121051 0.136743067 0.142032886 0.143650524 0.143864647 0.140373627 0.139645453 0.117358256 0.129449572 0.122242718 0.136376390 0.136551827 0.137544336 0.147966634 0.137420216 0.134628030 0.173793377 0.137470369 0.131630493 0.135341490 0.148516019 0.146719128 0.148153966 0.118187317 0.118623622 0.125250595 0.115608795 0.092251777 0.067964910 0.000000000 0.058706711 0.136176124 0.146653601 0.137491519 0.125882842 0.125860225 0.128972941 0.104132792 0.168391455 
36     0.142037637 0.120043695 0.123345034 0.122254536 0.147235010 0.134053464 0.223794119 0.182904731 0.078386964 0.143844378 0.136772088 0.159716106 0.108236530 0.112858546 0.118123380 0.119741018 0.119955141 0.116457710 0.115729537 0.093449390 0.105523751 0.098316897 0.112450570 0.112536576 0.113529085 0.123951383 0.113404966 0.110612780 0.149778126 0.113455118 0.107615242 0.111326239 0.124500714 0.122703823 0.124138661 0.094172012 0.094608317 0.101184636 0.091544866 0.068147250 0.044015661 0.058706711 0.000000000 0.112149023 0.122626500 0.113464418 0.101855741 0.101833124 0.104945840 0.080103540 0.144374934 
37     0.148993818 0.127004673 0.130306013 0.129215515 0.154173349 0.140989686 0.230742800 0.189848145 0.085236069 0.150681150 0.143608860 0.166530035 0.115047801 0.119669818 0.124880629 0.126498266 0.126712390 0.123188984 0.122486346 0.100223973 0.112353366 0.105146512 0.119280184 0.119329616 0.120447584 0.130869883 0.120323465 0.117531279 0.156680248 0.120329557 0.114480568 0.118191565 0.131629509 0.129831493 0.131266476 0.101312367 0.101748672 0.116833502 0.107028386 0.110004650 0.109509420 0.136176124 0.112149023 0.000000000 0.037863821 0.035058158 0.068993778 0.069099809 0.072171014 0.087084139 0.151265609 
40     0.159456390 0.137467245 0.140768585 0.139678087 0.164635920 0.151452258 0.241205372 0.200310717 0.095708848 0.161125609 0.154053318 0.176974494 0.125343418 0.129963881 0.135319417 0.136937054 0.137151178 0.133648485 0.132925133 0.110686277 0.122809588 0.115602735 0.129736407 0.129793380 0.130911348 0.141333647 0.130787229 0.127995043 0.167112312 0.130793321 0.124944332 0.128655328 0.142080134 0.140282118 0.141717101 0.111762992 0.112199297 0.127310979 0.117505864 0.120512685 0.119986897 0.146653601 0.122626500 0.037863821 0.000000000 0.045084880 0.079367483 0.079473514 0.082544719 0.097547761 0.161723526 
24     0.150309595 0.128320450 0.131621790 0.130531292 0.155489125 0.142305463 0.232058576 0.191163921 0.086562053 0.152003269 0.144930979 0.167852154 0.116369920 0.120991937 0.126202748 0.127820386 0.128034509 0.124531816 0.123808465 0.101569609 0.113687249 0.106480396 0.120614068 0.120645011 0.121762980 0.132185278 0.121638861 0.118846675 0.157995643 0.121644952 0.115795963 0.119506960 0.132931907 0.131133891 0.132568874 0.102614765 0.103051070 0.118148898 0.108343782 0.111350604 0.110824815 0.137491519 0.113464418 0.035058158 0.045084880 0.000000000 0.070059691 0.070165722 0.073236927 0.088399534 0.152576731 
22     0.138657202 0.116668057 0.119969397 0.118878899 0.143843765 0.130662953 0.220440581 0.179545926 0.074912432 0.140379510 0.133307219 0.156213329 0.104753682 0.109375699 0.114576794 0.116194431 0.116408555 0.112907532 0.112182510 0.089954381 0.102063490 0.094856636 0.108990308 0.109094198 0.110194217 0.120616516 0.110070098 0.107277912 0.146426881 0.110076189 0.104129278 0.107840275 0.121382054 0.119584038 0.121019021 0.091059791 0.091496096 0.106433946 0.096628830 0.099667632 0.099143824 0.125882842 0.101855741 0.068993778 0.079367483 0.070059691 0.000000000 0.028966905 0.032075874 0.076730815 0.140981823 
34     0.138634585 0.116645440 0.119946780 0.118856282 0.143821148 0.130640336 0.220417963 0.179523308 0.074889815 0.140356893 0.133284602 0.156199759 0.104731065 0.109353081 0.114554177 0.116171814 0.116385938 0.112884914 0.112159893 0.089931764 0.102040873 0.094834019 0.108967691 0.109071581 0.110171600 0.120593899 0.110047481 0.107255295 0.146404263 0.110053572 0.104106661 0.107817658 0.121359437 0.119561421 0.120996404 0.091037174 0.091473479 0.106411329 0.096606213 0.099645015 0.099121207 0.125860225 0.101833124 0.069099809 0.079473514 0.070165722 0.028966905 0.000000000 0.022862672 0.076708198 0.140959205 
31     0.141747301 0.119758156 0.123059496 0.121968998 0.146933864 0.133753052 0.223530679 0.182636024 0.078002531 0.143469609 0.136397318 0.159312475 0.107843781 0.112465797 0.117666893 0.119284530 0.119498654 0.115997630 0.115272609 0.093044480 0.105153589 0.097946735 0.112080407 0.112184297 0.113284316 0.123706615 0.113160197 0.110368011 0.149516979 0.113166288 0.107219377 0.110930374 0.124472153 0.122674137 0.124109120 0.094149890 0.094586195 0.109524045 0.099718929 0.102757731 0.102233923 0.128972941 0.104945840 0.072171014 0.082544719 0.073236927 0.032075874 0.022862672 0.000000000 0.079820914 0.144071921 
10     0.110966938 0.088977793 0.092279133 0.091188635 0.115934600 0.102922561 0.192802278 0.151903575 0.047249640 0.112459797 0.105385074 0.128337432 0.076967002 0.081589019 0.086828044 0.088445682 0.088659805 0.085148263 0.084445753 0.062128156 0.074179703 0.066972285 0.081106521 0.081338314 0.082415026 0.092837598 0.082290621 0.079498435 0.118616377 0.082255500 0.076446910 0.080157906 0.093712415 0.091915618 0.093350601 0.063417365 0.063853669 0.084242348 0.074437802 0.077563084 0.077331711 0.104132792 0.080103540 0.087084139 0.097547761 0.088399534 0.076730815 0.076708198 0.079820914 0.000000000 0.113123609 
0     0.162385616 0.140402560 0.143703900 0.142613402 0.167520187 0.154338204 0.244179427 0.203397877 0.105445139 0.170738556 0.163666266 0.186605021 0.135426436 0.140021353 0.145213245 0.146830883 0.147045007 0.143439099 0.142609088 0.120467144 0.132493914 0.125287060 0.139420732 0.139580482 0.140828449 0.151247213 0.140693248 0.137901062 0.177055998 0.140665029 0.134900816 0.138611812 0.153897314 0.152054586 0.153489569 0.123522666 0.123958954 0.148253105 0.138477488 0.141859073 0.141609773 0.168391455 0.144374934 0.151265609 0.161723526 0.152576731 0.140981823 0.140959205 0.144071921 0.113123609 0.000000000 
