51
6     0.000000000 0.000508300 0.000441710 0.000529220 0.002019670 0.003002030 0.004813140 0.003638830 0.002507520 0.004065390 0.003860990 0.005155880 0.003204760 0.003232490 0.003549220 0.003594810 0.003649510 0.003801920 0.003496580 0.002845110 0.004051700 0.003948890 0.004271150 0.002832350 0.003393590 0.003540600 0.003415790 0.003209220 0.003452340 0.003041990 0.002898170 0.002964660 0.003360220 0.003364220 0.003388000 0.002764350 0.002944340 0.004670540 0.004380650 0.003964900 0.003729210 0.004114770 0.004067640 0.003762880 0.004204880 0.003863380 0.003969630 0.003756210 0.003774080 0.002831290 0.003089110 
8     0.000508300 0.000000000 0.000097070 0.000054230 0.001284480 0.001355160 0.002899980 0.001204850 0.002557590 0.004115460 0.003911060 0.005205950 0.003254830 0.003282560 0.003599290 0.003644880 0.003699580 0.003851990 0.003546650 0.002895180 0.004101770 0.003998960 0.004321220 0.002882420 0.003443660 0.003590670 0.003465860 0.003259290 0.003502410 0.003092060 0.002948240 0.003014730 0.003410290 0.003414290 0.003438070 0.002814420 0.002994410 0.004720610 0.004430720 0.004014970 0.003779280 0.004164840 0.004117710 0.003812950 0.004254950 0.003913450 0.004019700 0.003806280 0.003824150 0.001930810 0.003139180 
5     0.000441710 0.000097070 0.000000000 0.000111920 0.002131500 0.003113860 0.004692230 0.003750660 0.002619350 0.004177220 0.003972820 0.005267710 0.003316590 0.003344320 0.003661050 0.003706640 0.003761340 0.003913750 0.003608410 0.002956940 0.004163530 0.003997060 0.004382980 0.002944180 0.003505420 0.003652430 0.003527620 0.003321050 0.003564170 0.003153820 0.003010000 0.003076490 0.003472050 0.003476050 0.003499830 0.002876180 0.003056170 0.004782370 0.004492480 0.004076730 0.003841040 0.004226600 0.004179470 0.003874710 0.004316710 0.003975210 0.004081460 0.003868040 0.003885910 0.001075420 0.003200940 
1     0.000529220 0.000054230 0.000111920 0.000000000 0.002076070 0.001243860 0.004893980 0.003695230 0.001264310 0.004121790 0.003917390 0.005212280 0.003261160 0.003288890 0.003605620 0.003651210 0.003705910 0.003858320 0.003552980 0.002901510 0.004108100 0.004005290 0.004327550 0.002888750 0.003449990 0.003597000 0.003472190 0.003265620 0.003508740 0.003098390 0.002954570 0.003021060 0.003416620 0.003420620 0.003444400 0.002820750 0.003000740 0.004726940 0.004437050 0.004021300 0.003785610 0.004171170 0.004124040 0.003819280 0.004261280 0.003919780 0.004026030 0.003812610 0.003830480 0.001789810 0.003145510 
4     0.002019670 0.001284480 0.002131500 0.002076070 0.000000000 0.000084300 0.001930080 0.000234950 0.001672110 0.003229980 0.003025580 0.004320470 0.002369350 0.002397080 0.002713810 0.002759400 0.002814100 0.002966510 0.002661170 0.002009700 0.003216290 0.003113480 0.003435740 0.001996940 0.002558180 0.002705190 0.002580380 0.002373810 0.002616930 0.002206580 0.002062760 0.002129250 0.002524810 0.002528810 0.002552590 0.001928940 0.002108930 0.003835130 0.003545240 0.003129490 0.002893800 0.003279360 0.003232230 0.002927470 0.003369470 0.003027970 0.003134220 0.002920800 0.002938670 0.001995880 0.002253700 
2     0.003002030 0.001355160 0.003113860 0.001243860 0.000084300 0.000000000 0.002000760 0.000305630 0.000954550 0.002870320 0.003309440 0.004734690 0.002591070 0.003059620 0.003376350 0.001532660 0.003476640 0.003629050 0.003015990 0.002672240 0.003567090 0.002317390 0.003584790 0.002659480 0.002750640 0.002883790 0.002709230 0.003036350 0.002500150 0.002869120 0.002725300 0.002791790 0.003187350 0.003191350 0.003215130 0.002591480 0.002771470 0.004138000 0.004108040 0.002914340 0.002351190 0.003941900 0.003754580 0.003590010 0.003656020 0.003690510 0.003796760 0.003583340 0.003601210 0.001480050 0.002916240 
3     0.004813140 0.002899980 0.004692230 0.004893980 0.001930080 0.002000760 0.000000000 0.001557920 0.001694180 0.002492680 0.002931800 0.004357050 0.002213430 0.002820500 0.003286770 0.003326060 0.003780770 0.003422210 0.002638350 0.002303760 0.003189450 0.001939750 0.003207150 0.002659430 0.002373000 0.002506150 0.002331590 0.003184400 0.002122510 0.004407190 0.002856270 0.003184550 0.004402300 0.004033430 0.004175260 0.002576910 0.002506020 0.005004280 0.002943570 0.002536700 0.001973550 0.004330890 0.003376940 0.002331810 0.003278380 0.003878170 0.004934370 0.005069570 0.004842910 0.003061500 0.005059240 
7     0.003638830 0.001204850 0.003750660 0.003695230 0.000234950 0.000305630 0.001557920 0.000000000 0.001271040 0.002069540 0.002508660 0.003933910 0.001790290 0.002397360 0.002863630 0.002902920 0.003357630 0.002999070 0.002215210 0.001880620 0.002766310 0.001516610 0.002784010 0.002236290 0.001949860 0.002083010 0.001908450 0.002761260 0.001699370 0.003505920 0.002433130 0.002761410 0.003824150 0.003610290 0.003752120 0.002153770 0.002082880 0.004581140 0.003630310 0.002113560 0.001550410 0.003907750 0.002953800 0.004208830 0.002855240 0.003455030 0.004433560 0.004220140 0.004238010 0.002946620 0.003189430 
11     0.002507520 0.002557590 0.002619350 0.001264310 0.001672110 0.000954550 0.001694180 0.001271040 0.000000000 0.001094380 0.001533500 0.002958750 0.000815130 0.001422200 0.001888470 0.001927760 0.002027270 0.002023910 0.001240050 0.000738860 0.000752720 0.000715930 0.001983330 0.000923170 0.001113640 0.001162590 0.001072230 0.001539760 0.000863150 0.001372530 0.001228710 0.001295200 0.001737980 0.001741980 0.001765760 0.001142110 0.001295740 0.002077120 0.002758410 0.001360880 0.000797730 0.002492530 0.002201120 0.002140640 0.002102560 0.002241140 0.002347390 0.002133970 0.002151840 0.001209050 0.000766700 
47     0.004065390 0.004115460 0.004177220 0.004121790 0.003229980 0.002870320 0.002492680 0.002069540 0.001094380 0.000000000 0.000000860 0.000895270 0.001337290 0.001708880 0.002139570 0.002185160 0.001366630 0.002392270 0.001762210 0.001427620 0.002764130 0.001514430 0.002781830 0.002198570 0.001912140 0.002045290 0.001870730 0.002723540 0.001661650 0.002977620 0.002395410 0.002723690 0.003153270 0.003157270 0.003181050 0.002165130 0.002094240 0.004463590 0.003676130 0.002159380 0.001596230 0.003907820 0.002999620 0.003555930 0.002901060 0.003500850 0.003762680 0.003549260 0.003567130 0.002624340 0.003742840 
32     0.003860990 0.003911060 0.003972820 0.003917390 0.003025580 0.003309440 0.002931800 0.002508660 0.001533500 0.000000860 0.000000000 0.000002960 0.001685090 0.001712820 0.001935170 0.001980760 0.001366070 0.002187870 0.001882530 0.001325440 0.003203250 0.001574510 0.003220950 0.002563580 0.002351260 0.002484410 0.002309850 0.002940450 0.002100770 0.002773220 0.002629400 0.002695890 0.002948870 0.002952870 0.002976650 0.002353000 0.002532990 0.004259190 0.003969300 0.002598500 0.002035350 0.003703420 0.003438740 0.003351530 0.003340180 0.003452030 0.003558280 0.003344860 0.003362730 0.002419940 0.003538440 
35     0.005155880 0.005205950 0.005267710 0.005212280 0.004320470 0.004734690 0.004357050 0.003933910 0.002958750 0.000895270 0.000002960 0.000000000 0.002979980 0.003007710 0.003230060 0.003275650 0.003330350 0.003482760 0.003177420 0.002620330 0.004287810 0.003378800 0.004592210 0.003858470 0.003776510 0.003909660 0.003735100 0.004235340 0.003526020 0.004068110 0.003924290 0.003990780 0.004243760 0.004247760 0.004271540 0.003647890 0.003827880 0.005554080 0.005264190 0.004023750 0.003460600 0.004998310 0.004863990 0.004646420 0.004765430 0.004746920 0.004853170 0.004639750 0.004657620 0.003714830 0.004342590 
33     0.003204760 0.003254830 0.003316590 0.003261160 0.002369350 0.002591070 0.002213430 0.001790290 0.000815130 0.001337290 0.001685090 0.002979980 0.000000000 0.000000920 0.001373320 0.001418910 0.001473610 0.001626020 0.000944640 0.000577330 0.002484880 0.001235180 0.002502580 0.001907350 0.001632890 0.001766040 0.001591480 0.002284220 0.001382400 0.002116990 0.001973170 0.002039660 0.002292640 0.002296640 0.002320420 0.001696770 0.001814990 0.003602960 0.001572430 0.001501000 0.001316980 0.003047190 0.002720370 0.000960670 0.002621810 0.002795800 0.002902050 0.002688630 0.002706500 0.001763710 0.002882210 
15     0.003232490 0.003282560 0.003344320 0.003288890 0.002397080 0.003059620 0.002820500 0.002397360 0.001422200 0.001708880 0.001712820 0.003007710 0.000000920 0.000000000 0.001401050 0.001446640 0.001501340 0.001653750 0.000776050 0.000605060 0.002949070 0.001842250 0.002929720 0.001935080 0.002239960 0.002373110 0.002198550 0.002311950 0.001989470 0.002144720 0.002000900 0.002067390 0.002320370 0.002324370 0.002348150 0.001724500 0.001904490 0.003630690 0.001633580 0.001562150 0.001924050 0.003074920 0.003027790 0.001021820 0.003165030 0.002823530 0.002929780 0.002716360 0.002734230 0.001791440 0.002909940 
13     0.003549220 0.003599290 0.003661050 0.003605620 0.002713810 0.003376350 0.003286770 0.002863630 0.001888470 0.002139570 0.001935170 0.003230060 0.001373320 0.001401050 0.000000000 0.000144530 0.000305770 0.000574680 0.000865340 0.000439620 0.003265800 0.002308520 0.003485250 0.002251810 0.002706230 0.002839380 0.002664820 0.002628680 0.002455740 0.002461450 0.002317630 0.002384120 0.002637100 0.002641100 0.002664880 0.002041230 0.002221220 0.003947420 0.003657530 0.002953470 0.002390320 0.003391650 0.003344520 0.003039760 0.003481760 0.003140260 0.003246510 0.003033090 0.003050960 0.002108170 0.003226670 
30     0.003594810 0.003644880 0.003706640 0.003651210 0.002759400 0.001532660 0.003326060 0.002902920 0.001927760 0.002185160 0.001980760 0.003275650 0.001418910 0.001446640 0.000144530 0.000000000 0.000080260 0.000892270 0.000904630 0.001059260 0.003311390 0.002347810 0.003530840 0.002297400 0.002745520 0.002878670 0.002704110 0.002674270 0.002495030 0.002507040 0.002363220 0.002429710 0.002682690 0.002686690 0.002710470 0.002086820 0.002266810 0.003993010 0.003703120 0.002992760 0.002429610 0.003437240 0.003390110 0.003085350 0.003527350 0.003185850 0.003292100 0.003078680 0.003096550 0.002153760 0.003272260 
29     0.003649510 0.003699580 0.003761340 0.003705910 0.002814100 0.003476640 0.003780770 0.003357630 0.002027270 0.001366630 0.001366070 0.003330350 0.001473610 0.001501340 0.000305770 0.000080260 0.000000000 0.000404280 0.001283690 0.001113960 0.003366090 0.000516860 0.003585540 0.002352100 0.002913340 0.003060350 0.002935540 0.002728970 0.002949740 0.002561740 0.002417920 0.002484410 0.002737390 0.002741390 0.002765170 0.002141520 0.002321510 0.004047710 0.003757820 0.003342070 0.002884320 0.003491940 0.003444810 0.003140050 0.003582050 0.003240550 0.003346800 0.003133380 0.003151250 0.002208460 0.003326960 
28     0.003801920 0.003851990 0.003913750 0.003858320 0.002966510 0.003629050 0.003422210 0.002999070 0.002023910 0.002392270 0.002187870 0.003482760 0.001626020 0.001653750 0.000574680 0.000892270 0.000404280 0.000000000 0.000236220 0.001266370 0.003518500 0.002443960 0.003711360 0.002504510 0.002841670 0.002974820 0.002800260 0.002881380 0.002591180 0.002714150 0.002570330 0.002636820 0.002889800 0.002893800 0.002917580 0.002293930 0.002473920 0.004200120 0.003910230 0.003088910 0.002525760 0.003644350 0.003597220 0.003292460 0.003734460 0.003392960 0.003499210 0.003285790 0.003303660 0.002360870 0.003479370 
41     0.003496580 0.003546650 0.003608410 0.003552980 0.002661170 0.003015990 0.002638350 0.002215210 0.001240050 0.001762210 0.001882530 0.003177420 0.000944640 0.000776050 0.000865340 0.000904630 0.001283690 0.000236220 0.000000000 0.000961030 0.002909800 0.001660100 0.002927500 0.002199170 0.002057810 0.002190960 0.002016400 0.002576040 0.001807320 0.002408810 0.002264990 0.002331480 0.002584460 0.002588460 0.002612240 0.001988590 0.002168580 0.003894780 0.003604890 0.002305050 0.001741900 0.003339010 0.003145290 0.002987120 0.003046730 0.003087620 0.003193870 0.002980450 0.002998320 0.002055530 0.003174030 
26     0.002845110 0.002895180 0.002956940 0.002901510 0.002009700 0.002672240 0.002303760 0.001880620 0.000738860 0.001427620 0.001325440 0.002620330 0.000577330 0.000605060 0.000439620 0.001059260 0.001113960 0.001266370 0.000961030 0.000000000 0.001306060 0.000865360 0.001156320 0.001547700 0.001723220 0.001856370 0.001681810 0.001924570 0.001472730 0.001757340 0.001613520 0.001680010 0.001932990 0.001936990 0.001960770 0.001337120 0.001517110 0.003243310 0.002953420 0.001970460 0.001407310 0.002687540 0.002640410 0.002335650 0.002712140 0.002436150 0.002542400 0.002328980 0.002346850 0.001404060 0.001504260 
14     0.004051700 0.004101770 0.004163530 0.004108100 0.003216290 0.003567090 0.003189450 0.002766310 0.000752720 0.002764130 0.003203250 0.004287810 0.002484880 0.002949070 0.003265800 0.003311390 0.003366090 0.003518500 0.002909800 0.001306060 0.000000000 0.000237820 0.000469020 0.002754290 0.002644450 0.002777600 0.002603040 0.003131160 0.002393960 0.002963930 0.002820110 0.002886600 0.003139580 0.003143580 0.003167360 0.002543710 0.002723700 0.004449900 0.004160010 0.002856150 0.002293000 0.003894130 0.003696390 0.003542240 0.003597830 0.003642740 0.003748990 0.003535570 0.003553440 0.002610650 0.001518120 
16     0.003948890 0.003998960 0.003997060 0.004005290 0.003113480 0.002317390 0.001939750 0.001516610 0.000715930 0.001514430 0.001574510 0.003378800 0.001235180 0.001842250 0.002308520 0.002347810 0.000516860 0.002443960 0.001660100 0.000865360 0.000237820 0.000000000 0.000002820 0.001681180 0.001394750 0.001527900 0.001353340 0.002206150 0.001144260 0.002861120 0.001399350 0.001545530 0.003036770 0.003040770 0.001902960 0.001612200 0.001541310 0.002889200 0.002790800 0.001606450 0.001043300 0.003400640 0.002446690 0.003327740 0.002348130 0.002947920 0.003646180 0.003163380 0.003450630 0.001251460 0.003626340 
42     0.004271150 0.004321220 0.004382980 0.004327550 0.003435740 0.003584790 0.003207150 0.002784010 0.001983330 0.002781830 0.003220950 0.004592210 0.002502580 0.002929720 0.003485250 0.003530840 0.003585540 0.003711360 0.002927500 0.001156320 0.000469020 0.000002820 0.000000000 0.002948580 0.002662150 0.002795300 0.002620740 0.003350610 0.002411660 0.003183380 0.003039560 0.003106050 0.003359030 0.003363030 0.003386810 0.002763160 0.002808710 0.004387870 0.004211730 0.002873850 0.002310700 0.004113580 0.003714090 0.003761690 0.003615530 0.003862190 0.003968440 0.003755020 0.003772890 0.002830100 0.003774030 
19     0.002832350 0.002882420 0.002944180 0.002888750 0.001996940 0.002659480 0.002659430 0.002236290 0.000923170 0.002198570 0.002563580 0.003858470 0.001907350 0.001935080 0.002251810 0.002297400 0.002352100 0.002504510 0.002199170 0.001547700 0.002754290 0.001681180 0.002948580 0.000000000 0.001273120 0.001038540 0.001232380 0.001088750 0.000343120 0.000921520 0.000777700 0.000386190 0.002062810 0.002066810 0.002090590 0.001466940 0.001646930 0.003373130 0.002460480 0.002326130 0.001762980 0.002817360 0.002770230 0.002465470 0.002907470 0.002565970 0.002672220 0.002458800 0.002476670 0.001533880 0.002509800 
48     0.003393590 0.003443660 0.003505420 0.003449990 0.002558180 0.002750640 0.002373000 0.001949860 0.001113640 0.001912140 0.002351260 0.003776510 0.001632890 0.002239960 0.002706230 0.002745520 0.002913340 0.002841670 0.002057810 0.001723220 0.002644450 0.001394750 0.002662150 0.001273120 0.000000000 0.000000540 0.000001510 0.000624170 0.000510510 0.001446320 0.001302500 0.001368990 0.002624050 0.002628050 0.002651830 0.002028180 0.001974560 0.003934370 0.003556450 0.002039700 0.001476550 0.003378600 0.002879940 0.003026710 0.002781380 0.003127210 0.003233460 0.003020040 0.003037910 0.002095120 0.003071040 
43     0.003540600 0.003590670 0.003652430 0.003597000 0.002705190 0.002883790 0.002506150 0.002083010 0.001162590 0.002045290 0.002484410 0.003909660 0.001766040 0.002373110 0.002839380 0.002878670 0.003060350 0.002974820 0.002190960 0.001856370 0.002777600 0.001527900 0.002795300 0.001038540 0.000000540 0.000000000 0.000379980 0.000495330 0.000556420 0.001593330 0.001150510 0.000905440 0.002771060 0.002775060 0.002798840 0.002175190 0.002107710 0.004081380 0.003689600 0.002172850 0.001609700 0.003525610 0.003013090 0.003173720 0.002914530 0.003274220 0.003380470 0.003167050 0.003184920 0.002242130 0.003218050 
45     0.003415790 0.003465860 0.003527620 0.003472190 0.002580380 0.002709230 0.002331590 0.001908450 0.001072230 0.001870730 0.002309850 0.003735100 0.001591480 0.002198550 0.002664820 0.002704110 0.002935540 0.002800260 0.002016400 0.001681810 0.002603040 0.001353340 0.002620740 0.001232380 0.000001510 0.000379980 0.000000000 0.000146640 0.000469100 0.001468520 0.001307040 0.001391190 0.002646250 0.002650250 0.002674030 0.002004040 0.001933150 0.003956570 0.003515040 0.001998290 0.001435140 0.003400800 0.002838530 0.003048910 0.002739970 0.003149410 0.003255660 0.003042240 0.003060110 0.002117320 0.003093240 
38     0.003209220 0.003259290 0.003321050 0.003265620 0.002373810 0.003036350 0.003184400 0.002761260 0.001539760 0.002723540 0.002940450 0.004235340 0.002284220 0.002311950 0.002628680 0.002674270 0.002728970 0.002881380 0.002576040 0.001924570 0.003131160 0.002206150 0.003350610 0.001088750 0.000624170 0.000495330 0.000146640 0.000000000 0.000798090 0.001261950 0.001118130 0.001147110 0.002439680 0.002443680 0.002467460 0.001843810 0.002023800 0.003750000 0.003460110 0.002851100 0.002287950 0.003194230 0.003147100 0.002842340 0.003284340 0.002942840 0.003049090 0.002835670 0.002853540 0.001910750 0.002886670 
25     0.003452340 0.003502410 0.003564170 0.003508740 0.002616930 0.002500150 0.002122510 0.001699370 0.000863150 0.001661650 0.002100770 0.003526020 0.001382400 0.001989470 0.002455740 0.002495030 0.002949740 0.002591180 0.001807320 0.001472730 0.002393960 0.001144260 0.002411660 0.000343120 0.000510510 0.000556420 0.000469100 0.000798090 0.000000000 0.001017510 0.000873690 0.000043070 0.002682800 0.002686800 0.002710580 0.001794960 0.001724070 0.003889880 0.003305960 0.001789210 0.001226060 0.003437350 0.002629450 0.003085460 0.002530890 0.003130680 0.003292210 0.003078790 0.003096660 0.002153870 0.003129790 
21     0.003041990 0.003092060 0.003153820 0.003098390 0.002206580 0.002869120 0.004407190 0.003505920 0.001372530 0.002977620 0.002773220 0.004068110 0.002116990 0.002144720 0.002461450 0.002507040 0.002561740 0.002714150 0.002408810 0.001757340 0.002963930 0.002861120 0.003183380 0.000921520 0.001446320 0.001593330 0.001468520 0.001261950 0.001017510 0.000000000 0.000141790 0.000395530 0.002272450 0.002276450 0.002300230 0.001676580 0.001856570 0.003582770 0.003292880 0.002877130 0.002641440 0.003027000 0.002979870 0.002675110 0.003117110 0.002775610 0.002881860 0.002668440 0.002686310 0.001743520 0.002719440 
39     0.002898170 0.002948240 0.003010000 0.002954570 0.002062760 0.002725300 0.002856270 0.002433130 0.001228710 0.002395410 0.002629400 0.003924290 0.001973170 0.002000900 0.002317630 0.002363220 0.002417920 0.002570330 0.002264990 0.001613520 0.002820110 0.001399350 0.003039560 0.000777700 0.001302500 0.001150510 0.001307040 0.001118130 0.000873690 0.000141790 0.000000000 0.000196660 0.002128630 0.002132630 0.002156410 0.001532760 0.001712750 0.003438950 0.003149060 0.002522970 0.001959820 0.002883180 0.002836050 0.002531290 0.002973290 0.002631790 0.002738040 0.002524620 0.002542490 0.001599700 0.002575620 
18     0.002964660 0.003014730 0.003076490 0.003021060 0.002129250 0.002791790 0.003184550 0.002761410 0.001295200 0.002723690 0.002695890 0.003990780 0.002039660 0.002067390 0.002384120 0.002429710 0.002484410 0.002636820 0.002331480 0.001680010 0.002886600 0.001545530 0.003106050 0.000386190 0.001368990 0.000905440 0.001391190 0.001147110 0.000043070 0.000395530 0.000196660 0.000000000 0.002195120 0.002199120 0.002222900 0.001599250 0.001779240 0.003505440 0.003215550 0.002799800 0.002288100 0.002949670 0.002902540 0.002597780 0.003039780 0.002698280 0.002804530 0.002591110 0.002608980 0.001666190 0.002642110 
50     0.003360220 0.003410290 0.003472050 0.003416620 0.002524810 0.003187350 0.004402300 0.003824150 0.001737980 0.003153270 0.002948870 0.004243760 0.002292640 0.002320370 0.002637100 0.002682690 0.002737390 0.002889800 0.002584460 0.001932990 0.003139580 0.003036770 0.003359030 0.002062810 0.002624050 0.002771060 0.002646250 0.002439680 0.002682800 0.002272450 0.002128630 0.002195120 0.000000000 0.000620080 0.000514420 0.001175530 0.001355520 0.003718740 0.003428850 0.003013100 0.002777410 0.003162970 0.003115840 0.002811080 0.003253080 0.002911580 0.003017830 0.002804410 0.002822280 0.001879490 0.003037670 
46     0.003364220 0.003414290 0.003476050 0.003420620 0.002528810 0.003191350 0.004033430 0.003610290 0.001741980 0.003157270 0.002952870 0.004247760 0.002296640 0.002324370 0.002641100 0.002686690 0.002741390 0.002893800 0.002588460 0.001936990 0.003143580 0.003040770 0.003363030 0.002066810 0.002628050 0.002775060 0.002650250 0.002443680 0.002686800 0.002276450 0.002132630 0.002199120 0.000620080 0.000000000 0.000002020 0.001179530 0.001359520 0.003722740 0.003432850 0.003017100 0.002781410 0.003166970 0.003119840 0.002815080 0.003257080 0.002915580 0.003021830 0.002808410 0.002826280 0.001883490 0.003041670 
9     0.003388000 0.003438070 0.003499830 0.003444400 0.002552590 0.003215130 0.004175260 0.003752120 0.001765760 0.003181050 0.002976650 0.004271540 0.002320420 0.002348150 0.002664880 0.002710470 0.002765170 0.002917580 0.002612240 0.001960770 0.003167360 0.001902960 0.003386810 0.002090590 0.002651830 0.002798840 0.002674030 0.002467460 0.002710580 0.002300230 0.002156410 0.002222900 0.000514420 0.000002020 0.000000000 0.001203310 0.001383300 0.003746520 0.003456630 0.003040880 0.002805190 0.003190750 0.003143620 0.002838860 0.003280860 0.002939360 0.003045610 0.002832190 0.002850060 0.001907270 0.003065450 
27     0.002764350 0.002814420 0.002876180 0.002820750 0.001928940 0.002591480 0.002576910 0.002153770 0.001142110 0.002165130 0.002353000 0.003647890 0.001696770 0.001724500 0.002041230 0.002086820 0.002141520 0.002293930 0.001988590 0.001337120 0.002543710 0.001612200 0.002763160 0.001466940 0.002028180 0.002175190 0.002004040 0.001843810 0.001794960 0.001676580 0.001532760 0.001599250 0.001175530 0.001179530 0.001203310 0.000000000 0.000020140 0.001418150 0.002832980 0.002243610 0.001680460 0.002567100 0.002519970 0.002215210 0.002657210 0.002315710 0.002421960 0.002208540 0.002226410 0.001283620 0.002441800 
12     0.002944340 0.002994410 0.003056170 0.003000740 0.002108930 0.002771470 0.002506020 0.002082880 0.001295740 0.002094240 0.002532990 0.003827880 0.001814990 0.001904490 0.002221220 0.002266810 0.002321510 0.002473920 0.002168580 0.001517110 0.002723700 0.001541310 0.002808710 0.001646930 0.001974560 0.002107710 0.001933150 0.002023800 0.001724070 0.001856570 0.001712750 0.001779240 0.001355520 0.001359520 0.001383300 0.000020140 0.000000000 0.001730350 0.003012970 0.002172720 0.001609570 0.002747090 0.002699960 0.002395200 0.002837200 0.002495700 0.002585120 0.002388530 0.002406400 0.001463610 0.002621790 
49     0.004670540 0.004720610 0.004782370 0.004726940 0.003835130 0.004138000 0.005004280 0.004581140 0.002077120 0.004463590 0.004259190 0.005554080 0.003602960 0.003630690 0.003947420 0.003993010 0.004047710 0.004200120 0.003894780 0.003243310 0.004449900 0.002889200 0.004387870 0.003373130 0.003934370 0.004081380 0.003956570 0.003750000 0.003889880 0.003582770 0.003438950 0.003505440 0.003718740 0.003722740 0.003746520 0.001418150 0.001730350 0.000000000 0.000296880 0.004148980 0.001314910 0.003863180 0.003371150 0.003913940 0.004301810 0.004014440 0.000891090 0.000902880 0.003925140 0.000206820 0.004347990 
17     0.004380650 0.004430720 0.004492480 0.004437050 0.003545240 0.004108040 0.002943570 0.003630310 0.002758410 0.003676130 0.003969300 0.005264190 0.001572430 0.001633580 0.003657530 0.003703120 0.003757820 0.003910230 0.003604890 0.002953420 0.004160010 0.002790800 0.004211730 0.002460480 0.003556450 0.003689600 0.003515040 0.003460110 0.003305960 0.003292880 0.003149060 0.003215550 0.003428850 0.003432850 0.003456630 0.002832980 0.003012970 0.000296880 0.000000000 0.000109850 0.001931350 0.002737070 0.002798830 0.000976620 0.004066050 0.003724550 0.003830800 0.003555900 0.003635250 0.001604600 0.004058100 
20     0.003964900 0.004014970 0.004076730 0.004021300 0.003129490 0.002914340 0.002536700 0.002113560 0.001360880 0.002159380 0.002598500 0.004023750 0.001501000 0.001562150 0.002953470 0.002992760 0.003342070 0.003088910 0.002305050 0.001970460 0.002856150 0.001606450 0.002873850 0.002326130 0.002039700 0.002172850 0.001998290 0.002851100 0.001789210 0.002877130 0.002522970 0.002799800 0.003013100 0.003017100 0.003040880 0.002243610 0.002172720 0.004148980 0.000109850 0.000000000 0.000782770 0.001769750 0.001939940 0.000905190 0.002634520 0.003234310 0.003448070 0.003234650 0.003252520 0.002036190 0.003642350 
44     0.003729210 0.003779280 0.003841040 0.003785610 0.002893800 0.002351190 0.001973550 0.001550410 0.000797730 0.001596230 0.002035350 0.003460600 0.001316980 0.001924050 0.002390320 0.002429610 0.002884320 0.002525760 0.001741900 0.001407310 0.002293000 0.001043300 0.002310700 0.001762980 0.001476550 0.001609700 0.001435140 0.002287950 0.001226060 0.002641440 0.001959820 0.002288100 0.002777410 0.002781410 0.002805190 0.001680460 0.001609570 0.001314910 0.001931350 0.000782770 0.000000000 0.001272110 0.000908560 0.003005630 0.002071370 0.002671160 0.003212380 0.002998960 0.003016830 0.002202080 0.003406660 
23     0.004114770 0.004164840 0.004226600 0.004171170 0.003279360 0.003941900 0.004330890 0.003907750 0.002492530 0.003907820 0.003703420 0.004998310 0.003047190 0.003074920 0.003391650 0.003437240 0.003491940 0.003644350 0.003339010 0.002687540 0.003894130 0.003400640 0.004113580 0.002817360 0.003378600 0.003525610 0.003400800 0.003194230 0.003437350 0.003027000 0.002883180 0.002949670 0.003162970 0.003166970 0.003190750 0.002567100 0.002747090 0.003863180 0.002737070 0.001769750 0.001272110 0.000000000 0.000070500 0.003391190 0.003833190 0.003491690 0.003597940 0.003384520 0.003402390 0.002587640 0.003792220 
36     0.004067640 0.004117710 0.004179470 0.004124040 0.003232230 0.003754580 0.003376940 0.002953800 0.002201120 0.002999620 0.003438740 0.004863990 0.002720370 0.003027790 0.003344520 0.003390110 0.003444810 0.003597220 0.003145290 0.002640410 0.003696390 0.002446690 0.003714090 0.002770230 0.002879940 0.003013090 0.002838530 0.003147100 0.002629450 0.002979870 0.002836050 0.002902540 0.003115840 0.003119840 0.003143620 0.002519970 0.002699960 0.003371150 0.002798830 0.001939940 0.000908560 0.000070500 0.000000000 0.003344060 0.003474760 0.003444560 0.003550810 0.003337390 0.003355260 0.002540510 0.003745090 
37     0.003762880 0.003812950 0.003874710 0.003819280 0.002927470 0.003590010 0.002331810 0.004208830 0.002140640 0.003555930 0.003351530 0.004646420 0.000960670 0.001021820 0.003039760 0.003085350 0.003140050 0.003292460 0.002987120 0.002335650 0.003542240 0.003327740 0.003761690 0.002465470 0.003026710 0.003173720 0.003048910 0.002842340 0.003085460 0.002675110 0.002531290 0.002597780 0.002811080 0.002815080 0.002838860 0.002215210 0.002395200 0.003913940 0.000976620 0.000905190 0.003005630 0.003391190 0.003344060 0.000000000 0.000539790 0.000344620 0.001629190 0.001415770 0.001433640 0.001495860 0.003440330 
40     0.004204880 0.004254950 0.004316710 0.004261280 0.003369470 0.003656020 0.003278380 0.002855240 0.002102560 0.002901060 0.003340180 0.004765430 0.002621810 0.003165030 0.003481760 0.003527350 0.003582050 0.003734460 0.003046730 0.002712140 0.003597830 0.002348130 0.003615530 0.002907470 0.002781380 0.002914530 0.002739970 0.003284340 0.002530890 0.003117110 0.002973290 0.003039780 0.003253080 0.003257080 0.003280860 0.002657210 0.002837200 0.004301810 0.004066050 0.002634520 0.002071370 0.003833190 0.003474760 0.000539790 0.000000000 0.000843550 0.002071190 0.001857770 0.001875640 0.002677750 0.003882330 
24     0.003863380 0.003913450 0.003975210 0.003919780 0.003027970 0.003690510 0.003878170 0.003455030 0.002241140 0.003500850 0.003452030 0.004746920 0.002795800 0.002823530 0.003140260 0.003185850 0.003240550 0.003392960 0.003087620 0.002436150 0.003642740 0.002947920 0.003862190 0.002565970 0.003127210 0.003274220 0.003149410 0.002942840 0.003130680 0.002775610 0.002631790 0.002698280 0.002911580 0.002915580 0.002939360 0.002315710 0.002495700 0.004014440 0.003724550 0.003234310 0.002671160 0.003491690 0.003444560 0.000344620 0.000843550 0.000000000 0.001729690 0.001516270 0.001534140 0.002336250 0.003540830 
22     0.003969630 0.004019700 0.004081460 0.004026030 0.003134220 0.003796760 0.004934370 0.004433560 0.002347390 0.003762680 0.003558280 0.004853170 0.002902050 0.002929780 0.003246510 0.003292100 0.003346800 0.003499210 0.003193870 0.002542400 0.003748990 0.003646180 0.003968440 0.002672220 0.003233460 0.003380470 0.003255660 0.003049090 0.003292210 0.002881860 0.002738040 0.002804530 0.003017830 0.003021830 0.003045610 0.002421960 0.002585120 0.000891090 0.003830800 0.003448070 0.003212380 0.003597940 0.003550810 0.001629190 0.002071190 0.001729690 0.000000000 0.000255190 0.000316280 0.001005750 0.003647080 
34     0.003756210 0.003806280 0.003868040 0.003812610 0.002920800 0.003583340 0.005069570 0.004220140 0.002133970 0.003549260 0.003344860 0.004639750 0.002688630 0.002716360 0.003033090 0.003078680 0.003133380 0.003285790 0.002980450 0.002328980 0.003535570 0.003163380 0.003755020 0.002458800 0.003020040 0.003167050 0.003042240 0.002835670 0.003078790 0.002668440 0.002524620 0.002591110 0.002804410 0.002808410 0.002832190 0.002208540 0.002388530 0.000902880 0.003555900 0.003234650 0.002998960 0.003384520 0.003337390 0.001415770 0.001857770 0.001516270 0.000255190 0.000000000 0.000099010 0.001017540 0.003433660 
31     0.003774080 0.003824150 0.003885910 0.003830480 0.002938670 0.003601210 0.004842910 0.004238010 0.002151840 0.003567130 0.003362730 0.004657620 0.002706500 0.002734230 0.003050960 0.003096550 0.003151250 0.003303660 0.002998320 0.002346850 0.003553440 0.003450630 0.003772890 0.002476670 0.003037910 0.003184920 0.003060110 0.002853540 0.003096660 0.002686310 0.002542490 0.002608980 0.002822280 0.002826280 0.002850060 0.002226410 0.002406400 0.003925140 0.003635250 0.003252520 0.003016830 0.003402390 0.003355260 0.001433640 0.001875640 0.001534140 0.000316280 0.000099010 0.000000000 0.002246950 0.003451530 
10     0.002831290 0.001930810 0.001075420 0.001789810 0.001995880 0.001480050 0.003061500 0.002946620 0.001209050 0.002624340 0.002419940 0.003714830 0.001763710 0.001791440 0.002108170 0.002153760 0.002208460 0.002360870 0.002055530 0.001404060 0.002610650 0.001251460 0.002830100 0.001533880 0.002095120 0.002242130 0.002117320 0.001910750 0.002153870 0.001743520 0.001599700 0.001666190 0.001879490 0.001883490 0.001907270 0.001283620 0.001463610 0.000206820 0.001604600 0.002036190 0.002202080 0.002587640 0.002540510 0.001495860 0.002677750 0.002336250 0.001005750 0.001017540 0.002246950 0.000000000 0.002508740 
0     0.003089110 0.003139180 0.003200940 0.003145510 0.002253700 0.002916240 0.005059240 0.003189430 0.000766700 0.003742840 0.003538440 0.004342590 0.002882210 0.002909940 0.003226670 0.003272260 0.003326960 0.003479370 0.003174030 0.001504260 0.001518120 0.003626340 0.003774030 0.002509800 0.003071040 0.003218050 0.003093240 0.002886670 0.003129790 0.002719440 0.002575620 0.002642110 0.003037670 0.003041670 0.003065450 0.002441800 0.002621790 0.004347990 0.004058100 0.003642350 0.003406660 0.003792220 0.003745090 0.003440330 0.003882330 0.003540830 0.003647080 0.003433660 0.003451530 0.002508740 0.000000000 
