51
3     0.000000000 0.000025130 0.000027800 0.000031320 0.000031860 0.000031850 0.000030580 0.000035960 0.000029090 0.000029570 0.000030350 0.000030900 0.000031190 0.000031950 0.000033360 0.000031290 0.000030730 0.000031370 0.000029210 0.000025420 0.000026410 0.000033910 0.000034100 0.000032140 0.000027750 0.000026860 0.000030100 0.000030150 0.000030920 0.000028130 0.000029710 0.000029210 0.000028790 0.000030960 0.000031450 0.000033260 0.000031990 0.000032580 0.000032260 0.000036730 0.000034790 0.000034460 0.000034950 0.000040360 0.000033920 0.000034710 0.000036000 0.000030920 0.000034970 0.000031680 0.000080930 
9     0.000025130 0.000000000 0.000013810 0.000014190 0.000014730 0.000014720 0.000013450 0.000018830 0.000011960 0.000012440 0.000013220 0.000013770 0.000014060 0.000014820 0.000020430 0.000018360 0.000017800 0.000018440 0.000016280 0.000012490 0.000013480 0.000020980 0.000021170 0.000019210 0.000014820 0.000013930 0.000017170 0.000017220 0.000017990 0.000015200 0.000016780 0.000016280 0.000015860 0.000018030 0.000018520 0.000020330 0.000019060 0.000019650 0.000019330 0.000023800 0.000021860 0.000021530 0.000022020 0.000027430 0.000020990 0.000022080 0.000023070 0.000017990 0.000022040 0.000018750 0.000068000 
5     0.000027800 0.000013810 0.000000000 0.000020000 0.000020540 0.000020530 0.000019260 0.000024640 0.000017770 0.000018250 0.000019030 0.000016930 0.000019870 0.000020630 0.000023100 0.000021030 0.000020470 0.000021110 0.000018950 0.000015160 0.000016150 0.000023650 0.000023840 0.000021880 0.000017490 0.000016600 0.000019840 0.000019890 0.000020660 0.000017870 0.000019450 0.000018950 0.000018530 0.000020700 0.000021190 0.000023000 0.000021730 0.000022320 0.000022000 0.000026470 0.000024530 0.000024200 0.000024690 0.000030100 0.000023660 0.000024750 0.000025740 0.000020660 0.000024710 0.000021420 0.000070670 
7     0.000031320 0.000014190 0.000020000 0.000000000 0.000001780 0.000001830 0.000007820 0.000013200 0.000006330 0.000006810 0.000008730 0.000009280 0.000011350 0.000012110 0.000026620 0.000024550 0.000023990 0.000024630 0.000022470 0.000018680 0.000019670 0.000027170 0.000027360 0.000025400 0.000021010 0.000020120 0.000023360 0.000023410 0.000024180 0.000021390 0.000022970 0.000022470 0.000022050 0.000024220 0.000024710 0.000026520 0.000025250 0.000025840 0.000025520 0.000029990 0.000028050 0.000027720 0.000028210 0.000033620 0.000027180 0.000028270 0.000029260 0.000024180 0.000028230 0.000024940 0.000074190 
4     0.000031860 0.000014730 0.000020540 0.000001780 0.000000000 0.000005070 0.000008360 0.000013740 0.000006870 0.000007350 0.000009270 0.000009820 0.000011890 0.000012650 0.000027160 0.000025090 0.000024530 0.000025170 0.000023010 0.000019220 0.000020210 0.000027710 0.000027900 0.000025940 0.000021550 0.000020660 0.000023900 0.000023950 0.000024720 0.000021930 0.000023510 0.000023010 0.000022590 0.000024760 0.000025250 0.000027060 0.000025790 0.000026380 0.000026060 0.000030530 0.000028590 0.000028260 0.000028750 0.000034160 0.000027720 0.000028810 0.000029800 0.000024720 0.000028770 0.000025480 0.000074730 
13     0.000031850 0.000014720 0.000020530 0.000001830 0.000005070 0.000000000 0.000008350 0.000013730 0.000006860 0.000007340 0.000009260 0.000009810 0.000011880 0.000012640 0.000027150 0.000025080 0.000024520 0.000025160 0.000023000 0.000019210 0.000020200 0.000027700 0.000027890 0.000025930 0.000021540 0.000020650 0.000023890 0.000023940 0.000024710 0.000021920 0.000023500 0.000023000 0.000022580 0.000024750 0.000025240 0.000027050 0.000025780 0.000026370 0.000026050 0.000030520 0.000028580 0.000028250 0.000028740 0.000034150 0.000027710 0.000028800 0.000029790 0.000024710 0.000028760 0.000025470 0.000074720 
8     0.000030580 0.000013450 0.000019260 0.000007820 0.000008360 0.000008350 0.000000000 0.000009860 0.000005050 0.000005530 0.000007990 0.000008540 0.000010610 0.000011370 0.000025880 0.000023810 0.000023250 0.000023890 0.000021730 0.000017940 0.000018930 0.000026430 0.000026620 0.000024660 0.000020270 0.000019380 0.000022620 0.000022670 0.000023440 0.000020650 0.000022230 0.000021730 0.000021310 0.000023480 0.000023970 0.000025780 0.000024510 0.000025100 0.000024780 0.000029250 0.000027310 0.000026980 0.000027470 0.000032880 0.000026440 0.000027530 0.000028520 0.000023440 0.000027490 0.000024200 0.000073450 
14     0.000035960 0.000018830 0.000024640 0.000013200 0.000013740 0.000013730 0.000009860 0.000000000 0.000010430 0.000010910 0.000013370 0.000013920 0.000015990 0.000016750 0.000031260 0.000029190 0.000028630 0.000029270 0.000027110 0.000023320 0.000024310 0.000031810 0.000032000 0.000030040 0.000025650 0.000024760 0.000028000 0.000028050 0.000028820 0.000026030 0.000027610 0.000027110 0.000026690 0.000028860 0.000029350 0.000031160 0.000029890 0.000030480 0.000030160 0.000034630 0.000032690 0.000032360 0.000032850 0.000038260 0.000031820 0.000032910 0.000033900 0.000028820 0.000032870 0.000029580 0.000078830 
6     0.000029090 0.000011960 0.000017770 0.000006330 0.000006870 0.000006860 0.000005050 0.000010430 0.000000000 0.000001200 0.000006500 0.000007050 0.000009120 0.000009880 0.000024390 0.000022320 0.000021760 0.000022400 0.000020240 0.000016450 0.000017440 0.000024940 0.000025130 0.000023170 0.000018780 0.000017890 0.000021130 0.000021180 0.000021950 0.000019160 0.000020740 0.000020240 0.000019820 0.000021990 0.000022480 0.000024290 0.000023020 0.000023610 0.000023290 0.000027760 0.000025820 0.000025490 0.000025980 0.000031390 0.000024950 0.000026040 0.000027030 0.000021950 0.000026000 0.000022710 0.000071960 
1     0.000029570 0.000012440 0.000018250 0.000006810 0.000007350 0.000007340 0.000005530 0.000010910 0.000001200 0.000000000 0.000006980 0.000007530 0.000009600 0.000010360 0.000024870 0.000022800 0.000022240 0.000022880 0.000020720 0.000016930 0.000017920 0.000025420 0.000025610 0.000023650 0.000019260 0.000018370 0.000021610 0.000021660 0.000022430 0.000019640 0.000021220 0.000020720 0.000020300 0.000022470 0.000022960 0.000024770 0.000023500 0.000024090 0.000023770 0.000028240 0.000026300 0.000025970 0.000026460 0.000031870 0.000025430 0.000026520 0.000027510 0.000022430 0.000026480 0.000023190 0.000072440 
10     0.000030350 0.000013220 0.000019030 0.000008730 0.000009270 0.000009260 0.000007990 0.000013370 0.000006500 0.000006980 0.000000000 0.000002450 0.000010380 0.000011140 0.000025650 0.000023580 0.000023020 0.000023660 0.000021500 0.000017710 0.000018700 0.000026200 0.000026390 0.000024430 0.000020040 0.000019150 0.000022390 0.000022440 0.000023210 0.000020420 0.000022000 0.000021500 0.000021080 0.000023250 0.000023740 0.000025550 0.000024280 0.000024870 0.000024550 0.000029020 0.000027080 0.000026750 0.000027240 0.000032650 0.000026210 0.000027300 0.000028290 0.000023210 0.000027260 0.000023970 0.000073220 
12     0.000030900 0.000013770 0.000016930 0.000009280 0.000009820 0.000009810 0.000008540 0.000013920 0.000007050 0.000007530 0.000002450 0.000000000 0.000010930 0.000011690 0.000026200 0.000024130 0.000023570 0.000024210 0.000022050 0.000018260 0.000019250 0.000026750 0.000026940 0.000024980 0.000020590 0.000019700 0.000022940 0.000022990 0.000023760 0.000020970 0.000022550 0.000022050 0.000021630 0.000023800 0.000024290 0.000026100 0.000024830 0.000025420 0.000025100 0.000029570 0.000027630 0.000027300 0.000027790 0.000033200 0.000026760 0.000021420 0.000028840 0.000023760 0.000027810 0.000024520 0.000069200 
11     0.000031190 0.000014060 0.000019870 0.000011350 0.000011890 0.000011880 0.000010610 0.000015990 0.000009120 0.000009600 0.000010380 0.000010930 0.000000000 0.000003440 0.000026490 0.000024420 0.000023860 0.000024500 0.000022340 0.000018550 0.000019540 0.000027040 0.000027230 0.000025270 0.000020880 0.000019990 0.000023230 0.000023280 0.000024050 0.000021260 0.000022840 0.000022340 0.000021920 0.000024090 0.000024580 0.000026390 0.000025120 0.000025710 0.000025390 0.000029860 0.000027920 0.000027590 0.000028080 0.000033490 0.000027050 0.000028140 0.000029130 0.000024050 0.000028100 0.000024810 0.000074060 
2     0.000031950 0.000014820 0.000020630 0.000012110 0.000012650 0.000012640 0.000011370 0.000016750 0.000009880 0.000010360 0.000011140 0.000011690 0.000003440 0.000000000 0.000027250 0.000025180 0.000024620 0.000025260 0.000023100 0.000019310 0.000020300 0.000027800 0.000027990 0.000026030 0.000021640 0.000020750 0.000023990 0.000024040 0.000024810 0.000022020 0.000023600 0.000023100 0.000022680 0.000024850 0.000025340 0.000027150 0.000025880 0.000026470 0.000026150 0.000030620 0.000028680 0.000028350 0.000028840 0.000034250 0.000027810 0.000028900 0.000029890 0.000024810 0.000028860 0.000025570 0.000074820 
26     0.000033360 0.000020430 0.000023100 0.000026620 0.000027160 0.000027150 0.000025880 0.000031260 0.000024390 0.000024870 0.000025650 0.000026200 0.000026490 0.000027250 0.000000000 0.000020790 0.000019660 0.000020870 0.000009320 0.000014920 0.000015910 0.000023410 0.000023600 0.000011920 0.000007560 0.000007390 0.000010790 0.000019650 0.000010020 0.000017010 0.000019210 0.000018710 0.000018290 0.000024900 0.000025390 0.000027200 0.000025930 0.000026520 0.000026200 0.000030670 0.000028730 0.000028400 0.000028890 0.000034300 0.000027860 0.000024380 0.000029940 0.000024860 0.000028910 0.000025620 0.000072220 
17     0.000031290 0.000018360 0.000021030 0.000024550 0.000025090 0.000025080 0.000023810 0.000029190 0.000022320 0.000022800 0.000023580 0.000024130 0.000024420 0.000025180 0.000020790 0.000000000 0.000002970 0.000018280 0.000016120 0.000012330 0.000013320 0.000020820 0.000019230 0.000019050 0.000012880 0.000011990 0.000017010 0.000017060 0.000017830 0.000015040 0.000016620 0.000016120 0.000015700 0.000022830 0.000023320 0.000025130 0.000023860 0.000024450 0.000024130 0.000028600 0.000026660 0.000026330 0.000026820 0.000032230 0.000025790 0.000026880 0.000027870 0.000022790 0.000026840 0.000023550 0.000072800 
41     0.000030730 0.000017800 0.000020470 0.000023990 0.000024530 0.000024520 0.000023250 0.000028630 0.000021760 0.000022240 0.000023020 0.000023570 0.000023860 0.000024620 0.000019660 0.000002970 0.000000000 0.000017720 0.000015560 0.000011770 0.000012760 0.000020260 0.000018670 0.000018490 0.000012320 0.000011430 0.000016450 0.000016500 0.000017270 0.000014480 0.000016060 0.000015560 0.000015140 0.000022270 0.000022760 0.000024570 0.000023300 0.000023890 0.000023570 0.000028040 0.000026100 0.000025770 0.000026260 0.000031670 0.000025230 0.000026320 0.000027310 0.000022230 0.000026280 0.000022990 0.000072240 
18     0.000031370 0.000018440 0.000021110 0.000024630 0.000025170 0.000025160 0.000023890 0.000029270 0.000022400 0.000022880 0.000023660 0.000024210 0.000024500 0.000025260 0.000020870 0.000018280 0.000017720 0.000000000 0.000005760 0.000009870 0.000009860 0.000004590 0.000021090 0.000018930 0.000014740 0.000013850 0.000016890 0.000016940 0.000017710 0.000014920 0.000016500 0.000016000 0.000015580 0.000022910 0.000023400 0.000025210 0.000023940 0.000024530 0.000024210 0.000028680 0.000026740 0.000026410 0.000026900 0.000032310 0.000025870 0.000026960 0.000027950 0.000022870 0.000026920 0.000023630 0.000072880 
23     0.000029210 0.000016280 0.000018950 0.000022470 0.000023010 0.000023000 0.000021730 0.000027110 0.000020240 0.000020720 0.000021500 0.000022050 0.000022340 0.000023100 0.000009320 0.000016120 0.000015560 0.000005760 0.000000000 0.000004480 0.000007700 0.000018540 0.000018930 0.000009100 0.000004740 0.000004570 0.000007970 0.000014780 0.000007200 0.000012760 0.000014340 0.000013840 0.000013420 0.000020750 0.000021240 0.000023050 0.000021780 0.000022370 0.000022050 0.000026520 0.000024580 0.000024250 0.000024740 0.000030150 0.000023710 0.000021760 0.000025790 0.000020710 0.000024760 0.000021470 0.000069600 
20     0.000025420 0.000012490 0.000015160 0.000018680 0.000019220 0.000019210 0.000017940 0.000023320 0.000016450 0.000016930 0.000017710 0.000018260 0.000018550 0.000019310 0.000014920 0.000012330 0.000011770 0.000009870 0.000004480 0.000000000 0.000004910 0.000014750 0.000015140 0.000012980 0.000008790 0.000007900 0.000010940 0.000010990 0.000011760 0.000008970 0.000010550 0.000010050 0.000009630 0.000016960 0.000017450 0.000019260 0.000017990 0.000018580 0.000018260 0.000022730 0.000020790 0.000020460 0.000020950 0.000026360 0.000019920 0.000021010 0.000022000 0.000016920 0.000020970 0.000017680 0.000066930 
49     0.000026410 0.000013480 0.000016150 0.000019670 0.000020210 0.000020200 0.000018930 0.000024310 0.000017440 0.000017920 0.000018700 0.000019250 0.000019540 0.000020300 0.000015910 0.000013320 0.000012760 0.000009860 0.000007700 0.000004910 0.000000000 0.000015740 0.000016130 0.000013970 0.000009780 0.000008890 0.000011930 0.000011980 0.000012750 0.000009960 0.000011540 0.000011040 0.000010620 0.000017950 0.000018440 0.000020250 0.000018980 0.000019570 0.000019250 0.000023720 0.000021780 0.000021450 0.000021940 0.000027350 0.000020910 0.000022000 0.000022990 0.000017910 0.000021960 0.000018670 0.000067920 
22     0.000033910 0.000020980 0.000023650 0.000027170 0.000027710 0.000027700 0.000026430 0.000031810 0.000024940 0.000025420 0.000026200 0.000026750 0.000027040 0.000027800 0.000023410 0.000020820 0.000020260 0.000004590 0.000018540 0.000014750 0.000015740 0.000000000 0.000023630 0.000020590 0.000017280 0.000016390 0.000018550 0.000018600 0.000019370 0.000016580 0.000015280 0.000014780 0.000014360 0.000025450 0.000025940 0.000027750 0.000026480 0.000027070 0.000026750 0.000031220 0.000029280 0.000028950 0.000029440 0.000034850 0.000028410 0.000029500 0.000030490 0.000025410 0.000029460 0.000026170 0.000075420 
31     0.000034100 0.000021170 0.000023840 0.000027360 0.000027900 0.000027890 0.000026620 0.000032000 0.000025130 0.000025610 0.000026390 0.000026940 0.000027230 0.000027990 0.000023600 0.000019230 0.000018670 0.000021090 0.000018930 0.000015140 0.000016130 0.000023630 0.000000000 0.000002490 0.000011410 0.000010520 0.000019820 0.000019870 0.000020640 0.000017850 0.000019430 0.000018930 0.000018510 0.000025640 0.000026130 0.000027940 0.000026670 0.000027260 0.000026940 0.000031410 0.000029470 0.000029140 0.000029630 0.000035040 0.000028600 0.000029690 0.000030680 0.000025600 0.000029650 0.000026360 0.000075610 
32     0.000032140 0.000019210 0.000021880 0.000025400 0.000025940 0.000025930 0.000024660 0.000030040 0.000023170 0.000023650 0.000024430 0.000024980 0.000025270 0.000026030 0.000011920 0.000019050 0.000018490 0.000018930 0.000009100 0.000012980 0.000013970 0.000020590 0.000002490 0.000000000 0.000005360 0.000005190 0.000009090 0.000015070 0.000008320 0.000013050 0.000016390 0.000015890 0.000015470 0.000023680 0.000024170 0.000025980 0.000024710 0.000025300 0.000024980 0.000029450 0.000027510 0.000027180 0.000027670 0.000033080 0.000026640 0.000024360 0.000028720 0.000023640 0.000027690 0.000024400 0.000072200 
30     0.000027750 0.000014820 0.000017490 0.000021010 0.000021550 0.000021540 0.000020270 0.000025650 0.000018780 0.000019260 0.000020040 0.000020590 0.000020880 0.000021640 0.000007560 0.000012880 0.000012320 0.000014740 0.000004740 0.000008790 0.000009780 0.000017280 0.000011410 0.000005360 0.000000000 0.000000010 0.000004730 0.000013520 0.000003960 0.000010950 0.000013080 0.000012580 0.000012160 0.000019290 0.000019780 0.000021590 0.000020320 0.000020910 0.000020590 0.000025060 0.000023120 0.000022790 0.000023280 0.000028690 0.000022250 0.000020000 0.000024330 0.000019250 0.000023300 0.000020010 0.000067840 
34     0.000026860 0.000013930 0.000016600 0.000020120 0.000020660 0.000020650 0.000019380 0.000024760 0.000017890 0.000018370 0.000019150 0.000019700 0.000019990 0.000020750 0.000007390 0.000011990 0.000011430 0.000013850 0.000004570 0.000007900 0.000008890 0.000016390 0.000010520 0.000005190 0.000000010 0.000000000 0.000004560 0.000012630 0.000003790 0.000010610 0.000012190 0.000011690 0.000011270 0.000018400 0.000018890 0.000020700 0.000019430 0.000020020 0.000019700 0.000024170 0.000022230 0.000021900 0.000022390 0.000027800 0.000021360 0.000019830 0.000023440 0.000018360 0.000022410 0.000019120 0.000067670 
50     0.000030100 0.000017170 0.000019840 0.000023360 0.000023900 0.000023890 0.000022620 0.000028000 0.000021130 0.000021610 0.000022390 0.000022940 0.000023230 0.000023990 0.000010790 0.000017010 0.000016450 0.000016890 0.000007970 0.000010940 0.000011930 0.000018550 0.000019820 0.000009090 0.000004730 0.000004560 0.000000000 0.000009040 0.000000790 0.000006240 0.000014350 0.000013850 0.000013430 0.000021640 0.000022130 0.000023940 0.000022670 0.000023260 0.000022940 0.000027410 0.000025470 0.000025140 0.000025630 0.000031040 0.000024600 0.000023230 0.000026680 0.000021600 0.000025650 0.000022360 0.000071070 
28     0.000030150 0.000017220 0.000019890 0.000023410 0.000023950 0.000023940 0.000022670 0.000028050 0.000021180 0.000021660 0.000022440 0.000022990 0.000023280 0.000024040 0.000019650 0.000017060 0.000016500 0.000016940 0.000014780 0.000010990 0.000011980 0.000018600 0.000019870 0.000015070 0.000013520 0.000012630 0.000009040 0.000000000 0.000002030 0.000002490 0.000014400 0.000013900 0.000013480 0.000021690 0.000022180 0.000023990 0.000022720 0.000023310 0.000022990 0.000027460 0.000025520 0.000025190 0.000025680 0.000031090 0.000024650 0.000025740 0.000026730 0.000021650 0.000025700 0.000022410 0.000071660 
37     0.000030920 0.000017990 0.000020660 0.000024180 0.000024720 0.000024710 0.000023440 0.000028820 0.000021950 0.000022430 0.000023210 0.000023760 0.000024050 0.000024810 0.000010020 0.000017830 0.000017270 0.000017710 0.000007200 0.000011760 0.000012750 0.000019370 0.000020640 0.000008320 0.000003960 0.000003790 0.000000790 0.000002030 0.000000000 0.000000070 0.000015170 0.000014670 0.000014250 0.000022460 0.000022950 0.000024760 0.000023490 0.000024080 0.000023760 0.000028230 0.000026290 0.000025960 0.000026450 0.000031860 0.000025420 0.000022460 0.000027500 0.000022420 0.000026470 0.000023180 0.000070300 
27     0.000028130 0.000015200 0.000017870 0.000021390 0.000021930 0.000021920 0.000020650 0.000026030 0.000019160 0.000019640 0.000020420 0.000020970 0.000021260 0.000022020 0.000017010 0.000015040 0.000014480 0.000014920 0.000012760 0.000008970 0.000009960 0.000016580 0.000017850 0.000013050 0.000010950 0.000010610 0.000006240 0.000002490 0.000000070 0.000000000 0.000012380 0.000011880 0.000011460 0.000019670 0.000020160 0.000021970 0.000020700 0.000021290 0.000020970 0.000025440 0.000023500 0.000023170 0.000023660 0.000029070 0.000022630 0.000023720 0.000024710 0.000019630 0.000023680 0.000020390 0.000069640 
15     0.000029710 0.000016780 0.000019450 0.000022970 0.000023510 0.000023500 0.000022230 0.000027610 0.000020740 0.000021220 0.000022000 0.000022550 0.000022840 0.000023600 0.000019210 0.000016620 0.000016060 0.000016500 0.000014340 0.000010550 0.000011540 0.000015280 0.000019430 0.000016390 0.000013080 0.000012190 0.000014350 0.000014400 0.000015170 0.000012380 0.000000000 0.000000270 0.000002210 0.000021250 0.000021740 0.000023550 0.000022280 0.000022870 0.000022550 0.000027020 0.000025080 0.000024750 0.000025240 0.000030650 0.000024210 0.000025300 0.000026290 0.000021210 0.000025260 0.000021970 0.000071220 
48     0.000029210 0.000016280 0.000018950 0.000022470 0.000023010 0.000023000 0.000021730 0.000027110 0.000020240 0.000020720 0.000021500 0.000022050 0.000022340 0.000023100 0.000018710 0.000016120 0.000015560 0.000016000 0.000013840 0.000010050 0.000011040 0.000014780 0.000018930 0.000015890 0.000012580 0.000011690 0.000013850 0.000013900 0.000014670 0.000011880 0.000000270 0.000000000 0.000004760 0.000020750 0.000021240 0.000023050 0.000021780 0.000022370 0.000022050 0.000026520 0.000024580 0.000024250 0.000024740 0.000030150 0.000023710 0.000024800 0.000025790 0.000020710 0.000024760 0.000021470 0.000070720 
44     0.000028790 0.000015860 0.000018530 0.000022050 0.000022590 0.000022580 0.000021310 0.000026690 0.000019820 0.000020300 0.000021080 0.000021630 0.000021920 0.000022680 0.000018290 0.000015700 0.000015140 0.000015580 0.000013420 0.000009630 0.000010620 0.000014360 0.000018510 0.000015470 0.000012160 0.000011270 0.000013430 0.000013480 0.000014250 0.000011460 0.000002210 0.000004760 0.000000000 0.000020330 0.000020820 0.000022630 0.000021360 0.000021950 0.000021630 0.000026100 0.000024160 0.000023830 0.000024320 0.000029730 0.000023290 0.000024380 0.000025370 0.000020290 0.000024340 0.000021050 0.000070300 
47     0.000030960 0.000018030 0.000020700 0.000024220 0.000024760 0.000024750 0.000023480 0.000028860 0.000021990 0.000022470 0.000023250 0.000023800 0.000024090 0.000024850 0.000024900 0.000022830 0.000022270 0.000022910 0.000020750 0.000016960 0.000017950 0.000025450 0.000025640 0.000023680 0.000019290 0.000018400 0.000021640 0.000021690 0.000022460 0.000019670 0.000021250 0.000020750 0.000020330 0.000000000 0.000007190 0.000008260 0.000007730 0.000008640 0.000008320 0.000014190 0.000005210 0.000011920 0.000012410 0.000017820 0.000011380 0.000011070 0.000012060 0.000006980 0.000011030 0.000007740 0.000068850 
36     0.000031450 0.000018520 0.000021190 0.000024710 0.000025250 0.000025240 0.000023970 0.000029350 0.000022480 0.000022960 0.000023740 0.000024290 0.000024580 0.000025340 0.000025390 0.000023320 0.000022760 0.000023400 0.000021240 0.000017450 0.000018440 0.000025940 0.000026130 0.000024170 0.000019780 0.000018890 0.000022130 0.000022180 0.000022950 0.000020160 0.000021740 0.000021240 0.000020820 0.000007190 0.000000000 0.000009490 0.000006200 0.000009130 0.000008810 0.000014680 0.000012740 0.000012410 0.000012900 0.000018310 0.000011870 0.000011560 0.000012550 0.000007470 0.000011520 0.000008230 0.000069340 
16     0.000033260 0.000020330 0.000023000 0.000026520 0.000027060 0.000027050 0.000025780 0.000031160 0.000024290 0.000024770 0.000025550 0.000026100 0.000026390 0.000027150 0.000027200 0.000025130 0.000024570 0.000025210 0.000023050 0.000019260 0.000020250 0.000027750 0.000027940 0.000025980 0.000021590 0.000020700 0.000023940 0.000023990 0.000024760 0.000021970 0.000023550 0.000023050 0.000022630 0.000008260 0.000009490 0.000000000 0.000010030 0.000009650 0.000009480 0.000009570 0.000014550 0.000014220 0.000014710 0.000020120 0.000013680 0.000013370 0.000014360 0.000009280 0.000013330 0.000010040 0.000070890 
29     0.000031990 0.000019060 0.000021730 0.000025250 0.000025790 0.000025780 0.000024510 0.000029890 0.000023020 0.000023500 0.000024280 0.000024830 0.000025120 0.000025880 0.000025930 0.000023860 0.000023300 0.000023940 0.000021780 0.000017990 0.000018980 0.000026480 0.000026670 0.000024710 0.000020320 0.000019430 0.000022670 0.000022720 0.000023490 0.000020700 0.000022280 0.000021780 0.000021360 0.000007730 0.000006200 0.000010030 0.000000000 0.000009670 0.000009350 0.000015220 0.000013280 0.000012950 0.000013440 0.000018850 0.000012410 0.000012100 0.000013090 0.000008010 0.000012060 0.000008770 0.000069880 
33     0.000032580 0.000019650 0.000022320 0.000025840 0.000026380 0.000026370 0.000025100 0.000030480 0.000023610 0.000024090 0.000024870 0.000025420 0.000025710 0.000026470 0.000026520 0.000024450 0.000023890 0.000024530 0.000022370 0.000018580 0.000019570 0.000027070 0.000027260 0.000025300 0.000020910 0.000020020 0.000023260 0.000023310 0.000024080 0.000021290 0.000022870 0.000022370 0.000021950 0.000008640 0.000009130 0.000009650 0.000009670 0.000000000 0.000000170 0.000000200 0.000004390 0.000013540 0.000014030 0.000019440 0.000013000 0.000011690 0.000012680 0.000007600 0.000011650 0.000008360 0.000070470 
35     0.000032260 0.000019330 0.000022000 0.000025520 0.000026060 0.000026050 0.000024780 0.000030160 0.000023290 0.000023770 0.000024550 0.000025100 0.000025390 0.000026150 0.000026200 0.000024130 0.000023570 0.000024210 0.000022050 0.000018260 0.000019250 0.000026750 0.000026940 0.000024980 0.000020590 0.000019700 0.000022940 0.000022990 0.000023760 0.000020970 0.000022550 0.000022050 0.000021630 0.000008320 0.000008810 0.000009480 0.000009350 0.000000170 0.000000000 0.000000090 0.000007470 0.000013220 0.000013710 0.000019120 0.000012680 0.000011370 0.000012360 0.000007280 0.000011330 0.000008040 0.000070150 
38     0.000036730 0.000023800 0.000026470 0.000029990 0.000030530 0.000030520 0.000029250 0.000034630 0.000027760 0.000028240 0.000029020 0.000029570 0.000029860 0.000030620 0.000030670 0.000028600 0.000028040 0.000028680 0.000026520 0.000022730 0.000023720 0.000031220 0.000031410 0.000029450 0.000025060 0.000024170 0.000027410 0.000027460 0.000028230 0.000025440 0.000027020 0.000026520 0.000026100 0.000014190 0.000014680 0.000009570 0.000015220 0.000000200 0.000000090 0.000000000 0.000004160 0.000013390 0.000013880 0.000019290 0.000012850 0.000018240 0.000019230 0.000014150 0.000018200 0.000014910 0.000074620 
25     0.000034790 0.000021860 0.000024530 0.000028050 0.000028590 0.000028580 0.000027310 0.000032690 0.000025820 0.000026300 0.000027080 0.000027630 0.000027920 0.000028680 0.000028730 0.000026660 0.000026100 0.000026740 0.000024580 0.000020790 0.000021780 0.000029280 0.000029470 0.000027510 0.000023120 0.000022230 0.000025470 0.000025520 0.000026290 0.000023500 0.000025080 0.000024580 0.000024160 0.000005210 0.000012740 0.000014550 0.000013280 0.000004390 0.000007470 0.000004160 0.000000000 0.000011450 0.000011940 0.000017350 0.000010910 0.000016300 0.000017290 0.000012210 0.000016260 0.000012970 0.000072680 
19     0.000034460 0.000021530 0.000024200 0.000027720 0.000028260 0.000028250 0.000026980 0.000032360 0.000025490 0.000025970 0.000026750 0.000027300 0.000027590 0.000028350 0.000028400 0.000026330 0.000025770 0.000026410 0.000024250 0.000020460 0.000021450 0.000028950 0.000029140 0.000027180 0.000022790 0.000021900 0.000025140 0.000025190 0.000025960 0.000023170 0.000024750 0.000024250 0.000023830 0.000011920 0.000012410 0.000014220 0.000012950 0.000013540 0.000013220 0.000013390 0.000011450 0.000000000 0.000008370 0.000004830 0.000003920 0.000015970 0.000016960 0.000011880 0.000015930 0.000012640 0.000072350 
24     0.000034950 0.000022020 0.000024690 0.000028210 0.000028750 0.000028740 0.000027470 0.000032850 0.000025980 0.000026460 0.000027240 0.000027790 0.000028080 0.000028840 0.000028890 0.000026820 0.000026260 0.000026900 0.000024740 0.000020950 0.000021940 0.000029440 0.000029630 0.000027670 0.000023280 0.000022390 0.000025630 0.000025680 0.000026450 0.000023660 0.000025240 0.000024740 0.000024320 0.000012410 0.000012900 0.000014710 0.000013440 0.000014030 0.000013710 0.000013880 0.000011940 0.000008370 0.000000000 0.000006170 0.000007090 0.000016460 0.000017450 0.000012370 0.000016420 0.000013130 0.000072840 
21     0.000040360 0.000027430 0.000030100 0.000033620 0.000034160 0.000034150 0.000032880 0.000038260 0.000031390 0.000031870 0.000032650 0.000033200 0.000033490 0.000034250 0.000034300 0.000032230 0.000031670 0.000032310 0.000030150 0.000026360 0.000027350 0.000034850 0.000035040 0.000033080 0.000028690 0.000027800 0.000031040 0.000031090 0.000031860 0.000029070 0.000030650 0.000030150 0.000029730 0.000017820 0.000018310 0.000020120 0.000018850 0.000019440 0.000019120 0.000019290 0.000017350 0.000004830 0.000006170 0.000000000 0.000008310 0.000021870 0.000022860 0.000017780 0.000021830 0.000018540 0.000078250 
39     0.000033920 0.000020990 0.000023660 0.000027180 0.000027720 0.000027710 0.000026440 0.000031820 0.000024950 0.000025430 0.000026210 0.000026760 0.000027050 0.000027810 0.000027860 0.000025790 0.000025230 0.000025870 0.000023710 0.000019920 0.000020910 0.000028410 0.000028600 0.000026640 0.000022250 0.000021360 0.000024600 0.000024650 0.000025420 0.000022630 0.000024210 0.000023710 0.000023290 0.000011380 0.000011870 0.000013680 0.000012410 0.000013000 0.000012680 0.000012850 0.000010910 0.000003920 0.000007090 0.000008310 0.000000000 0.000015430 0.000016420 0.000011340 0.000015390 0.000012100 0.000071810 
40     0.000034710 0.000022080 0.000024750 0.000028270 0.000028810 0.000028800 0.000027530 0.000032910 0.000026040 0.000026520 0.000027300 0.000021420 0.000028140 0.000028900 0.000024380 0.000026880 0.000026320 0.000026960 0.000021760 0.000021010 0.000022000 0.000029500 0.000029690 0.000024360 0.000020000 0.000019830 0.000023230 0.000025740 0.000022460 0.000023720 0.000025300 0.000024800 0.000024380 0.000011070 0.000011560 0.000013370 0.000012100 0.000011690 0.000011370 0.000018240 0.000016300 0.000015970 0.000016460 0.000021870 0.000015430 0.000000000 0.000003640 0.000008710 0.000012760 0.000009470 0.000062620 
43     0.000036000 0.000023070 0.000025740 0.000029260 0.000029800 0.000029790 0.000028520 0.000033900 0.000027030 0.000027510 0.000028290 0.000028840 0.000029130 0.000029890 0.000029940 0.000027870 0.000027310 0.000027950 0.000025790 0.000022000 0.000022990 0.000030490 0.000030680 0.000028720 0.000024330 0.000023440 0.000026680 0.000026730 0.000027500 0.000024710 0.000026290 0.000025790 0.000025370 0.000012060 0.000012550 0.000014360 0.000013090 0.000012680 0.000012360 0.000019230 0.000017290 0.000016960 0.000017450 0.000022860 0.000016420 0.000003640 0.000000000 0.000009700 0.000013750 0.000010460 0.000073890 
45     0.000030920 0.000017990 0.000020660 0.000024180 0.000024720 0.000024710 0.000023440 0.000028820 0.000021950 0.000022430 0.000023210 0.000023760 0.000024050 0.000024810 0.000024860 0.000022790 0.000022230 0.000022870 0.000020710 0.000016920 0.000017910 0.000025410 0.000025600 0.000023640 0.000019250 0.000018360 0.000021600 0.000021650 0.000022420 0.000019630 0.000021210 0.000020710 0.000020290 0.000006980 0.000007470 0.000009280 0.000008010 0.000007600 0.000007280 0.000014150 0.000012210 0.000011880 0.000012370 0.000017780 0.000011340 0.000008710 0.000009700 0.000000000 0.000001680 0.000003420 0.000068810 
46     0.000034970 0.000022040 0.000024710 0.000028230 0.000028770 0.000028760 0.000027490 0.000032870 0.000026000 0.000026480 0.000027260 0.000027810 0.000028100 0.000028860 0.000028910 0.000026840 0.000026280 0.000026920 0.000024760 0.000020970 0.000021960 0.000029460 0.000029650 0.000027690 0.000023300 0.000022410 0.000025650 0.000025700 0.000026470 0.000023680 0.000025260 0.000024760 0.000024340 0.000011030 0.000011520 0.000013330 0.000012060 0.000011650 0.000011330 0.000018200 0.000016260 0.000015930 0.000016420 0.000021830 0.000015390 0.000012760 0.000013750 0.000001680 0.000000000 0.000004350 0.000072860 
42     0.000031680 0.000018750 0.000021420 0.000024940 0.000025480 0.000025470 0.000024200 0.000029580 0.000022710 0.000023190 0.000023970 0.000024520 0.000024810 0.000025570 0.000025620 0.000023550 0.000022990 0.000023630 0.000021470 0.000017680 0.000018670 0.000026170 0.000026360 0.000024400 0.000020010 0.000019120 0.000022360 0.000022410 0.000023180 0.000020390 0.000021970 0.000021470 0.000021050 0.000007740 0.000008230 0.000010040 0.000008770 0.000008360 0.000008040 0.000014910 0.000012970 0.000012640 0.000013130 0.000018540 0.000012100 0.000009470 0.000010460 0.000003420 0.000004350 0.000000000 0.000069570 
0     0.000080930 0.000068000 0.000070670 0.000074190 0.000074730 0.000074720 0.000073450 0.000078830 0.000071960 0.000072440 0.000073220 0.000069200 0.000074060 0.000074820 0.000072220 0.000072800 0.000072240 0.000072880 0.000069600 0.000066930 0.000067920 0.000075420 0.000075610 0.000072200 0.000067840 0.000067670 0.000071070 0.000071660 0.000070300 0.000069640 0.000071220 0.000070720 0.000070300 0.000068850 0.000069340 0.000070890 0.000069880 0.000070470 0.000070150 0.000074620 0.000072680 0.000072350 0.000072840 0.000078250 0.000071810 0.000062620 0.000073890 0.000068810 0.000072860 0.000069570 0.000000000 
