51
2     0.000000000 0.001063780 0.001271830 0.000182960 0.003241640 0.025404840 0.037285580 0.033431480 0.029231450 0.030383300 0.031311050 0.066537330 0.037977560 0.045575060 0.058029030 0.038655530 0.071133830 0.052040370 0.033737820 0.033633390 0.043017540 0.042858160 0.034657430 0.035037830 0.055322240 0.055431750 0.053952660 0.026578530 0.026505370 0.024718660 0.041256120 0.044421900 0.062779310 0.051506250 0.042744840 0.047475920 0.079377360 0.076606610 0.051126780 0.030503750 0.074903170 0.071170990 0.046190090 0.066844080 0.050024100 0.037368820 0.058425360 0.076240610 0.072695720 0.070343170 0.070047640 
11     0.001063780 0.000000000 0.000395090 0.009708910 0.003103200 0.020405720 0.033097320 0.023720040 0.032888430 0.022476260 0.007804550 0.057195290 0.032790820 0.040388320 0.052251950 0.033468790 0.056383010 0.046853630 0.028551080 0.028446650 0.037355460 0.031503690 0.029470690 0.005558530 0.058629060 0.050012530 0.048533440 0.021391790 0.021318630 0.019531920 0.036069380 0.039235160 0.057592570 0.046319510 0.037558100 0.042289180 0.064626540 0.064629500 0.045940040 0.025317010 0.068935740 0.065751770 0.049496910 0.070150900 0.053330920 0.032182080 0.061732180 0.080570330 0.076002540 0.055592350 0.073354460 
3     0.001271830 0.000395090 0.000000000 0.003131770 0.011713140 0.045588750 0.031403590 0.023937750 0.023003170 0.018515810 0.028992860 0.057478980 0.058265740 0.038720170 0.040783030 0.038196680 0.060847910 0.078247070 0.063675980 0.059602070 0.072955700 0.072796320 0.064595590 0.019110140 0.058171520 0.057223960 0.055744870 0.056516690 0.056443530 0.054656820 0.071194280 0.074360060 0.079825380 0.060437850 0.062582920 0.076424460 0.022896290 0.069094400 0.059476170 0.060441910 0.077752450 0.072963200 0.049039370 0.067307840 0.052873380 0.067306980 0.059646840 0.080112790 0.075545000 0.060057250 0.072896920 
1     0.000182960 0.009708910 0.003131770 0.000000000 0.000498660 0.019112370 0.020982120 0.005102870 0.020921280 0.015238300 0.001967860 0.051230960 0.029599080 0.016686970 0.014949900 0.063848630 0.006953580 0.068308850 0.063312950 0.005707740 0.059761030 0.055506490 0.056130290 0.045809210 0.028482330 0.042700890 0.042593590 0.031244060 0.054805380 0.028556700 0.051868100 0.052774190 0.046183340 0.006543520 0.008688590 0.049248020 0.015197110 0.015200070 0.005581840 0.066775390 0.069679680 0.050772570 0.051624790 0.050485110 0.057136790 0.064848270 0.070613600 0.070024430 0.072382260 0.006162920 0.092227710 
5     0.003241640 0.003103200 0.011713140 0.000498660 0.000000000 0.016510330 0.004111480 0.026062090 0.000421450 0.017023820 0.022107150 0.039799010 0.029738310 0.039179660 0.046587680 0.032260130 0.064643190 0.045644970 0.027342420 0.027237990 0.036622140 0.036462760 0.028262030 0.028642430 0.062922520 0.041190210 0.041082910 0.020183130 0.020109970 0.018323260 0.034860720 0.038026500 0.056383910 0.045110850 0.036349440 0.041080520 0.061383360 0.076794660 0.044731380 0.024108350 0.041733690 0.061555170 0.050114110 0.048974430 0.060572970 0.030973420 0.065451490 0.072064280 0.072933070 0.065408400 0.026878750 
15     0.025404840 0.020405720 0.045588750 0.019112370 0.016510330 0.000000000 0.000000270 0.014316950 0.014318010 0.021717100 0.016977390 0.076773690 0.062102680 0.073266940 0.061085050 0.066347410 0.070172510 0.074076200 0.061429700 0.061325270 0.070709420 0.070550040 0.062349310 0.062729710 0.053849210 0.072476440 0.068425400 0.054270410 0.054197250 0.052410540 0.068948000 0.072113780 0.080616770 0.077086320 0.070436720 0.075167800 0.081625260 0.075133580 0.078818660 0.058195630 0.073430140 0.076766270 0.044717060 0.065371050 0.048551070 0.065060700 0.056952330 0.062620610 0.064636180 0.073482550 0.025468280 
10     0.037285580 0.033097320 0.031403590 0.020982120 0.004111480 0.000000270 0.000000000 0.021020750 0.003992450 0.020594820 0.023278820 0.076509730 0.058644490 0.073359660 0.061993300 0.069201740 0.056547140 0.073876660 0.074688520 0.074584090 0.072167270 0.072833980 0.073705310 0.070458420 0.053649670 0.064160900 0.062681810 0.057298570 0.055129710 0.065669360 0.080162150 0.078300900 0.074525660 0.061931280 0.062352190 0.061654260 0.081425720 0.074934040 0.082944590 0.067688160 0.073230600 0.063178810 0.044517520 0.065171510 0.048351530 0.060038700 0.056752790 0.055414170 0.067572690 0.072110110 0.015494970 
14     0.033431480 0.023720040 0.023937750 0.005102870 0.026062090 0.014316950 0.021020750 0.000000000 0.000167780 0.008728370 0.001425680 0.070888650 0.027347590 0.014435480 0.012698410 0.061980090 0.004702090 0.068734910 0.068138290 0.003456250 0.073344700 0.053255000 0.056556350 0.053309460 0.026230840 0.047011940 0.045532850 0.028992570 0.055231440 0.026305210 0.071062340 0.050522700 0.043931850 0.004292030 0.006437100 0.077826640 0.012945620 0.012948580 0.003330350 0.064904220 0.086418170 0.062751180 0.069932820 0.076907860 0.073766830 0.052817050 0.058582380 0.057993210 0.060351040 0.003911430 0.042412890 
6     0.029231450 0.032888430 0.023003170 0.020921280 0.000421450 0.014318010 0.003992450 0.000167780 0.000000000 0.002787290 0.007431850 0.047701210 0.050113850 0.066266870 0.052734020 0.059942460 0.059268180 0.068150640 0.062170690 0.068034920 0.077419070 0.060497180 0.056588640 0.051160230 0.076957860 0.059851270 0.058372180 0.060980060 0.060906900 0.054899060 0.075657650 0.078823430 0.085102340 0.085907780 0.077146370 0.081877450 0.081008720 0.082131420 0.083984220 0.064905280 0.081610120 0.068882070 0.076861760 0.074870230 0.073369410 0.050779420 0.056544750 0.055955580 0.058313410 0.062850830 0.010383320 
8     0.030383300 0.022476260 0.018515810 0.015238300 0.017023820 0.021717100 0.020594820 0.008728370 0.002787290 0.000000000 0.000268470 0.057526840 0.059939480 0.056738440 0.055001370 0.069123200 0.047005050 0.073583420 0.075538440 0.045759210 0.078193210 0.077752120 0.061404860 0.058157970 0.048656650 0.051860450 0.050381360 0.057657730 0.060047850 0.061455010 0.072891250 0.079615550 0.077111520 0.046594990 0.048740060 0.070778410 0.055248580 0.055251540 0.045633310 0.072304370 0.078148740 0.067599690 0.049435660 0.070089650 0.053269670 0.063120600 0.061670930 0.068668340 0.072325440 0.046214390 0.073293210 
16     0.031311050 0.007804550 0.028992860 0.001967860 0.022107150 0.016977390 0.023278820 0.001425680 0.007431850 0.000268470 0.000000000 0.059602740 0.025921930 0.013009820 0.011272750 0.073785130 0.003276430 0.078245350 0.075489610 0.002030590 0.082855140 0.051829340 0.063816150 0.061154890 0.024805180 0.047271810 0.055043290 0.027566910 0.060297850 0.024879550 0.069636680 0.049097040 0.042506190 0.002866370 0.005011440 0.071706160 0.011519960 0.011522920 0.001904690 0.072856300 0.078398740 0.066957300 0.049685660 0.070339650 0.053519670 0.064048350 0.061920930 0.070995400 0.073253190 0.002485770 0.038250100 
7     0.066537330 0.057195290 0.057478980 0.051230960 0.039799010 0.076773690 0.076509730 0.070888650 0.047701210 0.057526840 0.059602740 0.000000000 0.009047300 0.006545580 0.004292130 0.008654530 0.075494780 0.078001210 0.074623860 0.037405310 0.098232470 0.099331580 0.090505520 0.087629960 0.081421920 0.080755440 0.078316260 0.073058850 0.071273150 0.095635780 0.044428530 0.096328120 0.099515910 0.071680370 0.071166210 0.087560430 0.067561870 0.058232500 0.081782810 0.060434030 0.076587960 0.031252320 0.043018680 0.040646490 0.041673260 0.073185310 0.081834850 0.069983340 0.069785940 0.045211620 0.017150360 
4     0.037977560 0.032790820 0.058265740 0.029599080 0.029738310 0.062102680 0.058644490 0.027347590 0.050113850 0.059939480 0.025921930 0.009047300 0.000000000 0.000820310 0.001802630 0.000000950 0.029033780 0.043278350 0.024975800 0.024871370 0.034255520 0.034096140 0.025895410 0.026275810 0.050562530 0.057000920 0.056893620 0.017816510 0.017743350 0.015956640 0.032494100 0.035659880 0.054017290 0.028623720 0.030768790 0.038713900 0.037277310 0.037280270 0.027662040 0.021741730 0.079698810 0.052467320 0.065924820 0.059248520 0.062912490 0.028606800 0.020133100 0.020581460 0.019216760 0.028243120 0.053050940 
12     0.045575060 0.040388320 0.038720170 0.016686970 0.039179660 0.073266940 0.073359660 0.014435480 0.066266870 0.056738440 0.013009820 0.006545580 0.000820310 0.000000000 0.000040540 0.000686390 0.016121670 0.050875850 0.032573300 0.014875830 0.030425520 0.033006470 0.033492910 0.033873310 0.037650420 0.060117050 0.057424070 0.025414010 0.025340850 0.023554140 0.040091600 0.043257380 0.055351430 0.015711610 0.017856680 0.046311400 0.024365200 0.024368160 0.014749930 0.029339230 0.060153240 0.066748200 0.049962680 0.039702950 0.049957180 0.036204300 0.032041950 0.075427530 0.074055540 0.015331010 0.067766110 
9     0.058029030 0.052251950 0.040783030 0.014949900 0.046587680 0.061085050 0.061993300 0.012698410 0.052734020 0.055001370 0.011272750 0.004292130 0.001802630 0.000040540 0.000000000 0.002287840 0.014384600 0.063329820 0.045027270 0.013138760 0.054306990 0.054147610 0.045946880 0.046327280 0.035913350 0.058379980 0.050795000 0.037867980 0.037794820 0.035987720 0.052545570 0.055711350 0.053614360 0.013974540 0.016119610 0.058765370 0.022628130 0.022631090 0.013012860 0.033112780 0.055871000 0.067095860 0.043333610 0.041765810 0.043328110 0.048658270 0.019115470 0.019563830 0.018199130 0.013593940 0.078544430 
13     0.038655530 0.033468790 0.038196680 0.063848630 0.032260130 0.066347410 0.069201740 0.061980090 0.059942460 0.069123200 0.073785130 0.008654530 0.000000950 0.000686390 0.002287840 0.000000000 0.067565820 0.043956320 0.025653770 0.025549340 0.034933490 0.034774110 0.026573380 0.026953780 0.046509920 0.070765290 0.057080290 0.018494480 0.018421320 0.016634610 0.033172070 0.036337850 0.054695260 0.043422200 0.034660790 0.039391870 0.048314070 0.068483560 0.043042730 0.022419700 0.059629750 0.070762270 0.049618900 0.039179460 0.049613400 0.029284770 0.031518460 0.074904040 0.068965910 0.041424490 0.092350460 
38     0.071133830 0.056383010 0.060847910 0.006953580 0.064643190 0.070172510 0.056547140 0.004702090 0.059268180 0.047005050 0.003276430 0.075494780 0.029033780 0.016121670 0.014384600 0.067565820 0.000000000 0.000041710 0.000413400 0.001297900 0.022453450 0.014461630 0.018283960 0.027054990 0.024072490 0.006347460 0.009246820 0.026834220 0.036037600 0.017993960 0.012319450 0.040927920 0.040976210 0.001925390 0.003160120 0.003879970 0.001381540 0.001383140 0.001396820 0.049315140 0.069758270 0.025805830 0.047926420 0.048191320 0.055730700 0.052797280 0.072876490 0.062359880 0.074645150 0.001977900 0.063282720 
21     0.052040370 0.046853630 0.078247070 0.068308850 0.045644970 0.074076200 0.073876660 0.068734910 0.068150640 0.073583420 0.078245350 0.078001210 0.043278350 0.050875850 0.063329820 0.043956320 0.000041710 0.000000000 0.000384200 0.003713130 0.026357140 0.018365320 0.007136580 0.017505340 0.016098000 0.006318260 0.009217620 0.031870980 0.031797820 0.017964760 0.010291260 0.039623790 0.042175800 0.001896190 0.003130920 0.003850770 0.001352340 0.001353940 0.013793280 0.025705640 0.038488610 0.039107620 0.032307530 0.032572430 0.052607830 0.042664850 0.069207230 0.075923650 0.068558260 0.086900320 0.067186410 
18     0.033737820 0.028551080 0.063675980 0.063312950 0.027342420 0.061429700 0.074688520 0.068138290 0.062170690 0.075538440 0.075489610 0.074623860 0.024975800 0.032573300 0.045027270 0.025653770 0.000413400 0.000384200 0.000000000 0.000635180 0.011573080 0.011413700 0.003212970 0.003593370 0.014471180 0.006408520 0.009307880 0.013568430 0.013495270 0.011708560 0.012380510 0.021321240 0.039678650 0.001986450 0.003221180 0.003941030 0.001442600 0.001444200 0.013883540 0.007403090 0.023905400 0.048561230 0.024798980 0.041726150 0.024793480 0.024362300 0.067549540 0.084206180 0.091825550 0.070005170 0.078924590 
50     0.033633390 0.028446650 0.059602070 0.005707740 0.027237990 0.061325270 0.074584090 0.003456250 0.068034920 0.045759210 0.002030590 0.037405310 0.024871370 0.014875830 0.013138760 0.025549340 0.001297900 0.003713130 0.000635180 0.000000000 0.011468650 0.010380970 0.003108540 0.003488940 0.015073540 0.009737450 0.012636810 0.013464000 0.013390840 0.011604130 0.015709440 0.021216810 0.039574220 0.001112660 0.003257730 0.007269960 0.004771530 0.004773130 0.000150980 0.007298660 0.019180050 0.016459070 0.038729630 0.044792790 0.026904240 0.024257870 0.068151900 0.084101750 0.097444510 0.000732060 0.072117410 
35     0.043017540 0.037355460 0.072955700 0.059761030 0.036622140 0.070709420 0.072167270 0.073344700 0.077419070 0.078193210 0.082855140 0.098232470 0.034255520 0.030425520 0.054306990 0.034933490 0.022453450 0.026357140 0.011573080 0.011468650 0.000000000 0.000386450 0.002985810 0.004999930 0.037870590 0.024852270 0.005776450 0.022848150 0.022774990 0.020988280 0.027435180 0.030600960 0.048958370 0.037685310 0.028923900 0.033654980 0.064638310 0.064639910 0.037305840 0.016682810 0.073826870 0.041425960 0.072957020 0.081599730 0.071350830 0.033642020 0.085192290 0.077980010 0.098143880 0.078341550 0.074135550 
43     0.042858160 0.031503690 0.072796320 0.055506490 0.036462760 0.070550040 0.072833980 0.053255000 0.060497180 0.077752120 0.051829340 0.099331580 0.034096140 0.033006470 0.054147610 0.034774110 0.014461630 0.018365320 0.011413700 0.010380970 0.000386450 0.000000000 0.002642060 0.008576250 0.037418570 0.035763780 0.032879910 0.022688770 0.022615610 0.020828900 0.027275800 0.030441580 0.048798990 0.037525930 0.028764520 0.033495600 0.059565000 0.059567960 0.037146460 0.016523430 0.069038790 0.042103180 0.064965200 0.081440350 0.068799210 0.033482640 0.077200470 0.078657230 0.091470830 0.050530810 0.066143730 
49     0.034657430 0.029470690 0.064595590 0.056130290 0.028262030 0.062349310 0.073705310 0.056556350 0.056588640 0.061404860 0.063816150 0.090505520 0.025895410 0.033492910 0.045946880 0.026573380 0.018283960 0.007136580 0.003212970 0.003108540 0.002985810 0.002642060 0.000000000 0.000380560 0.020354880 0.016421400 0.019767450 0.014488040 0.014414880 0.012628170 0.019075070 0.022240850 0.017192740 0.006069250 0.000266740 0.025294870 0.059678410 0.057377840 0.028945730 0.008322700 0.042470950 0.044545180 0.068534220 0.073239620 0.072621540 0.025281910 0.073189570 0.081099230 0.072540600 0.081460770 0.069966060 
40     0.035037830 0.005558530 0.019110140 0.045809210 0.028642430 0.062729710 0.070458420 0.053309460 0.051160230 0.058157970 0.061154890 0.087629960 0.026275810 0.033873310 0.046327280 0.026953780 0.027054990 0.017505340 0.003593370 0.003488940 0.004999930 0.008576250 0.000380560 0.000000000 0.030723640 0.022145980 0.019655040 0.014868440 0.014795280 0.013008570 0.019455470 0.022621250 0.040978660 0.029705600 0.020944190 0.025675270 0.038079510 0.038081110 0.029326130 0.008703100 0.052839710 0.041765980 0.060291020 0.059151340 0.071690850 0.025662310 0.083558330 0.078320030 0.082909360 0.078681570 0.078737090 
44     0.055322240 0.058629060 0.058171520 0.028482330 0.062922520 0.053849210 0.053649670 0.026230840 0.076957860 0.048656650 0.024805180 0.081421920 0.050562530 0.037650420 0.035913350 0.046509920 0.024072490 0.016098000 0.014471180 0.015073540 0.037870590 0.037418570 0.020354880 0.030723640 0.000000000 0.000709900 0.001150030 0.002870970 0.005760180 0.000183610 0.052106500 0.058211210 0.058259500 0.023887250 0.026032320 0.041564570 0.032540840 0.032543800 0.022925570 0.037591030 0.025480010 0.043089120 0.029195370 0.046122540 0.029189870 0.070080570 0.019908060 0.076854310 0.072286520 0.023506650 0.046959420 
33     0.055431750 0.050012530 0.057223960 0.042700890 0.041190210 0.072476440 0.064160900 0.047011940 0.059851270 0.051860450 0.047271810 0.080755440 0.057000920 0.060117050 0.058379980 0.070765290 0.006347460 0.006318260 0.006408520 0.009737450 0.024852270 0.035763780 0.016421400 0.022145980 0.000709900 0.000000000 0.000107500 0.021658320 0.024080540 0.008988620 0.017876010 0.058887840 0.047761560 0.007481950 0.008716680 0.009436530 0.006938100 0.006939700 0.019379040 0.050235550 0.054130290 0.065244300 0.051320110 0.056043020 0.051314610 0.062596750 0.076643390 0.089279430 0.079755830 0.045973280 0.065586650 
29     0.053952660 0.048533440 0.055744870 0.042593590 0.041082910 0.068425400 0.062681810 0.045532850 0.058372180 0.050381360 0.055043290 0.078316260 0.056893620 0.057424070 0.050795000 0.057080290 0.009246820 0.009217620 0.009307880 0.012636810 0.005776450 0.032879910 0.019767450 0.019655040 0.001150030 0.000107500 0.000000000 0.009818970 0.019140630 0.002849880 0.020775370 0.061787200 0.050660920 0.010381310 0.011616040 0.012335890 0.009837460 0.009839060 0.022278400 0.048634120 0.038627100 0.049851960 0.026089710 0.043016880 0.026084210 0.067290540 0.072592350 0.090538850 0.084449620 0.074897580 0.061535610 
36     0.026578530 0.021391790 0.056516690 0.031244060 0.020183130 0.054270410 0.057298570 0.028992570 0.060980060 0.057657730 0.027566910 0.073058850 0.017816510 0.025414010 0.037867980 0.018494480 0.026834220 0.031870980 0.013568430 0.013464000 0.022848150 0.022688770 0.014488040 0.014868440 0.002870970 0.021658320 0.009818970 0.000000000 0.000002190 0.002687360 0.021086730 0.024252510 0.042609920 0.026648980 0.022575450 0.027306530 0.017309410 0.035305530 0.025687300 0.010334360 0.033369690 0.044594550 0.020832300 0.037759470 0.020826800 0.017203010 0.019376280 0.020315900 0.013583260 0.026268380 0.050608320 
32     0.026505370 0.021318630 0.056443530 0.054805380 0.020109970 0.054197250 0.055129710 0.055231440 0.060906900 0.060047850 0.060297850 0.071273150 0.017743350 0.025340850 0.037794820 0.018421320 0.036037600 0.031797820 0.013495270 0.013390840 0.022774990 0.022615610 0.014414880 0.014795280 0.005760180 0.024080540 0.019140630 0.000002190 0.000000000 0.004381450 0.021013570 0.024179350 0.042536760 0.031263700 0.022502290 0.027233370 0.008144500 0.060909440 0.030884230 0.010261200 0.042691350 0.050255000 0.030153960 0.047081130 0.030148460 0.017129850 0.018985870 0.019925490 0.013192850 0.035717040 0.048439460 
31     0.024718660 0.019531920 0.054656820 0.028556700 0.018323260 0.052410540 0.065669360 0.026305210 0.054899060 0.061455010 0.024879550 0.095635780 0.015956640 0.023554140 0.035987720 0.016634610 0.017993960 0.017964760 0.011708560 0.011604130 0.020988280 0.020828900 0.012628170 0.013008570 0.000183610 0.008988620 0.002849880 0.002687360 0.004381450 0.000000000 0.019226860 0.022392640 0.040750050 0.019128450 0.020363180 0.021083030 0.018584600 0.018586200 0.022999940 0.008474490 0.056962310 0.055751240 0.048744560 0.047604880 0.066983860 0.015343140 0.062871100 0.065992270 0.065247780 0.023581020 0.064328380 
26     0.041256120 0.036069380 0.071194280 0.051868100 0.034860720 0.068948000 0.080162150 0.071062340 0.075657650 0.072891250 0.069636680 0.044428530 0.032494100 0.040091600 0.052545570 0.033172070 0.012319450 0.010291260 0.012380510 0.015709440 0.027435180 0.027275800 0.019075070 0.019455470 0.052106500 0.017876010 0.020775370 0.021086730 0.021013570 0.019226860 0.000000000 0.004706540 0.023063950 0.011790890 0.003029480 0.007760560 0.012183210 0.012184810 0.011411420 0.014921390 0.006954660 0.042444550 0.044292850 0.043153170 0.048813560 0.031880600 0.052698680 0.036235210 0.044377790 0.028044010 0.083469920 
39     0.044421900 0.039235160 0.074360060 0.052774190 0.038026500 0.072113780 0.078300900 0.050522700 0.078823430 0.079615550 0.049097040 0.096328120 0.035659880 0.043257380 0.055711350 0.036337850 0.040927920 0.039623790 0.021321240 0.021216810 0.030600960 0.030441580 0.022240850 0.022621250 0.058211210 0.058887840 0.061787200 0.024252510 0.024179350 0.022392640 0.004706540 0.000000000 0.000157350 0.010460010 0.005085140 0.009816220 0.020184240 0.028070910 0.013652800 0.018087170 0.027276060 0.031262250 0.057258530 0.064468910 0.057426570 0.035046380 0.078384830 0.064849360 0.064651960 0.047781370 0.095391940 
41     0.062779310 0.057592570 0.079825380 0.046183340 0.056383910 0.080616770 0.074525660 0.043931850 0.085102340 0.077111520 0.042506190 0.099515910 0.054017290 0.055351430 0.053614360 0.054695260 0.040976210 0.042175800 0.039678650 0.039574220 0.048958370 0.048798990 0.017192740 0.040978660 0.058259500 0.047761560 0.050660920 0.042609920 0.042536760 0.040750050 0.023063950 0.000157350 0.000000000 0.011293170 0.006520630 0.005422570 0.017680210 0.017544780 0.032010210 0.015260570 0.025537640 0.031310540 0.053630510 0.055482290 0.053073930 0.053403790 0.073560010 0.067864590 0.072911040 0.041190520 0.096406000 
23     0.051506250 0.046319510 0.060437850 0.006543520 0.045110850 0.077086320 0.061931280 0.004292030 0.085907780 0.046594990 0.002866370 0.071680370 0.028623720 0.015711610 0.013974540 0.043422200 0.001925390 0.001896190 0.001986450 0.001112660 0.037685310 0.037525930 0.006069250 0.029705600 0.023887250 0.007481950 0.010381310 0.026648980 0.031263700 0.019128450 0.011790890 0.010460010 0.011293170 0.000000000 0.000577410 0.002541480 0.001789150 0.001790750 0.000962800 0.025171520 0.027341130 0.014892630 0.045734170 0.047585950 0.044817500 0.028694010 0.056585330 0.051030380 0.055668990 0.001550700 0.092875550 
34     0.042744840 0.037558100 0.062582920 0.008688590 0.036349440 0.070436720 0.062352190 0.006437100 0.077146370 0.048740060 0.005011440 0.071166210 0.030768790 0.017856680 0.016119610 0.034660790 0.003160120 0.003130920 0.003221180 0.003257730 0.028923900 0.028764520 0.000266740 0.020944190 0.026032320 0.008716680 0.011616040 0.022575450 0.022502290 0.020363180 0.003029480 0.005085140 0.006520630 0.000577410 0.000000000 0.003646850 0.003023880 0.003025480 0.003107870 0.016410110 0.021367070 0.015313540 0.029611460 0.031463240 0.029054880 0.033369320 0.044501400 0.044949760 0.043585060 0.003695770 0.106622270 
27     0.047475920 0.042289180 0.076424460 0.049248020 0.041080520 0.075167800 0.061654260 0.077826640 0.081877450 0.070778410 0.071706160 0.087560430 0.038713900 0.046311400 0.058765370 0.039391870 0.003879970 0.003850770 0.003941030 0.007269960 0.033654980 0.033495600 0.025294870 0.025675270 0.041564570 0.009436530 0.012335890 0.027306530 0.027233370 0.021083030 0.007760560 0.009816220 0.005422570 0.002541480 0.003646850 0.000000000 0.003743730 0.003745330 0.014370720 0.021141190 0.024589740 0.014615610 0.071047630 0.072618470 0.044540480 0.021787900 0.067271610 0.044124270 0.074703500 0.022301950 0.093480340 
20     0.079377360 0.064626540 0.022896290 0.015197110 0.061383360 0.081625260 0.081425720 0.012945620 0.081008720 0.055248580 0.011519960 0.067561870 0.037277310 0.024365200 0.022628130 0.048314070 0.001381540 0.001352340 0.001442600 0.004771530 0.064638310 0.059565000 0.059678410 0.038079510 0.032540840 0.006938100 0.009837460 0.017309410 0.008144500 0.018584600 0.012183210 0.020184240 0.017680210 0.001789150 0.003023880 0.003743730 0.000000000 0.000001740 0.001882030 0.017560960 0.024097570 0.036696490 0.058967050 0.042718110 0.047141660 0.052784580 0.035057110 0.075120950 0.075211430 0.010204290 0.048865240 
24     0.076606610 0.064629500 0.069094400 0.015200070 0.076794660 0.075133580 0.074934040 0.012948580 0.082131420 0.055251540 0.011522920 0.058232500 0.037280270 0.024368160 0.022631090 0.068483560 0.001383140 0.001353940 0.001444200 0.004773130 0.064639910 0.059567960 0.057377840 0.038081110 0.032543800 0.006939700 0.009839060 0.035305530 0.060909440 0.018586200 0.012184810 0.028070910 0.017544780 0.001790750 0.003025480 0.003745330 0.000001740 0.000000000 0.000408470 0.015260390 0.032643110 0.027367120 0.049637680 0.055700840 0.037812290 0.084637370 0.055226600 0.079466870 0.072910860 0.010207250 0.067370760 
25     0.051126780 0.045940040 0.059476170 0.005581840 0.044731380 0.078818660 0.082944590 0.003330350 0.083984220 0.045633310 0.001904690 0.081782810 0.027662040 0.014749930 0.013012860 0.043042730 0.001396820 0.013793280 0.013883540 0.000150980 0.037305840 0.037146460 0.028945730 0.029326130 0.022925570 0.019379040 0.022278400 0.025687300 0.030884230 0.022999940 0.011411420 0.013652800 0.032010210 0.000962800 0.003107870 0.014370720 0.001882030 0.000408470 0.000000000 0.024792050 0.030041190 0.057380420 0.069758420 0.050066560 0.068693080 0.041751260 0.042405560 0.072927110 0.073619620 0.000589020 0.098933360 
48     0.030503750 0.025317010 0.060441910 0.066775390 0.024108350 0.058195630 0.067688160 0.064904220 0.064905280 0.072304370 0.072856300 0.060434030 0.021741730 0.029339230 0.033112780 0.022419700 0.049315140 0.025705640 0.007403090 0.007298660 0.016682810 0.016523430 0.008322700 0.008703100 0.037591030 0.050235550 0.048634120 0.010334360 0.010261200 0.008474490 0.014921390 0.018087170 0.015260570 0.025171520 0.016410110 0.021141190 0.017560960 0.015260390 0.024792050 0.000000000 0.000626800 0.032243780 0.055859420 0.058060460 0.051950210 0.021128230 0.032663750 0.033112110 0.031747410 0.031180660 0.083676930 
46     0.074903170 0.068935740 0.077752450 0.069679680 0.041733690 0.073430140 0.073230600 0.086418170 0.081610120 0.078148740 0.078398740 0.076587960 0.079698810 0.060153240 0.055871000 0.059629750 0.069758270 0.038488610 0.023905400 0.019180050 0.073826870 0.069038790 0.042470950 0.052839710 0.025480010 0.054130290 0.038627100 0.033369690 0.042691350 0.056962310 0.006954660 0.027276060 0.025537640 0.027341130 0.021367070 0.024589740 0.024097570 0.032643110 0.030041190 0.000626800 0.000000000 0.029963880 0.025539070 0.020530110 0.023520250 0.034777690 0.046372790 0.053998480 0.054690990 0.024684490 0.083521500 
45     0.071170990 0.065751770 0.072963200 0.050772570 0.061555170 0.076766270 0.063178810 0.062751180 0.068882070 0.067599690 0.066957300 0.031252320 0.052467320 0.066748200 0.067095860 0.070762270 0.025805830 0.039107620 0.048561230 0.016459070 0.041425960 0.042103180 0.044545180 0.041765980 0.043089120 0.065244300 0.049851960 0.044594550 0.050255000 0.055751240 0.042444550 0.031262250 0.031310540 0.014892630 0.015313540 0.014615610 0.036696490 0.027367120 0.057380420 0.032243780 0.029963880 0.000000000 0.005944350 0.006146990 0.010824210 0.029469570 0.043132820 0.039032170 0.030544950 0.024305410 0.047255910 
22     0.046190090 0.049496910 0.049039370 0.051624790 0.050114110 0.044717060 0.044517520 0.069932820 0.076861760 0.049435660 0.049685660 0.043018680 0.065924820 0.049962680 0.043333610 0.049618900 0.047926420 0.032307530 0.024798980 0.038729630 0.072957020 0.064965200 0.068534220 0.060291020 0.029195370 0.051320110 0.026089710 0.020832300 0.030153960 0.048744560 0.044292850 0.057258530 0.053630510 0.045734170 0.029611460 0.071047630 0.058967050 0.049637680 0.069758420 0.055859420 0.025539070 0.005944350 0.000000000 0.000484390 0.000018380 0.045347180 0.032424890 0.031069180 0.046695250 0.033791350 0.060506290 
19     0.066844080 0.070150900 0.067307840 0.050485110 0.048974430 0.065371050 0.065171510 0.076907860 0.074870230 0.070089650 0.070339650 0.040646490 0.059248520 0.039702950 0.041765810 0.039179460 0.048191320 0.032572430 0.041726150 0.044792790 0.081599730 0.081440350 0.073239620 0.059151340 0.046122540 0.056043020 0.043016880 0.037759470 0.047081130 0.047604880 0.043153170 0.064468910 0.055482290 0.047585950 0.031463240 0.072618470 0.042718110 0.055700840 0.050066560 0.058060460 0.020530110 0.006146990 0.000484390 0.000000000 0.000216600 0.037874150 0.019882960 0.020271780 0.030022170 0.022993950 0.065302710 
30     0.050024100 0.053330920 0.052873380 0.057136790 0.060572970 0.048551070 0.048351530 0.073766830 0.073369410 0.053269670 0.053519670 0.041673260 0.062912490 0.049957180 0.043328110 0.049613400 0.055730700 0.052607830 0.024793480 0.026904240 0.071350830 0.068799210 0.072621540 0.071690850 0.029189870 0.051314610 0.026084210 0.020826800 0.030148460 0.066983860 0.048813560 0.057426570 0.053073930 0.044817500 0.029054880 0.044540480 0.047141660 0.037812290 0.068693080 0.051950210 0.023520250 0.010824210 0.000018380 0.000216600 0.000000000 0.041854830 0.036258900 0.033325860 0.049388820 0.034750580 0.064340300 
42     0.037368820 0.032182080 0.067306980 0.064848270 0.030973420 0.065060700 0.060038700 0.052817050 0.050779420 0.063120600 0.064048350 0.073185310 0.028606800 0.036204300 0.048658270 0.029284770 0.052797280 0.042664850 0.024362300 0.024257870 0.033642020 0.033482640 0.025281910 0.025662310 0.070080570 0.062596750 0.067290540 0.017203010 0.017129850 0.015343140 0.031880600 0.035046380 0.053403790 0.028694010 0.033369320 0.021787900 0.052784580 0.084637370 0.041751260 0.021128230 0.034777690 0.029469570 0.045347180 0.037874150 0.041854830 0.000000000 0.001403430 0.006753760 0.004647450 0.001236390 0.089391130 
47     0.058425360 0.061732180 0.059646840 0.070613600 0.065451490 0.056952330 0.056752790 0.058582380 0.056544750 0.061670930 0.061920930 0.081834850 0.020133100 0.032041950 0.019115470 0.031518460 0.072876490 0.069207230 0.067549540 0.068151900 0.085192290 0.077200470 0.073189570 0.083558330 0.019908060 0.076643390 0.072592350 0.019376280 0.018985870 0.062871100 0.052698680 0.078384830 0.073560010 0.056585330 0.044501400 0.067271610 0.035057110 0.055226600 0.042405560 0.032663750 0.046372790 0.043132820 0.032424890 0.019882960 0.036258900 0.001403430 0.000000000 0.003700800 0.000124600 0.008204780 0.072741560 
17     0.076240610 0.080570330 0.080112790 0.070024430 0.072064280 0.062620610 0.055414170 0.057993210 0.055955580 0.068668340 0.070995400 0.069983340 0.020581460 0.075427530 0.019563830 0.074904040 0.062359880 0.075923650 0.084206180 0.084101750 0.077980010 0.078657230 0.081099230 0.078320030 0.076854310 0.089279430 0.090538850 0.020315900 0.019925490 0.065992270 0.036235210 0.064849360 0.067864590 0.051030380 0.044949760 0.044124270 0.075120950 0.079466870 0.072927110 0.033112110 0.053998480 0.039032170 0.031069180 0.020271780 0.033325860 0.006753760 0.003700800 0.000000000 0.000615200 0.001819480 0.091579710 
37     0.072695720 0.076002540 0.075545000 0.072382260 0.072933070 0.064636180 0.067572690 0.060351040 0.058313410 0.072325440 0.073253190 0.069785940 0.019216760 0.074055540 0.018199130 0.068965910 0.074645150 0.068558260 0.091825550 0.097444510 0.098143880 0.091470830 0.072540600 0.082909360 0.072286520 0.079755830 0.084449620 0.013583260 0.013192850 0.065247780 0.044377790 0.064651960 0.072911040 0.055668990 0.043585060 0.074703500 0.075211430 0.072910860 0.073619620 0.031747410 0.054690990 0.030544950 0.046695250 0.030022170 0.049388820 0.004647450 0.000124600 0.000615200 0.000000000 0.003599890 0.087011920 
28     0.070343170 0.055592350 0.060057250 0.006162920 0.065408400 0.073482550 0.072110110 0.003911430 0.062850830 0.046214390 0.002485770 0.045211620 0.028243120 0.015331010 0.013593940 0.041424490 0.001977900 0.086900320 0.070005170 0.000732060 0.078341550 0.050530810 0.081460770 0.078681570 0.023506650 0.045973280 0.074897580 0.026268380 0.035717040 0.023581020 0.028044010 0.047781370 0.041190520 0.001550700 0.003695770 0.022301950 0.010204290 0.010207250 0.000589020 0.031180660 0.024684490 0.024305410 0.033791350 0.022993950 0.034750580 0.001236390 0.008204780 0.001819480 0.003599890 0.000000000 0.089271780 
0     0.070047640 0.073354460 0.072896920 0.092227710 0.026878750 0.025468280 0.015494970 0.042412890 0.010383320 0.073293210 0.038250100 0.017150360 0.053050940 0.067766110 0.078544430 0.092350460 0.063282720 0.067186410 0.078924590 0.072117410 0.074135550 0.066143730 0.069966060 0.078737090 0.046959420 0.065586650 0.061535610 0.050608320 0.048439460 0.064328380 0.083469920 0.095391940 0.096406000 0.092875550 0.106622270 0.093480340 0.048865240 0.067370760 0.098933360 0.083676930 0.083521500 0.047255910 0.060506290 0.065302710 0.064340300 0.089391130 0.072741560 0.091579710 0.087011920 0.089271780 0.000000000 
