51
2     0.000000000 0.179813252 0.186961888 0.177210561 0.188371004 0.234759560 0.233654817 0.227614738 0.225516307 0.221245701 0.218056316 0.383311266 0.384631514 0.382747332 0.379635934 0.382098521 0.438155777 0.432809764 0.447278571 0.440530244 0.435708356 0.434573295 0.440150521 0.430186310 0.435694244 0.442158647 0.444077497 0.443509506 0.442962716 0.462883610 0.436548379 0.422132544 0.421633227 0.423557866 0.421332217 0.424553292 0.427241181 0.428934295 0.432787299 0.445214149 0.431021345 0.415966380 0.397391887 0.397547601 0.398268536 0.420976849 0.421188988 0.422813473 0.422385602 0.417902606 0.861146708 
11     0.179813252 0.000000000 0.120753165 0.179642458 0.188701840 0.237833583 0.236778294 0.230220179 0.228006344 0.222636540 0.219447156 0.385934019 0.387369647 0.385485465 0.382374068 0.384836654 0.440601152 0.435255139 0.449723946 0.442975619 0.438020823 0.436885761 0.442538687 0.432613394 0.438165155 0.444630916 0.446549766 0.446034441 0.445487651 0.465356624 0.439218552 0.424803395 0.424304078 0.426564848 0.424002390 0.427223465 0.429911354 0.431604468 0.435457472 0.447884322 0.433630083 0.418636553 0.400062060 0.400217774 0.400938709 0.423647022 0.423859161 0.425483646 0.425055775 0.420572779 0.863798049 
3     0.186961888 0.120753165 0.000000000 0.185679806 0.195543677 0.244367472 0.243312183 0.236992567 0.234778732 0.229800479 0.226611095 0.392721598 0.394134352 0.392250169 0.389138772 0.391601359 0.447509601 0.442163589 0.456632396 0.449884069 0.445005934 0.443870873 0.449504346 0.439525016 0.445046710 0.451512471 0.453431321 0.452915252 0.452368462 0.472237435 0.446019935 0.431551124 0.431051807 0.433312578 0.430750120 0.433971194 0.436603698 0.438352198 0.442205202 0.454632051 0.440388763 0.425384283 0.406809790 0.406965504 0.407686439 0.430394752 0.430606891 0.432231375 0.431803505 0.427320509 0.870545779 
1     0.177210561 0.179642458 0.185679806 0.000000000 0.176272067 0.227750833 0.226670259 0.219639660 0.217536008 0.212908673 0.209719288 0.375289199 0.376693005 0.374808823 0.371697426 0.374160012 0.430237620 0.424891607 0.439360414 0.432612087 0.427797263 0.426662202 0.432232364 0.422268153 0.427774729 0.434240490 0.436159340 0.435643271 0.435096480 0.454965453 0.428485394 0.413973271 0.413473954 0.415769623 0.413172945 0.416394019 0.419081908 0.420775022 0.424669257 0.437134969 0.422991520 0.408085166 0.389510673 0.389666386 0.390387322 0.413083881 0.413296020 0.414920505 0.414492634 0.410009639 0.853216498 
5     0.188371004 0.188701840 0.195543677 0.176272067 0.000000000 0.239498421 0.238437275 0.232416251 0.230308804 0.225237949 0.222048565 0.387379121 0.388840065 0.386955883 0.383844486 0.386307072 0.442598317 0.437252304 0.451607043 0.444858716 0.439905995 0.438770934 0.444478993 0.434514782 0.439984468 0.446487119 0.448405969 0.447889899 0.447343109 0.467212082 0.440873471 0.426506668 0.426007351 0.428303020 0.425706342 0.428927416 0.431615305 0.433308419 0.437161423 0.449588273 0.435431379 0.420340504 0.401766011 0.401921725 0.402642661 0.425350973 0.425563112 0.427187597 0.426759726 0.422276731 0.865407571 
15     0.234759560 0.237833583 0.244367472 0.227750833 0.239498421 0.000000000 0.062819051 0.203007132 0.199982580 0.195730076 0.192494186 0.385067077 0.386408597 0.384524415 0.381413018 0.383875605 0.439577916 0.434231904 0.448700710 0.441952384 0.436975217 0.435718741 0.441385827 0.431385305 0.437160883 0.443595637 0.445514488 0.445008991 0.444462201 0.464320601 0.438382067 0.423256461 0.422757144 0.425059612 0.422449694 0.425670768 0.428522090 0.430164988 0.433567204 0.446992187 0.432864188 0.417818564 0.399244071 0.399399785 0.400120720 0.422933506 0.423145644 0.424770129 0.424342259 0.419859263 0.863980818 
10     0.233654817 0.236778294 0.243312183 0.226670259 0.238437275 0.062819051 0.000000000 0.201954774 0.198996410 0.194709315 0.191473425 0.384174505 0.385516025 0.383631843 0.380520446 0.382983032 0.438685344 0.433339332 0.447808138 0.441059811 0.436082644 0.434826169 0.440493255 0.430492733 0.436268311 0.442703065 0.444621915 0.444116419 0.443569629 0.463428029 0.437489495 0.422363889 0.421864572 0.424167039 0.421557122 0.424778196 0.427629518 0.429272416 0.432674632 0.446099615 0.431971616 0.416925992 0.398351499 0.398507212 0.399228148 0.422040933 0.422253072 0.423877557 0.423449686 0.418966691 0.862988517 
14     0.227614738 0.230220179 0.236992567 0.219639660 0.232416251 0.203007132 0.201954774 0.000000000 0.054566264 0.135390148 0.131547547 0.377037593 0.378335366 0.376451184 0.373339787 0.375802373 0.432000448 0.426654436 0.441123242 0.434374916 0.429584582 0.428235752 0.433995193 0.424050949 0.429527363 0.436003318 0.437922168 0.437408133 0.436861343 0.456728282 0.430532353 0.416034950 0.415535633 0.417910814 0.415257877 0.418478951 0.421217056 0.422859955 0.426754189 0.439139808 0.424978406 0.409892040 0.391317547 0.391473261 0.392194196 0.414902509 0.415114648 0.416739132 0.416311262 0.411828266 0.854822076 
6     0.225516307 0.228006344 0.234778732 0.217536008 0.230308804 0.199982580 0.198996410 0.054566264 0.000000000 0.132717055 0.129018198 0.374739175 0.376036948 0.374152766 0.371041369 0.373503955 0.429640476 0.424294463 0.438763270 0.432014943 0.427224609 0.425875779 0.431635220 0.421690977 0.427167390 0.433643345 0.435562196 0.435048160 0.434501370 0.454368309 0.428172381 0.413674978 0.413175660 0.415550841 0.412897904 0.416118978 0.418857083 0.420499982 0.424394216 0.436779836 0.422618433 0.407532067 0.388957574 0.389113288 0.389834223 0.412542536 0.412754675 0.414379159 0.413951289 0.409468293 0.852432040 
8     0.221245701 0.222636540 0.229800479 0.212908673 0.225237949 0.195730076 0.194709315 0.135390148 0.132717055 0.000000000 0.052601407 0.370942892 0.372240664 0.370356482 0.367245085 0.369707672 0.425781880 0.420435868 0.434904675 0.428156348 0.423366014 0.422088066 0.427776625 0.417832382 0.423285817 0.429784750 0.431703601 0.431189565 0.430642775 0.450509714 0.424313785 0.409816382 0.409317065 0.411692246 0.409039309 0.412260383 0.414998488 0.416641387 0.420535621 0.432921240 0.418793242 0.403673472 0.385098979 0.385254693 0.385975628 0.408683941 0.408896080 0.410520564 0.410092694 0.405609698 0.848679208 
16     0.218056316 0.219447156 0.226611095 0.209719288 0.222048565 0.192494186 0.191473425 0.131547547 0.129018198 0.052601407 0.000000000 0.367667978 0.368965751 0.367081569 0.363970172 0.366432758 0.422506967 0.417160954 0.431629761 0.424881434 0.420083390 0.418805442 0.424501711 0.414557468 0.420010903 0.426509837 0.428428687 0.427914651 0.427367861 0.447234800 0.421038872 0.406541469 0.406042152 0.408417332 0.405764396 0.408985470 0.411723575 0.413366473 0.417260708 0.429646327 0.415518328 0.400398558 0.381824065 0.381979779 0.382700715 0.405409027 0.405621166 0.407245651 0.406817780 0.402334785 0.845404294 
7     0.383311266 0.385934019 0.392721598 0.375289199 0.387379121 0.385067077 0.384174505 0.377037593 0.374739175 0.370942892 0.367667978 0.000000000 0.182306207 0.180667722 0.177356561 0.180066599 0.450624932 0.445339088 0.459640311 0.452891985 0.448277685 0.447243843 0.452623520 0.442672056 0.448376398 0.454743415 0.456662265 0.456038549 0.455491758 0.475327531 0.450917537 0.436569681 0.436070364 0.438556312 0.435565564 0.438786638 0.441631965 0.443167843 0.447169086 0.459269271 0.445244239 0.429708506 0.411030110 0.411277379 0.411998315 0.435314824 0.435539120 0.437163605 0.436735735 0.432221071 0.873181474 
4     0.384631514 0.387369647 0.394134352 0.376693005 0.388840065 0.386408597 0.385516025 0.378335366 0.376036948 0.372240664 0.368965751 0.182306207 0.000000000 0.066922350 0.063289006 0.066697611 0.452238702 0.446952857 0.461220009 0.454471682 0.449891454 0.448857612 0.454237289 0.444285826 0.449990167 0.456357184 0.458276034 0.457652318 0.457105528 0.476941301 0.452661802 0.438313946 0.437814629 0.440300577 0.437309829 0.440530903 0.443376229 0.444912108 0.448913350 0.461013536 0.446988503 0.431503421 0.412858585 0.413105854 0.413826790 0.436926000 0.437088857 0.438713342 0.438269830 0.433802476 0.875081590 
12     0.382747332 0.385485465 0.392250169 0.374808823 0.386955883 0.384524415 0.383631843 0.376451184 0.374152766 0.370356482 0.367081569 0.180667722 0.066922350 0.000000000 0.052587377 0.061217170 0.449996025 0.444710180 0.458886970 0.452138643 0.447401704 0.446367862 0.451815822 0.441953168 0.447682266 0.454049283 0.455968133 0.455388061 0.454841271 0.474677043 0.450523810 0.436175954 0.435676637 0.438162585 0.435171837 0.438392911 0.441238237 0.442774116 0.446775358 0.458875544 0.444850512 0.429375841 0.410731004 0.410978274 0.411699210 0.434798419 0.434961277 0.436585762 0.436142250 0.431674896 0.873056101 
9     0.379635934 0.382374068 0.389138772 0.371697426 0.383844486 0.381413018 0.380520446 0.373339787 0.371041369 0.367245085 0.363970172 0.177356561 0.063289006 0.052587377 0.000000000 0.059071938 0.447243122 0.441957278 0.456207797 0.449459470 0.444895875 0.443862033 0.449241710 0.439290246 0.444994588 0.451361605 0.453280455 0.452656739 0.452109948 0.471945721 0.447666222 0.433318367 0.432819049 0.435304998 0.432314250 0.435535324 0.438380650 0.439916529 0.443917771 0.456017957 0.441992924 0.426507842 0.407863005 0.408110275 0.408831211 0.431930420 0.432093278 0.433717763 0.433274251 0.428806897 0.870086011 
13     0.382098521 0.384836654 0.391601359 0.374160012 0.386307072 0.383875605 0.382983032 0.375802373 0.373503955 0.369707672 0.366432758 0.180066599 0.066697611 0.061217170 0.059071938 0.000000000 0.449705709 0.444419864 0.458670383 0.451922056 0.447358461 0.446324619 0.451704296 0.441752833 0.447457174 0.453824191 0.455743041 0.455119325 0.454572535 0.474408308 0.450128809 0.435780953 0.435281636 0.437767584 0.434776836 0.437997910 0.440843236 0.442379115 0.446380357 0.458480543 0.444455511 0.428970429 0.410325592 0.410572862 0.411293797 0.434393007 0.434555865 0.436180349 0.435736837 0.431269483 0.872548597 
38     0.438155777 0.440601152 0.447509601 0.430237620 0.442598317 0.439577916 0.438685344 0.432000448 0.429640476 0.425781880 0.422506967 0.450624932 0.452238702 0.449996025 0.447243122 0.449705709 0.000000000 0.102908783 0.258242187 0.250999727 0.256288997 0.255443885 0.260196701 0.250944158 0.273605001 0.279953832 0.281730128 0.280606284 0.280135804 0.301176297 0.450075892 0.436143515 0.435921364 0.437738931 0.434748183 0.438246423 0.441258565 0.442886902 0.446855276 0.458712578 0.444436798 0.429006192 0.410001975 0.410248537 0.410969472 0.434583252 0.434614925 0.436429573 0.436001702 0.430597271 0.890294328 
21     0.432809764 0.435255139 0.442163589 0.424891607 0.437252304 0.434231904 0.433339332 0.426654436 0.424294463 0.420435868 0.417160954 0.445339088 0.446952857 0.444710180 0.441957278 0.444419864 0.102908783 0.000000000 0.253327316 0.246129728 0.250792130 0.249947018 0.254774382 0.245533050 0.268844862 0.275115732 0.276892028 0.275578584 0.275168776 0.296204053 0.444247740 0.430668248 0.430446096 0.432263663 0.429272915 0.432771155 0.435813415 0.437441752 0.441410126 0.453267428 0.438991648 0.423616868 0.404603854 0.404850416 0.405571351 0.429180573 0.429212246 0.431026894 0.430599023 0.425194592 0.884948315 
18     0.447278571 0.449723946 0.456632396 0.439360414 0.451607043 0.448700710 0.447808138 0.441123242 0.438763270 0.434904675 0.431629761 0.459640311 0.461220009 0.458886970 0.456207797 0.458670383 0.258242187 0.253327316 0.000000000 0.109779976 0.264449503 0.263594672 0.267854302 0.258759799 0.283267017 0.289802873 0.291604126 0.288548467 0.287881154 0.308893550 0.459101533 0.445298206 0.445076054 0.446893621 0.443902873 0.447401113 0.450394336 0.452022673 0.455991047 0.467835021 0.453240900 0.438391972 0.419388157 0.419634718 0.420355654 0.443850414 0.443976980 0.445696734 0.445268864 0.439848000 0.899400732 
50     0.440530244 0.442975619 0.449884069 0.432612087 0.444858716 0.441952384 0.441059811 0.434374916 0.432014943 0.428156348 0.424881434 0.452891985 0.454471682 0.452138643 0.449459470 0.451922056 0.250999727 0.246129728 0.109779976 0.000000000 0.257965432 0.257110602 0.261286625 0.252376290 0.276090976 0.282637936 0.284439188 0.282109010 0.281441698 0.302726034 0.452339221 0.438484454 0.438262302 0.440079870 0.437089122 0.440587361 0.443577897 0.445206234 0.449174608 0.461085880 0.446737629 0.431496907 0.412493092 0.412739653 0.413460588 0.437077208 0.437203774 0.438923529 0.438495658 0.433064004 0.892652405 
35     0.435708356 0.438020823 0.445005934 0.427797263 0.439905995 0.436975217 0.436082644 0.429584582 0.427224609 0.423366014 0.420083390 0.448277685 0.449891454 0.447401704 0.444895875 0.447358461 0.256288997 0.250792130 0.264449503 0.257965432 0.000000000 0.062556467 0.135225363 0.155950542 0.270395459 0.275922657 0.277461178 0.276300587 0.275649524 0.294961938 0.447768546 0.433576206 0.433354054 0.435033559 0.432052731 0.435550970 0.438767169 0.440395506 0.444363880 0.456532386 0.442256606 0.426774428 0.407687712 0.407934273 0.408655208 0.432431998 0.432558564 0.434278319 0.433850448 0.428438353 0.887573370 
43     0.434573295 0.436885761 0.443870873 0.426662202 0.438770934 0.435718741 0.434826169 0.428235752 0.425875779 0.422088066 0.418805442 0.447243843 0.448857612 0.446367862 0.443862033 0.446324619 0.255443885 0.249947018 0.263594672 0.257110602 0.062556467 0.000000000 0.133915437 0.155958510 0.269489241 0.275016439 0.276627697 0.275380560 0.274729497 0.294072594 0.446757131 0.432564792 0.432342640 0.434022144 0.431041316 0.434539555 0.437755755 0.439384091 0.443352465 0.455520971 0.441245191 0.425763013 0.406676297 0.406922858 0.407643793 0.431420583 0.431547150 0.433266904 0.432839033 0.427426938 0.886555302 
49     0.440150521 0.442538687 0.449504346 0.432232364 0.444478993 0.441385827 0.440493255 0.433995193 0.431635220 0.427776625 0.424501711 0.452623520 0.454237289 0.451815822 0.449241710 0.451704296 0.260196701 0.254774382 0.267854302 0.261286625 0.135225363 0.133915437 0.000000000 0.160393973 0.274715545 0.279836086 0.281496114 0.279822056 0.279170993 0.299302323 0.452099996 0.438114610 0.437892458 0.439624491 0.436622116 0.440160326 0.443250658 0.444878994 0.448847368 0.460782605 0.446506826 0.430573549 0.411908391 0.412154952 0.412875887 0.436565156 0.436691722 0.438411476 0.437983606 0.432571511 0.891931430 
40     0.430186310 0.432613394 0.439525016 0.422268153 0.434514782 0.431385305 0.430492733 0.424050949 0.421690977 0.417832382 0.414557468 0.442672056 0.444285826 0.441953168 0.439290246 0.441752833 0.250944158 0.245533050 0.258759799 0.252376290 0.155950542 0.155958510 0.160393973 0.000000000 0.264681821 0.270273346 0.271919784 0.270903660 0.270191925 0.289665422 0.442194186 0.428094173 0.427872021 0.429500297 0.426509549 0.429927640 0.433253126 0.434881463 0.438849837 0.450824119 0.436548339 0.421087899 0.401991573 0.402238134 0.402959069 0.426713147 0.426839714 0.428559468 0.428131597 0.422719502 0.881999381 
44     0.435694244 0.438165155 0.445046710 0.427774729 0.439984468 0.437160883 0.436268311 0.429527363 0.427167390 0.423285817 0.420010903 0.448376398 0.449990167 0.447682266 0.444994588 0.447457174 0.273605001 0.268844862 0.283267017 0.276090976 0.270395459 0.269489241 0.274715545 0.264681821 0.000000000 0.173839081 0.175578679 0.239286546 0.238919770 0.255535640 0.447584029 0.433496082 0.433273930 0.435064362 0.432073614 0.435571854 0.438544264 0.440231201 0.444199575 0.456068985 0.441280149 0.427508059 0.408412419 0.408658981 0.409379916 0.432895250 0.432729239 0.434741570 0.434313700 0.428922469 0.888259956 
33     0.442158647 0.444630916 0.451512471 0.434240490 0.446487119 0.443595637 0.442703065 0.436003318 0.433643345 0.429784750 0.426509837 0.454743415 0.456357184 0.454049283 0.451361605 0.453824191 0.279953832 0.275115732 0.289802873 0.282637936 0.275922657 0.275016439 0.279836086 0.270273346 0.173839081 0.000000000 0.054731557 0.246705985 0.246353965 0.262763336 0.453694481 0.439599235 0.439377084 0.441167516 0.438176768 0.441675008 0.444646175 0.446341652 0.450310026 0.461966573 0.447338801 0.433752257 0.414632310 0.414878871 0.415599806 0.439040729 0.439024808 0.440887050 0.440459179 0.435067949 0.894411741 
29     0.444077497 0.446549766 0.453431321 0.436159340 0.448405969 0.445514488 0.444621915 0.437922168 0.435562196 0.431703601 0.428428687 0.456662265 0.458276034 0.455968133 0.453280455 0.455743041 0.281730128 0.276892028 0.291604126 0.284439188 0.277461178 0.276627697 0.281496114 0.271919784 0.175578679 0.054731557 0.000000000 0.248633628 0.248281607 0.264675494 0.455613331 0.441525384 0.441303232 0.443093664 0.440102916 0.443601156 0.446565025 0.448260503 0.452228877 0.463885423 0.449257651 0.435671107 0.416551160 0.416797721 0.417518656 0.440959579 0.440943659 0.442805900 0.442378029 0.436986799 0.896330591 
36     0.443509506 0.446034441 0.452915252 0.435643271 0.447889899 0.445008991 0.444116419 0.437408133 0.435048160 0.431189565 0.427914651 0.456038549 0.457652318 0.455388061 0.452656739 0.455119325 0.280606284 0.275578584 0.288548467 0.282109010 0.276300587 0.275380560 0.279822056 0.270903660 0.239286546 0.246705985 0.248633628 0.000000000 0.063067043 0.209760061 0.455779722 0.441690257 0.441468105 0.443258538 0.440267790 0.443766030 0.446594330 0.448489450 0.452457824 0.464332637 0.450031275 0.434637604 0.415631843 0.415878404 0.416599339 0.440012080 0.440026094 0.441845366 0.441417496 0.436013986 0.895632390 
32     0.442962716 0.445487651 0.452368462 0.435096480 0.447343109 0.444462201 0.443569629 0.436861343 0.434501370 0.430642775 0.427367861 0.455491758 0.457105528 0.454841271 0.452109948 0.454572535 0.280135804 0.275168776 0.287881154 0.281441698 0.275649524 0.274729497 0.279170993 0.270191925 0.238919770 0.246353965 0.248281607 0.063067043 0.000000000 0.209489567 0.455232931 0.441143467 0.440921315 0.442711748 0.439721000 0.443219239 0.446034844 0.447942660 0.451911034 0.463785847 0.449484485 0.434090814 0.415084344 0.415330905 0.416051840 0.439465290 0.439479304 0.441298576 0.440870706 0.435467196 0.895085600 
31     0.462883610 0.465356624 0.472237435 0.454965453 0.467212082 0.464320601 0.463428029 0.456728282 0.454368309 0.450509714 0.447234800 0.475327531 0.476941301 0.474677043 0.471945721 0.474408308 0.301176297 0.296204053 0.308893550 0.302726034 0.294961938 0.294072594 0.299302323 0.289665422 0.255535640 0.262763336 0.264675494 0.209760061 0.209489567 0.000000000 0.474834879 0.460764304 0.460542152 0.462332585 0.459341836 0.462840076 0.465836075 0.467583386 0.471551760 0.483426574 0.468725750 0.453714590 0.434708828 0.434955389 0.435676325 0.459055235 0.458949477 0.460779429 0.460351558 0.454941656 0.914873440 
26     0.436548379 0.439218552 0.446019935 0.428485394 0.440873471 0.438382067 0.437489495 0.430532353 0.428172381 0.424313785 0.421038872 0.450917537 0.452661802 0.450523810 0.447666222 0.450128809 0.450075892 0.444247740 0.459101533 0.452339221 0.447768546 0.446757131 0.452099996 0.442194186 0.447584029 0.453694481 0.455613331 0.455779722 0.455232931 0.474834879 0.000000000 0.275860260 0.275917282 0.278075899 0.274790033 0.278135439 0.280565942 0.281849667 0.285795455 0.302390722 0.290070600 0.381322014 0.362664984 0.362756453 0.363477388 0.383732264 0.383874238 0.385463810 0.385079367 0.380267806 0.890803380 
39     0.422132544 0.424803395 0.431551124 0.413973271 0.426506668 0.423256461 0.422363889 0.416034950 0.413674978 0.409816382 0.406541469 0.436569681 0.438313946 0.436175954 0.433318367 0.435780953 0.436143515 0.430668248 0.445298206 0.438484454 0.433576206 0.432564792 0.438114610 0.428094173 0.433496082 0.439599235 0.441525384 0.441690257 0.441143467 0.460764304 0.275860260 0.000000000 0.042877574 0.147935426 0.144453501 0.146862399 0.203956509 0.204946094 0.208624435 0.289069226 0.276690678 0.366871136 0.348041643 0.348133112 0.348854048 0.369211164 0.369370087 0.370994572 0.370566701 0.365621369 0.876382482 
41     0.421633227 0.424304078 0.431051807 0.413473954 0.426007351 0.422757144 0.421864572 0.415535633 0.413175660 0.409317065 0.406042152 0.436070364 0.437814629 0.435676637 0.432819049 0.435281636 0.435921364 0.430446096 0.445076054 0.438262302 0.433354054 0.432342640 0.437892458 0.427872021 0.433273930 0.439377084 0.441303232 0.441468105 0.440921315 0.460542152 0.275917282 0.042877574 0.000000000 0.148124284 0.144922212 0.146654415 0.203814816 0.204865912 0.208624908 0.288914807 0.276536259 0.366286534 0.347457042 0.347548510 0.348269446 0.368681757 0.368840681 0.370465165 0.370037295 0.365091963 0.875985279 
23     0.423557866 0.426564848 0.433312578 0.415769623 0.428303020 0.425059612 0.424167039 0.417910814 0.415550841 0.411692246 0.408417332 0.438556312 0.440300577 0.438162585 0.435304998 0.437767584 0.437738931 0.432263663 0.446893621 0.440079870 0.435033559 0.434022144 0.439624491 0.429500297 0.435064362 0.441167516 0.443093664 0.443258538 0.442711748 0.462332585 0.278075899 0.147935426 0.148124284 0.000000000 0.071038357 0.137831280 0.206413138 0.207452790 0.210732879 0.291027996 0.278891264 0.368914429 0.350084937 0.350176406 0.350897342 0.371268311 0.371427234 0.373051719 0.372623848 0.367673793 0.878351817 
34     0.421332217 0.424002390 0.430750120 0.413172945 0.425706342 0.422449694 0.421557122 0.415257877 0.412897904 0.409039309 0.405764396 0.435565564 0.437309829 0.435171837 0.432314250 0.434776836 0.434748183 0.429272915 0.443902873 0.437089122 0.432052731 0.431041316 0.436622116 0.426509549 0.432073614 0.438176768 0.440102916 0.440267790 0.439721000 0.459341836 0.274790033 0.144453501 0.144922212 0.071038357 0.000000000 0.134724323 0.203055952 0.204095603 0.207317068 0.288004941 0.275867204 0.365831805 0.347002313 0.347093782 0.347814717 0.368155304 0.368314227 0.369938712 0.369510842 0.364560786 0.875400824 
27     0.424553292 0.427223465 0.433971194 0.416394019 0.428927416 0.425670768 0.424778196 0.418478951 0.416118978 0.412260383 0.408985470 0.438786638 0.440530903 0.438392911 0.435535324 0.437997910 0.438246423 0.432771155 0.447401113 0.440587361 0.435550970 0.434539555 0.440160326 0.429927640 0.435571854 0.441675008 0.443601156 0.443766030 0.443219239 0.462840076 0.278135439 0.146862399 0.146654415 0.137831280 0.134724323 0.000000000 0.207113766 0.208119861 0.211523815 0.291607945 0.279522797 0.368967595 0.350138103 0.350229572 0.350950507 0.371346289 0.371505212 0.373129697 0.372701827 0.367748258 0.878724012 
20     0.427241181 0.429911354 0.436603698 0.419081908 0.431615305 0.428522090 0.427629518 0.421217056 0.418857083 0.414998488 0.411723575 0.441631965 0.443376229 0.441238237 0.438380650 0.440843236 0.441258565 0.435813415 0.450394336 0.443577897 0.438767169 0.437755755 0.443250658 0.433253126 0.438544264 0.444646175 0.446565025 0.446594330 0.446034844 0.465836075 0.280565942 0.203956509 0.203814816 0.206413138 0.203055952 0.207113766 0.000000000 0.046732024 0.165519175 0.293339467 0.281103907 0.371828320 0.352973332 0.353064801 0.353785737 0.374100216 0.374259139 0.375883624 0.375455753 0.370572997 0.880282019 
24     0.428934295 0.431604468 0.438352198 0.420775022 0.433308419 0.430164988 0.429272416 0.422859955 0.420499982 0.416641387 0.413366473 0.443167843 0.444912108 0.442774116 0.439916529 0.442379115 0.442886902 0.437441752 0.452022673 0.445206234 0.440395506 0.439384091 0.444878994 0.434881463 0.440231201 0.446341652 0.448260503 0.448489450 0.447942660 0.467583386 0.281849667 0.204946094 0.204865912 0.207452790 0.204095603 0.208119861 0.046732024 0.000000000 0.166392506 0.294637207 0.282480954 0.373271221 0.354416233 0.354507702 0.355228637 0.375543116 0.375702039 0.377326524 0.376898654 0.372015898 0.881808613 
25     0.432787299 0.435457472 0.442205202 0.424669257 0.437161423 0.433567204 0.432674632 0.426754189 0.424394216 0.420535621 0.417260708 0.447169086 0.448913350 0.446775358 0.443917771 0.446380357 0.446855276 0.441410126 0.455991047 0.449174608 0.444363880 0.443352465 0.448847368 0.438849837 0.444199575 0.450310026 0.452228877 0.452457824 0.451911034 0.471551760 0.285795455 0.208624435 0.208624908 0.210732879 0.207317068 0.211523815 0.165519175 0.166392506 0.000000000 0.298525696 0.286550009 0.377147434 0.358292447 0.358383916 0.359104851 0.379473274 0.379632197 0.381256682 0.380828811 0.375946055 0.886849746 
48     0.445214149 0.447884322 0.454632051 0.437134969 0.449588273 0.446992187 0.446099615 0.439139808 0.436779836 0.432921240 0.429646327 0.459269271 0.461013536 0.458875544 0.456017957 0.458480543 0.458712578 0.453267428 0.467835021 0.461085880 0.456532386 0.455520971 0.460782605 0.450824119 0.456068985 0.461966573 0.463885423 0.464332637 0.463785847 0.483426574 0.302390722 0.289069226 0.288914807 0.291027996 0.288004941 0.291607945 0.293339467 0.294637207 0.298525696 0.000000000 0.221683862 0.389890084 0.371087445 0.371178914 0.371899849 0.392672423 0.392831347 0.394455831 0.394027961 0.389138087 0.898419336 
46     0.431021345 0.433630083 0.440388763 0.422991520 0.435431379 0.432864188 0.431971616 0.424978406 0.422618433 0.418793242 0.415518328 0.445244239 0.446988503 0.444850512 0.441992924 0.444455511 0.444436798 0.438991648 0.453240900 0.446737629 0.442256606 0.441245191 0.446506826 0.436548339 0.441280149 0.447338801 0.449257651 0.450031275 0.449484485 0.468725750 0.290070600 0.276690678 0.276536259 0.278891264 0.275867204 0.279522797 0.281103907 0.282480954 0.286550009 0.221683862 0.000000000 0.376006604 0.357260999 0.357352467 0.358073403 0.378739996 0.378940859 0.380565343 0.380137473 0.375218410 0.884386823 
45     0.415966380 0.418636553 0.425384283 0.408085166 0.420340504 0.417818564 0.416925992 0.409892040 0.407532067 0.403673472 0.400398558 0.429708506 0.431503421 0.429375841 0.426507842 0.428970429 0.429006192 0.423616868 0.438391972 0.431496907 0.426774428 0.425763013 0.430573549 0.421087899 0.427508059 0.433752257 0.435671107 0.434637604 0.434090814 0.453714590 0.381322014 0.366871136 0.366286534 0.368914429 0.365831805 0.368967595 0.371828320 0.373271221 0.377147434 0.389890084 0.376006604 0.000000000 0.196633011 0.196587773 0.197347749 0.323231580 0.323372540 0.324997024 0.324569154 0.319985730 0.869176613 
22     0.397391887 0.400062060 0.406809790 0.389510673 0.401766011 0.399244071 0.398351499 0.391317547 0.388957574 0.385098979 0.381824065 0.411030110 0.412858585 0.410731004 0.407863005 0.410325592 0.410001975 0.404603854 0.419388157 0.412493092 0.407687712 0.406676297 0.411908391 0.401991573 0.408412419 0.414632310 0.416551160 0.415631843 0.415084344 0.434708828 0.362664984 0.348041643 0.347457042 0.350084937 0.347002313 0.350138103 0.352973332 0.354416233 0.358292447 0.371087445 0.357260999 0.196633011 0.000000000 0.043904841 0.051454817 0.305051068 0.305192027 0.306816512 0.306388642 0.301805218 0.850680042 
19     0.397547601 0.400217774 0.406965504 0.389666386 0.401921725 0.399399785 0.398507212 0.391473261 0.389113288 0.385254693 0.381979779 0.411277379 0.413105854 0.410978274 0.408110275 0.410572862 0.410248537 0.404850416 0.419634718 0.412739653 0.407934273 0.406922858 0.412154952 0.402238134 0.408658981 0.414878871 0.416797721 0.415878404 0.415330905 0.434955389 0.362756453 0.348133112 0.347548510 0.350176406 0.347093782 0.350229572 0.353064801 0.354507702 0.358383916 0.371178914 0.357352467 0.196587773 0.043904841 0.000000000 0.051615376 0.305114864 0.305255823 0.306880308 0.306452437 0.301869013 0.850913333 
30     0.398268536 0.400938709 0.407686439 0.390387322 0.402642661 0.400120720 0.399228148 0.392194196 0.389834223 0.385975628 0.382700715 0.411998315 0.413826790 0.411699210 0.408831211 0.411293797 0.410969472 0.405571351 0.420355654 0.413460588 0.408655208 0.407643793 0.412875887 0.402959069 0.409379916 0.415599806 0.417518656 0.416599339 0.416051840 0.435676325 0.363477388 0.348854048 0.348269446 0.350897342 0.347814717 0.350950507 0.353785737 0.355228637 0.359104851 0.371899849 0.358073403 0.197347749 0.051454817 0.051615376 0.000000000 0.305835799 0.305976758 0.307601243 0.307173373 0.302589948 0.851634269 
42     0.420976849 0.423647022 0.430394752 0.413083881 0.425350973 0.422933506 0.422040933 0.414902509 0.412542536 0.408683941 0.405409027 0.435314824 0.436926000 0.434798419 0.431930420 0.434393007 0.434583252 0.429180573 0.443850414 0.437077208 0.432431998 0.431420583 0.436565156 0.426713147 0.432895250 0.439040729 0.440959579 0.440012080 0.439465290 0.459055235 0.383732264 0.369211164 0.368681757 0.371268311 0.368155304 0.371346289 0.374100216 0.375543116 0.379473274 0.392672423 0.378739996 0.323231580 0.305051068 0.305114864 0.305835799 0.000000000 0.145020311 0.146322540 0.146107286 0.141429132 0.873823352 
47     0.421188988 0.423859161 0.430606891 0.413296020 0.425563112 0.423145644 0.422253072 0.415114648 0.412754675 0.408896080 0.405621166 0.435539120 0.437088857 0.434961277 0.432093278 0.434555865 0.434614925 0.429212246 0.443976980 0.437203774 0.432558564 0.431547150 0.436691722 0.426839714 0.432729239 0.439024808 0.440943659 0.440026094 0.439479304 0.458949477 0.383874238 0.369370087 0.368840681 0.371427234 0.368314227 0.371505212 0.374259139 0.375702039 0.379632197 0.392831347 0.378940859 0.323372540 0.305192027 0.305255823 0.305976758 0.145020311 0.000000000 0.072920874 0.071091512 0.112796054 0.874035491 
17     0.422813473 0.425483646 0.432231375 0.414920505 0.427187597 0.424770129 0.423877557 0.416739132 0.414379159 0.410520564 0.407245651 0.437163605 0.438713342 0.436585762 0.433717763 0.436180349 0.436429573 0.431026894 0.445696734 0.438923529 0.434278319 0.433266904 0.438411476 0.428559468 0.434741570 0.440887050 0.442805900 0.441845366 0.441298576 0.460779429 0.385463810 0.370994572 0.370465165 0.373051719 0.369938712 0.373129697 0.375883624 0.377326524 0.381256682 0.394455831 0.380565343 0.324997024 0.306816512 0.306880308 0.307601243 0.146322540 0.072920874 0.000000000 0.063564802 0.114556642 0.875659976 
37     0.422385602 0.425055775 0.431803505 0.414492634 0.426759726 0.424342259 0.423449686 0.416311262 0.413951289 0.410092694 0.406817780 0.436735735 0.438269830 0.436142250 0.433274251 0.435736837 0.436001702 0.430599023 0.445268864 0.438495658 0.433850448 0.432839033 0.437983606 0.428131597 0.434313700 0.440459179 0.442378029 0.441417496 0.440870706 0.460351558 0.385079367 0.370566701 0.370037295 0.372623848 0.369510842 0.372701827 0.375455753 0.376898654 0.380828811 0.394027961 0.380137473 0.324569154 0.306388642 0.306452437 0.307173373 0.146107286 0.071091512 0.063564802 0.000000000 0.113668125 0.875232105 
28     0.417902606 0.420572779 0.427320509 0.410009639 0.422276731 0.419859263 0.418966691 0.411828266 0.409468293 0.405609698 0.402334785 0.432221071 0.433802476 0.431674896 0.428806897 0.431269483 0.430597271 0.425194592 0.439848000 0.433064004 0.428438353 0.427426938 0.432571511 0.422719502 0.428922469 0.435067949 0.436986799 0.436013986 0.435467196 0.454941656 0.380267806 0.365621369 0.365091963 0.367673793 0.364560786 0.367748258 0.370572997 0.372015898 0.375946055 0.389138087 0.375218410 0.319985730 0.301805218 0.301869013 0.302589948 0.141429132 0.112796054 0.114556642 0.113668125 0.000000000 0.870560042 
0     0.861146708 0.863798049 0.870545779 0.853216498 0.865407571 0.863980818 0.862988517 0.854822076 0.852432040 0.848679208 0.845404294 0.873181474 0.875081590 0.873056101 0.870086011 0.872548597 0.890294328 0.884948315 0.899400732 0.892652405 0.887573370 0.886555302 0.891931430 0.881999381 0.888259956 0.894411741 0.896330591 0.895632390 0.895085600 0.914873440 0.890803380 0.876382482 0.875985279 0.878351817 0.875400824 0.878724012 0.880282019 0.881808613 0.886849746 0.898419336 0.884386823 0.869176613 0.850680042 0.850913333 0.851634269 0.873823352 0.874035491 0.875659976 0.875232105 0.870560042 0.000000000 
