51
11     0.000000000 0.000821780 0.000811670 0.000879570 0.000884360 0.001016340 0.000811790 0.000771660 0.000768830 0.000829160 0.000720280 0.000907460 0.000847380 0.001100740 0.001046090 0.001001490 0.000991310 0.001015580 0.001036000 0.001321390 0.001458840 0.001383230 0.001334540 0.001162410 0.001532960 0.001414310 0.001442720 0.001067240 0.001111510 0.001157100 0.001184170 0.001111620 0.001060820 0.001204760 0.001398480 0.001213850 0.001200860 0.001169210 0.001195920 0.001172190 0.001060790 0.001053810 0.001057160 0.001448180 0.001414260 0.001195650 0.001192720 0.001301590 0.001233650 0.001101610 0.001893940 
9     0.000821780 0.000000000 0.000077650 0.000424930 0.000188420 0.000561700 0.000798910 0.000758780 0.000062110 0.000816280 0.000707400 0.001425060 0.001226960 0.001260840 0.001206190 0.001161590 0.001151410 0.001175680 0.001196100 0.001481490 0.001618940 0.001543330 0.001494640 0.001322510 0.001693060 0.001574410 0.001602820 0.001227340 0.001271610 0.001317200 0.001344270 0.001271720 0.001220920 0.001364860 0.001558580 0.001373950 0.001360960 0.001329310 0.001356020 0.001332290 0.001220890 0.001213910 0.001217260 0.001608280 0.001574360 0.001355750 0.001352820 0.001461690 0.001393750 0.001261710 0.002054040 
5     0.000811670 0.000077650 0.000000000 0.000414820 0.000419610 0.000551590 0.000788800 0.000748670 0.000745840 0.000806170 0.000697290 0.001414950 0.001216850 0.001250730 0.001196080 0.001151480 0.001141300 0.001165570 0.001185990 0.001471380 0.001608830 0.001533220 0.001484530 0.001312400 0.001682950 0.001564300 0.001592710 0.001217230 0.001261500 0.001307090 0.001334160 0.001261610 0.001210810 0.001354750 0.001548470 0.001363840 0.001350850 0.001319200 0.001345910 0.001322180 0.001210780 0.001203800 0.001207150 0.001598170 0.001564250 0.001345640 0.001342710 0.001451580 0.001383640 0.001251600 0.002043930 
3     0.000879570 0.000424930 0.000414820 0.000000000 0.000049180 0.000065380 0.000804070 0.000816570 0.000813740 0.000874070 0.000765190 0.001482850 0.000852250 0.001318630 0.001263980 0.001219380 0.001209200 0.001233470 0.001253890 0.001539280 0.001676730 0.001601120 0.001274920 0.001380300 0.001750850 0.001632200 0.001660610 0.001285130 0.001329400 0.001374990 0.001402060 0.001329510 0.001278710 0.001422650 0.001616370 0.001431740 0.001418750 0.001387100 0.001413810 0.001390080 0.001278680 0.001271700 0.001275050 0.001666070 0.001598250 0.001413540 0.001410610 0.001519480 0.001451540 0.001319500 0.002111830 
1     0.000884360 0.000188420 0.000419610 0.000049180 0.000000000 0.000200710 0.000861490 0.000821360 0.000818530 0.000878860 0.000769980 0.001487640 0.000983140 0.001323420 0.001268770 0.001224170 0.001213990 0.001238260 0.001258680 0.001544070 0.001681520 0.001605910 0.001405810 0.001385090 0.001755640 0.001636990 0.001665400 0.001289920 0.001334190 0.001379780 0.001406850 0.001334300 0.001283500 0.001427440 0.001621160 0.001436530 0.001423540 0.001391890 0.001418600 0.001394870 0.001283470 0.001276490 0.001279840 0.001670860 0.001636940 0.001418330 0.001415400 0.001524270 0.001456330 0.001324290 0.002116620 
10     0.001016340 0.000561700 0.000551590 0.000065380 0.000200710 0.000000000 0.000768450 0.000953340 0.000950510 0.001010840 0.000730330 0.001619620 0.000816630 0.001455400 0.001400750 0.001356150 0.001345970 0.001370240 0.001390660 0.001676050 0.001813500 0.001737890 0.001239300 0.001517070 0.001887620 0.001768970 0.001797380 0.001421900 0.001466170 0.001511760 0.001538830 0.001466280 0.001415480 0.001559420 0.001753140 0.001568510 0.001555520 0.001523870 0.001550580 0.001526850 0.001415450 0.001408470 0.001411820 0.001802840 0.001768920 0.001550310 0.001547380 0.001656250 0.001588310 0.001456270 0.002248600 
2     0.000811790 0.000798910 0.000788800 0.000804070 0.000861490 0.000768450 0.000000000 0.000346370 0.000401200 0.000461530 0.000063920 0.001415070 0.000705080 0.001250850 0.001196200 0.001151600 0.001141420 0.001165690 0.001186110 0.001471500 0.001608950 0.001533340 0.001129410 0.001312520 0.001683070 0.001564420 0.001592830 0.001217350 0.001261620 0.001307210 0.001334280 0.001261730 0.001210930 0.001354870 0.001548590 0.001363960 0.001350970 0.001319320 0.001346030 0.001322300 0.001210900 0.001203920 0.001207270 0.001598290 0.001564370 0.001345760 0.001342830 0.001451700 0.001383760 0.001251720 0.002044050 
8     0.000771660 0.000758780 0.000748670 0.000816570 0.000821360 0.000953340 0.000346370 0.000000000 0.000361070 0.000421400 0.000203080 0.001374940 0.001037080 0.001210720 0.001156070 0.001111470 0.001101290 0.001125560 0.001145980 0.001431370 0.001568820 0.001493210 0.001444520 0.001272390 0.001642940 0.001524290 0.001552700 0.001177220 0.001221490 0.001267080 0.001294150 0.001221600 0.001170800 0.001314740 0.001508460 0.001323830 0.001310840 0.001279190 0.001305900 0.001282170 0.001170770 0.001163790 0.001167140 0.001558160 0.001524240 0.001305630 0.001302700 0.001411570 0.001343630 0.001211590 0.002003920 
4     0.000768830 0.000062110 0.000745840 0.000813740 0.000818530 0.000950510 0.000401200 0.000361070 0.000000000 0.000245210 0.000309690 0.001372110 0.001034250 0.001207890 0.001153240 0.001108640 0.001098460 0.001122730 0.001143150 0.001428540 0.001565990 0.001490380 0.001441690 0.001269560 0.001640110 0.001521460 0.001549870 0.001174390 0.001218660 0.001264250 0.001291320 0.001218770 0.001167970 0.001311910 0.001505630 0.001321000 0.001308010 0.001276360 0.001303070 0.001279340 0.001167940 0.001160960 0.001164310 0.001555330 0.001521410 0.001302800 0.001299870 0.001408740 0.001340800 0.001208760 0.002001090 
12     0.000829160 0.000816280 0.000806170 0.000874070 0.000878860 0.001010840 0.000461530 0.000421400 0.000245210 0.000000000 0.000370020 0.001432440 0.001094580 0.001268220 0.001213570 0.001168970 0.001158790 0.001183060 0.001203480 0.001488870 0.001626320 0.001550710 0.001502020 0.001329890 0.001700440 0.001581790 0.001610200 0.001234720 0.001278990 0.001324580 0.001351650 0.001279100 0.001228300 0.001372240 0.001565960 0.001381330 0.001368340 0.001336690 0.001363400 0.001339670 0.001228270 0.001221290 0.001224640 0.001615660 0.001581740 0.001363130 0.001360200 0.001469070 0.001401130 0.001269090 0.002061420 
13     0.000720280 0.000707400 0.000697290 0.000765190 0.000769980 0.000730330 0.000063920 0.000203080 0.000309690 0.000370020 0.000000000 0.001323560 0.000666960 0.001159340 0.001104690 0.001060090 0.001049910 0.001074180 0.001094600 0.001379990 0.001517440 0.001441830 0.001091290 0.001221010 0.001591560 0.001472910 0.001501320 0.001125840 0.001170110 0.001215700 0.001242770 0.001170220 0.001119420 0.001263360 0.001457080 0.001272450 0.001259460 0.001227810 0.001254520 0.001230790 0.001119390 0.001112410 0.001115760 0.001506780 0.001472860 0.001254250 0.001251320 0.001360190 0.001292250 0.001160210 0.001952540 
6     0.000907460 0.001425060 0.001414950 0.001482850 0.001487640 0.001619620 0.001415070 0.001374940 0.001372110 0.001432440 0.001323560 0.000000000 0.001668620 0.001704020 0.001649370 0.001604770 0.001594590 0.001618860 0.001639280 0.001924670 0.002062120 0.001986510 0.001937820 0.001765690 0.002136240 0.002017590 0.002046000 0.001670520 0.001714790 0.001760380 0.001787450 0.001714900 0.001664100 0.001808040 0.002001760 0.001817130 0.001804140 0.001772490 0.001799200 0.001775470 0.001664070 0.001657090 0.001660440 0.002051460 0.002017540 0.001798930 0.001796000 0.001904870 0.001836930 0.001704890 0.002497220 
7     0.000847380 0.001226960 0.001216850 0.000852250 0.000983140 0.000816630 0.000705080 0.001037080 0.001034250 0.001094580 0.000666960 0.001668620 0.000000000 0.001678900 0.001624250 0.001579650 0.001569470 0.001593740 0.001614160 0.001899550 0.002037000 0.001961390 0.000708150 0.001740570 0.002111120 0.001992470 0.002020880 0.001645400 0.001689670 0.001735260 0.001762330 0.001689780 0.001638980 0.001782920 0.001976640 0.001792010 0.001779020 0.001747370 0.001774080 0.001750350 0.001638950 0.001631970 0.001635320 0.002026340 0.001992420 0.001773810 0.001770880 0.001879750 0.001811810 0.001679770 0.002472100 
33     0.001100740 0.001260840 0.001250730 0.001318630 0.001323420 0.001455400 0.001250850 0.001210720 0.001207890 0.001268220 0.001159340 0.001704020 0.001678900 0.000000000 0.000648430 0.000603830 0.000593650 0.000617920 0.000638340 0.001167790 0.001305240 0.001229630 0.001180940 0.001074050 0.001444600 0.001333330 0.001361740 0.000986260 0.001030530 0.001076120 0.001103190 0.001030640 0.000979840 0.001123780 0.001317500 0.001132870 0.001119880 0.001088230 0.001114940 0.001091210 0.000979810 0.000972830 0.000976180 0.001367200 0.001333280 0.001114670 0.001111740 0.001220610 0.001152670 0.001020630 0.002014180 
16     0.001046090 0.001206190 0.001196080 0.001263980 0.001268770 0.001400750 0.001196200 0.001156070 0.001153240 0.001213570 0.001104690 0.001649370 0.001624250 0.000648430 0.000000000 0.000206260 0.000196080 0.000220350 0.000285910 0.001113140 0.001250590 0.001174980 0.001126290 0.001019400 0.001389950 0.001278680 0.001307090 0.000931610 0.000975880 0.001021470 0.001048540 0.000975990 0.000925190 0.001069130 0.001262850 0.001078220 0.001065230 0.001033580 0.001060290 0.001036560 0.000925160 0.000918180 0.000921530 0.001312550 0.001278630 0.001060020 0.001057090 0.001165960 0.001098020 0.000965980 0.001959530 
30     0.001001490 0.001161590 0.001151480 0.001219380 0.001224170 0.001356150 0.001151600 0.001111470 0.001108640 0.001168970 0.001060090 0.001604770 0.001579650 0.000603830 0.000206260 0.000000000 0.000059460 0.000145390 0.000241310 0.001068540 0.001205990 0.001130380 0.001081690 0.000974800 0.001345350 0.001234080 0.001262490 0.000887010 0.000931280 0.000976870 0.001003940 0.000931390 0.000880590 0.001024530 0.001218250 0.001033620 0.001020630 0.000988980 0.001015690 0.000991960 0.000880560 0.000873580 0.000876930 0.001267950 0.001234030 0.001015420 0.001012490 0.001121360 0.001053420 0.000921380 0.001914930 
47     0.000991310 0.001151410 0.001141300 0.001209200 0.001213990 0.001345970 0.001141420 0.001101290 0.001098460 0.001158790 0.001049910 0.001594590 0.001569470 0.000593650 0.000196080 0.000059460 0.000000000 0.000135210 0.000092580 0.001058360 0.001195810 0.001120200 0.001071510 0.000964620 0.001335170 0.001223900 0.001252310 0.000876830 0.000921100 0.000966690 0.000993760 0.000921210 0.000870410 0.001014350 0.001208070 0.001023440 0.001010450 0.000978800 0.001005510 0.000981780 0.000870380 0.000863400 0.000866750 0.001257770 0.001223850 0.001005240 0.001002310 0.001111180 0.001043240 0.000911200 0.001904750 
21     0.001015580 0.001175680 0.001165570 0.001233470 0.001238260 0.001370240 0.001165690 0.001125560 0.001122730 0.001183060 0.001074180 0.001618860 0.001593740 0.000617920 0.000220350 0.000145390 0.000135210 0.000000000 0.000255400 0.001082630 0.001220080 0.001144470 0.001095780 0.000988890 0.001359440 0.001248170 0.001276580 0.000901100 0.000945370 0.000990960 0.001018030 0.000945480 0.000894680 0.001038620 0.001232340 0.001047710 0.001034720 0.001003070 0.001029780 0.001006050 0.000894650 0.000887670 0.000891020 0.001282040 0.001248120 0.001029510 0.001026580 0.001135450 0.001067510 0.000935470 0.001929020 
36     0.001036000 0.001196100 0.001185990 0.001253890 0.001258680 0.001390660 0.001186110 0.001145980 0.001143150 0.001203480 0.001094600 0.001639280 0.001614160 0.000638340 0.000285910 0.000241310 0.000092580 0.000255400 0.000000000 0.001103050 0.001240500 0.001164890 0.001116200 0.001009310 0.001379860 0.001268590 0.001297000 0.000921520 0.000965790 0.001011380 0.001038450 0.000965900 0.000915100 0.001059040 0.001252760 0.001068130 0.001055140 0.001023490 0.001050200 0.001026470 0.000915070 0.000908090 0.000911440 0.001302460 0.001268540 0.001049930 0.001047000 0.001155870 0.001087930 0.000955890 0.001949440 
29     0.001321390 0.001481490 0.001471380 0.001539280 0.001544070 0.001676050 0.001471500 0.001431370 0.001428540 0.001488870 0.001379990 0.001924670 0.001899550 0.001167790 0.001113140 0.001068540 0.001058360 0.001082630 0.001103050 0.000000000 0.000928050 0.000599140 0.000467590 0.001294700 0.001665250 0.001553980 0.001582390 0.001206910 0.001251180 0.001296770 0.001323840 0.001251290 0.001200490 0.001344430 0.001538150 0.001353520 0.001340530 0.001308880 0.001335590 0.001311860 0.001200460 0.001193480 0.001196830 0.001587850 0.001553930 0.001335320 0.001332390 0.001441260 0.001373320 0.001241280 0.002234830 
49     0.001458840 0.001618940 0.001608830 0.001676730 0.001681520 0.001813500 0.001608950 0.001568820 0.001565990 0.001626320 0.001517440 0.002062120 0.002037000 0.001305240 0.001250590 0.001205990 0.001195810 0.001220080 0.001240500 0.000928050 0.000000000 0.000179030 0.000796040 0.001432150 0.001802700 0.001691430 0.001719840 0.001344360 0.001388630 0.001434220 0.001461290 0.001388740 0.001337940 0.001481880 0.001675600 0.001490970 0.001477980 0.001446330 0.001473040 0.001449310 0.001337910 0.001330930 0.001334280 0.001725300 0.001691380 0.001472770 0.001469840 0.001578710 0.001510770 0.001378730 0.002372280 
22     0.001383230 0.001543330 0.001533220 0.001601120 0.001605910 0.001737890 0.001533340 0.001493210 0.001490380 0.001550710 0.001441830 0.001986510 0.001961390 0.001229630 0.001174980 0.001130380 0.001120200 0.001144470 0.001164890 0.000599140 0.000179030 0.000000000 0.000720430 0.001356540 0.001727090 0.001615820 0.001644230 0.001268750 0.001313020 0.001358610 0.001385680 0.001313130 0.001262330 0.001406270 0.001599990 0.001415360 0.001402370 0.001370720 0.001397430 0.001373700 0.001262300 0.001255320 0.001258670 0.001649690 0.001615770 0.001397160 0.001394230 0.001503100 0.001435160 0.001303120 0.002296670 
25     0.001334540 0.001494640 0.001484530 0.001274920 0.001405810 0.001239300 0.001129410 0.001444520 0.001441690 0.001502020 0.001091290 0.001937820 0.000708150 0.001180940 0.001126290 0.001081690 0.001071510 0.001095780 0.001116200 0.000467590 0.000796040 0.000720430 0.000000000 0.001307850 0.001678400 0.001567130 0.001595540 0.001220060 0.001264330 0.001309920 0.001336990 0.001264440 0.001213640 0.001357580 0.001551300 0.001366670 0.001353680 0.001322030 0.001348740 0.001325010 0.001213610 0.001206630 0.001209980 0.001601000 0.001567080 0.001348470 0.001345540 0.001454410 0.001386470 0.001254430 0.002247980 
24     0.001162410 0.001322510 0.001312400 0.001380300 0.001385090 0.001517070 0.001312520 0.001272390 0.001269560 0.001329890 0.001221010 0.001765690 0.001740570 0.001074050 0.001019400 0.000974800 0.000964620 0.000988890 0.001009310 0.001294700 0.001432150 0.001356540 0.001307850 0.000000000 0.000107230 0.001395000 0.001423410 0.001047930 0.001092200 0.001137790 0.001164860 0.001092310 0.001041510 0.001185450 0.001379170 0.001194540 0.001181550 0.001149900 0.001176610 0.001152880 0.001041480 0.001034500 0.001037850 0.001428870 0.001394950 0.001176340 0.001173410 0.001282280 0.001214340 0.001082300 0.002075850 
35     0.001532960 0.001693060 0.001682950 0.001750850 0.001755640 0.001887620 0.001683070 0.001642940 0.001640110 0.001700440 0.001591560 0.002136240 0.002111120 0.001444600 0.001389950 0.001345350 0.001335170 0.001359440 0.001379860 0.001665250 0.001802700 0.001727090 0.001678400 0.000107230 0.000000000 0.001765550 0.001793960 0.001418480 0.001462750 0.001508340 0.001535410 0.001462860 0.001412060 0.001556000 0.001749720 0.001565090 0.001552100 0.001520450 0.001547160 0.001523430 0.001412030 0.001405050 0.001408400 0.001799420 0.001765500 0.001546890 0.001543960 0.001652830 0.001584890 0.001452850 0.002446400 
18     0.001414310 0.001574410 0.001564300 0.001632200 0.001636990 0.001768970 0.001564420 0.001524290 0.001521460 0.001581790 0.001472910 0.002017590 0.001992470 0.001333330 0.001278680 0.001234080 0.001223900 0.001248170 0.001268590 0.001553980 0.001691430 0.001615820 0.001567130 0.001395000 0.001765550 0.000000000 0.000003290 0.000848650 0.000892920 0.000938510 0.000965580 0.000661410 0.000795350 0.001041710 0.001217830 0.001033200 0.001020210 0.000988560 0.001003270 0.000979540 0.000868140 0.000861160 0.000876510 0.001286410 0.001252490 0.001052460 0.001049530 0.001158400 0.001090460 0.000460490 0.002327750 
14     0.001442720 0.001602820 0.001592710 0.001660610 0.001665400 0.001797380 0.001592830 0.001552700 0.001549870 0.001610200 0.001501320 0.002046000 0.002020880 0.001361740 0.001307090 0.001262490 0.001252310 0.001276580 0.001297000 0.001582390 0.001719840 0.001644230 0.001595540 0.001423410 0.001793960 0.000003290 0.000000000 0.000877060 0.000921330 0.000966920 0.000993990 0.000921440 0.001043700 0.001070120 0.001246240 0.001061610 0.001048620 0.001016970 0.001031680 0.001007950 0.000896550 0.000889570 0.000904920 0.001314820 0.001280900 0.001080870 0.001077940 0.001186810 0.001118870 0.000986830 0.002356160 
17     0.001067240 0.001227340 0.001217230 0.001285130 0.001289920 0.001421900 0.001217350 0.001177220 0.001174390 0.001234720 0.001125840 0.001670520 0.001645400 0.000986260 0.000931610 0.000887010 0.000876830 0.000901100 0.000921520 0.001206910 0.001344360 0.001268750 0.001220060 0.001047930 0.001418480 0.000848650 0.000877060 0.000000000 0.000285970 0.000331560 0.000226350 0.000399800 0.000668220 0.000694640 0.000870760 0.000686130 0.000673140 0.000641490 0.000656200 0.000632470 0.000521070 0.000514090 0.000529440 0.000939340 0.000806090 0.000705390 0.000702460 0.000811330 0.000743390 0.000611350 0.001980680 
37     0.001111510 0.001271610 0.001261500 0.001329400 0.001334190 0.001466170 0.001261620 0.001221490 0.001218660 0.001278990 0.001170110 0.001714790 0.001689670 0.001030530 0.000975880 0.000931280 0.000921100 0.000945370 0.000965790 0.001251180 0.001388630 0.001313020 0.001264330 0.001092200 0.001462750 0.000892920 0.000921330 0.000285970 0.000000000 0.000220230 0.000003600 0.000444070 0.000712490 0.000738910 0.000915030 0.000730400 0.000717410 0.000685760 0.000700470 0.000676740 0.000565340 0.000558360 0.000573710 0.000983610 0.000949690 0.000749660 0.000746730 0.000855600 0.000787660 0.000655620 0.002024950 
42     0.001157100 0.001317200 0.001307090 0.001374990 0.001379780 0.001511760 0.001307210 0.001267080 0.001264250 0.001324580 0.001215700 0.001760380 0.001735260 0.001076120 0.001021470 0.000976870 0.000966690 0.000990960 0.001011380 0.001296770 0.001434220 0.001358610 0.001309920 0.001137790 0.001508340 0.000938510 0.000966920 0.000331560 0.000220230 0.000000000 0.000448490 0.000489660 0.000758080 0.000784500 0.000960620 0.000775990 0.000763000 0.000731350 0.000746060 0.000722330 0.000610930 0.000603950 0.000619300 0.001029200 0.000995280 0.000795250 0.000792320 0.000901190 0.000833250 0.000701210 0.002070540 
32     0.001184170 0.001344270 0.001334160 0.001402060 0.001406850 0.001538830 0.001334280 0.001294150 0.001291320 0.001351650 0.001242770 0.001787450 0.001762330 0.001103190 0.001048540 0.001003940 0.000993760 0.001018030 0.001038450 0.001323840 0.001461290 0.001385680 0.001336990 0.001164860 0.001535410 0.000965580 0.000993990 0.000226350 0.000003600 0.000448490 0.000000000 0.000516730 0.000785150 0.000811570 0.000987690 0.000803060 0.000790070 0.000758420 0.000773130 0.000749400 0.000638000 0.000631020 0.000646370 0.001056270 0.001022350 0.000822320 0.000819390 0.000928260 0.000860320 0.000728280 0.002097610 
28     0.001111620 0.001271720 0.001261610 0.001329510 0.001334300 0.001466280 0.001261730 0.001221600 0.001218770 0.001279100 0.001170220 0.001714900 0.001689780 0.001030640 0.000975990 0.000931390 0.000921210 0.000945480 0.000965900 0.001251290 0.001388740 0.001313130 0.001264440 0.001092310 0.001462860 0.000661410 0.000921440 0.000399800 0.000444070 0.000489660 0.000516730 0.000000000 0.000712600 0.000739020 0.000915140 0.000730510 0.000717520 0.000685870 0.000700580 0.000676850 0.000565450 0.000558470 0.000573820 0.000983720 0.000949800 0.000749770 0.000746840 0.000855710 0.000787770 0.000655730 0.002025060 
39     0.001060820 0.001220920 0.001210810 0.001278710 0.001283500 0.001415480 0.001210930 0.001170800 0.001167970 0.001228300 0.001119420 0.001664100 0.001638980 0.000979840 0.000925190 0.000880590 0.000870410 0.000894680 0.000915100 0.001200490 0.001337940 0.001262330 0.001213640 0.001041510 0.001412060 0.000795350 0.001043700 0.000668220 0.000712490 0.000758080 0.000785150 0.000712600 0.000000000 0.000805740 0.000999460 0.000814830 0.000801840 0.000770190 0.000796900 0.000773170 0.000661770 0.000654790 0.000658140 0.001049160 0.001015240 0.000796630 0.000793700 0.000902570 0.000834630 0.000374840 0.001974260 
45     0.001204760 0.001364860 0.001354750 0.001422650 0.001427440 0.001559420 0.001354870 0.001314740 0.001311910 0.001372240 0.001263360 0.001808040 0.001782920 0.001123780 0.001069130 0.001024530 0.001014350 0.001038620 0.001059040 0.001344430 0.001481880 0.001406270 0.001357580 0.001185450 0.001556000 0.001041710 0.001070120 0.000694640 0.000738910 0.000784500 0.000811570 0.000739020 0.000805740 0.000000000 0.000810690 0.000841250 0.000828260 0.000796610 0.000823320 0.000799590 0.000688190 0.000681210 0.000684560 0.001076860 0.001042940 0.000842910 0.000839980 0.000948850 0.000880910 0.000748870 0.002118200 
44     0.001398480 0.001558580 0.001548470 0.001616370 0.001621160 0.001753140 0.001548590 0.001508460 0.001505630 0.001565960 0.001457080 0.002001760 0.001976640 0.001317500 0.001262850 0.001218250 0.001208070 0.001232340 0.001252760 0.001538150 0.001675600 0.001599990 0.001551300 0.001379170 0.001749720 0.001217830 0.001246240 0.000870760 0.000915030 0.000960620 0.000987690 0.000915140 0.000999460 0.000810690 0.000000000 0.000483680 0.000885300 0.000853650 0.000999440 0.000975710 0.000864310 0.000429460 0.000210540 0.001270580 0.001236660 0.001036630 0.001033700 0.001142570 0.001074630 0.000942590 0.002311920 
38     0.001213850 0.001373950 0.001363840 0.001431740 0.001436530 0.001568510 0.001363960 0.001323830 0.001321000 0.001381330 0.001272450 0.001817130 0.001792010 0.001132870 0.001078220 0.001033620 0.001023440 0.001047710 0.001068130 0.001353520 0.001490970 0.001415360 0.001366670 0.001194540 0.001565090 0.001033200 0.001061610 0.000686130 0.000730400 0.000775990 0.000803060 0.000730510 0.000814830 0.000841250 0.000483680 0.000000000 0.000129080 0.000081920 0.000814810 0.000791080 0.000679680 0.000672700 0.000598430 0.001085950 0.001052030 0.000852000 0.000849070 0.000957940 0.000890000 0.000757960 0.002127290 
48     0.001200860 0.001360960 0.001350850 0.001418750 0.001423540 0.001555520 0.001350970 0.001310840 0.001308010 0.001368340 0.001259460 0.001804140 0.001779020 0.001119880 0.001065230 0.001020630 0.001010450 0.001034720 0.001055140 0.001340530 0.001477980 0.001402370 0.001353680 0.001181550 0.001552100 0.001020210 0.001048620 0.000673140 0.000717410 0.000763000 0.000790070 0.000717520 0.000801840 0.000828260 0.000885300 0.000129080 0.000000000 0.000175070 0.000801820 0.000778090 0.000666690 0.000659710 0.000585440 0.001072960 0.001039040 0.000839010 0.000836080 0.000944950 0.000877010 0.000744970 0.002114300 
50     0.001169210 0.001329310 0.001319200 0.001387100 0.001391890 0.001523870 0.001319320 0.001279190 0.001276360 0.001336690 0.001227810 0.001772490 0.001747370 0.001088230 0.001033580 0.000988980 0.000978800 0.001003070 0.001023490 0.001308880 0.001446330 0.001370720 0.001322030 0.001149900 0.001520450 0.000988560 0.001016970 0.000641490 0.000685760 0.000731350 0.000758420 0.000685870 0.000770190 0.000796610 0.000853650 0.000081920 0.000175070 0.000000000 0.000770170 0.000746440 0.000635040 0.000628060 0.000553790 0.001041310 0.001007390 0.000807360 0.000804430 0.000913300 0.000845360 0.000713320 0.002082650 
46     0.001195920 0.001356020 0.001345910 0.001413810 0.001418600 0.001550580 0.001346030 0.001305900 0.001303070 0.001363400 0.001254520 0.001799200 0.001774080 0.001114940 0.001060290 0.001015690 0.001005510 0.001029780 0.001050200 0.001335590 0.001473040 0.001397430 0.001348740 0.001176610 0.001547160 0.001003270 0.001031680 0.000656200 0.000700470 0.000746060 0.000773130 0.000700580 0.000796900 0.000823320 0.000999440 0.000814810 0.000801820 0.000770170 0.000000000 0.000085350 0.000345510 0.000071080 0.000658120 0.001068020 0.001034100 0.000834070 0.000831140 0.000940010 0.000872070 0.000740030 0.002109360 
26     0.001172190 0.001332290 0.001322180 0.001390080 0.001394870 0.001526850 0.001322300 0.001282170 0.001279340 0.001339670 0.001230790 0.001775470 0.001750350 0.001091210 0.001036560 0.000991960 0.000981780 0.001006050 0.001026470 0.001311860 0.001449310 0.001373700 0.001325010 0.001152880 0.001523430 0.000979540 0.001007950 0.000632470 0.000676740 0.000722330 0.000749400 0.000676850 0.000773170 0.000799590 0.000975710 0.000791080 0.000778090 0.000746440 0.000085350 0.000000000 0.000276970 0.000314800 0.000634390 0.001044290 0.001010370 0.000810340 0.000807410 0.000916280 0.000848340 0.000716300 0.002085630 
19     0.001060790 0.001220890 0.001210780 0.001278680 0.001283470 0.001415450 0.001210900 0.001170770 0.001167940 0.001228270 0.001119390 0.001664070 0.001638950 0.000979810 0.000925160 0.000880560 0.000870380 0.000894650 0.000915070 0.001200460 0.001337910 0.001262300 0.001213610 0.001041480 0.001412030 0.000868140 0.000896550 0.000521070 0.000565340 0.000610930 0.000638000 0.000565450 0.000661770 0.000688190 0.000864310 0.000679680 0.000666690 0.000635040 0.000345510 0.000276970 0.000000000 0.000111700 0.000522990 0.000932890 0.000898970 0.000698940 0.000696010 0.000804880 0.000736940 0.000604900 0.001974230 
15     0.001053810 0.001213910 0.001203800 0.001271700 0.001276490 0.001408470 0.001203920 0.001163790 0.001160960 0.001221290 0.001112410 0.001657090 0.001631970 0.000972830 0.000918180 0.000873580 0.000863400 0.000887670 0.000908090 0.001193480 0.001330930 0.001255320 0.001206630 0.001034500 0.001405050 0.000861160 0.000889570 0.000514090 0.000558360 0.000603950 0.000631020 0.000558470 0.000654790 0.000681210 0.000429460 0.000672700 0.000659710 0.000628060 0.000071080 0.000314800 0.000111700 0.000000000 0.000448140 0.000925910 0.000891990 0.000691960 0.000689030 0.000797900 0.000729960 0.000597920 0.001967250 
40     0.001057160 0.001217260 0.001207150 0.001275050 0.001279840 0.001411820 0.001207270 0.001167140 0.001164310 0.001224640 0.001115760 0.001660440 0.001635320 0.000976180 0.000921530 0.000876930 0.000866750 0.000891020 0.000911440 0.001196830 0.001334280 0.001258670 0.001209980 0.001037850 0.001408400 0.000876510 0.000904920 0.000529440 0.000573710 0.000619300 0.000646370 0.000573820 0.000658140 0.000684560 0.000210540 0.000598430 0.000585440 0.000553790 0.000658120 0.000634390 0.000522990 0.000448140 0.000000000 0.000929260 0.000895340 0.000695310 0.000692380 0.000801250 0.000733310 0.000601270 0.001970600 
41     0.001448180 0.001608280 0.001598170 0.001666070 0.001670860 0.001802840 0.001598290 0.001558160 0.001555330 0.001615660 0.001506780 0.002051460 0.002026340 0.001367200 0.001312550 0.001267950 0.001257770 0.001282040 0.001302460 0.001587850 0.001725300 0.001649690 0.001601000 0.001428870 0.001799420 0.001286410 0.001314820 0.000939340 0.000983610 0.001029200 0.001056270 0.000983720 0.001049160 0.001076860 0.001270580 0.001085950 0.001072960 0.001041310 0.001068020 0.001044290 0.000932890 0.000925910 0.000929260 0.000000000 0.000042680 0.001086330 0.001083400 0.001192270 0.001124330 0.000992290 0.002361620 
43     0.001414260 0.001574360 0.001564250 0.001598250 0.001636940 0.001768920 0.001564370 0.001524240 0.001521410 0.001581740 0.001472860 0.002017540 0.001992420 0.001333280 0.001278630 0.001234030 0.001223850 0.001248120 0.001268540 0.001553930 0.001691380 0.001615770 0.001567080 0.001394950 0.001765500 0.001252490 0.001280900 0.000806090 0.000949690 0.000995280 0.001022350 0.000949800 0.001015240 0.001042940 0.001236660 0.001052030 0.001039040 0.001007390 0.001034100 0.001010370 0.000898970 0.000891990 0.000895340 0.000042680 0.000000000 0.001052410 0.001049480 0.001158350 0.001090410 0.000958370 0.002327700 
20     0.001195650 0.001355750 0.001345640 0.001413540 0.001418330 0.001550310 0.001345760 0.001305630 0.001302800 0.001363130 0.001254250 0.001798930 0.001773810 0.001114670 0.001060020 0.001015420 0.001005240 0.001029510 0.001049930 0.001335320 0.001472770 0.001397160 0.001348470 0.001176340 0.001546890 0.001052460 0.001080870 0.000705390 0.000749660 0.000795250 0.000822320 0.000749770 0.000796630 0.000842910 0.001036630 0.000852000 0.000839010 0.000807360 0.000834070 0.000810340 0.000698940 0.000691960 0.000695310 0.001086330 0.001052410 0.000000000 0.000710850 0.000819720 0.000751780 0.000619740 0.002109090 
31     0.001192720 0.001352820 0.001342710 0.001410610 0.001415400 0.001547380 0.001342830 0.001302700 0.001299870 0.001360200 0.001251320 0.001796000 0.001770880 0.001111740 0.001057090 0.001012490 0.001002310 0.001026580 0.001047000 0.001332390 0.001469840 0.001394230 0.001345540 0.001173410 0.001543960 0.001049530 0.001077940 0.000702460 0.000746730 0.000792320 0.000819390 0.000746840 0.000793700 0.000839980 0.001033700 0.000849070 0.000836080 0.000804430 0.000831140 0.000807410 0.000696010 0.000689030 0.000692380 0.001083400 0.001049480 0.000710850 0.000000000 0.000670630 0.000171370 0.000436770 0.002106160 
23     0.001301590 0.001461690 0.001451580 0.001519480 0.001524270 0.001656250 0.001451700 0.001411570 0.001408740 0.001469070 0.001360190 0.001904870 0.001879750 0.001220610 0.001165960 0.001121360 0.001111180 0.001135450 0.001155870 0.001441260 0.001578710 0.001503100 0.001454410 0.001282280 0.001652830 0.001158400 0.001186810 0.000811330 0.000855600 0.000901190 0.000928260 0.000855710 0.000902570 0.000948850 0.001142570 0.000957940 0.000944950 0.000913300 0.000940010 0.000916280 0.000804880 0.000797900 0.000801250 0.001192270 0.001158350 0.000819720 0.000670630 0.000000000 0.000083330 0.000579520 0.002215030 
27     0.001233650 0.001393750 0.001383640 0.001451540 0.001456330 0.001588310 0.001383760 0.001343630 0.001340800 0.001401130 0.001292250 0.001836930 0.001811810 0.001152670 0.001098020 0.001053420 0.001043240 0.001067510 0.001087930 0.001373320 0.001510770 0.001435160 0.001386470 0.001214340 0.001584890 0.001090460 0.001118870 0.000743390 0.000787660 0.000833250 0.000860320 0.000787770 0.000834630 0.000880910 0.001074630 0.000890000 0.000877010 0.000845360 0.000872070 0.000848340 0.000736940 0.000729960 0.000733310 0.001124330 0.001090410 0.000751780 0.000171370 0.000083330 0.000000000 0.000477700 0.002147090 
34     0.001101610 0.001261710 0.001251600 0.001319500 0.001324290 0.001456270 0.001251720 0.001211590 0.001208760 0.001269090 0.001160210 0.001704890 0.001679770 0.001020630 0.000965980 0.000921380 0.000911200 0.000935470 0.000955890 0.001241280 0.001378730 0.001303120 0.001254430 0.001082300 0.001452850 0.000460490 0.000986830 0.000611350 0.000655620 0.000701210 0.000728280 0.000655730 0.000374840 0.000748870 0.000942590 0.000757960 0.000744970 0.000713320 0.000740030 0.000716300 0.000604900 0.000597920 0.000601270 0.000992290 0.000958370 0.000619740 0.000436770 0.000579520 0.000477700 0.000000000 0.002015050 
0     0.001893940 0.002054040 0.002043930 0.002111830 0.002116620 0.002248600 0.002044050 0.002003920 0.002001090 0.002061420 0.001952540 0.002497220 0.002472100 0.002014180 0.001959530 0.001914930 0.001904750 0.001929020 0.001949440 0.002234830 0.002372280 0.002296670 0.002247980 0.002075850 0.002446400 0.002327750 0.002356160 0.001980680 0.002024950 0.002070540 0.002097610 0.002025060 0.001974260 0.002118200 0.002311920 0.002127290 0.002114300 0.002082650 0.002109360 0.002085630 0.001974230 0.001967250 0.001970600 0.002361620 0.002327700 0.002109090 0.002106160 0.002215030 0.002147090 0.002015050 0.000000000 
