51
7     0.000000000 0.005615790 0.002307720 0.004144070 0.003862580 0.005249430 0.004824120 0.001954490 0.000874390 0.056468370 0.009160050 0.006800540 0.006718770 0.007035500 0.038365890 0.009936030 0.016752820 0.011134310 0.011892840 0.011971610 0.033368560 0.037621090 0.035961960 0.038265830 0.005493240 0.034076200 0.018429780 0.007739330 0.007285260 0.052242870 0.001506070 0.056781270 0.031855590 0.009571610 0.028565470 0.013518650 0.032719650 0.013503410 0.022709270 0.009051300 0.024639810 0.040895170 0.034185670 0.000032860 0.028837280 0.048268950 0.035373050 0.023702370 0.025318510 0.031052580 0.013239040 
2     0.005615790 0.000000000 0.000102020 0.002349310 0.002356650 0.004530660 0.002346620 0.003522960 0.014725790 0.069663620 0.039008430 0.010569550 0.015042600 0.016517180 0.041636090 0.004957460 0.005221620 0.016109300 0.029215540 0.032894070 0.041356620 0.046523520 0.038841350 0.015489750 0.020014400 0.051614550 0.035968130 0.032246490 0.024823610 0.052841090 0.010985880 0.038813780 0.033802080 0.010015220 0.010597980 0.028179710 0.046376480 0.014730880 0.023936740 0.026476710 0.037507550 0.041590530 0.031015850 0.035355560 0.033936110 0.017743820 0.031103590 0.028638560 0.030254700 0.041824180 0.036732010 
15     0.002307720 0.000102020 0.000000000 0.002060500 0.002456090 0.003665770 0.003240460 0.004706010 0.003625910 0.054346570 0.023248860 0.007294460 0.008262990 0.008763210 0.041532390 0.005309170 0.005573330 0.015189030 0.011913040 0.012545070 0.025158200 0.033537190 0.033115410 0.012317090 0.005912630 0.022224210 0.018849170 0.012352330 0.007704650 0.042747310 0.010316780 0.048384320 0.020566750 0.006066530 0.043536130 0.015652570 0.015567970 0.012284810 0.021490670 0.006692810 0.007814320 0.034687300 0.023064890 0.017784080 0.022071150 0.035178650 0.022996230 0.018937300 0.019486550 0.034711250 0.023644760 
17     0.004144070 0.002349310 0.002060500 0.000000000 0.000104320 0.001563600 0.000004610 0.001470190 0.003431600 0.061339770 0.044125110 0.008237000 0.013866350 0.013223170 0.032813360 0.027322250 0.025423450 0.019099050 0.002242470 0.017554840 0.009771910 0.037669890 0.012988970 0.028588500 0.019253610 0.047836570 0.032190150 0.028468510 0.021045630 0.032246960 0.016140570 0.036481230 0.019875150 0.017222830 0.008265430 0.028270780 0.032768450 0.011280750 0.023208040 0.022684450 0.020288030 0.045195230 0.032771710 0.009986910 0.015954800 0.048945210 0.041715080 0.011306550 0.016391570 0.028487120 0.025174890 
30     0.003862580 0.002356650 0.002456090 0.000104320 0.000000000 0.001459280 0.001032990 0.003884610 0.003327280 0.055990920 0.040281950 0.007370160 0.011510120 0.010866940 0.009350330 0.003635420 0.011386520 0.005062120 0.007351910 0.007430680 0.000605940 0.034605800 0.028418140 0.014268100 0.017335840 0.019475290 0.030272380 0.026160890 0.019127860 0.030641030 0.001085930 0.038895650 0.016215540 0.005267190 0.010679850 0.011049130 0.031936910 0.002910190 0.005206410 0.007082730 0.006479700 0.009308910 0.010359410 0.016826370 0.013101310 0.033776260 0.003209920 0.004795040 0.008131810 0.015901130 0.017283850 
19     0.005249430 0.004530660 0.003665770 0.001563600 0.001459280 0.000000000 0.000737120 0.003651540 0.004536960 0.059825870 0.046306460 0.008432980 0.010115140 0.011887670 0.031457510 0.006568240 0.015020260 0.011300980 0.018599150 0.019088070 0.026379150 0.041936100 0.024570170 0.016401590 0.018220940 0.018516180 0.031157480 0.027435840 0.020012960 0.042877910 0.001870640 0.038662580 0.025311230 0.013358930 0.010446780 0.016366250 0.038335960 0.011077020 0.028928580 0.012138790 0.010563050 0.039020780 0.004826630 0.015328980 0.020420250 0.048913870 0.021171810 0.008115790 0.019019160 0.023110150 0.019531600 
14     0.004824120 0.002346620 0.003240460 0.000004610 0.001032990 0.000737120 0.000000000 0.001467500 0.004111650 0.040612410 0.044122420 0.008234310 0.017361550 0.017489530 0.020677850 0.016824920 0.023641710 0.018023200 0.029208790 0.029697710 0.036369620 0.046929430 0.039813700 0.041808860 0.037040740 0.000742430 0.042842930 0.036264460 0.038832760 0.011719360 0.016437500 0.036478540 0.032978030 0.009328880 0.008262740 0.043517380 0.042027990 0.020860660 0.031800360 0.012639680 0.017264300 0.008256020 0.024914750 0.026700720 0.032668610 0.013948340 0.030185490 0.025995220 0.029828810 0.029856690 0.028878140 
21     0.001954490 0.003522960 0.004706010 0.001470190 0.003884610 0.003651540 0.001467500 0.000000000 0.001080640 0.070641960 0.036680940 0.007572130 0.012877660 0.020357180 0.018531500 0.017517610 0.002702660 0.001021240 0.024691200 0.023156850 0.042339450 0.033170390 0.042681350 0.003995430 0.071124440 0.071929500 0.063666540 0.025467870 0.027695100 0.032704860 0.044977250 0.035816360 0.058838700 0.034687490 0.007600560 0.044560660 0.016895290 0.010282240 0.019488100 0.014792980 0.021658240 0.032189440 0.015421660 0.026740340 0.028433370 0.062444170 0.047001540 0.043354120 0.046934490 0.040023470 0.044066300 
25     0.000874390 0.014725790 0.003625910 0.003431600 0.003327280 0.004536960 0.004111650 0.001080640 0.000000000 0.081627990 0.043441540 0.014282230 0.033014600 0.033198550 0.061657960 0.064751580 0.039354810 0.047634150 0.028197770 0.028276540 0.039976630 0.019684530 0.055522720 0.060664620 0.103181610 0.069750760 0.075259120 0.059175570 0.058542160 0.036845400 0.054288710 0.030929100 0.078215090 0.027824520 0.034400070 0.049409980 0.051805020 0.038040510 0.046237010 0.026995460 0.021102760 0.034833020 0.047846640 0.039889110 0.042105310 0.073583910 0.056100250 0.054364750 0.057507950 0.050284480 0.040184380 
1     0.056468370 0.069663620 0.054346570 0.061339770 0.055990920 0.059825870 0.040612410 0.070641960 0.081627990 0.000000000 0.011549100 0.027191490 0.023888960 0.013984310 0.066902470 0.130075910 0.132265640 0.130859570 0.032764430 0.041502740 0.005795770 0.099467830 0.030661880 0.073187380 0.116771090 0.141601990 0.023783470 0.035835530 0.026625790 0.025703070 0.082248320 0.091391220 0.061063200 0.083784580 0.063175420 0.045338730 0.099159540 0.015280510 0.086785450 0.044720540 0.074941730 0.079964700 0.059837480 0.058373010 0.048353190 0.070705020 0.119530810 0.110288700 0.106924600 0.031262170 0.056854620 
24     0.009160050 0.039008430 0.023248860 0.044125110 0.040281950 0.046306460 0.044122420 0.036680940 0.043441540 0.011549100 0.000000000 0.027881580 0.032466460 0.039738560 0.105154050 0.048067080 0.018542950 0.046496560 0.048234810 0.056973120 0.076029850 0.071705550 0.065587590 0.078029810 0.040879780 0.066809940 0.056844470 0.052763760 0.060892700 0.029851390 0.070358750 0.033997270 0.033171540 0.037658440 0.035993700 0.060809110 0.011401730 0.047686420 0.052862720 0.008027590 0.011787860 0.020826980 0.025960950 0.025147930 0.028474000 0.010023310 0.033218380 0.020129050 0.027854180 0.046732550 0.062643210 
6     0.006800540 0.010569550 0.007294460 0.008237000 0.007370160 0.008432980 0.008234310 0.007572130 0.014282230 0.027191490 0.027881580 0.000000000 0.000005170 0.000335570 0.016456640 0.002205920 0.016445760 0.006136400 0.006154280 0.005782910 0.021852640 0.029877380 0.010658150 0.037459880 0.026483020 0.024152260 0.020822620 0.014920600 0.013773260 0.010380950 0.001997390 0.028321390 0.031926410 0.019039520 0.000105590 0.030597520 0.024975940 0.003414850 0.018382670 0.003743960 0.002055890 0.022845100 0.001436120 0.006299780 0.009200740 0.040305420 0.008700060 0.007230130 0.004097910 0.013392820 0.019123310 
16     0.006718770 0.015042600 0.008262990 0.013866350 0.011510120 0.010115140 0.017361550 0.012877660 0.033014600 0.023888960 0.032466460 0.000005170 0.000000000 0.000092560 0.047548270 0.031817360 0.038158120 0.033742100 0.017201590 0.016665030 0.031245170 0.029882460 0.013614970 0.041749630 0.019025900 0.050337010 0.010313710 0.008728290 0.012071010 0.016715710 0.023478520 0.037448630 0.025177170 0.022092920 0.009232830 0.048695950 0.032208550 0.026821230 0.025615280 0.021846440 0.001116620 0.026547970 0.007007060 0.032079240 0.028041610 0.023491990 0.002376500 0.027189140 0.029567230 0.030541480 0.027933850 
18     0.007035500 0.016517180 0.008763210 0.013223170 0.010866940 0.011887670 0.017489530 0.020357180 0.033198550 0.013984310 0.039738560 0.000335570 0.000092560 0.000000000 0.038558400 0.019732420 0.027537560 0.027915120 0.011977710 0.011441150 0.024313990 0.031705780 0.010554990 0.040435200 0.024759160 0.045966360 0.011904140 0.024535570 0.014493650 0.024442360 0.019894520 0.045340020 0.033151740 0.024304050 0.016262880 0.050597420 0.026804340 0.026111900 0.020211070 0.013804400 0.008072470 0.025838640 0.020011750 0.026901090 0.019782600 0.047557970 0.022286720 0.032502400 0.030945930 0.018156580 0.031147960 
20     0.038365890 0.041636090 0.041532390 0.032813360 0.009350330 0.031457510 0.020677850 0.018531500 0.061657960 0.066902470 0.105154050 0.016456640 0.047548270 0.038558400 0.000000000 0.002706230 0.009309490 0.015057280 0.012090150 0.026369180 0.023788960 0.033001080 0.034671530 0.030237710 0.007536140 0.034142540 0.032828260 0.034139580 0.026072350 0.038379490 0.004806140 0.031557740 0.029752390 0.040568800 0.033921230 0.025266330 0.033671130 0.020744030 0.036866860 0.001487240 0.026372900 0.037309000 0.023159640 0.024026050 0.022615810 0.027693080 0.022642660 0.023592920 0.025513810 0.005576970 0.054179560 
3     0.009936030 0.004957460 0.005309170 0.027322250 0.003635420 0.006568240 0.016824920 0.017517610 0.064751580 0.130075910 0.048067080 0.002205920 0.031817360 0.019732420 0.002706230 0.000000000 0.001699400 0.002490020 0.006188310 0.006161460 0.009918970 0.017539780 0.006095480 0.022107190 0.024389680 0.026012020 0.017641130 0.018992000 0.009460610 0.009860040 0.003865450 0.041079470 0.004409850 0.000696830 0.021099780 0.037555720 0.025070140 0.008747240 0.018604680 0.003346040 0.027288980 0.003281910 0.021838540 0.018785910 0.010447540 0.019562560 0.014512140 0.015462400 0.008132290 0.007204470 0.016796860 
11     0.016752820 0.005221620 0.005573330 0.025423450 0.011386520 0.015020260 0.023641710 0.002702660 0.039354810 0.132265640 0.018542950 0.016445760 0.038158120 0.027537560 0.009309490 0.001699400 0.000000000 0.000053500 0.009737560 0.009275540 0.016518250 0.021033360 0.031179650 0.025697800 0.038340400 0.048652430 0.027915310 0.056762930 0.056275970 0.011688450 0.024849400 0.043185940 0.026184990 0.002204880 0.019941540 0.029595820 0.052082020 0.010607920 0.027467160 0.017522120 0.020122670 0.020236490 0.013138870 0.013447250 0.004241900 0.027691790 0.011170730 0.019049140 0.026253120 0.006047850 0.018478800 
5     0.011134310 0.016109300 0.015189030 0.019099050 0.005062120 0.011300980 0.018023200 0.001021240 0.047634150 0.130859570 0.046496560 0.006136400 0.033742100 0.027915120 0.015057280 0.002490020 0.000053500 0.000000000 0.008113050 0.005000390 0.007873590 0.028030630 0.024160930 0.034825540 0.010276270 0.048384240 0.023795060 0.015059110 0.005045980 0.013896260 0.015742550 0.039360960 0.014201860 0.006639350 0.013294830 0.022413340 0.047666000 0.007459780 0.007193060 0.016285480 0.025976680 0.023502830 0.011678750 0.031817750 0.024996470 0.022651170 0.008507960 0.017772740 0.023577400 0.011605340 0.030141230 
26     0.011892840 0.029215540 0.011913040 0.002242470 0.007351910 0.018599150 0.029208790 0.024691200 0.028197770 0.032764430 0.048234810 0.006154280 0.017201590 0.011977710 0.012090150 0.006188310 0.009737560 0.008113050 0.000000000 0.000095440 0.007590680 0.014991430 0.010153840 0.014972480 0.019466610 0.009949920 0.028999750 0.005157080 0.004523670 0.029817050 0.012223970 0.033991380 0.023793340 0.022817360 0.011215670 0.024329220 0.020526050 0.010218390 0.007654720 0.005129160 0.004155400 0.019557560 0.019192050 0.016390790 0.017051490 0.017167440 0.010938070 0.013067280 0.014988170 0.010252660 0.020123460 
10     0.011971610 0.032894070 0.012545070 0.017554840 0.007430680 0.019088070 0.029697710 0.023156850 0.028276540 0.041502740 0.056973120 0.005782910 0.016665030 0.011441150 0.026369180 0.006161460 0.009275540 0.005000390 0.000095440 0.000000000 0.003150140 0.015643190 0.007554140 0.014550780 0.016382390 0.008217680 0.025583150 0.003672580 0.003039170 0.031499320 0.006769690 0.031557760 0.023523580 0.022790510 0.009483430 0.022060050 0.018567450 0.008486150 0.007719240 0.006903410 0.008789370 0.019530710 0.017305320 0.014658550 0.015319250 0.003275210 0.010384780 0.011335040 0.013255930 0.018990970 0.007404740 
12     0.033368560 0.041356620 0.025158200 0.009771910 0.000605940 0.026379150 0.036369620 0.042339450 0.039976630 0.005795770 0.076029850 0.021852640 0.031245170 0.024313990 0.023788960 0.009918970 0.016518250 0.007873590 0.007590680 0.003150140 0.000000000 0.027130750 0.010066570 0.019803310 0.013754810 0.009138780 0.020837380 0.000563350 0.007860130 0.006381760 0.001284410 0.027681280 0.039208200 0.035154900 0.028951220 0.008877160 0.020885670 0.004584270 0.024982680 0.006118290 0.006435500 0.026116130 0.022247750 0.030109750 0.028216270 0.041724110 0.030501360 0.028765860 0.021171950 0.017144650 0.058480460 
8     0.037621090 0.046523520 0.033537190 0.037669890 0.034605800 0.041936100 0.046929430 0.033170390 0.019684530 0.099467830 0.071705550 0.029877380 0.029882460 0.031705780 0.033001080 0.017539780 0.021033360 0.028030630 0.014991430 0.015643190 0.027130750 0.000000000 0.004246830 0.002763370 0.011540610 0.000000930 0.022846840 0.025800710 0.024766020 0.022912940 0.025467500 0.044047330 0.017401390 0.038833200 0.025741990 0.032680270 0.029187670 0.003682610 0.007800620 0.010302840 0.028956330 0.036793390 0.033685460 0.019450250 0.020110950 0.010441100 0.015176480 0.016126740 0.018047630 0.015704230 0.090890860 
28     0.035961960 0.038841350 0.033115410 0.012988970 0.028418140 0.024570170 0.039813700 0.042681350 0.055522720 0.030661880 0.065587590 0.010658150 0.013614970 0.010554990 0.034671530 0.006095480 0.031179650 0.024160930 0.010153840 0.007554140 0.010066570 0.004246830 0.000000000 0.000792720 0.022010320 0.011395450 0.013634700 0.025375830 0.015561400 0.015567800 0.002145580 0.037586310 0.035213770 0.021258460 0.022724670 0.026562310 0.022167930 0.004573830 0.020255730 0.004792840 0.002329180 0.009273750 0.017170150 0.013343960 0.013020330 0.018340790 0.016461050 0.010926470 0.019332200 0.032463470 0.028900530 
4     0.038265830 0.015489750 0.012317090 0.028588500 0.014268100 0.016401590 0.041808860 0.003995430 0.060664620 0.073187380 0.078029810 0.037459880 0.041749630 0.040435200 0.030237710 0.022107190 0.025697800 0.034825540 0.014972480 0.014550780 0.019803310 0.002763370 0.000792720 0.000000000 0.016703190 0.011401320 0.017786990 0.011291160 0.019713690 0.027007380 0.036875200 0.018978440 0.024528540 0.048386340 0.022978620 0.005745230 0.019194550 0.002207820 0.012256600 0.021595510 0.020979930 0.028955760 0.031145190 0.016686880 0.017347580 0.017463530 0.009644390 0.013363370 0.015284260 0.010767340 0.029457510 
23     0.005493240 0.020014400 0.005912630 0.019253610 0.017335840 0.018220940 0.037040740 0.071124440 0.103181610 0.116771090 0.040879780 0.026483020 0.019025900 0.024759160 0.007536140 0.024389680 0.038340400 0.010276270 0.019466610 0.016382390 0.013754810 0.011540610 0.022010320 0.016703190 0.000000000 0.000470550 0.000822720 0.005291850 0.005718320 0.001939550 0.008653900 0.065712650 0.031564540 0.056030340 0.060349910 0.008584150 0.025740670 0.013920980 0.048953280 0.028141630 0.011658110 0.004925140 0.027324310 0.040982580 0.021196640 0.087138950 0.030320810 0.036446560 0.037310730 0.031748650 0.057992880 
27     0.034076200 0.051614550 0.022224210 0.047836570 0.019475290 0.018516180 0.000742430 0.071929500 0.069750760 0.141601990 0.066809940 0.024152260 0.050337010 0.045966360 0.034142540 0.026012020 0.048652430 0.048384240 0.009949920 0.008217680 0.009138780 0.000000930 0.011395450 0.011401320 0.000470550 0.000000000 0.004524400 0.009219010 0.003945750 0.003092310 0.045230750 0.064156880 0.093084700 0.089031400 0.010590550 0.061258400 0.024671580 0.014419310 0.006067060 0.027072540 0.030097790 0.029060790 0.038020130 0.020591710 0.021252410 0.021368360 0.016317940 0.017268200 0.019189090 0.061458430 0.063730620 
9     0.018429780 0.035968130 0.018849170 0.032190150 0.030272380 0.031157480 0.042842930 0.063666540 0.075259120 0.023783470 0.056844470 0.020822620 0.010313710 0.011904140 0.032828260 0.017641130 0.027915310 0.023795060 0.028999750 0.025583150 0.020837380 0.022846840 0.013634700 0.017786990 0.000822720 0.004524400 0.000000000 0.001528530 0.002227070 0.001194170 0.046771570 0.021233670 0.057154120 0.001505720 0.048852730 0.065030740 0.028443920 0.036577700 0.020810900 0.030844880 0.040388520 0.041022420 0.045541760 0.044761790 0.043351550 0.059477260 0.047506520 0.048439260 0.057297990 0.059344990 0.099922550 
22     0.007739330 0.032246490 0.012352330 0.028468510 0.026160890 0.027435840 0.036264460 0.025467870 0.059175570 0.035835530 0.052763760 0.014920600 0.008728290 0.024535570 0.034139580 0.018992000 0.056762930 0.015059110 0.005157080 0.003672580 0.000563350 0.025800710 0.025375830 0.011291160 0.005291850 0.009219010 0.001528530 0.000000000 0.000098750 0.005659380 0.006588590 0.027622800 0.009988450 0.020225790 0.049447010 0.028078550 0.028657940 0.012220820 0.029426980 0.003401050 0.031463240 0.020072750 0.009175410 0.014771650 0.007436250 0.042891770 0.005218600 0.023577220 0.023353010 0.024740330 0.079932190 
13     0.007285260 0.024823610 0.007704650 0.021045630 0.019127860 0.020012960 0.038832760 0.027695100 0.058542160 0.026625790 0.060892700 0.013773260 0.012071010 0.014493650 0.026072350 0.009460610 0.056275970 0.005045980 0.004523670 0.003039170 0.007860130 0.024766020 0.015561400 0.019713690 0.005718320 0.003945750 0.002227070 0.000098750 0.000000000 0.001809770 0.007747950 0.006082950 0.016129800 0.051965550 0.049050450 0.064559570 0.027972750 0.035339710 0.020846770 0.002306560 0.036775590 0.023946050 0.014133990 0.016436350 0.009100950 0.058235610 0.006189720 0.024462690 0.026220760 0.025704930 0.081091550 
29     0.052242870 0.052841090 0.042747310 0.032246960 0.030641030 0.042877910 0.011719360 0.032704860 0.036845400 0.025703070 0.029851390 0.010380950 0.016715710 0.024442360 0.038379490 0.009860040 0.011688450 0.013896260 0.029817050 0.031499320 0.006381760 0.022912940 0.015567800 0.027007380 0.001939550 0.003092310 0.001194170 0.005659380 0.001809770 0.000000000 0.038627210 0.015386380 0.021557490 0.021803080 0.047371580 0.076782620 0.032417620 0.044172160 0.028750300 0.034546060 0.046304690 0.019363410 0.027134910 0.016617900 0.047824960 0.017056200 0.048409740 0.028287140 0.055816840 0.037600920 0.084663580 
35     0.001506070 0.010985880 0.010316780 0.016140570 0.001085930 0.001870640 0.016437500 0.044977250 0.054288710 0.082248320 0.070358750 0.001997390 0.023478520 0.019894520 0.004806140 0.003865450 0.024849400 0.015742550 0.012223970 0.006769690 0.001284410 0.025467500 0.002145580 0.036875200 0.008653900 0.045230750 0.046771570 0.006588590 0.007747950 0.038627210 0.000000000 0.000329300 0.008623820 0.011427770 0.032990630 0.037948640 0.028016110 0.003571030 0.001374280 0.002604200 0.000245710 0.011501470 0.033981610 0.006681370 0.012995110 0.038781290 0.005306140 0.016025680 0.018328690 0.018307720 0.015542710 
42     0.056781270 0.038813780 0.048384320 0.036481230 0.038895650 0.038662580 0.036478540 0.035816360 0.030929100 0.091391220 0.033997270 0.028321390 0.037448630 0.045340020 0.031557740 0.041079470 0.043185940 0.039360960 0.033991380 0.031557760 0.027681280 0.044047330 0.037586310 0.018978440 0.065712650 0.064156880 0.021233670 0.027622800 0.006082950 0.015386380 0.000329300 0.000000000 0.016511710 0.026636950 0.028313480 0.041632390 0.044027430 0.007166290 0.024213580 0.033081320 0.012430810 0.032201970 0.040069050 0.030448690 0.026029040 0.021748380 0.045172820 0.017203330 0.006632810 0.031347750 0.031567290 
41     0.031855590 0.033802080 0.020566750 0.019875150 0.016215540 0.025311230 0.032978030 0.058838700 0.078215090 0.061063200 0.033171540 0.031926410 0.025177170 0.033151740 0.029752390 0.004409850 0.026184990 0.014201860 0.023793340 0.023523580 0.039208200 0.017401390 0.035213770 0.024528540 0.031564540 0.093084700 0.057154120 0.009988450 0.016129800 0.021557490 0.008623820 0.016511710 0.000000000 0.000906430 0.035628280 0.048331190 0.018902900 0.002545140 0.043081140 0.030172110 0.006580340 0.008180420 0.002908670 0.017921120 0.015686720 0.082733620 0.063335000 0.044113420 0.007154500 0.042894970 0.083111470 
34     0.009571610 0.010015220 0.006066530 0.017222830 0.005267190 0.013358930 0.009328880 0.034687490 0.027824520 0.083784580 0.037658440 0.019039520 0.022092920 0.024304050 0.040568800 0.000696830 0.002204880 0.006639350 0.022817360 0.022790510 0.035154900 0.038833200 0.021258460 0.048386340 0.056030340 0.089031400 0.001505720 0.020225790 0.051965550 0.021803080 0.011427770 0.026636950 0.000906430 0.000000000 0.017074300 0.044277890 0.009074860 0.017724570 0.007149240 0.026118810 0.018289990 0.017830720 0.011249410 0.030809160 0.019324360 0.054561920 0.046370900 0.048790230 0.049541750 0.011386860 0.089218590 
39     0.028565470 0.010597980 0.043536130 0.008265430 0.010679850 0.010446780 0.008262740 0.007600560 0.034400070 0.063175420 0.035993700 0.000105590 0.009232830 0.016262880 0.033921230 0.021099780 0.019941540 0.013294830 0.011215670 0.009483430 0.028951220 0.025741990 0.022724670 0.022978620 0.060349910 0.010590550 0.048852730 0.049447010 0.049050450 0.047371580 0.032990630 0.028313480 0.035628280 0.017074300 0.000000000 0.043372360 0.032590950 0.015685060 0.013314870 0.044348170 0.028590350 0.036060080 0.028486750 0.021857460 0.022518160 0.022634110 0.017179210 0.018533950 0.006959300 0.059789780 0.036234720 
48     0.013518650 0.028179710 0.015652570 0.028270780 0.011049130 0.016366250 0.043517380 0.044560660 0.049409980 0.045338730 0.060809110 0.030597520 0.048695950 0.050597420 0.025266330 0.037555720 0.029595820 0.022413340 0.024329220 0.022060050 0.008877160 0.032680270 0.026562310 0.005745230 0.008584150 0.061258400 0.065030740 0.028078550 0.064559570 0.076782620 0.037948640 0.041632390 0.048331190 0.044277890 0.043372360 0.000000000 0.005688080 0.005009480 0.022422050 0.005681490 0.009382930 0.010108180 0.004426110 0.015478190 0.003143620 0.002808050 0.006583560 0.007376260 0.006470520 0.002892630 0.070141680 
33     0.032719650 0.046376480 0.015567970 0.032768450 0.031936910 0.038335960 0.042027990 0.016895290 0.051805020 0.099159540 0.011401730 0.024975940 0.032208550 0.026804340 0.033671130 0.025070140 0.052082020 0.047666000 0.020526050 0.018567450 0.020885670 0.029187670 0.022167930 0.019194550 0.025740670 0.024671580 0.028443920 0.028657940 0.027972750 0.032417620 0.028016110 0.044027430 0.018902900 0.009074860 0.032590950 0.005688080 0.000000000 0.005232030 0.008218700 0.001717420 0.002792930 0.001649430 0.005349290 0.008086440 0.008590350 0.029953020 0.007378240 0.013796660 0.010432560 0.019094810 0.079978260 
50     0.013503410 0.014730880 0.012284810 0.011280750 0.002910190 0.011077020 0.020860660 0.010282240 0.038040510 0.015280510 0.047686420 0.003414850 0.026821230 0.026111900 0.020744030 0.008747240 0.010607920 0.007459780 0.010218390 0.008486150 0.004584270 0.003682610 0.004573830 0.002207820 0.013920980 0.014419310 0.036577700 0.012220820 0.035339710 0.044172160 0.003571030 0.007166290 0.002545140 0.017724570 0.015685060 0.005009480 0.005232030 0.000000000 0.000657220 0.001529850 0.002263470 0.002738550 0.014020250 0.001683640 0.007444500 0.006060990 0.001121180 0.003483810 0.005404700 0.004157160 0.020451490 
37     0.022709270 0.023936740 0.021490670 0.023208040 0.005206410 0.028928580 0.031800360 0.019488100 0.046237010 0.086785450 0.052862720 0.018382670 0.025615280 0.020211070 0.036866860 0.018604680 0.027467160 0.007193060 0.007654720 0.007719240 0.024982680 0.007800620 0.020255730 0.012256600 0.048953280 0.006067060 0.020810900 0.029426980 0.020846770 0.028750300 0.001374280 0.024213580 0.043081140 0.007149240 0.013314870 0.022422050 0.008218700 0.000657220 0.000000000 0.004599770 0.012947140 0.011803640 0.013041900 0.004246680 0.007938820 0.016436950 0.017402790 0.019992520 0.021913410 0.003418290 0.063218110 
47     0.009051300 0.026476710 0.006692810 0.022684450 0.007082730 0.012138790 0.012639680 0.014792980 0.026995460 0.044720540 0.008027590 0.003743960 0.021846440 0.013804400 0.001487240 0.003346040 0.017522120 0.016285480 0.005129160 0.006903410 0.006118290 0.010302840 0.004792840 0.021595510 0.028141630 0.027072540 0.030844880 0.003401050 0.002306560 0.034546060 0.002604200 0.033081320 0.030172110 0.026118810 0.044348170 0.005681490 0.001717420 0.001529850 0.004599770 0.000000000 0.002731050 0.000096050 0.005074830 0.012180190 0.003539850 0.024861840 0.020133180 0.005681730 0.025940360 0.004399030 0.055389930 
49     0.024639810 0.037507550 0.007814320 0.020288030 0.006479700 0.010563050 0.017264300 0.021658240 0.021102760 0.074941730 0.011787860 0.002055890 0.001116620 0.008072470 0.026372900 0.027288980 0.020122670 0.025976680 0.004155400 0.008789370 0.006435500 0.028956330 0.002329180 0.020979930 0.011658110 0.030097790 0.040388520 0.031463240 0.036775590 0.046304690 0.000245710 0.012430810 0.006580340 0.018289990 0.028590350 0.009382930 0.002792930 0.002263470 0.012947140 0.002731050 0.000000000 0.000757910 0.015868480 0.011564790 0.010643960 0.019255080 0.013124760 0.016179950 0.005318050 0.005842840 0.042606240 
44     0.040895170 0.041590530 0.034687300 0.045195230 0.009308910 0.039020780 0.008256020 0.032189440 0.034833020 0.079964700 0.020826980 0.022845100 0.026547970 0.025838640 0.037309000 0.003281910 0.020236490 0.023502830 0.019557560 0.019530710 0.026116130 0.036793390 0.009273750 0.028955760 0.004925140 0.029060790 0.041022420 0.020072750 0.023946050 0.019363410 0.011501470 0.032201970 0.008180420 0.017830720 0.036060080 0.010108180 0.001649430 0.002738550 0.011803640 0.000096050 0.000757910 0.000000000 0.026213810 0.010660510 0.007355760 0.040499720 0.037623050 0.028380940 0.024066900 0.011988060 0.064347080 
43     0.034185670 0.031015850 0.023064890 0.032771710 0.010359410 0.004826630 0.024914750 0.015421660 0.047846640 0.059837480 0.025960950 0.001436120 0.007007060 0.020011750 0.023159640 0.021838540 0.013138870 0.011678750 0.019192050 0.017305320 0.022247750 0.033685460 0.017170150 0.031145190 0.027324310 0.038020130 0.045541760 0.009175410 0.014133990 0.027134910 0.033981610 0.040069050 0.002908670 0.011249410 0.028486750 0.004426110 0.005349290 0.014020250 0.013041900 0.005074830 0.015868480 0.026213810 0.000000000 0.005826920 0.002859300 0.006758130 0.022863320 0.024508130 0.027651330 0.006517130 0.054618050 
32     0.000032860 0.035355560 0.017784080 0.009986910 0.016826370 0.015328980 0.026700720 0.026740340 0.039889110 0.058373010 0.025147930 0.006299780 0.032079240 0.026901090 0.024026050 0.018785910 0.013447250 0.031817750 0.016390790 0.014658550 0.030109750 0.019450250 0.013343960 0.016686880 0.040982580 0.020591710 0.044761790 0.014771650 0.016436350 0.016617900 0.006681370 0.030448690 0.017921120 0.030809160 0.021857460 0.015478190 0.008086440 0.001683640 0.004246680 0.012180190 0.011564790 0.010660510 0.005826920 0.000000000 0.000499640 0.013756370 0.008705950 0.009656210 0.011577100 0.006766140 0.066486810 
45     0.028837280 0.033936110 0.022071150 0.015954800 0.013101310 0.020420250 0.032668610 0.028433370 0.042105310 0.048353190 0.028474000 0.009200740 0.028041610 0.019782600 0.022615810 0.010447540 0.004241900 0.024996470 0.017051490 0.015319250 0.028216270 0.020110950 0.013020330 0.017347580 0.021196640 0.021252410 0.043351550 0.007436250 0.009100950 0.047824960 0.012995110 0.026029040 0.015686720 0.019324360 0.022518160 0.003143620 0.008590350 0.007444500 0.007938820 0.003539850 0.010643960 0.007355760 0.002859300 0.000499640 0.000000000 0.005706510 0.009366650 0.010274720 0.009368980 0.005791090 0.028808350 
40     0.048268950 0.017743820 0.035178650 0.048945210 0.033776260 0.048913870 0.013948340 0.062444170 0.073583910 0.070705020 0.010023310 0.040305420 0.023491990 0.047557970 0.027693080 0.019562560 0.027691790 0.022651170 0.017167440 0.003275210 0.041724110 0.010441100 0.018340790 0.017463530 0.087138950 0.021368360 0.059477260 0.042891770 0.058235610 0.017056200 0.038781290 0.021748380 0.082733620 0.054561920 0.022634110 0.002808050 0.029953020 0.006060990 0.016436950 0.024861840 0.019255080 0.040499720 0.006758130 0.013756370 0.005706510 0.000000000 0.001115360 0.000721880 0.004448730 0.002619380 0.044887180 
38     0.035373050 0.031103590 0.022996230 0.041715080 0.003209920 0.021171810 0.030185490 0.047001540 0.056100250 0.119530810 0.033218380 0.008700060 0.002376500 0.022286720 0.022642660 0.014512140 0.011170730 0.008507960 0.010938070 0.010384780 0.030501360 0.015176480 0.016461050 0.009644390 0.030320810 0.016317940 0.047506520 0.005218600 0.006189720 0.048409740 0.005306140 0.045172820 0.063335000 0.046370900 0.017179210 0.006583560 0.007378240 0.001121180 0.017402790 0.020133180 0.013124760 0.037623050 0.022863320 0.008705950 0.009366650 0.001115360 0.000000000 0.000186430 0.000962980 0.006394890 0.036757620 
36     0.023702370 0.028638560 0.018937300 0.011306550 0.004795040 0.008115790 0.025995220 0.043354120 0.054364750 0.110288700 0.020129050 0.007230130 0.027189140 0.032502400 0.023592920 0.015462400 0.019049140 0.017772740 0.013067280 0.011335040 0.028765860 0.016126740 0.010926470 0.013363370 0.036446560 0.017268200 0.048439260 0.023577220 0.024462690 0.028287140 0.016025680 0.017203330 0.044113420 0.048790230 0.018533950 0.007376260 0.013796660 0.003483810 0.019992520 0.005681730 0.016179950 0.028380940 0.024508130 0.009656210 0.010274720 0.000721880 0.000186430 0.000000000 0.003668440 0.003163540 0.035055240 
31     0.025318510 0.030254700 0.019486550 0.016391570 0.008131810 0.019019160 0.029828810 0.046934490 0.057507950 0.106924600 0.027854180 0.004097910 0.029567230 0.030945930 0.025513810 0.008132290 0.026253120 0.023577400 0.014988170 0.013255930 0.021171950 0.018047630 0.019332200 0.015284260 0.037310730 0.019189090 0.057297990 0.023353010 0.026220760 0.055816840 0.018328690 0.006632810 0.007154500 0.049541750 0.006959300 0.006470520 0.010432560 0.005404700 0.021913410 0.025940360 0.005318050 0.024066900 0.027651330 0.011577100 0.009368980 0.004448730 0.000962980 0.003668440 0.000000000 0.006281850 0.021483120 
46     0.031052580 0.041824180 0.034711250 0.028487120 0.015901130 0.023110150 0.029856690 0.040023470 0.050284480 0.031262170 0.046732550 0.013392820 0.030541480 0.018156580 0.005576970 0.007204470 0.006047850 0.011605340 0.010252660 0.018990970 0.017144650 0.015704230 0.032463470 0.010767340 0.031748650 0.061458430 0.059344990 0.024740330 0.025704930 0.037600920 0.018307720 0.031347750 0.042894970 0.011386860 0.059789780 0.002892630 0.019094810 0.004157160 0.003418290 0.004399030 0.005842840 0.011988060 0.006517130 0.006766140 0.005791090 0.002619380 0.006394890 0.003163540 0.006281850 0.000000000 0.085407990 
0     0.013239040 0.036732010 0.023644760 0.025174890 0.017283850 0.019531600 0.028878140 0.044066300 0.040184380 0.056854620 0.062643210 0.019123310 0.027933850 0.031147960 0.054179560 0.016796860 0.018478800 0.030141230 0.020123460 0.007404740 0.058480460 0.090890860 0.028900530 0.029457510 0.057992880 0.063730620 0.099922550 0.079932190 0.081091550 0.084663580 0.015542710 0.031567290 0.083111470 0.089218590 0.036234720 0.070141680 0.079978260 0.020451490 0.063218110 0.055389930 0.042606240 0.064347080 0.054618050 0.066486810 0.028808350 0.044887180 0.036757620 0.035055240 0.021483120 0.085407990 0.000000000 
