51
7     0.000000000 0.182019707 0.111603433 0.174616073 0.140965533 0.152435226 0.205765080 0.292748180 0.389164261 0.855889825 0.679504941 0.264572739 0.313556944 0.301158891 0.819673622 0.724153572 0.745749504 0.743150197 0.405340422 0.402592059 0.469694365 0.515537739 0.464537740 0.467581867 0.726482362 0.849011670 0.697699222 0.639359260 0.646425281 0.649230713 0.503038274 0.611920757 0.640755421 0.643622725 1.346838235 0.557229525 0.518672453 0.445734365 0.482098836 0.393613688 0.455284765 0.512745681 0.435283789 0.405164675 0.391200671 0.770242853 0.636531329 0.661300795 0.657637553 0.577846485 1.001694805 
2     0.182019707 0.000000000 0.133078786 0.216609628 0.183455473 0.194430735 0.249434419 0.335912698 0.430419181 0.894438253 0.717160719 0.308303574 0.356449948 0.343856916 0.861522901 0.764937251 0.786285900 0.783602481 0.446115024 0.443002992 0.510204057 0.551802462 0.500161547 0.503921012 0.765785374 0.887332331 0.736772598 0.678558176 0.685515116 0.687499416 0.543564850 0.652884037 0.679902908 0.682972405 1.385056930 0.598125186 0.558634074 0.483927465 0.520803980 0.433395210 0.495703852 0.553150053 0.474801958 0.445043459 0.430970943 0.809872374 0.676668096 0.700943158 0.697510749 0.617835019 1.042713987 
15     0.111603433 0.133078786 0.000000000 0.147196881 0.113658985 0.125171886 0.180158166 0.266541108 0.360660437 0.828444754 0.651715634 0.239206521 0.287495482 0.274778668 0.792588473 0.697411211 0.717402390 0.714793991 0.378584479 0.375833324 0.443425021 0.488683160 0.437739379 0.441205736 0.699127222 0.819711931 0.669064717 0.610858011 0.617839434 0.620453352 0.476255732 0.586584924 0.613393578 0.617744651 1.317302064 0.530871492 0.491137325 0.418347265 0.454488504 0.366114391 0.428020446 0.483767105 0.408043607 0.377793838 0.363826250 0.740201008 0.609218901 0.633719793 0.630270931 0.551059305 0.980650991 
17     0.174616073 0.216609628 0.147196881 0.000000000 0.072635743 0.124295082 0.177621183 0.315374981 0.411040356 0.871762619 0.693870249 0.281561377 0.330940678 0.318122987 0.833508668 0.742538262 0.762184561 0.761680263 0.420546351 0.418365653 0.485238986 0.531811355 0.481093904 0.484885328 0.738131494 0.862540777 0.711971987 0.653997144 0.661020469 0.663417484 0.519040848 0.628586848 0.656825552 0.659546604 1.358481337 0.571900187 0.534079898 0.460016550 0.496419852 0.409171039 0.471423883 0.528472337 0.450646298 0.420565508 0.406605467 0.783752440 0.650606660 0.675345094 0.671948568 0.591689943 1.022520155 
30     0.140965533 0.183455473 0.113658985 0.072635743 0.000000000 0.091219620 0.143841879 0.282109284 0.378028292 0.838906904 0.661843490 0.248801301 0.298218713 0.285537750 0.796834445 0.705427134 0.724754291 0.724213069 0.386274715 0.384073973 0.450051816 0.497083495 0.447001988 0.450806050 0.704293967 0.828614042 0.678288390 0.620134518 0.627156142 0.629546446 0.481449938 0.592164780 0.618781305 0.621236772 1.323306971 0.536885741 0.498720716 0.424252172 0.461434399 0.373084473 0.436284270 0.492445458 0.414815799 0.384400473 0.370520987 0.748483093 0.615883784 0.640613078 0.636870313 0.556124857 0.987857888 
19     0.152435226 0.194430735 0.125171886 0.124295082 0.091219620 0.000000000 0.130854657 0.290085372 0.385649835 0.851977620 0.673946139 0.255464135 0.304242295 0.291586344 0.809081169 0.719092119 0.738707430 0.738246482 0.397809059 0.395612056 0.461825660 0.509418163 0.458055015 0.462429379 0.721576939 0.842807016 0.692304983 0.634083685 0.641107010 0.643497275 0.494362093 0.604026150 0.632073670 0.634500001 1.336492305 0.548470387 0.510354692 0.437782724 0.474192707 0.385703869 0.449354304 0.505546322 0.427425567 0.397423341 0.383452320 0.762758677 0.629169662 0.654076956 0.650075576 0.568046574 0.997446548 
14     0.205765080 0.249434419 0.180158166 0.177621183 0.143841879 0.130854657 0.000000000 0.347065511 0.442305172 0.902754144 0.725944097 0.309930771 0.359000559 0.346103738 0.867053089 0.772360008 0.793316157 0.792808850 0.449778169 0.447580371 0.514027591 0.560755985 0.510110438 0.513845330 0.769096179 0.891885121 0.741907804 0.683239615 0.690193477 0.692547628 0.546413964 0.655959369 0.683881796 0.686233546 1.385382990 0.601322556 0.562702057 0.490270489 0.526657007 0.437663026 0.501019023 0.556520071 0.478732771 0.449756987 0.435384227 0.813845134 0.680938650 0.705762079 0.701901163 0.619397189 1.042256494 
21     0.292748180 0.335912698 0.266541108 0.315374981 0.282109284 0.290085372 0.347065511 0.000000000 0.383095063 0.947231687 0.771822660 0.354993066 0.403468353 0.391230451 0.908183752 0.811309783 0.833773815 0.831262449 0.493829023 0.491195501 0.558122640 0.603426849 0.553514172 0.556137057 0.816469639 0.939360396 0.786542790 0.730416623 0.737433574 0.737461606 0.590216498 0.700019260 0.730097256 0.733198624 1.434798727 0.646508181 0.607391509 0.533078101 0.572179873 0.481756980 0.543680792 0.601627564 0.523134957 0.493381135 0.479697963 0.855131749 0.724440081 0.747911082 0.743828908 0.664699141 1.096769853 
25     0.389164261 0.430419181 0.360660437 0.411040356 0.378028292 0.385649835 0.442305172 0.383095063 0.000000000 1.043884512 0.867718439 0.452654055 0.501125468 0.488648359 1.008746413 0.910550321 0.931572862 0.929135551 0.589934827 0.587308251 0.653613775 0.696132356 0.650877859 0.650629832 0.909030237 1.033961756 0.881988422 0.824026210 0.831040222 0.831365315 0.688762768 0.798553125 0.829052343 0.831653083 1.535437876 0.744263476 0.706476573 0.632035208 0.665265734 0.580021888 0.641813177 0.699117709 0.621697462 0.591695602 0.578025598 0.953318155 0.822689961 0.846160761 0.841927673 0.762572760 1.198420729 
1     0.855889825 0.894438253 0.828444754 0.871762619 0.838906904 0.851977620 0.902754144 0.947231687 1.043884512 0.000000000 0.650232056 0.827294447 0.874999179 0.861077332 1.375204859 1.280915592 1.302539759 1.300396553 0.955051929 0.952550003 1.019340303 1.066455582 1.012071996 1.017218592 1.280144553 1.400601916 1.247749973 1.188619319 1.196299807 1.195172226 1.053312556 1.164650183 1.192934433 1.191882873 1.898163539 1.113195414 1.073725676 0.996221378 1.040227925 0.951620981 1.010586351 1.063576243 0.989699915 0.961750519 0.947169940 1.325532650 1.189937402 1.213043998 1.212194294 1.127480140 1.561145001 
24     0.679504941 0.717160719 0.651715634 0.693870249 0.661843490 0.673946139 0.725944097 0.771822660 0.867718439 0.650232056 0.000000000 0.652721731 0.702646939 0.690665897 1.195947097 1.100113953 1.122429754 1.120272180 0.777215184 0.775052679 0.839046299 0.887995687 0.835113276 0.839934289 1.100620828 1.221800013 1.069255126 1.009167101 1.016792165 1.015201046 0.877532952 0.988644179 1.019395104 1.017247484 1.720640255 0.934646774 0.896155773 0.816780098 0.860778065 0.773265842 0.830658330 0.881914771 0.812092218 0.782175825 0.767548563 1.142766711 1.011091125 1.033770928 1.032094870 0.949952074 1.367980450 
6     0.264572739 0.308303574 0.239206521 0.281561377 0.248801301 0.255464135 0.309930771 0.354993066 0.452654055 0.827294447 0.652721731 0.000000000 0.098230046 0.086511160 0.788978122 0.694925574 0.716559667 0.716783307 0.370550038 0.368014439 0.433068472 0.478092373 0.427267086 0.430940472 0.693129267 0.817100946 0.665423953 0.607102887 0.613886453 0.616290954 0.469834304 0.579125571 0.607599604 0.610481994 1.310162317 0.521992688 0.482598224 0.409803424 0.448602919 0.357955448 0.421809153 0.477929425 0.398266195 0.367570952 0.353998416 0.732955646 0.603042163 0.624766842 0.620899623 0.544514171 0.974661530 
16     0.313556944 0.356449948 0.287495482 0.330940678 0.298218713 0.304242295 0.359000559 0.403468353 0.501125468 0.874999179 0.702646939 0.098230046 0.000000000 0.110652526 0.838035130 0.744308919 0.765870092 0.766114898 0.417344669 0.414909515 0.479471727 0.525756350 0.474296471 0.478051338 0.739322101 0.864899029 0.710648492 0.652457240 0.659253769 0.661902696 0.515278923 0.624885951 0.653087436 0.656101152 1.355772389 0.570398549 0.531300454 0.458060145 0.496732487 0.405897324 0.469243345 0.524661949 0.445117626 0.414179544 0.400377903 0.777975992 0.648007121 0.670084232 0.667629213 0.590055334 1.018154391 
18     0.301158891 0.343856916 0.274778668 0.318122987 0.285537750 0.291586344 0.346103738 0.391230451 0.488648359 0.861077332 0.690665897 0.086511160 0.110652526 0.000000000 0.826171193 0.732246772 0.754136725 0.754056831 0.407027172 0.404592018 0.469341432 0.515613477 0.464863873 0.468421524 0.729622581 0.855022649 0.701774253 0.643527931 0.650306346 0.652947068 0.504673159 0.614139154 0.642608191 0.645464471 1.348069500 0.558358219 0.519801943 0.444756875 0.483967170 0.394237375 0.457643143 0.513514525 0.433839989 0.404595445 0.390916004 0.767913907 0.636310631 0.658682892 0.656415055 0.577691988 1.007363887 
20     0.819673622 0.861522901 0.792588473 0.833508668 0.796834445 0.809081169 0.867053089 0.908183752 1.008746413 1.375204859 1.195947097 0.788978122 0.838035130 0.826171193 0.000000000 0.440380336 0.467302271 0.467109400 0.751852642 0.748632693 0.816165156 0.862139741 0.808958310 0.815299881 1.072686106 1.202793335 1.043953578 0.987057462 0.993982331 0.994999920 0.855270357 0.967235869 0.992020754 0.998192199 1.699830815 0.901651723 0.859679408 0.790026423 0.832517515 0.743700912 0.809900824 0.861780349 0.778524151 0.761434591 0.745949400 1.121871600 0.986975728 1.003905517 1.002160656 0.925816863 1.343623102 
3     0.724153572 0.764937251 0.697411211 0.742538262 0.705427134 0.719092119 0.772360008 0.811309783 0.910550321 1.280915592 1.100113953 0.694925574 0.744308919 0.732246772 0.440380336 0.000000000 0.139915775 0.140824950 0.658375323 0.654710211 0.723085377 0.766214557 0.711522308 0.718739588 0.978991956 1.109295826 0.948535523 0.891552680 0.898544369 0.898065802 0.755625503 0.869822244 0.897572276 0.901160951 1.600479916 0.805823733 0.764814446 0.694723551 0.736287322 0.643910682 0.715006514 0.766082881 0.687303037 0.659227490 0.643214777 1.021629343 0.884091713 0.902959990 0.901472156 0.826316487 1.254740159 
11     0.745749504 0.786285900 0.717402390 0.762184561 0.724754291 0.738707430 0.793316157 0.833773815 0.931572862 1.302539759 1.122429754 0.716559667 0.765870092 0.754136725 0.467302271 0.139915775 0.000000000 0.060998917 0.682611387 0.678919799 0.743072444 0.788849904 0.734564090 0.741778140 1.000053616 1.128874463 0.972205527 0.913641380 0.920634913 0.920066603 0.773220051 0.887428484 0.913177696 0.918194720 1.615640171 0.827641477 0.786382963 0.717137820 0.756124009 0.664777653 0.734789902 0.787336693 0.706396282 0.678324406 0.662505564 1.039366973 0.902970414 0.922411737 0.919693461 0.844387090 1.255859882 
5     0.743150197 0.783602481 0.714793991 0.761680263 0.724213069 0.738246482 0.792808850 0.831262449 0.929135551 1.300396553 1.120272180 0.716783307 0.766114898 0.754056831 0.467109400 0.140824950 0.060998917 0.000000000 0.681118885 0.677427680 0.741592881 0.787105411 0.732801540 0.740168116 0.997544719 1.124683201 0.967920337 0.908879969 0.915867693 0.915572934 0.770817378 0.885235674 0.911413852 0.916535948 1.610238947 0.827098218 0.785887398 0.716585557 0.755673334 0.667108671 0.734271025 0.787340148 0.707283806 0.678024377 0.662202568 1.039860410 0.903190513 0.922616702 0.919918890 0.845474162 1.257719709 
26     0.405340422 0.446115024 0.378584479 0.420546351 0.386274715 0.397809059 0.449778169 0.493829023 0.589934827 0.955051929 0.777215184 0.370550038 0.417344669 0.407027172 0.751852642 0.658375323 0.682611387 0.681118885 0.000000000 0.032420198 0.295428655 0.342214893 0.297238196 0.294224728 0.545061037 0.676009093 0.523186593 0.465323387 0.472089671 0.474419157 0.444409727 0.553443972 0.582124874 0.586972105 1.288075780 0.495225831 0.452224219 0.380523447 0.425301137 0.336187031 0.395682735 0.452132205 0.373261077 0.346367979 0.333526822 0.708823849 0.580127382 0.602215717 0.602678107 0.520506541 0.944680898 
10     0.402592059 0.443002992 0.375833324 0.418365653 0.384073973 0.395612056 0.447580371 0.491195501 0.587308251 0.952550003 0.775052679 0.368014439 0.414909515 0.404592018 0.748632693 0.654710211 0.678919799 0.677427680 0.032420198 0.000000000 0.292472878 0.339324288 0.293255011 0.291260017 0.542645742 0.673827260 0.521286265 0.463370686 0.470136969 0.472468508 0.441183757 0.550173599 0.579176817 0.583822936 1.285074973 0.492761207 0.450151865 0.378280062 0.422979027 0.333867353 0.393403976 0.449795263 0.371012519 0.344226202 0.331398638 0.708239832 0.579977203 0.601672825 0.602086426 0.519927016 0.942069261 
12     0.469694365 0.510204057 0.443425021 0.485238986 0.450051816 0.461825660 0.514027591 0.558122640 0.653613775 1.019340303 0.839046299 0.433068472 0.479471727 0.469341432 0.816165156 0.723085377 0.743072444 0.741592881 0.295428655 0.292472878 0.000000000 0.393155830 0.352876923 0.344931225 0.602689661 0.731867320 0.578933930 0.520017781 0.526877106 0.528663023 0.502385619 0.613893929 0.646415017 0.651687538 1.347819707 0.563529756 0.517525603 0.447479616 0.485885872 0.399925623 0.461143061 0.518214871 0.435596253 0.411393505 0.397675789 0.769229723 0.642561467 0.664453631 0.662356237 0.583030258 0.997078159 
8     0.515537739 0.551802462 0.488683160 0.531811355 0.497083495 0.509418163 0.560755985 0.603426849 0.696132356 1.066455582 0.887995687 0.478092373 0.525756350 0.515613477 0.862139741 0.766214557 0.788849904 0.787105411 0.342214893 0.339324288 0.393155830 0.000000000 0.232504491 0.224215058 0.632089113 0.766563546 0.613682938 0.555302423 0.562389546 0.565357300 0.550871348 0.660224740 0.690835320 0.696545373 1.392613597 0.606330363 0.563989782 0.488779705 0.528733151 0.442564972 0.503232547 0.560653962 0.481772571 0.455342896 0.441590845 0.811891767 0.680785777 0.701306513 0.701328283 0.623629966 1.014037319 
28     0.464537740 0.500161547 0.437739379 0.481093904 0.447001988 0.458055015 0.510110438 0.553514172 0.650877859 1.012071996 0.835113276 0.427267086 0.474296471 0.464863873 0.808958310 0.711522308 0.734564090 0.732801540 0.297238196 0.293255011 0.352876923 0.232504491 0.000000000 0.182930204 0.596712441 0.727906004 0.572923806 0.513949507 0.521047301 0.525239683 0.503236026 0.613453769 0.643398309 0.648509108 1.341239716 0.558965953 0.516604442 0.442848632 0.485485937 0.396638605 0.458615600 0.515361443 0.434554847 0.407612188 0.394502151 0.765523480 0.633660120 0.654097008 0.653802991 0.576219781 0.966709908 
4     0.467581867 0.503921012 0.441205736 0.484885328 0.450806050 0.462429379 0.513845330 0.556137057 0.650629832 1.017218592 0.839934289 0.430940472 0.478051338 0.468421524 0.815299881 0.718739588 0.741778140 0.740168116 0.294224728 0.291260017 0.344931225 0.224215058 0.182930204 0.000000000 0.585335622 0.719936595 0.563763761 0.504884472 0.511964829 0.515896935 0.504389861 0.612728432 0.643122098 0.648217948 1.342825809 0.559098977 0.518017399 0.441849844 0.483259470 0.398240033 0.457933089 0.514725662 0.435232723 0.409117790 0.395659762 0.771027105 0.640275766 0.661299055 0.660623554 0.578878269 0.967476798 
23     0.726482362 0.765785374 0.699127222 0.738131494 0.704293967 0.721576939 0.769096179 0.816469639 0.909030237 1.280144553 1.100620828 0.693129267 0.739322101 0.729622581 1.072686106 0.978991956 1.000053616 0.997544719 0.545061037 0.542645742 0.602689661 0.632089113 0.596712441 0.585335622 0.000000000 0.716632079 0.563404149 0.501182855 0.509327992 0.511362130 0.760782437 0.869138980 0.900220673 0.906706664 1.601113289 0.814261612 0.774458157 0.697624279 0.741447359 0.651446701 0.710387556 0.768187234 0.691442642 0.661617442 0.649211379 1.028849181 0.895376848 0.916567736 0.914448614 0.838253049 1.255582878 
27     0.849011670 0.887332331 0.819711931 0.862540777 0.828614042 0.842807016 0.891885121 0.939360396 1.033961756 1.400601916 1.221800013 0.817100946 0.864899029 0.855022649 1.202793335 1.109295826 1.128874463 1.124683201 0.676009093 0.673827260 0.731867320 0.766563546 0.727906004 0.719936595 0.716632079 0.000000000 0.572149987 0.512348885 0.521970183 0.524455646 0.886624204 0.996467552 1.030023297 1.035145728 1.736743394 0.944492357 0.903564566 0.825411848 0.871171877 0.779615945 0.843259364 0.899856569 0.821749518 0.793739362 0.780517600 1.155979587 1.025630804 1.047940535 1.044952898 0.967361819 1.383953094 
9     0.697699222 0.736772598 0.669064717 0.711971987 0.678288390 0.692304983 0.741907804 0.786542790 0.881988422 1.247749973 1.069255126 0.665423953 0.710648492 0.701774253 1.043953578 0.948535523 0.972205527 0.967920337 0.523186593 0.521286265 0.578933930 0.613682938 0.572923806 0.563763761 0.563404149 0.572149987 0.000000000 0.162704586 0.171365564 0.217028530 0.734298132 0.844680407 0.875048092 0.881019545 1.578167397 0.793044665 0.751639745 0.673174073 0.720519517 0.629573654 0.692816792 0.748816977 0.670177753 0.641594406 0.628431397 1.002447587 0.870887782 0.892708340 0.890239150 0.815415986 1.229457850 
22     0.639359260 0.678558176 0.610858011 0.653997144 0.620134518 0.634083685 0.683239615 0.730416623 0.824026210 1.188619319 1.009167101 0.607102887 0.652457240 0.643527931 0.987057462 0.891552680 0.913641380 0.908879969 0.465323387 0.463370686 0.520017781 0.555302423 0.513949507 0.504884472 0.501182855 0.512348885 0.162704586 0.000000000 0.059982183 0.156914078 0.676576076 0.787147012 0.817733473 0.823873379 1.521209456 0.733262758 0.691473947 0.614242982 0.661244810 0.569641306 0.633071415 0.687872946 0.610571003 0.581890375 0.568751723 0.940202808 0.807524767 0.828848181 0.826884872 0.754684317 1.170211235 
13     0.646425281 0.685515116 0.617839434 0.661020469 0.627156142 0.641107010 0.690193477 0.737433574 0.831040222 1.196299807 1.016792165 0.613886453 0.659253769 0.650306346 0.993982331 0.898544369 0.920634913 0.915867693 0.472089671 0.470136969 0.526877106 0.562389546 0.521047301 0.511964829 0.509327992 0.521970183 0.171365564 0.059982183 0.000000000 0.163837776 0.682856872 0.793530626 0.824138552 0.830279388 1.528813771 0.740561832 0.699039484 0.621542454 0.668310052 0.576824662 0.640280075 0.695029739 0.617597639 0.588946820 0.575808168 0.947326568 0.814648527 0.835921527 0.833968257 0.761855030 1.177179146 
29     0.649230713 0.687499416 0.620453352 0.663417484 0.629546446 0.643497275 0.692547628 0.737461606 0.831365315 1.195172226 1.015201046 0.616290954 0.661902696 0.652947068 0.994999920 0.898065802 0.920066603 0.915572934 0.474419157 0.472468508 0.528663023 0.565357300 0.525239683 0.515896935 0.511362130 0.524455646 0.217028530 0.156914078 0.163837776 0.000000000 0.686072124 0.795794680 0.826115025 0.832399625 1.531505026 0.742857871 0.701821892 0.625249752 0.671396503 0.578737927 0.643178849 0.698779732 0.620599942 0.592020540 0.578985497 0.950955228 0.820407564 0.841783578 0.840818208 0.766950482 1.177900783 
35     0.503038274 0.543564850 0.476255732 0.519040848 0.481449938 0.494362093 0.546413964 0.590216498 0.688762768 1.053312556 0.877532952 0.469834304 0.515278923 0.504673159 0.855270357 0.755625503 0.773220051 0.770817378 0.444409727 0.441183757 0.502385619 0.550871348 0.503236026 0.504389861 0.760782437 0.886624204 0.734298132 0.676576076 0.682856872 0.686072124 0.000000000 0.254307410 0.385395058 0.390088549 1.210431322 0.596101956 0.556774921 0.474600237 0.521167970 0.428891661 0.489528365 0.546987828 0.472104156 0.444809482 0.433413605 0.804727884 0.673584001 0.696285171 0.693482947 0.611967833 1.036827858 
42     0.611920757 0.652884037 0.586584924 0.628586848 0.592164780 0.604026150 0.655959369 0.700019260 0.798553125 1.164650183 0.988644179 0.579125571 0.624885951 0.614139154 0.967235869 0.869822244 0.887428484 0.885235674 0.553443972 0.550173599 0.613893929 0.660224740 0.613453769 0.612728432 0.869138980 0.996467552 0.844680407 0.787147012 0.793530626 0.795794680 0.254307410 0.000000000 0.490811849 0.493460426 1.319098395 0.705282871 0.666521349 0.582056843 0.631451259 0.539049053 0.598694290 0.654888303 0.581823756 0.555098475 0.543183617 0.911834003 0.780816331 0.803035379 0.798983961 0.724327652 1.143209618 
41     0.640755421 0.679902908 0.613393578 0.656825552 0.618781305 0.632073670 0.683881796 0.730097256 0.829052343 1.192934433 1.019395104 0.607599604 0.653087436 0.642608191 0.992020754 0.897572276 0.913177696 0.911413852 0.582124874 0.579176817 0.646415017 0.690835320 0.643398309 0.643122098 0.900220673 1.030023297 0.875048092 0.817733473 0.824138552 0.826115025 0.385395058 0.490811849 0.000000000 0.194783882 1.355964055 0.731615726 0.691167232 0.616247802 0.657706211 0.565559173 0.626844426 0.683975040 0.607733612 0.583012000 0.571678010 0.946162787 0.812754844 0.836028085 0.830780717 0.753011203 1.171092468 
34     0.643622725 0.682972405 0.617744651 0.659546604 0.621236772 0.634500001 0.686233546 0.733198624 0.831653083 1.191882873 1.017247484 0.610481994 0.656101152 0.645464471 0.998192199 0.901160951 0.918194720 0.916535948 0.586972105 0.583822936 0.651687538 0.696545373 0.648509108 0.648217948 0.906706664 1.035145728 0.881019545 0.823873379 0.830279388 0.832399625 0.390088549 0.493460426 0.194783882 0.000000000 1.361592925 0.736571818 0.695984419 0.619132232 0.663413967 0.569625205 0.631524131 0.688918116 0.611458076 0.587826503 0.576121417 0.952052796 0.819850092 0.842943900 0.837938106 0.757492425 1.180210180 
39     1.346838235 1.385056930 1.317302064 1.358481337 1.323306971 1.336492305 1.385382990 1.434798727 1.535437876 1.898163539 1.720640255 1.310162317 1.355772389 1.348069500 1.699830815 1.600479916 1.615640171 1.610238947 1.288075780 1.285074973 1.347819707 1.392613597 1.341239716 1.342825809 1.601113289 1.736743394 1.578167397 1.521209456 1.528813771 1.531505026 1.210431322 1.319098395 1.355964055 1.361592925 0.000000000 1.430777998 1.395489746 1.319506619 1.364321410 1.271817510 1.325342580 1.380170374 1.309505501 1.280601261 1.270528533 1.643784368 1.515753286 1.540639260 1.533794195 1.456541349 1.873376373 
48     0.557229525 0.598125186 0.530871492 0.571900187 0.536885741 0.548470387 0.601322556 0.646508181 0.744263476 1.113195414 0.934646774 0.521992688 0.570398549 0.558358219 0.901651723 0.805823733 0.827641477 0.827098218 0.495225831 0.492761207 0.563529756 0.606330363 0.558965953 0.559098977 0.814261612 0.944492357 0.793044665 0.733262758 0.740561832 0.742857871 0.596101956 0.705282871 0.731615726 0.736571818 1.430777998 0.000000000 0.430374103 0.395877385 0.440130194 0.356091804 0.411827648 0.472980244 0.402839579 0.377811345 0.364230938 0.797789570 0.671588590 0.692556578 0.686191871 0.604008172 1.098327775 
33     0.518672453 0.558634074 0.491137325 0.534079898 0.498720716 0.510354692 0.562702057 0.607391509 0.706476573 1.073725676 0.896155773 0.482598224 0.531300454 0.519801943 0.859679408 0.764814446 0.786382963 0.785887398 0.452224219 0.450151865 0.517525603 0.563989782 0.516604442 0.518017399 0.774458157 0.903564566 0.751639745 0.691473947 0.699039484 0.701821892 0.556774921 0.666521349 0.691167232 0.695984419 1.395489746 0.430374103 0.000000000 0.360041795 0.402403223 0.319131369 0.376511621 0.436056353 0.361593818 0.338436262 0.325046515 0.759471108 0.631442877 0.652363937 0.646233181 0.567105539 1.057572184 
50     0.445734365 0.483927465 0.418347265 0.460016550 0.424252172 0.437782724 0.490270489 0.533078101 0.632035208 0.996221378 0.816780098 0.409803424 0.458060145 0.444756875 0.790026423 0.694723551 0.717137820 0.716585557 0.380523447 0.378280062 0.447479616 0.488779705 0.442848632 0.441849844 0.697624279 0.825411848 0.673174073 0.614242982 0.621542454 0.625249752 0.474600237 0.582056843 0.616247802 0.619132232 1.319506619 0.395877385 0.360041795 0.000000000 0.214991000 0.225774161 0.286707675 0.343880024 0.283315506 0.258668862 0.245267602 0.683994342 0.557617872 0.578975597 0.573813250 0.495042283 0.981496995 
37     0.482098836 0.520803980 0.454488504 0.496419852 0.461434399 0.474192707 0.526657007 0.572179873 0.665265734 1.040227925 0.860778065 0.448602919 0.496732487 0.483967170 0.832517515 0.736287322 0.756124009 0.755673334 0.425301137 0.422979027 0.485885872 0.528733151 0.485485937 0.483259470 0.741447359 0.871171877 0.720519517 0.661244810 0.668310052 0.671396503 0.521167970 0.631451259 0.657706211 0.663413967 1.364321410 0.440130194 0.402403223 0.214991000 0.000000000 0.267590237 0.330539407 0.388264302 0.326609206 0.301393462 0.288686148 0.728557364 0.602908779 0.624112225 0.619064796 0.535685527 1.026142822 
47     0.393613688 0.433395210 0.366114391 0.409171039 0.373084473 0.385703869 0.437663026 0.481756980 0.580021888 0.951620981 0.773265842 0.357955448 0.405897324 0.394237375 0.743700912 0.643910682 0.664777653 0.667108671 0.336187031 0.333867353 0.399925623 0.442564972 0.396638605 0.398240033 0.651446701 0.779615945 0.629573654 0.569641306 0.576824662 0.578737927 0.428891661 0.539049053 0.565559173 0.569625205 1.271817510 0.356091804 0.319131369 0.225774161 0.267590237 0.000000000 0.240724151 0.295606027 0.241013255 0.215255280 0.201842856 0.632679740 0.507942740 0.529223008 0.525544542 0.442884565 0.925699953 
49     0.455284765 0.495703852 0.428020446 0.471423883 0.436284270 0.449354304 0.501019023 0.543680792 0.641813177 1.010586351 0.830658330 0.421809153 0.469243345 0.457643143 0.809900824 0.715006514 0.734789902 0.734271025 0.395682735 0.393403976 0.461143061 0.503232547 0.458615600 0.457933089 0.710387556 0.843259364 0.692816792 0.633071415 0.640280075 0.643178849 0.489528365 0.598694290 0.626844426 0.631524131 1.325342580 0.411827648 0.376511621 0.286707675 0.330539407 0.240724151 0.000000000 0.224082422 0.299342569 0.274099964 0.260765587 0.696445481 0.572951955 0.594480683 0.590474003 0.510019934 0.994857572 
44     0.512745681 0.553150053 0.483767105 0.528472337 0.492445458 0.505546322 0.556520071 0.601627564 0.699117709 1.063576243 0.881914771 0.477929425 0.524661949 0.513514525 0.861780349 0.766082881 0.787336693 0.787340148 0.452132205 0.449795263 0.518214871 0.560653962 0.515361443 0.514725662 0.768187234 0.899856569 0.748816977 0.687872946 0.695029739 0.698779732 0.546987828 0.654888303 0.683975040 0.688918116 1.380170374 0.472980244 0.436056353 0.343880024 0.388264302 0.295606027 0.224082422 0.000000000 0.359429308 0.334221592 0.319315717 0.754948999 0.632846719 0.654292100 0.648441900 0.569159614 1.047636532 
43     0.435283789 0.474801958 0.408043607 0.450646298 0.414815799 0.427425567 0.478732771 0.523134957 0.621697462 0.989699915 0.812092218 0.398266195 0.445117626 0.433839989 0.778524151 0.687303037 0.706396282 0.707283806 0.373261077 0.371012519 0.435596253 0.481772571 0.434554847 0.435232723 0.691442642 0.821749518 0.670177753 0.610571003 0.617597639 0.620599942 0.472104156 0.581823756 0.607733612 0.611458076 1.309505501 0.402839579 0.361593818 0.283315506 0.326609206 0.241013255 0.299342569 0.359429308 0.000000000 0.173281648 0.160391370 0.674381169 0.547325940 0.568542089 0.562464053 0.486665780 0.978453755 
32     0.405164675 0.445043459 0.377793838 0.420565508 0.384400473 0.397423341 0.449756987 0.493381135 0.591695602 0.961750519 0.782175825 0.367570952 0.414179544 0.404595445 0.761434591 0.659227490 0.678324406 0.678024377 0.346367979 0.344226202 0.411393505 0.455342896 0.407612188 0.409117790 0.661617442 0.793739362 0.641594406 0.581890375 0.588946820 0.592020540 0.444809482 0.555098475 0.583012000 0.587826503 1.280601261 0.377811345 0.338436262 0.258668862 0.301393462 0.215255280 0.274099964 0.334221592 0.173281648 0.000000000 0.066066628 0.649069771 0.523167264 0.544704621 0.538739664 0.459166760 0.950882374 
45     0.391200671 0.430970943 0.363826250 0.406605467 0.370520987 0.383452320 0.435384227 0.479697963 0.578025598 0.947169940 0.767548563 0.353998416 0.400377903 0.390916004 0.745949400 0.643214777 0.662505564 0.662202568 0.333526822 0.331398638 0.397675789 0.441590845 0.394502151 0.395659762 0.649211379 0.780517600 0.628431397 0.568751723 0.575808168 0.578985497 0.433413605 0.543183617 0.571678010 0.576121417 1.270528533 0.364230938 0.325046515 0.245267602 0.288686148 0.201842856 0.260765587 0.319315717 0.160391370 0.066066628 0.000000000 0.636012907 0.509169579 0.530706681 0.524082815 0.445428079 0.937188991 
40     0.770242853 0.809872374 0.740201008 0.783752440 0.748483093 0.762758677 0.813845134 0.855131749 0.953318155 1.325532650 1.142766711 0.732955646 0.777975992 0.767913907 1.121871600 1.021629343 1.039366973 1.039860410 0.708823849 0.708239832 0.769229723 0.811891767 0.765523480 0.771027105 1.028849181 1.155979587 1.002447587 0.940202808 0.947326568 0.950955228 0.804727884 0.911834003 0.946162787 0.952052796 1.643784368 0.797789570 0.759471108 0.683994342 0.728557364 0.632679740 0.696445481 0.754948999 0.674381169 0.649069771 0.636012907 0.000000000 0.433900484 0.453744376 0.455417332 0.682085004 1.314962981 
38     0.636531329 0.676668096 0.609218901 0.650606660 0.615883784 0.629169662 0.680938650 0.724440081 0.822689961 1.189937402 1.011091125 0.603042163 0.648007121 0.636310631 0.986975728 0.884091713 0.902970414 0.903190513 0.580127382 0.579977203 0.642561467 0.680785777 0.633660120 0.640275766 0.895376848 1.025630804 0.870887782 0.807524767 0.814648527 0.820407564 0.673584001 0.780816331 0.812754844 0.819850092 1.515753286 0.671588590 0.631442877 0.557617872 0.602908779 0.507942740 0.572951955 0.632846719 0.547325940 0.523167264 0.509169579 0.433900484 0.000000000 0.117169974 0.162528011 0.559540881 1.182876464 
36     0.661300795 0.700943158 0.633719793 0.675345094 0.640613078 0.654076956 0.705762079 0.747911082 0.846160761 1.213043998 1.033770928 0.624766842 0.670084232 0.658682892 1.003905517 0.902959990 0.922411737 0.922616702 0.602215717 0.601672825 0.664453631 0.701306513 0.654097008 0.661299055 0.916567736 1.047940535 0.892708340 0.828848181 0.835921527 0.841783578 0.696285171 0.803035379 0.836028085 0.842943900 1.540639260 0.692556578 0.652363937 0.578975597 0.624112225 0.529223008 0.594480683 0.654292100 0.568542089 0.544704621 0.530706681 0.453744376 0.117169974 0.000000000 0.178054215 0.577722971 1.202648382 
31     0.657637553 0.697510749 0.630270931 0.671948568 0.636870313 0.650075576 0.701901163 0.743828908 0.841927673 1.212194294 1.032094870 0.620899623 0.667629213 0.656415055 1.002160656 0.901472156 0.919693461 0.919918890 0.602678107 0.602086426 0.662356237 0.701328283 0.653802991 0.660623554 0.914448614 1.044952898 0.890239150 0.826884872 0.833968257 0.840818208 0.693482947 0.798983961 0.830780717 0.837938106 1.533794195 0.686191871 0.646233181 0.573813250 0.619064796 0.525544542 0.590474003 0.648441900 0.562464053 0.538739664 0.524082815 0.455417332 0.162528011 0.178054215 0.000000000 0.579357268 1.203241378 
46     0.577846485 0.617835019 0.551059305 0.591689943 0.556124857 0.568046574 0.619397189 0.664699141 0.762572760 1.127480140 0.949952074 0.544514171 0.590055334 0.577691988 0.925816863 0.826316487 0.844387090 0.845474162 0.520506541 0.519927016 0.583030258 0.623629966 0.576219781 0.578878269 0.838253049 0.967361819 0.815415986 0.754684317 0.761855030 0.766950482 0.611967833 0.724327652 0.753011203 0.757492425 1.456541349 0.604008172 0.567105539 0.495042283 0.535685527 0.442884565 0.510019934 0.569159614 0.486665780 0.459166760 0.445428079 0.682085004 0.559540881 0.577722971 0.579357268 0.000000000 1.129678653 
0     1.001694805 1.042713987 0.980650991 1.022520155 0.987857888 0.997446548 1.042256494 1.096769853 1.198420729 1.561145001 1.367980450 0.974661530 1.018154391 1.007363887 1.343623102 1.254740159 1.255859882 1.257719709 0.944680898 0.942069261 0.997078159 1.014037319 0.966709908 0.967476798 1.255582878 1.383953094 1.229457850 1.170211235 1.177179146 1.177900783 1.036827858 1.143209618 1.171092468 1.180210180 1.873376373 1.098327775 1.057572184 0.981496995 1.026142822 0.925699953 0.994857572 1.047636532 0.978453755 0.950882374 0.937188991 1.314962981 1.182876464 1.202648382 1.203241378 1.129678653 0.000000000 
