51
6     0.000000000 0.001214020 0.000724410 0.002191980 0.002885710 0.002666720 0.002719180 0.003138980 0.004462190 0.003868960 0.004203270 0.002317190 0.003928460 0.004540680 0.003839940 0.005419470 0.003309560 0.002869550 0.003606320 0.003683860 0.002659060 0.006666970 0.008004070 0.007141750 0.007076220 0.006571080 0.011698110 0.012539480 0.009669110 0.010756070 0.007214800 0.006298000 0.004941670 0.004853400 0.004812300 0.005787240 0.006201720 0.011396940 0.006109310 0.006734420 0.006295370 0.008398110 0.006672240 0.005594280 0.006057210 0.005582160 0.005311610 0.005801050 0.005512280 0.004575430 0.038471230 
2     0.001214020 0.000000000 0.000479090 0.001883780 0.002577510 0.002358520 0.002410980 0.002830780 0.004153990 0.003560760 0.003895070 0.002008990 0.003620260 0.004232480 0.003531740 0.005111270 0.003001360 0.002561350 0.003298120 0.003375660 0.002350860 0.006358770 0.007695870 0.006833550 0.006768020 0.006262880 0.011389910 0.012231280 0.009360910 0.010447870 0.006906600 0.005989800 0.004633470 0.004545200 0.004504100 0.005479040 0.005893520 0.011088740 0.005801110 0.006426220 0.005987170 0.008089910 0.006364040 0.005286080 0.005749010 0.005273960 0.005003410 0.005492850 0.005204080 0.004267230 0.025382920 
16     0.000724410 0.000479090 0.000000000 0.001922290 0.002616020 0.002397030 0.002449490 0.002869290 0.004192500 0.003599270 0.003933580 0.002047500 0.003658770 0.004270990 0.003570250 0.005149780 0.003039870 0.002599860 0.003336630 0.003414170 0.002389370 0.006397280 0.007734380 0.006872060 0.006806530 0.006301390 0.011428420 0.012269790 0.009399420 0.010486380 0.006945110 0.006028310 0.004671980 0.004583710 0.004542610 0.005517550 0.005932030 0.011127250 0.005839620 0.006464730 0.006025680 0.008128420 0.006402550 0.005324590 0.005787520 0.005312470 0.005041920 0.005531360 0.005242590 0.004305740 0.035982490 
3     0.002191980 0.001883780 0.001922290 0.000000000 0.000599960 0.000419550 0.000028320 0.002215060 0.003538270 0.002945040 0.003279350 0.001393270 0.003004540 0.003616760 0.002916020 0.004495550 0.000644710 0.000668140 0.000686840 0.000679180 0.001804820 0.005812730 0.007149830 0.006287510 0.006221980 0.002928490 0.010843870 0.011685240 0.008814870 0.009901830 0.006360560 0.001874200 0.004087430 0.003999160 0.003958060 0.001369210 0.005347480 0.001364020 0.005255070 0.005880180 0.005441130 0.007543870 0.005818000 0.004740040 0.005202970 0.004727920 0.004457370 0.004946810 0.004658040 0.003721190 0.038534950 
10     0.002885710 0.002577510 0.002616020 0.000599960 0.000000000 0.000752110 0.000221420 0.002908790 0.004232000 0.003638770 0.003973080 0.002087000 0.003698270 0.004310490 0.003609750 0.005189280 0.003149050 0.002709040 0.003445810 0.003523350 0.002498550 0.006506460 0.007843560 0.006981240 0.006915710 0.006410570 0.011537600 0.012378970 0.009508600 0.010595560 0.007054290 0.006137490 0.004781160 0.004692890 0.004651790 0.005626730 0.006041210 0.008468090 0.005948800 0.006573910 0.006134860 0.008237600 0.006511730 0.005433770 0.005896700 0.005421650 0.005151100 0.005640540 0.005351770 0.004414920 0.037499670 
20     0.002666720 0.002358520 0.002397030 0.000419550 0.000752110 0.000000000 0.000560460 0.002689800 0.004013010 0.003419780 0.003754090 0.001868010 0.003479280 0.004091500 0.003390760 0.004970290 0.001381360 0.001404790 0.001423490 0.001415830 0.002279560 0.006287470 0.007624570 0.006762250 0.006696720 0.003665140 0.011318610 0.012159980 0.009289610 0.010376570 0.006835300 0.002610850 0.004562170 0.004473900 0.004432800 0.002105860 0.005822220 0.002100670 0.005729810 0.006354920 0.005915870 0.008018610 0.006292740 0.005214780 0.005677710 0.005202660 0.004932110 0.005421550 0.005132780 0.004195930 0.053028370 
12     0.002719180 0.002410980 0.002449490 0.000028320 0.000221420 0.000560460 0.000000000 0.002742260 0.004065470 0.003472240 0.003806550 0.001920470 0.003531740 0.004143960 0.003443220 0.005022750 0.000673010 0.000696440 0.000715140 0.000707480 0.002332020 0.006339930 0.007677030 0.006814710 0.006749180 0.002956790 0.011371070 0.012212440 0.009342070 0.010429030 0.006887760 0.001902500 0.004614630 0.004526360 0.004485260 0.001397510 0.005874680 0.001392320 0.005782270 0.006407380 0.005968330 0.008071070 0.006345200 0.005267240 0.005730170 0.005255120 0.004984570 0.005474010 0.005185240 0.004248390 0.037523950 
27     0.003138980 0.002830780 0.002869290 0.002215060 0.002908790 0.002689800 0.002742260 0.000000000 0.001213790 0.002273620 0.002521650 0.001309270 0.003244900 0.003857120 0.003156380 0.004735910 0.003402320 0.002962310 0.003699080 0.003776620 0.002751820 0.006759730 0.008096830 0.007234510 0.007168980 0.006663840 0.011790870 0.012632240 0.009761870 0.010005200 0.007307560 0.006390760 0.005034430 0.004946160 0.004905060 0.005880000 0.006294480 0.011489700 0.006202070 0.006827180 0.006388130 0.008490870 0.006765000 0.005687040 0.006149970 0.005674920 0.005404370 0.005893810 0.005605040 0.004668190 0.028558490 
25     0.004462190 0.004153990 0.004192500 0.003538270 0.004232000 0.004013010 0.004065470 0.001213790 0.000000000 0.002605520 0.003702410 0.001655320 0.004568110 0.005180330 0.004479590 0.006059120 0.004725530 0.004285520 0.005022290 0.005099830 0.004075030 0.007110870 0.005865910 0.008557720 0.008492190 0.007987050 0.013114080 0.013955450 0.011085080 0.010337100 0.008630770 0.007713970 0.006357640 0.006269370 0.006228270 0.007203210 0.007617690 0.012812910 0.007525280 0.008150390 0.007711340 0.009814080 0.008088210 0.007010250 0.007473180 0.006998130 0.006727580 0.007217020 0.006928250 0.005991400 0.053969070 
5     0.003868960 0.003560760 0.003599270 0.002945040 0.003638770 0.003419780 0.003472240 0.002273620 0.002605520 0.000000000 0.000207290 0.001453760 0.003974880 0.004587100 0.003886360 0.005465890 0.004132300 0.003692290 0.004429060 0.004506600 0.003481800 0.006892530 0.008826810 0.007964490 0.007898960 0.007393820 0.012520850 0.013362220 0.010491850 0.010118760 0.008037540 0.007120740 0.005764410 0.005676140 0.005635040 0.006609980 0.007024460 0.012219680 0.006932050 0.007557160 0.007118110 0.009220850 0.007494980 0.006417020 0.006879950 0.006404900 0.006134350 0.006623790 0.006335020 0.005398170 0.025612430 
11     0.004203270 0.003895070 0.003933580 0.003279350 0.003973080 0.003754090 0.003806550 0.002521650 0.003702410 0.000207290 0.000000000 0.000954710 0.004309190 0.004921410 0.004220670 0.005800200 0.004466610 0.004026600 0.004763370 0.004840910 0.003816110 0.007824020 0.009161120 0.008298800 0.008233270 0.007728130 0.012855160 0.013696530 0.010826160 0.011215650 0.008371850 0.007455050 0.006098720 0.006010450 0.005969350 0.006944290 0.007358770 0.012553990 0.007266360 0.007891470 0.007452420 0.009555160 0.007829290 0.006751330 0.007214260 0.006739210 0.006468660 0.006958100 0.006669330 0.005732480 0.026899060 
13     0.002317190 0.002008990 0.002047500 0.001393270 0.002087000 0.001868010 0.001920470 0.001309270 0.001655320 0.001453760 0.000954710 0.000000000 0.002423110 0.003035330 0.002334590 0.003914120 0.002580530 0.002140520 0.002877290 0.002954830 0.001930030 0.005937940 0.007275040 0.006412720 0.006347190 0.005842050 0.010969080 0.011810450 0.008940080 0.009185340 0.006485770 0.005568970 0.004212640 0.004124370 0.004083270 0.005058210 0.005472690 0.010667910 0.005380280 0.006005390 0.005566340 0.007669080 0.005943210 0.004865250 0.005328180 0.004853130 0.004582580 0.005072020 0.004783250 0.003846400 0.027099560 
8     0.003928460 0.003620260 0.003658770 0.003004540 0.003698270 0.003479280 0.003531740 0.003244900 0.004568110 0.003974880 0.004309190 0.002423110 0.000000000 0.001722040 0.000651280 0.000468350 0.004191800 0.003751790 0.004488560 0.004566100 0.003541300 0.007549210 0.008886310 0.008023990 0.007958460 0.007453320 0.012580350 0.013421720 0.010551350 0.011638310 0.008097040 0.007180240 0.005823910 0.005735640 0.005694540 0.006669480 0.007083960 0.012279180 0.006991550 0.007616660 0.007177610 0.009280350 0.007554480 0.006476520 0.006939450 0.006464400 0.006193850 0.006683290 0.006394520 0.005457670 0.029782190 
15     0.004540680 0.004232480 0.004270990 0.003616760 0.004310490 0.004091500 0.004143960 0.003857120 0.005180330 0.004587100 0.004921410 0.003035330 0.001722040 0.000000000 0.000551170 0.004300630 0.004804020 0.004364010 0.005100780 0.005178320 0.004153520 0.008161430 0.009498530 0.008636210 0.008570680 0.008065540 0.013192570 0.014033940 0.011163570 0.012250530 0.008709260 0.007792460 0.006436130 0.006347860 0.006306760 0.007281700 0.007696180 0.012891400 0.007603770 0.008228880 0.007789830 0.009892570 0.008166700 0.007088740 0.007551670 0.007076620 0.006806070 0.007295510 0.007006740 0.006069890 0.035298550 
17     0.003839940 0.003531740 0.003570250 0.002916020 0.003609750 0.003390760 0.003443220 0.003156380 0.004479590 0.003886360 0.004220670 0.002334590 0.000651280 0.000551170 0.000000000 0.002096660 0.004103280 0.003663270 0.004400040 0.004477580 0.003452780 0.007460690 0.008797790 0.007935470 0.007869940 0.007364800 0.012491830 0.013333200 0.010462830 0.011481390 0.008008520 0.007091720 0.005735390 0.005647120 0.005606020 0.006580960 0.006995440 0.012190660 0.006903030 0.007528140 0.007089090 0.009191830 0.007465960 0.006388000 0.006850930 0.006375880 0.006105330 0.006594770 0.006306000 0.005369150 0.032108980 
14     0.005419470 0.005111270 0.005149780 0.004495550 0.005189280 0.004970290 0.005022750 0.004735910 0.006059120 0.005465890 0.005800200 0.003914120 0.000468350 0.004300630 0.002096660 0.000000000 0.005682810 0.005242800 0.005979570 0.006057110 0.005032310 0.008940300 0.010377320 0.009515000 0.009449470 0.008944330 0.014071360 0.014912730 0.012042360 0.012166530 0.009588050 0.008671250 0.007314920 0.007226650 0.007185550 0.008160490 0.008574970 0.013770190 0.008482560 0.009107670 0.008668620 0.010771360 0.009045490 0.007967530 0.008430460 0.007955410 0.007684860 0.008174300 0.007885530 0.006948680 0.032459970 
23     0.003309560 0.003001360 0.003039870 0.000644710 0.003149050 0.001381360 0.000673010 0.003402320 0.004725530 0.004132300 0.004466610 0.002580530 0.004191800 0.004804020 0.004103280 0.005682810 0.000000000 0.000023790 0.000064690 0.000057030 0.002390920 0.004440280 0.007963590 0.007101270 0.007035740 0.003572820 0.011657630 0.012499000 0.009628630 0.009891230 0.007174320 0.002518530 0.004901190 0.004812920 0.004771820 0.002013540 0.006161240 0.002008350 0.006068830 0.006693940 0.006254890 0.008357630 0.006631760 0.005553800 0.006016730 0.005541680 0.005271130 0.005760570 0.005471800 0.004534950 0.042930450 
7     0.002869550 0.002561350 0.002599860 0.000668140 0.002709040 0.001404790 0.000696440 0.002962310 0.004285520 0.003692290 0.004026600 0.002140520 0.003751790 0.004364010 0.003663270 0.005242800 0.000023790 0.000000000 0.000088120 0.000080460 0.001950910 0.004433640 0.007523580 0.006661260 0.006595730 0.003596250 0.011217620 0.012058990 0.009188620 0.009884590 0.006734310 0.002541960 0.004461180 0.004372910 0.004331810 0.002036970 0.005721230 0.002031780 0.005628820 0.006253930 0.005814880 0.007917620 0.006191750 0.005113790 0.005576720 0.005101670 0.004831120 0.005320560 0.005031790 0.003744480 0.044462960 
28     0.003606320 0.003298120 0.003336630 0.000686840 0.003445810 0.001423490 0.000715140 0.003699080 0.005022290 0.004429060 0.004763370 0.002877290 0.004488560 0.005100780 0.004400040 0.005979570 0.000064690 0.000088120 0.000000000 0.000004840 0.002687680 0.006695590 0.008260350 0.007398030 0.007332500 0.003614950 0.011954390 0.012795760 0.009925390 0.011012350 0.007471080 0.002560660 0.005197950 0.005109680 0.005068580 0.002055670 0.006458000 0.002050480 0.006365590 0.006990700 0.006551650 0.008654390 0.006928520 0.005850560 0.006313490 0.005838440 0.005567890 0.006057330 0.005768560 0.004831710 0.031857260 
18     0.003683860 0.003375660 0.003414170 0.000679180 0.003523350 0.001415830 0.000707480 0.003776620 0.005099830 0.004506600 0.004840910 0.002954830 0.004566100 0.005178320 0.004477580 0.006057110 0.000057030 0.000080460 0.000004840 0.000000000 0.002765220 0.006773130 0.008337890 0.007475570 0.007410040 0.003607290 0.012031930 0.012873300 0.010002930 0.011089890 0.007548620 0.002553000 0.005275490 0.005187220 0.005146120 0.002048010 0.006535540 0.002042820 0.006443130 0.007068240 0.006629190 0.008731930 0.007006060 0.005928100 0.006391030 0.005915980 0.005645430 0.006134870 0.005846100 0.004909250 0.032991500 
24     0.002659060 0.002350860 0.002389370 0.001804820 0.002498550 0.002279560 0.002332020 0.002751820 0.004075030 0.003481800 0.003816110 0.001930030 0.003541300 0.004153520 0.003452780 0.005032310 0.002390920 0.001950910 0.002687680 0.002765220 0.000000000 0.003893160 0.007313090 0.006450770 0.006385240 0.005880100 0.011007130 0.011848500 0.008978130 0.010065090 0.006523820 0.005607020 0.004250690 0.004162420 0.004121320 0.005096260 0.005510740 0.010705960 0.005418330 0.006043440 0.005604390 0.007707130 0.005981260 0.004903300 0.005366230 0.004891180 0.004620630 0.005110070 0.004821300 0.003884450 0.023816080 
1     0.006666970 0.006358770 0.006397280 0.005812730 0.006506460 0.006287470 0.006339930 0.006759730 0.007110870 0.006892530 0.007824020 0.005937940 0.007549210 0.008161430 0.007460690 0.008940300 0.004440280 0.004433640 0.006695590 0.006773130 0.003893160 0.000000000 0.011321000 0.010447520 0.010393150 0.009837530 0.015015040 0.015856410 0.012986040 0.011754950 0.010531730 0.009614930 0.008258600 0.008170330 0.008129230 0.009104170 0.009518650 0.014713870 0.009426240 0.010051350 0.009612300 0.011715040 0.009989170 0.008911210 0.009374140 0.008899090 0.008628540 0.009117980 0.008829210 0.007892360 0.056724800 
21     0.008004070 0.007695870 0.007734380 0.007149830 0.007843560 0.007624570 0.007677030 0.008096830 0.005865910 0.008826810 0.009161120 0.007275040 0.008886310 0.009498530 0.008797790 0.010377320 0.007963590 0.007523580 0.008260350 0.008337890 0.007313090 0.011321000 0.000000000 0.001640270 0.000676010 0.002496380 0.013570780 0.014412150 0.011196680 0.012283640 0.008742370 0.007825570 0.006469240 0.006380970 0.005881670 0.007314810 0.007729290 0.012924510 0.007636880 0.008261990 0.007822940 0.009925680 0.008199810 0.007121850 0.007584780 0.007109730 0.006839180 0.007328620 0.007039850 0.006103000 0.026696020 
9     0.007141750 0.006833550 0.006872060 0.006287510 0.006981240 0.006762250 0.006814710 0.007234510 0.008557720 0.007964490 0.008298800 0.006412720 0.008023990 0.008636210 0.007935470 0.009515000 0.007101270 0.006661260 0.007398030 0.007475570 0.006450770 0.010447520 0.001640270 0.000000000 0.000138000 0.001380070 0.012708460 0.013549830 0.010334360 0.011262890 0.007880050 0.006963250 0.005606920 0.005518650 0.005019350 0.006452490 0.006866970 0.012062190 0.006774560 0.007399670 0.006960620 0.009063360 0.007337490 0.006259530 0.006722460 0.006247410 0.005976860 0.006466300 0.006177530 0.005240680 0.033359360 
19     0.007076220 0.006768020 0.006806530 0.006221980 0.006915710 0.006696720 0.006749180 0.007168980 0.008492190 0.007898960 0.008233270 0.006347190 0.007958460 0.008570680 0.007869940 0.009449470 0.007035740 0.006595730 0.007332500 0.007410040 0.006385240 0.010393150 0.000676010 0.000138000 0.000000000 0.001583820 0.012642930 0.013484300 0.010268830 0.011355790 0.007814520 0.006897720 0.005541390 0.005453120 0.004953820 0.006386960 0.006801440 0.011996660 0.006709030 0.007334140 0.006895090 0.008997830 0.007271960 0.006194000 0.006656930 0.006181880 0.005911330 0.006400770 0.006112000 0.005175150 0.033032090 
26     0.006571080 0.006262880 0.006301390 0.002928490 0.006410570 0.003665140 0.002956790 0.006663840 0.007987050 0.007393820 0.007728130 0.005842050 0.007453320 0.008065540 0.007364800 0.008944330 0.003572820 0.003596250 0.003614950 0.003607290 0.005880100 0.009837530 0.002496380 0.001380070 0.001583820 0.000000000 0.012137790 0.012979160 0.009339580 0.009926800 0.005416400 0.003459770 0.005036250 0.004947980 0.004448680 0.002954780 0.006296300 0.002949590 0.006203890 0.006829000 0.006389950 0.008492690 0.006766820 0.005688860 0.006151790 0.005676740 0.005406190 0.005895630 0.005606860 0.004670010 0.025054420 
22     0.011698110 0.011389910 0.011428420 0.010843870 0.011537600 0.011318610 0.011371070 0.011790870 0.013114080 0.012520850 0.012855160 0.010969080 0.012580350 0.013192570 0.012491830 0.014071360 0.011657630 0.011217620 0.011954390 0.012031930 0.011007130 0.015015040 0.013570780 0.012708460 0.012642930 0.012137790 0.000000000 0.000112090 0.015235820 0.016322780 0.012781510 0.011864710 0.010508380 0.010420110 0.010379010 0.011353950 0.011768430 0.016963650 0.011676020 0.012301130 0.011862080 0.013964820 0.012238950 0.011160990 0.011623920 0.011148870 0.010878320 0.011367760 0.011078990 0.010142140 0.058974580 
4     0.012539480 0.012231280 0.012269790 0.011685240 0.012378970 0.012159980 0.012212440 0.012632240 0.013955450 0.013362220 0.013696530 0.011810450 0.013421720 0.014033940 0.013333200 0.014912730 0.012499000 0.012058990 0.012795760 0.012873300 0.011848500 0.015856410 0.014412150 0.013549830 0.013484300 0.012979160 0.000112090 0.000000000 0.016077190 0.016863340 0.013622880 0.012706080 0.011349750 0.011261480 0.011220380 0.012195320 0.012609800 0.017805020 0.012517390 0.013142500 0.012703450 0.014806190 0.013080320 0.012002360 0.012465290 0.011990240 0.011719690 0.012209130 0.011920360 0.010983510 0.045007120 
36     0.009669110 0.009360910 0.009399420 0.008814870 0.009508600 0.009289610 0.009342070 0.009761870 0.011085080 0.010491850 0.010826160 0.008940080 0.010551350 0.011163570 0.010462830 0.012042360 0.009628630 0.009188620 0.009925390 0.010002930 0.008978130 0.012986040 0.011196680 0.010334360 0.010268830 0.009339580 0.015235820 0.016077190 0.000000000 0.000231100 0.005358900 0.007905690 0.006360700 0.005731870 0.005980890 0.007394930 0.007809410 0.013004630 0.008205900 0.008831010 0.008391960 0.010494700 0.008768830 0.007690870 0.008153800 0.007678750 0.007408200 0.007897640 0.007608870 0.006672020 0.023667220 
50     0.010756070 0.010447870 0.010486380 0.009901830 0.010595560 0.010376570 0.010429030 0.010005200 0.010337100 0.010118760 0.011215650 0.009185340 0.011638310 0.012250530 0.011481390 0.012166530 0.009891230 0.009884590 0.011012350 0.011089890 0.010065090 0.011754950 0.012283640 0.011262890 0.011355790 0.009926800 0.016322780 0.016863340 0.000231100 0.000000000 0.005946120 0.007699060 0.005134200 0.005217720 0.005447630 0.005961460 0.007451180 0.014091590 0.009292860 0.009917970 0.009478920 0.011581660 0.009855790 0.008777830 0.009240760 0.008765710 0.008495160 0.008984600 0.008695830 0.007758980 0.027295360 
30     0.007214800 0.006906600 0.006945110 0.006360560 0.007054290 0.006835300 0.006887760 0.007307560 0.008630770 0.008037540 0.008371850 0.006485770 0.008097040 0.008709260 0.008008520 0.009588050 0.007174320 0.006734310 0.007471080 0.007548620 0.006523820 0.010531730 0.008742370 0.007880050 0.007814520 0.005416400 0.012781510 0.013622880 0.005358900 0.005946120 0.000000000 0.004194230 0.003487290 0.003069540 0.002370750 0.004825640 0.005458840 0.010654060 0.005751590 0.006376700 0.005937650 0.008040390 0.006314520 0.005236560 0.005699490 0.005224440 0.004953890 0.005443330 0.004780560 0.004217710 0.039033790 
37     0.006298000 0.005989800 0.006028310 0.001874200 0.006137490 0.002610850 0.001902500 0.006390760 0.007713970 0.007120740 0.007455050 0.005568970 0.007180240 0.007792460 0.007091720 0.008671250 0.002518530 0.002541960 0.002560660 0.002553000 0.005607020 0.009614930 0.007825570 0.006963250 0.006897720 0.003459770 0.011864710 0.012706080 0.007905690 0.007699060 0.004194230 0.000000000 0.002640040 0.002222290 0.002977200 0.001583310 0.004368580 0.001578120 0.004834790 0.005459900 0.005020850 0.007123590 0.005397720 0.004319760 0.004782690 0.004307640 0.004037090 0.004526530 0.004237760 0.001946640 0.047862230 
47     0.004941670 0.004633470 0.004671980 0.004087430 0.004781160 0.004562170 0.004614630 0.005034430 0.006357640 0.005764410 0.006098720 0.004212640 0.005823910 0.006436130 0.005735390 0.007314920 0.004901190 0.004461180 0.005197950 0.005275490 0.004250690 0.008258600 0.006469240 0.005606920 0.005541390 0.005036250 0.010508380 0.011349750 0.006360700 0.005134200 0.003487290 0.002640040 0.000000000 0.000001440 0.002147410 0.002597770 0.003012250 0.008207470 0.003478460 0.004103570 0.003664520 0.005767260 0.004041390 0.002963430 0.003426360 0.002951310 0.002680760 0.003170200 0.002881430 0.001944580 0.025358620 
31     0.004853400 0.004545200 0.004583710 0.003999160 0.004692890 0.004473900 0.004526360 0.004946160 0.006269370 0.005676140 0.006010450 0.004124370 0.005735640 0.006347860 0.005647120 0.007226650 0.004812920 0.004372910 0.005109680 0.005187220 0.004162420 0.008170330 0.006380970 0.005518650 0.005453120 0.004947980 0.010420110 0.011261480 0.005731870 0.005217720 0.003069540 0.002222290 0.000001440 0.000000000 0.001852510 0.002509500 0.002923980 0.008119200 0.003390190 0.004015300 0.003576250 0.005678990 0.003953120 0.002875160 0.003338090 0.002863040 0.002592490 0.003081930 0.002793160 0.001856310 0.024729790 
35     0.004812300 0.004504100 0.004542610 0.003958060 0.004651790 0.004432800 0.004485260 0.004905060 0.006228270 0.005635040 0.005969350 0.004083270 0.005694540 0.006306760 0.005606020 0.007185550 0.004771820 0.004331810 0.005068580 0.005146120 0.004121320 0.008129230 0.005881670 0.005019350 0.004953820 0.004448680 0.010379010 0.011220380 0.005980890 0.005447630 0.002370750 0.002977200 0.002147410 0.001852510 0.000000000 0.003454190 0.004537520 0.009732740 0.004445110 0.005070220 0.004631170 0.006733910 0.005008040 0.003930080 0.004393010 0.003917960 0.003647410 0.004136850 0.003848080 0.002911230 0.023644610 
46     0.005787240 0.005479040 0.005517550 0.001369210 0.005626730 0.002105860 0.001397510 0.005880000 0.007203210 0.006609980 0.006944290 0.005058210 0.006669480 0.007281700 0.006580960 0.008160490 0.002013540 0.002036970 0.002055670 0.002048010 0.005096260 0.009104170 0.007314810 0.006452490 0.006386960 0.002954780 0.011353950 0.012195320 0.007394930 0.005961460 0.004825640 0.001583310 0.002597770 0.002509500 0.003454190 0.000000000 0.002889640 0.000005190 0.004324030 0.004949140 0.004510090 0.006612830 0.004886960 0.003809000 0.004271930 0.003796880 0.003526330 0.004015770 0.003727000 0.002790150 0.039717400 
49     0.006201720 0.005893520 0.005932030 0.005347480 0.006041210 0.005822220 0.005874680 0.006294480 0.007617690 0.007024460 0.007358770 0.005472690 0.007083960 0.007696180 0.006995440 0.008574970 0.006161240 0.005721230 0.006458000 0.006535540 0.005510740 0.009518650 0.007729290 0.006866970 0.006801440 0.006296300 0.011768430 0.012609800 0.007809410 0.007451180 0.005458840 0.004368580 0.003012250 0.002923980 0.004537520 0.002889640 0.000000000 0.006391380 0.004738510 0.005363620 0.004924570 0.007027310 0.005301440 0.004223480 0.004686410 0.004211360 0.003940810 0.004430250 0.004141480 0.003204630 0.036380410 
29     0.011396940 0.011088740 0.011127250 0.001364020 0.008468090 0.002100670 0.001392320 0.011489700 0.012812910 0.012219680 0.012553990 0.010667910 0.012279180 0.012891400 0.012190660 0.013770190 0.002008350 0.002031780 0.002050480 0.002042820 0.010705960 0.014713870 0.012924510 0.012062190 0.011996660 0.002949590 0.016963650 0.017805020 0.013004630 0.014091590 0.010654060 0.001578120 0.008207470 0.008119200 0.009732740 0.000005190 0.006391380 0.000000000 0.009933730 0.010558840 0.010119790 0.012222530 0.010496660 0.009418700 0.009881630 0.009406580 0.009136030 0.009625470 0.009336700 0.008399850 0.058328310 
48     0.006109310 0.005801110 0.005839620 0.005255070 0.005948800 0.005729810 0.005782270 0.006202070 0.007525280 0.006932050 0.007266360 0.005380280 0.006991550 0.007603770 0.006903030 0.008482560 0.006068830 0.005628820 0.006365590 0.006443130 0.005418330 0.009426240 0.007636880 0.006774560 0.006709030 0.006203890 0.011676020 0.012517390 0.008205900 0.009292860 0.005751590 0.004834790 0.003478460 0.003390190 0.004445110 0.004324030 0.004738510 0.009933730 0.000000000 0.000319640 0.001660760 0.004475470 0.003367780 0.002474830 0.002937760 0.002462710 0.002192160 0.002681600 0.002726730 0.001915000 0.025858670 
41     0.006734420 0.006426220 0.006464730 0.005880180 0.006573910 0.006354920 0.006407380 0.006827180 0.008150390 0.007557160 0.007891470 0.006005390 0.007616660 0.008228880 0.007528140 0.009107670 0.006693940 0.006253930 0.006990700 0.007068240 0.006043440 0.010051350 0.008261990 0.007399670 0.007334140 0.006829000 0.012301130 0.013142500 0.008831010 0.009917970 0.006376700 0.005459900 0.004103570 0.004015300 0.005070220 0.004949140 0.005363620 0.010558840 0.000319640 0.000000000 0.000893990 0.004904190 0.003796500 0.003099940 0.003562870 0.003087820 0.002817270 0.003131470 0.003620280 0.002540110 0.043610300 
32     0.006295370 0.005987170 0.006025680 0.005441130 0.006134860 0.005915870 0.005968330 0.006388130 0.007711340 0.007118110 0.007452420 0.005566340 0.007177610 0.007789830 0.007089090 0.008668620 0.006254890 0.005814880 0.006551650 0.006629190 0.005604390 0.009612300 0.007822940 0.006960620 0.006895090 0.006389950 0.011862080 0.012703450 0.008391960 0.009478920 0.005937650 0.005020850 0.003664520 0.003576250 0.004631170 0.004510090 0.004924570 0.010119790 0.001660760 0.000893990 0.000000000 0.003083970 0.003738850 0.002660890 0.003123820 0.002648770 0.001941930 0.002867660 0.003683730 0.000231250 0.038125890 
45     0.008398110 0.008089910 0.008128420 0.007543870 0.008237600 0.008018610 0.008071070 0.008490870 0.009814080 0.009220850 0.009555160 0.007669080 0.009280350 0.009892570 0.009191830 0.010771360 0.008357630 0.007917620 0.008654390 0.008731930 0.007707130 0.011715040 0.009925680 0.009063360 0.008997830 0.008492690 0.013964820 0.014806190 0.010494700 0.011581660 0.008040390 0.007123590 0.005767260 0.005678990 0.006733910 0.006612830 0.007027310 0.012222530 0.004475470 0.004904190 0.003083970 0.000000000 0.004709680 0.004415800 0.005062740 0.004361040 0.003571830 0.004107660 0.004596470 0.004203800 0.046837830 
43     0.006672240 0.006364040 0.006402550 0.005818000 0.006511730 0.006292740 0.006345200 0.006765000 0.008088210 0.007494980 0.007829290 0.005943210 0.007554480 0.008166700 0.007465960 0.009045490 0.006631760 0.006191750 0.006928520 0.007006060 0.005981260 0.009989170 0.008199810 0.007337490 0.007271960 0.006766820 0.012238950 0.013080320 0.008768830 0.009855790 0.006314520 0.005397720 0.004041390 0.003953120 0.005008040 0.004886960 0.005301440 0.010496660 0.003367780 0.003796500 0.003738850 0.004709680 0.000000000 0.000032000 0.001137930 0.002286490 0.001759690 0.002687410 0.002815360 0.002477930 0.027061420 
39     0.005594280 0.005286080 0.005324590 0.004740040 0.005433770 0.005214780 0.005267240 0.005687040 0.007010250 0.006417020 0.006751330 0.004865250 0.006476520 0.007088740 0.006388000 0.007967530 0.005553800 0.005113790 0.005850560 0.005928100 0.004903300 0.008911210 0.007121850 0.006259530 0.006194000 0.005688860 0.011160990 0.012002360 0.007690870 0.008777830 0.005236560 0.004319760 0.002963430 0.002875160 0.003930080 0.003809000 0.004223480 0.009418700 0.002474830 0.003099940 0.002660890 0.004415800 0.000032000 0.000000000 0.000589340 0.001869480 0.001175080 0.002088370 0.002423380 0.001399970 0.030846250 
40     0.006057210 0.005749010 0.005787520 0.005202970 0.005896700 0.005677710 0.005730170 0.006149970 0.007473180 0.006879950 0.007214260 0.005328180 0.006939450 0.007551670 0.006850930 0.008430460 0.006016730 0.005576720 0.006313490 0.006391030 0.005366230 0.009374140 0.007584780 0.006722460 0.006656930 0.006151790 0.011623920 0.012465290 0.008153800 0.009240760 0.005699490 0.004782690 0.003426360 0.003338090 0.004393010 0.004271930 0.004686410 0.009881630 0.002937760 0.003562870 0.003123820 0.005062740 0.001137930 0.000589340 0.000000000 0.002332410 0.000984600 0.002551300 0.003445570 0.001862900 0.029000310 
44     0.005582160 0.005273960 0.005312470 0.004727920 0.005421650 0.005202660 0.005255120 0.005674920 0.006998130 0.006404900 0.006739210 0.004853130 0.006464400 0.007076620 0.006375880 0.007955410 0.005541680 0.005101670 0.005838440 0.005915980 0.004891180 0.008899090 0.007109730 0.006247410 0.006181880 0.005676740 0.011148870 0.011990240 0.007678750 0.008765710 0.005224440 0.004307640 0.002951310 0.002863040 0.003917960 0.003796880 0.004211360 0.009406580 0.002462710 0.003087820 0.002648770 0.004361040 0.002286490 0.001869480 0.002332410 0.000000000 0.001411090 0.001635840 0.002764570 0.001387850 0.027314730 
38     0.005311610 0.005003410 0.005041920 0.004457370 0.005151100 0.004932110 0.004984570 0.005404370 0.006727580 0.006134350 0.006468660 0.004582580 0.006193850 0.006806070 0.006105330 0.007684860 0.005271130 0.004831120 0.005567890 0.005645430 0.004620630 0.008628540 0.006839180 0.005976860 0.005911330 0.005406190 0.010878320 0.011719690 0.007408200 0.008495160 0.004953890 0.004037090 0.002680760 0.002592490 0.003647410 0.003526330 0.003940810 0.009136030 0.002192160 0.002817270 0.001941930 0.003571830 0.001759690 0.001175080 0.000984600 0.001411090 0.000000000 0.000000140 0.001393570 0.000874010 0.030540730 
34     0.005801050 0.005492850 0.005531360 0.004946810 0.005640540 0.005421550 0.005474010 0.005893810 0.007217020 0.006623790 0.006958100 0.005072020 0.006683290 0.007295510 0.006594770 0.008174300 0.005760570 0.005320560 0.006057330 0.006134870 0.005110070 0.009117980 0.007328620 0.006466300 0.006400770 0.005895630 0.011367760 0.012209130 0.007897640 0.008984600 0.005443330 0.004526530 0.003170200 0.003081930 0.004136850 0.004015770 0.004430250 0.009625470 0.002681600 0.003131470 0.002867660 0.004107660 0.002687410 0.002088370 0.002551300 0.001635840 0.000000140 0.000000000 0.002511190 0.001606740 0.030365420 
42     0.005512280 0.005204080 0.005242590 0.004658040 0.005351770 0.005132780 0.005185240 0.005605040 0.006928250 0.006335020 0.006669330 0.004783250 0.006394520 0.007006740 0.006306000 0.007885530 0.005471800 0.005031790 0.005768560 0.005846100 0.004821300 0.008829210 0.007039850 0.006177530 0.006112000 0.005606860 0.011078990 0.011920360 0.007608870 0.008695830 0.004780560 0.004237760 0.002881430 0.002793160 0.003848080 0.003727000 0.004141480 0.009336700 0.002726730 0.003620280 0.003683730 0.004596470 0.002815360 0.002423380 0.003445570 0.002764570 0.001393570 0.002511190 0.000000000 0.000700860 0.023305660 
33     0.004575430 0.004267230 0.004305740 0.003721190 0.004414920 0.004195930 0.004248390 0.004668190 0.005991400 0.005398170 0.005732480 0.003846400 0.005457670 0.006069890 0.005369150 0.006948680 0.004534950 0.003744480 0.004831710 0.004909250 0.003884450 0.007892360 0.006103000 0.005240680 0.005175150 0.004670010 0.010142140 0.010983510 0.006672020 0.007758980 0.004217710 0.001946640 0.001944580 0.001856310 0.002911230 0.002790150 0.003204630 0.008399850 0.001915000 0.002540110 0.000231250 0.004203800 0.002477930 0.001399970 0.001862900 0.001387850 0.000874010 0.001606740 0.000700860 0.000000000 0.022626720 
0     0.038471230 0.025382920 0.035982490 0.038534950 0.037499670 0.053028370 0.037523950 0.028558490 0.053969070 0.025612430 0.026899060 0.027099560 0.029782190 0.035298550 0.032108980 0.032459970 0.042930450 0.044462960 0.031857260 0.032991500 0.023816080 0.056724800 0.026696020 0.033359360 0.033032090 0.025054420 0.058974580 0.045007120 0.023667220 0.027295360 0.039033790 0.047862230 0.025358620 0.024729790 0.023644610 0.039717400 0.036380410 0.058328310 0.025858670 0.043610300 0.038125890 0.046837830 0.027061420 0.030846250 0.029000310 0.027314730 0.030540730 0.030365420 0.023305660 0.022626720 0.000000000 
