51
7     0.000000000 0.230469752 0.427203036 0.378059991 0.306021977 0.409474039 0.387600071 0.503455045 0.893478261 0.429233755 0.440857948 0.435627194 0.444652419 0.444348790 0.489252294 0.488118805 0.415388322 0.443943817 0.442902595 0.400695035 0.472963352 0.473533255 0.472985511 0.539895642 0.416144936 0.430765031 0.432834299 0.441945635 0.530490443 0.396246442 0.499352456 0.460290078 0.432893011 0.444916366 0.458587985 0.441009438 0.398091689 0.573629705 0.417193673 0.414598528 0.409183095 0.518954884 0.522585967 0.559685901 0.476773936 0.560770882 0.508139100 0.502810017 0.495740364 0.448490557 1.016332555 
15     0.230469752 0.000000000 0.371587957 0.323769801 0.250701583 0.351534697 0.330543387 0.451013141 0.840115429 0.371513281 0.385303399 0.376881821 0.386797229 0.385445121 0.431136972 0.429037350 0.358240347 0.386324162 0.381386635 0.339912325 0.413715385 0.412632180 0.412385349 0.480181500 0.355731699 0.370299247 0.371893701 0.380997917 0.471365560 0.343076615 0.441968048 0.403133719 0.376470576 0.387472397 0.400929345 0.383357602 0.341396569 0.512589376 0.357375368 0.354761704 0.349896846 0.459441948 0.464802360 0.499610315 0.419549888 0.500943919 0.447823360 0.441445416 0.434071925 0.389132711 0.977042675 
2     0.427203036 0.371587957 0.000000000 0.255908144 0.260746365 0.446883491 0.426156940 0.548441980 0.939232158 0.468495388 0.480849996 0.477356194 0.485318288 0.485391436 0.528556253 0.527177750 0.457504108 0.486212986 0.479892564 0.440259074 0.510309234 0.514778365 0.513753072 0.582690563 0.453038123 0.467558526 0.470612472 0.479150810 0.568073474 0.438244634 0.539683240 0.501578623 0.472810679 0.486327832 0.499648862 0.482076542 0.440398523 0.606695040 0.451778082 0.449355191 0.441385191 0.549571647 0.553108009 0.591507766 0.511289273 0.592702319 0.542893889 0.535426129 0.527385389 0.484022991 1.064838567 
18     0.378059991 0.323769801 0.255908144 0.000000000 0.212924904 0.398702715 0.379308899 0.500357051 0.892509660 0.421710507 0.433857885 0.430500199 0.438558007 0.438476354 0.482497472 0.480165842 0.409226318 0.437764110 0.435125494 0.395293070 0.465656451 0.469329970 0.468579080 0.534374583 0.407901326 0.422422304 0.425675919 0.433740976 0.521941146 0.392013428 0.491415223 0.454355687 0.425977378 0.439341620 0.452754237 0.434934344 0.392884990 0.561411710 0.405548939 0.402990197 0.396657086 0.503546450 0.507080581 0.545728120 0.464232210 0.546612294 0.495443537 0.488493640 0.480190238 0.440248629 1.029081439 
13     0.306021977 0.250701583 0.260746365 0.212924904 0.000000000 0.325572173 0.305256869 0.427605061 0.807038898 0.347199889 0.359300689 0.353933508 0.363039852 0.362184693 0.405324913 0.404370822 0.331523421 0.359219969 0.358999202 0.318261131 0.389772555 0.390034402 0.389232871 0.456191617 0.332700232 0.347187119 0.350221663 0.358999698 0.445874822 0.315142950 0.415391596 0.376588971 0.347575334 0.361671350 0.375101213 0.357666673 0.316131640 0.490704922 0.336787124 0.334241873 0.326527280 0.426425512 0.430800582 0.472681214 0.392784407 0.473958686 0.424010679 0.417138515 0.406733780 0.368335496 0.944835844 
16     0.409474039 0.351534697 0.446883491 0.398702715 0.325572173 0.000000000 0.191533686 0.378724687 0.888643034 0.426832748 0.435795693 0.429394854 0.438938044 0.436932079 0.480926735 0.478400451 0.401521881 0.428625380 0.436795438 0.394621821 0.469806985 0.463140430 0.461977839 0.531477559 0.409720312 0.423543341 0.424778780 0.434131982 0.523730988 0.394163188 0.493454495 0.454116936 0.425018694 0.441025106 0.454393920 0.435943679 0.392439555 0.564959073 0.411860917 0.409051928 0.402345594 0.510792341 0.515960127 0.551069343 0.470795506 0.553923030 0.501139450 0.493093069 0.483815670 0.445101254 1.030649781 
34     0.387600071 0.330543387 0.426156940 0.379308899 0.305256869 0.191533686 0.000000000 0.352964836 0.865759272 0.399904824 0.408158515 0.404500511 0.413359632 0.412179105 0.454459156 0.452358598 0.386595959 0.413541028 0.413387988 0.370511435 0.444496438 0.442470454 0.441270353 0.510676248 0.386981082 0.399616008 0.401266117 0.410231985 0.497847667 0.368700189 0.471934004 0.432285218 0.400101422 0.417252631 0.429962210 0.411740788 0.368888730 0.541515912 0.387715315 0.384902971 0.376774115 0.485419254 0.491589589 0.525872389 0.444074744 0.527691996 0.474106443 0.465630073 0.458308261 0.419878652 1.004684433 
25     0.503455045 0.451013141 0.548441980 0.500357051 0.427605061 0.378724687 0.352964836 0.000000000 0.986478923 0.524781569 0.533681458 0.528994685 0.537871231 0.536687017 0.579995071 0.578150620 0.509270765 0.535898359 0.536124735 0.491404550 0.566272629 0.565135993 0.565163543 0.632444258 0.511538814 0.523674534 0.525338810 0.528070179 0.622724760 0.487759307 0.591030356 0.553393468 0.523599713 0.539365409 0.553386712 0.534638850 0.493571749 0.668419511 0.514298665 0.511487613 0.503997651 0.613196130 0.618770737 0.652465022 0.573407241 0.656975230 0.603496947 0.595756778 0.587692136 0.547056996 1.126543449 
1     0.893478261 0.840115429 0.939232158 0.892509660 0.807038898 0.888643034 0.865759272 0.986478923 0.000000000 0.824355565 0.837099900 0.832539960 0.841213349 0.840290015 0.882763657 0.879706681 0.795954100 0.834802215 0.847896226 0.799277559 0.873930692 0.875342787 0.875345779 0.944725619 0.819987529 0.834190518 0.838958581 0.847315659 0.941180319 0.799573285 0.896922101 0.859922308 0.832532655 0.845596648 0.858832665 0.841009240 0.802650501 1.012963607 0.860050795 0.857343560 0.850145803 0.953104329 0.958334699 0.999211019 0.917450024 1.000282470 0.952237341 0.944485670 0.930096614 0.879622397 1.492512764 
11     0.429233755 0.371513281 0.468495388 0.421710507 0.347199889 0.426832748 0.399904824 0.524781569 0.824355565 0.000000000 0.073592627 0.137852110 0.150052991 0.147172119 0.189043294 0.186372653 0.322776614 0.352164768 0.372375892 0.328909459 0.402923446 0.407263750 0.407102749 0.474251371 0.350480991 0.364307472 0.368847290 0.377136034 0.463715564 0.333706899 0.433415848 0.395504198 0.368811514 0.378117062 0.390938412 0.373720071 0.334590611 0.533699064 0.382325006 0.379599483 0.372474992 0.487400970 0.492692723 0.529979681 0.448402568 0.530500383 0.479471234 0.471312133 0.463776981 0.408964914 1.027072418 
26     0.440857948 0.385303399 0.480849996 0.433857885 0.359300689 0.435795693 0.408158515 0.533681458 0.837099900 0.073592627 0.000000000 0.150001947 0.161643079 0.159212420 0.201085340 0.197951836 0.333559303 0.362716879 0.385993796 0.341274065 0.415515296 0.416874692 0.416713691 0.483859209 0.363611030 0.377251974 0.380836489 0.389001464 0.476125291 0.345887056 0.443722747 0.406240316 0.378901385 0.388299957 0.401538530 0.384142990 0.345124062 0.549932638 0.395737635 0.393012111 0.385857774 0.499756439 0.503377694 0.542889435 0.459883896 0.542125188 0.494225506 0.484590621 0.475481661 0.419907288 1.037564624 
22     0.435627194 0.376881821 0.477356194 0.430500199 0.353933508 0.429394854 0.404500511 0.528994685 0.832539960 0.137852110 0.150001947 0.000000000 0.083149988 0.078354176 0.192608352 0.190123921 0.330307601 0.359769241 0.380698121 0.336810193 0.409749752 0.409927800 0.410034876 0.477004261 0.356971781 0.370815959 0.375551030 0.384288744 0.470233788 0.340733731 0.436536823 0.399452004 0.372061119 0.382233596 0.395524523 0.377374724 0.338507770 0.544389337 0.390139073 0.387410863 0.380316839 0.492507686 0.497431133 0.535106146 0.453986115 0.535172624 0.486927219 0.478268490 0.468886373 0.414320617 1.019658143 
4     0.444652419 0.386797229 0.485318288 0.438558007 0.363039852 0.438938044 0.413359632 0.537871231 0.841213349 0.150052991 0.161643079 0.083149988 0.000000000 0.079600803 0.202365708 0.200178547 0.339327538 0.368846638 0.388254315 0.343574216 0.416568082 0.419104883 0.418900858 0.483471873 0.363847196 0.378046135 0.382453913 0.391097297 0.477300454 0.348005948 0.447084942 0.410664854 0.380834954 0.390219021 0.403626648 0.385589538 0.348302535 0.553335683 0.396373560 0.393998078 0.389982334 0.503241122 0.507866921 0.545141302 0.464606951 0.545523076 0.498230507 0.488713267 0.479436039 0.424479106 1.035255133 
6     0.444348790 0.385445121 0.485391436 0.438476354 0.362184693 0.436932079 0.412179105 0.536687017 0.840290015 0.147172119 0.159212420 0.078354176 0.079600803 0.000000000 0.199508247 0.196821608 0.338540726 0.367238518 0.389366546 0.344415743 0.418401673 0.417578742 0.417669911 0.484321122 0.364754176 0.378906235 0.382841840 0.391543812 0.478574804 0.348643434 0.444954090 0.409232044 0.380403092 0.389721414 0.403012712 0.384898194 0.346724119 0.553441187 0.398685569 0.395981078 0.388892414 0.501293543 0.506843541 0.543385706 0.462492007 0.543404615 0.496270956 0.486669409 0.477983606 0.423505009 1.037452357 
37     0.489252294 0.431136972 0.528556253 0.482497472 0.405324913 0.480926735 0.454459156 0.579995071 0.882763657 0.189043294 0.201085340 0.192608352 0.202365708 0.199508247 0.000000000 0.113169625 0.381098684 0.409973130 0.433607075 0.389150584 0.461834653 0.463033623 0.462901184 0.529347984 0.409641877 0.424083324 0.428428173 0.436960949 0.523791484 0.392928163 0.491174007 0.454569084 0.426741421 0.437390359 0.450671174 0.432940197 0.390395419 0.599796461 0.445043979 0.442304534 0.435592559 0.545469859 0.550576798 0.588137445 0.507001779 0.589032774 0.541732399 0.532412347 0.523302849 0.467376712 1.079576488 
3     0.488118805 0.429037350 0.527177750 0.480165842 0.404370822 0.478400451 0.452358598 0.578150620 0.879706681 0.186372653 0.197951836 0.190123921 0.200178547 0.196821608 0.113169625 0.000000000 0.378625441 0.407649917 0.429827213 0.384390995 0.458049319 0.461347524 0.461215085 0.527946120 0.404961982 0.419392889 0.424485996 0.433020561 0.520998484 0.389444974 0.488442566 0.451332060 0.424170174 0.434711613 0.447981584 0.430250607 0.387914037 0.596592222 0.442068075 0.439328630 0.432587329 0.541798650 0.547137978 0.585080486 0.504275787 0.585319947 0.538665583 0.529380054 0.520410180 0.465025195 1.073977902 
31     0.415388322 0.358240347 0.457504108 0.409226318 0.331523421 0.401521881 0.386595959 0.509270765 0.795954100 0.322776614 0.333559303 0.330307601 0.339327538 0.338540726 0.381098684 0.378625441 0.000000000 0.147422037 0.359464961 0.314846838 0.389303535 0.385305691 0.384376199 0.453895595 0.334332633 0.347591182 0.350625286 0.358859086 0.448020802 0.315577104 0.411427067 0.375129775 0.346249326 0.356569454 0.368998412 0.352035844 0.313065286 0.526263472 0.369384401 0.366659117 0.361526083 0.472134627 0.475721992 0.513041626 0.431516685 0.514273882 0.464988074 0.456835899 0.447006865 0.393209662 1.002122198 
14     0.443943817 0.386324162 0.486212986 0.437764110 0.359219969 0.428625380 0.413541028 0.535898359 0.834802215 0.352164768 0.362716879 0.359769241 0.368846638 0.367238518 0.409973130 0.407649917 0.147422037 0.000000000 0.390172692 0.344964709 0.418795604 0.415366276 0.414526873 0.484513599 0.363999283 0.377206626 0.380407389 0.388190304 0.477884495 0.344580890 0.440423899 0.403871169 0.373431033 0.384911784 0.397172804 0.380381026 0.341045282 0.554785528 0.396840810 0.394084412 0.388759675 0.499814706 0.503271016 0.540860183 0.458963928 0.540622778 0.492809219 0.484739879 0.474810614 0.420446889 1.030020557 
28     0.442902595 0.381386635 0.479892564 0.435125494 0.358999202 0.436795438 0.413387988 0.536124735 0.847896226 0.372375892 0.385993796 0.380698121 0.388254315 0.389366546 0.433607075 0.429827213 0.359464961 0.390172692 0.000000000 0.132510995 0.218282932 0.320886723 0.320039256 0.386166991 0.279957656 0.292153247 0.295461634 0.303835398 0.391555935 0.262162255 0.404322593 0.368394784 0.337200968 0.351257881 0.364492764 0.346347377 0.308015537 0.549776567 0.390364909 0.387493732 0.383545876 0.492612250 0.497895322 0.534254941 0.450177553 0.536312037 0.487254882 0.479871824 0.468883583 0.423232148 1.022130386 
27     0.400695035 0.339912325 0.440259074 0.395293070 0.318261131 0.394621821 0.370511435 0.491404550 0.799277559 0.328909459 0.341274065 0.336810193 0.343574216 0.344415743 0.389150584 0.384390995 0.314846838 0.344964709 0.132510995 0.000000000 0.172073270 0.275759549 0.274892270 0.341027102 0.235097727 0.247282669 0.251502638 0.259551739 0.346183464 0.218296092 0.358572983 0.323068802 0.292594097 0.305596060 0.319333539 0.300803818 0.262389983 0.512271061 0.349548298 0.346673951 0.342709880 0.455791308 0.461426728 0.497595683 0.412308934 0.497328953 0.449437014 0.441464705 0.431409603 0.379954598 0.981105637 
30     0.472963352 0.413715385 0.510309234 0.465656451 0.389772555 0.469806985 0.444496438 0.566272629 0.873930692 0.402923446 0.415515296 0.409749752 0.416568082 0.418401673 0.461834653 0.458049319 0.389303535 0.418795604 0.218282932 0.172073270 0.000000000 0.354777190 0.353780291 0.416817263 0.314009664 0.326558228 0.330929620 0.338930134 0.427317614 0.295577426 0.432585311 0.396433311 0.366699151 0.379340369 0.392903257 0.374695193 0.337534044 0.582258853 0.421640786 0.418791216 0.414785424 0.529389388 0.534966936 0.569150596 0.484219679 0.571579641 0.522918643 0.514987496 0.505120932 0.453642034 1.053996463 
10     0.473533255 0.412632180 0.514778365 0.469329970 0.390034402 0.463140430 0.442470454 0.565135993 0.875342787 0.407263750 0.416874692 0.409927800 0.419104883 0.417578742 0.463033623 0.461347524 0.385305691 0.415366276 0.320886723 0.275759549 0.354777190 0.000000000 0.068739831 0.349273610 0.315119802 0.328758351 0.331111359 0.340222308 0.425690369 0.298951945 0.438390604 0.401168784 0.372757338 0.384448648 0.398128649 0.379833759 0.343326089 0.582798520 0.426398449 0.423494576 0.418247492 0.525899326 0.531305747 0.568426419 0.485682627 0.568767871 0.520727995 0.513691084 0.503820118 0.456856646 1.046362583 
32     0.472985511 0.412385349 0.513753072 0.468579080 0.389232871 0.461977839 0.441270353 0.565163543 0.875345779 0.407102749 0.416713691 0.410034876 0.418900858 0.417669911 0.462901184 0.461215085 0.384376199 0.414526873 0.320039256 0.274892270 0.353780291 0.068739831 0.000000000 0.348204127 0.313044391 0.326556299 0.328779228 0.337885516 0.423345960 0.296390842 0.436245605 0.399844365 0.371077007 0.382688645 0.396368646 0.378073756 0.341814680 0.581801870 0.425270636 0.422383182 0.417157543 0.524227607 0.529632690 0.567170364 0.483970031 0.567009415 0.519496731 0.511912354 0.502163443 0.455765676 1.046673127 
9     0.539895642 0.480181500 0.582690563 0.534374583 0.456191617 0.531477559 0.510676248 0.632444258 0.944725619 0.474251371 0.483859209 0.477004261 0.483471873 0.484321122 0.529347984 0.527946120 0.453895595 0.484513599 0.386166991 0.341027102 0.416817263 0.349273610 0.348204127 0.000000000 0.377088120 0.389603390 0.393774648 0.401987509 0.487077531 0.360821563 0.497238783 0.462984488 0.432609631 0.445272060 0.458492444 0.439773944 0.406056430 0.650873214 0.484931526 0.482183710 0.479384049 0.591714607 0.597107879 0.635205520 0.552569129 0.632448263 0.587565534 0.578987866 0.569597546 0.521861534 1.121830073 
21     0.416144936 0.355731699 0.453038123 0.407901326 0.332700232 0.409720312 0.386981082 0.511538814 0.819987529 0.350480991 0.363611030 0.356971781 0.363847196 0.364754176 0.409641877 0.404961982 0.334332633 0.363999283 0.279957656 0.235097727 0.314009664 0.315119802 0.313044391 0.377088120 0.000000000 0.065874448 0.125450002 0.133068914 0.277159465 0.168846659 0.382004963 0.346172880 0.314879591 0.326772566 0.340501115 0.322024123 0.286417780 0.528415360 0.368380246 0.365654723 0.361806250 0.470210502 0.475961480 0.511842002 0.428540051 0.512719933 0.464175933 0.455747079 0.446245229 0.401853591 0.993167727 
17     0.430765031 0.370299247 0.467558526 0.422422304 0.347187119 0.423543341 0.399616008 0.523674534 0.834190518 0.364307472 0.377251974 0.370815959 0.378046135 0.378906235 0.424083324 0.419392889 0.347591182 0.377206626 0.292153247 0.247282669 0.326558228 0.328758351 0.326556299 0.389603390 0.065874448 0.000000000 0.139373840 0.146060050 0.292273232 0.182057215 0.394386871 0.357470934 0.327099508 0.339243468 0.352988177 0.334503928 0.299004106 0.541269602 0.381645475 0.378919952 0.375169402 0.483177577 0.488928555 0.524799401 0.441748204 0.525877307 0.476652219 0.468105290 0.458975224 0.414119746 1.007214705 
8     0.432834299 0.371893701 0.470612472 0.425675919 0.350221663 0.424778780 0.401266117 0.525338810 0.838958581 0.368847290 0.380836489 0.375551030 0.382453913 0.382841840 0.428428173 0.424485996 0.350625286 0.380407389 0.295461634 0.251502638 0.330929620 0.331111359 0.328779228 0.393774648 0.125450002 0.139373840 0.000000000 0.073654875 0.289317535 0.185070452 0.396894876 0.362059669 0.331098754 0.342478117 0.356231589 0.338115851 0.301337119 0.544951388 0.384394971 0.381669448 0.378174354 0.486152419 0.491355056 0.527550555 0.443840174 0.530674968 0.479393461 0.471122184 0.462094127 0.421499024 1.008849401 
24     0.441945635 0.380997917 0.479150810 0.433740976 0.358999698 0.434131982 0.410231985 0.528070179 0.847315659 0.377136034 0.389001464 0.384288744 0.391097297 0.391543812 0.436960949 0.433020561 0.358859086 0.388190304 0.303835398 0.259551739 0.338930134 0.340222308 0.337885516 0.401987509 0.133068914 0.146060050 0.073654875 0.000000000 0.297675467 0.193727873 0.404075071 0.369403234 0.338174341 0.349865358 0.363432311 0.344937227 0.307937085 0.552376603 0.392139104 0.389413580 0.386467468 0.494936003 0.500131155 0.536388700 0.452571624 0.539520730 0.488948933 0.480676006 0.470741897 0.430422433 1.016273948 
19     0.530490443 0.471365560 0.568073474 0.521941146 0.445874822 0.523730988 0.497847667 0.622724760 0.941180319 0.463715564 0.476125291 0.470233788 0.477300454 0.478574804 0.523791484 0.520998484 0.448020802 0.477884495 0.391555935 0.346183464 0.427317614 0.425690369 0.423345960 0.487077531 0.277159465 0.292273232 0.289317535 0.297675467 0.000000000 0.281557494 0.484793510 0.453554035 0.422111900 0.433334939 0.446902269 0.428538996 0.392227871 0.636411083 0.476459626 0.473732237 0.470993243 0.580837810 0.585468291 0.617434499 0.533648822 0.620432593 0.569738589 0.560975774 0.551375880 0.510139786 1.109462651 
5     0.396246442 0.343076615 0.438244634 0.392013428 0.315142950 0.394163188 0.368700189 0.487759307 0.799573285 0.333706899 0.345887056 0.340733731 0.348005948 0.348643434 0.392928163 0.389444974 0.315577104 0.344580890 0.262162255 0.218296092 0.295577426 0.298951945 0.296390842 0.360821563 0.168846659 0.182057215 0.185070452 0.193727873 0.281557494 0.000000000 0.362128053 0.327463810 0.296042536 0.307774616 0.321305518 0.302979548 0.261615876 0.509311525 0.349915958 0.347197487 0.343611561 0.452640048 0.457805988 0.494334547 0.410930691 0.495527744 0.446443962 0.438448366 0.428108970 0.383503964 0.973802283 
35     0.499352456 0.441968048 0.539683240 0.491415223 0.415391596 0.493454495 0.471934004 0.591030356 0.896922101 0.433415848 0.443722747 0.436536823 0.447084942 0.444954090 0.491174007 0.488442566 0.411427067 0.440423899 0.404322593 0.358572983 0.432585311 0.438390604 0.436245605 0.497238783 0.382004963 0.394386871 0.396894876 0.404075071 0.484793510 0.362128053 0.000000000 0.225494674 0.233057184 0.246920888 0.261000787 0.242337135 0.246344673 0.609136319 0.446602280 0.443862038 0.437434128 0.554513217 0.559225937 0.596794003 0.515057688 0.596437250 0.546993315 0.539214690 0.529031204 0.473740862 1.071901566 
23     0.460290078 0.403133719 0.501578623 0.454355687 0.376588971 0.454116936 0.432285218 0.553393468 0.859922308 0.395504198 0.406240316 0.399452004 0.410664854 0.409232044 0.454569084 0.451332060 0.375129775 0.403871169 0.368394784 0.323068802 0.396433311 0.401168784 0.399844365 0.462984488 0.346172880 0.357470934 0.362059669 0.369403234 0.453554035 0.327463810 0.225494674 0.000000000 0.192633231 0.205856257 0.220225372 0.200772532 0.209340001 0.573028266 0.409471166 0.406703015 0.400380539 0.514962993 0.518618197 0.555771982 0.474349607 0.555005435 0.509008427 0.502013236 0.490445348 0.440154162 1.038564771 
12     0.432893011 0.376470576 0.472810679 0.425977378 0.347575334 0.425018694 0.400101422 0.523599713 0.832532655 0.368811514 0.378901385 0.372061119 0.380834954 0.380403092 0.426741421 0.424170174 0.346249326 0.373431033 0.337200968 0.292594097 0.366699151 0.372757338 0.371077007 0.432609631 0.314879591 0.327099508 0.331098754 0.338174341 0.422111900 0.296042536 0.233057184 0.192633231 0.000000000 0.138491649 0.152608539 0.133436583 0.178648924 0.546553866 0.380199663 0.377497272 0.371702189 0.483547554 0.488179596 0.526002162 0.443163824 0.525268589 0.478546480 0.470468152 0.460280550 0.408628643 1.007230518 
36     0.444916366 0.387472397 0.486327832 0.439341620 0.361671350 0.441025106 0.417252631 0.539365409 0.845596648 0.378117062 0.388299957 0.382233596 0.390219021 0.389721414 0.437390359 0.434711613 0.356569454 0.384911784 0.351257881 0.305596060 0.379340369 0.384448648 0.382688645 0.445272060 0.326772566 0.339243468 0.342478117 0.349865358 0.433334939 0.307774616 0.246920888 0.205856257 0.138491649 0.000000000 0.061751849 0.043747829 0.189272261 0.556312487 0.390458766 0.387733243 0.381610731 0.499190198 0.503754341 0.540889635 0.459222713 0.541180012 0.494908464 0.486976774 0.477124705 0.419201262 1.022143381 
33     0.458587985 0.400929345 0.499648862 0.452754237 0.375101213 0.454393920 0.429962210 0.553386712 0.858832665 0.390938412 0.401538530 0.395524523 0.403626648 0.403012712 0.450671174 0.447981584 0.368998412 0.397172804 0.364492764 0.319333539 0.392903257 0.398128649 0.396368646 0.458492444 0.340501115 0.352988177 0.356231589 0.363432311 0.446902269 0.321305518 0.261000787 0.220225372 0.152608539 0.061751849 0.000000000 0.060072704 0.202606471 0.570843435 0.404522648 0.401797125 0.395967783 0.513709886 0.518227380 0.555346884 0.473344000 0.555221088 0.509002317 0.501067058 0.490855272 0.433215009 1.035984524 
29     0.441009438 0.383357602 0.482076542 0.434934344 0.357666673 0.435943679 0.411740788 0.534638850 0.841009240 0.373720071 0.384142990 0.377374724 0.385589538 0.384898194 0.432940197 0.430250607 0.352035844 0.380381026 0.346347377 0.300803818 0.374695193 0.379833759 0.378073756 0.439773944 0.322024123 0.334503928 0.338115851 0.344937227 0.428538996 0.302979548 0.242337135 0.200772532 0.133436583 0.043747829 0.060072704 0.000000000 0.183645645 0.551603246 0.385455112 0.382729589 0.376979292 0.494459290 0.499266295 0.536501334 0.454541382 0.536498182 0.489912671 0.482202337 0.471806596 0.414701255 1.014889488 
20     0.398091689 0.341396569 0.440398523 0.392884990 0.316131640 0.392439555 0.368888730 0.493571749 0.802650501 0.334590611 0.345124062 0.338507770 0.348302535 0.346724119 0.390395419 0.387914037 0.313065286 0.341045282 0.308015537 0.262389983 0.337534044 0.343326089 0.341814680 0.406056430 0.286417780 0.299004106 0.301337119 0.307937085 0.392227871 0.261615876 0.246344673 0.209340001 0.178648924 0.189272261 0.202606471 0.183645645 0.000000000 0.513281423 0.346392358 0.343654446 0.338152309 0.454808937 0.459643478 0.496613208 0.413865996 0.497878656 0.448525275 0.441853125 0.432041669 0.377148542 0.976391736 
50     0.573629705 0.512589376 0.606695040 0.561411710 0.490704922 0.564959073 0.541515912 0.668419511 1.012963607 0.533699064 0.549932638 0.544389337 0.553335683 0.553441187 0.599796461 0.596592222 0.526263472 0.554785528 0.549776567 0.512271061 0.582258853 0.582798520 0.581801870 0.650873214 0.528415360 0.541269602 0.544951388 0.552376603 0.636411083 0.509311525 0.609136319 0.573028266 0.546553866 0.556312487 0.570843435 0.551603246 0.513281423 0.000000000 0.368616049 0.366066232 0.364345764 0.511649581 0.515958959 0.546003547 0.465911171 0.547390224 0.495239868 0.484140221 0.481492156 0.484219879 1.112525044 
41     0.417193673 0.357375368 0.451778082 0.405548939 0.336787124 0.411860917 0.387715315 0.514298665 0.860050795 0.382325006 0.395737635 0.390139073 0.396373560 0.398685569 0.445043979 0.442068075 0.369384401 0.396840810 0.390364909 0.349548298 0.421640786 0.426398449 0.425270636 0.484931526 0.368380246 0.381645475 0.384394971 0.392139104 0.476459626 0.349915958 0.446602280 0.409471166 0.380199663 0.390458766 0.404522648 0.385455112 0.346392358 0.368616049 0.000000000 0.034580829 0.098363235 0.355084291 0.360657048 0.392434467 0.308744844 0.388750146 0.345678870 0.334839932 0.328112440 0.327253080 0.955476063 
43     0.414598528 0.354761704 0.449355191 0.402990197 0.334241873 0.409051928 0.384902971 0.511487613 0.857343560 0.379599483 0.393012111 0.387410863 0.393998078 0.395981078 0.442304534 0.439328630 0.366659117 0.394084412 0.387493732 0.346673951 0.418791216 0.423494576 0.422383182 0.482183710 0.365654723 0.378919952 0.381669448 0.389413580 0.473732237 0.347197487 0.443862038 0.406703015 0.377497272 0.387733243 0.401797125 0.382729589 0.343654446 0.366066232 0.034580829 0.000000000 0.095628294 0.351791625 0.357364382 0.389141801 0.305333234 0.385394479 0.342497853 0.331636047 0.324757063 0.324597017 0.952643075 
49     0.409183095 0.349896846 0.441385191 0.396657086 0.326527280 0.402345594 0.376774115 0.503997651 0.850145803 0.372474992 0.385857774 0.380316839 0.389982334 0.388892414 0.435592559 0.432587329 0.361526083 0.388759675 0.383545876 0.342709880 0.414785424 0.418247492 0.417157543 0.479384049 0.361806250 0.375169402 0.378174354 0.386467468 0.470993243 0.343611561 0.437434128 0.400380539 0.371702189 0.381610731 0.395967783 0.376979292 0.338152309 0.364345764 0.098363235 0.095628294 0.000000000 0.347329148 0.352830183 0.384360377 0.295069616 0.379235702 0.337153841 0.326944917 0.320524190 0.317099416 0.947410603 
38     0.518954884 0.459441948 0.549571647 0.503546450 0.426425512 0.510792341 0.485419254 0.613196130 0.953104329 0.487400970 0.499756439 0.492507686 0.503241122 0.501293543 0.545469859 0.541798650 0.472134627 0.499814706 0.492612250 0.455791308 0.529389388 0.525899326 0.524227607 0.591714607 0.470210502 0.483177577 0.486152419 0.494936003 0.580837810 0.452640048 0.554513217 0.514962993 0.483547554 0.499190198 0.513709886 0.494459290 0.454808937 0.511649581 0.355084291 0.351791625 0.347329148 0.000000000 0.057491948 0.182045122 0.228153023 0.304314694 0.254658847 0.242375181 0.236308236 0.434471638 1.066624959 
40     0.522585967 0.464802360 0.553108009 0.507080581 0.430800582 0.515960127 0.491589589 0.618770737 0.958334699 0.492692723 0.503377694 0.497431133 0.507866921 0.506843541 0.550576798 0.547137978 0.475721992 0.503271016 0.497895322 0.461426728 0.534966936 0.531305747 0.529632690 0.597107879 0.475961480 0.488928555 0.491355056 0.500131155 0.585468291 0.457805988 0.559225937 0.518618197 0.488179596 0.503754341 0.518227380 0.499266295 0.459643478 0.515958959 0.360657048 0.357364382 0.352830183 0.057491948 0.000000000 0.186381583 0.234099986 0.310799881 0.260567023 0.248308199 0.242033054 0.440475309 1.069153736 
39     0.559685901 0.499610315 0.591507766 0.545728120 0.472681214 0.551069343 0.525872389 0.652465022 0.999211019 0.529979681 0.542889435 0.535106146 0.545141302 0.543385706 0.588137445 0.585080486 0.513041626 0.540860183 0.534254941 0.497595683 0.569150596 0.568426419 0.567170364 0.635205520 0.511842002 0.524799401 0.527550555 0.536388700 0.617434499 0.494334547 0.596794003 0.555771982 0.526002162 0.540889635 0.555346884 0.536501334 0.496613208 0.546003547 0.392434467 0.389141801 0.384360377 0.182045122 0.186381583 0.000000000 0.261847003 0.340811307 0.288911732 0.277531200 0.269426632 0.467429878 1.106070521 
47     0.476773936 0.419549888 0.511289273 0.464232210 0.392784407 0.470795506 0.444074744 0.573407241 0.917450024 0.448402568 0.459883896 0.453986115 0.464606951 0.462492007 0.507001779 0.504275787 0.431516685 0.458963928 0.450177553 0.412308934 0.484219679 0.485682627 0.483970031 0.552569129 0.428540051 0.441748204 0.443840174 0.452571624 0.533648822 0.410930691 0.515057688 0.474349607 0.443163824 0.459222713 0.473344000 0.454541382 0.413865996 0.465911171 0.308744844 0.305333234 0.295069616 0.228153023 0.234099986 0.261847003 0.000000000 0.177964016 0.215420238 0.202316227 0.197422155 0.389450548 1.019997773 
45     0.560770882 0.500943919 0.592702319 0.546612294 0.473958686 0.553923030 0.527691996 0.656975230 1.000282470 0.530500383 0.542125188 0.535172624 0.545523076 0.543404615 0.589032774 0.585319947 0.514273882 0.540622778 0.536312037 0.497328953 0.571579641 0.568767871 0.567009415 0.632448263 0.512719933 0.525877307 0.530674968 0.539520730 0.620432593 0.495527744 0.596437250 0.555005435 0.525268589 0.541180012 0.555221088 0.536498182 0.497878656 0.547390224 0.388750146 0.385394479 0.379235702 0.304314694 0.310799881 0.340811307 0.177964016 0.000000000 0.294974372 0.279835003 0.275491103 0.473775031 1.098379165 
44     0.508139100 0.447823360 0.542893889 0.495443537 0.424010679 0.501139450 0.474106443 0.603496947 0.952237341 0.479471234 0.494225506 0.486927219 0.498230507 0.496270956 0.541732399 0.538665583 0.464988074 0.492809219 0.487254882 0.449437014 0.522918643 0.520727995 0.519496731 0.587565534 0.464175933 0.476652219 0.479393461 0.488948933 0.569738589 0.446443962 0.546993315 0.509008427 0.478546480 0.494908464 0.509002317 0.489912671 0.448525275 0.495239868 0.345678870 0.342497853 0.337153841 0.254658847 0.260567023 0.288911732 0.215420238 0.294974372 0.000000000 0.091122015 0.121793332 0.423338844 1.049113282 
42     0.502810017 0.441445416 0.535426129 0.488493640 0.417138515 0.493093069 0.465630073 0.595756778 0.944485670 0.471312133 0.484590621 0.478268490 0.488713267 0.486669409 0.532412347 0.529380054 0.456835899 0.484739879 0.479871824 0.441464705 0.514987496 0.513691084 0.511912354 0.578987866 0.455747079 0.468105290 0.471122184 0.480676006 0.560975774 0.438448366 0.539214690 0.502013236 0.470468152 0.486976774 0.501067058 0.482202337 0.441853125 0.484140221 0.334839932 0.331636047 0.326944917 0.242375181 0.248308199 0.277531200 0.202316227 0.279835003 0.091122015 0.000000000 0.109073380 0.413136205 1.041264987 
48     0.495740364 0.434071925 0.527385389 0.480190238 0.406733780 0.483815670 0.458308261 0.587692136 0.930096614 0.463776981 0.475481661 0.468886373 0.479436039 0.477983606 0.523302849 0.520410180 0.447006865 0.474810614 0.468883583 0.431409603 0.505120932 0.503820118 0.502163443 0.569597546 0.446245229 0.458975224 0.462094127 0.470741897 0.551375880 0.428108970 0.529031204 0.490445348 0.460280550 0.477124705 0.490855272 0.471806596 0.432041669 0.481492156 0.328112440 0.324757063 0.320524190 0.236308236 0.242033054 0.269426632 0.197422155 0.275491103 0.121793332 0.109073380 0.000000000 0.404823379 1.027571514 
46     0.448490557 0.389132711 0.484022991 0.440248629 0.368335496 0.445101254 0.419878652 0.547056996 0.879622397 0.408964914 0.419907288 0.414320617 0.424479106 0.423505009 0.467376712 0.465025195 0.393209662 0.420446889 0.423232148 0.379954598 0.453642034 0.456856646 0.455765676 0.521861534 0.401853591 0.414119746 0.421499024 0.430422433 0.510139786 0.383503964 0.473740862 0.440154162 0.408628643 0.419201262 0.433215009 0.414701255 0.377148542 0.484219879 0.327253080 0.324597017 0.317099416 0.434471638 0.440475309 0.467429878 0.389450548 0.473775031 0.423338844 0.413136205 0.404823379 0.000000000 1.001592470 
0     1.016332555 0.977042675 1.064838567 1.029081439 0.944835844 1.030649781 1.004684433 1.126543449 1.492512764 1.027072418 1.037564624 1.019658143 1.035255133 1.037452357 1.079576488 1.073977902 1.002122198 1.030020557 1.022130386 0.981105637 1.053996463 1.046362583 1.046673127 1.121830073 0.993167727 1.007214705 1.008849401 1.016273948 1.109462651 0.973802283 1.071901566 1.038564771 1.007230518 1.022143381 1.035984524 1.014889488 0.976391736 1.112525044 0.955476063 0.952643075 0.947410603 1.066624959 1.069153736 1.106070521 1.019997773 1.098379165 1.049113282 1.041264987 1.027571514 1.001592470 0.000000000 
