51
7     0.000000000 0.002121370 0.043808830 0.018205960 0.006960680 0.009824920 0.036280940 0.057109320 0.032284570 0.048528360 0.009389090 0.026787960 0.021030580 0.003301760 0.049957750 0.024449070 0.011655360 0.002470070 0.039711980 0.029122970 0.012872190 0.033473400 0.032814160 0.026154760 0.027018950 0.026969990 0.004401360 0.014618350 0.017178770 0.008737010 0.027983400 0.021338240 0.009710100 0.016510160 0.026649650 0.039877960 0.007980260 0.044371740 0.031627430 0.012345070 0.017867650 0.012062380 0.014657000 0.009465700 0.012908280 0.014076860 0.013145470 0.028419710 0.024778950 0.013036840 0.036596330 
15     0.002121370 0.000000000 0.031498670 0.025599000 0.001385900 0.005441680 0.003191720 0.022568800 0.009636650 0.008423750 0.013605510 0.014898420 0.026153920 0.017119130 0.006500770 0.001086570 0.014646980 0.031197490 0.006914670 0.001144810 0.005893830 0.006014020 0.005354780 0.009506110 0.007186320 0.014097990 0.016485500 0.011214830 0.017448000 0.013366990 0.019295930 0.004402530 0.020369100 0.010653270 0.015287640 0.011142800 0.009580400 0.032262570 0.021274130 0.018942580 0.024247570 0.033333290 0.031900750 0.012732520 0.007900690 0.003646460 0.016468680 0.028723230 0.013168410 0.015307950 0.001131910 
2     0.043808830 0.031498670 0.000000000 0.002856540 0.004584080 0.023494970 0.013472260 0.020027670 0.039795400 0.032134930 0.027692660 0.035163170 0.042239430 0.041839130 0.016535920 0.043994250 0.041049380 0.032965680 0.031626640 0.020128430 0.024366130 0.026079260 0.029547070 0.013984680 0.009158780 0.021078610 0.020375380 0.038816400 0.008114190 0.010011240 0.020957590 0.034737620 0.023767950 0.047245620 0.042151900 0.028383630 0.006006630 0.019404730 0.009842160 0.011030530 0.005587010 0.034021520 0.038314090 0.036566440 0.028953680 0.025043790 0.030986940 0.028104560 0.031627120 0.019163270 0.012643500 
18     0.018205960 0.025599000 0.002856540 0.000000000 0.000171040 0.034257250 0.007016140 0.015639890 0.040575020 0.031855710 0.035967380 0.033178690 0.031342750 0.019061980 0.007724020 0.046109570 0.029848320 0.022417830 0.010120010 0.004630570 0.041223750 0.030534250 0.038360210 0.012596550 0.009303290 0.017661620 0.003940620 0.010529000 0.048993590 0.009567470 0.022919310 0.060645650 0.040492820 0.025885440 0.045161490 0.021214640 0.009859700 0.037719340 0.043856850 0.030538030 0.037995740 0.014193910 0.025581200 0.027153450 0.024395500 0.008922850 0.056198020 0.046612670 0.042971910 0.008422330 0.037198150 
13     0.006960680 0.001385900 0.004584080 0.000171040 0.000000000 0.015626030 0.004256630 0.005956580 0.019820660 0.023998520 0.004732350 0.011173060 0.010924760 0.031982480 0.004305390 0.006578440 0.018300280 0.018275700 0.010492860 0.004149980 0.027202230 0.017048200 0.015660080 0.020224340 0.018388200 0.013536120 0.000257280 0.006845660 0.013411680 0.006598500 0.013415100 0.027195130 0.017792690 0.007734880 0.010565290 0.018142310 0.005830530 0.018076400 0.002962540 0.013763200 0.005078010 0.003093730 0.006952990 0.007464780 0.003288980 0.016741330 0.003270270 0.010444180 0.010579720 0.007236360 0.027514840 
16     0.009824920 0.005441680 0.023494970 0.034257250 0.015626030 0.000000000 0.000118260 0.000813160 0.010056870 0.024159240 0.026274010 0.003604910 0.020410850 0.021460880 0.034239760 0.012940900 0.004601630 0.009091970 0.008311040 0.003471050 0.009309110 0.008273810 0.006885690 0.016554570 0.007885510 0.008144370 0.005250300 0.033627510 0.030070440 0.005822100 0.027421060 0.003483250 0.003222080 0.005166780 0.009089750 0.004770700 0.007783750 0.023269140 0.032451910 0.027556100 0.008757230 0.004103380 0.008574390 0.025598040 0.013658460 0.004436190 0.023560580 0.028044770 0.015805370 0.012113180 0.026431790 
34     0.036280940 0.003191720 0.013472260 0.007016140 0.004256630 0.000118260 0.000000000 0.009236190 0.003414240 0.018020980 0.015673300 0.017347060 0.006529950 0.006304070 0.024958290 0.014006190 0.016423310 0.026084800 0.022689510 0.002504330 0.009377790 0.014702620 0.008425260 0.032218530 0.012987740 0.010287130 0.009583900 0.003806180 0.010162690 0.008097670 0.003746060 0.008795370 0.004191960 0.014165590 0.010320200 0.004056780 0.003817610 0.006746810 0.018442260 0.013022760 0.013947780 0.013400290 0.012497770 0.004080640 0.012602030 0.023408440 0.008796770 0.005145810 0.013406720 0.003125140 0.037251550 
25     0.057109320 0.022568800 0.020027670 0.015639890 0.005956580 0.000813160 0.009236190 0.000000000 0.016296250 0.023782490 0.002598570 0.026602840 0.035782110 0.033278800 0.034694840 0.031395490 0.004518490 0.013287040 0.035970840 0.011656010 0.024963030 0.021458690 0.018194130 0.010378220 0.028278190 0.012518280 0.011815050 0.019337600 0.012393840 0.006905690 0.012397260 0.026177290 0.000120350 0.013120800 0.027688790 0.006621310 0.007594060 0.014839260 0.018454110 0.020868340 0.013959630 0.048352500 0.046075120 0.029926990 0.032803100 0.033370630 0.023504080 0.031653950 0.025926900 0.017059410 0.027754060 
1     0.032284570 0.009636650 0.039795400 0.040575020 0.019820660 0.010056870 0.003414240 0.016296250 0.000000000 0.038947780 0.024472680 0.032067580 0.042720100 0.016047340 0.053763530 0.041408670 0.005035190 0.033239520 0.036669720 0.013124950 0.022799240 0.054191520 0.056540730 0.046311200 0.024781430 0.031472070 0.023621010 0.030841600 0.019385240 0.015837770 0.039404410 0.035407490 0.024991240 0.024740870 0.054255820 0.002245770 0.017987170 0.050498840 0.034234630 0.015652620 0.016731970 0.013687090 0.014749470 0.044699730 0.012666450 0.011622370 0.076657270 0.065036170 0.034786110 0.031978490 0.061438130 
11     0.048528360 0.008423750 0.032134930 0.031855710 0.023998520 0.024159240 0.018020980 0.023782490 0.038947780 0.000000000 0.000808200 0.000073850 0.002985740 0.002653280 0.003854650 0.005458680 0.023693980 0.007280870 0.020969960 0.000895510 0.019941620 0.019604900 0.025930130 0.024970840 0.007493410 0.022761990 0.022058760 0.029970930 0.016414440 0.013003360 0.022640970 0.006974420 0.012331380 0.019602010 0.021828100 0.006575080 0.014218830 0.008659750 0.027702600 0.012555080 0.009007460 0.008802180 0.031787770 0.012147940 0.036093230 0.045876520 0.009091290 0.029157600 0.015638040 0.006924860 0.010596520 
26     0.009389090 0.013605510 0.027692660 0.035967380 0.004732350 0.026274010 0.015673300 0.002598570 0.024472680 0.000808200 0.000000000 0.001811980 0.000379390 0.001237210 0.003683720 0.013659480 0.020702030 0.004288920 0.020798470 0.002410520 0.025474880 0.020033960 0.025758640 0.029189230 0.033503430 0.025746120 0.025042890 0.031547500 0.025621680 0.005053910 0.025625100 0.001608410 0.010703000 0.007668690 0.027359520 0.004629170 0.023714920 0.014475460 0.033116490 0.028066900 0.007605770 0.047180230 0.008357600 0.014291220 0.013604440 0.037934500 0.011840020 0.037978220 0.039984560 0.023092020 0.034903280 
22     0.026787960 0.014898420 0.035163170 0.033178690 0.011173060 0.003604910 0.017347060 0.026602840 0.032067580 0.000073850 0.001811980 0.000000000 0.000784440 0.000074630 0.000889940 0.004035820 0.019386100 0.005380720 0.018078180 0.003385100 0.022114800 0.017313670 0.015701950 0.001203110 0.022488920 0.009458200 0.018913830 0.016256040 0.012288710 0.008455980 0.019496040 0.008736370 0.011217070 0.015136820 0.026574230 0.004227730 0.020125850 0.032086130 0.009998490 0.004786820 0.008181390 0.014790630 0.007082710 0.007716930 0.009722560 0.035124500 0.021249900 0.035189530 0.013038930 0.015799740 0.003620460 
4     0.021030580 0.026153920 0.042239430 0.031342750 0.010924760 0.020410850 0.006529950 0.035782110 0.042720100 0.002985740 0.000379390 0.000784440 0.000000000 0.000710870 0.010189280 0.001936470 0.020361240 0.003948130 0.007158070 0.001024770 0.014683300 0.015525600 0.021250280 0.001837190 0.015318320 0.019486320 0.028093100 0.015931670 0.007802540 0.008601560 0.023464660 0.017954270 0.002385760 0.004998480 0.037235800 0.020790780 0.031385100 0.009571600 0.014230900 0.006427180 0.007227060 0.004605180 0.009174410 0.010290560 0.010710780 0.036112720 0.022003640 0.033353590 0.041341610 0.012295590 0.027607940 
6     0.003301760 0.017119130 0.041839130 0.019061980 0.031982480 0.021460880 0.006304070 0.033278800 0.016047340 0.002653280 0.001237210 0.000074630 0.000710870 0.000000000 0.015048220 0.002154140 0.021219060 0.004805950 0.017271080 0.017629960 0.018827890 0.008270980 0.018249850 0.001129540 0.021422710 0.021494990 0.007200630 0.016597520 0.017826280 0.016520100 0.024242530 0.011523820 0.024595900 0.012322110 0.013253820 0.002731220 0.027801300 0.013510090 0.014798460 0.015496600 0.006623160 0.047866600 0.048321640 0.039862890 0.011408920 0.036810860 0.021903190 0.029409970 0.027626890 0.016098380 0.049822950 
37     0.049957750 0.006500770 0.016535920 0.007724020 0.004305390 0.034239760 0.024958290 0.034694840 0.053763530 0.003854650 0.003683720 0.000889940 0.010189280 0.015048220 0.000000000 0.000094280 0.037452400 0.038826000 0.027862170 0.003124850 0.044788220 0.040552320 0.030351210 0.032109490 0.040411290 0.027709060 0.027005830 0.026264850 0.016573170 0.014666760 0.027588040 0.041368070 0.024960320 0.034541530 0.048782350 0.035014080 0.020149010 0.021402700 0.016619790 0.017317930 0.014675170 0.016720860 0.016466710 0.052905360 0.010066080 0.045564450 0.025117170 0.018553650 0.021573430 0.023046350 0.049001200 
3     0.024449070 0.001086570 0.043994250 0.046109570 0.006578440 0.012940900 0.014006190 0.031395490 0.041408670 0.005458680 0.013659480 0.004035820 0.001936470 0.002154140 0.000094280 0.000000000 0.039167080 0.031585950 0.031217370 0.003684730 0.017135610 0.030715790 0.029327670 0.025172440 0.010790460 0.013704180 0.027744910 0.043053400 0.002009650 0.028124350 0.028327120 0.016044550 0.023841640 0.032205980 0.036128950 0.028312770 0.002211310 0.006990800 0.019655400 0.020353540 0.030147090 0.021431000 0.021176850 0.003424730 0.003214000 0.019036380 0.033995910 0.020054900 0.023074680 0.015806300 0.063449280 
31     0.011655360 0.014646980 0.041049380 0.029848320 0.018300280 0.004601630 0.016423310 0.004518490 0.005035190 0.023693980 0.020702030 0.019386100 0.020361240 0.021219060 0.037452400 0.039167080 0.000000000 0.000188790 0.003154920 0.013474760 0.017217670 0.011306090 0.008352040 0.014402040 0.015398960 0.004807210 0.025060750 0.013960350 0.025043720 0.028774120 0.023311250 0.030376900 0.004877270 0.023310410 0.036612260 0.025698860 0.019168130 0.010517970 0.018653850 0.017705180 0.012792740 0.019303680 0.018035220 0.034956680 0.008248990 0.025719220 0.024958040 0.003713040 0.026560330 0.001565670 0.018046270 
14     0.002470070 0.031197490 0.032965680 0.022417830 0.018275700 0.009091970 0.026084800 0.013287040 0.033239520 0.007280870 0.004288920 0.005380720 0.003948130 0.004805950 0.038826000 0.031585950 0.000188790 0.000000000 0.019028840 0.013647630 0.046876580 0.009115290 0.026699270 0.014574910 0.008262050 0.000592990 0.009132530 0.031988440 0.025216590 0.019053130 0.015953120 0.042601570 0.028831880 0.022233840 0.033500550 0.021411750 0.024154820 0.018944010 0.034830730 0.034172620 0.011174510 0.035480560 0.029112480 0.041721260 0.026058540 0.028139890 0.026647430 0.043096020 0.024030280 0.000070560 0.035145540 
28     0.039711980 0.006914670 0.031626640 0.010120010 0.010492860 0.008311040 0.022689510 0.035970840 0.036669720 0.020969960 0.020798470 0.018078180 0.007158070 0.017271080 0.027862170 0.031217370 0.003154920 0.019028840 0.000000000 0.000041220 0.002198670 0.001292340 0.004170760 0.008985870 0.006762540 0.005293100 0.010601740 0.017190120 0.031295090 0.002970810 0.005210510 0.002802230 0.000248220 0.007193730 0.007246990 0.006797650 0.005266000 0.020698870 0.009166250 0.010802210 0.027738360 0.012048230 0.014983620 0.022813520 0.010327670 0.024955600 0.017330160 0.022015520 0.029602040 0.009542910 0.028969140 
27     0.029122970 0.001144810 0.020128430 0.004630570 0.004149980 0.003471050 0.002504330 0.011656010 0.013124950 0.000895510 0.002410520 0.003385100 0.001024770 0.017629960 0.003124850 0.003684730 0.013474760 0.013647630 0.000041220 0.000000000 0.000183900 0.003217960 0.001829840 0.008141280 0.004421620 0.002858960 0.013949440 0.002996730 0.014801810 0.000629890 0.013782180 0.022730490 0.004107110 0.004852810 0.003634850 0.004456730 0.002925080 0.006399950 0.010014800 0.013890630 0.005520320 0.005453040 0.017517730 0.020686850 0.006121530 0.004357630 0.013939840 0.010886320 0.009266170 0.005631870 0.028824090 
30     0.012872190 0.005893830 0.024366130 0.041223750 0.027202230 0.009309110 0.009377790 0.024963030 0.022799240 0.019941620 0.025474880 0.022114800 0.014683300 0.018827890 0.044788220 0.017135610 0.017217670 0.046876580 0.002198670 0.000183900 0.000000000 0.008154280 0.010503490 0.007598720 0.019317510 0.022849110 0.020404130 0.013700620 0.020294470 0.009381140 0.025324200 0.016736930 0.026881230 0.021409380 0.018473860 0.018472570 0.006073630 0.019706970 0.008257160 0.006366100 0.007558090 0.004025420 0.003122900 0.050235670 0.008010510 0.031987250 0.044771050 0.035701600 0.029974550 0.018950560 0.042131110 
10     0.033473400 0.006014020 0.026079260 0.030534250 0.017048200 0.008273810 0.014702620 0.021458690 0.054191520 0.019604900 0.020033960 0.017313670 0.015525600 0.008270980 0.040552320 0.030715790 0.011306090 0.009115290 0.001292340 0.003217960 0.008154280 0.000000000 0.000029520 0.005055840 0.006397300 0.004927860 0.011348410 0.014347470 0.012678060 0.002605590 0.012967350 0.027327520 0.005946450 0.006692150 0.010615120 0.006296070 0.000203530 0.020197290 0.029288710 0.012905710 0.034109480 0.025036980 0.024533500 0.022526190 0.019628100 0.023115020 0.004904630 0.033174500 0.037617120 0.005975920 0.014649100 
32     0.032814160 0.005354780 0.029547070 0.038360210 0.015660080 0.006885690 0.008425260 0.018194130 0.056540730 0.025930130 0.025758640 0.015701950 0.021250280 0.018249850 0.030351210 0.029327670 0.008352040 0.026699270 0.004170760 0.001829840 0.010503490 0.000029520 0.000000000 0.005448800 0.005009180 0.003539740 0.011321160 0.014320220 0.012650810 0.001217470 0.012297520 0.029897360 0.000759090 0.005304030 0.009227000 0.004907950 0.003376300 0.018809170 0.035742490 0.035384990 0.033357660 0.023648860 0.023145380 0.021138070 0.018239980 0.023065900 0.002910220 0.031786380 0.030138630 0.007653210 0.019506480 
9     0.026154760 0.009506110 0.013984680 0.012596550 0.020224340 0.016554570 0.032218530 0.010378220 0.046311200 0.024970840 0.029189230 0.001203110 0.001837190 0.001129540 0.032109490 0.025172440 0.014402040 0.014574910 0.008985870 0.008141280 0.007598720 0.005055840 0.005448800 0.000000000 0.002898380 0.013208620 0.037181610 0.010725630 0.009099050 0.004415240 0.036741180 0.026973640 0.014227210 0.008534240 0.018895880 0.014576830 0.004434950 0.028478050 0.009915580 0.022103150 0.010138230 0.033317740 0.031939430 0.030806950 0.025460740 0.032734780 0.042725350 0.026668390 0.020626460 0.017322090 0.070375720 
21     0.027018950 0.007186320 0.009158780 0.009303290 0.018388200 0.007885510 0.012987740 0.028278190 0.024781430 0.007493410 0.033503430 0.022488920 0.015318320 0.021422710 0.040411290 0.010790460 0.015398960 0.008262050 0.006762540 0.004421620 0.019317510 0.006397300 0.005009180 0.002898380 0.000000000 0.001535820 0.002662950 0.005922280 0.007059730 0.001250070 0.002065710 0.011854550 0.007286450 0.005483810 0.007701610 0.007636070 0.004187690 0.016461440 0.023221230 0.026558950 0.016847260 0.012011200 0.015494090 0.001755410 0.001722750 0.025712230 0.020167690 0.018304780 0.024370310 0.010381330 0.027253380 
17     0.026969990 0.014097990 0.021078610 0.017661620 0.013536120 0.008144370 0.010287130 0.012518280 0.031472070 0.022761990 0.025746120 0.009458200 0.019486320 0.021494990 0.027709060 0.013704180 0.004807210 0.000592990 0.005293100 0.002858960 0.022849110 0.004927860 0.003539740 0.013208620 0.001535820 0.000000000 0.001732250 0.007141000 0.002269190 0.002339810 0.002535280 0.015282100 0.005817010 0.006562710 0.010485680 0.006166630 0.004634980 0.016533720 0.021724350 0.025600180 0.009754670 0.022347260 0.024404060 0.020309880 0.019498660 0.024324580 0.029830590 0.019590230 0.029197140 0.000559530 0.021206700 
8     0.004401360 0.016485500 0.020375380 0.003940620 0.000257280 0.005250300 0.009583900 0.011815050 0.023621010 0.022058760 0.025042890 0.018913830 0.028093100 0.007200630 0.027005830 0.027744910 0.025060750 0.009132530 0.010601740 0.013949440 0.020404130 0.011348410 0.011321160 0.037181610 0.002662950 0.001732250 0.000000000 0.000050010 0.001362130 0.007506540 0.001832050 0.006015920 0.002991290 0.013406540 0.019008080 0.005800610 0.012689510 0.017406270 0.021021120 0.022812780 0.016526640 0.016340500 0.019823390 0.051433240 0.010974870 0.021221720 0.001292430 0.027056960 0.028493910 0.020416800 0.005069420 
24     0.014618350 0.011214830 0.038816400 0.010529000 0.006845660 0.033627510 0.003806180 0.019337600 0.030841600 0.029970930 0.031547500 0.016256040 0.015931670 0.016597520 0.026264850 0.043053400 0.013960350 0.031988440 0.017190120 0.002996730 0.013700620 0.014347470 0.014320220 0.010725630 0.005922280 0.007141000 0.000050010 0.000000000 0.002367820 0.010410620 0.018417410 0.019716660 0.007528280 0.021833270 0.024051070 0.016476510 0.014651170 0.046118340 0.034123270 0.026731540 0.031045110 0.018530720 0.018343210 0.036026320 0.010732360 0.024080650 0.005309540 0.042776550 0.048310040 0.007225860 0.026933340 
19     0.017178770 0.017448000 0.008114190 0.048993590 0.013411680 0.030070440 0.010162690 0.012393840 0.019385240 0.016414440 0.025621680 0.012288710 0.007802540 0.017826280 0.016573170 0.002009650 0.025043720 0.025216590 0.031295090 0.014801810 0.020294470 0.012678060 0.012650810 0.009099050 0.007059730 0.002269190 0.001362130 0.002367820 0.000000000 0.000803830 0.002419220 0.016199250 0.007118020 0.028984130 0.023613530 0.009845260 0.012097350 0.017985060 0.021599910 0.025475740 0.017105430 0.014860960 0.045973020 0.014966910 0.005204850 0.005965930 0.022812470 0.034799750 0.027679680 0.022965850 0.040409200 
5     0.008737010 0.013366990 0.010011240 0.009567470 0.006598500 0.005822100 0.008097670 0.006905690 0.015837770 0.013003360 0.005053910 0.008455980 0.008601560 0.016520100 0.014666760 0.028124350 0.028774120 0.019053130 0.002970810 0.000629890 0.009381140 0.002605590 0.001217470 0.004415240 0.001250070 0.002339810 0.007506540 0.010410620 0.000803830 0.000000000 0.016790240 0.024788300 0.003494740 0.004240440 0.007035340 0.003844360 0.002312710 0.017745580 0.010763720 0.017982570 0.003222610 0.015126300 0.022081790 0.020074480 0.000298360 0.002570710 0.033065140 0.027336750 0.033309040 0.006589620 0.044411380 
35     0.027983400 0.019295930 0.020957590 0.022919310 0.013415100 0.027421060 0.003746060 0.012397260 0.039404410 0.022640970 0.025625100 0.019496040 0.023464660 0.024242530 0.027588040 0.028327120 0.023311250 0.015953120 0.005210510 0.013782180 0.025324200 0.012967350 0.012297520 0.036741180 0.002065710 0.002535280 0.001832050 0.018417410 0.002419220 0.016790240 0.000000000 0.002549670 0.001799440 0.009834420 0.003176950 0.005398790 0.003605410 0.017988480 0.011975120 0.014206220 0.017108850 0.031874370 0.028328980 0.046724460 0.035952320 0.015649040 0.023513200 0.029082990 0.029076120 0.002618460 0.033386290 
23     0.021338240 0.004402530 0.034737620 0.060645650 0.027195130 0.003483250 0.008795370 0.026177290 0.035407490 0.006974420 0.001608410 0.008736370 0.017954270 0.011523820 0.041368070 0.016044550 0.030376900 0.042601570 0.002802230 0.022730490 0.016736930 0.027327520 0.029897360 0.026973640 0.011854550 0.015282100 0.006015920 0.019716660 0.016199250 0.024788300 0.002549670 0.000000000 0.003230090 0.005817700 0.002004830 0.002468840 0.008172870 0.031768510 0.020330920 0.016525700 0.022789100 0.003001140 0.009542250 0.020812280 0.003122750 0.038894000 0.006875240 0.016849890 0.003230810 0.029154020 0.029523420 
12     0.009710100 0.020369100 0.023767950 0.040492820 0.017792690 0.003222080 0.004191960 0.000120350 0.024991240 0.012331380 0.010703000 0.011217070 0.002385760 0.024595900 0.024960320 0.023841640 0.004877270 0.028831880 0.000248220 0.004107110 0.026881230 0.005946450 0.000759090 0.014227210 0.007286450 0.005817010 0.002991290 0.007528280 0.007118020 0.003494740 0.001799440 0.003230090 0.000000000 0.002839420 0.000216720 0.002443340 0.005456390 0.005661700 0.002597080 0.022916080 0.020658100 0.018045430 0.006889190 0.000750570 0.014546220 0.023281490 0.003107720 0.007586770 0.020051880 0.009785820 0.040559950 
36     0.016510160 0.010653270 0.047245620 0.025885440 0.007734880 0.005166780 0.014165590 0.013120800 0.024740870 0.019602010 0.007668690 0.015136820 0.004998480 0.012322110 0.034541530 0.032205980 0.023310410 0.022233840 0.007193730 0.004852810 0.021409380 0.006692150 0.005304030 0.008534240 0.005483810 0.006562710 0.013406540 0.021833270 0.028984130 0.004240440 0.009834420 0.005817700 0.002839420 0.000000000 0.001648070 0.000389850 0.006202090 0.015650590 0.028144620 0.014425640 0.015962500 0.026527170 0.026023690 0.024016380 0.004615030 0.019369200 0.019365060 0.029501970 0.023151260 0.010531520 0.026665070 
33     0.026649650 0.015287640 0.042151900 0.045161490 0.010565290 0.009089750 0.010320200 0.027688790 0.054255820 0.021828100 0.027359520 0.026574230 0.037235800 0.013253820 0.048782350 0.036128950 0.036612260 0.033500550 0.007246990 0.003634850 0.018473860 0.010615120 0.009227000 0.018895880 0.007701610 0.010485680 0.019008080 0.024051070 0.023613530 0.007035340 0.003176950 0.002004830 0.000216720 0.001648070 0.000000000 0.000017430 0.010125060 0.025610450 0.038702290 0.037203260 0.018180300 0.030450140 0.027407040 0.027939350 0.011589680 0.029867180 0.025833870 0.038587660 0.032036250 0.007925220 0.039811340 
29     0.039877960 0.011142800 0.028383630 0.021214640 0.018142310 0.004770700 0.004056780 0.006621310 0.002245770 0.006575080 0.004629170 0.004227730 0.020790780 0.002731220 0.035014080 0.028312770 0.025698860 0.021411750 0.006797650 0.004456730 0.018472570 0.006296070 0.004907950 0.014576830 0.007636070 0.006166630 0.005800610 0.016476510 0.009845260 0.003844360 0.005398790 0.002468840 0.002443340 0.000389850 0.000017430 0.000000000 0.005806010 0.021291400 0.022537200 0.018308000 0.003517230 0.005155270 0.025571510 0.023620300 0.002423930 0.025548130 0.027607260 0.034268610 0.010522960 0.010135440 0.027645090 
20     0.007980260 0.009580400 0.006006630 0.009859700 0.005830530 0.007783750 0.003817610 0.007594060 0.017987170 0.014218830 0.023714920 0.020125850 0.031385100 0.027801300 0.020149010 0.002211310 0.019168130 0.024154820 0.005266000 0.002925080 0.006073630 0.000203530 0.003376300 0.004434950 0.004187690 0.004634980 0.012689510 0.014651170 0.012097350 0.002312710 0.003605410 0.008172870 0.005456390 0.006202090 0.010125060 0.005806010 0.000000000 0.008712250 0.014606980 0.009869160 0.013433560 0.006448710 0.017776910 0.004557980 0.011070650 0.024016480 0.030027820 0.004536200 0.031275090 0.008603790 0.035720540 
50     0.044371740 0.032262570 0.019404730 0.037719340 0.018076400 0.023269140 0.006746810 0.014839260 0.050498840 0.008659750 0.014475460 0.032086130 0.009571600 0.013510090 0.021402700 0.006990800 0.010517970 0.018944010 0.020698870 0.006399950 0.019706970 0.020197290 0.018809170 0.028478050 0.016461440 0.016533720 0.017406270 0.046118340 0.017985060 0.017745580 0.017988480 0.031768510 0.005661700 0.015650590 0.025610450 0.021291400 0.008712250 0.000000000 0.003385260 0.001241330 0.000288940 0.009103050 0.008599570 0.006592260 0.003694170 0.008520090 0.006186030 0.016322940 0.007193320 0.009483370 0.018223290 
41     0.031627430 0.021274130 0.009842160 0.043856850 0.002962540 0.032451910 0.018442260 0.018454110 0.034234630 0.027702600 0.033116490 0.009998490 0.014230900 0.014798460 0.016619790 0.019655400 0.018653850 0.034830730 0.009166250 0.010014800 0.008257160 0.029288710 0.035742490 0.009915580 0.023221230 0.021724350 0.021021120 0.034123270 0.021599910 0.010763720 0.011975120 0.020330920 0.002597080 0.028144620 0.038702290 0.022537200 0.014606980 0.003385260 0.000000000 0.000000150 0.000874080 0.016405810 0.015137350 0.032999760 0.022932410 0.020704720 0.013725720 0.004593920 0.009310020 0.010193350 0.022575970 
43     0.012345070 0.018942580 0.011030530 0.030538030 0.013763200 0.027556100 0.013022760 0.020868340 0.015652620 0.012555080 0.028066900 0.004786820 0.006427180 0.015496600 0.017317930 0.020353540 0.017705180 0.034172620 0.010802210 0.013890630 0.006366100 0.012905710 0.035384990 0.022103150 0.026558950 0.025600180 0.022812780 0.026731540 0.025475740 0.017982570 0.014206220 0.016525700 0.022916080 0.014425640 0.037203260 0.018308000 0.009869160 0.001241330 0.000000150 0.000000000 0.001262880 0.022897400 0.019968170 0.023104650 0.003178530 0.011438740 0.004961080 0.014885780 0.004560680 0.010193500 0.018866900 
49     0.017867650 0.024247570 0.005587010 0.037995740 0.005078010 0.008757230 0.013947780 0.013959630 0.016731970 0.009007460 0.007605770 0.008181390 0.007227060 0.006623160 0.014675170 0.030147090 0.012792740 0.011174510 0.027738360 0.005520320 0.007558090 0.034109480 0.033357660 0.010138230 0.016847260 0.009754670 0.016526640 0.031045110 0.017105430 0.003222610 0.017108850 0.022789100 0.020658100 0.015962500 0.018180300 0.003517230 0.013433560 0.000288940 0.000874080 0.001262880 0.000000000 0.010544700 0.009276240 0.016508690 0.008561180 0.010983900 0.021414790 0.019392270 0.009838760 0.012843630 0.013572200 
38     0.012062380 0.033333290 0.034021520 0.014193910 0.003093730 0.004103380 0.013400290 0.048352500 0.013687090 0.008802180 0.047180230 0.014790630 0.004605180 0.047866600 0.016720860 0.021431000 0.019303680 0.035480560 0.012048230 0.005453040 0.004025420 0.025036980 0.023648860 0.033317740 0.012011200 0.022347260 0.016340500 0.018530720 0.014860960 0.015126300 0.031874370 0.003001140 0.018045430 0.026527170 0.030450140 0.005155270 0.006448710 0.009103050 0.016405810 0.022897400 0.010544700 0.000000000 0.000037230 0.005089040 0.004113280 0.010523070 0.005768140 0.005903620 0.010065180 0.009756460 0.002736260 
40     0.014657000 0.031900750 0.038314090 0.025581200 0.006952990 0.008574390 0.012497770 0.046075120 0.014749470 0.031787770 0.008357600 0.007082710 0.009174410 0.048321640 0.016466710 0.021176850 0.018035220 0.029112480 0.014983620 0.017517730 0.003122900 0.024533500 0.023145380 0.031939430 0.015494090 0.024404060 0.019823390 0.018343210 0.045973020 0.022081790 0.028328980 0.009542250 0.006889190 0.026023690 0.027407040 0.025571510 0.017776910 0.008599570 0.015137350 0.019968170 0.009276240 0.000037230 0.000000000 0.003296200 0.005361790 0.011958280 0.015991500 0.021304740 0.006014920 0.012816280 0.011895670 
39     0.009465700 0.012732520 0.036566440 0.027153450 0.007464780 0.025598040 0.004080640 0.029926990 0.044699730 0.012147940 0.014291220 0.007716930 0.010290560 0.039862890 0.052905360 0.003424730 0.034956680 0.041721260 0.022813520 0.020686850 0.050235670 0.022526190 0.021138070 0.030806950 0.001755410 0.020309880 0.051433240 0.036026320 0.014966910 0.020074480 0.046724460 0.020812280 0.000750570 0.024016380 0.027939350 0.023620300 0.004557980 0.006592260 0.032999760 0.023104650 0.016508690 0.005089040 0.003296200 0.000000000 0.002335470 0.002984110 0.004325810 0.006894560 0.006473250 0.006090630 0.056157120 
47     0.012908280 0.007900690 0.028953680 0.024395500 0.003288980 0.013658460 0.012602030 0.032803100 0.012666450 0.036093230 0.013604440 0.009722560 0.010710780 0.011408920 0.010066080 0.003214000 0.008248990 0.026058540 0.010327670 0.006121530 0.008010510 0.019628100 0.018239980 0.025460740 0.001722750 0.019498660 0.010974870 0.010732360 0.005204850 0.000298360 0.035952320 0.003122750 0.014546220 0.004615030 0.011589680 0.002423930 0.011070650 0.003694170 0.022932410 0.003178530 0.008561180 0.004113280 0.005361790 0.002335470 0.000000000 0.001227400 0.000150010 0.007323920 0.003835540 0.017227470 0.026482410 
45     0.014076860 0.003646460 0.025043790 0.008922850 0.016741330 0.004436190 0.023408440 0.033370630 0.011622370 0.045876520 0.037934500 0.035124500 0.036112720 0.036810860 0.045564450 0.019036380 0.025719220 0.028139890 0.024955600 0.004357630 0.031987250 0.023115020 0.023065900 0.032734780 0.025712230 0.024324580 0.021221720 0.024080650 0.005965930 0.002570710 0.015649040 0.038894000 0.023281490 0.019369200 0.029867180 0.025548130 0.024016480 0.008520090 0.020704720 0.011438740 0.010983900 0.010523070 0.011958280 0.002984110 0.001227400 0.000000000 0.008456170 0.008591650 0.007479870 0.006807600 0.041934800 
44     0.013145470 0.016468680 0.030986940 0.056198020 0.003270270 0.023560580 0.008796770 0.023504080 0.076657270 0.009091290 0.011840020 0.021249900 0.022003640 0.021903190 0.025117170 0.033995910 0.024958040 0.026647430 0.017330160 0.013939840 0.044771050 0.004904630 0.002910220 0.042725350 0.020167690 0.029830590 0.001292430 0.005309540 0.022812470 0.033065140 0.023513200 0.006875240 0.003107720 0.019365060 0.025833870 0.027607260 0.030027820 0.006186030 0.013725720 0.004961080 0.021414790 0.005768140 0.015991500 0.004325810 0.000150010 0.008456170 0.000000000 0.000056590 0.000453600 0.028122900 0.007142900 
42     0.028419710 0.028723230 0.028104560 0.046612670 0.010444180 0.028044770 0.005145810 0.031653950 0.065036170 0.029157600 0.037978220 0.035189530 0.033353590 0.029409970 0.018553650 0.020054900 0.003713040 0.043096020 0.022015520 0.010886320 0.035701600 0.033174500 0.031786380 0.026668390 0.018304780 0.019590230 0.027056960 0.042776550 0.034799750 0.027336750 0.029082990 0.016849890 0.007586770 0.029501970 0.038587660 0.034268610 0.004536200 0.016322940 0.004593920 0.014885780 0.019392270 0.005903620 0.021304740 0.006894560 0.007323920 0.008591650 0.000056590 0.000000000 0.000230500 0.021882260 0.031409340 
48     0.024778950 0.013168410 0.031627120 0.042971910 0.010579720 0.015805370 0.013406720 0.025926900 0.034786110 0.015638040 0.039984560 0.013038930 0.041341610 0.027626890 0.021573430 0.023074680 0.026560330 0.024030280 0.029602040 0.009266170 0.029974550 0.037617120 0.030138630 0.020626460 0.024370310 0.029197140 0.028493910 0.048310040 0.027679680 0.033309040 0.029076120 0.003230810 0.020051880 0.023151260 0.032036250 0.010522960 0.031275090 0.007193320 0.009310020 0.004560680 0.009838760 0.010065180 0.006014920 0.006473250 0.003835540 0.007479870 0.000453600 0.000230500 0.000000000 0.007517910 0.008542410 
46     0.013036840 0.015307950 0.019163270 0.008422330 0.007236360 0.012113180 0.003125140 0.017059410 0.031978490 0.006924860 0.023092020 0.015799740 0.012295590 0.016098380 0.023046350 0.015806300 0.001565670 0.000070560 0.009542910 0.005631870 0.018950560 0.005975920 0.007653210 0.017322090 0.010381330 0.000559530 0.020416800 0.007225860 0.022965850 0.006589620 0.002618460 0.029154020 0.009785820 0.010531520 0.007925220 0.010135440 0.008603790 0.009483370 0.010193350 0.010193500 0.012843630 0.009756460 0.012816280 0.006090630 0.017227470 0.006807600 0.028122900 0.021882260 0.007517910 0.000000000 0.008738840 
0     0.036596330 0.001131910 0.012643500 0.037198150 0.027514840 0.026431790 0.037251550 0.027754060 0.061438130 0.010596520 0.034903280 0.003620460 0.027607940 0.049822950 0.049001200 0.063449280 0.018046270 0.035145540 0.028969140 0.028824090 0.042131110 0.014649100 0.019506480 0.070375720 0.027253380 0.021206700 0.005069420 0.026933340 0.040409200 0.044411380 0.033386290 0.029523420 0.040559950 0.026665070 0.039811340 0.027645090 0.035720540 0.018223290 0.022575970 0.018866900 0.013572200 0.002736260 0.011895670 0.056157120 0.026482410 0.041934800 0.007142900 0.031409340 0.008542410 0.008738840 0.000000000 
