51
4     0.000000000 0.000499630 0.016009600 0.006653750 0.006133760 0.011244250 0.023256200 0.040593270 0.014419910 0.001594910 0.049696290 0.014124800 0.044893470 0.033137480 0.015031420 0.000944820 0.020768510 0.024681770 0.009371950 0.033325840 0.003962720 0.028247950 0.009309240 0.003679580 0.005307160 0.002581380 0.028046650 0.004744370 0.004923700 0.002071450 0.035257270 0.031973930 0.020722280 0.044369150 0.042344200 0.012784890 0.012436990 0.009248830 0.009498220 0.025299070 0.027702220 0.001500980 0.017012210 0.029005100 0.003566670 0.037575710 0.043012550 0.021105570 0.023872870 0.023622140 0.065161270 
1     0.000499630 0.000000000 0.005257230 0.011943450 0.008408010 0.007747730 0.017977620 0.019989420 0.018809960 0.032460340 0.032486020 0.033064330 0.023794870 0.031166240 0.013742060 0.010676660 0.039309160 0.025533290 0.042655690 0.002336290 0.008326150 0.012516530 0.011491720 0.028599870 0.031288790 0.022599620 0.015223710 0.021677680 0.015896540 0.025434560 0.035830960 0.064790800 0.026361390 0.044656040 0.007461680 0.012327860 0.010470370 0.013256850 0.013949830 0.012733980 0.020993060 0.014325610 0.010639370 0.041924390 0.019256420 0.026498070 0.033386590 0.027147020 0.029914320 0.021650900 0.075741320 
2     0.016009600 0.005257230 0.000000000 0.001079060 0.003714040 0.008593490 0.032783750 0.031050390 0.024403740 0.028502950 0.017499640 0.018602860 0.024462250 0.009638910 0.014405290 0.022602340 0.025763260 0.023139730 0.028949940 0.012192480 0.011855590 0.020128880 0.012465070 0.016920010 0.005340860 0.008960240 0.026652810 0.008277370 0.027274930 0.006501200 0.029793570 0.021769830 0.007264720 0.024511160 0.034211190 0.022490450 0.032954430 0.016909510 0.010977080 0.022201510 0.022254140 0.008158490 0.026434970 0.017678630 0.007588280 0.018052010 0.017453380 0.016406180 0.018928360 0.036396020 0.011504180 
3     0.006653750 0.011943450 0.001079060 0.000000000 0.000912570 0.009963740 0.042023600 0.045096840 0.022281150 0.056898060 0.018149460 0.021720310 0.035171430 0.002738660 0.020985000 0.024842240 0.018419620 0.049692450 0.022921930 0.027432930 0.040390140 0.030595610 0.016047060 0.027986800 0.034648380 0.022587700 0.026344270 0.010519020 0.032669040 0.038842460 0.047961080 0.042778000 0.019334240 0.030037420 0.040125680 0.014739850 0.022525860 0.026776330 0.009257660 0.006184060 0.026087990 0.030305870 0.019836000 0.033498350 0.018424120 0.019289950 0.022039890 0.022974910 0.028214650 0.028243400 0.032866640 
5     0.006133760 0.008408010 0.003714040 0.000912570 0.000000000 0.001812630 0.043909520 0.045089430 0.006886990 0.009331150 0.018154610 0.021725460 0.033444110 0.004253980 0.022155310 0.024802910 0.013073040 0.046891120 0.032210880 0.027405800 0.029566390 0.038895600 0.021929550 0.016118360 0.036899110 0.008243390 0.024154740 0.025648600 0.034443290 0.037608850 0.039354360 0.032236630 0.013622460 0.019650260 0.029738520 0.014075920 0.024433320 0.016389170 0.011165120 0.008091520 0.030092360 0.033066010 0.023840370 0.037502720 0.015457280 0.009380010 0.011652730 0.012587750 0.039850340 0.019695900 0.034508930 
6     0.011244250 0.007747730 0.008593490 0.009963740 0.001812630 0.000000000 0.013201820 0.005285370 0.012396920 0.027848200 0.001627420 0.013911940 0.022428710 0.020666980 0.018339560 0.027519100 0.019327360 0.016180120 0.003628070 0.006397420 0.014651540 0.010444360 0.004437980 0.014796830 0.017908180 0.007635980 0.004255590 0.029899570 0.034828240 0.013365570 0.040184880 0.005537590 0.018059980 0.002890740 0.053979940 0.026429870 0.012928630 0.000980450 0.008436720 0.025337550 0.028263910 0.014448560 0.024237090 0.036232010 0.023648190 0.011312770 0.017343770 0.006538160 0.003314210 0.017416590 0.020543450 
27     0.023256200 0.017977620 0.032783750 0.042023600 0.043909520 0.013201820 0.000000000 0.000819720 0.005414080 0.003240600 0.015721990 0.015134150 0.018871750 0.023423840 0.019839290 0.016897600 0.016977230 0.005458860 0.005588760 0.020189330 0.000337840 0.009581090 0.017866940 0.010996600 0.007403860 0.018875830 0.016276790 0.019220830 0.018568200 0.031648810 0.039657820 0.000430100 0.013817960 0.036051820 0.039064360 0.018488770 0.014505190 0.003270910 0.002105160 0.011258150 0.013038390 0.010150170 0.005533590 0.007534220 0.001054970 0.014118990 0.017441420 0.014186030 0.006636190 0.010729470 0.024907970 
49     0.040593270 0.019989420 0.031050390 0.045096840 0.045089430 0.005285370 0.000819720 0.000000000 0.009194320 0.002340880 0.014489900 0.002427100 0.017639660 0.017800720 0.018939570 0.009189250 0.018585020 0.030765030 0.014046810 0.050911500 0.005561730 0.010060630 0.016828620 0.010491510 0.031734130 0.015437730 0.024068780 0.022946950 0.030178930 0.029635670 0.024333750 0.015600170 0.013752110 0.029540540 0.011994910 0.022766240 0.007730350 0.005674670 0.006392330 0.022140730 0.021910100 0.022839370 0.023288610 0.031931320 0.019239140 0.020764160 0.020623010 0.018733850 0.026286400 0.009544650 0.025340050 
8     0.014419910 0.018809960 0.024403740 0.022281150 0.006886990 0.012396920 0.005414080 0.009194320 0.000000000 0.005253920 0.011257760 0.012099810 0.030770820 0.008939380 0.001158250 0.009422530 0.017270350 0.005011860 0.030082680 0.005075100 0.041925550 0.032088720 0.041190330 0.003491100 0.030747420 0.021904930 0.037440280 0.039883850 0.024803760 0.034420040 0.012250760 0.010967340 0.012577840 0.002055250 0.027048660 0.022423990 0.013844540 0.009986960 0.013519100 0.008025690 0.027354280 0.010472390 0.007888850 0.037415660 0.012484210 0.018686670 0.021275020 0.021828870 0.020304510 0.022132570 0.025172000 
29     0.001594910 0.032460340 0.028502950 0.056898060 0.009331150 0.027848200 0.003240600 0.002340880 0.005253920 0.000000000 0.020472430 0.021452990 0.034382550 0.018307480 0.002678080 0.012438220 0.007484220 0.010608660 0.008160200 0.013443390 0.005867640 0.012139640 0.012284050 0.017583790 0.023421050 0.026524230 0.015321520 0.020940640 0.015220490 0.019360280 0.010516170 0.008410260 0.010188640 0.049359600 0.043209340 0.028265580 0.011673020 0.009418930 0.007529420 0.032205510 0.024752750 0.016911750 0.013915100 0.029813290 0.009492620 0.013643110 0.016435790 0.005675250 0.020757550 0.032697400 0.012305720 
46     0.049696290 0.032486020 0.017499640 0.018149460 0.018154610 0.001627420 0.015721990 0.014489900 0.011257760 0.020472430 0.000000000 0.000256580 0.000401360 0.006479790 0.014382940 0.010344620 0.020157570 0.004313760 0.011561890 0.023168720 0.003648260 0.015460320 0.035157500 0.015153680 0.034941400 0.019318890 0.047126760 0.015420120 0.039782860 0.021343600 0.028593010 0.027140080 0.007183280 0.022260260 0.025070670 0.023586790 0.037796630 0.008283400 0.009980730 0.005973920 0.032879530 0.001341700 0.012346760 0.021308570 0.002566270 0.023004060 0.011858060 0.012371280 0.030299010 0.032958210 0.001819450 
22     0.014124800 0.033064330 0.018602860 0.021720310 0.021725460 0.013911940 0.015134150 0.002427100 0.012099810 0.021452990 0.000256580 0.000000000 0.000160740 0.010167640 0.017149620 0.012665770 0.009945670 0.011861230 0.008591930 0.037125230 0.020143610 0.025810190 0.027000380 0.019550600 0.015184240 0.017346940 0.047802050 0.011524630 0.042232790 0.020818860 0.030672580 0.018976190 0.004175150 0.021379440 0.021112450 0.022705970 0.036915810 0.007501880 0.003700750 0.011619620 0.014232000 0.010827810 0.012351390 0.020786560 0.008206410 0.012715600 0.030795210 0.012328550 0.023860720 0.013104470 0.027641050 
23     0.044893470 0.023794870 0.024462250 0.035171430 0.033444110 0.022428710 0.018871750 0.017639660 0.030770820 0.034382550 0.000401360 0.000160740 0.000000000 0.018934890 0.018615840 0.018740210 0.011907660 0.017237350 0.018887700 0.026425830 0.024000960 0.020613760 0.020459950 0.022440350 0.021147210 0.025822690 0.040278330 0.025141460 0.049097250 0.029340600 0.042707800 0.041254870 0.014139710 0.005558240 0.025631290 0.023434050 0.037643890 0.010026230 0.011723560 0.007716750 0.024362910 0.023163620 0.024904790 0.037324240 0.020834210 0.017903830 0.026214710 0.007889240 0.024528720 0.022441090 0.026243580 
24     0.033137480 0.031166240 0.009638910 0.002738660 0.004253980 0.020666980 0.023423840 0.017800720 0.008939380 0.018307480 0.006479790 0.010167640 0.018934890 0.000000000 0.008658600 0.005142440 0.012222340 0.006872930 0.000359100 0.000625830 0.034392740 0.031765870 0.012631720 0.006076830 0.022449950 0.024019490 0.016157090 0.010901170 0.027300540 0.017193020 0.013363370 0.003972430 0.012267400 0.034250130 0.036298510 0.025945150 0.019075540 0.002800280 0.014751850 0.011740120 0.019050650 0.018121740 0.015597540 0.027343860 0.009292450 0.008798480 0.008076190 0.020069630 0.017516460 0.014313240 0.010287100 
41     0.015031420 0.013742060 0.014405290 0.020985000 0.022155310 0.018339560 0.019839290 0.018939570 0.001158250 0.002678080 0.014382940 0.017149620 0.018615840 0.008658600 0.000000000 0.000318700 0.015414710 0.012782150 0.009205380 0.019391620 0.003810580 0.011356000 0.021550420 0.033016060 0.019087910 0.031833670 0.023311980 0.019361400 0.024754680 0.028882900 0.016616380 0.014206220 0.034332590 0.046532960 0.040513500 0.008606710 0.027734590 0.003850080 0.012381040 0.010339810 0.033424100 0.022427940 0.026645850 0.022710710 0.001930270 0.004483650 0.015750540 0.015224690 0.015241510 0.023445180 0.027724770 
18     0.000944820 0.010676660 0.022602340 0.024842240 0.024802910 0.027519100 0.016897600 0.009189250 0.009422530 0.012438220 0.010344620 0.012665770 0.018740210 0.005142440 0.000318700 0.000000000 0.010537610 0.008792970 0.001186250 0.022948070 0.009825300 0.009990840 0.015946470 0.012843250 0.025011340 0.015551720 0.008209560 0.013836840 0.020795970 0.013262690 0.023353100 0.020559100 0.006311710 0.005247350 0.039945190 0.008811750 0.001782660 0.003647940 0.009111260 0.018278950 0.031120690 0.032468550 0.017693090 0.014052690 0.010178190 0.010900920 0.004313040 0.003212710 0.033644270 0.013676520 0.003471220 
12     0.020768510 0.039309160 0.025763260 0.018419620 0.013073040 0.019327360 0.016977230 0.018585020 0.017270350 0.007484220 0.020157570 0.009945670 0.011907660 0.012222340 0.015414710 0.010537610 0.000000000 0.003671270 0.019026690 0.010411980 0.009580300 0.021496980 0.007599560 0.002835190 0.011710780 0.023284970 0.016577390 0.011768340 0.021647740 0.031235070 0.010440360 0.007684140 0.015344460 0.039102700 0.005579710 0.006833350 0.015373460 0.011214590 0.011759210 0.010592160 0.035519730 0.005259850 0.031078910 0.021980290 0.010350270 0.004079720 0.010148070 0.000850200 0.018223780 0.010629370 0.053679260 
32     0.024681770 0.025533290 0.023139730 0.049692450 0.046891120 0.016180120 0.005458860 0.030765030 0.005011860 0.010608660 0.004313760 0.011861230 0.017237350 0.006872930 0.012782150 0.008792970 0.003671270 0.000000000 0.010160960 0.012790430 0.032831270 0.007215850 0.010910980 0.031227800 0.005635490 0.036132550 0.006975270 0.017177680 0.027152190 0.020800930 0.019571920 0.029568530 0.016977250 0.005849770 0.022548920 0.024930610 0.024047280 0.013171190 0.015823490 0.007854370 0.024857960 0.011871110 0.029398990 0.005161260 0.002966510 0.014754650 0.014055290 0.013464550 0.016265110 0.008183200 0.013895010 
39     0.009371950 0.042655690 0.028949940 0.022921930 0.032210880 0.003628070 0.005588760 0.014046810 0.030082680 0.008160200 0.011561890 0.008591930 0.018887700 0.000359100 0.009205380 0.001186250 0.019026690 0.010160960 0.000000000 0.009607260 0.020033040 0.014921870 0.003339670 0.004041030 0.010458610 0.022012690 0.002961010 0.003189440 0.004111800 0.026108750 0.002867590 0.003224810 0.013367200 0.036198000 0.027114090 0.009509320 0.010485710 0.007379280 0.012001850 0.007503460 0.015332940 0.025787180 0.015583680 0.015647140 0.001117930 0.015872590 0.025855020 0.001825840 0.002875320 0.018409830 0.006453060 
20     0.033325840 0.002336290 0.012192480 0.027432930 0.027405800 0.006397420 0.020189330 0.050911500 0.005075100 0.013443390 0.023168720 0.037125230 0.026425830 0.000625830 0.019391620 0.022948070 0.010411980 0.012790430 0.009607260 0.000000000 0.000872950 0.002143830 0.003028320 0.026865420 0.044956950 0.018943250 0.010361340 0.019091160 0.036869190 0.030241100 0.035487470 0.028578410 0.008328720 0.063738900 0.010286810 0.027039830 0.019676050 0.014429210 0.020461510 0.019186330 0.019953550 0.009240070 0.029490560 0.013647920 0.015247910 0.011067050 0.017164180 0.016089820 0.001316420 0.013132110 0.026612420 
30     0.003962720 0.008326150 0.011855590 0.040390140 0.029566390 0.014651540 0.000337840 0.005561730 0.041925550 0.005867640 0.003648260 0.020143610 0.024000960 0.034392740 0.003810580 0.009825300 0.009580300 0.032831270 0.020033040 0.000872950 0.000000000 0.002586480 0.006557680 0.002038050 0.026297650 0.010407390 0.011603560 0.007053520 0.004605260 0.005355070 0.022925510 0.021105440 0.013935440 0.039931050 0.007990940 0.012545670 0.017916280 0.005078420 0.010733200 0.016419660 0.029602890 0.007076910 0.006509540 0.027792840 0.010766770 0.021406020 0.024378210 0.015311080 0.007992000 0.029729370 0.039810180 
36     0.028247950 0.012516530 0.020128880 0.030595610 0.038895600 0.010444360 0.009581090 0.010060630 0.032088720 0.012139640 0.015460320 0.025810190 0.020613760 0.031765870 0.011356000 0.009990840 0.021496980 0.007215850 0.014921870 0.002143830 0.002586480 0.000000000 0.003484220 0.017993330 0.009638230 0.002559900 0.011878530 0.013389650 0.032109020 0.006584350 0.010578010 0.015953410 0.013652960 0.048136030 0.036245090 0.022666060 0.023839510 0.008450980 0.010671010 0.016856360 0.013964800 0.031303530 0.019699340 0.022229510 0.000237280 0.006516870 0.024795640 0.004598290 0.003553930 0.025688670 0.038787950 
38     0.009309240 0.011491720 0.012465070 0.016047060 0.021929550 0.004437980 0.017866940 0.016828620 0.041190330 0.012284050 0.035157500 0.027000380 0.020459950 0.012631720 0.021550420 0.015946470 0.007599560 0.010910980 0.003339670 0.003028320 0.006557680 0.003484220 0.000000000 0.018748160 0.022987740 0.004420910 0.033154490 0.004858780 0.032587120 0.026615060 0.030149910 0.029283940 0.033399420 0.033725120 0.021714260 0.005039790 0.026065440 0.002815880 0.003407900 0.007118290 0.011097160 0.022704770 0.022837270 0.005474770 0.021201580 0.014978310 0.017715710 0.008417840 0.027089860 0.018197010 0.037624880 
47     0.003679580 0.028599870 0.016920010 0.027986800 0.016118360 0.014796830 0.010996600 0.010491510 0.003491100 0.017583790 0.015153680 0.019550600 0.022440350 0.006076830 0.033016060 0.012843250 0.002835190 0.031227800 0.004041030 0.026865420 0.002038050 0.017993330 0.018748160 0.000000000 0.008549900 0.010701930 0.000007020 0.006608670 0.027634970 0.004037520 0.010173950 0.019186140 0.001620480 0.034895130 0.027782690 0.007335190 0.015547460 0.007255240 0.014756290 0.004515420 0.011420080 0.016776530 0.013055330 0.016895590 0.008316800 0.005334060 0.010931190 0.006261290 0.001415340 0.012933320 0.038158720 
33     0.005307160 0.031288790 0.005340860 0.034648380 0.036899110 0.017908180 0.007403860 0.031734130 0.030747420 0.023421050 0.034941400 0.015184240 0.021147210 0.022449950 0.019087910 0.025011340 0.011710780 0.005635490 0.010458610 0.044956950 0.026297650 0.009638230 0.022987740 0.008549900 0.000000000 0.009234190 0.005218880 0.009321130 0.006937380 0.011272610 0.020427160 0.016624650 0.012098380 0.027027190 0.042853630 0.022428730 0.022778130 0.005759720 0.007906820 0.013435250 0.023558550 0.016344570 0.022958660 0.021318640 0.010396190 0.006397790 0.019148230 0.012951250 0.015547820 0.016996650 0.024925380 
15     0.002581380 0.022599620 0.008960240 0.022587700 0.008243390 0.007635980 0.018875830 0.015437730 0.021904930 0.026524230 0.019318890 0.017346940 0.025822690 0.024019490 0.031833670 0.015551720 0.023284970 0.036132550 0.022012690 0.018943250 0.010407390 0.002559900 0.004420910 0.010701930 0.009234190 0.000000000 0.009647250 0.019686840 0.012713550 0.017694810 0.008346730 0.009031110 0.010348950 0.009915570 0.031438780 0.014396650 0.016011080 0.005544620 0.008156340 0.008141340 0.024349380 0.029811790 0.027143280 0.020071540 0.004720310 0.004644520 0.016754390 0.007505500 0.023402350 0.010624640 0.005345600 
48     0.028046650 0.015223710 0.026652810 0.026344270 0.024154740 0.004255590 0.016276790 0.024068780 0.037440280 0.015321520 0.047126760 0.047802050 0.040278330 0.016157090 0.023311980 0.008209560 0.016577390 0.006975270 0.002961010 0.010361340 0.011603560 0.011878530 0.033154490 0.000007020 0.005218880 0.009647250 0.000000000 0.000077850 0.009950910 0.000891780 0.004299670 0.002914640 0.006076530 0.032814960 0.021295310 0.012835910 0.020862970 0.005174260 0.003230860 0.009529820 0.006932860 0.018815280 0.023768010 0.015994360 0.006720800 0.012814410 0.018783420 0.006856750 0.007029520 0.003647240 0.020377760 
26     0.004744370 0.021677680 0.008277370 0.010519020 0.025648600 0.029899570 0.019220830 0.022946950 0.039883850 0.020940640 0.015420120 0.011524630 0.025141460 0.010901170 0.019361400 0.013836840 0.011768340 0.017177680 0.003189440 0.019091160 0.007053520 0.013389650 0.004858780 0.006608670 0.009321130 0.019686840 0.000077850 0.000000000 0.007715810 0.000051150 0.003265220 0.000036850 0.016419620 0.016867580 0.012799000 0.015381340 0.017796500 0.008643810 0.015491760 0.007701170 0.021444440 0.029292560 0.011263500 0.024921690 0.007009620 0.012078420 0.013723110 0.008200770 0.016186320 0.005383670 0.013393800 
40     0.004923700 0.015896540 0.027274930 0.032669040 0.034443290 0.034828240 0.018568200 0.030178930 0.024803760 0.015220490 0.039782860 0.042232790 0.049097250 0.027300540 0.024754680 0.020795970 0.021647740 0.027152190 0.004111800 0.036869190 0.004605260 0.032109020 0.032587120 0.027634970 0.006937380 0.012713550 0.009950910 0.007715810 0.000000000 0.000341450 0.010409820 0.012437340 0.012895990 0.016085790 0.008151500 0.006496340 0.015598120 0.012700910 0.017580410 0.013592020 0.010730380 0.015491600 0.006032310 0.005677150 0.011363230 0.012429960 0.025478250 0.015980140 0.031749520 0.015102000 0.014995100 
11     0.002071450 0.025434560 0.006501200 0.038842460 0.037608850 0.013365570 0.031648810 0.029635670 0.034420040 0.019360280 0.021343600 0.020818860 0.029340600 0.017193020 0.028882900 0.013262690 0.031235070 0.020800930 0.026108750 0.030241100 0.005355070 0.006584350 0.026615060 0.004037520 0.011272610 0.017694810 0.000891780 0.000051150 0.000341450 0.000000000 0.009866560 0.013383990 0.012554830 0.030255940 0.032960310 0.007581040 0.005893960 0.017704580 0.016555610 0.006446460 0.009865640 0.004002090 0.006795190 0.009997830 0.008166080 0.004483910 0.023018750 0.004488720 0.001961070 0.014356420 0.011425600 
25     0.035257270 0.035830960 0.029793570 0.047961080 0.039354360 0.040184880 0.039657820 0.024333750 0.012250760 0.010516170 0.028593010 0.030672580 0.042707800 0.013363370 0.016616380 0.023353100 0.010440360 0.019571920 0.002867590 0.035487470 0.022925510 0.010578010 0.030149910 0.010173950 0.020427160 0.008346730 0.004299670 0.003265220 0.010409820 0.009866560 0.000000000 0.000100200 0.006614830 0.026941320 0.013142110 0.016171050 0.028043980 0.004421950 0.005957000 0.011763430 0.036432710 0.008879490 0.010515870 0.021573030 0.013163700 0.017216910 0.005596020 0.020206900 0.014207140 0.017965460 0.039785130 
13     0.031973930 0.064790800 0.021769830 0.042778000 0.032236630 0.005537590 0.000430100 0.015600170 0.010967340 0.008410260 0.027140080 0.018976190 0.041254870 0.003972430 0.014206220 0.020559100 0.007684140 0.029568530 0.003224810 0.028578410 0.021105440 0.015953410 0.029283940 0.019186140 0.016624650 0.009031110 0.002914640 0.000036850 0.012437340 0.013383990 0.000100200 0.000000000 0.010770340 0.046308150 0.015221210 0.019094900 0.024857740 0.005800700 0.014568960 0.012461510 0.037239060 0.007648150 0.009284530 0.025090460 0.013820030 0.014362240 0.006252350 0.018293980 0.014157140 0.018309250 0.043646590 
14     0.020722280 0.026361390 0.007264720 0.019334240 0.013622460 0.018059980 0.013817960 0.013752110 0.012577840 0.010188640 0.007183280 0.004175150 0.014139710 0.012267400 0.034332590 0.006311710 0.015344460 0.016977250 0.013367200 0.008328720 0.013935440 0.013652960 0.033399420 0.001620480 0.012098380 0.010348950 0.006076530 0.016419620 0.012895990 0.012554830 0.006614830 0.010770340 0.000000000 0.006867680 0.002756460 0.004666810 0.009315700 0.001820780 0.003477860 0.005673730 0.012039490 0.002857800 0.008140920 0.000636360 0.002323150 0.003059730 0.002198170 0.002055630 0.005449150 0.001549990 0.026653230 
44     0.044369150 0.044656040 0.024511160 0.030037420 0.019650260 0.002890740 0.036051820 0.029540540 0.002055250 0.049359600 0.022260260 0.021379440 0.005558240 0.034250130 0.046532960 0.005247350 0.039102700 0.005849770 0.036198000 0.063738900 0.039931050 0.048136030 0.033725120 0.034895130 0.027027190 0.009915570 0.032814960 0.016867580 0.016085790 0.030255940 0.026941320 0.046308150 0.006867680 0.000000000 0.000283810 0.003664000 0.013301660 0.003955530 0.008216790 0.001775610 0.018564260 0.028561750 0.029034780 0.035698070 0.002970930 0.004313740 0.008225970 0.008083430 0.031089850 0.015191020 0.020338320 
7     0.042344200 0.007461680 0.034211190 0.040125680 0.029738520 0.053979940 0.039064360 0.011994910 0.027048660 0.043209340 0.025070670 0.021112450 0.025631290 0.036298510 0.040513500 0.039945190 0.005579710 0.022548920 0.027114090 0.010286810 0.007990940 0.036245090 0.021714260 0.027782690 0.042853630 0.031438780 0.021295310 0.012799000 0.008151500 0.032960310 0.013142110 0.015221210 0.002756460 0.000283810 0.000000000 0.001496060 0.001839820 0.001567830 0.010496160 0.000620000 0.025247630 0.008113670 0.007262790 0.027360740 0.006685630 0.019175790 0.018314230 0.018171690 0.024295700 0.025279280 0.028982180 
43     0.012784890 0.012327860 0.022490450 0.014739850 0.014075920 0.026429870 0.018488770 0.022766240 0.022423990 0.028265580 0.023586790 0.022705970 0.023434050 0.025945150 0.008606710 0.008811750 0.006833350 0.024930610 0.009509320 0.027039830 0.012545670 0.022666060 0.005039790 0.007335190 0.022428730 0.014396650 0.012835910 0.015381340 0.006496340 0.007581040 0.016171050 0.019094900 0.004666810 0.003664000 0.001496060 0.000000000 0.001425360 0.001471330 0.003429760 0.002865090 0.014857510 0.011752990 0.010437730 0.007941600 0.010971200 0.011383480 0.010521920 0.007925070 0.013419580 0.008532740 0.021007950 
21     0.012436990 0.010470370 0.032954430 0.022525860 0.024433320 0.012928630 0.014505190 0.007730350 0.013844540 0.011673020 0.037796630 0.036915810 0.037643890 0.019075540 0.027734590 0.001782660 0.015373460 0.024047280 0.010485710 0.019676050 0.017916280 0.023839510 0.026065440 0.015547460 0.022778130 0.016011080 0.020862970 0.017796500 0.015598120 0.005893960 0.028043980 0.024857740 0.009315700 0.013301660 0.001839820 0.001425360 0.000000000 0.000933460 0.003667080 0.002449690 0.022495630 0.021090620 0.018666510 0.023854470 0.011516020 0.015172570 0.014311010 0.012127230 0.015668970 0.013971010 0.029295960 
16     0.009248830 0.013256850 0.016909510 0.026776330 0.016389170 0.000980450 0.003270910 0.005674670 0.009986960 0.009418930 0.008283400 0.007501880 0.010026230 0.002800280 0.003850080 0.003647940 0.011214590 0.013171190 0.007379280 0.014429210 0.005078420 0.008450980 0.002815880 0.007255240 0.005759720 0.005544620 0.005174260 0.008643810 0.012700910 0.017704580 0.004421950 0.005800700 0.001820780 0.003955530 0.001567830 0.001471330 0.000933460 0.000000000 0.000661580 0.001664540 0.006497480 0.011959190 0.005934680 0.003048430 0.000696340 0.004879830 0.003778010 0.000222580 0.016354550 0.005776310 0.018174810 
42     0.009498220 0.013949830 0.010977080 0.009257660 0.011165120 0.008436720 0.002105160 0.006392330 0.013519100 0.007529420 0.009980730 0.003700750 0.011723560 0.014751850 0.012381040 0.009111260 0.011759210 0.015823490 0.012001850 0.020461510 0.010733200 0.010671010 0.003407900 0.014756290 0.007906820 0.008156340 0.003230860 0.015491760 0.017580410 0.016555610 0.005957000 0.014568960 0.003477860 0.008216790 0.010496160 0.003429760 0.003667080 0.000661580 0.000000000 0.001993080 0.004716430 0.008597490 0.003719730 0.004467810 0.001250710 0.008637840 0.012578820 0.004116510 0.019081510 0.010058030 0.025222420 
31     0.025299070 0.012733980 0.022201510 0.006184060 0.008091520 0.025337550 0.011258150 0.022140730 0.008025690 0.032205510 0.005973920 0.011619620 0.007716750 0.011740120 0.010339810 0.018278950 0.010592160 0.007854370 0.007503460 0.019186330 0.016419660 0.016856360 0.007118290 0.004515420 0.013435250 0.008141340 0.009529820 0.007701170 0.013592020 0.006446460 0.011763430 0.012461510 0.005673730 0.001775610 0.000620000 0.002865090 0.002449690 0.001664540 0.001993080 0.000000000 0.013470000 0.014644460 0.010278460 0.004652330 0.000788760 0.006183160 0.009080770 0.006515470 0.008721000 0.007643690 0.017389000 
28     0.027702220 0.020993060 0.022254140 0.026087990 0.030092360 0.028263910 0.013038390 0.021910100 0.027354280 0.024752750 0.032879530 0.014232000 0.024362910 0.019050650 0.033424100 0.031120690 0.035519730 0.024857960 0.015332940 0.019953550 0.029602890 0.013964800 0.011097160 0.011420080 0.023558550 0.024349380 0.006932860 0.021444440 0.010730380 0.009865640 0.036432710 0.037239060 0.012039490 0.018564260 0.025247630 0.014857510 0.022495630 0.006497480 0.004716430 0.013470000 0.000000000 0.001378940 0.000809170 0.004040460 0.007634780 0.004104790 0.010884990 0.000781620 0.008783010 0.006963280 0.034902850 
19     0.001500980 0.014325610 0.008158490 0.030305870 0.033066010 0.014448560 0.010150170 0.022839370 0.010472390 0.016911750 0.001341700 0.010827810 0.023163620 0.018121740 0.022427940 0.032468550 0.005259850 0.011871110 0.025787180 0.009240070 0.007076910 0.031303530 0.022704770 0.016776530 0.016344570 0.029811790 0.018815280 0.029292560 0.015491600 0.004002090 0.008879490 0.007648150 0.002857800 0.028561750 0.008113670 0.011752990 0.021090620 0.011959190 0.008597490 0.014644460 0.001378940 0.000000000 0.000599530 0.008642310 0.006612020 0.008687140 0.008533060 0.001890080 0.012515080 0.004521120 0.012826490 
10     0.017012210 0.010639370 0.026434970 0.019836000 0.023840370 0.024237090 0.005533590 0.023288610 0.007888850 0.013915100 0.012346760 0.012351390 0.024904790 0.015597540 0.026645850 0.017693090 0.031078910 0.029398990 0.015583680 0.029490560 0.006509540 0.019699340 0.022837270 0.013055330 0.022958660 0.027143280 0.023768010 0.011263500 0.006032310 0.006795190 0.010515870 0.009284530 0.008140920 0.029034780 0.007262790 0.010437730 0.018666510 0.005934680 0.003719730 0.010278460 0.000809170 0.000599530 0.000000000 0.006165810 0.005013670 0.006803930 0.010206860 0.001935280 0.012787140 0.003238090 0.010403750 
35     0.029005100 0.041924390 0.017678630 0.033498350 0.037502720 0.036232010 0.007534220 0.031931320 0.037415660 0.029813290 0.021308570 0.020786560 0.037324240 0.027343860 0.022710710 0.014052690 0.021980290 0.005161260 0.015647140 0.013647920 0.027792840 0.022229510 0.005474770 0.016895590 0.021318640 0.020071540 0.015994360 0.024921690 0.005677150 0.009997830 0.021573030 0.025090460 0.000636360 0.035698070 0.027360740 0.007941600 0.023854470 0.003048430 0.004467810 0.004652330 0.004040460 0.008642310 0.006165810 0.000000000 0.001670960 0.012200170 0.010284450 0.002738770 0.006271950 0.008076050 0.068561100 
50     0.003566670 0.019256420 0.007588280 0.018424120 0.015457280 0.023648190 0.001054970 0.019239140 0.012484210 0.009492620 0.002566270 0.008206410 0.020834210 0.009292450 0.001930270 0.010178190 0.010350270 0.002966510 0.001117930 0.015247910 0.010766770 0.000237280 0.021201580 0.008316800 0.010396190 0.004720310 0.006720800 0.007009620 0.011363230 0.008166080 0.013163700 0.013820030 0.002323150 0.002970930 0.006685630 0.010971200 0.011516020 0.000696340 0.001250710 0.000788760 0.007634780 0.006612020 0.005013670 0.001670960 0.000000000 0.000029600 0.001726780 0.002831510 0.005163430 0.004029130 0.013771600 
17     0.037575710 0.026498070 0.018052010 0.019289950 0.009380010 0.011312770 0.014118990 0.020764160 0.018686670 0.013643110 0.023004060 0.012715600 0.017903830 0.008798480 0.004483650 0.010900920 0.004079720 0.014754650 0.015872590 0.011067050 0.021406020 0.006516870 0.014978310 0.005334060 0.006397790 0.004644520 0.012814410 0.012078420 0.012429960 0.004483910 0.017216910 0.014362240 0.003059730 0.004313740 0.019175790 0.011383480 0.015172570 0.004879830 0.008637840 0.006183160 0.004104790 0.008687140 0.006803930 0.012200170 0.000029600 0.000000000 0.000177060 0.002025020 0.003130310 0.005007860 0.014923660 
34     0.043012550 0.033386590 0.017453380 0.022039890 0.011652730 0.017343770 0.017441420 0.020623010 0.021275020 0.016435790 0.011858060 0.030795210 0.026214710 0.008076190 0.015750540 0.004313040 0.010148070 0.014055290 0.025855020 0.017164180 0.024378210 0.024795640 0.017715710 0.010931190 0.019148230 0.016754390 0.018783420 0.013723110 0.025478250 0.023018750 0.005596020 0.006252350 0.002198170 0.008225970 0.018314230 0.010521920 0.014311010 0.003778010 0.012578820 0.009080770 0.010884990 0.008533060 0.010206860 0.010284450 0.001726780 0.000177060 0.000000000 0.001163460 0.004509010 0.006752040 0.024493270 
37     0.021105570 0.027147020 0.016406180 0.022974910 0.012587750 0.006538160 0.014186030 0.018733850 0.021828870 0.005675250 0.012371280 0.012328550 0.007889240 0.020069630 0.015224690 0.003212710 0.000850200 0.013464550 0.001825840 0.016089820 0.015311080 0.004598290 0.008417840 0.006261290 0.012951250 0.007505500 0.006856750 0.008200770 0.015980140 0.004488720 0.020206900 0.018293980 0.002055630 0.008083430 0.018171690 0.007925070 0.012127230 0.000222580 0.004116510 0.006515470 0.000781620 0.001890080 0.001935280 0.002738770 0.002831510 0.002025020 0.001163460 0.000000000 0.000573400 0.006324620 0.017321810 
9     0.023872870 0.029914320 0.018928360 0.028214650 0.039850340 0.003314210 0.006636190 0.026286400 0.020304510 0.020757550 0.030299010 0.023860720 0.024528720 0.017516460 0.015241510 0.033644270 0.018223780 0.016265110 0.002875320 0.001316420 0.007992000 0.003553930 0.027089860 0.001415340 0.015547820 0.023402350 0.007029520 0.016186320 0.031749520 0.001961070 0.014207140 0.014157140 0.005449150 0.031089850 0.024295700 0.013419580 0.015668970 0.016354550 0.019081510 0.008721000 0.008783010 0.012515080 0.012787140 0.006271950 0.005163430 0.003130310 0.004509010 0.000573400 0.000000000 0.004521150 0.034013870 
45     0.023622140 0.021650900 0.036396020 0.028243400 0.019695900 0.017416590 0.010729470 0.009544650 0.022132570 0.032697400 0.032958210 0.013104470 0.022441090 0.014313240 0.023445180 0.013676520 0.010629370 0.008183200 0.018409830 0.013132110 0.029729370 0.025688670 0.018197010 0.012933320 0.016996650 0.010624640 0.003647240 0.005383670 0.015102000 0.014356420 0.017965460 0.018309250 0.001549990 0.015191020 0.025279280 0.008532740 0.013971010 0.005776310 0.010058030 0.007643690 0.006963280 0.004521120 0.003238090 0.008076050 0.004029130 0.005007860 0.006752040 0.006324620 0.004521150 0.000000000 0.010609900 
0     0.065161270 0.075741320 0.011504180 0.032866640 0.034508930 0.020543450 0.024907970 0.025340050 0.025172000 0.012305720 0.001819450 0.027641050 0.026243580 0.010287100 0.027724770 0.003471220 0.053679260 0.013895010 0.006453060 0.026612420 0.039810180 0.038787950 0.037624880 0.038158720 0.024925380 0.005345600 0.020377760 0.013393800 0.014995100 0.011425600 0.039785130 0.043646590 0.026653230 0.020338320 0.028982180 0.021007950 0.029295960 0.018174810 0.025222420 0.017389000 0.034902850 0.012826490 0.010403750 0.068561100 0.013771600 0.014923660 0.024493270 0.017321810 0.034013870 0.010609900 0.000000000 
