51
4     0.000000000 0.075367629 0.288510143 0.321887590 0.320505005 0.289366636 0.396070927 0.399714340 0.413261567 0.402062533 0.414578254 0.416549751 0.423794824 0.427192216 0.415565263 0.394297455 0.419827660 0.398598346 0.388601086 0.390107400 0.401147448 0.391939367 0.385871484 0.416840687 0.421515062 0.443893532 0.408228163 0.416223424 0.420650543 0.410644304 0.418914874 0.418653825 0.385101801 0.495734957 0.496219869 0.383938519 0.395160796 0.368511361 0.378143636 0.377349605 0.408501534 0.403941445 0.402522629 0.433918144 0.378137242 0.384400822 0.391344478 0.378055294 0.410449159 0.419486937 0.713332424 
1     0.075367629 0.000000000 0.295972551 0.329280790 0.327810915 0.296747168 0.407179906 0.410932668 0.424315047 0.413118207 0.425533834 0.427594171 0.434550459 0.437820007 0.426583096 0.405304732 0.431043098 0.409082704 0.399629100 0.401210269 0.412234339 0.402978427 0.397151072 0.426490113 0.431502809 0.453611581 0.417784880 0.426230680 0.430622340 0.420776867 0.427248266 0.426987217 0.394505461 0.505126165 0.505317762 0.393412691 0.404601056 0.377862546 0.387186960 0.386624338 0.417737074 0.413220626 0.411624896 0.443135675 0.387461762 0.393660654 0.400646851 0.387285939 0.419706344 0.429324421 0.721897731 
2     0.288510143 0.295972551 0.000000000 0.188067824 0.187803448 0.159030618 0.291355156 0.295073543 0.307856401 0.298413696 0.308718837 0.310951743 0.319310487 0.316749167 0.308970931 0.289417204 0.314790606 0.291969549 0.283639049 0.284742135 0.295625746 0.286378382 0.281626035 0.310904770 0.317421962 0.339235152 0.303477302 0.312036147 0.315667584 0.304065725 0.312888482 0.312616951 0.281061671 0.393414038 0.394019248 0.281215459 0.293467630 0.266839120 0.275870531 0.276510365 0.303325306 0.298165120 0.297393749 0.328438715 0.273295567 0.279660043 0.286379344 0.273267956 0.304789097 0.315618219 0.605096757 
3     0.321887590 0.329280790 0.188067824 0.000000000 0.045910492 0.102108953 0.322192796 0.325789419 0.338250075 0.328998112 0.338772426 0.341130757 0.349661829 0.353721942 0.341433922 0.321090584 0.347465351 0.323842661 0.314250066 0.316728594 0.327786310 0.317517652 0.313537996 0.351404633 0.358434103 0.380623453 0.343522426 0.350787256 0.355619431 0.345062567 0.352585096 0.352158366 0.318876692 0.431233881 0.432448933 0.319603979 0.331405397 0.305076819 0.315042726 0.314819972 0.343296414 0.338286784 0.337624918 0.368793684 0.314205871 0.319802326 0.326698191 0.312713702 0.344976333 0.355004211 0.632615390 
5     0.320505005 0.327810915 0.187803448 0.045910492 0.000000000 0.101033223 0.322178757 0.325775381 0.338212126 0.328137200 0.338781163 0.341117108 0.349648181 0.353707222 0.341218958 0.321001461 0.347390066 0.323881171 0.314651404 0.316737478 0.327801564 0.317532907 0.313553250 0.350708039 0.357687690 0.379752247 0.342846175 0.350154533 0.355085141 0.344552544 0.351947678 0.351549726 0.318262007 0.430584986 0.431800039 0.318955085 0.330756502 0.304584427 0.314133159 0.314171078 0.342742421 0.337714962 0.337053097 0.368221863 0.313716396 0.319295022 0.326190887 0.312234018 0.344508188 0.354693880 0.632410475 
6     0.289366636 0.296747168 0.159030618 0.102108953 0.101033223 0.000000000 0.295974789 0.299294138 0.312086480 0.301699192 0.313123033 0.315671191 0.323992529 0.327751658 0.314461987 0.294756430 0.321956470 0.297785274 0.288812239 0.292160183 0.303208697 0.292111564 0.288318968 0.321531185 0.327549397 0.348970679 0.313631463 0.321469208 0.326001485 0.315058798 0.322814671 0.322377138 0.289954200 0.402474321 0.403292103 0.290064001 0.301846119 0.275176783 0.284236395 0.285554172 0.314264527 0.309354095 0.308515811 0.339606569 0.285273806 0.291097106 0.297986418 0.284395077 0.316539113 0.325774451 0.608013748 
27     0.396070927 0.407179906 0.291355156 0.322192796 0.322178757 0.295974789 0.000000000 0.042143151 0.133755659 0.122936395 0.229235448 0.231702021 0.238800249 0.239188996 0.232403368 0.209223381 0.243832554 0.225910404 0.211557797 0.219630542 0.226208894 0.219057389 0.212466148 0.279534155 0.288103174 0.311018111 0.273009807 0.281197201 0.291662699 0.281564893 0.282398872 0.282292962 0.248735023 0.367403987 0.366098502 0.249902672 0.263433958 0.234741166 0.244034608 0.244686093 0.275410480 0.268892187 0.268215590 0.300766128 0.246787759 0.251987616 0.259250794 0.246337570 0.275705728 0.286222938 0.610550496 
49     0.399714340 0.410932668 0.295073543 0.325789419 0.325775381 0.299294138 0.042143151 0.000000000 0.138506732 0.127461456 0.232891350 0.235276651 0.242480454 0.243516778 0.236375929 0.212590120 0.248809620 0.230250749 0.215119897 0.223455265 0.230128457 0.222830311 0.216332285 0.283622713 0.292336056 0.314476123 0.276825636 0.284536700 0.294944528 0.284846723 0.285791565 0.285696784 0.251315972 0.369765200 0.368505353 0.252686127 0.265814270 0.237195310 0.246629190 0.247481002 0.278060168 0.271429192 0.270767539 0.303383893 0.249391273 0.254643381 0.262003387 0.249029392 0.278469971 0.289955655 0.613605999 
8     0.413261567 0.424315047 0.307856401 0.338250075 0.338212126 0.312086480 0.133755659 0.138506732 0.000000000 0.123322229 0.249369906 0.251744589 0.259047818 0.258600709 0.250095439 0.227929088 0.263799118 0.243191395 0.229672342 0.238789843 0.248963369 0.238747037 0.232207421 0.296944500 0.306042182 0.327478627 0.291917262 0.299694492 0.310136449 0.300057123 0.300230828 0.300406299 0.266482394 0.384728144 0.383973656 0.268228974 0.281452880 0.252747550 0.262159440 0.262087057 0.293817405 0.287086845 0.286370710 0.318693400 0.264967479 0.270176462 0.277214920 0.264156309 0.294881705 0.305135967 0.633113957 
29     0.402062533 0.413118207 0.298413696 0.328998112 0.328137200 0.301699192 0.122936395 0.127461456 0.123322229 0.000000000 0.238920710 0.241357147 0.248624809 0.248443537 0.241775705 0.218444795 0.253267532 0.234584455 0.221138337 0.229668066 0.239565474 0.229152015 0.223178888 0.289494938 0.298031361 0.319197553 0.282829820 0.291035374 0.301539154 0.291530988 0.291186884 0.291217155 0.258419477 0.377093055 0.375815241 0.260196039 0.273323148 0.244683631 0.254173525 0.253796204 0.285246331 0.278612530 0.277681317 0.310253846 0.256097882 0.261439343 0.268723962 0.255420384 0.284922565 0.296741145 0.623918436 
46     0.414578254 0.425533834 0.308718837 0.338772426 0.338781163 0.313123033 0.229235448 0.232891350 0.249369906 0.238920710 0.000000000 0.048863408 0.067694759 0.245303998 0.247054270 0.225292416 0.263871789 0.240798173 0.227399199 0.232108772 0.242490966 0.233467614 0.228811629 0.295633969 0.303307583 0.326163696 0.289048575 0.296161113 0.309028441 0.299047229 0.297726966 0.297469948 0.263447642 0.384120979 0.383502008 0.270618591 0.284362828 0.255280975 0.265254489 0.266230778 0.289478470 0.283362257 0.282976431 0.315437205 0.262041151 0.266293333 0.273430489 0.260524258 0.289752817 0.300778271 0.626041440 
22     0.416549751 0.427594171 0.310951743 0.341130757 0.341117108 0.315671191 0.231702021 0.235276651 0.251744589 0.241357147 0.048863408 0.000000000 0.072874870 0.247993316 0.248891394 0.228077440 0.265162562 0.242922256 0.228977572 0.234568427 0.244464851 0.235547558 0.230742904 0.298325402 0.305806337 0.330017542 0.291523524 0.298633601 0.311400190 0.301387828 0.300088960 0.300013223 0.265477506 0.386831874 0.386090133 0.274097374 0.286703865 0.257529737 0.267590162 0.268431110 0.290957082 0.284856076 0.284394556 0.316923435 0.263487003 0.267899034 0.274951467 0.262013874 0.291651810 0.302442631 0.630232628 
23     0.423794824 0.434550459 0.319310487 0.349661829 0.349648181 0.323992529 0.238800249 0.242480454 0.259047818 0.248624809 0.067694759 0.072874870 0.000000000 0.255490647 0.257040411 0.235162547 0.273581296 0.250840878 0.237779486 0.244455250 0.254305958 0.245541562 0.240852389 0.307675029 0.315060529 0.338264445 0.301151263 0.308365117 0.321209199 0.311035701 0.309803498 0.309766501 0.275040616 0.396054686 0.395299971 0.281995622 0.295433494 0.266447372 0.276288914 0.276410726 0.301213997 0.295107135 0.294853042 0.327156794 0.273453712 0.278150264 0.285111994 0.271973531 0.301791756 0.312416179 0.637730525 
24     0.427192216 0.437820007 0.316749167 0.353721942 0.353707222 0.327751658 0.239188996 0.243516778 0.258600709 0.248443537 0.245303998 0.247993316 0.255490647 0.000000000 0.257950735 0.237754287 0.271537646 0.251487393 0.241705725 0.248485440 0.258807389 0.249837481 0.242251578 0.310656475 0.318390629 0.341291948 0.303590426 0.310894766 0.321596736 0.311711856 0.312070789 0.311485961 0.277992321 0.398269898 0.397041927 0.281085631 0.294795379 0.266534043 0.276581367 0.276572345 0.305522514 0.298596899 0.298252810 0.330727733 0.276011656 0.281647434 0.288961867 0.275250143 0.306533613 0.316724779 0.635646072 
41     0.415565263 0.426583096 0.308970931 0.341433922 0.341218958 0.314461987 0.232403368 0.236375929 0.250095439 0.241775705 0.247054270 0.248891394 0.257040411 0.257950735 0.000000000 0.144710359 0.262829151 0.242938852 0.227413972 0.238484203 0.249023461 0.239653493 0.233397768 0.300005525 0.307403060 0.332013786 0.292905291 0.299949682 0.313897121 0.304210266 0.300968379 0.300938799 0.268669944 0.387571320 0.386496222 0.272931978 0.284810308 0.256156575 0.265116719 0.266860088 0.294352961 0.287663864 0.287305063 0.319730591 0.265160364 0.270121905 0.277462301 0.263888486 0.295957967 0.304835182 0.631164341 
18     0.394297455 0.405304732 0.289417204 0.321090584 0.321001461 0.294756430 0.209223381 0.212590120 0.227929088 0.218444795 0.225292416 0.228077440 0.235162547 0.237754287 0.144710359 0.000000000 0.240655441 0.222351031 0.206434566 0.215435535 0.224251184 0.216906304 0.210351845 0.278112617 0.287972549 0.308868125 0.272331511 0.279394850 0.292334302 0.282390881 0.280886589 0.280859403 0.247767376 0.366267098 0.365434448 0.250494647 0.262536860 0.235702891 0.245237809 0.246226704 0.273433442 0.266901194 0.266567435 0.298184308 0.244061197 0.249298607 0.256483938 0.242858625 0.273052553 0.285271263 0.608445042 
12     0.419827660 0.431043098 0.314790606 0.347465351 0.347390066 0.321956470 0.243832554 0.248809620 0.263799118 0.253267532 0.263871789 0.265162562 0.273581296 0.271537646 0.262829151 0.240655441 0.000000000 0.237601251 0.227913328 0.233844100 0.245025121 0.234856126 0.229078515 0.306552018 0.312563767 0.337977356 0.299167722 0.307817590 0.316022994 0.306002951 0.307580661 0.307552465 0.274163979 0.394949093 0.393630373 0.277043531 0.289738625 0.260634543 0.271259228 0.271334929 0.299018273 0.293024851 0.292160132 0.324417222 0.268681620 0.273834745 0.280689026 0.268450442 0.300793864 0.309255819 0.641091849 
32     0.398598346 0.409082704 0.291969549 0.323842661 0.323881171 0.297785274 0.225910404 0.230250749 0.243191395 0.234584455 0.240798173 0.242922256 0.250840878 0.251487393 0.242938852 0.222351031 0.237601251 0.000000000 0.208037843 0.213065647 0.224597785 0.214245144 0.208215105 0.283432510 0.291005217 0.315996026 0.276940331 0.285229264 0.295746579 0.285600874 0.285763285 0.285738581 0.252625338 0.372037583 0.370874074 0.256065407 0.268179886 0.239650779 0.250173512 0.249968530 0.279041750 0.272101080 0.271939127 0.303922224 0.248754708 0.253192279 0.260440590 0.248565180 0.279761703 0.288513754 0.615785229 
39     0.388601086 0.399629100 0.283639049 0.314250066 0.314651404 0.288812239 0.211557797 0.215119897 0.229672342 0.221138337 0.227399199 0.228977572 0.237779486 0.241705725 0.227413972 0.206434566 0.227913328 0.208037843 0.000000000 0.157339223 0.168145111 0.158523642 0.151582021 0.267300352 0.275277168 0.299469232 0.260714814 0.267997223 0.280981316 0.270391021 0.269360836 0.269249338 0.236147323 0.354931817 0.353685316 0.240917784 0.253095212 0.224488332 0.234447906 0.234682917 0.261903822 0.255139880 0.255671467 0.286525590 0.231862091 0.237058551 0.244481812 0.230669246 0.264182961 0.273753273 0.601986634 
20     0.390107400 0.401210269 0.284742135 0.316728594 0.316737478 0.292160183 0.219630542 0.223455265 0.238789843 0.229668066 0.232108772 0.234568427 0.244455250 0.248485440 0.238484203 0.215435535 0.233844100 0.213065647 0.157339223 0.000000000 0.072083764 0.071398116 0.088688350 0.273501608 0.280403443 0.304650147 0.264932861 0.272215629 0.285117269 0.274790272 0.274176112 0.274028262 0.242324722 0.362304421 0.361041215 0.249642294 0.262114784 0.232503118 0.243208561 0.243667317 0.268171435 0.262612272 0.262203869 0.293677449 0.239249101 0.244870854 0.252303485 0.238294681 0.269764785 0.278550699 0.608664542 
30     0.401147448 0.412234339 0.295625746 0.327786310 0.327801564 0.303208697 0.226208894 0.230128457 0.248963369 0.239565474 0.242490966 0.244464851 0.254305958 0.258807389 0.249023461 0.224251184 0.245025121 0.224597785 0.168145111 0.072083764 0.000000000 0.084930390 0.101041417 0.281102074 0.290549642 0.312925189 0.272705292 0.280173274 0.292313656 0.281979880 0.281744763 0.281569365 0.249373192 0.370281577 0.369079804 0.257284683 0.269872724 0.240079044 0.250584862 0.251400811 0.275413325 0.269975639 0.269407427 0.301187689 0.246329749 0.252318366 0.259448321 0.245839677 0.277601777 0.286404004 0.614653931 
36     0.391939367 0.402978427 0.286378382 0.317517652 0.317532907 0.292111564 0.219057389 0.222830311 0.238747037 0.229152015 0.233467614 0.235547558 0.245541562 0.249837481 0.239653493 0.216906304 0.234856126 0.214245144 0.158523642 0.071398116 0.084930390 0.000000000 0.089319216 0.275081935 0.282139170 0.306904412 0.266108076 0.273257517 0.286113206 0.275910927 0.275220910 0.275163762 0.242454714 0.363531043 0.362267849 0.249925319 0.261775211 0.233017041 0.243801834 0.244179703 0.269636863 0.264574916 0.263580714 0.295458324 0.240576372 0.245977806 0.253550366 0.239714296 0.271775013 0.280110723 0.612505608 
38     0.385871484 0.397151072 0.281626035 0.313537996 0.313553250 0.288318968 0.212466148 0.216332285 0.232207421 0.223178888 0.228811629 0.230742904 0.240852389 0.242251578 0.233397768 0.210351845 0.229078515 0.208215105 0.151582021 0.088688350 0.101041417 0.089319216 0.000000000 0.271333438 0.279284845 0.302493130 0.262522695 0.270186299 0.282708130 0.272460935 0.271538087 0.271491702 0.239470416 0.359380169 0.358103526 0.246149853 0.258506812 0.229387451 0.239864544 0.240354835 0.266176340 0.259807403 0.259069466 0.290939329 0.236223470 0.241768281 0.249162560 0.235445993 0.267142325 0.275854030 0.608655715 
47     0.416840687 0.426490113 0.310904770 0.351404633 0.350708039 0.321531185 0.279534155 0.283622713 0.296944500 0.289494938 0.295633969 0.298325402 0.307675029 0.310656475 0.300005525 0.278112617 0.306552018 0.283432510 0.267300352 0.273501608 0.281102074 0.275081935 0.271333438 0.000000000 0.113011044 0.198366634 0.187879952 0.193870063 0.206791578 0.197425431 0.200662565 0.201050281 0.176670611 0.294395547 0.293004743 0.187095457 0.198309988 0.168048294 0.176051584 0.175607806 0.199808771 0.194782452 0.193040278 0.225228135 0.170610773 0.174758604 0.181697255 0.168350959 0.201884912 0.215211607 0.633544079 
33     0.421515062 0.431502809 0.317421962 0.358434103 0.357687690 0.327549397 0.288103174 0.292336056 0.306042182 0.298031361 0.303307583 0.305806337 0.315060529 0.318390629 0.307403060 0.287972549 0.312563767 0.291005217 0.275277168 0.280403443 0.290549642 0.282139170 0.279284845 0.113011044 0.000000000 0.207763084 0.199027670 0.205391411 0.218868573 0.209486840 0.212428170 0.212723556 0.186784173 0.304478982 0.303139240 0.196382967 0.207816140 0.177017465 0.185134507 0.184530644 0.210079203 0.205043617 0.203359652 0.234820983 0.180015005 0.184995265 0.192181623 0.178539093 0.212149245 0.224681578 0.643046928 
15     0.443893532 0.453611581 0.339235152 0.380623453 0.379752247 0.348970679 0.311018111 0.314476123 0.327478627 0.319197553 0.326163696 0.330017542 0.338264445 0.341291948 0.332013786 0.308868125 0.337977356 0.315996026 0.299469232 0.304650147 0.312925189 0.306904412 0.302493130 0.198366634 0.207763084 0.000000000 0.223948634 0.229618465 0.241274360 0.231446166 0.236527590 0.237004332 0.208508895 0.325141343 0.323772816 0.216336350 0.229530928 0.198963146 0.207514334 0.204800959 0.231592192 0.226353125 0.224692263 0.256051855 0.203062616 0.207392914 0.214262521 0.201332008 0.234273254 0.245109427 0.661033035 
48     0.408228163 0.417784880 0.303477302 0.343522426 0.342846175 0.313631463 0.273009807 0.276825636 0.291917262 0.282829820 0.289048575 0.291523524 0.301151263 0.303590426 0.292905291 0.272331511 0.299167722 0.276940331 0.260714814 0.264932861 0.272705292 0.266108076 0.262522695 0.187879952 0.199027670 0.223948634 0.000000000 0.099470936 0.145276508 0.135575831 0.141428482 0.142028218 0.167033074 0.282775624 0.281668332 0.177605382 0.188028634 0.157890613 0.166283205 0.166160973 0.186879918 0.183316290 0.181751040 0.214086931 0.160379346 0.164074455 0.170979884 0.157235715 0.191780079 0.206361342 0.620360856 
26     0.416223424 0.426230680 0.312036147 0.350787256 0.350154533 0.321469208 0.281197201 0.284536700 0.299694492 0.291035374 0.296161113 0.298633601 0.308365117 0.310894766 0.299949682 0.279394850 0.307817590 0.285229264 0.267997223 0.272215629 0.280173274 0.273257517 0.270186299 0.193870063 0.205391411 0.229618465 0.099470936 0.000000000 0.149210360 0.139880081 0.146444388 0.147220517 0.174310512 0.289813251 0.288508290 0.184454556 0.195087135 0.165469086 0.173661290 0.173539509 0.195469242 0.191016052 0.189421123 0.221996141 0.168258341 0.172225566 0.178880909 0.165801300 0.199297067 0.214047091 0.626288025 
40     0.420650543 0.430622340 0.315667584 0.355619431 0.355085141 0.326001485 0.291662699 0.294944528 0.310136449 0.301539154 0.309028441 0.311400190 0.321209199 0.321596736 0.313897121 0.292334302 0.316022994 0.295746579 0.280981316 0.285117269 0.292313656 0.286113206 0.282708130 0.206791578 0.218868573 0.241274360 0.145276508 0.149210360 0.000000000 0.056051682 0.158905918 0.159391386 0.184458975 0.301515612 0.300070373 0.192335203 0.203210529 0.174121246 0.182242237 0.181187646 0.206298321 0.202072038 0.200237416 0.232087608 0.179879426 0.183676598 0.190510525 0.177703986 0.210996825 0.224377286 0.642451704 
11     0.410644304 0.420776867 0.304065725 0.345062567 0.344552544 0.315058798 0.281564893 0.284846723 0.300057123 0.291530988 0.299047229 0.301387828 0.311035701 0.311711856 0.304210266 0.282390881 0.306002951 0.285600874 0.270391021 0.274790272 0.281979880 0.275910927 0.272460935 0.197425431 0.209486840 0.231446166 0.135575831 0.139880081 0.056051682 0.000000000 0.150480406 0.150986116 0.175474790 0.292573216 0.291138060 0.183523825 0.194324168 0.165114914 0.173242911 0.172155607 0.197333424 0.193053693 0.191204836 0.223152196 0.170552549 0.174196563 0.181132022 0.168603664 0.201741367 0.215087626 0.630848107 
25     0.418914874 0.427248266 0.312888482 0.352585096 0.351947678 0.322814671 0.282398872 0.285791565 0.300230828 0.291186884 0.297726966 0.300088960 0.309803498 0.312070789 0.300968379 0.280886589 0.307580661 0.285763285 0.269360836 0.274176112 0.281744763 0.275220910 0.271538087 0.200662565 0.212428170 0.236527590 0.141428482 0.146444388 0.158905918 0.150480406 0.000000000 0.036049462 0.179126133 0.296642966 0.295171303 0.184869640 0.195572659 0.170300503 0.178675680 0.178479611 0.201320124 0.196177863 0.194682665 0.226532974 0.173391323 0.177119236 0.183987958 0.171330754 0.204416316 0.218490329 0.636236612 
13     0.418653825 0.426987217 0.312616951 0.352158366 0.351549726 0.322377138 0.282292962 0.285696784 0.300406299 0.291217155 0.297469948 0.300013223 0.309766501 0.311485961 0.300938799 0.280859403 0.307552465 0.285738581 0.269249338 0.274028262 0.281569365 0.275163762 0.271491702 0.201050281 0.212723556 0.237004332 0.142028218 0.147220517 0.159391386 0.150986116 0.036049462 0.000000000 0.178959583 0.296872468 0.295401351 0.185093276 0.195796295 0.170482753 0.178938829 0.178672839 0.201596232 0.196476134 0.194980936 0.226867807 0.173605509 0.177328386 0.184202144 0.171539073 0.204624635 0.218702722 0.636523613 
14     0.385101801 0.394505461 0.281061671 0.318876692 0.318262007 0.289954200 0.248735023 0.251315972 0.266482394 0.258419477 0.263447642 0.265477506 0.275040616 0.277992321 0.268669944 0.247767376 0.274163979 0.252625338 0.236147323 0.242324722 0.249373192 0.242454714 0.239470416 0.176670611 0.186784173 0.208508895 0.167033074 0.174310512 0.184458975 0.175474790 0.179126133 0.178959583 0.000000000 0.214004350 0.212864343 0.107507108 0.118308690 0.088179198 0.094445332 0.095404665 0.132326092 0.128867577 0.125947503 0.158800624 0.106240690 0.109269233 0.115261215 0.102759885 0.137172373 0.149579647 0.595023452 
44     0.495734957 0.505126165 0.393414038 0.431233881 0.430584986 0.402474321 0.367403987 0.369765200 0.384728144 0.377093055 0.384120979 0.386831874 0.396054686 0.398269898 0.387571320 0.366267098 0.394949093 0.372037583 0.354931817 0.362304421 0.370281577 0.363531043 0.359380169 0.294395547 0.304478982 0.325141343 0.282775624 0.289813251 0.301515612 0.292573216 0.296642966 0.296872468 0.214004350 0.000000000 0.105662548 0.201634408 0.212772681 0.185052228 0.190879691 0.189662484 0.250355479 0.247188364 0.244264855 0.276745919 0.225289617 0.227834869 0.234236075 0.220916097 0.254934008 0.269248861 0.710936935 
7     0.496219869 0.505317762 0.394019248 0.432448933 0.431800039 0.403292103 0.366098502 0.368505353 0.383973656 0.375815241 0.383502008 0.386090133 0.395299971 0.397041927 0.386496222 0.365434448 0.393630373 0.370874074 0.353685316 0.361041215 0.369079804 0.362267849 0.358103526 0.293004743 0.303139240 0.323772816 0.281668332 0.288508290 0.300070373 0.291138060 0.295171303 0.295401351 0.212864343 0.105662548 0.000000000 0.201349285 0.212473474 0.183729615 0.189624794 0.188455733 0.249156548 0.245729856 0.242814152 0.275221896 0.224265802 0.226855231 0.233205013 0.219820771 0.253804467 0.268270925 0.713113546 
43     0.383938519 0.393412691 0.281215459 0.319603979 0.318955085 0.290064001 0.249902672 0.252686127 0.268228974 0.260196039 0.270618591 0.274097374 0.281995622 0.281085631 0.272931978 0.250494647 0.277043531 0.256065407 0.240917784 0.249642294 0.257284683 0.249925319 0.246149853 0.187095457 0.196382967 0.216336350 0.177605382 0.184454556 0.192335203 0.183523825 0.184869640 0.185093276 0.107507108 0.201634408 0.201349285 0.000000000 0.065310309 0.063277973 0.068824276 0.071790608 0.145071101 0.141221997 0.138112170 0.171436642 0.119475933 0.122081829 0.128581630 0.115746363 0.148734434 0.163006576 0.603305607 
21     0.395160796 0.404601056 0.293467630 0.331405397 0.330756502 0.301846119 0.263433958 0.265814270 0.281452880 0.273323148 0.284362828 0.286703865 0.295433494 0.294795379 0.284810308 0.262536860 0.289738625 0.268179886 0.253095212 0.262114784 0.269872724 0.261775211 0.258506812 0.198309988 0.207816140 0.229530928 0.188028634 0.195087135 0.203210529 0.194324168 0.195572659 0.195796295 0.118308690 0.212772681 0.212473474 0.065310309 0.000000000 0.073344869 0.079365841 0.082983126 0.155931647 0.152344609 0.149239743 0.182485964 0.130662428 0.133097113 0.139731350 0.126872758 0.159848334 0.174770172 0.611868970 
16     0.368511361 0.377862546 0.266839120 0.305076819 0.304584427 0.275176783 0.234741166 0.237195310 0.252747550 0.244683631 0.255280975 0.257529737 0.266447372 0.266534043 0.256156575 0.235702891 0.260634543 0.239650779 0.224488332 0.232503118 0.240079044 0.233017041 0.229387451 0.168048294 0.177017465 0.198963146 0.157890613 0.165469086 0.174121246 0.165114914 0.170300503 0.170482753 0.088179198 0.185052228 0.183729615 0.063277973 0.073344869 0.000000000 0.030935455 0.054259128 0.125436164 0.121782951 0.117707115 0.151676914 0.099586716 0.102466982 0.108792230 0.096464528 0.129879294 0.142959160 0.583661363 
42     0.378143636 0.387186960 0.275870531 0.315042726 0.314133159 0.284236395 0.244034608 0.246629190 0.262159440 0.254173525 0.265254489 0.267590162 0.276288914 0.276581367 0.265116719 0.245237809 0.271259228 0.250173512 0.234447906 0.243208561 0.250584862 0.243801834 0.239864544 0.176051584 0.185134507 0.207514334 0.166283205 0.173661290 0.182242237 0.173242911 0.178675680 0.178938829 0.094445332 0.190879691 0.189624794 0.068824276 0.079365841 0.030935455 0.000000000 0.060488534 0.132637724 0.129139685 0.125797243 0.159027601 0.107145156 0.109787481 0.116161871 0.103559000 0.136702541 0.150275372 0.595061407 
31     0.377349605 0.386624338 0.276510365 0.314819972 0.314171078 0.285554172 0.244686093 0.247481002 0.262087057 0.253796204 0.266230778 0.268431110 0.276410726 0.276572345 0.266860088 0.246226704 0.271334929 0.249968530 0.234682917 0.243667317 0.251400811 0.244179703 0.240354835 0.175607806 0.184530644 0.204800959 0.166160973 0.173539509 0.181187646 0.172155607 0.178479611 0.178672839 0.095404665 0.189662484 0.188455733 0.071790608 0.082983126 0.054259128 0.060488534 0.000000000 0.132507442 0.128840997 0.125982486 0.158794957 0.107586930 0.109557340 0.116342749 0.103167977 0.136980488 0.151421897 0.593234247 
28     0.408501534 0.417737074 0.303325306 0.343296414 0.342742421 0.314264527 0.275410480 0.278060168 0.293817405 0.285246331 0.289478470 0.290957082 0.301213997 0.305522514 0.294352961 0.273433442 0.299018273 0.279041750 0.261903822 0.268171435 0.275413325 0.269636863 0.266176340 0.199808771 0.210079203 0.231592192 0.186879918 0.195469242 0.206298321 0.197333424 0.201320124 0.201596232 0.132326092 0.250355479 0.249156548 0.145071101 0.155931647 0.125436164 0.132637724 0.132507442 0.000000000 0.058421052 0.055842695 0.109564052 0.084436847 0.087099435 0.092886448 0.078702940 0.113511007 0.160208832 0.619454696 
19     0.403941445 0.413220626 0.298165120 0.338286784 0.337714962 0.309354095 0.268892187 0.271429192 0.287086845 0.278612530 0.283362257 0.284856076 0.295107135 0.298596899 0.287663864 0.266901194 0.293024851 0.272101080 0.255139880 0.262612272 0.269975639 0.264574916 0.259807403 0.194782452 0.205043617 0.226353125 0.183316290 0.191016052 0.202072038 0.193053693 0.196177863 0.196476134 0.128867577 0.247188364 0.245729856 0.141221997 0.152344609 0.121782951 0.129139685 0.128840997 0.058421052 0.000000000 0.035107892 0.106657015 0.083294487 0.085481891 0.091747655 0.076992515 0.111995100 0.154595222 0.616946261 
10     0.402522629 0.411624896 0.297393749 0.337624918 0.337053097 0.308515811 0.268215590 0.270767539 0.286370710 0.277681317 0.282976431 0.284394556 0.294853042 0.298252810 0.287305063 0.266567435 0.292160132 0.271939127 0.255671467 0.262203869 0.269407427 0.263580714 0.259069466 0.193040278 0.203359652 0.224692263 0.181751040 0.189421123 0.200237416 0.191204836 0.194682665 0.194980936 0.125947503 0.244264855 0.242814152 0.138112170 0.149239743 0.117707115 0.125797243 0.125982486 0.055842695 0.035107892 0.000000000 0.103493657 0.079709828 0.081797379 0.088126641 0.073748315 0.108698719 0.153238355 0.611847243 
35     0.433918144 0.443135675 0.328438715 0.368793684 0.368221863 0.339606569 0.300766128 0.303383893 0.318693400 0.310253846 0.315437205 0.316923435 0.327156794 0.330727733 0.319730591 0.298184308 0.324417222 0.303922224 0.286525590 0.293677449 0.301187689 0.295458324 0.290939329 0.225228135 0.234820983 0.256051855 0.214086931 0.221996141 0.232087608 0.223152196 0.226532974 0.226867807 0.158800624 0.276745919 0.275221896 0.171436642 0.182485964 0.151676914 0.159027601 0.158794957 0.109564052 0.106657015 0.103493657 0.000000000 0.111129286 0.113441891 0.119504487 0.105505138 0.139691262 0.185380936 0.645749440 
50     0.378137242 0.387461762 0.273295567 0.314205871 0.313716396 0.285273806 0.246787759 0.249391273 0.264967479 0.256097882 0.262041151 0.263487003 0.273453712 0.276011656 0.265160364 0.244061197 0.268681620 0.248754708 0.231862091 0.239249101 0.246329749 0.240576372 0.236223470 0.170610773 0.180015005 0.203062616 0.160379346 0.168258341 0.179879426 0.170552549 0.173391323 0.173605509 0.106240690 0.225289617 0.224265802 0.119475933 0.130662428 0.099586716 0.107145156 0.107586930 0.084436847 0.083294487 0.079709828 0.111129286 0.000000000 0.042336522 0.048150957 0.046614449 0.080717865 0.134144742 0.588757537 
17     0.384400822 0.393660654 0.279660043 0.319802326 0.319295022 0.291097106 0.251987616 0.254643381 0.270176462 0.261439343 0.266293333 0.267899034 0.278150264 0.281647434 0.270121905 0.249298607 0.273834745 0.253192279 0.237058551 0.244870854 0.252318366 0.245977806 0.241768281 0.174758604 0.184995265 0.207392914 0.164074455 0.172225566 0.183676598 0.174196563 0.177119236 0.177328386 0.109269233 0.227834869 0.226855231 0.122081829 0.133097113 0.102466982 0.109787481 0.109557340 0.087099435 0.085481891 0.081797379 0.113441891 0.042336522 0.000000000 0.031415865 0.047363438 0.081988964 0.135478182 0.593461540 
34     0.391344478 0.400646851 0.286379344 0.326698191 0.326190887 0.297986418 0.259250794 0.262003387 0.277214920 0.268723962 0.273430489 0.274951467 0.285111994 0.288961867 0.277462301 0.256483938 0.280689026 0.260440590 0.244481812 0.252303485 0.259448321 0.253550366 0.249162560 0.181697255 0.192181623 0.214262521 0.170979884 0.178880909 0.190510525 0.181132022 0.183987958 0.184202144 0.115261215 0.234236075 0.233205013 0.128581630 0.139731350 0.108792230 0.116161871 0.116342749 0.092886448 0.091747655 0.088126641 0.119504487 0.048150957 0.031415865 0.000000000 0.053861134 0.088714900 0.142139482 0.601132635 
37     0.378055294 0.387285939 0.273267956 0.312713702 0.312234018 0.284395077 0.246337570 0.249029392 0.264156309 0.255420384 0.260524258 0.262013874 0.271973531 0.275250143 0.263888486 0.242858625 0.268450442 0.248565180 0.230669246 0.238294681 0.245839677 0.239714296 0.235445993 0.168350959 0.178539093 0.201332008 0.157235715 0.165801300 0.177703986 0.168603664 0.171330754 0.171539073 0.102759885 0.220916097 0.219820771 0.115746363 0.126872758 0.096464528 0.103559000 0.103167977 0.078702940 0.076992515 0.073748315 0.105505138 0.046614449 0.047363438 0.053861134 0.000000000 0.061384372 0.128744136 0.590053262 
9     0.410449159 0.419706344 0.304789097 0.344976333 0.344508188 0.316539113 0.275705728 0.278469971 0.294881705 0.284922565 0.289752817 0.291651810 0.301791756 0.306533613 0.295957967 0.273052553 0.300793864 0.279761703 0.264182961 0.269764785 0.277601777 0.271775013 0.267142325 0.201884912 0.212149245 0.234273254 0.191780079 0.199297067 0.210996825 0.201741367 0.204416316 0.204624635 0.137172373 0.254934008 0.253804467 0.148734434 0.159848334 0.129879294 0.136702541 0.136980488 0.113511007 0.111995100 0.108698719 0.139691262 0.080717865 0.081988964 0.088714900 0.061384372 0.000000000 0.162297351 0.621882575 
45     0.419486937 0.429324421 0.315618219 0.355004211 0.354693880 0.325774451 0.286222938 0.289955655 0.305135967 0.296741145 0.300778271 0.302442631 0.312416179 0.316724779 0.304835182 0.285271263 0.309255819 0.288513754 0.273753273 0.278550699 0.286404004 0.280110723 0.275854030 0.215211607 0.224681578 0.245109427 0.206361342 0.214047091 0.224377286 0.215087626 0.218490329 0.218702722 0.149579647 0.269248861 0.268270925 0.163006576 0.174770172 0.142959160 0.150275372 0.151421897 0.160208832 0.154595222 0.153238355 0.185380936 0.134144742 0.135478182 0.142139482 0.128744136 0.162297351 0.000000000 0.634723532 
0     0.713332424 0.721897731 0.605096757 0.632615390 0.632410475 0.608013748 0.610550496 0.613605999 0.633113957 0.623918436 0.626041440 0.630232628 0.637730525 0.635646072 0.631164341 0.608445042 0.641091849 0.615785229 0.601986634 0.608664542 0.614653931 0.612505608 0.608655715 0.633544079 0.643046928 0.661033035 0.620360856 0.626288025 0.642451704 0.630848107 0.636236612 0.636523613 0.595023452 0.710936935 0.713113546 0.603305607 0.611868970 0.583661363 0.595061407 0.593234247 0.619454696 0.616946261 0.611847243 0.645749440 0.588757537 0.593461540 0.601132635 0.590053262 0.621882575 0.634723532 0.000000000 
