51
8     0.000000000 0.032062278 0.081853568 0.252940243 0.230778489 0.218991472 0.220133433 0.235625980 0.192778953 0.233540859 0.224611280 0.236311273 0.201882851 0.221596376 0.198946721 0.235596259 0.194733310 0.266366703 0.272857179 0.247056475 0.254476521 0.211607338 0.201689323 0.203469686 0.181191890 0.171749021 0.202983630 0.238555914 0.225437987 0.195946955 0.188116794 0.189998259 0.240088365 0.252037834 0.267793024 0.243940169 0.187406841 0.224933243 0.183041108 0.219271516 0.230666946 0.215143118 0.212912982 0.185739777 0.218598373 0.207833370 0.188655835 0.188844771 0.188569288 0.185434632 0.371171055 
38     0.032062278 0.000000000 0.080432960 0.250352821 0.228191066 0.216404050 0.217546010 0.233038558 0.190191531 0.230953437 0.222023858 0.233723851 0.199295428 0.219008953 0.196359298 0.233008836 0.192145887 0.263779281 0.270269756 0.244469052 0.251889099 0.209019916 0.199101900 0.200882264 0.178604468 0.169161599 0.200396207 0.235968492 0.222850565 0.193359532 0.185529371 0.187410836 0.237500942 0.249450412 0.265205602 0.241352746 0.184819418 0.222345820 0.180453685 0.216684093 0.228079524 0.212555696 0.210325559 0.183152354 0.216010951 0.205245947 0.186068412 0.186257349 0.185981865 0.182847209 0.368583632 
3     0.081853568 0.080432960 0.000000000 0.251041958 0.228880204 0.217093187 0.218235147 0.233727695 0.190866650 0.231642574 0.222712995 0.234412988 0.199984566 0.219698091 0.197048436 0.233697973 0.192835025 0.264468418 0.270958894 0.245158190 0.252578236 0.209709053 0.199791038 0.201571401 0.179293605 0.169850736 0.201085345 0.236657629 0.223539702 0.194048670 0.186218509 0.188099974 0.238190080 0.250139549 0.265894739 0.242041884 0.185508556 0.223034958 0.181142822 0.217373231 0.228768661 0.213244833 0.211014697 0.183841492 0.216700088 0.205935085 0.186757550 0.186946486 0.186671003 0.183536347 0.369272770 
13     0.252940243 0.250352821 0.251041958 0.000000000 0.102053731 0.088653533 0.089502943 0.104073748 0.131003466 0.201519438 0.192387455 0.204126513 0.169671917 0.189395195 0.166747778 0.202665909 0.161632353 0.233823094 0.240591400 0.214779527 0.222189818 0.179040885 0.178060494 0.179937040 0.157563156 0.148247298 0.182549319 0.218164943 0.205047016 0.175531705 0.167619130 0.169438065 0.219677658 0.231635533 0.247396111 0.223309928 0.166763621 0.204265583 0.162575072 0.198861848 0.210127826 0.194603486 0.192373327 0.164089877 0.196915683 0.186150455 0.166972964 0.167161900 0.166886417 0.163751761 0.349952262 
42     0.230778489 0.228191066 0.228880204 0.102053731 0.000000000 0.036788061 0.048121646 0.076953969 0.108602168 0.179271028 0.170139045 0.181878103 0.147397674 0.167119329 0.144473535 0.180391666 0.139358110 0.211425447 0.218317157 0.192505284 0.199915575 0.156766642 0.155975221 0.157851768 0.135477883 0.126162786 0.160464883 0.196079534 0.182961607 0.153446296 0.145533721 0.147353189 0.197545446 0.209503538 0.225264116 0.201183012 0.144683616 0.182401297 0.140531595 0.176729379 0.188031437 0.172507097 0.170276938 0.141932963 0.174771801 0.164006574 0.144829082 0.145018019 0.144742535 0.141607879 0.327794257 
24     0.218991472 0.216404050 0.217093187 0.088653533 0.036788061 0.000000000 0.040737695 0.060010381 0.096866512 0.167483940 0.158351957 0.170091016 0.135610586 0.155333190 0.132686448 0.168604579 0.127571022 0.199621597 0.206530070 0.180718197 0.188128488 0.144979554 0.144188204 0.146064751 0.123690867 0.114375770 0.148612322 0.184292517 0.171174590 0.141659280 0.133746704 0.135566172 0.185758430 0.197716522 0.213477100 0.189395996 0.132896599 0.170614281 0.128744579 0.164942363 0.176244420 0.160720080 0.158489922 0.130145947 0.162984785 0.152219557 0.133042066 0.133231002 0.132955519 0.129820863 0.316007240 
25     0.220133433 0.217546010 0.218235147 0.089502943 0.048121646 0.040737695 0.000000000 0.064602563 0.098370381 0.168722403 0.159590420 0.171326988 0.136836788 0.156560118 0.133912589 0.169832768 0.128799212 0.200880336 0.207758260 0.181946387 0.189356678 0.146207744 0.145248242 0.147124789 0.124750904 0.115435807 0.149803801 0.185418453 0.172300526 0.142785215 0.134872640 0.136657236 0.186862270 0.198820362 0.214580940 0.190493323 0.134001906 0.171720335 0.129852066 0.166049850 0.177348260 0.161823920 0.159593762 0.131223004 0.164061842 0.153296614 0.134116483 0.134305419 0.134029936 0.130895280 0.317109761 
17     0.235625980 0.233038558 0.233727695 0.104073748 0.076953969 0.060010381 0.064602563 0.000000000 0.113449130 0.184116144 0.174984161 0.186723219 0.152262949 0.171986980 0.149338810 0.185256941 0.144223385 0.216307041 0.223182434 0.197370559 0.204780850 0.161631918 0.160800219 0.162676765 0.140302881 0.130987784 0.165311635 0.200926286 0.187808359 0.158293049 0.150380474 0.152212783 0.202405041 0.214363133 0.230123711 0.206042607 0.149543211 0.187260892 0.145391190 0.181588974 0.192891032 0.177366691 0.175136533 0.146790885 0.179629718 0.168864491 0.149687005 0.149875941 0.149600457 0.146465801 0.332660362 
31     0.192778953 0.190191531 0.190866650 0.131003466 0.108602168 0.096866512 0.098370381 0.113449130 0.000000000 0.139277825 0.130166368 0.141892260 0.107500006 0.127226125 0.104575868 0.140601331 0.099524781 0.172033493 0.178512519 0.152705953 0.160112449 0.116863326 0.119190161 0.121066708 0.098692823 0.089375416 0.121612047 0.157255519 0.144137592 0.114624150 0.106709880 0.108369436 0.158268717 0.170226809 0.185987387 0.161090286 0.105511076 0.143372257 0.101499108 0.137748842 0.149109061 0.133586692 0.131356534 0.104369759 0.137203706 0.126438478 0.107268312 0.107457219 0.107181736 0.104047080 0.289869196 
43     0.233540859 0.230953437 0.231642574 0.201519438 0.179271028 0.167483940 0.168722403 0.184116144 0.139277825 0.000000000 0.069899079 0.079968309 0.092744045 0.113327980 0.090640214 0.127225612 0.086485003 0.159806367 0.166292080 0.140614844 0.147820083 0.104520426 0.160378892 0.162159255 0.139881344 0.130225156 0.162465588 0.198388205 0.185270278 0.155728839 0.147882845 0.149547768 0.199596234 0.211594141 0.227354719 0.203511019 0.146850055 0.184439657 0.142570543 0.178794761 0.190047457 0.174522254 0.172292215 0.145176386 0.177905085 0.167141792 0.147781204 0.147970140 0.147694657 0.144560001 0.330665254 
34     0.224611280 0.222023858 0.222712995 0.192387455 0.170139045 0.158351957 0.159590420 0.174984161 0.130166368 0.069899079 0.000000000 0.062445180 0.083332326 0.103889189 0.081154678 0.118231684 0.077372319 0.150569752 0.157055456 0.131380572 0.138586471 0.094563602 0.151492655 0.153273018 0.130995107 0.121338919 0.153542190 0.189422098 0.176304171 0.146762655 0.138916738 0.140620951 0.190616098 0.202633823 0.218394401 0.194550701 0.137923239 0.175480966 0.133640428 0.169869572 0.181115916 0.165590714 0.163360674 0.136242804 0.168971658 0.158208365 0.138847621 0.139036557 0.138761074 0.135626418 0.321735209 
15     0.236311273 0.233723851 0.234412988 0.204126513 0.181878103 0.170091016 0.171326988 0.186723219 0.141892260 0.079968309 0.062445180 0.000000000 0.095543463 0.115919285 0.093244503 0.129533277 0.088703158 0.161650557 0.168136261 0.142463890 0.149667276 0.106598624 0.163174338 0.164954702 0.142676791 0.133020602 0.165231336 0.201111244 0.187993316 0.158451801 0.150605884 0.152310097 0.202310138 0.214322969 0.230083547 0.206239847 0.149612385 0.187170112 0.145329574 0.181558718 0.192805062 0.177279859 0.175049820 0.147931949 0.180660804 0.169897511 0.150536767 0.150725703 0.150450220 0.147315564 0.333424355 
21     0.201882851 0.199295428 0.199984566 0.169671917 0.147397674 0.135610586 0.136836788 0.152262949 0.107500006 0.092744045 0.083332326 0.095543463 0.000000000 0.048236608 0.025485654 0.086870723 0.045888501 0.116169320 0.122359593 0.096666881 0.104147487 0.059637618 0.128637910 0.130418274 0.108140363 0.098689807 0.130454118 0.166341357 0.153223430 0.123683111 0.115835998 0.117528667 0.167604317 0.179571021 0.195331600 0.171487899 0.114827229 0.152431083 0.110561969 0.146775957 0.158038752 0.142513550 0.140283510 0.113187142 0.146175687 0.135412393 0.116051323 0.116240260 0.115964776 0.112830120 0.298764539 
19     0.221596376 0.219008953 0.219698091 0.189395195 0.167119329 0.155333190 0.156560118 0.171986980 0.127226125 0.113327980 0.103889189 0.115919285 0.048236608 0.000000000 0.036157018 0.107756830 0.066766409 0.136490809 0.142619844 0.116989154 0.124365404 0.080235395 0.148351735 0.150132098 0.127854187 0.118403631 0.150166898 0.186054835 0.172936908 0.143396589 0.135549475 0.137237910 0.187313541 0.199280245 0.215040823 0.191197123 0.134531860 0.172142801 0.130273687 0.166487675 0.177752230 0.162227027 0.159996987 0.132901627 0.165890172 0.155126879 0.135765809 0.135954745 0.135679262 0.132544606 0.318479024 
16     0.198946721 0.196359298 0.197048436 0.166747778 0.144473535 0.132686448 0.133912589 0.149338810 0.104575868 0.090640214 0.081154678 0.093244503 0.025485654 0.036157018 0.000000000 0.085031200 0.044014957 0.113751622 0.119879194 0.094250845 0.101626041 0.057481598 0.125702080 0.127482443 0.105204532 0.095753976 0.127517243 0.163405180 0.150287253 0.120746934 0.112899820 0.114588255 0.164663886 0.176630590 0.192391168 0.168547468 0.111882205 0.149493146 0.107624031 0.143838020 0.155102575 0.139577372 0.137347332 0.110251972 0.143240517 0.132477224 0.113116154 0.113305090 0.113029607 0.109894951 0.295829369 
10     0.235596259 0.233008836 0.233697973 0.202665909 0.180391666 0.168604579 0.169832768 0.185256941 0.140601331 0.127225612 0.118231684 0.129533277 0.086870723 0.107756830 0.085031200 0.000000000 0.062526792 0.149208960 0.155466990 0.129171008 0.137061293 0.094225561 0.162399743 0.164180107 0.141902196 0.132214336 0.164475882 0.200358095 0.187240168 0.157694607 0.149849640 0.151563386 0.201639036 0.213605740 0.229366319 0.205522618 0.148861969 0.186455773 0.144586458 0.180810896 0.192057325 0.176532123 0.174302083 0.147204459 0.179927058 0.169163764 0.149803177 0.149992113 0.149716629 0.146581973 0.332700644 
9     0.194733310 0.192145887 0.192835025 0.161632353 0.139358110 0.127571022 0.128799212 0.144223385 0.099524781 0.086485003 0.077372319 0.088703158 0.045888501 0.066766409 0.044014957 0.062526792 0.000000000 0.109201842 0.115412652 0.089641786 0.097018611 0.054322135 0.121502303 0.123282667 0.101004966 0.091317106 0.123464409 0.159493924 0.146375997 0.116831056 0.108988564 0.110528137 0.160568679 0.172535383 0.188295961 0.164437040 0.107826335 0.144580777 0.103310107 0.139770679 0.151161474 0.135636271 0.133406232 0.106314324 0.139036922 0.128273629 0.108913041 0.109101977 0.108826494 0.105691838 0.291810442 
28     0.266366703 0.263779281 0.264468418 0.233823094 0.211425447 0.199621597 0.200880336 0.216307041 0.172033493 0.159806367 0.150569752 0.161650557 0.116169320 0.136490809 0.113751622 0.149208960 0.109201842 0.000000000 0.051845264 0.083096934 0.093732610 0.112483971 0.193166362 0.194946726 0.172668815 0.162901273 0.194773768 0.230661012 0.217543085 0.188002676 0.180155653 0.181035768 0.231894780 0.243889840 0.259650418 0.235806717 0.179146050 0.215986646 0.174117532 0.210331520 0.221708442 0.206183239 0.203953200 0.177645433 0.210633978 0.199870685 0.180512461 0.180701397 0.180425914 0.177291258 0.363225455 
40     0.272857179 0.270269756 0.270958894 0.240591400 0.218317157 0.206530070 0.207758260 0.223182434 0.178512519 0.166292080 0.157055456 0.168136261 0.122359593 0.142619844 0.119879194 0.155466990 0.115412652 0.051845264 0.000000000 0.088403136 0.099999313 0.118894115 0.199671090 0.201451453 0.179173542 0.169406000 0.201270572 0.237157816 0.224039889 0.194499480 0.186652457 0.187532078 0.238391090 0.250386150 0.266146728 0.242303028 0.185642361 0.222482957 0.180613843 0.216827831 0.228205246 0.212680044 0.210450004 0.184143156 0.217131701 0.206368408 0.187010184 0.187199121 0.186923637 0.183788981 0.369620037 
41     0.247056475 0.244469052 0.245158190 0.214779527 0.192505284 0.180718197 0.181946387 0.197370559 0.152705953 0.140614844 0.131380572 0.142463890 0.096666881 0.116989154 0.094250845 0.129171008 0.089641786 0.083096934 0.088403136 0.000000000 0.052046876 0.092355024 0.173877672 0.175658035 0.153380124 0.143612582 0.175467004 0.211354248 0.198236321 0.168695912 0.160848889 0.161740216 0.212599229 0.224594289 0.240354867 0.216511166 0.159850499 0.196680865 0.154811751 0.191035969 0.202402661 0.186877458 0.184647419 0.158332104 0.191329077 0.180565783 0.161207872 0.161396808 0.161121325 0.157986669 0.343922872 
11     0.254476521 0.251889099 0.252578236 0.222189818 0.199915575 0.188128488 0.189356678 0.204780850 0.160112449 0.147820083 0.138586471 0.149667276 0.104147487 0.124365404 0.101626041 0.137061293 0.097018611 0.093732610 0.099999313 0.052046876 0.000000000 0.100530958 0.181301445 0.183081809 0.160803898 0.151036355 0.182887568 0.218774812 0.205656885 0.176116476 0.168269452 0.169160629 0.220019641 0.232014701 0.247775279 0.223931579 0.167270911 0.204101278 0.162232163 0.198456382 0.209823073 0.194297871 0.192067831 0.165763816 0.198752360 0.187989067 0.168631326 0.168820262 0.168544778 0.165410122 0.351344526 
1     0.211607338 0.209019916 0.209709053 0.179040885 0.156766642 0.144979554 0.146207744 0.161631918 0.116863326 0.104520426 0.094563602 0.106598624 0.059637618 0.080235395 0.057481598 0.094225561 0.054322135 0.112483971 0.118894115 0.092355024 0.100530958 0.000000000 0.138348896 0.140129259 0.117851348 0.108400792 0.140163485 0.176050449 0.162932561 0.133392321 0.125545330 0.127237202 0.177312853 0.189279557 0.205040135 0.181196434 0.124535767 0.162139618 0.120270504 0.156484498 0.167747293 0.152222090 0.149992050 0.122909796 0.155898340 0.145135047 0.125773977 0.125962913 0.125687430 0.122552774 0.308486972 
4     0.201689323 0.199101900 0.199791038 0.178060494 0.155975221 0.144188204 0.145248242 0.160800219 0.119190161 0.160378892 0.151492655 0.163174338 0.128637910 0.148351735 0.125702080 0.162399743 0.121502303 0.193166362 0.199671090 0.173877672 0.181301445 0.138348896 0.000000000 0.033933834 0.041107474 0.064594925 0.131038420 0.166998480 0.153880553 0.124380635 0.116463824 0.118134056 0.168301767 0.180251237 0.196006427 0.172183060 0.115516610 0.153121731 0.111203159 0.147425347 0.158706942 0.143184138 0.140954300 0.112362950 0.145160862 0.134395634 0.115334260 0.115523196 0.115247713 0.112113057 0.298408259 
37     0.203469686 0.200882264 0.201571401 0.179937040 0.157851768 0.146064751 0.147124789 0.162676765 0.121066708 0.162159255 0.153273018 0.164954702 0.130418274 0.150132098 0.127482443 0.164180107 0.123282667 0.194946726 0.201451453 0.175658035 0.183081809 0.140129259 0.033933834 0.000000000 0.042604483 0.066272299 0.132882734 0.168842795 0.155724868 0.126224950 0.118308139 0.119978371 0.170146082 0.182095552 0.197850742 0.174027374 0.117360925 0.154966045 0.113047474 0.149269662 0.160551256 0.145028453 0.142798615 0.114151045 0.146948957 0.136183729 0.117122355 0.117311292 0.117035808 0.113901152 0.300196354 
30     0.181191890 0.178604468 0.179293605 0.157563156 0.135477883 0.123690867 0.124750904 0.140302881 0.098692823 0.139881344 0.130995107 0.142676791 0.108140363 0.127854187 0.105204532 0.141902196 0.101004966 0.172668815 0.179173542 0.153380124 0.160803898 0.117851348 0.041107474 0.042604483 0.000000000 0.044059822 0.110540987 0.146500937 0.133383010 0.103883092 0.095966281 0.097636513 0.147804224 0.159753694 0.175508884 0.151685516 0.095019067 0.132624187 0.090705616 0.126927804 0.138209398 0.122686595 0.120456757 0.091865518 0.124663429 0.113898202 0.094836828 0.095025764 0.094750281 0.091615624 0.277910827 
5     0.171749021 0.169161599 0.169850736 0.148247298 0.126162786 0.114375770 0.115435807 0.130987784 0.089375416 0.130225156 0.121338919 0.133020602 0.098689807 0.118403631 0.095753976 0.132214336 0.091317106 0.162901273 0.169406000 0.143612582 0.151036355 0.108400792 0.064594925 0.066272299 0.044059822 0.000000000 0.101290908 0.137180063 0.124062136 0.094562239 0.086645429 0.088387764 0.138555322 0.150504674 0.166259901 0.142436597 0.085770317 0.123301960 0.081384764 0.117606914 0.128959310 0.113435962 0.111206669 0.082520322 0.115318234 0.104553006 0.085491857 0.085680793 0.085405310 0.082270654 0.268541198 
18     0.202983630 0.200396207 0.201085345 0.182549319 0.160464883 0.148612322 0.149803801 0.165311635 0.121612047 0.162465588 0.153542190 0.165231336 0.130454118 0.150166898 0.127517243 0.164475882 0.123464409 0.194773768 0.201270572 0.175467004 0.182887568 0.140163485 0.131038420 0.132882734 0.110540987 0.101290908 0.000000000 0.154359892 0.141237002 0.111599585 0.103892073 0.106322625 0.156322752 0.168289360 0.184026362 0.160266754 0.103291287 0.141344991 0.099639761 0.135922278 0.145889450 0.130343802 0.128113643 0.111366180 0.144472340 0.133706126 0.114690176 0.114879112 0.114603629 0.111468973 0.296800019 
32     0.238555914 0.235968492 0.236657629 0.218164943 0.196079534 0.184292517 0.185418453 0.200926286 0.157255519 0.198388205 0.189422098 0.201111244 0.166341357 0.186054835 0.163405180 0.200358095 0.159493924 0.230661012 0.237157816 0.211354248 0.218774812 0.176050449 0.166998480 0.168842795 0.146500937 0.137180063 0.154359892 0.000000000 0.062952234 0.126629413 0.119207629 0.142584457 0.192557925 0.204526728 0.220261896 0.196438047 0.140012539 0.177430407 0.135472092 0.171979505 0.182630344 0.167084018 0.164853720 0.147153364 0.180216463 0.169450193 0.150386932 0.150575868 0.150300385 0.147165729 0.332750658 
27     0.225437987 0.222850565 0.223539702 0.205047016 0.182961607 0.171174590 0.172300526 0.187808359 0.144137592 0.185270278 0.176304171 0.187993316 0.153223430 0.172936908 0.150287253 0.187240168 0.146375997 0.217543085 0.224039889 0.198236321 0.205656885 0.162932561 0.153880553 0.155724868 0.133383010 0.124062136 0.141237002 0.062952234 0.000000000 0.113397579 0.106208749 0.129466062 0.179448064 0.191416867 0.207152035 0.183328186 0.126894144 0.164312012 0.122353697 0.158861110 0.169504771 0.153958445 0.151728147 0.134035969 0.167098406 0.156332136 0.137268875 0.137457812 0.137182328 0.134047672 0.319632601 
22     0.195946955 0.193359532 0.194048670 0.175531705 0.153446296 0.141659280 0.142785215 0.158293049 0.114624150 0.155728839 0.146762655 0.158451801 0.123683111 0.143396589 0.120746934 0.157694607 0.116831056 0.188002676 0.194499480 0.168695912 0.176116476 0.133392321 0.124380635 0.126224950 0.103883092 0.094562239 0.111599585 0.126629413 0.113397579 0.000000000 0.073702057 0.100006149 0.149996806 0.161965609 0.177700582 0.153875751 0.097395379 0.134838352 0.092902098 0.129394269 0.140239730 0.124693404 0.122463106 0.104603245 0.137660194 0.126893924 0.107830096 0.108019032 0.107743549 0.104608893 0.290182582 
20     0.188116794 0.185529371 0.186218509 0.167619130 0.145533721 0.133746704 0.134872640 0.150380474 0.106709880 0.147882845 0.138916738 0.150605884 0.115835998 0.135549475 0.112899820 0.149849640 0.108988564 0.180155653 0.186652457 0.160848889 0.168269452 0.125545330 0.116463824 0.118308139 0.095966281 0.086645429 0.103892073 0.119207629 0.106208749 0.073702057 0.000000000 0.091862332 0.141837760 0.153806563 0.169541536 0.145813871 0.089274120 0.126714945 0.084859715 0.121374616 0.132179007 0.116632681 0.114402382 0.096654741 0.129711745 0.118945475 0.099849595 0.100038532 0.099763048 0.096628392 0.282236368 
29     0.189998259 0.187410836 0.188099974 0.169438065 0.147353189 0.135566172 0.136657236 0.152212783 0.108369436 0.149547768 0.140620951 0.152310097 0.117528667 0.137237910 0.114588255 0.151563386 0.110528137 0.181035768 0.187532078 0.161740216 0.169160629 0.127237202 0.118134056 0.119978371 0.097636513 0.088387764 0.106322625 0.142584457 0.129466062 0.100006149 0.091862332 0.000000000 0.120638451 0.132816838 0.148438195 0.125142655 0.072930884 0.114266080 0.073176945 0.109570523 0.128563955 0.113006546 0.110784822 0.098407545 0.131524364 0.120759151 0.101677803 0.101866739 0.101591256 0.098456600 0.283948704 
12     0.240088365 0.237500942 0.238190080 0.219677658 0.197545446 0.185758430 0.186862270 0.202405041 0.158268717 0.199596234 0.190616098 0.202310138 0.167604317 0.187313541 0.164663886 0.201639036 0.160568679 0.231894780 0.238391090 0.212599229 0.220019641 0.177312853 0.168301767 0.170146082 0.147804224 0.138555322 0.156322752 0.192557925 0.179448064 0.149996806 0.141837760 0.120638451 0.000000000 0.087339684 0.101201757 0.104864447 0.122536252 0.164900874 0.123936721 0.160607066 0.179694092 0.164135075 0.161913351 0.148573944 0.181702118 0.170903288 0.151855434 0.152044371 0.151768887 0.148634231 0.334070544 
6     0.252037834 0.249450412 0.250139549 0.231635533 0.209503538 0.197716522 0.198820362 0.214363133 0.170226809 0.211594141 0.202633823 0.214322969 0.179571021 0.199280245 0.176630590 0.213605740 0.172535383 0.243889840 0.250386150 0.224594289 0.232014701 0.189279557 0.180251237 0.182095552 0.159753694 0.150504674 0.168289360 0.204526728 0.191416867 0.161965609 0.153806563 0.132816838 0.087339684 0.000000000 0.110954990 0.119485544 0.134751257 0.176933351 0.135969199 0.172519142 0.191615346 0.176056330 0.173834606 0.160525551 0.193653725 0.182854895 0.163807041 0.163995977 0.163720494 0.160585838 0.346020636 
2     0.267793024 0.265205602 0.265894739 0.247396111 0.225264116 0.213477100 0.214580940 0.230123711 0.185987387 0.227354719 0.218394401 0.230083547 0.195331600 0.215040823 0.192391168 0.229366319 0.188295961 0.259650418 0.266146728 0.240354867 0.247775279 0.205040135 0.196006427 0.197850742 0.175508884 0.166259901 0.184026362 0.220261896 0.207152035 0.177700582 0.169541536 0.148438195 0.101201757 0.110954990 0.000000000 0.134205170 0.150341842 0.192620132 0.151662647 0.188290921 0.207396958 0.191837942 0.189616218 0.176279226 0.209407400 0.198608570 0.179560716 0.179749652 0.179474169 0.176339513 0.361775826 
7     0.243940169 0.241352746 0.242041884 0.223309928 0.201183012 0.189395996 0.190493323 0.206042607 0.161090286 0.203511019 0.194550701 0.206239847 0.171487899 0.191197123 0.168547468 0.205522618 0.164437040 0.235806717 0.242303028 0.216511166 0.223931579 0.181196434 0.172183060 0.174027374 0.151685516 0.142436597 0.160266754 0.196438047 0.183328186 0.153875751 0.145813871 0.125142655 0.104864447 0.119485544 0.134205170 0.000000000 0.127090051 0.168533140 0.127508558 0.164169997 0.183276874 0.167717857 0.165496134 0.152471839 0.185591998 0.174815370 0.155741972 0.155930909 0.155655425 0.152520769 0.337835262 
33     0.187406841 0.184819418 0.185508556 0.166763621 0.144683616 0.132896599 0.134001906 0.149543211 0.105511076 0.146850055 0.137923239 0.149612385 0.114827229 0.134531860 0.111882205 0.148861969 0.107826335 0.179146050 0.185642361 0.159850499 0.167270911 0.124535767 0.115516610 0.117360925 0.095019067 0.085770317 0.103291287 0.140012539 0.126894144 0.097395379 0.089274120 0.072930884 0.122536252 0.134751257 0.150341842 0.127090051 0.000000000 0.112329608 0.071344187 0.107476112 0.126743431 0.111174700 0.108949772 0.095776204 0.128889182 0.118123969 0.099044307 0.099233243 0.098957760 0.095823104 0.281242654 
39     0.224933243 0.222345820 0.223034958 0.204265583 0.182401297 0.170614281 0.171720335 0.187260892 0.143372257 0.184439657 0.175480966 0.187170112 0.152431083 0.172142801 0.149493146 0.186455773 0.144580777 0.215986646 0.222482957 0.196680865 0.204101278 0.162139618 0.153121731 0.154966045 0.132624187 0.123301960 0.141344991 0.177430407 0.164312012 0.134838352 0.126714945 0.114266080 0.164900874 0.176933351 0.192620132 0.168533140 0.112329608 0.000000000 0.078603842 0.136745137 0.163920720 0.148360390 0.146130086 0.133388168 0.166498339 0.155729414 0.136661497 0.136850433 0.136574950 0.133440294 0.318784412 
36     0.183041108 0.180453685 0.181142822 0.162575072 0.140531595 0.128744579 0.129852066 0.145391190 0.101499108 0.142570543 0.133640428 0.145329574 0.110561969 0.130273687 0.107624031 0.144586458 0.103310107 0.174117532 0.180613843 0.154811751 0.162232163 0.120270504 0.111203159 0.113047474 0.090705616 0.081384764 0.099639761 0.135472092 0.122353697 0.092902098 0.084859715 0.073176945 0.123936721 0.135969199 0.151662647 0.127508558 0.071344187 0.078603842 0.000000000 0.094620233 0.122220028 0.106662556 0.104432252 0.091543727 0.124653742 0.113888529 0.094849431 0.095038367 0.094762883 0.091628227 0.276962848 
26     0.219271516 0.216684093 0.217373231 0.198861848 0.176729379 0.164942363 0.166049850 0.181588974 0.137748842 0.178794761 0.169869572 0.181558718 0.146775957 0.166487675 0.143838020 0.180810896 0.139770679 0.210331520 0.216827831 0.191035969 0.198456382 0.156484498 0.147425347 0.149269662 0.126927804 0.117606914 0.135922278 0.171979505 0.158861110 0.129394269 0.121374616 0.109570523 0.160607066 0.172519142 0.188290921 0.164169997 0.107476112 0.136745137 0.094620233 0.000000000 0.157997415 0.142484420 0.140254117 0.127776914 0.160884948 0.150116023 0.131085682 0.131274618 0.130999134 0.127864478 0.313186775 
14     0.230666946 0.228079524 0.228768661 0.210127826 0.188031437 0.176244420 0.177348260 0.192891032 0.149109061 0.190047457 0.181115916 0.192805062 0.158038752 0.177752230 0.155102575 0.192057325 0.151161474 0.221708442 0.228205246 0.202402661 0.209823073 0.167747293 0.158706942 0.160551256 0.138209398 0.128959310 0.145889450 0.182630344 0.169504771 0.140239730 0.132179007 0.128563955 0.179694092 0.191615346 0.207396958 0.183276874 0.126743431 0.163920720 0.122220028 0.157997415 0.000000000 0.068040279 0.065996099 0.139028540 0.172154638 0.161388533 0.142230515 0.142419452 0.142143968 0.139009312 0.324272281 
23     0.215143118 0.212555696 0.213244833 0.194603486 0.172507097 0.160720080 0.161823920 0.177366691 0.133586692 0.174522254 0.165590714 0.177279859 0.142513550 0.162227027 0.139577372 0.176532123 0.135636271 0.206183239 0.212680044 0.186877458 0.194297871 0.152222090 0.143184138 0.145028453 0.122686595 0.113435962 0.130343802 0.167084018 0.153958445 0.124693404 0.116632681 0.113006546 0.164135075 0.176056330 0.191837942 0.167717857 0.111174700 0.148360390 0.106662556 0.142484420 0.068040279 0.000000000 0.017359402 0.123503906 0.156630004 0.145863898 0.126705881 0.126894817 0.126619334 0.123484678 0.308747642 
35     0.212912982 0.210325559 0.211014697 0.192373327 0.170276938 0.158489922 0.159593762 0.175136533 0.131356534 0.172292215 0.163360674 0.175049820 0.140283510 0.159996987 0.137347332 0.174302083 0.133406232 0.203953200 0.210450004 0.184647419 0.192067831 0.149992050 0.140954300 0.142798615 0.120456757 0.111206669 0.128113643 0.164853720 0.151728147 0.122463106 0.114402382 0.110784822 0.161913351 0.173834606 0.189616218 0.165496134 0.108949772 0.146130086 0.104432252 0.140254117 0.065996099 0.017359402 0.000000000 0.121273725 0.154399823 0.143633717 0.124475700 0.124664636 0.124389153 0.121254497 0.306517461 
49     0.185739777 0.183152354 0.183841492 0.164089877 0.141932963 0.130145947 0.131223004 0.146790885 0.104369759 0.145176386 0.136242804 0.147931949 0.113187142 0.132901627 0.110251972 0.147204459 0.106314324 0.177645433 0.184143156 0.158332104 0.165763816 0.122909796 0.112362950 0.114151045 0.091865518 0.082520322 0.111366180 0.147153364 0.134035969 0.104603245 0.096654741 0.098407545 0.148573944 0.160525551 0.176279226 0.152471839 0.095776204 0.133388168 0.091543727 0.127776914 0.139028540 0.123503906 0.121273725 0.000000000 0.113152468 0.102389295 0.084194664 0.084391350 0.084108117 0.080981210 0.270919387 
45     0.218598373 0.216010951 0.216700088 0.196915683 0.174771801 0.162984785 0.164061842 0.179629718 0.137203706 0.177905085 0.168971658 0.180660804 0.146175687 0.165890172 0.143240517 0.179927058 0.139036922 0.210633978 0.217131701 0.191329077 0.198752360 0.155898340 0.145160862 0.146948957 0.124663429 0.115318234 0.144472340 0.180216463 0.167098406 0.137660194 0.129711745 0.131524364 0.181702118 0.193653725 0.209407400 0.185591998 0.128889182 0.166498339 0.124653742 0.160884948 0.172154638 0.156630004 0.154399823 0.113152468 0.000000000 0.061824039 0.115093295 0.115276958 0.115006747 0.111866818 0.304150916 
44     0.207833370 0.205245947 0.205935085 0.186150455 0.164006574 0.152219557 0.153296614 0.168864491 0.126438478 0.167141792 0.158208365 0.169897511 0.135412393 0.155126879 0.132477224 0.169163764 0.128273629 0.199870685 0.206368408 0.180565783 0.187989067 0.145135047 0.134395634 0.136183729 0.113898202 0.104553006 0.133706126 0.169450193 0.156332136 0.126893924 0.118945475 0.120759151 0.170903288 0.182854895 0.198608570 0.174815370 0.118123969 0.155729414 0.113888529 0.150116023 0.161388533 0.145863898 0.143633717 0.102389295 0.061824039 0.000000000 0.104330121 0.104513784 0.104243574 0.101103644 0.293387742 
47     0.188655835 0.186068412 0.186757550 0.166972964 0.144829082 0.133042066 0.134116483 0.149687005 0.107268312 0.147781204 0.138847621 0.150536767 0.116051323 0.135765809 0.113116154 0.149803177 0.108913041 0.180512461 0.187010184 0.161207872 0.168631326 0.125773977 0.115334260 0.117122355 0.094836828 0.085491857 0.114690176 0.150386932 0.137268875 0.107830096 0.099849595 0.101677803 0.151855434 0.163807041 0.179560716 0.155741972 0.099044307 0.136661497 0.094849431 0.131085682 0.142230515 0.126705881 0.124475700 0.084194664 0.115093295 0.104330121 0.000000000 0.014161527 0.013254914 0.014197928 0.274457374 
46     0.188844771 0.186257349 0.186946486 0.167161900 0.145018019 0.133231002 0.134305419 0.149875941 0.107457219 0.147970140 0.139036557 0.150725703 0.116240260 0.135954745 0.113305090 0.149992113 0.109101977 0.180701397 0.187199121 0.161396808 0.168820262 0.125962913 0.115523196 0.117311292 0.095025764 0.085680793 0.114879112 0.150575868 0.137457812 0.108019032 0.100038532 0.101866739 0.152044371 0.163995977 0.179749652 0.155930909 0.099233243 0.136850433 0.095038367 0.131274618 0.142419452 0.126894817 0.124664636 0.084391350 0.115276958 0.104513784 0.014161527 0.000000000 0.012979886 0.014702794 0.274649617 
48     0.188569288 0.185981865 0.186671003 0.166886417 0.144742535 0.132955519 0.134029936 0.149600457 0.107181736 0.147694657 0.138761074 0.150450220 0.115964776 0.135679262 0.113029607 0.149716629 0.108826494 0.180425914 0.186923637 0.161121325 0.168544778 0.125687430 0.115247713 0.117035808 0.094750281 0.085405310 0.114603629 0.150300385 0.137182328 0.107743549 0.099763048 0.101591256 0.151768887 0.163720494 0.179474169 0.155655425 0.098957760 0.136574950 0.094762883 0.130999134 0.142143968 0.126619334 0.124389153 0.084108117 0.115006747 0.104243574 0.013254914 0.012979886 0.000000000 0.013426488 0.274370827 
50     0.185434632 0.182847209 0.183536347 0.163751761 0.141607879 0.129820863 0.130895280 0.146465801 0.104047080 0.144560001 0.135626418 0.147315564 0.112830120 0.132544606 0.109894951 0.146581973 0.105691838 0.177291258 0.183788981 0.157986669 0.165410122 0.122552774 0.112113057 0.113901152 0.091615624 0.082270654 0.111468973 0.147165729 0.134047672 0.104608893 0.096628392 0.098456600 0.148634231 0.160585838 0.176339513 0.152520769 0.095823104 0.133440294 0.091628227 0.127864478 0.139009312 0.123484678 0.121254497 0.080981210 0.111866818 0.101103644 0.014197928 0.014702794 0.013426488 0.000000000 0.271239477 
0     0.371171055 0.368583632 0.369272770 0.349952262 0.327794257 0.316007240 0.317109761 0.332660362 0.289869196 0.330665254 0.321735209 0.333424355 0.298764539 0.318479024 0.295829369 0.332700644 0.291810442 0.363225455 0.369620037 0.343922872 0.351344526 0.308486972 0.298408259 0.300196354 0.277910827 0.268541198 0.296800019 0.332750658 0.319632601 0.290182582 0.282236368 0.283948704 0.334070544 0.346020636 0.361775826 0.337835262 0.281242654 0.318784412 0.276962848 0.313186775 0.324272281 0.308747642 0.306517461 0.270919387 0.304150916 0.293387742 0.274457374 0.274649617 0.274370827 0.271239477 0.000000000 
