51
12     0.000000000 0.458398637 0.539391710 0.524160396 0.488882833 0.496680320 0.534781060 0.496886804 0.497694941 0.495238482 0.494362099 0.494787900 0.654124644 0.620262086 0.613589863 0.642791119 0.658078113 0.664484995 0.628373418 0.631010451 0.628967450 0.721889753 0.727556690 0.626267811 0.636221090 0.629696045 0.586482855 0.616467214 0.714943246 0.655531280 0.628858329 0.652097511 0.592539741 0.599644935 0.814914790 0.719486748 0.666421682 0.595475504 0.624877338 0.560642011 0.632264989 0.649422096 0.604967295 0.644783749 0.660563489 0.615689899 0.653772250 0.671593320 0.693137914 0.634398320 1.158199898 
3     0.458398637 0.000000000 0.234736758 0.220821760 0.185412395 0.193320270 0.229652627 0.191690868 0.192924495 0.190483691 0.189742572 0.194452341 0.499127515 0.463167926 0.456535321 0.488522357 0.503610214 0.509993477 0.474026412 0.476574067 0.474160265 0.567683993 0.573350930 0.473168253 0.483102631 0.476277215 0.432664594 0.461345594 0.560256715 0.500914443 0.475114800 0.498102434 0.438585236 0.445692867 0.659648375 0.565691021 0.515680512 0.443635965 0.472950768 0.409491271 0.480352303 0.497503490 0.454262031 0.493165939 0.509670745 0.464570815 0.502304374 0.519369500 0.541366066 0.483847756 1.009785973 
1     0.539391710 0.234736758 0.000000000 0.224095722 0.188224358 0.196243409 0.311074263 0.273087886 0.274148285 0.271732974 0.270852535 0.275657871 0.580378784 0.544274419 0.537641814 0.569042020 0.584223368 0.590645197 0.554749988 0.557225787 0.554794565 0.647727729 0.653394666 0.553501810 0.563436188 0.556751936 0.513016021 0.541528270 0.640370140 0.581042814 0.555577935 0.578018905 0.518841235 0.525815918 0.740690583 0.646050100 0.596741022 0.524973944 0.554287375 0.490731721 0.561544720 0.578661219 0.535359587 0.574285611 0.590870008 0.545898569 0.583634486 0.600670343 0.622615856 0.565053093 1.090634386 
2     0.524160396 0.220821760 0.224095722 0.000000000 0.095847738 0.103482785 0.296723654 0.259073615 0.259893007 0.257475627 0.257036782 0.261471723 0.564511222 0.528516005 0.521883400 0.551790209 0.567195029 0.573717140 0.537817760 0.540360574 0.538103614 0.631383021 0.637049958 0.536646648 0.546581026 0.539862593 0.496120194 0.524899714 0.623762069 0.564440251 0.538870953 0.561547705 0.502387977 0.509421862 0.724114159 0.629482842 0.580422729 0.508676010 0.537977366 0.474619724 0.545413680 0.562521216 0.519071361 0.558097304 0.574722771 0.529679407 0.567452122 0.584487979 0.606433492 0.548847572 1.075475272 
11     0.488882833 0.185412395 0.188224358 0.095847738 0.000000000 0.051672851 0.261695225 0.223853344 0.224749729 0.222332349 0.221821030 0.226276768 0.529180558 0.493165848 0.486533243 0.516950766 0.532132114 0.538572238 0.502668567 0.505144366 0.502770103 0.596054066 0.601721003 0.501317693 0.511252071 0.504533638 0.460791239 0.489570759 0.588433114 0.529111296 0.503541998 0.526218750 0.467059022 0.474092718 0.688785203 0.594153886 0.545123092 0.473262701 0.502564056 0.439209522 0.510059944 0.527167481 0.483598705 0.522624649 0.539250116 0.494193947 0.531979467 0.549015323 0.570905199 0.513387766 1.040144110 
7     0.496680320 0.193320270 0.196243409 0.103482785 0.051672851 0.000000000 0.269513848 0.231671966 0.232562188 0.230144808 0.229633489 0.234106897 0.537048357 0.501040085 0.494407480 0.524825003 0.540006350 0.546434691 0.510542803 0.513018602 0.510644339 0.603928302 0.609595239 0.509191929 0.519126307 0.512407874 0.468665475 0.497444995 0.596307350 0.536985532 0.511416234 0.534092986 0.474933258 0.481966954 0.696659440 0.602028123 0.553065992 0.481196511 0.510497866 0.447142396 0.517934180 0.535041717 0.491591861 0.530617804 0.547243272 0.502199908 0.539972623 0.557008479 0.578953993 0.521386188 1.047995773 
5     0.534781060 0.229652627 0.311074263 0.296723654 0.261695225 0.269513848 0.000000000 0.110573562 0.125850174 0.123564679 0.131216928 0.220778186 0.576337298 0.540077410 0.533444805 0.564889148 0.580070496 0.586678491 0.550705132 0.553095691 0.550138745 0.643912861 0.649579798 0.549540474 0.559488846 0.552809157 0.509280218 0.537936174 0.636812669 0.577470397 0.551680779 0.574680182 0.515115707 0.522257017 0.736583157 0.641972131 0.592372182 0.520422413 0.549737216 0.486518672 0.556682620 0.574206825 0.530581395 0.569525775 0.586113527 0.541506387 0.579183572 0.596219428 0.618149248 0.560541235 1.086516581 
8     0.496886804 0.191690868 0.273087886 0.259073615 0.223853344 0.231671966 0.110573562 0.000000000 0.089607875 0.087646824 0.093442657 0.183031847 0.538593865 0.502333977 0.495701372 0.527228279 0.542409627 0.549169186 0.513179210 0.515577909 0.512403037 0.606186849 0.611853786 0.511806983 0.521755356 0.515067828 0.471538889 0.500194845 0.599071340 0.539729068 0.513883953 0.536946692 0.477394511 0.484523526 0.698755666 0.604235598 0.554550277 0.482600508 0.511915311 0.448464727 0.518784757 0.536384920 0.492769738 0.531703869 0.548291622 0.503684481 0.541361666 0.558397523 0.580405791 0.522719330 1.048695528 
9     0.497694941 0.192924495 0.274148285 0.259893007 0.224749729 0.232562188 0.125850174 0.089607875 0.000000000 0.037224811 0.095224064 0.184205234 0.538840832 0.502562886 0.495930281 0.527170597 0.542294657 0.549283198 0.513277921 0.515753042 0.512650129 0.606457638 0.612124575 0.512079157 0.522027530 0.515340002 0.471811063 0.500439812 0.599343513 0.540001242 0.514122340 0.537191659 0.477627184 0.484768493 0.699173866 0.604482893 0.554454349 0.482491794 0.511806597 0.448229652 0.518694068 0.536192199 0.492515988 0.531474783 0.548062536 0.503455395 0.540949423 0.558017775 0.580121558 0.522535482 1.048986894 
6     0.495238482 0.190483691 0.271732974 0.257475627 0.222332349 0.230144808 0.123564679 0.087646824 0.037224811 0.000000000 0.094282328 0.181390296 0.536384372 0.500106427 0.493473822 0.524714138 0.539838198 0.546826739 0.510821462 0.513296582 0.510193670 0.604001179 0.609668116 0.509622698 0.519571071 0.512883542 0.469354604 0.497983353 0.596887054 0.537544783 0.511670254 0.534735199 0.475170724 0.482312034 0.696717407 0.602026433 0.551997890 0.480035335 0.509350138 0.445773193 0.516215863 0.533735739 0.490059529 0.529018324 0.545606076 0.500998936 0.538492964 0.555561316 0.577665099 0.520079023 1.046530435 
4     0.494362099 0.189742572 0.270852535 0.257036782 0.221821030 0.229633489 0.131216928 0.093442657 0.095224064 0.094282328 0.000000000 0.181402333 0.535980696 0.499361349 0.492772137 0.524581078 0.539762425 0.546521985 0.510532008 0.513007129 0.509797092 0.603537746 0.609204683 0.509070678 0.519019051 0.512350801 0.468821862 0.497525189 0.596401683 0.537059412 0.511341216 0.534338622 0.474774147 0.481895923 0.696233758 0.601622732 0.551700898 0.479593644 0.508984755 0.445280505 0.515914495 0.533286530 0.489837246 0.528734041 0.545321794 0.500714653 0.538391839 0.555427695 0.577450149 0.519798299 1.046117080 
10     0.494787900 0.194452341 0.275657871 0.261471723 0.226276768 0.234106897 0.220778186 0.183031847 0.184205234 0.181390296 0.181402333 0.000000000 0.538057009 0.501752972 0.495132721 0.526688593 0.541869941 0.548363390 0.512200558 0.514856480 0.512718632 0.605404862 0.611071799 0.511636829 0.521585201 0.514877604 0.471117701 0.500073896 0.598770937 0.539567052 0.513966214 0.536843601 0.477085797 0.484283550 0.698665448 0.603946029 0.553879300 0.481407272 0.510722075 0.447823187 0.518618963 0.535793808 0.492638657 0.531148341 0.547732737 0.503117590 0.540433508 0.557483545 0.579631426 0.522131064 1.048555237 
41     0.654124644 0.499127515 0.580378784 0.564511222 0.529180558 0.537048357 0.576337298 0.538593865 0.538840832 0.536384372 0.535980696 0.538057009 0.000000000 0.433005610 0.425979396 0.503000120 0.518387296 0.524370349 0.488409617 0.490971819 0.491407445 0.585438661 0.591105598 0.490646272 0.500399654 0.493679054 0.450729727 0.479652991 0.579477389 0.519510115 0.492526276 0.515800731 0.455696573 0.463397412 0.677357493 0.582223464 0.620016289 0.546823094 0.576855108 0.514299759 0.584276370 0.601586159 0.558272262 0.596580907 0.613719742 0.569707157 0.607200659 0.624520762 0.645934712 0.589037631 1.122611088 
18     0.620262086 0.463167926 0.544274419 0.528516005 0.493165848 0.501040085 0.540077410 0.502333977 0.502562886 0.500106427 0.499361349 0.501752972 0.433005610 0.000000000 0.102243410 0.470514452 0.486178907 0.491668091 0.455708915 0.458259741 0.457934625 0.552101598 0.557768535 0.457093473 0.466846854 0.460363305 0.417347566 0.446107964 0.545831291 0.485358303 0.460175223 0.482886108 0.422904419 0.430450587 0.644605530 0.550614987 0.586498883 0.513789907 0.543840752 0.480933138 0.552799953 0.569312813 0.525587037 0.564422951 0.581497863 0.537384642 0.574871840 0.591928973 0.613450426 0.556741523 1.086328010 
50     0.613589863 0.456535321 0.537641814 0.521883400 0.486533243 0.494407480 0.533444805 0.495701372 0.495930281 0.493473822 0.492772137 0.495132721 0.425979396 0.102243410 0.000000000 0.463816043 0.479704048 0.485073853 0.449114677 0.451665503 0.451311964 0.545502955 0.551169892 0.450381124 0.460134506 0.453650957 0.410635218 0.439681311 0.539553037 0.479082910 0.453557897 0.476266303 0.416284614 0.423830781 0.638007596 0.543871442 0.580420535 0.507652446 0.537703291 0.474793478 0.546167348 0.563251259 0.519955144 0.558470644 0.575545556 0.531432335 0.568919533 0.585976665 0.607498119 0.550715977 1.079655787 
34     0.642791119 0.488522357 0.569042020 0.551790209 0.516950766 0.524825003 0.564889148 0.527228279 0.527170597 0.524714138 0.524581078 0.526688593 0.503000120 0.470514452 0.463816043 0.000000000 0.112611414 0.334323968 0.298301843 0.301449871 0.431200116 0.526591497 0.532258434 0.431579220 0.441670579 0.436048742 0.392894466 0.421918998 0.521152670 0.461301679 0.433475095 0.456078988 0.394668895 0.403177615 0.618891849 0.535000925 0.609394658 0.536051513 0.566023181 0.504400686 0.574550225 0.591062569 0.548180920 0.586667107 0.603631202 0.560131121 0.597478578 0.615180472 0.636715566 0.579823183 1.103690715 
35     0.658078113 0.503610214 0.584223368 0.567195029 0.532132114 0.540006350 0.580070496 0.542409627 0.542294657 0.539838198 0.539762425 0.541869941 0.518387296 0.486178907 0.479704048 0.112611414 0.000000000 0.349101034 0.313021993 0.316170020 0.446164348 0.541625787 0.547292724 0.447030997 0.457205733 0.451404221 0.408249946 0.437011734 0.536406501 0.476555510 0.448736728 0.471341402 0.409930528 0.418439248 0.634266338 0.550541217 0.625516924 0.552789624 0.582876556 0.520521857 0.590675228 0.607187572 0.564305923 0.603068954 0.620033049 0.576256124 0.613603581 0.631305475 0.652840569 0.596020544 1.119307396 
22     0.664484995 0.509993477 0.590645197 0.573717140 0.538572238 0.546434691 0.586678491 0.549169186 0.549283198 0.546826739 0.546521985 0.548363390 0.524370349 0.491668091 0.485073853 0.334323968 0.349101034 0.000000000 0.120081555 0.132213714 0.452599596 0.548147736 0.553814673 0.453483819 0.463355880 0.457307477 0.414264624 0.443545536 0.542589859 0.483004076 0.454920049 0.477479508 0.416160011 0.424704705 0.640740593 0.557079749 0.629631951 0.557524716 0.587611648 0.524880114 0.595087431 0.611599775 0.568871382 0.607467926 0.624593677 0.580688229 0.618186265 0.635995277 0.657535152 0.600449179 1.126715100 
47     0.628373418 0.474026412 0.554749988 0.537817760 0.502668567 0.510542803 0.550705132 0.513179210 0.513277921 0.510821462 0.510532008 0.512200558 0.488409617 0.455708915 0.449114677 0.298301843 0.313021993 0.120081555 0.000000000 0.097258752 0.416563094 0.512134693 0.517801630 0.417857338 0.427729399 0.421895649 0.378741374 0.407631248 0.506675570 0.447089787 0.418998290 0.441581020 0.380189882 0.388734576 0.604699587 0.521098747 0.593734397 0.521627162 0.551714094 0.489026637 0.559286563 0.575798907 0.533095377 0.571695097 0.588817672 0.544910968 0.582393590 0.600218017 0.621753110 0.564549558 1.089017575 
25     0.631010451 0.476574067 0.557225787 0.540360574 0.505144366 0.513018602 0.553095691 0.515577909 0.515753042 0.513296582 0.513007129 0.514856480 0.490971819 0.458259741 0.451665503 0.301449871 0.316170020 0.132213714 0.097258752 0.000000000 0.419057777 0.514572644 0.520239581 0.420176545 0.430048605 0.424079099 0.380923683 0.410104947 0.509117060 0.449563486 0.421458628 0.444041358 0.382650220 0.391132698 0.607156682 0.523792700 0.596637252 0.524530017 0.554616949 0.491900716 0.562167869 0.578680213 0.535979183 0.574575727 0.591701478 0.547794774 0.585292810 0.603101823 0.624636916 0.567474272 1.093360197 
37     0.628967450 0.474160265 0.554794565 0.538103614 0.502770103 0.510644339 0.550138745 0.512403037 0.512650129 0.510193670 0.509797092 0.512718632 0.491407445 0.457934625 0.451311964 0.431200116 0.446164348 0.452599596 0.416563094 0.419057777 0.000000000 0.507990500 0.513657437 0.411265370 0.420765469 0.415855499 0.372731793 0.402127827 0.501527494 0.441606010 0.416319835 0.438478382 0.378500694 0.385738940 0.598298064 0.520211029 0.592221700 0.518176348 0.548638913 0.486286017 0.557202373 0.573718206 0.530857903 0.569051835 0.586164235 0.542427646 0.580462958 0.597555449 0.619103709 0.562000492 1.088983621 
44     0.721889753 0.567683993 0.647727729 0.631383021 0.596054066 0.603928302 0.643912861 0.606186849 0.606457638 0.604001179 0.603537746 0.605404862 0.585438661 0.552101598 0.545502955 0.526591497 0.541625787 0.548147736 0.512134693 0.514572644 0.507990500 0.000000000 0.095036530 0.497173910 0.506856349 0.500415710 0.457117686 0.486817648 0.585756238 0.526587319 0.498747241 0.521800428 0.462120039 0.469040743 0.682855230 0.612157818 0.686540800 0.613592549 0.644014739 0.580631925 0.650467625 0.666823036 0.625475026 0.663642990 0.680768742 0.636952653 0.674416413 0.691934700 0.713489011 0.656243683 1.187194599 
42     0.727556690 0.573350930 0.653394666 0.637049958 0.601721003 0.609595239 0.649579798 0.611853786 0.612124575 0.609668116 0.609204683 0.611071799 0.591105598 0.557768535 0.551169892 0.532258434 0.547292724 0.553814673 0.517801630 0.520239581 0.513657437 0.095036530 0.000000000 0.502840847 0.512523286 0.506082647 0.462784623 0.492483888 0.591423175 0.532254256 0.504414178 0.527467365 0.467786976 0.474707680 0.688522167 0.617824755 0.692207737 0.619259486 0.649681676 0.586298862 0.656134562 0.672483444 0.631141963 0.669309927 0.686435679 0.642619590 0.680083350 0.697601637 0.719155948 0.661910620 1.192861536 
28     0.626267811 0.473168253 0.553501810 0.536646648 0.501317693 0.509191929 0.549540474 0.511806983 0.512079157 0.509622698 0.509070678 0.511636829 0.490646272 0.457093473 0.450381124 0.431579220 0.447030997 0.453483819 0.417857338 0.420176545 0.411265370 0.497173910 0.502840847 0.000000000 0.101035884 0.248075065 0.205746866 0.349648635 0.447841161 0.388868658 0.364670341 0.386995377 0.327252045 0.334764345 0.579036469 0.515377071 0.589423698 0.516326565 0.547172453 0.483796915 0.555049780 0.571535863 0.528204833 0.566492244 0.583559462 0.539775539 0.577771268 0.595103116 0.616731178 0.558630808 1.088259806 
45     0.636221090 0.483102631 0.563436188 0.546581026 0.511252071 0.519126307 0.559488846 0.521755356 0.522027530 0.519571071 0.519019051 0.521585201 0.500399654 0.466846854 0.460134506 0.441670579 0.457205733 0.463355880 0.427729399 0.430048605 0.420765469 0.506856349 0.512523286 0.101035884 0.000000000 0.258003175 0.215620802 0.359311580 0.457514517 0.398531603 0.374136317 0.396447050 0.336780530 0.344102073 0.588739631 0.524575275 0.600233422 0.527109030 0.557954918 0.494639407 0.565898076 0.582384159 0.539164851 0.577340540 0.594494163 0.550623835 0.588619564 0.605951412 0.627579474 0.569914960 1.097357640 
40     0.629696045 0.476277215 0.556751936 0.539862593 0.504533638 0.512407874 0.552809157 0.515067828 0.515340002 0.512883542 0.512350801 0.514877604 0.493679054 0.460363305 0.453650957 0.436048742 0.451404221 0.457307477 0.421895649 0.424079099 0.415855499 0.500415710 0.506082647 0.248075065 0.258003175 0.000000000 0.107737746 0.352355616 0.450562262 0.391551711 0.367676169 0.390129488 0.330822862 0.338060584 0.582965471 0.520715078 0.592998844 0.520325866 0.550923420 0.487446247 0.558691024 0.575177107 0.531845831 0.569780147 0.586933771 0.543285089 0.581412719 0.598539091 0.620372629 0.563344171 1.094057670 
36     0.586482855 0.432664594 0.513016021 0.496120194 0.460791239 0.468665475 0.509280218 0.471538889 0.471811063 0.469354604 0.468821862 0.471117701 0.450729727 0.417347566 0.410635218 0.392894466 0.408249946 0.414264624 0.378741374 0.380923683 0.372731793 0.457117686 0.462784623 0.205746866 0.215620802 0.107737746 0.000000000 0.308940880 0.407266464 0.348359245 0.324409704 0.347036123 0.287517235 0.294754958 0.539913976 0.477554111 0.549897452 0.477155684 0.507753238 0.444276065 0.515520842 0.532006926 0.488698487 0.526609966 0.543763589 0.500117732 0.538242538 0.555616277 0.577202447 0.520215881 1.050861053 
46     0.616467214 0.461345594 0.541528270 0.524899714 0.489570759 0.497444995 0.537936174 0.500194845 0.500439812 0.497983353 0.497525189 0.500073896 0.479652991 0.446107964 0.439681311 0.421918998 0.437011734 0.443545536 0.407631248 0.410104947 0.402127827 0.486817648 0.492483888 0.349648635 0.359311580 0.352355616 0.308940880 0.000000000 0.282484213 0.222374030 0.336357486 0.360048702 0.300503789 0.307860539 0.568707430 0.511227103 0.581595406 0.507995669 0.538885272 0.475875422 0.546966691 0.563447387 0.519659310 0.557955269 0.575220976 0.531974756 0.569631372 0.587105021 0.607897791 0.551479933 1.081496594 
29     0.714943246 0.560256715 0.640370140 0.623762069 0.588433114 0.596307350 0.636812669 0.599071340 0.599343513 0.596887054 0.596401683 0.598770937 0.579477389 0.545831291 0.539553037 0.521152670 0.536406501 0.542589859 0.506675570 0.509117060 0.501527494 0.585756238 0.591423175 0.447841161 0.457514517 0.450562262 0.407266464 0.282484213 0.000000000 0.201848227 0.435813078 0.458900206 0.400142435 0.406929125 0.668366956 0.610026784 0.680079387 0.606838953 0.637584926 0.574364206 0.645723504 0.662204200 0.620088288 0.656701024 0.673899895 0.630727778 0.668285572 0.685759221 0.705676327 0.650259099 1.180668262 
23     0.655531280 0.500914443 0.581042814 0.564440251 0.529111296 0.536985532 0.577470397 0.539729068 0.540001242 0.537544783 0.537059412 0.539567052 0.519510115 0.485358303 0.479082910 0.461301679 0.476555510 0.483004076 0.447089787 0.449563486 0.441606010 0.526587319 0.532254256 0.388868658 0.398531603 0.391551711 0.348359245 0.222374030 0.201848227 0.000000000 0.376016242 0.399196066 0.339719071 0.347033691 0.609097930 0.550577740 0.620666341 0.547454430 0.578200402 0.515053052 0.586339633 0.602820328 0.560704416 0.597260779 0.614459650 0.571343907 0.608901701 0.626375350 0.646986574 0.590875228 1.121064144 
48     0.628858329 0.475114800 0.555577935 0.538870953 0.503541998 0.511416234 0.551680779 0.513883953 0.514122340 0.511670254 0.511341216 0.513966214 0.492526276 0.460175223 0.453557897 0.433475095 0.448736728 0.454920049 0.418998290 0.421458628 0.416319835 0.498747241 0.504414178 0.364670341 0.374136317 0.367676169 0.324409704 0.336357486 0.435813078 0.376016242 0.000000000 0.286448748 0.227429539 0.233517902 0.581771591 0.521851021 0.593782613 0.520362594 0.551144063 0.488163294 0.559339228 0.575687507 0.532838618 0.571000482 0.588137404 0.543955113 0.582053891 0.599301660 0.620831742 0.564334764 1.095180608 
24     0.652097511 0.498102434 0.578018905 0.561547705 0.526218750 0.534092986 0.574680182 0.536946692 0.537191659 0.534735199 0.534338622 0.536843601 0.515800731 0.482886108 0.476266303 0.456078988 0.471341402 0.477479508 0.441581020 0.444041358 0.438478382 0.521800428 0.527467365 0.386995377 0.396447050 0.390129488 0.347036123 0.360048702 0.458900206 0.399196066 0.286448748 0.000000000 0.230510222 0.235051750 0.603925437 0.544597951 0.617145553 0.543969133 0.574721759 0.511437261 0.582575939 0.598642310 0.556030723 0.594266292 0.611403214 0.567307009 0.605038978 0.622286748 0.643829768 0.587644629 1.113952124 
17     0.592539741 0.438585236 0.518841235 0.502387977 0.467059022 0.474933258 0.515115707 0.477394511 0.477627184 0.475170724 0.474774147 0.477085797 0.455696573 0.422904419 0.416284614 0.394668895 0.409930528 0.416160011 0.380189882 0.382650220 0.378500694 0.462120039 0.467786976 0.327252045 0.336780530 0.330822862 0.287517235 0.300503789 0.400142435 0.339719071 0.227429539 0.230510222 0.000000000 0.141590584 0.544246970 0.483257864 0.556135212 0.483367732 0.514144210 0.450902065 0.522351903 0.538563051 0.495602703 0.533701752 0.550838674 0.506791854 0.544705157 0.561952927 0.583483008 0.527115195 1.055591787 
16     0.599644935 0.445692867 0.525815918 0.509421862 0.474092718 0.481966954 0.522257017 0.484523526 0.484768493 0.482312034 0.481895923 0.484283550 0.463397412 0.430450587 0.423830781 0.403177615 0.418439248 0.424704705 0.388734576 0.391132698 0.385738940 0.469040743 0.474707680 0.334764345 0.344102073 0.338060584 0.294754958 0.307860539 0.406929125 0.347033691 0.233517902 0.235051750 0.141590584 0.000000000 0.550740738 0.491708850 0.564278882 0.491002993 0.521776198 0.458634606 0.530554647 0.546779179 0.503262346 0.541424210 0.558561132 0.514520746 0.552438959 0.569686729 0.591216810 0.534739221 1.065613100 
14     0.814914790 0.659648375 0.740690583 0.724114159 0.688785203 0.696659440 0.736583157 0.698755666 0.699173866 0.696717407 0.696233758 0.698665448 0.677357493 0.644605530 0.638007596 0.618891849 0.634266338 0.640740593 0.604699587 0.607156682 0.598298064 0.682855230 0.688522167 0.579036469 0.588739631 0.582965471 0.539913976 0.568707430 0.668366956 0.609097930 0.581771591 0.603925437 0.544246970 0.550740738 0.000000000 0.705608013 0.777031566 0.704610840 0.735048620 0.670323608 0.742008002 0.758506868 0.715455796 0.754491123 0.771628116 0.727662154 0.764509018 0.782033353 0.803580054 0.747158219 1.277620878 
30     0.719486748 0.565691021 0.646050100 0.629482842 0.594153886 0.602028123 0.641972131 0.604235598 0.604482893 0.602026433 0.601622732 0.603946029 0.582223464 0.550614987 0.543871442 0.535000925 0.550541217 0.557079749 0.521098747 0.523792700 0.520211029 0.612157818 0.617824755 0.515377071 0.524575275 0.520715078 0.477554111 0.511227103 0.610026784 0.550577740 0.521851021 0.544597951 0.483257864 0.491708850 0.705608013 0.000000000 0.685170207 0.611867591 0.642136832 0.579903146 0.651779263 0.668277011 0.625713780 0.663577537 0.680706862 0.636893301 0.674479642 0.691794320 0.713355929 0.656782766 1.187200509 
31     0.666421682 0.515680512 0.596741022 0.580422729 0.545123092 0.553065992 0.592372182 0.554550277 0.554454349 0.551997890 0.551700898 0.553879300 0.620016289 0.586498883 0.580420535 0.609394658 0.625516924 0.629631951 0.593734397 0.596637252 0.592221700 0.686540800 0.692207737 0.589423698 0.600233422 0.592998844 0.549897452 0.581595406 0.680079387 0.620666341 0.593782613 0.617145553 0.556135212 0.564278882 0.777031566 0.685170207 0.000000000 0.334508591 0.364133888 0.302276843 0.377215184 0.394096748 0.351003956 0.389761349 0.406777030 0.362666879 0.397188752 0.413904021 0.435386724 0.382334326 1.133580461 
43     0.595475504 0.443635965 0.524973944 0.508676010 0.473262701 0.481196511 0.520422413 0.482600508 0.482491794 0.480035335 0.479593644 0.481407272 0.546823094 0.513789907 0.507652446 0.536051513 0.552789624 0.557524716 0.521627162 0.524530017 0.518176348 0.613592549 0.619259486 0.516326565 0.527109030 0.520325866 0.477155684 0.507995669 0.606838953 0.547454430 0.520362594 0.543969133 0.483367732 0.491002993 0.704610840 0.611867591 0.334508591 0.000000000 0.105041604 0.216974572 0.294788081 0.310920647 0.267414400 0.303366506 0.320329180 0.278505576 0.315542437 0.332104313 0.353752460 0.296957905 1.058714023 
27     0.624877338 0.472950768 0.554287375 0.537977366 0.502564056 0.510497866 0.549737216 0.511915311 0.511806597 0.509350138 0.508984755 0.510722075 0.576855108 0.543840752 0.537703291 0.566023181 0.582876556 0.587611648 0.551714094 0.554616949 0.548638913 0.644014739 0.649681676 0.547172453 0.557954918 0.550923420 0.507753238 0.538885272 0.637584926 0.578200402 0.551144063 0.574721759 0.514144210 0.521776198 0.735048620 0.642136832 0.364133888 0.105041604 0.000000000 0.246606908 0.324464605 0.340413585 0.296947090 0.333032187 0.350053407 0.308307779 0.345266310 0.361828185 0.383476053 0.326757920 1.091841051 
49     0.560642011 0.409491271 0.490731721 0.474619724 0.439209522 0.447142396 0.486518672 0.448464727 0.448229652 0.445773193 0.445280505 0.447823187 0.514299759 0.480933138 0.474793478 0.504400686 0.520521857 0.524880114 0.489026637 0.491900716 0.486286017 0.580631925 0.586298862 0.483796915 0.494639407 0.487446247 0.444276065 0.475875422 0.574364206 0.515053052 0.488163294 0.511437261 0.450902065 0.458634606 0.670323608 0.579903146 0.302276843 0.216974572 0.246606908 0.000000000 0.205649440 0.223236749 0.178318498 0.215190318 0.232317366 0.189526871 0.226538790 0.243132489 0.265031983 0.209033052 1.027222141 
33     0.632264989 0.480352303 0.561544720 0.545413680 0.510059944 0.517934180 0.556682620 0.518784757 0.518694068 0.516215863 0.515914495 0.518618963 0.584276370 0.552799953 0.546167348 0.574550225 0.590675228 0.595087431 0.559286563 0.562167869 0.557202373 0.650467625 0.656134562 0.555049780 0.565898076 0.558691024 0.515520842 0.546966691 0.645723504 0.586339633 0.559339228 0.582575939 0.522351903 0.530554647 0.742008002 0.651779263 0.377215184 0.294788081 0.324464605 0.205649440 0.000000000 0.128351214 0.203770042 0.242827098 0.259722721 0.214325981 0.251122523 0.268230336 0.290041777 0.251663620 1.097527240 
39     0.649422096 0.497503490 0.578661219 0.562521216 0.527167481 0.535041717 0.574206825 0.536384920 0.536192199 0.533735739 0.533286530 0.535793808 0.601586159 0.569312813 0.563251259 0.591062569 0.607187572 0.611599775 0.575798907 0.578680213 0.573718206 0.666823036 0.672483444 0.571535863 0.582384159 0.575177107 0.532006926 0.563447387 0.662204200 0.602820328 0.575687507 0.598642310 0.538563051 0.546779179 0.758506868 0.668277011 0.394096748 0.310920647 0.340413585 0.223236749 0.128351214 0.000000000 0.221960668 0.261320746 0.278391242 0.232421280 0.269760540 0.285629825 0.307428337 0.270259392 1.114744767 
15     0.604967295 0.454262031 0.535359587 0.519071361 0.483598705 0.491591861 0.530581395 0.492769738 0.492515988 0.490059529 0.489837246 0.492638657 0.558272262 0.525587037 0.519955144 0.548180920 0.564305923 0.568871382 0.533095377 0.535979183 0.530857903 0.625475026 0.631141963 0.528204833 0.539164851 0.531845831 0.488698487 0.519659310 0.620088288 0.560704416 0.532838618 0.556030723 0.495602703 0.503262346 0.715455796 0.625713780 0.351003956 0.267414400 0.296947090 0.178318498 0.203770042 0.221960668 0.000000000 0.172817256 0.189517717 0.156888097 0.204939625 0.222498060 0.244228442 0.227541865 1.072157378 
26     0.644783749 0.493165939 0.574285611 0.558097304 0.522624649 0.530617804 0.569525775 0.531703869 0.531474783 0.529018324 0.528734041 0.531148341 0.596580907 0.564422951 0.558470644 0.586667107 0.603068954 0.607467926 0.571695097 0.574575727 0.569051835 0.663642990 0.669309927 0.566492244 0.577340540 0.569780147 0.526609966 0.557955269 0.656701024 0.597260779 0.571000482 0.594266292 0.533701752 0.541424210 0.754491123 0.663577537 0.389761349 0.303366506 0.333032187 0.215190318 0.242827098 0.261320746 0.172817256 0.000000000 0.118207639 0.192427313 0.242816269 0.259914281 0.282465742 0.265132512 1.110531673 
38     0.660563489 0.509670745 0.590870008 0.574722771 0.539250116 0.547243272 0.586113527 0.548291622 0.548062536 0.545606076 0.545321794 0.547732737 0.613719742 0.581497863 0.575545556 0.603631202 0.620033049 0.624593677 0.588817672 0.591701478 0.586164235 0.680768742 0.686435679 0.583559462 0.594494163 0.586933771 0.543763589 0.575220976 0.673899895 0.614459650 0.588137404 0.611403214 0.550838674 0.558561132 0.771628116 0.680706862 0.406777030 0.320329180 0.350053407 0.232317366 0.259722721 0.278391242 0.189517717 0.118207639 0.000000000 0.208818275 0.259372531 0.276093843 0.298746983 0.282394790 1.127480502 
13     0.615689899 0.464570815 0.545898569 0.529679407 0.494193947 0.502199908 0.541506387 0.503684481 0.503455395 0.500998936 0.500714653 0.503117590 0.569707157 0.537384642 0.531432335 0.560131121 0.576256124 0.580688229 0.544910968 0.547794774 0.542427646 0.636952653 0.642619590 0.539775539 0.550623835 0.543285089 0.500117732 0.531974756 0.630727778 0.571343907 0.543955113 0.567307009 0.506791854 0.514520746 0.727662154 0.636893301 0.362666879 0.278505576 0.308307779 0.189526871 0.214325981 0.232421280 0.156888097 0.192427313 0.208818275 0.000000000 0.214933720 0.231670340 0.254404789 0.237456607 1.083538082 
20     0.653772250 0.502304374 0.583634486 0.567452122 0.531979467 0.539972623 0.579183572 0.541361666 0.540949423 0.538492964 0.538391839 0.540433508 0.607200659 0.574871840 0.568919533 0.597478578 0.613603581 0.618186265 0.582393590 0.585292810 0.580462958 0.674416413 0.680083350 0.577771268 0.588619564 0.581412719 0.538242538 0.569631372 0.668285572 0.608901701 0.582053891 0.605038978 0.544705157 0.552438959 0.764509018 0.674479642 0.397188752 0.315542437 0.345266310 0.226538790 0.251122523 0.269760540 0.204939625 0.242816269 0.259372531 0.214933720 0.000000000 0.121684678 0.171879867 0.274350496 1.120373920 
21     0.671593320 0.519369500 0.600670343 0.584487979 0.549015323 0.557008479 0.596219428 0.558397523 0.558017775 0.555561316 0.555427695 0.557483545 0.624520762 0.591928973 0.585976665 0.615180472 0.631305475 0.635995277 0.600218017 0.603101823 0.597555449 0.691934700 0.697601637 0.595103116 0.605951412 0.598539091 0.555616277 0.587105021 0.685759221 0.626375350 0.599301660 0.622286748 0.561952927 0.569686729 0.782033353 0.691794320 0.413904021 0.332104313 0.361828185 0.243132489 0.268230336 0.285629825 0.222498060 0.259914281 0.276093843 0.231670340 0.121684678 0.000000000 0.188895888 0.290539249 1.137646624 
19     0.693137914 0.541366066 0.622615856 0.606433492 0.570905199 0.578953993 0.618149248 0.580405791 0.580121558 0.577665099 0.577450149 0.579631426 0.645934712 0.613450426 0.607498119 0.636715566 0.652840569 0.657535152 0.621753110 0.624636916 0.619103709 0.713489011 0.719155948 0.616731178 0.627579474 0.620372629 0.577202447 0.607897791 0.705676327 0.646986574 0.620831742 0.643829768 0.583483008 0.591216810 0.803580054 0.713355929 0.435386724 0.353752460 0.383476053 0.265031983 0.290041777 0.307428337 0.244228442 0.282465742 0.298746983 0.254404789 0.171879867 0.188895888 0.000000000 0.312847598 1.159366094 
32     0.634398320 0.483847756 0.565053093 0.548847572 0.513387766 0.521386188 0.560541235 0.522719330 0.522535482 0.520079023 0.519798299 0.522131064 0.589037631 0.556741523 0.550715977 0.579823183 0.596020544 0.600449179 0.564549558 0.567474272 0.562000492 0.656243683 0.661910620 0.558630808 0.569914960 0.563344171 0.520215881 0.551479933 0.650259099 0.590875228 0.564334764 0.587644629 0.527115195 0.534739221 0.747158219 0.656782766 0.382334326 0.296957905 0.326757920 0.209033052 0.251663620 0.270259392 0.227541865 0.265132512 0.282394790 0.237456607 0.274350496 0.290539249 0.312847598 0.000000000 1.102501723 
0     1.158199898 1.009785973 1.090634386 1.075475272 1.040144110 1.047995773 1.086516581 1.048695528 1.048986894 1.046530435 1.046117080 1.048555237 1.122611088 1.086328010 1.079655787 1.103690715 1.119307396 1.126715100 1.089017575 1.093360197 1.088983621 1.187194599 1.192861536 1.088259806 1.097357640 1.094057670 1.050861053 1.081496594 1.180668262 1.121064144 1.095180608 1.113952124 1.055591787 1.065613100 1.277620878 1.187200509 1.133580461 1.058714023 1.091841051 1.027222141 1.097527240 1.114744767 1.072157378 1.110531673 1.127480502 1.083538082 1.120373920 1.137646624 1.159366094 1.102501723 0.000000000 
