51
12     0.000000000 0.015769280 0.001927500 0.064680770 0.068721880 0.068955290 0.031732470 0.050539100 0.036008090 0.029124630 0.047409550 0.033716420 0.007373630 0.062929960 0.062348750 0.063389050 0.043232430 0.055531640 0.053212840 0.054643750 0.099095250 0.090068100 0.091462520 0.070361420 0.079006870 0.045787290 0.040974770 0.025385770 0.074407380 0.074019610 0.051545220 0.062825980 0.035561120 0.034841390 0.061502440 0.079566210 0.055503650 0.019534850 0.033675810 0.027554440 0.072850490 0.077840180 0.040096000 0.057136520 0.041042650 0.034628080 0.043436200 0.054675770 0.049236100 0.047610710 0.003978210 
3     0.015769280 0.000000000 0.006451040 0.004582790 0.005144020 0.014535640 0.023407650 0.011532620 0.016001480 0.015376780 0.009970500 0.008015840 0.059504940 0.067959090 0.070185390 0.071845450 0.034502190 0.048792640 0.046473840 0.047904750 0.048370970 0.064800610 0.064926300 0.064346430 0.063264910 0.051716860 0.014346180 0.019651600 0.067668380 0.067280610 0.054325490 0.060003780 0.069780450 0.055996660 0.041792640 0.067806280 0.045750680 0.027991250 0.007276260 0.018333030 0.035810600 0.002363820 0.038979760 0.030864910 0.018246880 0.043084480 0.054543710 0.063132170 0.057692500 0.018719130 0.085774120 
1     0.001927500 0.006451040 0.000000000 0.023194880 0.008720680 0.008720730 0.038587340 0.023083140 0.013903650 0.027823980 0.019335700 0.011446450 0.006705270 0.087503820 0.078571360 0.073991820 0.068003410 0.080302620 0.077983820 0.066720570 0.045972610 0.050587540 0.105159270 0.071128910 0.089509200 0.045118930 0.040306410 0.024717410 0.098678110 0.083972880 0.105531170 0.095074700 0.034892760 0.034173030 0.105422750 0.091375400 0.062212760 0.059501230 0.004933300 0.066984420 0.113599510 0.040860690 0.046761910 0.041417710 0.041759750 0.066031930 0.047655400 0.094642150 0.075166280 0.047833230 0.003200570 
2     0.064680770 0.004582790 0.023194880 0.000000000 0.000568350 0.002002080 0.033918320 0.041125090 0.034300810 0.037591610 0.037995540 0.030476660 0.007248680 0.089222730 0.080290270 0.031385480 0.059078540 0.026096310 0.003671810 0.038579820 0.056458590 0.061073520 0.094107470 0.053521360 0.024165800 0.077460430 0.079770400 0.022201530 0.090253490 0.008289180 0.012184080 0.011192210 0.025592960 0.008806910 0.015884910 0.044531000 0.042066230 0.050576360 0.037856500 0.043140460 0.098403040 0.061257850 0.030386600 0.046492570 0.062156910 0.065669590 0.068052560 0.085717280 0.080277610 0.065557320 0.063776820 
11     0.068721880 0.005144020 0.008720680 0.000568350 0.000000000 0.000001850 0.039406330 0.030613470 0.023542520 0.033819500 0.028974570 0.021085320 0.023637510 0.079750280 0.076549540 0.083330310 0.063119650 0.075418860 0.050681930 0.074530970 0.055311100 0.059926030 0.092927940 0.075069270 0.059683290 0.069869650 0.061065690 0.057719020 0.094294600 0.043806670 0.047701570 0.046709700 0.061110450 0.044324400 0.051402400 0.067751040 0.042627460 0.054617470 0.042469250 0.043701690 0.095867110 0.050499560 0.053789930 0.051056580 0.051398620 0.068454950 0.057294270 0.088605890 0.042255150 0.016629000 0.062629330 
7     0.068955290 0.014535640 0.008720730 0.002002080 0.000001850 0.000000000 0.039130260 0.035643220 0.040234880 0.039592950 0.032655840 0.032279650 0.017813640 0.084147340 0.076201980 0.079633560 0.063353060 0.075652270 0.053398450 0.072362310 0.051614350 0.056229280 0.096440140 0.074721710 0.060402290 0.073533380 0.064167740 0.058438020 0.094528010 0.044525670 0.048420570 0.047428700 0.061829450 0.045043400 0.052121400 0.066547240 0.078493250 0.054850880 0.068991840 0.064255040 0.096958380 0.080088900 0.040920690 0.057026660 0.080987960 0.069944110 0.081403340 0.089991800 0.084552130 0.026269170 0.058932580 
5     0.031732470 0.023407650 0.038587340 0.033918320 0.039406330 0.039130260 0.000000000 0.002869800 0.005437270 0.002882030 0.000971720 0.007157530 0.084749750 0.074899050 0.065966590 0.092999180 0.065171540 0.045548640 0.055061230 0.038036860 0.036339110 0.078260810 0.100086360 0.064486320 0.076904430 0.078866000 0.078578900 0.060759800 0.082092830 0.064012620 0.069813290 0.082469930 0.093757660 0.078004310 0.092817980 0.088156430 0.078154760 0.056669360 0.070810320 0.066570630 0.081279190 0.077361920 0.065911690 0.088842640 0.089184680 0.071762590 0.073769030 0.091810280 0.040235980 0.071536210 0.080964110 
8     0.050539100 0.011532620 0.023083140 0.041125090 0.030613470 0.035643220 0.002869800 0.000000000 0.001063970 0.001408710 0.001901160 0.000496890 0.065426350 0.074239210 0.067750230 0.080288890 0.044936870 0.057236080 0.054917280 0.006865780 0.023966110 0.075491950 0.086145010 0.066269960 0.073689360 0.062773520 0.070057440 0.054432420 0.076111820 0.075724050 0.006345950 0.070428230 0.080204900 0.066421110 0.019448390 0.079975040 0.069956460 0.036434690 0.045854390 0.053472520 0.082263190 0.061146110 0.040305270 0.061703130 0.062045170 0.051527920 0.062987150 0.071575610 0.066135940 0.057594860 0.087419500 
9     0.036008090 0.016001480 0.013903650 0.034300810 0.023542520 0.040234880 0.005437270 0.001063970 0.000000000 0.000000010 0.000801900 0.000960950 0.065318840 0.075368760 0.066436300 0.073568270 0.042325530 0.051006660 0.035630320 0.035175490 0.028863600 0.062389880 0.080545630 0.064956030 0.068089980 0.031388690 0.075659970 0.048525780 0.062661920 0.044581710 0.009531560 0.064828850 0.074605520 0.060821730 0.091335480 0.077093760 0.064357080 0.033823350 0.047964310 0.025097700 0.084841200 0.051249520 0.033916450 0.051806540 0.052148580 0.048916580 0.015193700 0.068964270 0.063524600 0.051995480 0.077169820 
6     0.029124630 0.015376780 0.027823980 0.037591610 0.033819500 0.039592950 0.002882030 0.001408710 0.000000010 0.000000000 0.001649020 0.001808070 0.065031700 0.071841400 0.062908940 0.073281130 0.041403390 0.050719520 0.035343180 0.034888350 0.025988180 0.062102740 0.081576760 0.061428670 0.069121110 0.052387230 0.074237400 0.048238640 0.062374780 0.044294570 0.017401640 0.065859980 0.075636650 0.061852860 0.089760330 0.076806620 0.065388210 0.032901210 0.047042170 0.023757560 0.082609590 0.065169850 0.035662480 0.065726870 0.066068910 0.047994440 0.011810360 0.068042130 0.060481120 0.053026610 0.077080890 
4     0.047409550 0.009970500 0.019335700 0.037995540 0.028974570 0.032655840 0.000971720 0.001901160 0.000801900 0.001649020 0.000000000 0.000160130 0.068941120 0.013489200 0.050010590 0.077103100 0.041807320 0.054106530 0.039252600 0.038797770 0.028811400 0.066012160 0.090355840 0.024454570 0.023268480 0.034749020 0.029124470 0.052148060 0.066284200 0.048203990 0.054004660 0.074639060 0.084415730 0.070631940 0.092433650 0.080030550 0.074167290 0.020730960 0.047446100 0.017674770 0.080365110 0.056681570 0.039268450 0.057238590 0.057580630 0.048398370 0.059857600 0.068446060 0.063006390 0.061805690 0.081674400 
10     0.033716420 0.008015840 0.011446450 0.030476660 0.021085320 0.032279650 0.007157530 0.000496890 0.000960950 0.001808070 0.000160130 0.000000000 0.062643280 0.042925030 0.043492120 0.077643150 0.042291130 0.054590340 0.044376880 0.053702450 0.054677350 0.061947350 0.088454740 0.077080610 0.075999090 0.088600120 0.083569080 0.068475920 0.073466080 0.073078310 0.071393890 0.072737960 0.082514630 0.026445560 0.081717730 0.077191970 0.070144390 0.033788950 0.026776010 0.032281110 0.077331230 0.048792320 0.054280070 0.049349340 0.049691380 0.048882180 0.055587030 0.064387900 0.021380510 0.059904590 0.064650650 
41     0.007373630 0.059504940 0.006705270 0.007248680 0.023637510 0.017813640 0.084749750 0.065426350 0.065318840 0.065031700 0.068941120 0.062643280 0.000000000 0.000014000 0.005775820 0.035993160 0.046332080 0.046566590 0.049334860 0.050283520 0.010820890 0.037871170 0.037996860 0.065863250 0.074107400 0.038893440 0.034080920 0.018491920 0.053785680 0.062685300 0.018505140 0.056849520 0.028667270 0.027947540 0.017073590 0.013660340 0.039154940 0.051612020 0.052589170 0.055630940 0.059282540 0.066952710 0.067607940 0.070918640 0.087421800 0.074357240 0.088705520 0.105442420 0.058089960 0.032021020 0.008755980 
18     0.062929960 0.067959090 0.087503820 0.089222730 0.079750280 0.084147340 0.074899050 0.074239210 0.075368760 0.071841400 0.013489200 0.042925030 0.000014000 0.000000000 0.005210660 0.045571120 0.056878680 0.078889520 0.049922650 0.038812050 0.019633750 0.036265590 0.046451010 0.058632080 0.068996040 0.079848620 0.061397300 0.049804160 0.042314210 0.026799540 0.042872950 0.063475630 0.063023210 0.069073280 0.017087590 0.013674340 0.047609090 0.060066170 0.061043320 0.064085090 0.067736690 0.115134720 0.011735120 0.095631460 0.090471550 0.097630890 0.120876900 0.110001800 0.068543800 0.088340990 0.093991490 
50     0.062348750 0.070185390 0.078571360 0.080290270 0.076549540 0.076201980 0.065966590 0.067750230 0.066436300 0.062908940 0.050010590 0.043492120 0.005775820 0.005210660 0.000000000 0.035261910 0.046569470 0.071239020 0.039613440 0.028502840 0.016493930 0.025956380 0.050792270 0.048322870 0.063623410 0.060488570 0.063774150 0.039494950 0.032005000 0.038155830 0.039733130 0.063090360 0.059285090 0.058739040 0.029363330 0.029506770 0.031339370 0.085456200 0.078125880 0.074570300 0.093204690 0.102540500 0.094923910 0.095246190 0.074796190 0.094541510 0.095507920 0.110138770 0.092858740 0.080886330 0.077462910 
34     0.063389050 0.071845450 0.073991820 0.031385480 0.083330310 0.079633560 0.092999180 0.080288890 0.073568270 0.073281130 0.077103100 0.077643150 0.035993160 0.045571120 0.035261910 0.000000000 0.000169560 0.033587560 0.011019500 0.030131230 0.034585990 0.030960290 0.031814090 0.041856710 0.033117580 0.052013080 0.042214710 0.045795400 0.038305450 0.047709480 0.027722030 0.043715120 0.032985820 0.040855960 0.020939320 0.039701860 0.072824230 0.045352580 0.059493540 0.069806080 0.070134420 0.067968970 0.053603890 0.070644410 0.073026500 0.048135970 0.059595200 0.068183660 0.062743990 0.008757870 0.022995170 
35     0.043232430 0.034502190 0.068003410 0.059078540 0.063119650 0.063353060 0.065171540 0.044936870 0.042325530 0.041403390 0.041807320 0.042291130 0.046332080 0.056878680 0.046569470 0.000169560 0.000000000 0.016433310 0.001647720 0.015545420 0.020532220 0.031472840 0.034337190 0.018325180 0.023745800 0.062352000 0.052553630 0.028013380 0.035692410 0.035304640 0.035523760 0.034343340 0.016128440 0.036540050 0.022823160 0.061061810 0.082290710 0.029128020 0.043268980 0.062059640 0.099917600 0.096000330 0.049689170 0.066729690 0.069111780 0.044221250 0.055680480 0.064268940 0.058829270 0.077201230 0.013623390 
22     0.055531640 0.048792640 0.080302620 0.026096310 0.075418860 0.075652270 0.045548640 0.057236080 0.051006660 0.050719520 0.054106530 0.054590340 0.046566590 0.078889520 0.071239020 0.033587560 0.016433310 0.000000000 0.000590560 0.004530050 0.060033720 0.055848710 0.052249680 0.052073180 0.048121670 0.026228290 0.035065290 0.043001460 0.047991620 0.040738850 0.046539520 0.056232400 0.038719490 0.056564610 0.045304530 0.071583060 0.045964310 0.030143700 0.034841040 0.058527690 0.084277860 0.073679960 0.061988380 0.079028900 0.079179760 0.056520460 0.032934000 0.076568150 0.071128480 0.078400000 0.037999260 
47     0.053212840 0.046473840 0.077983820 0.003671810 0.050681930 0.053398450 0.055061230 0.054917280 0.035630320 0.035343180 0.039252600 0.044376880 0.049334860 0.049922650 0.039613440 0.011019500 0.001647720 0.000590560 0.000000000 0.001409340 0.049040930 0.033120560 0.035984910 0.053072670 0.025393520 0.048322690 0.046300180 0.029306580 0.042656980 0.025362510 0.031163180 0.035991060 0.046327520 0.054197660 0.031994030 0.056206720 0.057199200 0.039108430 0.046075930 0.056683520 0.069207200 0.081318750 0.059669580 0.076710100 0.079092190 0.054201660 0.021336530 0.074249350 0.068809680 0.041393000 0.015271110 
25     0.054643750 0.047904750 0.066720570 0.038579820 0.074530970 0.072362310 0.038036860 0.006865780 0.035175490 0.034888350 0.038797770 0.053702450 0.050283520 0.038812050 0.028502840 0.030131230 0.015545420 0.004530050 0.001409340 0.000000000 0.047627640 0.025768520 0.038953310 0.047864250 0.069454330 0.069219590 0.038986680 0.028851750 0.031546380 0.024907680 0.030708350 0.071277610 0.048451970 0.056322110 0.040660690 0.046327470 0.064187180 0.040539340 0.054680300 0.073470960 0.093572800 0.102184920 0.061100490 0.078141010 0.080523100 0.055632570 0.067091800 0.075680260 0.070240590 0.088612550 0.077324850 
37     0.099095250 0.048370970 0.045972610 0.056458590 0.055311100 0.051614350 0.036339110 0.023966110 0.028863600 0.025988180 0.028811400 0.054677350 0.010820890 0.019633750 0.016493930 0.034585990 0.020532220 0.060033720 0.049040930 0.047627640 0.000000000 0.029170490 0.036939670 0.052035980 0.051321410 0.040843670 0.056092490 0.050564630 0.059232380 0.054013470 0.023242700 0.040246750 0.029137820 0.051739460 0.027043880 0.022516100 0.072765240 0.076913520 0.074546760 0.064149700 0.082784090 0.103471660 0.082338760 0.093333210 0.107013340 0.092040440 0.085883220 0.100063360 0.101416150 0.070465730 0.056576890 
44     0.090068100 0.064800610 0.050587540 0.061073520 0.059926030 0.056229280 0.078260810 0.075491950 0.062389880 0.062102740 0.066012160 0.061947350 0.037871170 0.036265590 0.025956380 0.030960290 0.031472840 0.055848710 0.033120560 0.025768520 0.029170490 0.000000000 0.000000000 0.028760630 0.038013950 0.038518790 0.030410890 0.025601500 0.029270680 0.026430550 0.042875180 0.025419350 0.045390750 0.027780170 0.017256940 0.044028010 0.043809070 0.056907690 0.057884840 0.057601890 0.064578210 0.061622230 0.063334380 0.065926230 0.065335460 0.052278470 0.067408920 0.100601790 0.065385320 0.056883270 0.044634170 
42     0.091462520 0.064926300 0.105159270 0.094107470 0.092927940 0.096440140 0.100086360 0.086145010 0.080545630 0.081576760 0.090355840 0.088454740 0.037996860 0.046451010 0.050792270 0.031814090 0.034337190 0.052249680 0.035984910 0.038953310 0.036939670 0.000000000 0.000000000 0.041842890 0.027820250 0.078885830 0.051788560 0.026455300 0.096674920 0.027284350 0.054375890 0.026273150 0.046244550 0.028633970 0.034762400 0.045808560 0.044576300 0.057033380 0.058010530 0.061052300 0.064703900 0.094087600 0.075722470 0.085786870 0.085196100 0.072139110 0.082254840 0.105575090 0.065511010 0.076743910 0.047498520 
28     0.070361420 0.064346430 0.071128910 0.053521360 0.075069270 0.074721710 0.064486320 0.066269960 0.064956030 0.061428670 0.024454570 0.077080610 0.065863250 0.058632080 0.048322870 0.041856710 0.018325180 0.052073180 0.053072670 0.047864250 0.052035980 0.028760630 0.041842890 0.000000000 0.002504180 0.006952260 0.009145190 0.016280170 0.024461630 0.035440080 0.030035920 0.016171640 0.007811410 0.028782120 0.020953510 0.023299380 0.073423610 0.027053160 0.053529440 0.061746030 0.101641810 0.099538280 0.064348340 0.101581710 0.106563390 0.038290600 0.087196910 0.094200960 0.113291040 0.021755730 0.041592460 
45     0.079006870 0.063264910 0.089509200 0.024165800 0.059683290 0.060402290 0.076904430 0.073689360 0.068089980 0.069121110 0.023268480 0.075999090 0.074107400 0.068996040 0.063623410 0.033117580 0.023745800 0.048121670 0.025393520 0.069454330 0.051321410 0.038013950 0.027820250 0.002504180 0.000000000 0.020657370 0.018634860 0.031396270 0.045972740 0.027499620 0.029482240 0.018218540 0.026117700 0.021707890 0.028919110 0.023827540 0.081252940 0.019977250 0.075385030 0.064769000 0.101737060 0.113539420 0.063266820 0.100500190 0.115097230 0.034354430 0.086115390 0.093119440 0.112209520 0.037754870 0.036907130 
40     0.045787290 0.051716860 0.045118930 0.077460430 0.069869650 0.073533380 0.078866000 0.062773520 0.031388690 0.052387230 0.034749020 0.088600120 0.038893440 0.079848620 0.060488570 0.052013080 0.062352000 0.026228290 0.048322690 0.069219590 0.040843670 0.038518790 0.078885830 0.006952260 0.020657370 0.000000000 0.002473710 0.020616500 0.039503150 0.067483470 0.016337190 0.019266560 0.031357070 0.030637340 0.022449520 0.068950010 0.026172750 0.058114800 0.062812140 0.055743190 0.111830770 0.097407010 0.083171560 0.095010990 0.103986780 0.066826030 0.078612170 0.020446250 0.126257320 0.087720520 0.047169640 
36     0.040974770 0.014346180 0.040306410 0.079770400 0.061065690 0.064167740 0.078578900 0.070057440 0.075659970 0.074237400 0.029124470 0.083569080 0.034080920 0.061397300 0.063774150 0.042214710 0.052553630 0.035065290 0.046300180 0.038986680 0.056092490 0.030410890 0.051788560 0.009145190 0.018634860 0.002473710 0.000000000 0.015803980 0.038644370 0.056536980 0.035372150 0.021459490 0.026544550 0.025824820 0.021590740 0.023945580 0.058822490 0.056092290 0.060789630 0.047144910 0.096166780 0.084150430 0.070836810 0.088421590 0.102291630 0.048467250 0.063359370 0.095679910 0.118240320 0.076461330 0.042357120 
46     0.025385770 0.019651600 0.024717410 0.022201530 0.057719020 0.058438020 0.060759800 0.054432420 0.048525780 0.048238640 0.052148060 0.068475920 0.018491920 0.049804160 0.039494950 0.045795400 0.028013380 0.043001460 0.029306580 0.028851750 0.050564630 0.025601500 0.026455300 0.016280170 0.031396270 0.020616500 0.015803980 0.000000000 0.005952410 0.001972550 0.016069980 0.007276510 0.010955550 0.009637330 0.023977740 0.026732800 0.064399080 0.055312810 0.069453770 0.078571970 0.084526680 0.115516630 0.075873960 0.057347930 0.088613920 0.059347360 0.081865270 0.090453730 0.085014060 0.050057460 0.026768120 
29     0.074407380 0.067668380 0.098678110 0.090253490 0.094294600 0.094528010 0.082092830 0.076111820 0.062661920 0.062374780 0.066284200 0.073466080 0.053785680 0.042314210 0.032005000 0.038305450 0.035692410 0.047991620 0.042656980 0.031546380 0.059232380 0.029270680 0.096674920 0.024461630 0.045972740 0.039503150 0.038644370 0.005952410 0.000000000 0.000387870 0.020411300 0.013432460 0.023229850 0.021187770 0.022982690 0.049829630 0.085676680 0.060302970 0.074443930 0.024685840 0.114078170 0.120996620 0.080844350 0.061689250 0.092955240 0.063688680 0.086855430 0.095443890 0.086257400 0.054398780 0.125357600 
23     0.074019610 0.067280610 0.083972880 0.008289180 0.043806670 0.044525670 0.064012620 0.075724050 0.044581710 0.044294570 0.048203990 0.073078310 0.062685300 0.026799540 0.038155830 0.047709480 0.035304640 0.040738850 0.025362510 0.024907680 0.054013470 0.026430550 0.027284350 0.035440080 0.027499620 0.067483470 0.056536980 0.001972550 0.000387870 0.000000000 0.015517900 0.008105560 0.028076960 0.010466380 0.010967970 0.039614060 0.066172790 0.059915200 0.074056160 0.082212180 0.109483200 0.130170770 0.080476350 0.078422160 0.099898960 0.075008430 0.086467660 0.095056120 0.008479040 0.071156380 0.059008720 
48     0.051545220 0.054325490 0.105531170 0.012184080 0.047701570 0.048420570 0.069813290 0.006345950 0.009531560 0.017401640 0.054004660 0.071393890 0.018505140 0.042872950 0.039733130 0.027722030 0.035523760 0.046539520 0.031163180 0.030708350 0.023242700 0.042875180 0.054375890 0.030035920 0.029482240 0.016337190 0.035372150 0.016069980 0.020411300 0.015517900 0.000000000 0.005271010 0.002977760 0.000759900 0.010191140 0.045757320 0.076647740 0.054037100 0.081826490 0.060163800 0.096666850 0.091752640 0.058661620 0.068542310 0.099808300 0.068363300 0.081510190 0.087715570 0.099788640 0.061251840 0.107649950 
24     0.062825980 0.060003780 0.095074700 0.011192210 0.046709700 0.047428700 0.082469930 0.070428230 0.064828850 0.065859980 0.074639060 0.072737960 0.056849520 0.063475630 0.063090360 0.043715120 0.034343340 0.056232400 0.035991060 0.071277610 0.040246750 0.025419350 0.026273150 0.016171640 0.018218540 0.019266560 0.021459490 0.007276510 0.013432460 0.008105560 0.005271010 0.000000000 0.011376670 0.002503180 0.021139010 0.037426550 0.077991810 0.069744580 0.081956740 0.061507870 0.098475930 0.026930840 0.060005690 0.061563470 0.092829460 0.063562900 0.059426900 0.081360620 0.092809800 0.054273000 0.047504670 
17     0.035561120 0.069780450 0.034892760 0.025592960 0.061110450 0.061829450 0.093757660 0.080204900 0.074605520 0.075636650 0.084415730 0.082514630 0.028667270 0.063023210 0.059285090 0.032985820 0.016128440 0.038719490 0.046327520 0.048451970 0.029137820 0.045390750 0.046244550 0.007811410 0.026117700 0.031357070 0.026544550 0.010955550 0.023229850 0.028076960 0.002977760 0.011376670 0.000000000 0.001103540 0.012343880 0.050921340 0.041115120 0.067680380 0.063908310 0.030342400 0.080651990 0.038205870 0.069782360 0.059477290 0.086872490 0.073360290 0.045778380 0.034168800 0.102607190 0.053293790 0.036943470 
16     0.034841390 0.055996660 0.034173030 0.008806910 0.044324400 0.045043400 0.078004310 0.066421110 0.060821730 0.061852860 0.070631940 0.026445560 0.027947540 0.069073280 0.058739040 0.040855960 0.036540050 0.056564610 0.054197660 0.056322110 0.051739460 0.027780170 0.028633970 0.028782120 0.021707890 0.030637340 0.025824820 0.009637330 0.021187770 0.010466380 0.000759900 0.002503180 0.001103540 0.000000000 0.019589610 0.048382550 0.039017370 0.065737460 0.079163440 0.057500750 0.094468810 0.071750160 0.055998570 0.080216100 0.107828980 0.065700250 0.078847140 0.067713090 0.100536740 0.061623090 0.036223740 
14     0.061502440 0.041792640 0.105422750 0.015884910 0.051402400 0.052121400 0.092817980 0.019448390 0.091335480 0.089760330 0.092433650 0.081717730 0.017073590 0.017087590 0.029363330 0.020939320 0.022823160 0.045304530 0.031994030 0.040660690 0.027043880 0.017256940 0.034762400 0.020953510 0.028919110 0.022449520 0.021590740 0.023977740 0.022982690 0.010967970 0.010191140 0.021139010 0.012343880 0.019589610 0.000000000 0.003413270 0.012191790 0.075722250 0.098555080 0.040186860 0.082538160 0.078620890 0.090450330 0.128569990 0.109806830 0.116437380 0.076360340 0.085803130 0.073711160 0.105702510 0.130620340 
30     0.079566210 0.067806280 0.091375400 0.044531000 0.067751040 0.066547240 0.088156430 0.079975040 0.077093760 0.076806620 0.080030550 0.077191970 0.013660340 0.013674340 0.029506770 0.039701860 0.061061810 0.071583060 0.056206720 0.046327470 0.022516100 0.044028010 0.045808560 0.023299380 0.023827540 0.068950010 0.023945580 0.026732800 0.049829630 0.039614060 0.045757320 0.037426550 0.050921340 0.048382550 0.003413270 0.000000000 0.047317300 0.052493660 0.085232700 0.082033090 0.083187990 0.095843580 0.066018580 0.082569480 0.081903010 0.073290390 0.089241260 0.090104240 0.101246610 0.088502890 0.055873680 
31     0.055503650 0.045750680 0.062212760 0.042066230 0.042627460 0.078493250 0.078154760 0.069956460 0.064357080 0.065388210 0.074167290 0.070144390 0.039154940 0.047609090 0.031339370 0.072824230 0.082290710 0.045964310 0.057199200 0.064187180 0.072765240 0.043809070 0.044576300 0.073423610 0.081252940 0.026172750 0.058822490 0.064399080 0.085676680 0.066172790 0.076647740 0.077991810 0.041115120 0.039017370 0.012191790 0.047317300 0.000000000 0.009690780 0.001284130 0.002374090 0.012915090 0.008997820 0.021790990 0.028375940 0.028310200 0.030456110 0.019514840 0.039021850 0.036024820 0.014220180 0.043587010 
43     0.019534850 0.027991250 0.059501230 0.050576360 0.054617470 0.054850880 0.056669360 0.036434690 0.033823350 0.032901210 0.020730960 0.033788950 0.051612020 0.060066170 0.085456200 0.045352580 0.029128020 0.030143700 0.039108430 0.040539340 0.076913520 0.056907690 0.057033380 0.027053160 0.019977250 0.058114800 0.056092290 0.055312810 0.060302970 0.059915200 0.054037100 0.069744580 0.067680380 0.065737460 0.075722250 0.052493660 0.009690780 0.000000000 0.001767840 0.011340960 0.019278570 0.015361300 0.012418740 0.011930340 0.020500940 0.014415090 0.025142110 0.025201280 0.024701480 0.006410920 0.115119660 
27     0.033675810 0.007276260 0.004933300 0.037856500 0.042469250 0.068991840 0.070810320 0.045854390 0.047964310 0.047042170 0.047446100 0.026776010 0.052589170 0.061043320 0.078125880 0.059493540 0.043268980 0.034841040 0.046075930 0.054680300 0.074546760 0.057884840 0.058010530 0.053529440 0.075385030 0.062812140 0.060789630 0.069453770 0.074443930 0.074056160 0.081826490 0.081956740 0.063908310 0.079163440 0.098555080 0.085232700 0.001284130 0.001767840 0.000000000 0.002358360 0.029517220 0.018465040 0.021625100 0.038213750 0.021764790 0.021621670 0.039541090 0.043735890 0.027164150 0.044741300 0.043428800 
49     0.027554440 0.018333030 0.066984420 0.043140460 0.043701690 0.064255040 0.066570630 0.053472520 0.025097700 0.023757560 0.017674770 0.032281110 0.055630940 0.064085090 0.074570300 0.069806080 0.062059640 0.058527690 0.056683520 0.073470960 0.064149700 0.057601890 0.061052300 0.061746030 0.064769000 0.055743190 0.047144910 0.078571970 0.024685840 0.082212180 0.060163800 0.061507870 0.030342400 0.057500750 0.040186860 0.082033090 0.002374090 0.011340960 0.002358360 0.000000000 0.004254780 0.004043520 0.015208790 0.022899520 0.024569210 0.008458510 0.002999960 0.002999980 0.000002950 0.000003990 0.044661240 
33     0.072850490 0.035810600 0.113599510 0.098403040 0.095867110 0.096958380 0.081279190 0.082263190 0.084841200 0.082609590 0.080365110 0.077331230 0.059282540 0.067736690 0.093204690 0.070134420 0.099917600 0.084277860 0.069207200 0.093572800 0.082784090 0.064578210 0.064703900 0.101641810 0.101737060 0.111830770 0.096166780 0.084526680 0.114078170 0.109483200 0.096666850 0.098475930 0.080651990 0.094468810 0.082538160 0.083187990 0.012915090 0.019278570 0.029517220 0.004254780 0.000000000 0.000000000 0.012949290 0.030118160 0.036328480 0.022502060 0.017051190 0.017051210 0.008688910 0.012656130 0.090720610 
39     0.077840180 0.002363820 0.040860690 0.061257850 0.050499560 0.080088900 0.077361920 0.061146110 0.051249520 0.065169850 0.056681570 0.048792320 0.066952710 0.115134720 0.102540500 0.067968970 0.096000330 0.073679960 0.081318750 0.102184920 0.103471660 0.061622230 0.094087600 0.099538280 0.113539420 0.097407010 0.084150430 0.115516630 0.120996620 0.130170770 0.091752640 0.026930840 0.038205870 0.071750160 0.078620890 0.095843580 0.008997820 0.015361300 0.018465040 0.004043520 0.000000000 0.000000000 0.021591580 0.016247380 0.016589420 0.022502060 0.017051190 0.017051210 0.014054180 0.014047540 0.105431940 
15     0.040096000 0.038979760 0.046761910 0.030386600 0.053789930 0.040920690 0.065911690 0.040305270 0.033916450 0.035662480 0.039268450 0.054280070 0.067607940 0.011735120 0.094923910 0.053603890 0.049689170 0.061988380 0.059669580 0.061100490 0.082338760 0.063334380 0.075722470 0.064348340 0.063266820 0.083171560 0.070836810 0.075873960 0.080844350 0.080476350 0.058661620 0.060005690 0.069782360 0.055998570 0.090450330 0.066018580 0.021790990 0.012418740 0.021625100 0.015208790 0.012949290 0.021591580 0.000000000 0.007789410 0.004926000 0.001398250 0.009106770 0.001954170 0.012255560 0.008146740 0.072207770 
26     0.057136520 0.030864910 0.041417710 0.046492570 0.051056580 0.057026660 0.088842640 0.061703130 0.051806540 0.065726870 0.057238590 0.049349340 0.070918640 0.095631460 0.095246190 0.070644410 0.066729690 0.079028900 0.076710100 0.078141010 0.093333210 0.065926230 0.085786870 0.101581710 0.100500190 0.095010990 0.088421590 0.057347930 0.061689250 0.078422160 0.068542310 0.061563470 0.059477290 0.080216100 0.128569990 0.082569480 0.028375940 0.011930340 0.038213750 0.022899520 0.030118160 0.016247380 0.007789410 0.000000000 0.000162830 0.014645630 0.024031470 0.024525680 0.029296080 0.014625180 0.092239650 
38     0.041042650 0.018246880 0.041759750 0.062156910 0.051398620 0.080987960 0.089184680 0.062045170 0.052148580 0.066068910 0.057580630 0.049691380 0.087421800 0.090471550 0.074796190 0.073026500 0.069111780 0.079179760 0.079092190 0.080523100 0.107013340 0.065335460 0.085196100 0.106563390 0.115097230 0.103986780 0.102291630 0.088613920 0.092955240 0.099898960 0.099808300 0.092829460 0.086872490 0.107828980 0.109806830 0.081903010 0.028310200 0.020500940 0.021764790 0.024569210 0.036328480 0.016589420 0.004926000 0.000162830 0.000000000 0.020962150 0.024373510 0.033568740 0.031678170 0.014559440 0.078331540 
13     0.034628080 0.043084480 0.066031930 0.065669590 0.068454950 0.069944110 0.071762590 0.051527920 0.048916580 0.047994440 0.048398370 0.048882180 0.074357240 0.097630890 0.094541510 0.048135970 0.044221250 0.056520460 0.054201660 0.055632570 0.092040440 0.052278470 0.072139110 0.038290600 0.034354430 0.066826030 0.048467250 0.059347360 0.063688680 0.075008430 0.068363300 0.063562900 0.073360290 0.065700250 0.116437380 0.073290390 0.030456110 0.014415090 0.021621670 0.008458510 0.022502060 0.022502060 0.001398250 0.014645630 0.020962150 0.000000000 0.011458230 0.011458250 0.008461220 0.008454580 0.077119360 
20     0.043436200 0.054543710 0.047655400 0.068052560 0.057294270 0.081403340 0.073769030 0.062987150 0.015193700 0.011810360 0.059857600 0.055587030 0.088705520 0.120876900 0.095507920 0.059595200 0.055680480 0.032934000 0.021336530 0.067091800 0.085883220 0.067408920 0.082254840 0.087196910 0.086115390 0.078612170 0.063359370 0.081865270 0.086855430 0.086467660 0.081510190 0.059426900 0.045778380 0.078847140 0.076360340 0.089241260 0.019514840 0.025142110 0.039541090 0.002999960 0.017051190 0.017051190 0.009106770 0.024031470 0.024373510 0.011458230 0.000000000 0.000000060 0.003002670 0.003003710 0.104545400 
21     0.054675770 0.063132170 0.094642150 0.085717280 0.088605890 0.089991800 0.091810280 0.071575610 0.068964270 0.068042130 0.068446060 0.064387900 0.105442420 0.110001800 0.110138770 0.068183660 0.064268940 0.076568150 0.074249350 0.075680260 0.100063360 0.100601790 0.105575090 0.094200960 0.093119440 0.020446250 0.095679910 0.090453730 0.095443890 0.095056120 0.087715570 0.081360620 0.034168800 0.067713090 0.085803130 0.090104240 0.039021850 0.025201280 0.043735890 0.002999980 0.017051210 0.017051210 0.001954170 0.024525680 0.033568740 0.011458250 0.000000060 0.000000000 0.003002690 0.003003730 0.110330910 
19     0.049236100 0.057692500 0.075166280 0.080277610 0.042255150 0.084552130 0.040235980 0.066135940 0.063524600 0.060481120 0.063006390 0.021380510 0.058089960 0.068543800 0.092858740 0.062743990 0.058829270 0.071128480 0.068809680 0.070240590 0.101416150 0.065385320 0.065511010 0.113291040 0.112209520 0.126257320 0.118240320 0.085014060 0.086257400 0.008479040 0.099788640 0.092809800 0.102607190 0.100536740 0.073711160 0.101246610 0.036024820 0.024701480 0.027164150 0.000002950 0.008688910 0.014054180 0.012255560 0.029296080 0.031678170 0.008461220 0.003002670 0.003002690 0.000000000 0.000006700 0.162456230 
32     0.047610710 0.018719130 0.047833230 0.065557320 0.016629000 0.026269170 0.071536210 0.057594860 0.051995480 0.053026610 0.061805690 0.059904590 0.032021020 0.088340990 0.080886330 0.008757870 0.077201230 0.078400000 0.041393000 0.088612550 0.070465730 0.056883270 0.076743910 0.021755730 0.037754870 0.087720520 0.076461330 0.050057460 0.054398780 0.071156380 0.061251840 0.054273000 0.053293790 0.061623090 0.105702510 0.088502890 0.014220180 0.006410920 0.044741300 0.000003990 0.012656130 0.014047540 0.008146740 0.014625180 0.014559440 0.008454580 0.003003710 0.003003730 0.000006700 0.000000000 0.093622730 
0     0.003978210 0.085774120 0.003200570 0.063776820 0.062629330 0.058932580 0.080964110 0.087419500 0.077169820 0.077080890 0.081674400 0.064650650 0.008755980 0.093991490 0.077462910 0.022995170 0.013623390 0.037999260 0.015271110 0.077324850 0.056576890 0.044634170 0.047498520 0.041592460 0.036907130 0.047169640 0.042357120 0.026768120 0.125357600 0.059008720 0.107649950 0.047504670 0.036943470 0.036223740 0.130620340 0.055873680 0.043587010 0.115119660 0.043428800 0.044661240 0.090720610 0.105431940 0.072207770 0.092239650 0.078331540 0.077119360 0.104545400 0.110330910 0.162456230 0.093622730 0.000000000 
