51
21     0.000000000 0.084990258 0.248046935 0.180206056 0.215084922 0.234054840 0.264102759 0.238405085 0.255452322 0.234749785 0.244307074 0.221341354 0.216523744 0.220767867 0.239216193 0.214850393 0.249723649 0.328066435 0.380633834 0.381857607 0.287450581 0.336620362 0.333168670 0.335590543 0.341326981 0.340589128 0.287490303 0.274757970 0.633364405 0.481943906 0.424246090 0.423738764 0.383895599 0.417398620 0.428698640 0.398679743 0.422467823 0.435686293 0.357213183 0.355729895 0.354770626 0.409604906 0.394807539 0.400311223 0.247875944 0.267136748 0.243113709 0.284292951 0.267736999 0.255074149 0.449978419 
8     0.084990258 0.000000000 0.239072108 0.171224405 0.205175666 0.224319208 0.254367127 0.228776665 0.246016276 0.225121366 0.234678654 0.211712934 0.206806796 0.211052402 0.229628755 0.205275630 0.240211866 0.318622029 0.371193440 0.372417213 0.278010187 0.327179968 0.323728276 0.326150149 0.331886587 0.331148735 0.278049909 0.265317576 0.623924011 0.473089434 0.414953540 0.414446213 0.374603049 0.408106069 0.419406090 0.389376415 0.413164495 0.426382964 0.347866546 0.346383259 0.345423990 0.400258269 0.385460902 0.390964586 0.238427412 0.257688217 0.233665177 0.274845319 0.258289404 0.245630922 0.440533990 
14     0.248046935 0.239072108 0.000000000 0.133778808 0.229859224 0.250119944 0.279573991 0.253772303 0.271562708 0.250268773 0.259656178 0.236927198 0.232690431 0.236619042 0.255724959 0.231194557 0.264956361 0.343498907 0.396126450 0.397350223 0.302917656 0.352087437 0.348635745 0.351058129 0.356794567 0.356056715 0.302957890 0.290225556 0.648786344 0.497946631 0.439810736 0.439303410 0.399460245 0.432615162 0.444263286 0.414233611 0.438021691 0.451240161 0.372723743 0.371240455 0.370281186 0.425115466 0.410341052 0.415821782 0.263309270 0.282570075 0.258547035 0.299665238 0.283115491 0.270450841 0.464053779 
19     0.180206056 0.171224405 0.133778808 0.000000000 0.163641570 0.183749082 0.213183138 0.187455921 0.205246432 0.183969995 0.193352220 0.170726526 0.166142979 0.170071589 0.189225851 0.164696374 0.198990565 0.277174789 0.329802331 0.331026104 0.236502199 0.285763319 0.282311627 0.284734010 0.290470449 0.289732596 0.236633771 0.223901438 0.582480653 0.431487306 0.373351412 0.372844086 0.333000921 0.366105086 0.377803962 0.347774287 0.371562367 0.384780837 0.306210971 0.304727683 0.303750906 0.358553251 0.343750334 0.349231064 0.197010301 0.216271105 0.192248066 0.233366268 0.216816521 0.204151871 0.398727280 
7     0.215084922 0.205175666 0.229859224 0.163641570 0.000000000 0.146888112 0.175799669 0.151206440 0.169288000 0.147972339 0.157575788 0.133739149 0.129201893 0.133280226 0.151964210 0.127258065 0.176642706 0.254057340 0.306634050 0.307874808 0.213296272 0.262187489 0.258785265 0.261807899 0.267544338 0.266806485 0.213695636 0.200975327 0.559497706 0.408735086 0.350599192 0.350091865 0.310248701 0.343751721 0.355051742 0.325022067 0.348810147 0.362028616 0.283512198 0.282028911 0.281069642 0.335903922 0.321113208 0.326600621 0.174104009 0.193364813 0.169341774 0.210417039 0.193913804 0.181255321 0.376588443 
11     0.234054840 0.224319208 0.250119944 0.183749082 0.146888112 0.000000000 0.094607345 0.133094101 0.149033864 0.127563149 0.138037701 0.113862388 0.109346882 0.113772699 0.131794368 0.106185504 0.199258687 0.276443993 0.329164759 0.330360014 0.235806490 0.284986370 0.281534678 0.284197298 0.289933736 0.289195884 0.236070144 0.223352392 0.581868771 0.430806462 0.372828729 0.372321403 0.332478239 0.365981259 0.377281279 0.347186593 0.370974674 0.384193143 0.305676725 0.304193437 0.303234168 0.358068448 0.343259183 0.348743246 0.196458863 0.215719668 0.191696628 0.232623320 0.216279181 0.203620699 0.398696030 
2     0.264102759 0.254367127 0.279573991 0.213183138 0.175799669 0.094607345 0.000000000 0.163802153 0.180105184 0.158765120 0.168973009 0.145091442 0.139278938 0.143788778 0.161846556 0.135860806 0.228646574 0.306072594 0.358793360 0.359988615 0.265435091 0.314614971 0.311163279 0.313825899 0.319562337 0.318824485 0.265698745 0.252980993 0.611497372 0.460435063 0.402457330 0.401950004 0.362106840 0.395609860 0.406909880 0.376815194 0.400603275 0.413821744 0.335305326 0.333822038 0.332862769 0.387697049 0.372887784 0.378358397 0.226087464 0.245348269 0.221325229 0.262198792 0.245907782 0.233249300 0.428324631 
23     0.238405085 0.228776665 0.253772303 0.187455921 0.151206440 0.133094101 0.163802153 0.000000000 0.120137489 0.098450411 0.107158140 0.085845080 0.114317070 0.118877053 0.137282723 0.110254150 0.203616266 0.281146666 0.333838366 0.335062139 0.240508275 0.289622375 0.286170684 0.288789410 0.294525848 0.293787996 0.240642320 0.227956837 0.586440693 0.435658690 0.377522796 0.377015469 0.337172305 0.370675325 0.381975346 0.351945671 0.375733751 0.388952220 0.310435802 0.308952515 0.307993246 0.362827526 0.347995551 0.353501574 0.201035219 0.220296023 0.196272984 0.237278527 0.220866512 0.208208030 0.403283361 
9     0.255452322 0.246016276 0.271562708 0.205246432 0.169288000 0.149033864 0.180105184 0.120137489 0.000000000 0.097571331 0.105661876 0.094508671 0.131329700 0.136478189 0.154128154 0.128653360 0.220998219 0.298242239 0.350821320 0.351967942 0.257499045 0.306561319 0.303109627 0.305921701 0.311658139 0.310920287 0.257793033 0.245089128 0.603554410 0.452786159 0.394650264 0.394142938 0.354299773 0.387802794 0.399102814 0.369073139 0.392861219 0.406079689 0.327563271 0.326079983 0.325120714 0.379954994 0.365006723 0.370634331 0.218152944 0.237413749 0.213390710 0.254396253 0.237984238 0.225325756 0.420408739 
27     0.234749785 0.225121366 0.250268773 0.183969995 0.147972339 0.127563149 0.158765120 0.098450411 0.097571331 0.000000000 0.052091854 0.070648605 0.109539730 0.114531918 0.132980392 0.107176114 0.200135574 0.277489984 0.330075835 0.331222458 0.236753560 0.285936999 0.282485307 0.285149950 0.290886388 0.290148536 0.237021282 0.224317377 0.582779240 0.432006255 0.373870360 0.373363034 0.333519870 0.367022890 0.378322911 0.348293236 0.372081316 0.385299785 0.306783367 0.305300079 0.304340810 0.359175090 0.344163331 0.349854427 0.197373041 0.216633845 0.192610806 0.233624804 0.217204334 0.204545852 0.399628835 
20     0.244307074 0.234678654 0.259656178 0.193352220 0.157575788 0.138037701 0.168973009 0.107158140 0.105661876 0.052091854 0.000000000 0.080513207 0.119729739 0.124796856 0.143227663 0.117090760 0.209709064 0.286879198 0.339465049 0.340611671 0.246142774 0.295326212 0.291874521 0.294539163 0.300275601 0.299537749 0.246410496 0.233706591 0.592159855 0.441386870 0.383250975 0.382743649 0.342900484 0.376403505 0.387703525 0.357673850 0.381461931 0.394680400 0.316163982 0.314680694 0.313721425 0.368555705 0.353623714 0.359235042 0.206753656 0.226014460 0.201991421 0.243005419 0.226584949 0.213926467 0.408806276 
17     0.221341354 0.211712934 0.236927198 0.170726526 0.133739149 0.113862388 0.145091442 0.085845080 0.094508671 0.070648605 0.080513207 0.000000000 0.096311165 0.101376581 0.119938368 0.094117950 0.186455612 0.263707648 0.316389156 0.317517042 0.223075951 0.272227653 0.268775961 0.271356838 0.277093276 0.276355424 0.223228171 0.210524266 0.569013953 0.417956637 0.359736432 0.359303210 0.319453068 0.352964856 0.364264876 0.334268266 0.358056346 0.371274815 0.292749826 0.291266539 0.290307270 0.344965544 0.330037089 0.335705125 0.183544288 0.202805092 0.178782053 0.219744204 0.203385160 0.190725903 0.385849420 
26     0.216523744 0.206806796 0.232690431 0.166142979 0.129201893 0.109346882 0.139278938 0.114317070 0.131329700 0.109539730 0.119729739 0.096311165 0.000000000 0.039841613 0.077833504 0.060257433 0.181190551 0.258376792 0.311032473 0.312259956 0.217645749 0.266889472 0.263437780 0.266065480 0.271801918 0.271064066 0.217944897 0.205232908 0.563752980 0.412270119 0.354046939 0.353539613 0.313696380 0.347109818 0.358409838 0.328646925 0.352435005 0.365653475 0.287078568 0.285595280 0.284636011 0.339533529 0.324724264 0.330165907 0.178295196 0.197556001 0.173532961 0.214574454 0.198149091 0.185490609 0.380564469 
13     0.220767867 0.211052402 0.236619042 0.170071589 0.133280226 0.113772699 0.143788778 0.118877053 0.136478189 0.114531918 0.124796856 0.101376581 0.039841613 0.000000000 0.081973868 0.064527695 0.185702892 0.263146433 0.315870375 0.317087252 0.222533389 0.271691986 0.268240294 0.270675416 0.276411854 0.275674002 0.222456433 0.209739441 0.568411129 0.416928268 0.358705088 0.358197762 0.318354529 0.351767966 0.363067987 0.333305074 0.357093154 0.370311624 0.291736717 0.290253429 0.289294160 0.344191677 0.329382413 0.334842281 0.182943253 0.202204058 0.178181019 0.219232603 0.202807240 0.190148758 0.385222618 
29     0.239216193 0.229628755 0.255724959 0.189225851 0.151964210 0.131794368 0.161846556 0.137282723 0.154128154 0.132980392 0.143227663 0.119938368 0.077833504 0.081973868 0.000000000 0.081808329 0.204787830 0.282176240 0.334904382 0.336121259 0.241567396 0.290725993 0.287274301 0.289820908 0.295557346 0.294819494 0.241700325 0.228988335 0.587455670 0.436261962 0.378199159 0.377691833 0.337848668 0.371351688 0.382651709 0.352771115 0.376559195 0.389777664 0.311070411 0.309587123 0.308627854 0.363525372 0.348716107 0.354175975 0.201998843 0.221259647 0.197236608 0.238295986 0.221871675 0.209213193 0.404287053 
3     0.214850393 0.205275630 0.231194557 0.164696374 0.127258065 0.106185504 0.135860806 0.110254150 0.128653360 0.107176114 0.117090760 0.094117950 0.060257433 0.064527695 0.081808329 0.000000000 0.179467510 0.256977622 0.309705763 0.310922641 0.216368778 0.265527374 0.262075683 0.264607520 0.270343958 0.269606106 0.216486937 0.203774947 0.562250378 0.411047979 0.352985176 0.352477850 0.312634685 0.346137706 0.357437726 0.327557132 0.351345212 0.364563682 0.285851564 0.284368276 0.283409007 0.338306525 0.323497260 0.328954710 0.176774885 0.196019902 0.171996863 0.213061359 0.196633241 0.183974758 0.379073070 
28     0.249723649 0.240211866 0.264956361 0.198990565 0.176642706 0.199258687 0.228646574 0.203616266 0.220998219 0.200135574 0.209709064 0.186455612 0.181190551 0.185702892 0.204787830 0.179467510 0.000000000 0.226412704 0.279119845 0.280353356 0.185737398 0.234849661 0.231397970 0.234069155 0.239805593 0.239067741 0.185946938 0.173204110 0.531548675 0.380833157 0.322677283 0.322169957 0.282299872 0.315807369 0.327107103 0.297077788 0.320865868 0.334084338 0.255618013 0.254134725 0.253175456 0.308009736 0.293420205 0.298884197 0.146914498 0.166175302 0.142152263 0.183015572 0.166373432 0.153730896 0.349222392 
1     0.328066435 0.318622029 0.343498907 0.277174789 0.254057340 0.276443993 0.306072594 0.281146666 0.298242239 0.277489984 0.286879198 0.263707648 0.258376792 0.263146433 0.282176240 0.256977622 0.226412704 0.000000000 0.272310104 0.273924119 0.179917746 0.228466671 0.225063818 0.267584225 0.273380683 0.272627009 0.219646924 0.206878329 0.565615599 0.420049435 0.362057330 0.361550004 0.321693295 0.355268389 0.366496336 0.336472453 0.360091427 0.373264337 0.294907272 0.293356698 0.292464716 0.347373489 0.332833885 0.338252144 0.186200515 0.205461319 0.181438280 0.221990927 0.205273850 0.192913322 0.387820099 
15     0.380633834 0.371193440 0.396126450 0.329802331 0.306634050 0.329164759 0.358793360 0.333838366 0.350821320 0.330075835 0.339465049 0.316389156 0.311032473 0.315870375 0.334904382 0.309705763 0.279119845 0.272310104 0.000000000 0.254516484 0.170543090 0.225586837 0.222036160 0.320340717 0.326102794 0.325349120 0.272180400 0.259411805 0.618306949 0.472607792 0.414676377 0.414169051 0.374312342 0.407887436 0.419115383 0.389030809 0.412771924 0.425748528 0.347400464 0.345835477 0.344957907 0.399925587 0.385391470 0.390809728 0.238877804 0.258138608 0.234115569 0.274777492 0.258187852 0.245590611 0.440524372 
18     0.381857607 0.372417213 0.397350223 0.331026104 0.307874808 0.330360014 0.359988615 0.335062139 0.351967942 0.331222458 0.340611671 0.317517042 0.312259956 0.317087252 0.336121259 0.310922641 0.280353356 0.273924119 0.254516484 0.000000000 0.171405861 0.227107692 0.223544889 0.321661624 0.327423702 0.326670028 0.273501883 0.260733288 0.619520472 0.473841653 0.415910238 0.415402912 0.375546203 0.409121297 0.420349244 0.390264670 0.414005785 0.427158455 0.348634324 0.347069338 0.346191768 0.401159448 0.386625331 0.392043589 0.240086659 0.259347464 0.235324424 0.275988626 0.259377789 0.246802288 0.441744629 
12     0.287450581 0.278010187 0.302917656 0.236502199 0.213296272 0.235806490 0.265435091 0.240508275 0.257499045 0.236753560 0.246142774 0.223075951 0.217645749 0.222533389 0.241567396 0.216368778 0.185737398 0.179917746 0.170543090 0.171405861 0.000000000 0.133473341 0.129723608 0.227016008 0.232702971 0.231949297 0.178905534 0.166136940 0.524927986 0.379259969 0.321217423 0.320710097 0.280857850 0.314432944 0.325660891 0.295576317 0.319317432 0.332453331 0.254074730 0.252509744 0.251632173 0.306599854 0.292065736 0.297483995 0.145583417 0.164844222 0.140821182 0.181485384 0.164893465 0.152296225 0.347362846 
16     0.336620362 0.327179968 0.352087437 0.285763319 0.262187489 0.284986370 0.314614971 0.289622375 0.306561319 0.285936999 0.295326212 0.272227653 0.266889472 0.271691986 0.290725993 0.265527374 0.234849661 0.228466671 0.225586837 0.227107692 0.133473341 0.000000000 0.067806734 0.276196125 0.281958202 0.281204529 0.228036384 0.215267789 0.573940983 0.427914368 0.369842772 0.369335446 0.329641007 0.363028810 0.374256757 0.344208091 0.367949206 0.381101877 0.302731120 0.301098440 0.300288564 0.355256395 0.340722277 0.346140535 0.194568862 0.213829666 0.189806627 0.230349834 0.213878910 0.201281669 0.396212616 
25     0.333168670 0.323728276 0.348635745 0.282311627 0.258785265 0.281534678 0.311163279 0.286170684 0.303109627 0.282485307 0.291874521 0.268775961 0.263437780 0.268240294 0.287274301 0.262075683 0.231397970 0.225063818 0.222036160 0.223544889 0.129723608 0.067806734 0.000000000 0.272744433 0.278506511 0.277752837 0.224584692 0.211816097 0.570489291 0.424462676 0.366391080 0.365883754 0.326189315 0.359577118 0.370805066 0.340756399 0.364497514 0.377650185 0.299279429 0.297665963 0.296836872 0.351804703 0.337270586 0.342688844 0.191117170 0.210377975 0.186354936 0.226898143 0.210427219 0.197829978 0.392760925 
4     0.335590543 0.326150149 0.351058129 0.284734010 0.261807899 0.284197298 0.313825899 0.288789410 0.305921701 0.285149950 0.294539163 0.271356838 0.266065480 0.270675416 0.289820908 0.264607520 0.234069155 0.267584225 0.320340717 0.321661624 0.227016008 0.276196125 0.272744433 0.000000000 0.125975125 0.124605718 0.169716124 0.156945995 0.570422680 0.427102933 0.369016210 0.368508884 0.328665719 0.362240813 0.373468760 0.343213781 0.367135104 0.380346485 0.301877289 0.300352106 0.299434732 0.354238679 0.339728333 0.345146591 0.193150818 0.212411623 0.188388583 0.229255993 0.212489151 0.199861195 0.394812085 
5     0.341326981 0.331886587 0.356794567 0.290470449 0.267544338 0.289933736 0.319562337 0.294525848 0.311658139 0.290886388 0.300275601 0.277093276 0.271801918 0.276411854 0.295557346 0.270343958 0.239805593 0.273380683 0.326102794 0.327423702 0.232702971 0.281958202 0.278506511 0.125975125 0.000000000 0.053995593 0.175693264 0.162923134 0.576124786 0.432830156 0.374743434 0.374236108 0.334392943 0.367968037 0.379195984 0.348902933 0.372862328 0.386073709 0.307604513 0.306079329 0.305161956 0.359965903 0.345455556 0.350873814 0.198860332 0.218121137 0.194098097 0.234965507 0.218199481 0.205535928 0.400538028 
6     0.340589128 0.331148735 0.356056715 0.289732596 0.266806485 0.289195884 0.318824485 0.293787996 0.310920287 0.290148536 0.299537749 0.276355424 0.271064066 0.275674002 0.294819494 0.269606106 0.239067741 0.272627009 0.325349120 0.326670028 0.231949297 0.281204529 0.277752837 0.124605718 0.053995593 0.000000000 0.174829499 0.162059369 0.575441735 0.432103158 0.374016436 0.373509110 0.333665945 0.367241039 0.378468986 0.348175935 0.372135330 0.385346711 0.306877514 0.305352331 0.304434958 0.359238905 0.344728558 0.350146816 0.198133334 0.217394138 0.193371099 0.234238509 0.217472483 0.204808929 0.399811030 
22     0.287490303 0.278049909 0.302957890 0.236633771 0.213695636 0.236070144 0.265698745 0.240642320 0.257793033 0.237021282 0.246410496 0.223228171 0.217944897 0.222456433 0.241700325 0.216486937 0.185946938 0.219646924 0.272180400 0.273501883 0.178905534 0.228036384 0.224584692 0.169716124 0.175693264 0.174829499 0.000000000 0.053771845 0.522917653 0.379012980 0.320926257 0.320418931 0.280579194 0.314154288 0.325382235 0.295256638 0.319045151 0.332256532 0.253784258 0.252259075 0.251341701 0.306096646 0.291630406 0.297048664 0.145088758 0.164349563 0.140326523 0.181194573 0.164427731 0.151801565 0.346738437 
10     0.274757970 0.265317576 0.290225556 0.223901438 0.200975327 0.223352392 0.252980993 0.227956837 0.245089128 0.224317377 0.233706591 0.210524266 0.205232908 0.209739441 0.228988335 0.203774947 0.173204110 0.206878329 0.259411805 0.260733288 0.166136940 0.215267789 0.211816097 0.156945995 0.162923134 0.162059369 0.053771845 0.000000000 0.510148825 0.366246567 0.308159845 0.307652518 0.267812782 0.301387875 0.312615822 0.282490225 0.306278739 0.319490120 0.241017845 0.239492662 0.238575288 0.293330233 0.278863993 0.284282252 0.132322345 0.151583150 0.127560111 0.168428160 0.151661318 0.139035153 0.333972025 
24     0.633364405 0.623924011 0.648786344 0.582480653 0.559497706 0.581868771 0.611497372 0.586440693 0.603554410 0.582779240 0.592159855 0.569013953 0.563752980 0.568411129 0.587455670 0.562250378 0.531548675 0.565615599 0.618306949 0.619520472 0.524927986 0.573940983 0.570489291 0.570422680 0.576124786 0.575441735 0.522917653 0.510148825 0.000000000 0.724295629 0.665950975 0.665443649 0.626053327 0.659628421 0.670856368 0.640124295 0.663883587 0.677094968 0.599304384 0.597821096 0.596861827 0.651643271 0.637110798 0.642501115 0.491080373 0.510341178 0.486318138 0.527218988 0.510452191 0.497812664 0.692367853 
45     0.481943906 0.473089434 0.497946631 0.431487306 0.408735086 0.430806462 0.460435063 0.435658690 0.452786159 0.432006255 0.441386870 0.417956637 0.412270119 0.416928268 0.436261962 0.411047979 0.380833157 0.420049435 0.472607792 0.473841653 0.379259969 0.427914368 0.424462676 0.427102933 0.432830156 0.432103158 0.379012980 0.366246567 0.724295629 0.000000000 0.324108691 0.323497237 0.283202611 0.317116294 0.327737799 0.297434810 0.321433187 0.335437108 0.296942500 0.295543594 0.294345581 0.349676283 0.334245297 0.339715338 0.325314506 0.344575311 0.320552271 0.361574599 0.344781514 0.332123008 0.530843541 
47     0.424246090 0.414953540 0.439810736 0.373351412 0.350599192 0.372828729 0.402457330 0.377522796 0.394650264 0.373870360 0.383250975 0.359736432 0.354046939 0.358705088 0.378199159 0.352985176 0.322677283 0.362057330 0.414676377 0.415910238 0.321217423 0.369842772 0.366391080 0.369016210 0.374743434 0.374016436 0.320926257 0.308159845 0.665950975 0.324108691 0.000000000 0.042688327 0.149284207 0.182491610 0.193604301 0.204488356 0.230063033 0.243615627 0.240838190 0.239439284 0.238224914 0.293475129 0.278299142 0.283472272 0.267162632 0.286423436 0.262400397 0.303422725 0.286097917 0.273971133 0.472695912 
35     0.423738764 0.414446213 0.439303410 0.372844086 0.350091865 0.372321403 0.401950004 0.377015469 0.394142938 0.373363034 0.382743649 0.359303210 0.353539613 0.358197762 0.377691833 0.352477850 0.322169957 0.361550004 0.414169051 0.415402912 0.320710097 0.369335446 0.365883754 0.368508884 0.374236108 0.373509110 0.320418931 0.307652518 0.665443649 0.323497237 0.042688327 0.000000000 0.148491526 0.181430267 0.192542958 0.204151434 0.229718511 0.243271105 0.240446077 0.239047171 0.237832801 0.293082870 0.277906883 0.283080013 0.266655306 0.285916110 0.261893071 0.302915399 0.285590591 0.273463807 0.472188586 
39     0.383895599 0.374603049 0.399460245 0.333000921 0.310248701 0.332478239 0.362106840 0.337172305 0.354299773 0.333519870 0.342900484 0.319453068 0.313696380 0.318354529 0.337848668 0.312634685 0.282299872 0.321693295 0.374312342 0.375546203 0.280857850 0.329641007 0.326189315 0.328665719 0.334392943 0.333665945 0.280579194 0.267812782 0.626053327 0.283202611 0.149284207 0.148491526 0.000000000 0.128580850 0.138569958 0.163972497 0.188314956 0.202176111 0.200152635 0.198753729 0.197539359 0.252839256 0.237673618 0.242846747 0.226802529 0.246063333 0.222040294 0.263062622 0.245712583 0.233611030 0.432342960 
48     0.417398620 0.408106069 0.432615162 0.366105086 0.343751721 0.365981259 0.395609860 0.370675325 0.387802794 0.367022890 0.376403505 0.352964856 0.347109818 0.351767966 0.371351688 0.346137706 0.315807369 0.355268389 0.407887436 0.409121297 0.314432944 0.363028810 0.359577118 0.362240813 0.367968037 0.367241039 0.314154288 0.301387875 0.659628421 0.317116294 0.182491610 0.181430267 0.128580850 0.000000000 0.126401700 0.197593402 0.223021470 0.236895499 0.234141411 0.232742505 0.231528135 0.286815991 0.271650352 0.276823482 0.260320932 0.279581737 0.255558698 0.296581422 0.279240954 0.267129830 0.465913676 
37     0.428698640 0.419406090 0.444263286 0.377803962 0.355051742 0.377281279 0.406909880 0.381975346 0.399102814 0.378322911 0.387703525 0.364264876 0.358409838 0.363067987 0.382651709 0.357437726 0.327107103 0.366496336 0.419115383 0.420349244 0.325660891 0.374256757 0.370805066 0.373468760 0.379195984 0.378468986 0.325382235 0.312615822 0.670856368 0.327737799 0.193604301 0.192542958 0.138569958 0.126401700 0.000000000 0.209448068 0.234868389 0.248783947 0.245258387 0.243859481 0.242645111 0.297932967 0.282767328 0.287940458 0.271548880 0.290809684 0.266786645 0.307809369 0.290468901 0.278357777 0.477146001 
50     0.398679743 0.389376415 0.414233611 0.347774287 0.325022067 0.347186593 0.376815194 0.351945671 0.369073139 0.348293236 0.357673850 0.334268266 0.328646925 0.333305074 0.352771115 0.327557132 0.297077788 0.336472453 0.389030809 0.390264670 0.295576317 0.344208091 0.340756399 0.343213781 0.348902933 0.348175935 0.295256638 0.282490225 0.640124295 0.297434810 0.204488356 0.204151434 0.163972497 0.197593402 0.209448068 0.000000000 0.115541013 0.128794690 0.214585544 0.213186638 0.211944275 0.266506556 0.251959663 0.257132792 0.241561652 0.260822457 0.236799417 0.277849187 0.260601699 0.248397595 0.447153503 
46     0.422467823 0.413164495 0.438021691 0.371562367 0.348810147 0.370974674 0.400603275 0.375733751 0.392861219 0.372081316 0.381461931 0.358056346 0.352435005 0.357093154 0.376559195 0.351345212 0.320865868 0.360091427 0.412771924 0.414005785 0.319317432 0.367949206 0.364497514 0.367135104 0.372862328 0.372135330 0.319045151 0.306278739 0.663883587 0.321433187 0.230063033 0.229718511 0.188314956 0.223021470 0.234868389 0.115541013 0.000000000 0.076557513 0.238749087 0.237350180 0.236124174 0.290713524 0.276159515 0.281332645 0.265223141 0.284483946 0.260460907 0.301493113 0.284242323 0.272021485 0.470924080 
36     0.435686293 0.426382964 0.451240161 0.384780837 0.362028616 0.384193143 0.413821744 0.388952220 0.406079689 0.385299785 0.394680400 0.371274815 0.365653475 0.370311624 0.389777664 0.364563682 0.334084338 0.373264337 0.425748528 0.427158455 0.332453331 0.381101877 0.377650185 0.380346485 0.386073709 0.385346711 0.332256532 0.319490120 0.677094968 0.335437108 0.243615627 0.243271105 0.202176111 0.236895499 0.248783947 0.128794690 0.076557513 0.000000000 0.251937275 0.250538369 0.249312362 0.303901712 0.289347704 0.294520833 0.278453242 0.297714047 0.273691007 0.314723214 0.297472423 0.285251586 0.484150827 
33     0.357213183 0.347866546 0.372723743 0.306210971 0.283512198 0.305676725 0.335305326 0.310435802 0.327563271 0.306783367 0.316163982 0.292749826 0.287078568 0.291736717 0.311070411 0.285851564 0.255618013 0.294907272 0.347400464 0.348634324 0.254074730 0.302731120 0.299279429 0.301877289 0.307604513 0.306877514 0.253784258 0.241017845 0.599304384 0.296942500 0.240838190 0.240446077 0.200152635 0.234141411 0.245258387 0.214585544 0.238749087 0.251937275 0.000000000 0.029269599 0.037129451 0.145699530 0.131227796 0.136176629 0.200165313 0.219426118 0.195403078 0.236407795 0.219614710 0.206956203 0.405712447 
30     0.355729895 0.346383259 0.371240455 0.304727683 0.282028911 0.304193437 0.333822038 0.308952515 0.326079983 0.305300079 0.314680694 0.291266539 0.285595280 0.290253429 0.309587123 0.284368276 0.254134725 0.293356698 0.345835477 0.347069338 0.252509744 0.301098440 0.297665963 0.300352106 0.306079329 0.305352331 0.252259075 0.239492662 0.597821096 0.295543594 0.239439284 0.239047171 0.198753729 0.232742505 0.243859481 0.213186638 0.237350180 0.250538369 0.029269599 0.000000000 0.035889181 0.144620881 0.130161963 0.135074962 0.198681734 0.217942538 0.193919499 0.234924215 0.218131130 0.205472623 0.404225775 
40     0.354770626 0.345423990 0.370281186 0.303750906 0.281069642 0.303234168 0.332862769 0.307993246 0.325120714 0.304340810 0.313721425 0.290307270 0.284636011 0.289294160 0.308627854 0.283409007 0.253175456 0.292464716 0.344957907 0.346191768 0.251632173 0.300288564 0.296836872 0.299434732 0.305161956 0.304434958 0.251341701 0.238575288 0.596861827 0.294345581 0.238224914 0.237832801 0.197539359 0.231528135 0.242645111 0.211944275 0.236124174 0.249312362 0.037129451 0.035889181 0.000000000 0.142373133 0.127845324 0.132768711 0.197722756 0.216983561 0.192960522 0.233965238 0.217172153 0.204513646 0.403269890 
31     0.409604906 0.400258269 0.425115466 0.358553251 0.335903922 0.358068448 0.387697049 0.362827526 0.379954994 0.359175090 0.368555705 0.344965544 0.339533529 0.344191677 0.363525372 0.338306525 0.308009736 0.347373489 0.399925587 0.401159448 0.306599854 0.355256395 0.351804703 0.354238679 0.359965903 0.359238905 0.306096646 0.293330233 0.651643271 0.349676283 0.293475129 0.293082870 0.252839256 0.286815991 0.297932967 0.266506556 0.290713524 0.303901712 0.145699530 0.144620881 0.142373133 0.000000000 0.110409314 0.115406105 0.252495901 0.271756705 0.247733666 0.288743806 0.271950721 0.259286104 0.458077042 
38     0.394807539 0.385460902 0.410341052 0.343750334 0.321113208 0.343259183 0.372887784 0.347995551 0.365006723 0.344163331 0.353623714 0.330037089 0.324724264 0.329382413 0.348716107 0.323497260 0.293420205 0.332833885 0.385391470 0.386625331 0.292065736 0.340722277 0.337270586 0.339728333 0.345455556 0.344728558 0.291630406 0.278863993 0.637110798 0.334245297 0.278299142 0.277906883 0.237673618 0.271650352 0.282767328 0.251959663 0.276159515 0.289347704 0.131227796 0.130161963 0.127845324 0.110409314 0.000000000 0.078858521 0.238000844 0.257261648 0.233238609 0.274228753 0.257435668 0.244777162 0.443557151 
32     0.400311223 0.390964586 0.415821782 0.349231064 0.326600621 0.348743246 0.378358397 0.353501574 0.370634331 0.349854427 0.359235042 0.335705125 0.330165907 0.334842281 0.354175975 0.328954710 0.298884197 0.338252144 0.390809728 0.392043589 0.297483995 0.346140535 0.342688844 0.345146591 0.350873814 0.350146816 0.297048664 0.284282252 0.642501115 0.339715338 0.283472272 0.283080013 0.242846747 0.276823482 0.287940458 0.257132792 0.281332645 0.294520833 0.136176629 0.135074962 0.132768711 0.115406105 0.078858521 0.000000000 0.243399505 0.262660310 0.238637270 0.279627415 0.262834330 0.250175823 0.448957844 
41     0.247875944 0.238427412 0.263309270 0.197010301 0.174104009 0.196458863 0.226087464 0.201035219 0.218152944 0.197373041 0.206753656 0.183544288 0.178295196 0.182943253 0.201998843 0.176774885 0.146914498 0.186200515 0.238877804 0.240086659 0.145583417 0.194568862 0.191117170 0.193150818 0.198860332 0.198133334 0.145088758 0.132322345 0.491080373 0.325314506 0.267162632 0.266655306 0.226802529 0.260320932 0.271548880 0.241561652 0.265223141 0.278453242 0.200165313 0.198681734 0.197722756 0.252495901 0.238000844 0.243399505 0.000000000 0.045865690 0.024780115 0.087358639 0.072732086 0.059903201 0.297008966 
44     0.267136748 0.257688217 0.282570075 0.216271105 0.193364813 0.215719668 0.245348269 0.220296023 0.237413749 0.216633845 0.226014460 0.202805092 0.197556001 0.202204058 0.221259647 0.196019902 0.166175302 0.205461319 0.258138608 0.259347464 0.164844222 0.213829666 0.210377975 0.212411623 0.218121137 0.217394138 0.164349563 0.151583150 0.510341178 0.344575311 0.286423436 0.285916110 0.246063333 0.279581737 0.290809684 0.260822457 0.284483946 0.297714047 0.219426118 0.217942538 0.216983561 0.271756705 0.257261648 0.262660310 0.045865690 0.000000000 0.044049796 0.106625570 0.092030566 0.079131183 0.316269771 
42     0.243113709 0.233665177 0.258547035 0.192248066 0.169341774 0.191696628 0.221325229 0.196272984 0.213390710 0.192610806 0.201991421 0.178782053 0.173532961 0.178181019 0.197236608 0.171996863 0.142152263 0.181438280 0.234115569 0.235324424 0.140821182 0.189806627 0.186354936 0.188388583 0.194098097 0.193371099 0.140326523 0.127560111 0.486318138 0.320552271 0.262400397 0.261893071 0.222040294 0.255558698 0.266786645 0.236799417 0.260460907 0.273691007 0.195403078 0.193919499 0.192960522 0.247733666 0.233238609 0.238637270 0.024780115 0.044049796 0.000000000 0.082607376 0.067991700 0.055101773 0.292246732 
34     0.284292951 0.274845319 0.299665238 0.233366268 0.210417039 0.232623320 0.262198792 0.237278527 0.254396253 0.233624804 0.243005419 0.219744204 0.214574454 0.219232603 0.238295986 0.213061359 0.183015572 0.221990927 0.274777492 0.275988626 0.181485384 0.230349834 0.226898143 0.229255993 0.234965507 0.234238509 0.181194573 0.168428160 0.527218988 0.361574599 0.303422725 0.302915399 0.263062622 0.296581422 0.307809369 0.277849187 0.301493113 0.314723214 0.236407795 0.234924215 0.233965238 0.288743806 0.274228753 0.279627415 0.087358639 0.106625570 0.082607376 0.000000000 0.108995128 0.096248063 0.333148309 
43     0.267736999 0.258289404 0.283115491 0.216816521 0.193913804 0.216279181 0.245907782 0.220866512 0.237984238 0.217204334 0.226584949 0.203385160 0.198149091 0.202807240 0.221871675 0.196633241 0.166373432 0.205273850 0.258187852 0.259377789 0.164893465 0.213878910 0.210427219 0.212489151 0.218199481 0.217472483 0.164427731 0.151661318 0.510452191 0.344781514 0.286097917 0.285590591 0.245712583 0.279240954 0.290468901 0.260601699 0.284242323 0.297472423 0.219614710 0.218131130 0.217172153 0.271950721 0.257435668 0.262834330 0.072732086 0.092030566 0.067991700 0.108995128 0.000000000 0.078228794 0.316327061 
49     0.255074149 0.245630922 0.270450841 0.204151871 0.181255321 0.203620699 0.233249300 0.208208030 0.225325756 0.204545852 0.213926467 0.190725903 0.185490609 0.190148758 0.209213193 0.183974758 0.153730896 0.192913322 0.245590611 0.246802288 0.152296225 0.201281669 0.197829978 0.199861195 0.205535928 0.204808929 0.151801565 0.139035153 0.497812664 0.332123008 0.273971133 0.273463807 0.233611030 0.267129830 0.278357777 0.248397595 0.272021485 0.285251586 0.206956203 0.205472623 0.204513646 0.259286104 0.244777162 0.250175823 0.059903201 0.079131183 0.055101773 0.096248063 0.078228794 0.000000000 0.303684533 
0     0.449978419 0.440533990 0.464053779 0.398727280 0.376588443 0.398696030 0.428324631 0.403283361 0.420408739 0.399628835 0.408806276 0.385849420 0.380564469 0.385222618 0.404287053 0.379073070 0.349222392 0.387820099 0.440524372 0.441744629 0.347362846 0.396212616 0.392760925 0.394812085 0.400538028 0.399811030 0.346738437 0.333972025 0.692367853 0.530843541 0.472695912 0.472188586 0.432342960 0.465913676 0.477146001 0.447153503 0.470924080 0.484150827 0.405712447 0.404225775 0.403269890 0.458077042 0.443557151 0.448957844 0.297008966 0.316269771 0.292246732 0.333148309 0.316327061 0.303684533 0.000000000 
