51
21     0.000000000 0.004522940 0.006196930 0.008396530 0.005162210 0.013952770 0.009195080 0.023465740 0.019791680 0.023550660 0.023361280 0.010072270 0.021931290 0.019407330 0.008371680 0.017836170 0.020601980 0.031421300 0.031054870 0.030478010 0.025473380 0.027225350 0.029770280 0.020467890 0.036811730 0.038726210 0.024746600 0.016858330 0.038991410 0.050945610 0.044533710 0.044670930 0.042761500 0.046402350 0.049210650 0.041080590 0.043390820 0.048377280 0.040049180 0.039635080 0.039750270 0.043966790 0.047529780 0.046619760 0.017727990 0.020915780 0.013162880 0.019215280 0.018583160 0.009216320 0.028887230 
8     0.004522940 0.000000000 0.000961150 0.007636590 0.011314920 0.013707180 0.017970890 0.017045310 0.013749840 0.020304190 0.027921280 0.027140170 0.011648910 0.014813200 0.005482280 0.017023940 0.020711240 0.028909390 0.044818060 0.043737030 0.032582500 0.036001160 0.037518980 0.020577150 0.043621960 0.038580140 0.024855860 0.031880800 0.039100670 0.041172180 0.052560110 0.051397630 0.046043530 0.049684380 0.056677510 0.048641040 0.052891260 0.051102740 0.044304390 0.043187270 0.043032300 0.049007240 0.046862770 0.048211210 0.028336500 0.021025040 0.027499090 0.019324540 0.020491690 0.019549000 0.028996490 
14     0.006196930 0.000961150 0.000000000 0.005365430 0.010881470 0.015909250 0.014824510 0.020836910 0.024329450 0.020222500 0.025489560 0.020255720 0.014267620 0.014533400 0.020483400 0.013620060 0.002267330 0.022347730 0.031820070 0.030248220 0.019749480 0.032106940 0.034651870 0.020143700 0.040412440 0.040201220 0.024147820 0.024828290 0.038667220 0.051751790 0.042358800 0.043661490 0.034951900 0.038592750 0.043174290 0.041753130 0.041972700 0.049954540 0.035613080 0.034298750 0.031940670 0.045068830 0.041874860 0.039098180 0.021890380 0.020591590 0.021823760 0.018891090 0.020058240 0.019115550 0.025773810 
19     0.008396530 0.007636590 0.005365430 0.000000000 0.012687300 0.008372240 0.009998460 0.011710370 0.008414900 0.014969250 0.005043050 0.001880780 0.011104180 0.016037620 0.015657350 0.011689000 0.007409370 0.022011770 0.026124040 0.025547180 0.003268110 0.027280890 0.029469880 0.026992960 0.030236940 0.030025720 0.027043610 0.025864100 0.039156190 0.035837240 0.039602880 0.039740100 0.031733770 0.035374620 0.038636940 0.036149760 0.038459990 0.042467300 0.033364400 0.032113280 0.028722540 0.039035960 0.036756850 0.040027640 0.023630360 0.024531960 0.020332380 0.025740350 0.024381230 0.023097430 0.014076680 
7     0.005162210 0.011314920 0.010881470 0.012687300 0.000000000 0.009616700 0.008089230 0.005488520 0.011742800 0.010412340 0.008311560 0.005896800 0.009123540 0.010044660 0.011019310 0.008226080 0.009552490 0.018299620 0.031457630 0.028972180 0.023569240 0.028213890 0.028326410 0.013164470 0.026331870 0.028246350 0.017443180 0.014922940 0.027004230 0.027321020 0.044630200 0.043467720 0.030743270 0.034384120 0.039394420 0.022787060 0.027807480 0.026561500 0.035244040 0.031122780 0.027732040 0.040860200 0.038932860 0.037501110 0.015356210 0.013612360 0.019341880 0.011911860 0.013079010 0.012136320 0.014551520 
11     0.013952770 0.013707180 0.015909250 0.008372240 0.009616700 0.000000000 0.001897180 0.003034330 0.003688220 0.007398670 0.007319930 0.005082860 0.003670200 0.005810630 0.005966800 0.004333630 0.007657980 0.021829700 0.029024580 0.028970240 0.022738450 0.032179760 0.029696410 0.033196460 0.029626040 0.030205320 0.026537470 0.024584050 0.036302720 0.032797360 0.043025940 0.043163160 0.028310220 0.031951070 0.041546860 0.035111450 0.035331020 0.038662480 0.032810990 0.028689730 0.025298990 0.038427150 0.042462940 0.040795280 0.022141460 0.022671590 0.016908830 0.016789450 0.024331770 0.019673880 0.030046940 
2     0.009195080 0.017970890 0.014824510 0.009998460 0.008089230 0.001897180 0.000000000 0.009724480 0.010383670 0.007347460 0.006791190 0.003790940 0.006588000 0.007036850 0.008570660 0.006216580 0.002680230 0.025178590 0.033112310 0.032535450 0.016053620 0.027422070 0.029967000 0.028263500 0.032166970 0.029983220 0.027353850 0.027796380 0.038132120 0.047689690 0.046591150 0.046728370 0.032560620 0.036201470 0.045797260 0.039361850 0.039581420 0.049335340 0.037061390 0.032940130 0.029549390 0.042677550 0.045811830 0.043336210 0.025329330 0.026921990 0.021159230 0.025212610 0.027201200 0.023924280 0.025069190 
23     0.023465740 0.017045310 0.020836910 0.011710370 0.005488520 0.003034330 0.009724480 0.000000000 0.000150070 0.004116480 0.002835520 0.003359560 0.004930280 0.007952740 0.009613490 0.006475740 0.018016950 0.022147010 0.031644910 0.031068050 0.026406150 0.035418840 0.031163320 0.031840410 0.029183770 0.031098250 0.001922960 0.026636710 0.038383700 0.036135490 0.045123750 0.045260970 0.032536120 0.036176970 0.045772760 0.024977070 0.029997490 0.028751510 0.037036890 0.032915630 0.029524890 0.042653050 0.042780250 0.040353010 0.024253980 0.026897490 0.021134730 0.018895160 0.025498690 0.023899780 0.028782440 
9     0.019791680 0.013749840 0.024329450 0.008414900 0.011742800 0.003688220 0.010383670 0.000150070 0.000000000 0.005603740 0.002780030 0.001507080 0.006879150 0.007449630 0.010973870 0.007189510 0.018233260 0.022686420 0.030272560 0.037519960 0.027065340 0.028239740 0.018499310 0.034444440 0.034879650 0.030247980 0.030535830 0.025832030 0.048488390 0.032840020 0.045385450 0.045108030 0.029558200 0.033199050 0.042794840 0.036359430 0.036579000 0.044800970 0.034058970 0.029937710 0.026546970 0.039675130 0.043319660 0.044668100 0.023389440 0.023919570 0.018156810 0.019162910 0.027011400 0.020921860 0.040622220 
27     0.023550660 0.020304190 0.020222500 0.014969250 0.010412340 0.007398670 0.007347460 0.004116480 0.005603740 0.000000000 0.000508750 0.000914170 0.008682100 0.006244630 0.005797970 0.005984510 0.023377300 0.022016410 0.029274180 0.030094780 0.026387290 0.035288240 0.032992510 0.033446060 0.029268690 0.031183170 0.018415470 0.024833650 0.041522590 0.039394370 0.044150480 0.044109650 0.028559820 0.032200670 0.041796460 0.035361050 0.035580620 0.045514030 0.033060590 0.028939330 0.025548590 0.038676750 0.042649650 0.040437930 0.022391060 0.022921190 0.017158430 0.027266920 0.025583610 0.019923480 0.034183350 
20     0.023361280 0.027921280 0.025489560 0.005043050 0.008311560 0.007319930 0.006791190 0.002835520 0.002780030 0.000508750 0.000000000 0.001230660 0.007318580 0.008424670 0.006297050 0.008164550 0.023183180 0.022597620 0.034662410 0.035281460 0.028950590 0.035869450 0.034103890 0.037006640 0.033379530 0.035294010 0.027561920 0.030221880 0.037789970 0.048842830 0.048928200 0.047765720 0.033948050 0.037588900 0.047184690 0.024383340 0.029403760 0.028157780 0.038448820 0.034327560 0.030936820 0.043298390 0.043230860 0.044548770 0.024704590 0.028309420 0.022546660 0.027848130 0.026922600 0.024592960 0.013118120 
17     0.010072270 0.027140170 0.020255720 0.001880780 0.005896800 0.005082860 0.003790940 0.003359560 0.001507080 0.000914170 0.001230660 0.000000000 0.006356720 0.003168740 0.003638540 0.004165630 0.021012300 0.019579380 0.029986620 0.009475700 0.025507050 0.032851210 0.030264220 0.034776900 0.029428580 0.031343060 0.019247240 0.019833000 0.028004940 0.040357940 0.020697500 0.043602680 0.030822690 0.034463540 0.044059330 0.014598310 0.019618730 0.018372750 0.035323460 0.031202200 0.027811460 0.033513360 0.040212620 0.040597820 0.021686350 0.025184060 0.019421300 0.020557550 0.023904360 0.021574720 0.018403680 
26     0.021931290 0.011648910 0.014267620 0.011104180 0.009123540 0.003670200 0.006588000 0.004930280 0.006879150 0.008682100 0.007318580 0.006356720 0.000000000 0.000380740 0.002737980 0.001781140 0.016583610 0.019333530 0.029087240 0.031642160 0.022204140 0.032605360 0.030380720 0.028758730 0.030909470 0.031828990 0.022906090 0.024646710 0.030084990 0.038597050 0.044200130 0.043922710 0.028372880 0.032013730 0.041609520 0.035174110 0.035393680 0.044206740 0.032873650 0.028752390 0.025361650 0.038489810 0.039966770 0.028588930 0.021440500 0.022734250 0.016971490 0.021561610 0.023658510 0.019736540 0.028228470 
13     0.019407330 0.014813200 0.014533400 0.016037620 0.010044660 0.005810630 0.007036850 0.007952740 0.007449630 0.006244630 0.008424670 0.003168740 0.000380740 0.000000000 0.002010450 0.001322610 0.021878210 0.020445290 0.033237580 0.032905340 0.022469920 0.033717120 0.030948910 0.029087300 0.030265030 0.032179510 0.026100810 0.027548730 0.027839860 0.026230250 0.044722590 0.045298100 0.032523220 0.036164070 0.045759860 0.014433230 0.019453650 0.018207670 0.037023990 0.032902730 0.029511990 0.033348280 0.041078530 0.041434270 0.022552260 0.026162170 0.021121830 0.021827390 0.024770270 0.022440630 0.018238600 
29     0.008371680 0.005482280 0.020483400 0.015657350 0.011019310 0.005966800 0.008570660 0.009613490 0.010973870 0.005797970 0.006297050 0.003638540 0.002737980 0.002010450 0.000000000 0.000632100 0.013846470 0.023897170 0.031205450 0.030628590 0.026921100 0.034127640 0.034551290 0.035097500 0.032126060 0.034040540 0.024591540 0.027872010 0.028309660 0.038340390 0.044684290 0.044821510 0.031598180 0.035239030 0.044834820 0.014903030 0.019923450 0.018677470 0.036098950 0.031977690 0.028586950 0.033818080 0.044530410 0.043295300 0.025429420 0.025959550 0.020196790 0.027837590 0.028222150 0.022961840 0.018708400 
3     0.017836170 0.017023940 0.013620060 0.011689000 0.008226080 0.004333630 0.006216580 0.006475740 0.007189510 0.005984510 0.008164550 0.004165630 0.001781140 0.001322610 0.000632100 0.000000000 0.012442870 0.019180700 0.030287200 0.029710340 0.021556580 0.032452530 0.029130330 0.026266330 0.028788030 0.030702510 0.019525750 0.021062630 0.035425500 0.036114120 0.043151430 0.043726940 0.031175150 0.034816000 0.044411790 0.037976380 0.038195950 0.044053910 0.035675920 0.031554660 0.028163920 0.041292080 0.039813940 0.038952620 0.019564230 0.024897580 0.019773760 0.020914050 0.019978770 0.021176040 0.027580910 
28     0.020601980 0.020711240 0.002267330 0.007409370 0.009552490 0.007657980 0.002680230 0.018016950 0.018233260 0.023377300 0.023183180 0.021012300 0.016583610 0.021878210 0.013846470 0.012442870 0.000000000 0.002662540 0.024098040 0.013911160 0.010387200 0.020382070 0.023759590 0.018571710 0.013223390 0.015137870 0.010134820 0.013087900 0.007548340 0.018254390 0.032714310 0.033339420 0.028152090 0.029772360 0.031238150 0.029757540 0.029937670 0.030391760 0.023590750 0.021571580 0.021183290 0.032407300 0.028521990 0.024392630 0.011443910 0.012734740 0.009455380 0.012046570 0.008429840 0.013080030 0.006677890 
1     0.031421300 0.028909390 0.022347730 0.022011770 0.018299620 0.021829700 0.025178590 0.022147010 0.022686420 0.022016410 0.022597620 0.019579380 0.019333530 0.020445290 0.023897170 0.019180700 0.002662540 0.000000000 0.021234020 0.013183710 0.008007890 0.012437930 0.014305440 0.021985370 0.020830940 0.022745420 0.017742370 0.020446800 0.025427700 0.037923000 0.038313890 0.039616580 0.033005380 0.042647950 0.039129380 0.040221670 0.039114560 0.039568650 0.031568170 0.023953880 0.029940960 0.041311720 0.037698880 0.033569520 0.015476730 0.016245280 0.013894920 0.015062040 0.018715200 0.016307180 0.021728900 
15     0.031054870 0.044818060 0.031820070 0.026124040 0.031457630 0.029024580 0.033112310 0.031644910 0.030272560 0.029274180 0.034662410 0.029986620 0.029087240 0.033237580 0.031205450 0.030287200 0.024098040 0.021234020 0.000000000 0.003493600 0.003503300 0.015161220 0.016264020 0.031457710 0.030141360 0.029880080 0.026553020 0.020867420 0.040413300 0.049824940 0.035460420 0.035597640 0.032096980 0.035737830 0.040137360 0.032007300 0.034317530 0.012506260 0.030975890 0.030561790 0.029085750 0.034893500 0.038456490 0.037546470 0.020555960 0.021457560 0.019590870 0.024534380 0.024570980 0.023460640 0.031201240 
18     0.030478010 0.043737030 0.030248220 0.025547180 0.028972180 0.028970240 0.032535450 0.031068050 0.037519960 0.030094780 0.035281460 0.009475700 0.031642160 0.032905340 0.030628590 0.029710340 0.013911160 0.013183710 0.003493600 0.000000000 0.003431270 0.005513530 0.005717680 0.017083790 0.021755090 0.023669570 0.011155970 0.012586020 0.026997410 0.037277810 0.034883560 0.035020780 0.036683790 0.041808640 0.039560500 0.031430440 0.033740670 0.038923460 0.030399030 0.029984930 0.029714990 0.034316640 0.037053690 0.032924330 0.019975610 0.020880700 0.017987080 0.022545130 0.018070010 0.019893550 0.027052300 
12     0.025473380 0.032582500 0.019749480 0.003268110 0.023569240 0.022738450 0.016053620 0.026406150 0.027065340 0.026387290 0.028950590 0.025507050 0.022204140 0.022469920 0.026921100 0.021556580 0.010387200 0.008007890 0.003503300 0.003431270 0.000000000 0.004670330 0.010373210 0.019387120 0.025857010 0.025595730 0.017168080 0.016583070 0.027950550 0.026805750 0.031176070 0.031313290 0.030407130 0.038101150 0.035853010 0.027722950 0.030033180 0.037603690 0.026691540 0.026277440 0.027779110 0.030609150 0.034172140 0.032455020 0.014131100 0.015602120 0.013531660 0.008522990 0.007234480 0.013708930 0.019130650 
16     0.027225350 0.036001160 0.032106940 0.027280890 0.028213890 0.032179760 0.027422070 0.035418840 0.028239740 0.035288240 0.035869450 0.032851210 0.032605360 0.033717120 0.034127640 0.032452530 0.020382070 0.012437930 0.015161220 0.005513530 0.004670330 0.000000000 0.001243100 0.029812640 0.026666500 0.028580980 0.023577930 0.016612130 0.025620040 0.042189220 0.041265290 0.041840800 0.041595200 0.048890950 0.045388620 0.038512750 0.040822980 0.043834870 0.037033860 0.006257850 0.034626400 0.041398950 0.041965100 0.037835740 0.021834580 0.023341420 0.021235730 0.011562340 0.010273830 0.021407190 0.028791370 
25     0.029770280 0.037518980 0.034651870 0.029469880 0.028326410 0.029696410 0.029967000 0.031163320 0.018499310 0.032992510 0.034103890 0.030264220 0.030380720 0.030948910 0.034551290 0.029130330 0.023759590 0.014305440 0.016264020 0.005717680 0.010373210 0.001243100 0.000000000 0.029405550 0.030100230 0.031213810 0.022239460 0.021378990 0.013336300 0.045622950 0.038806260 0.038943480 0.041897580 0.045631130 0.043483200 0.035353140 0.037663370 0.045233880 0.034321730 0.026781410 0.035409300 0.038239340 0.041802330 0.040892310 0.018888270 0.020359290 0.018288830 0.020171170 0.020401860 0.020107810 0.037667890 
4     0.020467890 0.020577150 0.020143700 0.026992960 0.013164470 0.033196460 0.028263500 0.031840410 0.034444440 0.033446060 0.037006640 0.034776900 0.028758730 0.029087300 0.035097500 0.026266330 0.018571710 0.021985370 0.031457710 0.017083790 0.019387120 0.029812640 0.029405550 0.000000000 0.002342420 0.003450470 0.007593770 0.011012560 0.022947170 0.036282100 0.042333020 0.043635710 0.036268860 0.039909710 0.042769980 0.033671500 0.040762140 0.041216230 0.034415220 0.032396050 0.032007760 0.043231770 0.039346460 0.035217100 0.021864600 0.022499710 0.020279850 0.015470110 0.020362780 0.019934330 0.013345610 
5     0.036811730 0.043621960 0.040412440 0.030236940 0.026331870 0.029626040 0.032166970 0.029183770 0.034879650 0.029268690 0.033379530 0.029428580 0.030909470 0.030265030 0.032126060 0.028788030 0.013223390 0.020830940 0.030141360 0.021755090 0.025857010 0.026666500 0.030100230 0.002342420 0.000000000 0.000595070 0.008311770 0.011264850 0.028214550 0.034222260 0.038190460 0.038815570 0.033628240 0.043093490 0.037421660 0.038947710 0.035413820 0.035867910 0.029066900 0.027047730 0.026659440 0.037883450 0.033998140 0.029868780 0.016920060 0.019013470 0.014931530 0.019489580 0.015014460 0.017596970 0.046760330 
6     0.038726210 0.038580140 0.040201220 0.030025720 0.028246350 0.030205320 0.029983220 0.031098250 0.030247980 0.031183170 0.035294010 0.031343060 0.031828990 0.032179510 0.034040540 0.030702510 0.015137870 0.022745420 0.029880080 0.023669570 0.025595730 0.028580980 0.031213810 0.003450470 0.000595070 0.000000000 0.010226250 0.013179330 0.030040880 0.015462860 0.035600710 0.040730050 0.032985200 0.044893370 0.031843640 0.040760020 0.037328300 0.037782390 0.030981380 0.028962210 0.028573920 0.039797930 0.035912620 0.031783260 0.018834540 0.020881460 0.016846010 0.017189830 0.016928940 0.019975740 0.015065330 
22     0.024746600 0.024855860 0.024147820 0.027043610 0.017443180 0.026537470 0.027353850 0.001922960 0.030535830 0.018415470 0.027561920 0.019247240 0.022906090 0.026100810 0.024591540 0.019525750 0.010134820 0.017742370 0.026553020 0.011155970 0.017168080 0.023577930 0.022239460 0.007593770 0.008311770 0.010226250 0.000000000 0.000774250 0.025771010 0.030053950 0.034389200 0.034964710 0.030539670 0.040004920 0.034333090 0.035859140 0.032325250 0.032779340 0.025978330 0.023959160 0.023570870 0.024094920 0.030909570 0.026780210 0.013831490 0.015924900 0.011842960 0.016245050 0.011925890 0.015471260 0.017284450 
10     0.016858330 0.031880800 0.024828290 0.025864100 0.014922940 0.024584050 0.027796380 0.026636710 0.025832030 0.024833650 0.030221880 0.019833000 0.024646710 0.027548730 0.027872010 0.021062630 0.013087900 0.020446800 0.020867420 0.012586020 0.016583070 0.016612130 0.021378990 0.011012560 0.011264850 0.013179330 0.000774250 0.000000000 0.021655870 0.033112840 0.035200480 0.035337700 0.027656450 0.031297300 0.037286170 0.031747360 0.034057590 0.035732420 0.028663200 0.026912240 0.024645220 0.026123080 0.033862650 0.029733290 0.014257380 0.017911760 0.014796040 0.012617450 0.012524930 0.015562770 0.012878490 
24     0.038991410 0.039100670 0.038667220 0.039156190 0.027004230 0.036302720 0.038132120 0.038383700 0.048488390 0.041522590 0.037789970 0.028004940 0.030084990 0.027839860 0.028309660 0.035425500 0.007548340 0.025427700 0.040413300 0.026997410 0.027950550 0.025620040 0.013336300 0.022947170 0.028214550 0.030040880 0.025771010 0.021655870 0.000000000 0.031517440 0.050697820 0.047612510 0.038596050 0.040744290 0.031686040 0.024386750 0.029407170 0.028161190 0.043353400 0.041416800 0.040822820 0.043301800 0.047514440 0.048408560 0.013159980 0.012573610 0.013231700 0.012916740 0.020076130 0.008052880 0.020766270 
45     0.050945610 0.041172180 0.051751790 0.035837240 0.027321020 0.032797360 0.047689690 0.036135490 0.032840020 0.039394370 0.048842830 0.040357940 0.038597050 0.026230250 0.038340390 0.036114120 0.018254390 0.037923000 0.049824940 0.037277810 0.026805750 0.042189220 0.045622950 0.036282100 0.034222260 0.015462860 0.030053950 0.033112840 0.031517440 0.000000000 0.014110640 0.012729480 0.002880020 0.013540040 0.010615400 0.016264980 0.022674920 0.025312190 0.013239930 0.013994200 0.016848700 0.021904150 0.021173140 0.020058040 0.021506670 0.020207980 0.016793380 0.021419490 0.021142690 0.015048580 0.023535740 
47     0.044533710 0.052560110 0.042358800 0.039602880 0.044630200 0.043025940 0.046591150 0.045123750 0.045385450 0.044150480 0.048928200 0.020697500 0.044200130 0.044722590 0.044684290 0.043151430 0.032714310 0.038313890 0.035460420 0.034883560 0.031176070 0.041265290 0.038806260 0.042333020 0.038190460 0.035600710 0.034389200 0.035200480 0.050697820 0.014110640 0.000000000 0.000088330 0.005425470 0.020949250 0.010138830 0.008340480 0.007392540 0.010484720 0.023224360 0.021205190 0.020816900 0.026197370 0.028155600 0.024026240 0.032508500 0.030012570 0.028850630 0.031367640 0.033772020 0.033355430 0.040952850 
35     0.044670930 0.051397630 0.043661490 0.039740100 0.043467720 0.043163160 0.046728370 0.045260970 0.045108030 0.044109650 0.047765720 0.043602680 0.043922710 0.045298100 0.044821510 0.043726940 0.033339420 0.039616580 0.035597640 0.035020780 0.031313290 0.041840800 0.038943480 0.043635710 0.038815570 0.040730050 0.034964710 0.035337700 0.047612510 0.012729480 0.000088330 0.000000000 0.005593440 0.014609810 0.017274230 0.014443160 0.008269000 0.011361180 0.021428990 0.021830300 0.021442010 0.024236190 0.027824980 0.024651350 0.033084010 0.030588080 0.029426140 0.031943150 0.034397130 0.033930940 0.042255540 
39     0.042761500 0.046043530 0.034951900 0.031733770 0.030743270 0.028310220 0.032560620 0.032536120 0.029558200 0.028559820 0.033948050 0.030822690 0.028372880 0.032523220 0.031598180 0.031175150 0.028152090 0.033005380 0.032096980 0.036683790 0.030407130 0.041595200 0.041897580 0.036268860 0.033628240 0.032985200 0.030539670 0.027656450 0.038596050 0.002880020 0.005425470 0.005593440 0.000000000 0.001470120 0.003070890 0.015191090 0.004253150 0.007345330 0.018662140 0.016642970 0.016254680 0.026234290 0.023593380 0.019464020 0.023781440 0.024311570 0.018548810 0.028709400 0.029209800 0.021313860 0.034423780 
48     0.046402350 0.049684380 0.038592750 0.035374620 0.034384120 0.031951070 0.036201470 0.036176970 0.033199050 0.032200670 0.037588900 0.034463540 0.032013730 0.036164070 0.035239030 0.034816000 0.029772360 0.042647950 0.035737830 0.041808640 0.038101150 0.048890950 0.045631130 0.039909710 0.043093490 0.044893370 0.040004920 0.031297300 0.040744290 0.013540040 0.020949250 0.014609810 0.001470120 0.000000000 0.004444060 0.017205350 0.015795240 0.018175050 0.018219220 0.018858510 0.018578170 0.033442200 0.027085070 0.021036940 0.027422290 0.027952420 0.022189660 0.033372940 0.033280420 0.024954710 0.036334830 
37     0.049210650 0.056677510 0.043174290 0.038636940 0.039394420 0.041546860 0.045797260 0.045772760 0.042794840 0.041796460 0.047184690 0.044059330 0.041609520 0.045759860 0.044834820 0.044411790 0.031238150 0.039129380 0.040137360 0.039560500 0.035853010 0.045388620 0.043483200 0.042769980 0.037421660 0.031843640 0.034333090 0.037286170 0.031686040 0.010615400 0.010138830 0.017274230 0.003070890 0.004444060 0.000000000 0.009165840 0.018697040 0.018579420 0.016654260 0.017293550 0.017013210 0.031154370 0.025520110 0.019471980 0.034908820 0.036588760 0.031785450 0.031807980 0.031715460 0.028204460 0.035609140 
50     0.041080590 0.048641040 0.041753130 0.036149760 0.022787060 0.035111450 0.039361850 0.024977070 0.036359430 0.035361050 0.024383340 0.014598310 0.035174110 0.014433230 0.014903030 0.037976380 0.029757540 0.040221670 0.032007300 0.031430440 0.027722950 0.038512750 0.035353140 0.033671500 0.038947710 0.040760020 0.035859140 0.031747360 0.024386750 0.016264980 0.008340480 0.014443160 0.015191090 0.017205350 0.009165840 0.000000000 0.000767620 0.002604180 0.020093360 0.018553730 0.021406820 0.027275640 0.025131170 0.024783490 0.025234610 0.031112800 0.025350040 0.035075200 0.034149670 0.027805530 0.014789710 
46     0.043390820 0.052891260 0.041972700 0.038459990 0.027807480 0.035331020 0.039581420 0.029997490 0.036579000 0.035580620 0.029403760 0.019618730 0.035393680 0.019453650 0.019923450 0.038195950 0.029937670 0.039114560 0.034317530 0.033740670 0.030033180 0.040822980 0.037663370 0.040762140 0.035413820 0.037328300 0.032325250 0.034057590 0.029407170 0.022674920 0.007392540 0.008269000 0.004253150 0.015795240 0.018697040 0.000767620 0.000000000 0.001253620 0.020447720 0.018428550 0.018040260 0.029264270 0.025378960 0.021249600 0.030802240 0.031332370 0.025569610 0.035470500 0.029731660 0.028334660 0.019810130 
36     0.048377280 0.051102740 0.049954540 0.042467300 0.026561500 0.038662480 0.049335340 0.028751510 0.044800970 0.045514030 0.028157780 0.018372750 0.044206740 0.018207670 0.018677470 0.044053910 0.030391760 0.039568650 0.012506260 0.038923460 0.037603690 0.043834870 0.045233880 0.041216230 0.035867910 0.037782390 0.032779340 0.035732420 0.028161190 0.025312190 0.010484720 0.011361180 0.007345330 0.018175050 0.018579420 0.002604180 0.001253620 0.000000000 0.020901810 0.018882640 0.018494350 0.029718360 0.025833050 0.021703690 0.033355070 0.035448480 0.031366540 0.035924590 0.031449470 0.032897640 0.018564150 
33     0.040049180 0.044304390 0.035613080 0.033364400 0.035244040 0.032810990 0.037061390 0.037036890 0.034058970 0.033060590 0.038448820 0.035323460 0.032873650 0.037023990 0.036098950 0.035675920 0.023590750 0.031568170 0.030975890 0.030399030 0.026691540 0.037033860 0.034321730 0.034415220 0.029066900 0.030981380 0.025978330 0.028663200 0.043353400 0.013239930 0.023224360 0.021428990 0.018662140 0.018219220 0.016654260 0.020093360 0.020447720 0.020901810 0.000000000 0.000124090 0.000266340 0.009441430 0.009378460 0.008245470 0.026554060 0.025263430 0.023049580 0.024858560 0.024486550 0.024800170 0.034207130 
30     0.039635080 0.043187270 0.034298750 0.032113280 0.031122780 0.028689730 0.032940130 0.032915630 0.029937710 0.028939330 0.034327560 0.031202200 0.028752390 0.032902730 0.031977690 0.031554660 0.021571580 0.023953880 0.030561790 0.029984930 0.026277440 0.006257850 0.026781410 0.032396050 0.027047730 0.028962210 0.023959160 0.026912240 0.041416800 0.013994200 0.021205190 0.021830300 0.016642970 0.018858510 0.017293550 0.018553730 0.018428550 0.018882640 0.000124090 0.000000000 0.000509810 0.004227380 0.012045880 0.008524970 0.024160950 0.024691080 0.018928320 0.025497850 0.022629290 0.021693370 0.028612180 
40     0.039750270 0.043032300 0.031940670 0.028722540 0.027732040 0.025298990 0.029549390 0.029524890 0.026546970 0.025548590 0.030936820 0.027811460 0.025361650 0.029511990 0.028586950 0.028163920 0.021183290 0.029940960 0.029085750 0.029714990 0.027779110 0.034626400 0.035409300 0.032007760 0.026659440 0.028573920 0.023570870 0.024645220 0.040822820 0.016848700 0.020816900 0.021442010 0.016254680 0.018578170 0.017013210 0.021406820 0.018040260 0.018494350 0.000266340 0.000509810 0.000000000 0.010529000 0.010895520 0.006416240 0.020770210 0.021300340 0.015537580 0.025217510 0.022241000 0.018302630 0.034481360 
31     0.043966790 0.049007240 0.045068830 0.039035960 0.040860200 0.038427150 0.042677550 0.042653050 0.039675130 0.038676750 0.043298390 0.033513360 0.038489810 0.033348280 0.033818080 0.041292080 0.032407300 0.041311720 0.034893500 0.034316640 0.030609150 0.041398950 0.038239340 0.043231770 0.037883450 0.039797930 0.024094920 0.026123080 0.043301800 0.021904150 0.026197370 0.024236190 0.026234290 0.033442200 0.031154370 0.027275640 0.029264270 0.029718360 0.009441430 0.004227380 0.010529000 0.000000000 0.000856310 0.004968890 0.032297860 0.034369480 0.028665740 0.035441400 0.033465010 0.031430790 0.033704760 
38     0.047529780 0.046862770 0.041874860 0.036756850 0.038932860 0.042462940 0.045811830 0.042780250 0.043319660 0.042649650 0.043230860 0.040212620 0.039966770 0.041078530 0.044530410 0.039813940 0.028521990 0.037698880 0.038456490 0.037053690 0.034172140 0.041965100 0.041802330 0.039346460 0.033998140 0.035912620 0.030909570 0.033862650 0.047514440 0.021173140 0.028155600 0.027824980 0.023593380 0.027085070 0.025520110 0.025131170 0.025378960 0.025833050 0.009378460 0.012045880 0.010895520 0.000856310 0.000000000 0.000393990 0.028905780 0.033578710 0.028483830 0.033296930 0.029579700 0.029815100 0.040468910 
32     0.046619760 0.048211210 0.039098180 0.040027640 0.037501110 0.040795280 0.043336210 0.040353010 0.044668100 0.040437930 0.044548770 0.040597820 0.028588930 0.041434270 0.043295300 0.038952620 0.024392630 0.033569520 0.037546470 0.032924330 0.032455020 0.037835740 0.040892310 0.035217100 0.029868780 0.031783260 0.026780210 0.029733290 0.048408560 0.020058040 0.024026240 0.024651350 0.019464020 0.021036940 0.019471980 0.024783490 0.021249600 0.021703690 0.008245470 0.008524970 0.006416240 0.004968890 0.000393990 0.000000000 0.027355940 0.029449350 0.025367410 0.027676280 0.025450340 0.028995710 0.037692230 
41     0.017727990 0.028336500 0.021890380 0.023630360 0.015356210 0.022141460 0.025329330 0.024253980 0.023389440 0.022391060 0.024704590 0.021686350 0.021440500 0.022552260 0.025429420 0.019564230 0.011443910 0.015476730 0.020555960 0.019975610 0.014131100 0.021834580 0.018888270 0.021864600 0.016920060 0.018834540 0.013831490 0.014257380 0.013159980 0.021506670 0.032508500 0.033084010 0.023781440 0.027422290 0.034908820 0.025234610 0.030802240 0.033355070 0.026554060 0.024160950 0.020770210 0.032297860 0.028905780 0.027355940 0.000000000 0.000569270 0.000412150 0.005236490 0.000254740 0.004040520 0.014706330 
44     0.020915780 0.021025040 0.020591590 0.024531960 0.013612360 0.022671590 0.026921990 0.026897490 0.023919570 0.022921190 0.028309420 0.025184060 0.022734250 0.026162170 0.025959550 0.024897580 0.012734740 0.016245280 0.021457560 0.020880700 0.015602120 0.023341420 0.020359290 0.022499710 0.019013470 0.020881460 0.015924900 0.017911760 0.012573610 0.020207980 0.030012570 0.030588080 0.024311570 0.027952420 0.036588760 0.031112800 0.031332370 0.035448480 0.025263430 0.024691080 0.021300340 0.034369480 0.033578710 0.029449350 0.000569270 0.000000000 0.000522700 0.003254720 0.003887180 0.004066610 0.014600120 
42     0.013162880 0.027499090 0.021823760 0.020332380 0.019341880 0.016908830 0.021159230 0.021134730 0.018156810 0.017158430 0.022546660 0.019421300 0.016971490 0.021121830 0.020196790 0.019773760 0.009455380 0.013894920 0.019590870 0.017987080 0.013531660 0.021235730 0.018288830 0.020279850 0.014931530 0.016846010 0.011842960 0.014796040 0.013231700 0.016793380 0.028850630 0.029426140 0.018548810 0.022189660 0.031785450 0.025350040 0.025569610 0.031366540 0.023049580 0.018928320 0.015537580 0.028665740 0.028483830 0.025367410 0.000412150 0.000522700 0.000000000 0.003810250 0.001023460 0.001215510 0.019161110 
34     0.019215280 0.019324540 0.018891090 0.025740350 0.011911860 0.016789450 0.025212610 0.018895160 0.019162910 0.027266920 0.027848130 0.020557550 0.021561610 0.021827390 0.027837590 0.020914050 0.012046570 0.015062040 0.024534380 0.022545130 0.008522990 0.011562340 0.020171170 0.015470110 0.019489580 0.017189830 0.016245050 0.012617450 0.012916740 0.021419490 0.031367640 0.031943150 0.028709400 0.033372940 0.031807980 0.035075200 0.035470500 0.035924590 0.024858560 0.025497850 0.025217510 0.035441400 0.033296930 0.027676280 0.005236490 0.003254720 0.003810250 0.000000000 0.001349970 0.002422080 0.009547420 
43     0.018583160 0.020491690 0.020058240 0.024381230 0.013079010 0.024331770 0.027201200 0.025498690 0.027011400 0.025583610 0.026922600 0.023904360 0.023658510 0.024770270 0.028222150 0.019978770 0.008429840 0.018715200 0.024570980 0.018070010 0.007234480 0.010273830 0.020401860 0.020362780 0.015014460 0.016928940 0.011925890 0.012524930 0.020076130 0.021142690 0.033772020 0.034397130 0.029209800 0.033280420 0.031715460 0.034149670 0.029731660 0.031449470 0.024486550 0.022629290 0.022241000 0.033465010 0.029579700 0.025450340 0.000254740 0.003887180 0.001023460 0.001349970 0.000000000 0.001000120 0.013101120 
49     0.009216320 0.019549000 0.019115550 0.023097430 0.012136320 0.019673880 0.023924280 0.023899780 0.020921860 0.019923480 0.024592960 0.021574720 0.019736540 0.022440630 0.022961840 0.021176040 0.013080030 0.016307180 0.023460640 0.019893550 0.013708930 0.021407190 0.020107810 0.019934330 0.017596970 0.019975740 0.015471260 0.015562770 0.008052880 0.015048580 0.033355430 0.033930940 0.021313860 0.024954710 0.028204460 0.027805530 0.028334660 0.032897640 0.024800170 0.021693370 0.018302630 0.031430790 0.029815100 0.028995710 0.004040520 0.004066610 0.001215510 0.002422080 0.001000120 0.000000000 0.012579330 
0     0.028887230 0.028996490 0.025773810 0.014076680 0.014551520 0.030046940 0.025069190 0.028782440 0.040622220 0.034183350 0.013118120 0.018403680 0.028228470 0.018238600 0.018708400 0.027580910 0.006677890 0.021728900 0.031201240 0.027052300 0.019130650 0.028791370 0.037667890 0.013345610 0.046760330 0.015065330 0.017284450 0.012878490 0.020766270 0.023535740 0.040952850 0.042255540 0.034423780 0.036334830 0.035609140 0.014789710 0.019810130 0.018564150 0.034207130 0.028612180 0.034481360 0.033704760 0.040468910 0.037692230 0.014706330 0.014600120 0.019161110 0.009547420 0.013101120 0.012579330 0.000000000 
