51
10     0.000000000 0.473505365 0.900991236 1.175272689 1.147590219 1.148583128 1.175560792 1.176329562 1.174194932 1.185064288 1.184145961 1.173469001 1.168607058 1.183484108 1.234769592 1.255388490 1.232347200 1.264777256 1.265223882 1.279971034 1.440804865 1.446010062 1.438757522 1.421581302 1.457586642 1.459054384 1.464670458 1.486109676 1.487869463 1.498391117 1.488723765 1.487504659 1.423451972 1.496569046 1.440251021 1.400984592 1.422921406 1.393771512 1.408027352 1.402743234 1.369205337 1.394050268 1.415621853 1.393671298 1.409368300 1.450130758 1.445649969 1.416497161 1.394062038 1.397008009 1.643593129 
8     0.473505365 0.000000000 0.877260863 1.152012277 1.121529520 1.123288749 1.145915663 1.146563566 1.143311513 1.157559640 1.155382746 1.144870164 1.139241338 1.159981607 1.215722717 1.233465669 1.204121464 1.240402886 1.236756886 1.254252700 1.422251604 1.428277304 1.431420984 1.417366028 1.446820308 1.438415047 1.443790905 1.470987509 1.467359115 1.476748863 1.469335309 1.471118865 1.417663329 1.488338477 1.438153685 1.396686129 1.420486169 1.394282420 1.408149261 1.401148589 1.366371275 1.384080726 1.409986731 1.384506356 1.405449353 1.434215152 1.428946802 1.419079527 1.397195238 1.397839866 1.631952806 
9     0.900991236 0.877260863 0.000000000 1.158298095 1.123109121 1.124377645 1.153920683 1.154568586 1.151526175 1.166313140 1.153565419 1.148612476 1.140392637 1.145153133 1.225006705 1.249661579 1.216884073 1.255196243 1.257446217 1.265165233 1.433550784 1.430228301 1.434154807 1.418463309 1.447746750 1.450446484 1.453232169 1.469436398 1.477789111 1.489842739 1.479945387 1.469103739 1.424170998 1.489038139 1.434078527 1.411414087 1.414291654 1.413529138 1.406636626 1.401046834 1.385724661 1.394802216 1.416959834 1.390092899 1.407494714 1.428170353 1.426765852 1.426136357 1.396497416 1.397045762 1.633052049 
4     1.175272689 1.152012277 1.158298095 0.000000000 0.683066411 0.683922087 1.215124588 1.215935432 1.215021985 1.241044756 1.238780690 1.232967883 1.225796669 1.235110156 1.303665740 1.324645621 1.295409453 1.327317550 1.328446046 1.340642135 1.525994309 1.524136075 1.544691048 1.525554581 1.551384881 1.546502384 1.553597536 1.583205535 1.573576023 1.586629705 1.580961529 1.573456002 1.520584917 1.584418390 1.536854524 1.496661969 1.512907116 1.495055895 1.496251768 1.495281698 1.473118984 1.492429104 1.518329587 1.487120510 1.507225818 1.538696850 1.537243547 1.526938119 1.499830413 1.498989442 1.696110193 
2     1.147590219 1.121529520 1.123109121 0.683066411 0.000000000 0.152696921 1.173810152 1.174517207 1.171952379 1.199739591 1.192200419 1.187903456 1.177866286 1.180326148 1.254529840 1.267939725 1.248184314 1.275958553 1.278742369 1.295855327 1.478187819 1.476612034 1.500283249 1.472180771 1.490376464 1.486959990 1.492258350 1.535248801 1.522336404 1.539685718 1.536930931 1.530965766 1.461457508 1.515946449 1.467170092 1.424483616 1.435731248 1.432966144 1.438926487 1.432008126 1.419841950 1.432474960 1.454968008 1.430324736 1.445286969 1.476613503 1.474826388 1.467571400 1.442924218 1.433332950 1.638497740 
15     1.148583128 1.123288749 1.124377645 0.683922087 0.152696921 0.000000000 1.173700247 1.174407303 1.173197627 1.201798779 1.194682895 1.189391151 1.179353960 1.182351531 1.255712794 1.269338495 1.249733529 1.277272630 1.279988767 1.298818527 1.479769143 1.477634749 1.501465677 1.473112489 1.492667122 1.488369252 1.493667612 1.536194964 1.524017391 1.541711544 1.537420860 1.532337946 1.462060419 1.517642680 1.468542428 1.425991335 1.437867500 1.434369248 1.441057918 1.434366562 1.419979539 1.433685617 1.456272543 1.431240136 1.446696282 1.477888206 1.476136647 1.468425382 1.444508883 1.434705411 1.639513104 
14     1.175560792 1.145915663 1.153920683 1.215124588 1.173810152 1.173700247 0.000000000 0.109493635 0.171258357 0.552554232 0.543979159 0.535620809 0.526430897 0.725183415 1.238995851 1.256353202 1.224645605 1.271385883 1.278012767 1.279440429 1.449894613 1.452295219 1.454513123 1.437841892 1.461535968 1.455206731 1.462798485 1.498463571 1.495155863 1.517446181 1.489342247 1.492923617 1.447460486 1.535771154 1.471502420 1.430885884 1.451791298 1.436441695 1.446702609 1.437836195 1.424342438 1.425993971 1.461140070 1.416968562 1.441725248 1.468835232 1.459876595 1.457474054 1.437677891 1.436346558 1.651461736 
18     1.176329562 1.146563566 1.154568586 1.215935432 1.174517207 1.174407303 0.109493635 0.000000000 0.170738826 0.554454598 0.544622698 0.537133077 0.527618588 0.725528715 1.239710195 1.257106619 1.225362169 1.271914231 1.278652981 1.281068917 1.450606612 1.453092477 1.455501149 1.438981012 1.462139341 1.455923296 1.463515050 1.499189695 1.495872428 1.518162745 1.489735069 1.494101132 1.448165094 1.536581998 1.472218985 1.431658674 1.452560196 1.437169231 1.447419174 1.438535320 1.425059003 1.426810424 1.461806031 1.417871690 1.443015378 1.469501823 1.460536298 1.458190619 1.439249447 1.437063122 1.652012495 
7     1.174194932 1.143311513 1.151526175 1.215021985 1.171952379 1.173197627 0.171258357 0.170738826 0.000000000 0.550185667 0.539371545 0.535018822 0.523683283 0.723160631 1.240546730 1.258010161 1.227485584 1.270717622 1.276995519 1.278548016 1.446496942 1.448982807 1.452945445 1.438927896 1.457914914 1.451450799 1.459802292 1.496157395 1.497015251 1.512657901 1.484384508 1.488839765 1.446015152 1.535010078 1.468558590 1.426006660 1.446099085 1.433420543 1.443589312 1.434924422 1.420430800 1.421437570 1.459593608 1.415518634 1.440194008 1.463120059 1.453372914 1.456476184 1.437088155 1.431510355 1.651322595 
12     1.185064288 1.157559640 1.166313140 1.241044756 1.199739591 1.201798779 0.552554232 0.554454598 0.550185667 0.000000000 0.471444866 0.468332577 0.464640820 0.755711166 1.246705248 1.272948241 1.261365154 1.305070751 1.306722373 1.308932242 1.476578092 1.483286672 1.477114525 1.470277145 1.495738765 1.488554631 1.497175578 1.522432840 1.513668696 1.533866358 1.523416143 1.516570566 1.466628851 1.545558775 1.488180980 1.457707494 1.468989780 1.465781050 1.472904673 1.462431640 1.446154051 1.451266385 1.487361028 1.451312885 1.467423661 1.494624499 1.486569595 1.482138209 1.458104215 1.460972452 1.669301472 
3     1.184145961 1.155382746 1.153565419 1.238780690 1.192200419 1.194682895 0.543979159 0.544622698 0.539371545 0.471444866 0.000000000 0.315395802 0.313844205 0.740899616 1.247993634 1.272104600 1.256293177 1.288339420 1.293901732 1.297361450 1.458837132 1.462658099 1.465648315 1.455540830 1.483736439 1.472820287 1.480007210 1.506602760 1.499993193 1.529524412 1.502284296 1.499811672 1.447269133 1.530555906 1.480696264 1.440714936 1.455007536 1.451141280 1.460382948 1.452802135 1.436861634 1.441597984 1.477030879 1.434809768 1.459050176 1.487397952 1.479726015 1.474761953 1.450331439 1.447884945 1.656248310 
1     1.173469001 1.144870164 1.148612476 1.232967883 1.187903456 1.189391151 0.535620809 0.537133077 0.535018822 0.468332577 0.315395802 0.000000000 0.244694080 0.740694407 1.242688096 1.266964577 1.248079211 1.292910997 1.297060561 1.301379828 1.455709684 1.458553431 1.465093110 1.455522491 1.483057826 1.469437993 1.477422090 1.500913917 1.501669909 1.529173439 1.504258469 1.505394830 1.446048557 1.535657865 1.486454562 1.443090850 1.456914785 1.456772193 1.466865425 1.460359030 1.442485322 1.442915044 1.479941235 1.436451683 1.457637873 1.487039647 1.479113776 1.474612010 1.451165507 1.452190714 1.663293744 
20     1.168607058 1.139241338 1.140392637 1.225796669 1.177866286 1.179353960 0.526430897 0.527618588 0.523683283 0.464640820 0.313844205 0.244694080 0.000000000 0.724156592 1.228700110 1.255440421 1.240493594 1.279974165 1.283035549 1.285548035 1.437916098 1.440820880 1.449679733 1.438861049 1.462099895 1.450357078 1.456940765 1.486070197 1.478858297 1.509863783 1.486285410 1.482071895 1.431205499 1.516640999 1.468979048 1.430361946 1.445457702 1.442422444 1.449548831 1.443364163 1.427298072 1.428799836 1.465561301 1.418673089 1.446485461 1.473211405 1.464743524 1.457638178 1.435179389 1.439099853 1.651590380 
17     1.183484108 1.159981607 1.145153133 1.235110156 1.180326148 1.182351531 0.725183415 0.725528715 0.723160631 0.755711166 0.740899616 0.740694407 0.724156592 0.000000000 1.232068987 1.253629134 1.227973181 1.273470053 1.286908304 1.283004414 1.429268807 1.432648816 1.423542807 1.414553747 1.449664164 1.442730612 1.449633405 1.463707027 1.461966325 1.496349939 1.464093848 1.451834338 1.423843652 1.517225214 1.462833133 1.423000247 1.436372276 1.429444696 1.432401912 1.426342804 1.395201274 1.412881983 1.438730145 1.402590036 1.426596373 1.456525413 1.456285317 1.435035066 1.412681654 1.421223573 1.648007030 
6     1.234769592 1.215722717 1.225006705 1.303665740 1.254529840 1.255712794 1.238995851 1.239710195 1.240546730 1.246705248 1.247993634 1.242688096 1.228700110 1.232068987 0.000000000 0.424088601 1.249980119 1.298021072 1.295783314 1.313245417 1.471872932 1.472906643 1.482321658 1.464132358 1.497862085 1.487892498 1.485812693 1.520469345 1.520279147 1.548657612 1.517484566 1.515986287 1.469265507 1.544899087 1.487086457 1.460042725 1.474801222 1.466494003 1.480232732 1.473410996 1.443577079 1.451119283 1.479193378 1.459955882 1.470338071 1.498786461 1.490674965 1.485130676 1.452824760 1.450930765 1.681951036 
11     1.255388490 1.233465669 1.249661579 1.324645621 1.267939725 1.269338495 1.256353202 1.257106619 1.258010161 1.272948241 1.272104600 1.266964577 1.255440421 1.253629134 0.424088601 0.000000000 1.270650099 1.323922839 1.319994814 1.323140897 1.488564574 1.488516668 1.492604080 1.479032014 1.513767515 1.500923053 1.502575876 1.528527167 1.530145868 1.548086131 1.531670058 1.533016394 1.481138064 1.543485304 1.487147664 1.463263800 1.481996651 1.465018337 1.477462682 1.470351608 1.445945204 1.451532432 1.478541108 1.461904160 1.471288012 1.500410534 1.495319286 1.486914009 1.457411967 1.451500138 1.688289194 
16     1.232347200 1.204121464 1.216884073 1.295409453 1.248184314 1.249733529 1.224645605 1.225362169 1.227485584 1.261365154 1.256293177 1.248079211 1.240493594 1.227973181 1.249980119 1.270650099 0.000000000 1.251493106 1.262909075 1.248810912 1.439637781 1.442447467 1.447668037 1.434252690 1.466081697 1.462440345 1.466143343 1.495481334 1.478161959 1.480350990 1.484233959 1.492774124 1.452368406 1.500872476 1.443408271 1.411099731 1.435726688 1.418179148 1.432874741 1.425318235 1.392950628 1.411094559 1.436032652 1.408473351 1.423999959 1.454990650 1.449375607 1.443730004 1.421003908 1.413505474 1.636097128 
19     1.264777256 1.240402886 1.255196243 1.327317550 1.275958553 1.277272630 1.271385883 1.271914231 1.270717622 1.305070751 1.288339420 1.292910997 1.279974165 1.273470053 1.298021072 1.323922839 1.251493106 0.000000000 0.414002787 1.077889496 1.420169651 1.427649908 1.439462776 1.402385370 1.456947826 1.444939534 1.452119548 1.462445834 1.445765475 1.472853835 1.456381119 1.457281444 1.415233447 1.469704748 1.426553603 1.394498976 1.407188107 1.390727847 1.399505022 1.381092397 1.372809579 1.379951973 1.416836803 1.392979699 1.400079308 1.414111638 1.413875734 1.411580334 1.393325225 1.381298812 1.615317768 
13     1.265223882 1.236756886 1.257446217 1.328446046 1.278742369 1.279988767 1.278012767 1.278652981 1.276995519 1.306722373 1.293901732 1.297060561 1.283035549 1.286908304 1.295783314 1.319994814 1.262909075 0.414002787 0.000000000 1.072181138 1.421579777 1.428362350 1.438579686 1.407642853 1.450405696 1.438681421 1.448667624 1.459620278 1.454322745 1.472519413 1.464682842 1.467328638 1.422871381 1.485241683 1.438387973 1.400803620 1.420281377 1.412423190 1.403647797 1.385917728 1.380623643 1.390089117 1.427868926 1.408491839 1.410410600 1.423325130 1.427304091 1.421714348 1.406758465 1.389999721 1.623635282 
5     1.279971034 1.254252700 1.265165233 1.340642135 1.295855327 1.298818527 1.279440429 1.281068917 1.278548016 1.308932242 1.297361450 1.301379828 1.285548035 1.283004414 1.313245417 1.323140897 1.248810912 1.077889496 1.072181138 0.000000000 1.428860623 1.431085080 1.432566410 1.427472165 1.463511451 1.455523964 1.463435434 1.470347423 1.473773674 1.491152304 1.483990790 1.479829810 1.443348459 1.496331413 1.459079861 1.412955467 1.440431977 1.424916158 1.437393468 1.423676427 1.396375991 1.404153574 1.437008285 1.409173572 1.427924989 1.445067072 1.439965955 1.446446256 1.418450870 1.409536307 1.663282474 
26     1.440804865 1.422251604 1.433550784 1.525994309 1.478187819 1.479769143 1.449894613 1.450606612 1.446496942 1.476578092 1.458837132 1.455709684 1.437916098 1.429268807 1.471872932 1.488564574 1.439637781 1.420169651 1.421579777 1.428860623 0.000000000 0.161367035 0.928379889 0.915659395 0.949989659 0.949568879 0.945231321 0.985763692 1.075112961 1.128922488 1.101118644 1.097541280 1.426835066 1.467171489 1.392334982 1.439764728 1.448984227 1.455974403 1.437593173 1.432967120 1.412085160 1.422810692 1.439214288 1.433057830 1.437185039 1.457663705 1.453256183 1.463658522 1.443512959 1.422670433 1.599440620 
30     1.446010062 1.428277304 1.430228301 1.524136075 1.476612034 1.477634749 1.452295219 1.453092477 1.448982807 1.483286672 1.462658099 1.458553431 1.440820880 1.432648816 1.472906643 1.488516668 1.442447467 1.427649908 1.428362350 1.431085080 0.161367035 0.000000000 0.925555098 0.910090987 0.951829551 0.950693656 0.946361653 0.987671751 1.072531627 1.128963678 1.100680115 1.097723485 1.431012569 1.456473378 1.382072293 1.428214484 1.435185738 1.442045928 1.427416231 1.422344069 1.396662323 1.413066693 1.430036159 1.424055617 1.427498254 1.445601078 1.442129854 1.450861584 1.428480171 1.406895044 1.597621379 
34     1.438757522 1.431420984 1.434154807 1.544691048 1.500283249 1.501465677 1.454513123 1.455501149 1.452945445 1.477114525 1.465648315 1.465093110 1.449679733 1.423542807 1.482321658 1.492604080 1.447668037 1.439462776 1.438579686 1.432566410 0.928379889 0.925555098 0.000000000 0.498992887 0.819517229 0.813668628 0.812198961 0.986056548 1.073033472 1.100973271 1.099860677 1.088293131 1.446000792 1.472944106 1.397135830 1.433137706 1.436543068 1.429614558 1.430384784 1.428592632 1.407751822 1.414558671 1.441173294 1.427455561 1.435842504 1.449925800 1.449644394 1.453569397 1.431759110 1.407262368 1.621053901 
31     1.421581302 1.417366028 1.418463309 1.525554581 1.472180771 1.473112489 1.437841892 1.438981012 1.438927896 1.470277145 1.455540830 1.455522491 1.438861049 1.414553747 1.464132358 1.479032014 1.434252690 1.402385370 1.407642853 1.427472165 0.915659395 0.910090987 0.498992887 0.000000000 0.813404389 0.808896442 0.806804512 0.954130160 1.060858513 1.103734994 1.078634628 1.065560277 1.423121750 1.449563662 1.365385319 1.404400402 1.402386075 1.407442683 1.400004186 1.397888839 1.373727633 1.382445704 1.411380488 1.404427365 1.409267875 1.422909642 1.420942308 1.417101263 1.394175926 1.378795725 1.586013935 
25     1.457586642 1.446820308 1.447746750 1.551384881 1.490376464 1.492667122 1.461535968 1.462139341 1.457914914 1.495738765 1.483736439 1.483057826 1.462099895 1.449664164 1.497862085 1.513767515 1.466081697 1.456947826 1.450405696 1.463511451 0.949989659 0.951829551 0.819517229 0.813404389 0.000000000 0.341757829 0.325783664 1.021320877 1.109576077 1.153977379 1.142793653 1.133330424 1.444923343 1.473463475 1.417964919 1.451880931 1.457432742 1.469283601 1.454087799 1.443518557 1.425850356 1.448910541 1.478288697 1.461530319 1.463648665 1.479498648 1.477662174 1.477802698 1.462138425 1.439461972 1.647692121 
38     1.459054384 1.438415047 1.450446484 1.546502384 1.486959990 1.488369252 1.455206731 1.455923296 1.451450799 1.488554631 1.472820287 1.469437993 1.450357078 1.442730612 1.487892498 1.500923053 1.462440345 1.444939534 1.438681421 1.455523964 0.949568879 0.950693656 0.813668628 0.808896442 0.341757829 0.000000000 0.217363331 1.020578111 1.109512356 1.148179152 1.137493779 1.129101411 1.435936264 1.468752005 1.408087076 1.445928296 1.455936419 1.461327744 1.444856168 1.436506469 1.421352471 1.437697407 1.467850194 1.456300292 1.456093052 1.473776819 1.470924147 1.471215637 1.453207036 1.430554848 1.636203824 
37     1.464670458 1.443790905 1.453232169 1.553597536 1.492258350 1.493667612 1.462798485 1.463515050 1.459802292 1.497175578 1.480007210 1.477422090 1.456940765 1.449633405 1.485812693 1.502575876 1.466143343 1.452119548 1.448667624 1.463435434 0.945231321 0.946361653 0.812198961 0.806804512 0.325783664 0.217363331 0.000000000 1.018280981 1.104538798 1.148565125 1.136564626 1.127298990 1.443245300 1.473460497 1.419417333 1.456997858 1.462673777 1.469986383 1.456735003 1.444906961 1.433158158 1.442648224 1.476263710 1.463544469 1.464429066 1.481652714 1.478871176 1.481562109 1.462299617 1.439245787 1.640946533 
29     1.486109676 1.470987509 1.469436398 1.583205535 1.535248801 1.536194964 1.498463571 1.499189695 1.496157395 1.522432840 1.506602760 1.500913917 1.486070197 1.463707027 1.520469345 1.528527167 1.495481334 1.462445834 1.459620278 1.470347423 0.985763692 0.987671751 0.986056548 0.954130160 1.021320877 1.020578111 1.018280981 0.000000000 1.110253328 1.153496551 1.128906903 1.118788326 1.490686833 1.524406003 1.460875498 1.471611294 1.467687721 1.483518075 1.463184548 1.456100595 1.442610928 1.450798337 1.472435913 1.458274665 1.469300001 1.486926326 1.491288762 1.496116528 1.469190918 1.453112037 1.630614736 
41     1.487869463 1.467359115 1.477789111 1.573576023 1.522336404 1.524017391 1.495155863 1.495872428 1.497015251 1.513668696 1.499993193 1.501669909 1.478858297 1.461966325 1.520279147 1.530145868 1.478161959 1.445765475 1.454322745 1.473773674 1.075112961 1.072531627 1.073033472 1.060858513 1.109576077 1.109512356 1.104538798 1.110253328 0.000000000 0.995272941 1.004417932 0.997151874 1.466986295 1.513762322 1.440739414 1.464471661 1.460907832 1.461360189 1.448573103 1.443973123 1.431724172 1.443428380 1.457849737 1.452068458 1.460507167 1.484095758 1.484595783 1.488243181 1.461298393 1.424035260 1.619649986 
33     1.498391117 1.476748863 1.489842739 1.586629705 1.539685718 1.541711544 1.517446181 1.518162745 1.512657901 1.533866358 1.529524412 1.529173439 1.509863783 1.496349939 1.548657612 1.548086131 1.480350990 1.472853835 1.472519413 1.491152304 1.128922488 1.128963678 1.100973271 1.103734994 1.153977379 1.148179152 1.148565125 1.153496551 0.995272941 0.000000000 1.047431308 1.051910523 1.504950022 1.560084033 1.485247850 1.486374888 1.499743552 1.500896737 1.484992262 1.480271880 1.454430026 1.469492154 1.497323744 1.480675673 1.485878630 1.511636520 1.509051565 1.503220021 1.480548772 1.456247127 1.693439623 
22     1.488723765 1.469335309 1.479945387 1.580961529 1.536930931 1.537420860 1.489342247 1.489735069 1.484384508 1.523416143 1.502284296 1.504258469 1.486285410 1.464093848 1.517484566 1.531670058 1.484233959 1.456381119 1.464682842 1.483990790 1.101118644 1.100680115 1.099860677 1.078634628 1.142793653 1.137493779 1.136564626 1.128906903 1.004417932 1.047431308 0.000000000 0.635977247 1.487951159 1.535555359 1.455704589 1.478897838 1.484555649 1.475931014 1.462686556 1.452642279 1.426638055 1.446202034 1.461871620 1.454340828 1.463437252 1.487720560 1.484414252 1.493606797 1.469142435 1.447210628 1.657056812 
36     1.487504659 1.471118865 1.469103739 1.573456002 1.530965766 1.532337946 1.492923617 1.494101132 1.488839765 1.516570566 1.499811672 1.505394830 1.482071895 1.451834338 1.515986287 1.533016394 1.492774124 1.457281444 1.467328638 1.479829810 1.097541280 1.097723485 1.088293131 1.065560277 1.133330424 1.129101411 1.127298990 1.118788326 0.997151874 1.051910523 0.635977247 0.000000000 1.482868684 1.542244234 1.452065291 1.459965665 1.474168036 1.467898953 1.452225624 1.450961858 1.426526339 1.439738118 1.456772988 1.446805162 1.462983989 1.478899432 1.478150229 1.483699762 1.458184011 1.440813723 1.669491418 
43     1.423451972 1.417663329 1.424170998 1.520584917 1.461457508 1.462060419 1.447460486 1.448165094 1.446015152 1.466628851 1.447269133 1.446048557 1.431205499 1.423843652 1.469265507 1.481138064 1.452368406 1.415233447 1.422871381 1.443348459 1.426835066 1.431012569 1.446000792 1.423121750 1.444923343 1.435936264 1.443245300 1.490686833 1.466986295 1.504950022 1.487951159 1.482868684 0.000000000 1.118420549 1.091800759 1.311114542 1.326787882 1.327770165 1.317735673 1.300499024 1.286105716 1.301435117 1.316305434 1.306989154 1.306574689 1.337601290 1.332565951 1.324770619 1.302603143 1.312422492 1.604733333 
47     1.496569046 1.488338477 1.489038139 1.584418390 1.515946449 1.517642680 1.535771154 1.536581998 1.535010078 1.545558775 1.530555906 1.535657865 1.516640999 1.517225214 1.544899087 1.543485304 1.500872476 1.469704748 1.485241683 1.496331413 1.467171489 1.456473378 1.472944106 1.449563662 1.473463475 1.468752005 1.473460497 1.524406003 1.513762322 1.560084033 1.535555359 1.542244234 1.118420549 0.000000000 0.951557957 1.373269391 1.386983416 1.378736999 1.378333563 1.372034677 1.341602672 1.373969280 1.390363149 1.378088347 1.379817288 1.404648362 1.399374242 1.381170949 1.361374605 1.374149898 1.650781546 
50     1.440251021 1.438153685 1.434078527 1.536854524 1.467170092 1.468542428 1.471502420 1.472218985 1.468558590 1.488180980 1.480696264 1.486454562 1.468979048 1.462833133 1.487086457 1.487147664 1.443408271 1.426553603 1.438387973 1.459079861 1.392334982 1.382072293 1.397135830 1.365385319 1.417964919 1.408087076 1.419417333 1.460875498 1.440739414 1.485247850 1.455704589 1.452065291 1.091800759 0.951557957 0.000000000 1.329148940 1.347843448 1.328371941 1.326931747 1.322220538 1.293180298 1.326262036 1.344677796 1.325939661 1.336689670 1.371494078 1.359857219 1.338098994 1.307661798 1.320594160 1.602204250 
45     1.400984592 1.396686129 1.411414087 1.496661969 1.424483616 1.425991335 1.430885884 1.431658674 1.426006660 1.457707494 1.440714936 1.443090850 1.430361946 1.423000247 1.460042725 1.463263800 1.411099731 1.394498976 1.400803620 1.412955467 1.439764728 1.428214484 1.433137706 1.404400402 1.451880931 1.445928296 1.456997858 1.471611294 1.464471661 1.486374888 1.478897838 1.459965665 1.311114542 1.373269391 1.329148940 0.000000000 0.602459264 0.707529012 0.776171122 0.780704402 0.811767561 0.830706314 0.849892163 0.844651632 0.836408364 0.864388148 0.875392773 0.831262136 0.826268587 0.809299458 1.603222416 
46     1.422921406 1.420486169 1.414291654 1.512907116 1.435731248 1.437867500 1.451791298 1.452560196 1.446099085 1.468989780 1.455007536 1.456914785 1.445457702 1.436372276 1.474801222 1.481996651 1.435726688 1.407188107 1.420281377 1.440431977 1.448984227 1.435185738 1.436543068 1.402386075 1.457432742 1.455936419 1.462673777 1.467687721 1.460907832 1.499743552 1.484555649 1.474168036 1.326787882 1.386983416 1.347843448 0.602459264 0.000000000 0.755431849 0.800193785 0.802742818 0.844740795 0.862420751 0.881001529 0.881182384 0.867160592 0.884034268 0.892767203 0.869059483 0.862994319 0.851968998 1.612394737 
49     1.393771512 1.394282420 1.413529138 1.495055895 1.432966144 1.434369248 1.436441695 1.437169231 1.433420543 1.465781050 1.451141280 1.456772193 1.442422444 1.429444696 1.466494003 1.465018337 1.418179148 1.390727847 1.412423190 1.424916158 1.455974403 1.442045928 1.429614558 1.407442683 1.469283601 1.461327744 1.469986383 1.483518075 1.461360189 1.500896737 1.475931014 1.467898953 1.327770165 1.378736999 1.328371941 0.707529012 0.755431849 0.000000000 0.777256656 0.781909808 0.803703302 0.824356747 0.842624472 0.837834925 0.837435410 0.853912969 0.864140858 0.826578491 0.820445267 0.810088427 1.588779041 
32     1.408027352 1.408149261 1.406636626 1.496251768 1.438926487 1.441057918 1.446702609 1.447419174 1.443589312 1.472904673 1.460382948 1.466865425 1.449548831 1.432401912 1.480232732 1.477462682 1.432874741 1.399505022 1.403647797 1.437393468 1.437593173 1.427416231 1.430384784 1.400004186 1.454087799 1.444856168 1.456735003 1.463184548 1.448573103 1.484992262 1.462686556 1.452225624 1.317735673 1.378333563 1.326931747 0.776171122 0.800193785 0.777256656 0.000000000 0.351069016 0.812359272 0.841489662 0.845213985 0.856805438 0.839240832 0.863537937 0.878224516 0.837188938 0.830684701 0.823181032 1.605668823 
28     1.402743234 1.401148589 1.401046834 1.495281698 1.432008126 1.434366562 1.437836195 1.438535320 1.434924422 1.462431640 1.452802135 1.460359030 1.443364163 1.426342804 1.473410996 1.470351608 1.425318235 1.381092397 1.385917728 1.423676427 1.432967120 1.422344069 1.428592632 1.397888839 1.443518557 1.436506469 1.444906961 1.456100595 1.443973123 1.480271880 1.452642279 1.450961858 1.300499024 1.372034677 1.322220538 0.780704402 0.802742818 0.781909808 0.351069016 0.000000000 0.823811323 0.853195325 0.862406363 0.865141536 0.848484954 0.876126877 0.886545574 0.845121241 0.844250341 0.836061982 1.598491846 
27     1.369205337 1.366371275 1.385724661 1.473118984 1.419841950 1.419979539 1.424342438 1.425059003 1.420430800 1.446154051 1.436861634 1.442485322 1.427298072 1.395201274 1.443577079 1.445945204 1.392950628 1.372809579 1.380623643 1.396375991 1.412085160 1.396662323 1.407751822 1.373727633 1.425850356 1.421352471 1.433158158 1.442610928 1.431724172 1.454430026 1.426638055 1.426526339 1.286105716 1.341602672 1.293180298 0.811767561 0.844740795 0.803703302 0.812359272 0.823811323 0.000000000 0.778231053 0.783944574 0.790861857 0.777409020 0.807818963 0.812815202 0.783999546 0.777169000 0.751560655 1.569124439 
48     1.394050268 1.384080726 1.394802216 1.492429104 1.432474960 1.433685617 1.425993971 1.426810424 1.421437570 1.451266385 1.441597984 1.442915044 1.428799836 1.412881983 1.451119283 1.451532432 1.411094559 1.379951973 1.390089117 1.404153574 1.422810692 1.413066693 1.414558671 1.382445704 1.448910541 1.437697407 1.442648224 1.450798337 1.443428380 1.469492154 1.446202034 1.439738118 1.301435117 1.373969280 1.326262036 0.830706314 0.862420751 0.824356747 0.841489662 0.853195325 0.778231053 0.000000000 0.417093285 0.421233853 0.410678002 0.647540007 0.653340481 0.814341725 0.798087216 0.766360235 1.580666384 
21     1.415621853 1.409986731 1.416959834 1.518329587 1.454968008 1.456272543 1.461140070 1.461806031 1.459593608 1.487361028 1.477030879 1.479941235 1.465561301 1.438730145 1.479193378 1.478541108 1.436032652 1.416836803 1.427868926 1.437008285 1.439214288 1.430036159 1.441173294 1.411380488 1.478288697 1.467850194 1.476263710 1.472435913 1.457849737 1.497323744 1.461871620 1.456772988 1.316305434 1.390363149 1.344677796 0.849892163 0.881001529 0.842624472 0.845213985 0.862406363 0.783944574 0.417093285 0.000000000 0.440952202 0.432176254 0.661897579 0.671853161 0.827110233 0.815837159 0.783478181 1.596656877 
42     1.393671298 1.384506356 1.390092899 1.487120510 1.430324736 1.431240136 1.416968562 1.417871690 1.415518634 1.451312885 1.434809768 1.436451683 1.418673089 1.402590036 1.459955882 1.461904160 1.408473351 1.392979699 1.408491839 1.409173572 1.433057830 1.424055617 1.427455561 1.404427365 1.461530319 1.456300292 1.463544469 1.458274665 1.452068458 1.480675673 1.454340828 1.446805162 1.306989154 1.378088347 1.325939661 0.844651632 0.881182384 0.837834925 0.856805438 0.865141536 0.790861857 0.421233853 0.440952202 0.000000000 0.380178061 0.666540157 0.674632900 0.827314037 0.812968903 0.783791822 1.574293473 
39     1.409368300 1.405449353 1.407494714 1.507225818 1.445286969 1.446696282 1.441725248 1.443015378 1.440194008 1.467423661 1.459050176 1.457637873 1.446485461 1.426596373 1.470338071 1.471288012 1.423999959 1.400079308 1.410410600 1.427924989 1.437185039 1.427498254 1.435842504 1.409267875 1.463648665 1.456093052 1.464429066 1.469300001 1.460507167 1.485878630 1.463437252 1.462983989 1.306574689 1.379817288 1.336689670 0.836408364 0.867160592 0.837435410 0.839240832 0.848484954 0.777409020 0.410678002 0.432176254 0.380178061 0.000000000 0.657339102 0.672452647 0.821899777 0.809425405 0.780646518 1.591454449 
23     1.450130758 1.434215152 1.428170353 1.538696850 1.476613503 1.477888206 1.468835232 1.469501823 1.463120059 1.494624499 1.487397952 1.487039647 1.473211405 1.456525413 1.498786461 1.500410534 1.454990650 1.414111638 1.423325130 1.445067072 1.457663705 1.445601078 1.449925800 1.422909642 1.479498648 1.473776819 1.481652714 1.486926326 1.484095758 1.511636520 1.487720560 1.478899432 1.337601290 1.404648362 1.371494078 0.864388148 0.884034268 0.853912969 0.863537937 0.876126877 0.807818963 0.647540007 0.661897579 0.666540157 0.657339102 0.000000000 0.307772915 0.845125351 0.838360224 0.815494252 1.634332061 
40     1.445649969 1.428946802 1.426765852 1.537243547 1.474826388 1.476136647 1.459876595 1.460536298 1.453372914 1.486569595 1.479726015 1.479113776 1.464743524 1.456285317 1.490674965 1.495319286 1.449375607 1.413875734 1.427304091 1.439965955 1.453256183 1.442129854 1.449644394 1.420942308 1.477662174 1.470924147 1.478871176 1.491288762 1.484595783 1.509051565 1.484414252 1.478150229 1.332565951 1.399374242 1.359857219 0.875392773 0.892767203 0.864140858 0.878224516 0.886545574 0.812815202 0.653340481 0.671853161 0.674632900 0.672452647 0.307772915 0.000000000 0.857624712 0.845277700 0.819001649 1.637539203 
24     1.416497161 1.419079527 1.426136357 1.526938119 1.467571400 1.468425382 1.457474054 1.458190619 1.456476184 1.482138209 1.474761953 1.474612010 1.457638178 1.435035066 1.485130676 1.486914009 1.443730004 1.411580334 1.421714348 1.446446256 1.463658522 1.450861584 1.453569397 1.417101263 1.477802698 1.471215637 1.481562109 1.496116528 1.488243181 1.503220021 1.493606797 1.483699762 1.324770619 1.381170949 1.338098994 0.831262136 0.869059483 0.826578491 0.837188938 0.845121241 0.783999546 0.814341725 0.827110233 0.827314037 0.821899777 0.845125351 0.857624712 0.000000000 0.393206701 0.743719168 1.612089619 
35     1.394062038 1.397195238 1.396497416 1.499830413 1.442924218 1.444508883 1.437677891 1.439249447 1.437088155 1.458104215 1.450331439 1.451165507 1.435179389 1.412681654 1.452824760 1.457411967 1.421003908 1.393325225 1.406758465 1.418450870 1.443512959 1.428480171 1.431759110 1.394175926 1.462138425 1.453207036 1.462299617 1.469190918 1.461298393 1.480548772 1.469142435 1.458184011 1.302603143 1.361374605 1.307661798 0.826268587 0.862994319 0.820445267 0.830684701 0.844250341 0.777169000 0.798087216 0.815837159 0.812968903 0.809425405 0.838360224 0.845277700 0.393206701 0.000000000 0.736873576 1.579132953 
44     1.397008009 1.397839866 1.397045762 1.498989442 1.433332950 1.434705411 1.436346558 1.437063122 1.431510355 1.460972452 1.447884945 1.452190714 1.439099853 1.421223573 1.450930765 1.451500138 1.413505474 1.381298812 1.389999721 1.409536307 1.422670433 1.406895044 1.407262368 1.378795725 1.439461972 1.430554848 1.439245787 1.453112037 1.424035260 1.456247127 1.447210628 1.440813723 1.312422492 1.374149898 1.320594160 0.809299458 0.851968998 0.810088427 0.823181032 0.836061982 0.751560655 0.766360235 0.783478181 0.783791822 0.780646518 0.815494252 0.819001649 0.743719168 0.736873576 0.000000000 1.579871402 
0     1.643593129 1.631952806 1.633052049 1.696110193 1.638497740 1.639513104 1.651461736 1.652012495 1.651322595 1.669301472 1.656248310 1.663293744 1.651590380 1.648007030 1.681951036 1.688289194 1.636097128 1.615317768 1.623635282 1.663282474 1.599440620 1.597621379 1.621053901 1.586013935 1.647692121 1.636203824 1.640946533 1.630614736 1.619649986 1.693439623 1.657056812 1.669491418 1.604733333 1.650781546 1.602204250 1.603222416 1.612394737 1.588779041 1.605668823 1.598491846 1.569124439 1.580666384 1.596656877 1.574293473 1.591454449 1.634332061 1.637539203 1.612089619 1.579132953 1.579871402 0.000000000 
