51
10     0.000000000 0.000847630 0.001835510 0.035807290 0.024751300 0.023659470 0.043565480 0.043329010 0.046102970 0.040336090 0.036781350 0.043980130 0.056432090 0.013037830 0.032725920 0.032458130 0.008491290 0.005824520 0.034032860 0.004756770 0.027823790 0.030326810 0.031829430 0.027622910 0.032102500 0.025912260 0.029672850 0.043623260 0.038826360 0.020703460 0.007102920 0.005712820 0.008806860 0.027246750 0.023006680 0.062461690 0.012968070 0.052223810 0.074515560 0.021747650 0.018030530 0.055398010 0.039034700 0.001910090 0.068032340 0.070217900 0.023916700 0.015383580 0.065345700 0.026283270 0.001412480 
8     0.000847630 0.000000000 0.014651670 0.004255710 0.008573020 0.009519320 0.016218030 0.016151700 0.010207560 0.011519570 0.011847650 0.009000070 0.011811360 0.037623330 0.016592940 0.027577850 0.008197720 0.047382770 0.007526950 0.025261790 0.038248390 0.025039710 0.022725210 0.019277510 0.050028260 0.026512950 0.019025530 0.045544690 0.008844200 0.015910450 0.021187460 0.029123280 0.032239840 0.061755260 0.045224420 0.017355780 0.011260380 0.011428190 0.018426340 0.075283210 0.012234420 0.025952110 0.028841680 0.030823820 0.028440370 0.030625930 0.007247020 0.019184800 0.009096930 0.025906080 0.013270310 
9     0.001835510 0.014651670 0.000000000 0.001600570 0.044725340 0.002110490 0.041307540 0.056067350 0.043031160 0.053531210 0.014080960 0.002088900 0.025593120 0.015524810 0.020748040 0.001441730 0.001774280 0.035010900 0.036519840 0.020703400 0.023949900 0.035465280 0.034316410 0.033597550 0.034589480 0.036315810 0.035944240 0.004251240 0.041313340 0.003238860 0.008634960 0.007244860 0.025300720 0.014198660 0.016884100 0.052451800 0.057239350 0.000912550 0.011411420 0.024234630 0.030205820 0.033188150 0.041583090 0.007769010 0.023705190 0.023764360 0.074681500 0.032688560 0.004112170 0.026093000 0.022122950 
4     0.035807290 0.004255710 0.001600570 0.000000000 0.007611230 0.000511320 0.015256240 0.012208150 0.014984930 0.010557780 0.010885860 0.010883250 0.010849570 0.057055880 0.006333950 0.058483980 0.031745600 0.042062050 0.050862250 0.017173150 0.038761510 0.042266200 0.018447840 0.055545680 0.052344180 0.044888420 0.031233440 0.044816000 0.028201150 0.054737360 0.053142860 0.012389890 0.065357930 0.041534610 0.032247110 0.016393990 0.010298590 0.010466400 0.016763240 0.045947640 0.025325650 0.024990320 0.027879890 0.029862030 0.027478580 0.029664140 0.031640760 0.024413340 0.024791940 0.019618560 0.009294900 
2     0.024751300 0.008573020 0.044725340 0.007611230 0.000000000 0.000927730 0.011365710 0.011299380 0.003799550 0.006667250 0.006995330 0.006992720 0.006959040 0.015142800 0.022929440 0.009767060 0.026592750 0.010828500 0.011890640 0.005441330 0.051423400 0.065435100 0.026545360 0.018031710 0.049093760 0.051679040 0.054780740 0.024542630 0.055593460 0.046910150 0.071001830 0.034810030 0.041866710 0.047270170 0.063413730 0.012503460 0.006408060 0.006575870 0.013574020 0.010484370 0.021435120 0.021099790 0.023989360 0.025971500 0.014684230 0.025773610 0.027750230 0.020522810 0.020901410 0.021053760 0.004357030 
15     0.023659470 0.009519320 0.002110490 0.000511320 0.000927730 0.000000000 0.012312010 0.012245680 0.012040700 0.007613550 0.007941630 0.007939020 0.007905340 0.010277140 0.026578020 0.013415640 0.025500920 0.003534940 0.004597080 0.058813960 0.058463800 0.064971000 0.025065150 0.016735380 0.045874220 0.059645200 0.054699260 0.016902620 0.054113250 0.014445690 0.061623560 0.033440300 0.052246230 0.045248580 0.053273600 0.013449760 0.007354360 0.007522170 0.014520320 0.009432660 0.008142140 0.022046090 0.024935660 0.026917800 0.012944770 0.026719910 0.028696530 0.021469110 0.021847710 0.022000060 0.009364290 
14     0.043565480 0.016218030 0.041307540 0.015256240 0.011365710 0.012312010 0.000000000 0.000054190 0.000385390 0.007294820 0.007622900 0.007620290 0.006483890 0.005504420 0.057512760 0.054772240 0.040616070 0.055741750 0.020696950 0.051947040 0.012833350 0.013262200 0.012018890 0.067562630 0.050287660 0.036341920 0.035993190 0.054313750 0.005516610 0.037516390 0.048149310 0.061054080 0.043220790 0.015100560 0.050111230 0.013811430 0.009434050 0.007319740 0.015527950 0.035058820 0.024207690 0.023872360 0.026761930 0.028744070 0.026360620 0.028546180 0.030522800 0.023295380 0.001748830 0.023826330 0.011190560 
18     0.043329010 0.016151700 0.056067350 0.012208150 0.011299380 0.012245680 0.000054190 0.000000000 0.000230470 0.007228490 0.003828240 0.007553960 0.005401590 0.020863060 0.057128460 0.054785110 0.022787710 0.054262950 0.023080530 0.066706850 0.008218640 0.008647490 0.012449540 0.067496300 0.032242020 0.034804450 0.034455720 0.055234830 0.002588120 0.039767430 0.043589680 0.060669780 0.041969660 0.021078810 0.049764720 0.013745100 0.009367720 0.007253410 0.015461620 0.005407170 0.024141360 0.023806030 0.026695600 0.028677740 0.026294290 0.028479850 0.030456470 0.023229050 0.023607650 0.023760000 0.011124230 
7     0.046102970 0.010207560 0.043031160 0.014984930 0.003799550 0.012040700 0.000385390 0.000230470 0.000000000 0.007023510 0.002531500 0.001309700 0.007315300 0.004058320 0.029307260 0.038337950 0.029097860 0.057024840 0.027621710 0.053670660 0.007155620 0.007584470 0.049652030 0.017992000 0.038274490 0.056448610 0.059490730 0.028035080 0.012384430 0.034843140 0.013909550 0.062337170 0.011953830 0.082558400 0.051008070 0.013540120 0.009162740 0.007048430 0.015256640 0.009314760 0.023936380 0.023601050 0.026490620 0.028472760 0.026089310 0.028274870 0.030251490 0.023024070 0.000050780 0.021655610 0.010919250 
12     0.040336090 0.011519570 0.053531210 0.010557780 0.006667250 0.007613550 0.007294820 0.007228490 0.007023510 0.000000000 0.002282320 0.002279710 0.002246030 0.006871270 0.054377420 0.055086700 0.001473670 0.018104970 0.011126590 0.055460400 0.025354930 0.048571050 0.047780500 0.059290550 0.071840340 0.045517080 0.045168350 0.046666900 0.017492560 0.056575520 0.069075940 0.031329790 0.058176070 0.066026540 0.021813910 0.009112970 0.003986760 0.002621280 0.010566620 0.018525220 0.019509230 0.019173900 0.022063470 0.024045610 0.021662160 0.020651850 0.025824340 0.018596920 0.018975520 0.019127870 0.006492100 
3     0.036781350 0.011847650 0.014080960 0.010885860 0.006995330 0.007941630 0.007622900 0.003828240 0.002531500 0.002282320 0.000000000 0.001132620 0.001140770 0.007388030 0.005475750 0.046104990 0.026350140 0.006296090 0.005930700 0.041283130 0.038066500 0.019514100 0.051789470 0.047723340 0.048471390 0.036784120 0.024554870 0.050464390 0.026043130 0.019578210 0.053755030 0.064474610 0.016528480 0.053263370 0.007832130 0.009441050 0.005063670 0.002949360 0.011157570 0.009117810 0.002566440 0.019501980 0.013677220 0.024373690 0.014764920 0.024175800 0.026152420 0.018925000 0.019303600 0.019455950 0.006820180 
1     0.043980130 0.009000070 0.002088900 0.010883250 0.006992720 0.007939020 0.007620290 0.007553960 0.001309700 0.002279710 0.001132620 0.000000000 0.000723740 0.014333640 0.028774210 0.055737580 0.057794150 0.049825550 0.053729440 0.018458530 0.045085340 0.047136070 0.039378180 0.052616380 0.043984020 0.036652430 0.036303700 0.052059680 0.029624290 0.003666330 0.002549720 0.031886170 0.026354860 0.048707750 0.011590290 0.009438440 0.005061060 0.002946750 0.011154960 0.044173320 0.019834700 0.019499370 0.022388940 0.024371080 0.021987630 0.024173190 0.026149810 0.018922390 0.019300990 0.019453340 0.006817570 
20     0.056432090 0.011811360 0.025593120 0.010849570 0.006959040 0.007905340 0.006483890 0.005401590 0.007315300 0.002246030 0.001140770 0.000723740 0.000000000 0.014971770 0.017196640 0.042552680 0.033973740 0.013919690 0.013554300 0.035386580 0.047587460 0.030379270 0.035386200 0.061361090 0.017449930 0.006658090 0.022362170 0.058416010 0.027084570 0.006112220 0.020959070 0.064035290 0.054784140 0.057948280 0.015455730 0.009404760 0.005027380 0.002913070 0.006641580 0.014180720 0.010190040 0.013919960 0.011536990 0.019774930 0.021953950 0.016726730 0.002651470 0.018888710 0.019267310 0.002814750 0.006783890 
17     0.013037830 0.037623330 0.015524810 0.057055880 0.015142800 0.010277140 0.005504420 0.020863060 0.004058320 0.006871270 0.007388030 0.014333640 0.014971770 0.000000000 0.031149150 0.012586090 0.012061900 0.030947150 0.032456090 0.032768110 0.026247020 0.031401530 0.030252660 0.029533800 0.024228080 0.018491000 0.015073120 0.008032390 0.021168150 0.016506730 0.013311170 0.011921070 0.018163970 0.025669980 0.021429910 0.065121750 0.035358350 0.050526290 0.048876090 0.020170880 0.055907500 0.047198920 0.012562340 0.068839020 0.046951540 0.031400430 0.029047010 0.063390330 0.063768930 0.063921280 0.065480920 
6     0.032725920 0.016592940 0.020748040 0.006333950 0.022929440 0.026578020 0.057512760 0.057128460 0.029307260 0.054377420 0.005475750 0.028774210 0.017196640 0.031149150 0.000000000 0.004159910 0.017321390 0.017241130 0.029547820 0.034003440 0.028988860 0.049379140 0.039681660 0.047511410 0.048503340 0.050229670 0.015690940 0.044156270 0.031052770 0.032164250 0.032999260 0.031609160 0.049832210 0.043647590 0.033476750 0.025383910 0.031640800 0.013024880 0.079040860 0.038148490 0.016290570 0.036003230 0.044306050 0.054608020 0.031502660 0.022132920 0.031971170 0.030614820 0.007412590 0.015972840 0.011941360 
11     0.032458130 0.027577850 0.001441730 0.058483980 0.009767060 0.013415640 0.054772240 0.054785110 0.038337950 0.055086700 0.046104990 0.055737580 0.042552680 0.012586090 0.004159910 0.000000000 0.022521490 0.034113510 0.032631180 0.036405420 0.043956840 0.041737320 0.047962480 0.047243620 0.048235550 0.027745810 0.024327930 0.059333020 0.029876660 0.035329800 0.032731470 0.031341370 0.049564420 0.041783750 0.008643020 0.029165970 0.040576790 0.030080840 0.049334940 0.037880700 0.078525990 0.042328070 0.041868430 0.048655910 0.058552560 0.031147540 0.035935280 0.011494780 0.028954330 0.037942630 0.064307280 
16     0.008491290 0.008197720 0.001774280 0.031745600 0.026592750 0.025500920 0.040616070 0.022787710 0.029097860 0.001473670 0.026350140 0.057794150 0.033973740 0.012061900 0.017321390 0.022521490 0.000000000 0.020976170 0.020610780 0.012447530 0.024530440 0.025039370 0.029138520 0.028419660 0.029411590 0.031137920 0.030766350 0.042196290 0.036135450 0.020164600 0.013912010 0.012521910 0.019783330 0.024555840 0.020315770 0.050069010 0.037375740 0.056299160 0.010405400 0.019056740 0.028503640 0.056246430 0.056462410 0.047591360 0.029574600 0.022226430 0.032868110 0.015304180 0.043409460 0.010899190 0.014474660 
19     0.005824520 0.047382770 0.035010900 0.042062050 0.010828500 0.003534940 0.055741750 0.054262950 0.057024840 0.018104970 0.006296090 0.049825550 0.013919690 0.030947150 0.017241130 0.034113510 0.020976170 0.000000000 0.000542150 0.016095470 0.013010590 0.018165100 0.017016230 0.016297370 0.046708320 0.019015630 0.018644060 0.018474760 0.024013160 0.014177410 0.032797260 0.015376880 0.048037190 0.010786040 0.002458160 0.021659010 0.025294580 0.020208350 0.043483310 0.036353470 0.008449590 0.010154390 0.004007710 0.049403480 0.009520550 0.019501010 0.012248750 0.017729260 0.016279230 0.056534470 0.045478260 
13     0.034032860 0.007526950 0.036519840 0.050862250 0.011890640 0.004597080 0.020696950 0.023080530 0.027621710 0.011126590 0.005930700 0.053729440 0.013554300 0.032456090 0.029547820 0.032631180 0.020610780 0.000542150 0.000000000 0.003492890 0.014519530 0.019674040 0.018525170 0.017806310 0.040741360 0.020524570 0.020153000 0.019692280 0.025522100 0.008846020 0.001777110 0.031553870 0.042479470 0.039317530 0.002092770 0.006237750 0.047809240 0.056029510 0.020548170 0.016964860 0.008084200 0.033743140 0.048571100 0.053628060 0.009155160 0.018899430 0.015447730 0.021953840 0.005551460 0.016167240 0.024251030 
5     0.004756770 0.025261790 0.020703400 0.017173150 0.005441330 0.058813960 0.051947040 0.066706850 0.053670660 0.055460400 0.041283130 0.018458530 0.035386580 0.032768110 0.034003440 0.036405420 0.012447530 0.016095470 0.003492890 0.000000000 0.023012940 0.028167450 0.006325180 0.026299720 0.045130240 0.029017980 0.028646410 0.012413610 0.030731280 0.028715210 0.036902200 0.041409510 0.058039540 0.051854920 0.047614850 0.006465340 0.064738520 0.037918980 0.064637170 0.021965760 0.034645130 0.013121360 0.040710020 0.038980530 0.038658450 0.018694090 0.018614290 0.020555640 0.018532390 0.019837590 0.017095730 
26     0.027823790 0.038248390 0.023949900 0.038761510 0.051423400 0.058463800 0.012833350 0.008218640 0.007155620 0.025354930 0.038066500 0.045085340 0.047587460 0.026247020 0.028988860 0.043956840 0.024530440 0.013010590 0.014519530 0.023012940 0.000000000 0.000360690 0.007601660 0.006882800 0.033482400 0.009601060 0.009229490 0.022938330 0.016277850 0.008987800 0.028097130 0.026239790 0.027590890 0.018205770 0.032912370 0.037203480 0.031919820 0.055892820 0.066484160 0.017058170 0.042210760 0.028240730 0.059208440 0.059717480 0.037068430 0.058294180 0.020185680 0.033652930 0.044514580 0.016941460 0.006754440 
30     0.030326810 0.025039710 0.035465280 0.042266200 0.065435100 0.064971000 0.013262200 0.008647490 0.007584470 0.048571050 0.019514100 0.047136070 0.030379270 0.031401530 0.049379140 0.041737320 0.025039370 0.018165100 0.019674040 0.028167450 0.000360690 0.000000000 0.005906500 0.012037310 0.028348470 0.014755570 0.014384000 0.029514440 0.019711060 0.023026020 0.031442240 0.031861540 0.036288540 0.018912660 0.004628910 0.030658830 0.040601940 0.056213530 0.040689910 0.035830180 0.039108270 0.036938380 0.064362950 0.064470370 0.035994520 0.034554430 0.026852480 0.011122910 0.016831580 0.010057930 0.014479340 
34     0.031829430 0.022725210 0.034316410 0.018447840 0.026545360 0.025065150 0.012018890 0.012449540 0.049652030 0.047780500 0.051789470 0.039378180 0.035386200 0.030252660 0.039681660 0.047962480 0.029138520 0.017016230 0.018525170 0.006325180 0.007601660 0.005906500 0.000000000 0.000126160 0.007781650 0.006734620 0.006363050 0.029379510 0.017396560 0.018851680 0.029127740 0.030712670 0.017483010 0.041158080 0.036918010 0.007694710 0.027628120 0.024248430 0.043761710 0.035658980 0.014849980 0.037084920 0.030848720 0.038100880 0.051386080 0.028252060 0.034265120 0.015032170 0.040923030 0.035644560 0.059142510 
31     0.027622910 0.019277510 0.033597550 0.055545680 0.018031710 0.016735380 0.067562630 0.067496300 0.017992000 0.059290550 0.047723340 0.052616380 0.061361090 0.029533800 0.047511410 0.047243620 0.028419660 0.016297370 0.017806310 0.026299720 0.006882800 0.012037310 0.000126160 0.000000000 0.003239510 0.001749670 0.009232470 0.011325060 0.019564630 0.010228420 0.031383910 0.009927770 0.046623840 0.024991980 0.036199150 0.004140670 0.023748270 0.005109110 0.054329940 0.034940120 0.048701170 0.047581060 0.039719100 0.044893980 0.044083820 0.004858550 0.021579760 0.014462180 0.043291770 0.014299020 0.028490590 
25     0.032102500 0.050028260 0.034589480 0.052344180 0.049093760 0.045874220 0.050287660 0.032242020 0.038274490 0.071840340 0.048471390 0.043984020 0.017449930 0.024228080 0.048503340 0.048235550 0.029411590 0.046708320 0.040741360 0.045130240 0.033482400 0.028348470 0.007781650 0.003239510 0.000000000 0.004899150 0.003837530 0.014564570 0.037284190 0.045980070 0.010446690 0.030985740 0.008428610 0.026510650 0.013152400 0.035941000 0.043013570 0.027131360 0.076440990 0.021011550 0.051243950 0.040468720 0.029299990 0.021316010 0.040242790 0.049974360 0.074997820 0.057483600 0.044226110 0.009977460 0.014469630 
38     0.025912260 0.026512950 0.036315810 0.044888420 0.051679040 0.059645200 0.036341920 0.034804450 0.056448610 0.045517080 0.036784120 0.036652430 0.006658090 0.018491000 0.050229670 0.027745810 0.031137920 0.019015630 0.020524570 0.029017980 0.009601060 0.014755570 0.006734620 0.001749670 0.004899150 0.000000000 0.000438600 0.013074730 0.022282890 0.011507160 0.007309930 0.024236290 0.039058880 0.013406900 0.009268170 0.012552220 0.029644250 0.017085750 0.036897950 0.037658380 0.050331360 0.062323910 0.065213480 0.067195620 0.035201530 0.044549030 0.053602690 0.007106520 0.001318410 0.018694590 0.050567680 
37     0.029672850 0.019025530 0.035944240 0.031233440 0.054780740 0.054699260 0.035993190 0.034455720 0.059490730 0.045168350 0.024554870 0.036303700 0.022362170 0.015073120 0.015690940 0.024327930 0.030766350 0.018644060 0.020153000 0.028646410 0.009229490 0.014384000 0.006363050 0.009232470 0.003837530 0.000438600 0.000000000 0.023974680 0.013696880 0.023504980 0.021229950 0.016797570 0.018852460 0.029271380 0.008919170 0.043044570 0.056729460 0.028463560 0.072117630 0.037286810 0.022653640 0.061952340 0.064841910 0.066824050 0.051153670 0.058306170 0.068602780 0.000388770 0.018871470 0.020397750 0.025470370 
29     0.043623260 0.045544690 0.004251240 0.044816000 0.024542630 0.016902620 0.054313750 0.055234830 0.028035080 0.046666900 0.050464390 0.052059680 0.058416010 0.008032390 0.044156270 0.059333020 0.042196290 0.018474760 0.019692280 0.012413610 0.022938330 0.029514440 0.029379510 0.011325060 0.014564570 0.013074730 0.023974680 0.000000000 0.029349420 0.025753920 0.032185050 0.030841190 0.028093270 0.039567000 0.049975780 0.013397680 0.011227230 0.024815810 0.059849450 0.048716750 0.025989800 0.009780430 0.026371740 0.031625290 0.019595470 0.051971020 0.044143650 0.040798950 0.059495860 0.044028070 0.025194890 
41     0.038826360 0.008844200 0.041313340 0.028201150 0.055593460 0.054113250 0.005516610 0.002588120 0.012384430 0.017492560 0.026043130 0.029624290 0.027084570 0.021168150 0.031052770 0.029876660 0.036135450 0.024013160 0.025522100 0.030731280 0.016277850 0.019711060 0.017396560 0.019564630 0.037284190 0.022282890 0.013696880 0.029349420 0.000000000 0.004259910 0.015339180 0.011483260 0.023507980 0.032533220 0.043914940 0.046891480 0.004929230 0.057591080 0.066549260 0.042655910 0.017260620 0.056603130 0.003170210 0.051150510 0.015255340 0.032165780 0.020236580 0.013856150 0.045407860 0.003966200 0.027277370 
33     0.020703460 0.015910450 0.003238860 0.054737360 0.046910150 0.014445690 0.037516390 0.039767430 0.034843140 0.056575520 0.019578210 0.003666330 0.006112220 0.016506730 0.032164250 0.035329800 0.020164600 0.014177410 0.008846020 0.028715210 0.008987800 0.023026020 0.018851680 0.010228420 0.045980070 0.011507160 0.023504980 0.025753920 0.004259910 0.000000000 0.002075760 0.002074820 0.055933290 0.049748670 0.045508600 0.030639410 0.030978590 0.008849830 0.021777100 0.018110180 0.069250430 0.068915100 0.049194800 0.020072230 0.071403360 0.021895200 0.015999180 0.024086700 0.006169780 0.020819830 0.021193440 
22     0.007102920 0.021187460 0.008634960 0.053142860 0.071001830 0.061623560 0.048149310 0.043589680 0.013909550 0.069075940 0.053755030 0.002549720 0.020959070 0.013311170 0.032999260 0.032731470 0.013912010 0.032797260 0.001777110 0.036902200 0.028097130 0.031442240 0.029127740 0.031383910 0.010446690 0.007309930 0.021229950 0.032185050 0.015339180 0.002075760 0.000000000 0.000000940 0.030374750 0.027520090 0.023280020 0.029456680 0.014809770 0.034103050 0.018162090 0.010728080 0.034164600 0.028811650 0.025766630 0.000561240 0.043449470 0.028960790 0.027246290 0.025587330 0.038308450 0.047617360 0.037714340 
36     0.005712820 0.029123280 0.007244860 0.012389890 0.034810030 0.033440300 0.061054080 0.060669780 0.062337170 0.031329790 0.064474610 0.031886170 0.064035290 0.011921070 0.031609160 0.031341370 0.012521910 0.015376880 0.031553870 0.041409510 0.026239790 0.031861540 0.030712670 0.009927770 0.030985740 0.024236290 0.016797570 0.030841190 0.011483260 0.002074820 0.000000940 0.000000000 0.005325210 0.005947420 0.021889920 0.016645880 0.018042690 0.027065980 0.026964820 0.009325230 0.061514800 0.013463150 0.041571270 0.039300760 0.059230840 0.011895510 0.023028190 0.032878980 0.026568980 0.057822190 0.021478530 
43     0.008806860 0.032239840 0.025300720 0.065357930 0.041866710 0.052246230 0.043220790 0.041969660 0.011953830 0.058176070 0.016528480 0.026354860 0.054784140 0.018163970 0.049832210 0.049564420 0.019783330 0.048037190 0.042479470 0.058039540 0.027590890 0.036288540 0.017483010 0.046623840 0.008428610 0.039058880 0.018852460 0.028093270 0.023507980 0.055933290 0.030374750 0.005325210 0.000000000 0.006591530 0.007570930 0.025635230 0.019674220 0.038762830 0.008941060 0.008472190 0.052869340 0.024852300 0.031212270 0.062337830 0.029173470 0.057814400 0.047936110 0.068672400 0.015896380 0.017203400 0.070716280 
47     0.027246750 0.061755260 0.014198660 0.041534610 0.047270170 0.045248580 0.015100560 0.021078810 0.082558400 0.066026540 0.053263370 0.048707750 0.057948280 0.025669980 0.043647590 0.041783750 0.024555840 0.010786040 0.039317530 0.051854920 0.018205770 0.018912660 0.041158080 0.024991980 0.026510650 0.013406900 0.029271380 0.039567000 0.032533220 0.049748670 0.027520090 0.005947420 0.006591530 0.000000000 0.008691000 0.011402080 0.055972390 0.002844150 0.027442000 0.004057060 0.016421880 0.045438180 0.050054340 0.057221870 0.047061000 0.041923260 0.044240040 0.073950900 0.050771690 0.005647440 0.017878170 
50     0.023006680 0.045224420 0.016884100 0.032247110 0.063413730 0.053273600 0.050111230 0.049764720 0.051008070 0.021813910 0.007832130 0.011590290 0.015455730 0.021429910 0.033476750 0.008643020 0.020315770 0.002458160 0.002092770 0.047614850 0.032912370 0.004628910 0.036918010 0.036199150 0.013152400 0.009268170 0.008919170 0.049975780 0.043914940 0.045508600 0.023280020 0.021889920 0.007570930 0.008691000 0.000000000 0.044137370 0.004031260 0.005909290 0.011438750 0.003300740 0.004822030 0.033071820 0.037189450 0.010918770 0.002270890 0.037634650 0.046375200 0.036249340 0.070434280 0.038565020 0.073155860 
45     0.062461690 0.017355780 0.052451800 0.016393990 0.012503460 0.013449760 0.013811430 0.013745100 0.013540120 0.009112970 0.009441050 0.009438440 0.009404760 0.065121750 0.025383910 0.029165970 0.050069010 0.021659010 0.006237750 0.006465340 0.037203480 0.030658830 0.007694710 0.004140670 0.035941000 0.012552220 0.043044570 0.013397680 0.046891480 0.030639410 0.029456680 0.016645880 0.025635230 0.011402080 0.044137370 0.000000000 0.008312520 0.001459300 0.014770930 0.017047080 0.002316300 0.024521500 0.018381180 0.025793990 0.024482220 0.029683930 0.023875890 0.013574460 0.018615240 0.015331490 0.012328310 
46     0.012968070 0.011260380 0.057239350 0.010298590 0.006408060 0.007354360 0.009434050 0.009367720 0.009162740 0.003986760 0.005063670 0.005061060 0.005027380 0.035358350 0.031640800 0.040576790 0.037375740 0.025294580 0.047809240 0.064738520 0.031919820 0.040601940 0.027628120 0.023748270 0.043013570 0.029644250 0.056729460 0.011227230 0.004929230 0.030978590 0.014809770 0.018042690 0.019674220 0.055972390 0.004031260 0.008312520 0.000000000 0.004644210 0.011642360 0.010251790 0.019503460 0.015473110 0.013090140 0.021328080 0.021656390 0.023841950 0.014827500 0.012402200 0.018969750 0.019122100 0.006486330 
49     0.052223810 0.011428190 0.000912550 0.010466400 0.006575870 0.007522170 0.007319740 0.007253410 0.007048430 0.002621280 0.002949360 0.002946750 0.002913070 0.050526290 0.013024880 0.030080840 0.056299160 0.020208350 0.056029510 0.037918980 0.055892820 0.056213530 0.024248430 0.005109110 0.027131360 0.017085750 0.028463560 0.024815810 0.057591080 0.008849830 0.034103050 0.027065980 0.038762830 0.002844150 0.005909290 0.001459300 0.004644210 0.000000000 0.008053610 0.012296180 0.000550410 0.018258170 0.006233460 0.004019430 0.021570780 0.019814060 0.020609750 0.009398120 0.017012040 0.018434230 0.006400720 
32     0.074515560 0.018426340 0.011411420 0.016763240 0.013574020 0.014520320 0.015527950 0.015461620 0.015256640 0.010566620 0.011157570 0.011154960 0.006641580 0.048876090 0.079040860 0.049334940 0.010405400 0.043483310 0.020548170 0.064637170 0.066484160 0.040689910 0.043761710 0.054329940 0.076440990 0.036897950 0.072117630 0.059849450 0.066549260 0.021777100 0.018162090 0.026964820 0.008941060 0.027442000 0.011438750 0.014770930 0.011642360 0.008053610 0.000000000 0.000908150 0.019324740 0.026080670 0.023266960 0.022516640 0.011194020 0.009140900 0.016592760 0.007736100 0.019181240 0.008395950 0.013398870 
28     0.021747650 0.075283210 0.024234630 0.045947640 0.010484370 0.009432660 0.035058820 0.005407170 0.009314760 0.018525220 0.009117810 0.044173320 0.014180720 0.020170880 0.038148490 0.037880700 0.019056740 0.036353470 0.016964860 0.021965760 0.017058170 0.035830180 0.035658980 0.034940120 0.021011550 0.037658380 0.037286810 0.048716750 0.042655910 0.018110180 0.010728080 0.009325230 0.008472190 0.004057060 0.003300740 0.017047080 0.010251790 0.012296180 0.000908150 0.000000000 0.026863880 0.025336910 0.011553600 0.004328790 0.005270200 0.011732330 0.022232950 0.015753640 0.018746790 0.007938120 0.032977880 
27     0.018030530 0.012234420 0.030205820 0.025325650 0.021435120 0.008142140 0.024207690 0.024141360 0.023936380 0.019509230 0.002566440 0.019834700 0.010190040 0.055907500 0.016290570 0.078525990 0.028503640 0.008449590 0.008084200 0.034645130 0.042210760 0.039108270 0.014849980 0.048701170 0.051243950 0.050331360 0.022653640 0.025989800 0.017260620 0.069250430 0.034164600 0.061514800 0.052869340 0.016421880 0.004822030 0.002316300 0.019503460 0.000550410 0.019324740 0.026863880 0.000000000 0.001065430 0.012467380 0.014449520 0.012066070 0.014251630 0.016228250 0.009000830 0.009379430 0.009531780 0.018773910 
48     0.055398010 0.025952110 0.033188150 0.024990320 0.021099790 0.022046090 0.023872360 0.023806030 0.023601050 0.019173900 0.019501980 0.019499370 0.013919960 0.047198920 0.036003230 0.042328070 0.056246430 0.010154390 0.033743140 0.013121360 0.028240730 0.036938380 0.037084920 0.047581060 0.040468720 0.062323910 0.061952340 0.009780430 0.056603130 0.068915100 0.028811650 0.013463150 0.024852300 0.045438180 0.033071820 0.024521500 0.015473110 0.018258170 0.026080670 0.025336910 0.001065430 0.000000000 0.000765690 0.008248580 0.001248510 0.002027390 0.002823080 0.000894830 0.009044100 0.000176780 0.018438580 
21     0.039034700 0.028841680 0.041583090 0.027879890 0.023989360 0.024935660 0.026761930 0.026695600 0.026490620 0.022063470 0.013677220 0.022388940 0.011536990 0.012562340 0.044306050 0.041868430 0.056462410 0.004007710 0.048571100 0.040710020 0.059208440 0.064362950 0.030848720 0.039719100 0.029299990 0.065213480 0.064841910 0.026371740 0.003170210 0.049194800 0.025766630 0.041571270 0.031212270 0.050054340 0.037189450 0.018381180 0.013090140 0.006233460 0.023266960 0.011553600 0.012467380 0.000765690 0.000000000 0.002217910 0.000539760 0.013438750 0.012590100 0.008187950 0.008566550 0.008718900 0.002612230 
42     0.001910090 0.030823820 0.007769010 0.029862030 0.025971500 0.026917800 0.028744070 0.028677740 0.028472760 0.024045610 0.024373690 0.024371080 0.019774930 0.068839020 0.054608020 0.048655910 0.047591360 0.049403480 0.053628060 0.038980530 0.059717480 0.064470370 0.038100880 0.044893980 0.021316010 0.067195620 0.066824050 0.031625290 0.051150510 0.020072230 0.000561240 0.039300760 0.062337830 0.057221870 0.010918770 0.025793990 0.021328080 0.004019430 0.022516640 0.004328790 0.014449520 0.008248580 0.002217910 0.000000000 0.006254310 0.015420890 0.006761190 0.010170090 0.010548690 0.002867730 0.002400070 
39     0.068032340 0.028440370 0.023705190 0.027478580 0.014684230 0.012944770 0.026360620 0.026294290 0.026089310 0.021662160 0.014764920 0.021987630 0.021953950 0.046951540 0.031502660 0.058552560 0.029574600 0.009520550 0.009155160 0.038658450 0.037068430 0.035994520 0.051386080 0.044083820 0.040242790 0.035201530 0.051153670 0.019595470 0.015255340 0.071403360 0.043449470 0.059230840 0.029173470 0.047061000 0.002270890 0.024482220 0.021656390 0.021570780 0.011194020 0.005270200 0.012066070 0.001248510 0.000539760 0.006254310 0.000000000 0.013037440 0.006866170 0.006631810 0.008165240 0.008317590 0.004093040 
23     0.070217900 0.030625930 0.023764360 0.029664140 0.025773610 0.026719910 0.028546180 0.028479850 0.028274870 0.020651850 0.024175800 0.024173190 0.016726730 0.031400430 0.022132920 0.031147540 0.022226430 0.019501010 0.018899430 0.018694090 0.058294180 0.034554430 0.028252060 0.004858550 0.049974360 0.044549030 0.058306170 0.051971020 0.032165780 0.021895200 0.028960790 0.011895510 0.057814400 0.041923260 0.037634650 0.029683930 0.023841950 0.019814060 0.009140900 0.011732330 0.014251630 0.002027390 0.013438750 0.015420890 0.013037440 0.000000000 0.000000130 0.001133060 0.009388260 0.002203450 0.023112400 
40     0.023916700 0.007247020 0.074681500 0.031640760 0.027750230 0.028696530 0.030522800 0.030456470 0.030251490 0.025824340 0.026152420 0.026149810 0.002651470 0.029047010 0.031971170 0.035935280 0.032868110 0.012248750 0.015447730 0.018614290 0.020185680 0.026852480 0.034265120 0.021579760 0.074997820 0.053602690 0.068602780 0.044143650 0.020236580 0.015999180 0.027246290 0.023028190 0.047936110 0.044240040 0.046375200 0.023875890 0.014827500 0.020609750 0.016592760 0.022232950 0.016228250 0.002823080 0.012590100 0.006761190 0.006866170 0.000000130 0.000000000 0.001928750 0.011364880 0.002999140 0.003227440 
24     0.015383580 0.019184800 0.032688560 0.024413340 0.020522810 0.021469110 0.023295380 0.023229050 0.023024070 0.018596920 0.018925000 0.018922390 0.018888710 0.063390330 0.030614820 0.011494780 0.015304180 0.017729260 0.021953840 0.020555640 0.033652930 0.011122910 0.015032170 0.014462180 0.057483600 0.007106520 0.000388770 0.040798950 0.013856150 0.024086700 0.025587330 0.032878980 0.068672400 0.073950900 0.036249340 0.013574460 0.012402200 0.009398120 0.007736100 0.015753640 0.009000830 0.000894830 0.008187950 0.010170090 0.006631810 0.001133060 0.001928750 0.000000000 0.001816020 0.001070890 0.017861600 
35     0.065345700 0.009096930 0.004112170 0.024791940 0.020901410 0.021847710 0.001748830 0.023607650 0.000050780 0.018975520 0.019303600 0.019300990 0.019267310 0.063768930 0.007412590 0.028954330 0.043409460 0.016279230 0.005551460 0.018532390 0.044514580 0.016831580 0.040923030 0.043291770 0.044226110 0.001318410 0.018871470 0.059495860 0.045407860 0.006169780 0.038308450 0.026568980 0.015896380 0.050771690 0.070434280 0.018615240 0.018969750 0.017012040 0.019181240 0.018746790 0.009379430 0.009044100 0.008566550 0.010548690 0.008165240 0.009388260 0.011364880 0.001816020 0.000000000 0.004668410 0.018240200 
44     0.026283270 0.025906080 0.026093000 0.019618560 0.021053760 0.022000060 0.023826330 0.023760000 0.021655610 0.019127870 0.019455950 0.019453340 0.002814750 0.063921280 0.015972840 0.037942630 0.010899190 0.056534470 0.016167240 0.019837590 0.016941460 0.010057930 0.035644560 0.014299020 0.009977460 0.018694590 0.020397750 0.044028070 0.003966200 0.020819830 0.047617360 0.057822190 0.017203400 0.005647440 0.038565020 0.015331490 0.019122100 0.018434230 0.008395950 0.007938120 0.009531780 0.000176780 0.008718900 0.002867730 0.008317590 0.002203450 0.002999140 0.001070890 0.004668410 0.000000000 0.018392550 
0     0.001412480 0.013270310 0.022122950 0.009294900 0.004357030 0.009364290 0.011190560 0.011124230 0.010919250 0.006492100 0.006820180 0.006817570 0.006783890 0.065480920 0.011941360 0.064307280 0.014474660 0.045478260 0.024251030 0.017095730 0.006754440 0.014479340 0.059142510 0.028490590 0.014469630 0.050567680 0.025470370 0.025194890 0.027277370 0.021193440 0.037714340 0.021478530 0.070716280 0.017878170 0.073155860 0.012328310 0.006486330 0.006400720 0.013398870 0.032977880 0.018773910 0.018438580 0.002612230 0.002400070 0.004093040 0.023112400 0.003227440 0.017861600 0.018240200 0.018392550 0.000000000 
