51
23     0.000000000 0.213109439 0.232866866 0.297715236 0.305656603 0.310641776 0.323038484 0.312322873 0.307779274 0.305971111 0.310083753 0.342179193 0.317189165 0.315273663 0.318628381 0.323406481 0.330709403 0.322433885 0.328838803 0.334217400 0.350205672 0.335442233 0.323048032 0.345866147 0.340769824 0.336411591 0.333991838 0.364466551 0.364547244 0.359453728 0.377544366 0.358400116 0.362161366 0.350663021 0.353269816 0.347693218 0.329918384 0.304782187 0.323215328 0.304739740 0.304954947 0.337269247 0.360279173 0.368164098 0.371979423 0.338533357 0.339573521 0.336369891 0.348275036 0.342161668 0.544144527 
3     0.213109439 0.000000000 0.194997645 0.271017040 0.279532322 0.285143368 0.297413537 0.286580641 0.282434666 0.280728901 0.285489397 0.315214396 0.292416454 0.289528743 0.293296730 0.298495631 0.306749510 0.296851399 0.302671307 0.307803434 0.323014365 0.308278816 0.295603801 0.319249189 0.314697156 0.309733604 0.305969578 0.337012370 0.337498030 0.332680923 0.350686967 0.331936649 0.335383696 0.325362879 0.327289152 0.321350096 0.302899266 0.278311545 0.295337209 0.277611693 0.278008540 0.312153480 0.334367269 0.342475149 0.345766173 0.314865598 0.315636170 0.311541870 0.323898059 0.316942384 0.519272553 
38     0.232866866 0.194997645 0.000000000 0.289142875 0.298360261 0.302528256 0.315803592 0.304254507 0.301062378 0.299538737 0.302732210 0.335138849 0.310231014 0.307904245 0.311369121 0.316870793 0.325134516 0.315292350 0.320247674 0.324763738 0.340401101 0.327225375 0.314212196 0.335456797 0.331903112 0.326801596 0.323622210 0.354877374 0.355685303 0.349513755 0.369214314 0.348998994 0.352552164 0.342828788 0.345045862 0.339369627 0.321392520 0.294124455 0.313659273 0.294486205 0.294847348 0.328554834 0.350580503 0.356248491 0.360971517 0.328310402 0.329297105 0.325372155 0.338516002 0.331043583 0.537965713 
29     0.297715236 0.271017040 0.289142875 0.000000000 0.179523952 0.185432142 0.200132836 0.187493306 0.181068236 0.179918590 0.184306300 0.319378311 0.294767145 0.292361826 0.295319151 0.303194472 0.308657561 0.298986010 0.306846153 0.311509557 0.326815099 0.316740514 0.303532865 0.324043067 0.318613014 0.314855642 0.310846828 0.342239559 0.342862031 0.337923244 0.355371945 0.336970434 0.339795992 0.331508017 0.331583035 0.327681386 0.309670503 0.284206715 0.298067009 0.279878354 0.280594197 0.316495538 0.337411071 0.343637449 0.347132031 0.316415583 0.316642951 0.314225698 0.326279454 0.319568962 0.521061219 
30     0.305656603 0.279532322 0.298360261 0.179523952 0.000000000 0.104375521 0.118631094 0.104942604 0.108603526 0.107729504 0.112946416 0.330357168 0.304006906 0.301754572 0.304910512 0.312489108 0.317880401 0.308359813 0.316014496 0.321242745 0.336584130 0.324158336 0.311481004 0.332244486 0.327582102 0.323276635 0.319774347 0.350635470 0.351175916 0.347086630 0.364279649 0.346737159 0.349355473 0.340900883 0.343377663 0.338215430 0.318857571 0.294260399 0.309162334 0.291514879 0.292225578 0.326161051 0.346486026 0.354246179 0.357711791 0.324924997 0.325727815 0.322664425 0.335178395 0.328775964 0.534079679 
24     0.310641776 0.285143368 0.302528256 0.185432142 0.104375521 0.000000000 0.085498515 0.071788730 0.112504264 0.112252806 0.117567633 0.333935475 0.308487541 0.305760297 0.308417037 0.316252689 0.322128881 0.312532900 0.321632366 0.327160292 0.341966096 0.330374989 0.317657431 0.337880551 0.332609176 0.328549426 0.324825922 0.355350901 0.355877265 0.352173278 0.369364520 0.351478885 0.354493790 0.345544691 0.347203089 0.342144123 0.323679317 0.299341842 0.314168990 0.297192535 0.297467873 0.330736144 0.350934748 0.357985181 0.361567871 0.329260286 0.329841049 0.326357971 0.338995136 0.332664529 0.539074535 
14     0.323038484 0.297413537 0.315803592 0.200132836 0.118631094 0.085498515 0.000000000 0.086890862 0.126329247 0.126099979 0.131520912 0.347405414 0.321710206 0.319432639 0.322122149 0.330872615 0.335782449 0.326710002 0.334201846 0.339242149 0.354571069 0.342429460 0.329860582 0.350516124 0.345318151 0.341292650 0.338419737 0.368490058 0.369016422 0.364554835 0.381792411 0.364579851 0.367131825 0.358148504 0.359617709 0.354094138 0.336004739 0.311445865 0.325696051 0.308503771 0.309337946 0.343244523 0.361822186 0.369127472 0.372945812 0.341435639 0.340318414 0.337560917 0.350044451 0.344181415 0.552038206 
20     0.312322873 0.286580641 0.304254507 0.187493306 0.104942604 0.071788730 0.086890862 0.000000000 0.114435168 0.114494428 0.119450899 0.336991028 0.311443967 0.309128533 0.311827424 0.319530230 0.325677963 0.315164411 0.323281777 0.328389435 0.343863052 0.331995373 0.319567555 0.339912657 0.334568181 0.331202260 0.328570241 0.356922162 0.357456697 0.353334898 0.370743341 0.353223104 0.355938119 0.347755207 0.350417603 0.345090488 0.326673153 0.302185325 0.316822644 0.299355974 0.300102468 0.332501750 0.352765844 0.360387772 0.363823243 0.331838658 0.333247245 0.329693337 0.342408958 0.335637774 0.539676012 
1     0.307779274 0.282434666 0.301062378 0.181068236 0.108603526 0.112504264 0.126329247 0.114435168 0.000000000 0.035262040 0.063859737 0.332107935 0.306139843 0.303963379 0.307021598 0.314385162 0.320650601 0.311214162 0.319622879 0.324665720 0.339521830 0.328503312 0.316354641 0.335610434 0.331146955 0.326953475 0.324005406 0.354348837 0.354786408 0.351323415 0.368615947 0.350810690 0.353671370 0.344916270 0.346280857 0.341046377 0.322090533 0.297092401 0.312042021 0.294875122 0.295057511 0.328879835 0.350542545 0.358111561 0.361400179 0.328666399 0.328882231 0.325443882 0.338088284 0.331950831 0.537237052 
11     0.305971111 0.280728901 0.299538737 0.179918590 0.107729504 0.112252806 0.126099979 0.114494428 0.035262040 0.000000000 0.061015969 0.330477279 0.304502124 0.302373950 0.305345527 0.312569161 0.319093756 0.309628559 0.317678400 0.322882911 0.337943508 0.326813269 0.314721612 0.334168318 0.329726276 0.325536780 0.322389219 0.352555011 0.352979826 0.349727040 0.367019572 0.349214315 0.351818814 0.343166573 0.344382072 0.339192185 0.320379571 0.295323628 0.310281165 0.292562612 0.293216570 0.327415657 0.348928257 0.356642514 0.359992574 0.327508349 0.327981660 0.324538408 0.337203111 0.330471816 0.535771913 
21     0.310083753 0.285489397 0.302732210 0.184306300 0.112946416 0.117567633 0.131520912 0.119450899 0.063859737 0.061015969 0.000000000 0.334599694 0.308702685 0.306938382 0.309761157 0.316986703 0.323411441 0.314063564 0.321165468 0.326292857 0.341152901 0.329847094 0.317109268 0.336935845 0.332393039 0.328127162 0.324440127 0.355512677 0.355996429 0.352268522 0.369236641 0.351765380 0.354321441 0.345712947 0.346916419 0.341832335 0.322816096 0.298320762 0.312812392 0.295484559 0.296235116 0.330328268 0.350197403 0.358004483 0.361249321 0.329875715 0.330327529 0.327012174 0.339586703 0.332768072 0.538836443 
18     0.342179193 0.315214396 0.335138849 0.319378311 0.330357168 0.333935475 0.347405414 0.336991028 0.332107935 0.330477279 0.334599694 0.000000000 0.275595991 0.273505402 0.276621908 0.283982017 0.291749689 0.280754158 0.318260905 0.323503486 0.338199374 0.325576548 0.311712399 0.333971103 0.329103861 0.324411715 0.320456183 0.353008082 0.353624081 0.346692538 0.365246491 0.345163593 0.348689014 0.340130652 0.342612174 0.336536659 0.319252265 0.294558144 0.309487240 0.295805642 0.295125713 0.326033879 0.350637012 0.357739568 0.361205473 0.328487664 0.329546953 0.328669268 0.338519482 0.332445839 0.533950885 
36     0.317189165 0.292416454 0.310231014 0.294767145 0.304006906 0.308487541 0.321710206 0.311443967 0.306139843 0.304502124 0.308702685 0.275595991 0.000000000 0.077786246 0.081401541 0.166987114 0.170555600 0.216831943 0.293259023 0.297698045 0.311459218 0.302079359 0.287546536 0.308562911 0.303155374 0.298662552 0.294193023 0.326484646 0.326989924 0.321346617 0.339306710 0.319825892 0.322546981 0.314260390 0.315176958 0.310336504 0.292325752 0.268425286 0.284044602 0.268229501 0.267938763 0.301762314 0.325055751 0.331412136 0.336360881 0.302624506 0.301393295 0.301384412 0.311241215 0.304013390 0.506705564 
26     0.315273663 0.289528743 0.307904245 0.292361826 0.301754572 0.305760297 0.319432639 0.309128533 0.303963379 0.302373950 0.306938382 0.273505402 0.077786246 0.000000000 0.040867898 0.165336649 0.169325699 0.215206824 0.293081312 0.297484532 0.312177424 0.301983265 0.287820084 0.309451115 0.303769760 0.299946109 0.294414216 0.326313414 0.326848464 0.321674231 0.340403346 0.321144921 0.323892228 0.315131979 0.314649257 0.309885343 0.291838912 0.267932289 0.283820833 0.268080119 0.267911306 0.299747503 0.323315203 0.329956745 0.334634658 0.300324464 0.299653204 0.299421679 0.309621041 0.301942937 0.506292300 
31     0.318628381 0.293296730 0.311369121 0.295319151 0.304910512 0.308417037 0.322122149 0.311827424 0.307021598 0.305345527 0.309761157 0.276621908 0.081401541 0.040867898 0.000000000 0.168420280 0.172391864 0.217943148 0.296646013 0.301009824 0.315551445 0.305388846 0.291218108 0.312758781 0.307443902 0.303417072 0.297783564 0.329568846 0.330103896 0.325021125 0.343696859 0.324270135 0.327239122 0.318781707 0.318550597 0.313568230 0.295371801 0.271456057 0.287381251 0.271630493 0.271443647 0.303047603 0.326730672 0.333417392 0.338071265 0.303515007 0.302937471 0.302721027 0.312920390 0.304931380 0.509494750 
22     0.323406481 0.298495631 0.316870793 0.303194472 0.312489108 0.316252689 0.330872615 0.319530230 0.314385162 0.312569161 0.316986703 0.283982017 0.166987114 0.165336649 0.168420280 0.000000000 0.161823291 0.226769255 0.301251152 0.305643560 0.320216538 0.309673262 0.296120578 0.317369385 0.312324357 0.307843793 0.303214469 0.334571252 0.335163618 0.329032595 0.347827951 0.328260004 0.331892347 0.322965156 0.325685819 0.320600124 0.301647614 0.278655681 0.294631556 0.278436409 0.278249193 0.309851057 0.330927322 0.337553096 0.342941849 0.310555628 0.309797831 0.309244615 0.319570318 0.312468045 0.518173478 
19     0.330709403 0.306749510 0.325134516 0.308657561 0.317880401 0.322128881 0.335782449 0.325677963 0.320650601 0.319093756 0.323411441 0.291749689 0.170555600 0.169325699 0.172391864 0.161823291 0.000000000 0.231423890 0.307257134 0.311783349 0.326428791 0.315856939 0.301869500 0.323676876 0.318419591 0.314031928 0.309934012 0.341046294 0.341399849 0.335222683 0.353955591 0.335340719 0.338338919 0.328850867 0.331375313 0.326254372 0.308066267 0.283505323 0.299143162 0.284103901 0.283362524 0.314906438 0.336872776 0.344272369 0.348867188 0.315780010 0.314463795 0.314528879 0.324410944 0.317645564 0.524937125 
7     0.322433885 0.296851399 0.315292350 0.298986010 0.308359813 0.312532900 0.326710002 0.315164411 0.311214162 0.309628559 0.314063564 0.280754158 0.216831943 0.215206824 0.217943148 0.226769255 0.231423890 0.000000000 0.297274404 0.302323435 0.316487346 0.307470670 0.291455374 0.313751704 0.308485012 0.305324850 0.300082101 0.331027080 0.331613379 0.326418238 0.344783768 0.325339484 0.328943050 0.320296488 0.319882468 0.315460525 0.297126498 0.271910622 0.288108453 0.271903474 0.271507191 0.304436241 0.325157321 0.333237355 0.337024963 0.303955795 0.303890224 0.303251386 0.313843718 0.306052942 0.514227523 
42     0.328838803 0.302671307 0.320247674 0.306846153 0.316014496 0.321632366 0.334201846 0.323281777 0.319622879 0.317678400 0.321165468 0.318260905 0.293259023 0.293081312 0.296646013 0.301251152 0.307257134 0.297274404 0.000000000 0.063573680 0.188350425 0.178707399 0.166264007 0.186566335 0.181662365 0.174805016 0.173024998 0.205020223 0.205675581 0.192568952 0.215638962 0.193034530 0.199079292 0.188615967 0.282251548 0.277477821 0.260093893 0.235610121 0.250507705 0.236189015 0.235781062 0.275128049 0.313701449 0.320426019 0.324628710 0.290358219 0.289457474 0.289362266 0.298504150 0.294963592 0.502278965 
17     0.334217400 0.307803434 0.324763738 0.311509557 0.321242745 0.327160292 0.339242149 0.328389435 0.324665720 0.322882911 0.326292857 0.323503486 0.297698045 0.297484532 0.301009824 0.305643560 0.311783349 0.302323435 0.063573680 0.000000000 0.194790372 0.184447925 0.171352381 0.192676940 0.187794063 0.181111162 0.178320109 0.208427222 0.209086582 0.200422537 0.223413034 0.200049658 0.206810824 0.195898156 0.287340424 0.283237555 0.265073682 0.240557078 0.256974251 0.240719197 0.240798902 0.281537211 0.318708376 0.325689109 0.329903781 0.296176890 0.294313325 0.294499415 0.304274610 0.300675213 0.509631530 
40     0.350205672 0.323014365 0.340401101 0.326815099 0.336584130 0.341966096 0.354571069 0.343863052 0.339521830 0.337943508 0.341152901 0.338199374 0.311459218 0.312177424 0.315551445 0.320216538 0.326428791 0.316487346 0.188350425 0.194790372 0.000000000 0.197470168 0.183228675 0.201532196 0.197333624 0.190450015 0.189093461 0.220974921 0.221476018 0.211741972 0.233246900 0.209791869 0.214564864 0.206228669 0.304464192 0.299551191 0.281312424 0.256856340 0.273698723 0.256587438 0.256165820 0.297366619 0.335335304 0.340579774 0.345004761 0.311949628 0.310369920 0.311469532 0.320305545 0.316623711 0.518040902 
15     0.335442233 0.308278816 0.327225375 0.316740514 0.324158336 0.330374989 0.342429460 0.331995373 0.328503312 0.326813269 0.329847094 0.325576548 0.302079359 0.301983265 0.305388846 0.309673262 0.315856939 0.307470670 0.178707399 0.184447925 0.197470168 0.000000000 0.100366239 0.161488868 0.156640937 0.148561180 0.170460097 0.207455502 0.208235209 0.200331997 0.221292718 0.198752445 0.204370342 0.193972251 0.294404899 0.289652837 0.270907870 0.247058301 0.261773166 0.246679285 0.247391455 0.284882210 0.323592364 0.329168940 0.333288436 0.298852338 0.296780086 0.298230984 0.307178777 0.303457323 0.511516314 
4     0.323048032 0.295603801 0.314212196 0.303532865 0.311481004 0.317657431 0.329860582 0.319567555 0.316354641 0.314721612 0.317109268 0.311712399 0.287546536 0.287820084 0.291218108 0.296120578 0.301869500 0.291455374 0.166264007 0.171352381 0.183228675 0.100366239 0.000000000 0.149276318 0.143793549 0.136420292 0.156945199 0.194629703 0.195336998 0.186524202 0.207278658 0.184308769 0.190516579 0.179954082 0.278664344 0.273714180 0.256107046 0.232163229 0.247166874 0.231649282 0.232429436 0.270538653 0.308180223 0.312556562 0.317006779 0.284470984 0.282477877 0.283369099 0.292337947 0.288843209 0.499065979 
41     0.345866147 0.319249189 0.335456797 0.324043067 0.332244486 0.337880551 0.350516124 0.339912657 0.335610434 0.334168318 0.336935845 0.333971103 0.308562911 0.309451115 0.312758781 0.317369385 0.323676876 0.313751704 0.186566335 0.192676940 0.201532196 0.161488868 0.149276318 0.000000000 0.081208617 0.127524584 0.176400705 0.214581560 0.215272584 0.208273769 0.229483033 0.205821509 0.212115513 0.200362658 0.300941075 0.296602858 0.278257506 0.252781838 0.269140663 0.253263509 0.254390233 0.293142536 0.330808253 0.335684749 0.340047709 0.307522158 0.306019337 0.308115602 0.316562889 0.311361066 0.518326403 
6     0.340769824 0.314697156 0.331903112 0.318613014 0.327582102 0.332609176 0.345318151 0.334568181 0.331146955 0.329726276 0.332393039 0.329103861 0.303155374 0.303769760 0.307443902 0.312324357 0.318419591 0.308485012 0.181662365 0.187794063 0.197333624 0.156640937 0.143793549 0.081208617 0.000000000 0.121592558 0.171635573 0.209847375 0.210538400 0.203516686 0.224353368 0.201494942 0.207432703 0.196157817 0.296878203 0.291858481 0.273084553 0.248658925 0.264523697 0.248308283 0.249173593 0.288237948 0.326585381 0.332098245 0.336649976 0.303515780 0.300961836 0.302878850 0.311625333 0.307978180 0.513331316 
33     0.336411591 0.309733604 0.326801596 0.314855642 0.323276635 0.328549426 0.341292650 0.331202260 0.326953475 0.325536780 0.328127162 0.324411715 0.298662552 0.299946109 0.303417072 0.307843793 0.314031928 0.305324850 0.174805016 0.181111162 0.190450015 0.148561180 0.136420292 0.127524584 0.121592558 0.000000000 0.166265086 0.204006744 0.204758821 0.195143698 0.216393140 0.193768549 0.200058498 0.188367225 0.291455688 0.286354454 0.267933864 0.242872597 0.259753551 0.243806323 0.244179461 0.283681373 0.320519118 0.326323497 0.330815182 0.299472528 0.296699450 0.297804047 0.307051170 0.302236357 0.511519012 
25     0.333991838 0.305969578 0.323622210 0.310846828 0.319774347 0.324825922 0.338419737 0.328570241 0.324005406 0.322389219 0.324440127 0.320456183 0.294193023 0.294414216 0.297783564 0.303214469 0.309934012 0.300082101 0.173024998 0.178320109 0.189093461 0.170460097 0.156945199 0.176400705 0.171635573 0.166265086 0.000000000 0.200900161 0.201537440 0.193429292 0.214699638 0.191449396 0.197250376 0.187894751 0.287731327 0.283528806 0.265451272 0.239682905 0.255576439 0.239948189 0.240174727 0.279768325 0.318005721 0.324532722 0.328998937 0.294946519 0.292569930 0.294106809 0.302738945 0.298829113 0.505735074 
32     0.364466551 0.337012370 0.354877374 0.342239559 0.350635470 0.355350901 0.368490058 0.356922162 0.354348837 0.352555011 0.355512677 0.353008082 0.326484646 0.326313414 0.329568846 0.334571252 0.341046294 0.331027080 0.205020223 0.208427222 0.220974921 0.207455502 0.194629703 0.214581560 0.209847375 0.204006744 0.200900161 0.000000000 0.039228658 0.200379803 0.222505917 0.197895876 0.205044468 0.194900260 0.318725548 0.314911676 0.296833371 0.272351896 0.287716132 0.268667101 0.269128183 0.311349643 0.349012007 0.354952710 0.359350275 0.324758975 0.322900648 0.323874492 0.332920823 0.328361239 0.537791854 
39     0.364547244 0.337498030 0.355685303 0.342862031 0.351175916 0.355877265 0.369016422 0.357456697 0.354786408 0.352979826 0.355996429 0.353624081 0.326989924 0.326848464 0.330103896 0.335163618 0.341399849 0.331613379 0.205675581 0.209086582 0.221476018 0.208235209 0.195336998 0.215272584 0.210538400 0.204758821 0.201537440 0.039228658 0.000000000 0.201536321 0.223601977 0.199097284 0.206145600 0.196047225 0.319413977 0.315600104 0.297568354 0.273039686 0.288409273 0.269582589 0.270230588 0.312038071 0.349759187 0.355731039 0.360128605 0.325367352 0.323756492 0.324727540 0.333823024 0.329241687 0.538528213 
16     0.359453728 0.332680923 0.349513755 0.337923244 0.347086630 0.352173278 0.364554835 0.353334898 0.351323415 0.349727040 0.352268522 0.346692538 0.321346617 0.321674231 0.325021125 0.329032595 0.335222683 0.326418238 0.192568952 0.200422537 0.211741972 0.200331997 0.186524202 0.208273769 0.203516686 0.195143698 0.193429292 0.200379803 0.201536321 0.000000000 0.102016682 0.111909141 0.117468925 0.117819941 0.310297370 0.306708702 0.289439149 0.263579872 0.280213042 0.262782350 0.262893544 0.304683217 0.341045130 0.346372435 0.350347787 0.319333621 0.317507879 0.317705723 0.326114432 0.323348656 0.530885291 
35     0.377544366 0.350686967 0.369214314 0.355371945 0.364279649 0.369364520 0.381792411 0.370743341 0.368615947 0.367019572 0.369236641 0.365246491 0.339306710 0.340403346 0.343696859 0.347827951 0.353955591 0.344783768 0.215638962 0.223413034 0.233246900 0.221292718 0.207278658 0.229483033 0.224353368 0.216393140 0.214699638 0.222505917 0.223601977 0.102016682 0.000000000 0.133039702 0.139357722 0.140468218 0.331226678 0.327648845 0.310346618 0.284448362 0.301575894 0.283552236 0.284180973 0.324522204 0.359375588 0.364829194 0.369643479 0.337945295 0.336202549 0.336410677 0.344983554 0.340956038 0.549669447 
12     0.358400116 0.331936649 0.348998994 0.336970434 0.346737159 0.351478885 0.364579851 0.353223104 0.350810690 0.349214315 0.351765380 0.345163593 0.319825892 0.321144921 0.324270135 0.328260004 0.335340719 0.325339484 0.193034530 0.200049658 0.209791869 0.198752445 0.184308769 0.205821509 0.201494942 0.193768549 0.191449396 0.197895876 0.199097284 0.111909141 0.133039702 0.000000000 0.084345317 0.117254730 0.311859355 0.307739486 0.290283410 0.264496356 0.280943708 0.262996277 0.263314137 0.304421618 0.340325914 0.344557529 0.349030522 0.317544455 0.315650243 0.316892648 0.325358238 0.322144418 0.529904040 
28     0.362161366 0.335383696 0.352552164 0.339795992 0.349355473 0.354493790 0.367131825 0.355938119 0.353671370 0.351818814 0.354321441 0.348689014 0.322546981 0.323892228 0.327239122 0.331892347 0.338338919 0.328943050 0.199079292 0.206810824 0.214564864 0.204370342 0.190516579 0.212115513 0.207432703 0.200058498 0.197250376 0.205044468 0.206145600 0.117468925 0.139357722 0.084345317 0.000000000 0.124755158 0.314430524 0.310438073 0.293443662 0.268463615 0.284618084 0.267274619 0.267921871 0.309115582 0.344544902 0.349710681 0.354400597 0.322528680 0.321098008 0.321415164 0.330279652 0.326882869 0.533705809 
27     0.350663021 0.325362879 0.342828788 0.331508017 0.340900883 0.345544691 0.358148504 0.347755207 0.344916270 0.343166573 0.345712947 0.340130652 0.314260390 0.315131979 0.318781707 0.322965156 0.328850867 0.320296488 0.188615967 0.195898156 0.206228669 0.193972251 0.179954082 0.200362658 0.196157817 0.188367225 0.187894751 0.194900260 0.196047225 0.117819941 0.140468218 0.117254730 0.124755158 0.000000000 0.306695340 0.302548167 0.285568910 0.259621239 0.275356622 0.257589320 0.257652141 0.299873379 0.334454817 0.339880051 0.344031263 0.312947505 0.310268591 0.311860571 0.320460504 0.318053150 0.523409036 
8     0.353269816 0.327289152 0.345045862 0.331583035 0.343377663 0.347203089 0.359617709 0.350417603 0.346280857 0.344382072 0.346916419 0.342612174 0.315176958 0.314649257 0.318550597 0.325685819 0.331375313 0.319882468 0.282251548 0.287340424 0.304464192 0.294404899 0.278664344 0.300941075 0.296878203 0.291455688 0.287731327 0.318725548 0.319413977 0.310297370 0.331226678 0.311859355 0.314430524 0.306695340 0.000000000 0.104435794 0.162901331 0.208238159 0.224973494 0.211568145 0.210996337 0.299855313 0.338915024 0.348401238 0.352089930 0.316000165 0.315095043 0.314180309 0.325269819 0.320851395 0.522165928 
5     0.347693218 0.321350096 0.339369627 0.327681386 0.338215430 0.342144123 0.354094138 0.345090488 0.341046377 0.339192185 0.341832335 0.336536659 0.310336504 0.309885343 0.313568230 0.320600124 0.326254372 0.315460525 0.277477821 0.283237555 0.299551191 0.289652837 0.273714180 0.296602858 0.291858481 0.286354454 0.283528806 0.314911676 0.315600104 0.306708702 0.327648845 0.307739486 0.310438073 0.302548167 0.104435794 0.000000000 0.159707603 0.203903156 0.220076825 0.206620383 0.205995468 0.295712893 0.333673652 0.342833738 0.346534351 0.311401869 0.310642041 0.309710368 0.320659969 0.316024868 0.517006230 
9     0.329918384 0.302899266 0.321392520 0.309670503 0.318857571 0.323679317 0.336004739 0.326673153 0.322090533 0.320379571 0.322816096 0.319252265 0.292325752 0.291838912 0.295371801 0.301647614 0.308066267 0.297126498 0.260093893 0.265073682 0.281312424 0.270907870 0.256107046 0.278257506 0.273084553 0.267933864 0.265451272 0.296833371 0.297568354 0.289439149 0.310346618 0.290283410 0.293443662 0.285568910 0.162901331 0.159707603 0.000000000 0.185438927 0.202765413 0.188174161 0.188073919 0.277747613 0.315532356 0.324227908 0.328253160 0.293956806 0.294061922 0.293199398 0.303753510 0.298410481 0.497896191 
37     0.304782187 0.278311545 0.294124455 0.284206715 0.294260399 0.299341842 0.311445865 0.302185325 0.297092401 0.295323628 0.298320762 0.294558144 0.268425286 0.267932289 0.271456057 0.278655681 0.283505323 0.271910622 0.235610121 0.240557078 0.256856340 0.247058301 0.232163229 0.252781838 0.248658925 0.242872597 0.239682905 0.272351896 0.273039686 0.263579872 0.284448362 0.264496356 0.268463615 0.259621239 0.208238159 0.203903156 0.185438927 0.000000000 0.157154535 0.150791818 0.150496752 0.252573209 0.290943152 0.297798931 0.301878751 0.268114696 0.268306195 0.266765899 0.277689882 0.272667458 0.474729206 
34     0.323215328 0.295337209 0.313659273 0.298067009 0.309162334 0.314168990 0.325696051 0.316822644 0.312042021 0.310281165 0.312812392 0.309487240 0.284044602 0.283820833 0.287381251 0.294631556 0.299143162 0.288108453 0.250507705 0.256974251 0.273698723 0.261773166 0.247166874 0.269140663 0.264523697 0.259753551 0.255576439 0.287716132 0.288409273 0.280213042 0.301575894 0.280943708 0.284618084 0.275356622 0.224973494 0.220076825 0.202765413 0.157154535 0.000000000 0.165981712 0.166043581 0.266541950 0.309684259 0.316558217 0.320013815 0.285078149 0.283507555 0.284008741 0.294090117 0.289490767 0.486185580 
13     0.304739740 0.277611693 0.294486205 0.279878354 0.291514879 0.297192535 0.308503771 0.299355974 0.294875122 0.292562612 0.295484559 0.295805642 0.268229501 0.268080119 0.271630493 0.278436409 0.284103901 0.271903474 0.236189015 0.240719197 0.256587438 0.246679285 0.231649282 0.253263509 0.248308283 0.243806323 0.239948189 0.268667101 0.269582589 0.262782350 0.283552236 0.262996277 0.267274619 0.257589320 0.211568145 0.206620383 0.188174161 0.150791818 0.165981712 0.000000000 0.044759789 0.252912241 0.290056120 0.297103468 0.300887464 0.268065234 0.267070421 0.266840984 0.276632757 0.271801135 0.476219755 
2     0.304954947 0.278008540 0.294847348 0.280594197 0.292225578 0.297467873 0.309337946 0.300102468 0.295057511 0.293216570 0.296235116 0.295125713 0.267938763 0.267911306 0.271443647 0.278249193 0.283362524 0.271507191 0.235781062 0.240798902 0.256165820 0.247391455 0.232429436 0.254390233 0.249173593 0.244179461 0.240174727 0.269128183 0.270230588 0.262893544 0.284180973 0.263314137 0.267921871 0.257652141 0.210996337 0.205995468 0.188073919 0.150496752 0.166043581 0.044759789 0.000000000 0.252941409 0.290230352 0.297687079 0.301339184 0.268375471 0.266414628 0.266021039 0.276039731 0.271833586 0.476121322 
10     0.337269247 0.312153480 0.328554834 0.316495538 0.326161051 0.330736144 0.343244523 0.332501750 0.328879835 0.327415657 0.330328268 0.326033879 0.301762314 0.299747503 0.303047603 0.309851057 0.314906438 0.304436241 0.275128049 0.281537211 0.297366619 0.284882210 0.270538653 0.293142536 0.288237948 0.283681373 0.279768325 0.311349643 0.312038071 0.304683217 0.324522204 0.304421618 0.309115582 0.299873379 0.299855313 0.295712893 0.277747613 0.252573209 0.266541950 0.252912241 0.252941409 0.000000000 0.319517489 0.326995048 0.329893162 0.296313436 0.297028355 0.295063490 0.305420889 0.299946637 0.503809413 
45     0.360279173 0.334367269 0.350580503 0.337411071 0.346486026 0.350934748 0.361822186 0.352765844 0.350542545 0.348928257 0.350197403 0.350637012 0.325055751 0.323315203 0.326730672 0.330927322 0.336872776 0.325157321 0.313701449 0.318708376 0.335335304 0.323592364 0.308180223 0.330808253 0.326585381 0.320519118 0.318005721 0.349012007 0.349759187 0.341045130 0.359375588 0.340325914 0.344544902 0.334454817 0.338915024 0.333673652 0.315532356 0.290943152 0.309684259 0.290056120 0.290230352 0.319517489 0.000000000 0.110097609 0.115959596 0.284472354 0.281811915 0.279916684 0.292391297 0.288811168 0.524978416 
47     0.368164098 0.342475149 0.356248491 0.343637449 0.354246179 0.357985181 0.369127472 0.360387772 0.358111561 0.356642514 0.358004483 0.357739568 0.331412136 0.329956745 0.333417392 0.337553096 0.344272369 0.333237355 0.320426019 0.325689109 0.340579774 0.329168940 0.312556562 0.335684749 0.332098245 0.326323497 0.324532722 0.354952710 0.355731039 0.346372435 0.364829194 0.344557529 0.349710681 0.339880051 0.348401238 0.342833738 0.324227908 0.297798931 0.316558217 0.297103468 0.297687079 0.326995048 0.110097609 0.000000000 0.073525402 0.288022903 0.285875276 0.283753867 0.296661729 0.293525267 0.531997383 
43     0.371979423 0.345766173 0.360971517 0.347132031 0.357711791 0.361567871 0.372945812 0.363823243 0.361400179 0.359992574 0.361249321 0.361205473 0.336360881 0.334634658 0.338071265 0.342941849 0.348867188 0.337024963 0.324628710 0.329903781 0.345004761 0.333288436 0.317006779 0.340047709 0.336649976 0.330815182 0.328998937 0.359350275 0.360128605 0.350347787 0.369643479 0.349030522 0.354400597 0.344031263 0.352089930 0.346534351 0.328253160 0.301878751 0.320013815 0.300887464 0.301339184 0.329893162 0.115959596 0.073525402 0.000000000 0.291469678 0.288783157 0.286721313 0.298351252 0.297124461 0.533785038 
44     0.338533357 0.314865598 0.328310402 0.316415583 0.324924997 0.329260286 0.341435639 0.331838658 0.328666399 0.327508349 0.329875715 0.328487664 0.302624506 0.300324464 0.303515007 0.310555628 0.315780010 0.303955795 0.290358219 0.296176890 0.311949628 0.298852338 0.284470984 0.307522158 0.303515780 0.299472528 0.294946519 0.324758975 0.325367352 0.319333621 0.337945295 0.317544455 0.322528680 0.312947505 0.316000165 0.311401869 0.293956806 0.268114696 0.285078149 0.268065234 0.268375471 0.296313436 0.284472354 0.288022903 0.291469678 0.000000000 0.125884524 0.126756369 0.136483370 0.160041135 0.502851834 
46     0.339573521 0.315636170 0.329297105 0.316642951 0.325727815 0.329841049 0.340318414 0.333247245 0.328882231 0.327981660 0.330327529 0.329546953 0.301393295 0.299653204 0.302937471 0.309797831 0.314463795 0.303890224 0.289457474 0.294313325 0.310369920 0.296780086 0.282477877 0.306019337 0.300961836 0.296699450 0.292569930 0.322900648 0.323756492 0.317507879 0.336202549 0.315650243 0.321098008 0.310268591 0.315095043 0.310642041 0.294061922 0.268306195 0.283507555 0.267070421 0.266414628 0.297028355 0.281811915 0.285875276 0.288783157 0.125884524 0.000000000 0.063008638 0.073758459 0.153527941 0.508139528 
50     0.336369891 0.311541870 0.325372155 0.314225698 0.322664425 0.326357971 0.337560917 0.329693337 0.325443882 0.324538408 0.327012174 0.328669268 0.301384412 0.299421679 0.302721027 0.309244615 0.314528879 0.303251386 0.289362266 0.294499415 0.311469532 0.298230984 0.283369099 0.308115602 0.302878850 0.297804047 0.294106809 0.323874492 0.324727540 0.317705723 0.336410677 0.316892648 0.321415164 0.311860571 0.314180309 0.309710368 0.293199398 0.266765899 0.284008741 0.266840984 0.266021039 0.295063490 0.279916684 0.283753867 0.286721313 0.126756369 0.063008638 0.000000000 0.067821701 0.153173468 0.505623836 
49     0.348275036 0.323898059 0.338516002 0.326279454 0.335178395 0.338995136 0.350044451 0.342408958 0.338088284 0.337203111 0.339586703 0.338519482 0.311241215 0.309621041 0.312920390 0.319570318 0.324410944 0.313843718 0.298504150 0.304274610 0.320305545 0.307178777 0.292337947 0.316562889 0.311625333 0.307051170 0.302738945 0.332920823 0.333823024 0.326114432 0.344983554 0.325358238 0.330279652 0.320460504 0.325269819 0.320659969 0.303753510 0.277689882 0.294090117 0.276632757 0.276039731 0.305420889 0.292391297 0.296661729 0.298351252 0.136483370 0.073758459 0.067821701 0.000000000 0.162687396 0.515527915 
48     0.342161668 0.316942384 0.331043583 0.319568962 0.328775964 0.332664529 0.344181415 0.335637774 0.331950831 0.330471816 0.332768072 0.332445839 0.304013390 0.301942937 0.304931380 0.312468045 0.317645564 0.306052942 0.294963592 0.300675213 0.316623711 0.303457323 0.288843209 0.311361066 0.307978180 0.302236357 0.298829113 0.328361239 0.329241687 0.323348656 0.340956038 0.322144418 0.326882869 0.318053150 0.320851395 0.316024868 0.298410481 0.272667458 0.289490767 0.271801135 0.271833586 0.299946637 0.288811168 0.293525267 0.297124461 0.160041135 0.153527941 0.153173468 0.162687396 0.000000000 0.509853648 
0     0.544144527 0.519272553 0.537965713 0.521061219 0.534079679 0.539074535 0.552038206 0.539676012 0.537237052 0.535771913 0.538836443 0.533950885 0.506705564 0.506292300 0.509494750 0.518173478 0.524937125 0.514227523 0.502278965 0.509631530 0.518040902 0.511516314 0.499065979 0.518326403 0.513331316 0.511519012 0.505735074 0.537791854 0.538528213 0.530885291 0.549669447 0.529904040 0.533705809 0.523409036 0.522165928 0.517006230 0.497896191 0.474729206 0.486185580 0.476219755 0.476121322 0.503809413 0.524978416 0.531997383 0.533785038 0.502851834 0.508139528 0.505623836 0.515527915 0.509853648 0.000000000 
