51
23     0.000000000 0.001404530 0.001674110 0.002176660 0.019452520 0.018029070 0.026974460 0.017781450 0.023429600 0.016099950 0.001553450 0.012880090 0.009209470 0.018905700 0.037274870 0.011257140 0.021257450 0.025033470 0.026820500 0.022910200 0.019679570 0.019702470 0.007654890 0.030244090 0.021421420 0.012636740 0.012818320 0.026967370 0.000871480 0.007661830 0.041717300 0.003415930 0.013674740 0.000893450 0.013895750 0.009885590 0.004083260 0.018947280 0.011348720 0.004019260 0.004294820 0.015260070 0.011078800 0.019883270 0.010381940 0.022674910 0.013045680 0.004643720 0.015933420 0.025809630 0.022109990 
3     0.001404530 0.000000000 0.000192500 0.009690460 0.015143820 0.013720370 0.022471170 0.025943760 0.013083260 0.010967760 0.010714210 0.011781350 0.008627250 0.006953290 0.041173980 0.017725040 0.033827280 0.030537260 0.009497630 0.016570750 0.021171180 0.012971650 0.007018060 0.010493930 0.012526750 0.008889860 0.011434350 0.017044920 0.023057640 0.019244700 0.027764110 0.020499580 0.014318100 0.015184390 0.012336900 0.029958100 0.015972910 0.009167740 0.015221240 0.002375770 0.002651330 0.012551260 0.014147920 0.006381360 0.007513660 0.016853200 0.016849220 0.022731690 0.033160870 0.021440150 0.000275800 
38     0.001674110 0.000192500 0.000000000 0.008906320 0.005468930 0.013973750 0.018230250 0.027785910 0.019834560 0.022779570 0.013134080 0.011225850 0.013821180 0.002541210 0.004184430 0.038167360 0.014272430 0.015233580 0.012650350 0.009672180 0.015622340 0.022700080 0.012243470 0.013696140 0.009478610 0.001687940 0.016421460 0.036789590 0.039245490 0.019390510 0.012609000 0.022018240 0.023871590 0.039518240 0.003504910 0.010978200 0.009779220 0.001874970 0.003938400 0.005693290 0.005968850 0.009998860 0.015826060 0.008781290 0.014036650 0.028256070 0.022160870 0.008171800 0.012163670 0.008632720 0.000468100 
29     0.002176660 0.009690460 0.008906320 0.000000000 0.005670160 0.003022480 0.014674670 0.002473130 0.004975570 0.009468510 0.001020730 0.002807040 0.012408680 0.014415610 0.016777900 0.010535710 0.010896960 0.011303960 0.009555550 0.002271420 0.006188260 0.019310130 0.010554210 0.025333780 0.024116490 0.019743130 0.003022560 0.019296300 0.015313810 0.002331250 0.005970090 0.016140070 0.014528600 0.010359260 0.016970100 0.022321240 0.011476640 0.013217460 0.000566490 0.017288340 0.008313880 0.016383720 0.006743960 0.017849450 0.022988150 0.027923280 0.023738610 0.028335180 0.028343490 0.029246010 0.022968380 
30     0.019452520 0.015143820 0.005468930 0.005670160 0.000000000 0.000590410 0.000433500 0.002111730 0.000954980 0.003634530 0.004805560 0.008477120 0.011637740 0.007577140 0.005268810 0.001161190 0.015831080 0.016974040 0.008133460 0.025921520 0.011178540 0.024409840 0.002595550 0.012902880 0.003456440 0.016642620 0.019350420 0.016680830 0.016907610 0.019624560 0.028720400 0.036438160 0.022231470 0.013297490 0.020240080 0.033820650 0.025030880 0.011997550 0.034901230 0.007756750 0.008098630 0.022053800 0.040313570 0.027967280 0.011071530 0.009793030 0.024280600 0.026302450 0.015050140 0.005691900 0.015870180 
24     0.018029070 0.013720370 0.013973750 0.003022480 0.000590410 0.000000000 0.000047140 0.000064430 0.007498060 0.002698870 0.004042790 0.005345520 0.015431080 0.013820320 0.025843470 0.004191030 0.010091090 0.014326360 0.026327430 0.039667980 0.014070170 0.013798530 0.006081050 0.012660120 0.030585360 0.014099650 0.028466350 0.019183400 0.019601350 0.026511990 0.037593180 0.009918940 0.032004820 0.014333880 0.002878060 0.016620230 0.003649420 0.009146160 0.002982120 0.012411780 0.030950550 0.009059670 0.027971810 0.020200990 0.023466310 0.010801030 0.018237270 0.006125200 0.022391400 0.020586090 0.025149990 
14     0.026974460 0.022471170 0.018230250 0.014674670 0.000433500 0.000047140 0.000000000 0.003112480 0.003199690 0.000999740 0.002751820 0.006716000 0.026569450 0.021780950 0.016447690 0.039290690 0.015547600 0.036694680 0.042285640 0.044763720 0.021748450 0.020053610 0.036261000 0.005066090 0.040281080 0.022511570 0.018248100 0.027564250 0.027791030 0.007176230 0.042900740 0.039102820 0.027080050 0.020307430 0.007763130 0.035312440 0.028445650 0.020341150 0.034056510 0.022666830 0.004097730 0.024264380 0.003604690 0.011603310 0.026269610 0.022784860 0.011146420 0.021140310 0.010383080 0.004392530 0.030004640 
20     0.017781450 0.025943760 0.027785910 0.002473130 0.002111730 0.000064430 0.003112480 0.000000000 0.002297010 0.007340500 0.005101860 0.011322690 0.020805500 0.013928010 0.013165350 0.019051360 0.014832030 0.012143620 0.010365130 0.012339000 0.018211980 0.016271370 0.004367880 0.012301920 0.019696970 0.032904540 0.034765760 0.007464640 0.008361080 0.007281570 0.036477500 0.039758200 0.033698500 0.013539990 0.013221720 0.013020510 0.027876450 0.005688020 0.037922720 0.034183760 0.033566990 0.012046700 0.016589940 0.018408830 0.031409850 0.008180120 0.011154830 0.014031180 0.030503490 0.016402100 0.011019490 
1     0.023429600 0.013083260 0.019834560 0.004975570 0.000954980 0.007498060 0.003199690 0.002297010 0.000000000 0.000070540 0.002710560 0.013184070 0.035460840 0.020913110 0.028217580 0.003528640 0.018978300 0.005367990 0.028487610 0.021037110 0.011555820 0.023131540 0.029977190 0.014091200 0.035998710 0.025077580 0.007410530 0.024317300 0.024544080 0.028987590 0.044410520 0.004840970 0.031049910 0.039247420 0.011719190 0.037952590 0.013330830 0.008862480 0.036795220 0.013944300 0.012502520 0.028927470 0.027880320 0.035120230 0.023001980 0.005866530 0.031225270 0.012066690 0.007128130 0.013649430 0.017668360 
11     0.016099950 0.010967760 0.022779570 0.009468510 0.003634530 0.002698870 0.000999740 0.007340500 0.000070540 0.000000000 0.001759800 0.006578830 0.035215040 0.025262990 0.027818120 0.032459510 0.036117320 0.007023450 0.026746510 0.039785760 0.006678410 0.020791340 0.028236090 0.009125270 0.018088920 0.022896920 0.006965010 0.025405850 0.002646670 0.026224210 0.043723390 0.003597060 0.037864960 0.041639570 0.014517210 0.039049420 0.014675260 0.012478400 0.036108090 0.015229480 0.004048160 0.019612730 0.015013690 0.021598290 0.014176610 0.014435590 0.029964960 0.010652290 0.011481980 0.012591050 0.017022460 
21     0.001553450 0.010714210 0.013134080 0.001020730 0.004805560 0.004042790 0.002751820 0.005101860 0.002710560 0.001759800 0.000000000 0.003827690 0.013429330 0.020036730 0.031061520 0.011556360 0.011917610 0.000245280 0.033734310 0.043704170 0.010729080 0.028378240 0.005650910 0.025110810 0.016115870 0.028476770 0.026459160 0.003882990 0.025651290 0.033245490 0.025191620 0.010758240 0.032473420 0.039270950 0.013219780 0.039548020 0.020339610 0.014059260 0.032109270 0.008341380 0.006620320 0.017404370 0.014965740 0.017123510 0.015246280 0.031619930 0.024759260 0.017426390 0.007684950 0.013040470 0.033046190 
18     0.012880090 0.011781350 0.011225850 0.002807040 0.008477120 0.005345520 0.006716000 0.011322690 0.013184070 0.006578830 0.003827690 0.000000000 0.002406420 0.020107700 0.018919940 0.012976930 0.004694570 0.012945610 0.030603760 0.004699790 0.014603530 0.029750160 0.017536440 0.008611200 0.032532560 0.006052630 0.017377650 0.023904120 0.023766050 0.035578590 0.006799460 0.010497460 0.009686180 0.023525350 0.031848700 0.021632110 0.012031960 0.000001650 0.005476820 0.008250050 0.006697570 0.000009710 0.042540150 0.029719190 0.021274660 0.005741580 0.023647110 0.014420580 0.026270470 0.022137630 0.038914750 
36     0.009209470 0.008627250 0.013821180 0.012408680 0.011637740 0.015431080 0.026569450 0.020805500 0.035460840 0.035215040 0.013429330 0.002406420 0.000000000 0.000010120 0.001184830 0.000000260 0.000500580 0.000626340 0.021702560 0.002961730 0.005859030 0.008995930 0.016615240 0.016399070 0.012071140 0.008193770 0.012592310 0.002820760 0.003946180 0.016630250 0.006931640 0.012638600 0.031569820 0.020521360 0.012801370 0.028051620 0.009405960 0.006565480 0.007617960 0.010391190 0.008838710 0.004152950 0.022898980 0.017275920 0.014518290 0.015282040 0.019971900 0.001388670 0.003495240 0.028133240 0.018336510 
26     0.018905700 0.006953290 0.002541210 0.014415610 0.007577140 0.013820320 0.021780950 0.013928010 0.020913110 0.025262990 0.020036730 0.020107700 0.000010120 0.000000000 0.000073960 0.000513520 0.001023980 0.005310840 0.018504180 0.017066670 0.007335570 0.015398420 0.009496350 0.036534210 0.021320150 0.021644880 0.009505980 0.004794440 0.005919860 0.019437920 0.016440710 0.018197050 0.053329680 0.039565650 0.008063430 0.027691480 0.021285380 0.014488380 0.014253810 0.002686400 0.021769650 0.012478140 0.037546760 0.024826160 0.004662170 0.012097900 0.019855810 0.005921710 0.007974850 0.033767210 0.019448260 
31     0.037274870 0.041173980 0.004184430 0.016777900 0.005268810 0.025843470 0.016447690 0.013165350 0.028217580 0.027818120 0.031061520 0.018919940 0.001184830 0.000073960 0.000000000 0.000645010 0.005523460 0.003485780 0.019654640 0.014689480 0.023551900 0.025138920 0.012925390 0.046265290 0.030112410 0.023985400 0.011127630 0.012992920 0.020363690 0.021911740 0.023040620 0.023165900 0.048083340 0.042039470 0.011443190 0.031106140 0.023890990 0.022912490 0.020853720 0.013508500 0.014362410 0.018154410 0.036495530 0.035326560 0.005980910 0.015527700 0.001817440 0.006666320 0.008719460 0.026659220 0.016990990 
22     0.011257140 0.017725040 0.038167360 0.010535710 0.001161190 0.004191030 0.039290690 0.019051360 0.003528640 0.032459510 0.011556360 0.012976930 0.000000260 0.000513520 0.000645010 0.000000000 0.000500640 0.014514550 0.026831780 0.022949950 0.016096590 0.013616800 0.021372940 0.006820300 0.021621570 0.001901280 0.013277870 0.011006580 0.012131400 0.014884040 0.002276350 0.025114990 0.001337400 0.007901570 0.011332170 0.005861060 0.024641660 0.006087690 0.017636890 0.026793550 0.031442280 0.006167400 0.032908020 0.015926850 0.018810360 0.013191710 0.025931430 0.029003440 0.029011750 0.017317320 0.030298900 
19     0.021257450 0.033827280 0.014272430 0.010896960 0.015831080 0.010091090 0.015547600 0.014832030 0.018978300 0.036117320 0.011917610 0.004694570 0.000500580 0.001023980 0.005523460 0.000500640 0.000000000 0.011968770 0.004886090 0.013177600 0.027885110 0.013778020 0.020153520 0.025468650 0.027468950 0.008987890 0.004504320 0.032427690 0.022241960 0.015898350 0.005928860 0.017283380 0.033094890 0.030465180 0.026101260 0.014112080 0.028076400 0.011210260 0.012262740 0.009960840 0.013483490 0.009531220 0.011022990 0.015830490 0.034835950 0.031195020 0.009147370 0.020793420 0.021901820 0.021676160 0.010784780 
7     0.025033470 0.030537260 0.015233580 0.011303960 0.016974040 0.014326360 0.036694680 0.012143620 0.005367990 0.007023450 0.000245280 0.012945610 0.000626340 0.005310840 0.003485780 0.014514550 0.011968770 0.000000000 0.004039940 0.019149360 0.006457530 0.022139260 0.030284740 0.010274580 0.008792700 0.018732960 0.024091870 0.009651220 0.020097710 0.005068710 0.000503540 0.023177790 0.034586230 0.016760300 0.035009800 0.018933240 0.019471840 0.017104670 0.006536900 0.018389170 0.008930930 0.014459280 0.012426920 0.019146960 0.031246840 0.034129480 0.010221700 0.022701250 0.014433720 0.027606420 0.021752080 
42     0.026820500 0.009497630 0.012650350 0.009555550 0.008133460 0.026327430 0.042285640 0.010365130 0.028487610 0.026746510 0.033734310 0.030603760 0.021702560 0.018504180 0.019654640 0.026831780 0.004886090 0.004039940 0.000000000 0.000082060 0.011685720 0.002480850 0.015031140 0.000921510 0.007790320 0.011548900 0.009105490 0.009298770 0.009234950 0.014770140 0.017160870 0.015765380 0.011304240 0.008502090 0.025864090 0.026085080 0.021358740 0.009784110 0.007024970 0.013265820 0.013261910 0.026171700 0.004264060 0.015800840 0.004479170 0.008616250 0.010057860 0.008932150 0.010998310 0.015302610 0.015758900 
17     0.022910200 0.016570750 0.009672180 0.002271420 0.025921520 0.039667980 0.044763720 0.012339000 0.021037110 0.039785760 0.043704170 0.004699790 0.002961730 0.017066670 0.014689480 0.022949950 0.013177600 0.019149360 0.000082060 0.000000000 0.003873610 0.016875900 0.008824680 0.014641670 0.012935260 0.005867300 0.003448610 0.009312150 0.009248330 0.000558060 0.018719290 0.007199430 0.014062260 0.008515470 0.025877470 0.026098460 0.028684220 0.013789890 0.011868610 0.013279200 0.006286630 0.004709500 0.006742140 0.008341550 0.005797250 0.002673830 0.008926820 0.007977780 0.020251560 0.001292370 0.019359960 
40     0.019679570 0.021171180 0.015622340 0.006188260 0.011178540 0.014070170 0.021748450 0.018211980 0.011555820 0.006678410 0.010729080 0.014603530 0.005859030 0.007335570 0.023551900 0.016096590 0.027885110 0.006457530 0.011685720 0.003873610 0.000000000 0.010953140 0.004803090 0.006068690 0.012416230 0.007341400 0.004412000 0.009578590 0.009716360 0.003806560 0.007581010 0.006564040 0.014286230 0.018362490 0.030754830 0.032129350 0.014596750 0.014094980 0.000726150 0.004093410 0.012017750 0.010748820 0.017456220 0.015323760 0.017919200 0.017542770 0.009203370 0.030697260 0.029954190 0.009861630 0.034165160 
15     0.019702470 0.012971650 0.022700080 0.019310130 0.024409840 0.013798530 0.020053610 0.016271370 0.023131540 0.020791340 0.028378240 0.029750160 0.008995930 0.015398420 0.025138920 0.013616800 0.013778020 0.022139260 0.002480850 0.016875900 0.010953140 0.000000000 0.000093830 0.007294300 0.004363320 0.003072510 0.004829110 0.012478180 0.007998470 0.000000000 0.012188480 0.005951370 0.002463200 0.001875470 0.017140890 0.008664200 0.014075590 0.018569420 0.013087980 0.009197990 0.009059580 0.000771300 0.024722650 0.029981480 0.031922290 0.003885460 0.015637900 0.015954610 0.013331750 0.003821580 0.022333070 
4     0.007654890 0.007018060 0.012243470 0.010554210 0.002595550 0.006081050 0.036261000 0.004367880 0.029977190 0.028236090 0.005650910 0.017536440 0.016615240 0.009496350 0.012925390 0.021372940 0.020153520 0.030284740 0.015031140 0.008824680 0.004803090 0.000093830 0.000000000 0.005431270 0.000201100 0.001779510 0.004434490 0.009037930 0.008934170 0.001165710 0.009139520 0.006034720 0.004215340 0.003627610 0.016447300 0.009530410 0.014941800 0.007782350 0.011753740 0.001486830 0.004277130 0.015745170 0.017278240 0.007191410 0.019304890 0.009674050 0.018424640 0.002118950 0.028835930 0.008631560 0.003528900 
41     0.030244090 0.010493930 0.013696140 0.025333780 0.012902880 0.012660120 0.005066090 0.012301920 0.014091200 0.009125270 0.025110810 0.008611200 0.016399070 0.036534210 0.046265290 0.006820300 0.025468650 0.010274580 0.000921510 0.014641670 0.006068690 0.007294300 0.005431270 0.000000000 0.000000020 0.001644260 0.001081640 0.015476640 0.017932540 0.006512950 0.015388010 0.009660300 0.008957660 0.000121790 0.004626790 0.018793190 0.015341670 0.018188130 0.016166950 0.002918270 0.002779860 0.008787080 0.010398920 0.022665180 0.012781230 0.024095490 0.011790540 0.008896960 0.020325130 0.021545650 0.031112700 
6     0.021421420 0.012526750 0.009478610 0.024116490 0.003456440 0.030585360 0.040281080 0.019696970 0.035998710 0.018088920 0.016115870 0.032532560 0.012071140 0.021320150 0.030112410 0.021621570 0.027468950 0.008792700 0.007790320 0.012935260 0.012416230 0.004363320 0.000201100 0.000000020 0.000000000 0.001497960 0.005014370 0.021957400 0.008733070 0.004363320 0.005249440 0.014463130 0.004014240 0.003426510 0.019513490 0.003112710 0.001883310 0.000756690 0.016054760 0.007051900 0.006913490 0.001083900 0.001086640 0.022272830 0.035311450 0.028024100 0.015056610 0.017857640 0.014583430 0.008430460 0.049170700 
33     0.012636740 0.008889860 0.001687940 0.019743130 0.016642620 0.014099650 0.022511570 0.032904540 0.025077580 0.022896920 0.028476770 0.006052630 0.008193770 0.021644880 0.023985400 0.001901280 0.008987890 0.018732960 0.011548900 0.005867300 0.007341400 0.003072510 0.001779510 0.001644260 0.001497960 0.000000000 0.003090670 0.014931660 0.010311480 0.005941730 0.006666360 0.003259470 0.005592650 0.005004920 0.011605440 0.003128750 0.008540140 0.010016890 0.008146710 0.006806280 0.012290120 0.010083450 0.005932330 0.026378120 0.024865000 0.017284410 0.029421050 0.027858380 0.002684510 0.010008870 0.011555490 
25     0.012818320 0.011434350 0.016421460 0.003022560 0.019350420 0.028466350 0.018248100 0.034765760 0.007410530 0.006965010 0.026459160 0.017377650 0.012592310 0.009505980 0.011127630 0.013277870 0.004504320 0.024091870 0.009105490 0.003448610 0.004412000 0.004829110 0.004434490 0.001081640 0.005014370 0.003090670 0.000000000 0.003112280 0.003048460 0.003647390 0.004761670 0.001904050 0.004934940 0.002315600 0.017505020 0.017726010 0.000087830 0.000282910 0.004150070 0.001921490 0.001783080 0.014172740 0.015010640 0.013651360 0.008388340 0.027050320 0.033590090 0.003336920 0.018946000 0.007024550 0.010675000 
32     0.026967370 0.017044920 0.036789590 0.019296300 0.016680830 0.019183400 0.027564250 0.007464640 0.024317300 0.025405850 0.003882990 0.023904120 0.002820760 0.004794440 0.012992920 0.011006580 0.032427690 0.009651220 0.009298770 0.009312150 0.009578590 0.012478180 0.009037930 0.015476640 0.021957400 0.014931660 0.003112280 0.000000000 0.000079130 0.015707820 0.004296520 0.016370510 0.015702970 0.001911140 0.016830890 0.020091870 0.002629190 0.010713500 0.006649340 0.007272610 0.007268700 0.007808650 0.012173660 0.005539410 0.003355540 0.016353870 0.007056270 0.013760190 0.000627680 0.024508380 0.013806740 
39     0.000871480 0.023057640 0.039245490 0.015313810 0.016907610 0.019601350 0.027791030 0.008361080 0.024544080 0.002646670 0.025651290 0.023766050 0.003946180 0.005919860 0.020363690 0.012131400 0.022241960 0.020097710 0.009234950 0.009248330 0.009716360 0.007998470 0.008934170 0.017932540 0.008733070 0.010311480 0.003048460 0.000079130 0.000000000 0.007998470 0.004656780 0.014201490 0.007649390 0.001847320 0.016555740 0.020028050 0.015416190 0.013234350 0.009553070 0.007208790 0.007204880 0.009946640 0.011348520 0.004696240 0.002512370 0.015526300 0.006611480 0.016720200 0.015326940 0.012065610 0.014150100 
16     0.007661830 0.019244700 0.019390510 0.002331250 0.019624560 0.026511990 0.007176230 0.007281570 0.028987590 0.026224210 0.033245490 0.035578590 0.016630250 0.019437920 0.021911740 0.014884040 0.015898350 0.005068710 0.014770140 0.000558060 0.003806560 0.000000000 0.001165710 0.006512950 0.004363320 0.005941730 0.003647390 0.015707820 0.007998470 0.000000000 0.001033200 0.000522090 0.001185880 0.001875470 0.017917840 0.035199330 0.007248680 0.000789060 0.002493840 0.009654900 0.009573440 0.010381730 0.004045760 0.014001690 0.008738670 0.023660780 0.025707670 0.019997840 0.001911570 0.004067140 0.038335190 
35     0.041717300 0.027764110 0.012609000 0.005970090 0.028720400 0.037593180 0.042900740 0.036477500 0.044410520 0.043723390 0.025191620 0.006799460 0.006931640 0.016440710 0.023040620 0.002276350 0.005928860 0.000503540 0.017160870 0.018719290 0.007581010 0.012188480 0.009139520 0.015388010 0.005249440 0.006666360 0.004761670 0.004296520 0.004656780 0.001033200 0.000000000 0.001553530 0.008250830 0.001637530 0.024607040 0.020653650 0.008802490 0.013897990 0.006771940 0.010686340 0.016171220 0.017341750 0.016475250 0.009574100 0.009852950 0.028003170 0.030677840 0.032465680 0.017011710 0.012665980 0.014931830 
12     0.003415930 0.020499580 0.022018240 0.016140070 0.036438160 0.009918940 0.039102820 0.039758200 0.004840970 0.003597060 0.010758240 0.010497460 0.012638600 0.018197050 0.023165900 0.025114990 0.017283380 0.023177790 0.015765380 0.007199430 0.006564040 0.005951370 0.006034720 0.009660300 0.014463130 0.003259470 0.001904050 0.016370510 0.014201490 0.000522090 0.001553530 0.000000000 0.000729820 0.001926830 0.009784690 0.012982940 0.013597380 0.014461720 0.006302110 0.003364160 0.016734950 0.004333650 0.014145730 0.012786450 0.007523430 0.019809130 0.006872920 0.020420900 0.018972430 0.022371060 0.016835810 
28     0.013674740 0.014318100 0.023871590 0.014528600 0.022231470 0.032004820 0.027080050 0.033698500 0.031049910 0.037864960 0.032473420 0.009686180 0.031569820 0.053329680 0.048083340 0.001337400 0.033094890 0.034586230 0.011304240 0.014062260 0.014286230 0.002463200 0.004215340 0.008957660 0.004014240 0.005592650 0.004934940 0.015702970 0.007649390 0.001185880 0.008250830 0.000729820 0.000000000 0.001196450 0.004671140 0.004749400 0.025456810 0.011634370 0.018656710 0.021671540 0.012148500 0.007701120 0.030474850 0.019994260 0.031330590 0.026123980 0.006845370 0.010943340 0.024211120 0.006530340 0.015098670 
27     0.000893450 0.015184390 0.039518240 0.010359260 0.013297490 0.014333880 0.020307430 0.013539990 0.039247420 0.041639570 0.039270950 0.023525350 0.020521360 0.039565650 0.042039470 0.007901570 0.030465180 0.016760300 0.008502090 0.008515470 0.018362490 0.001875470 0.003627610 0.000121790 0.003426510 0.005004920 0.002315600 0.001911140 0.001847320 0.001875470 0.001637530 0.001926830 0.001196450 0.000000000 0.004518030 0.002270560 0.015504220 0.024040490 0.004969230 0.004833780 0.006472020 0.009122600 0.006489780 0.010529910 0.004222650 0.008262340 0.025310320 0.018673180 0.006782020 0.005942610 0.025624440 
8     0.013895750 0.012336900 0.003504910 0.016970100 0.020240080 0.002878060 0.007763130 0.013221720 0.011719190 0.014517210 0.013219780 0.031848700 0.012801370 0.008063430 0.011443190 0.011332170 0.026101260 0.035009800 0.025864090 0.025877470 0.030754830 0.017140890 0.016447300 0.004626790 0.019513490 0.011605440 0.017505020 0.016830890 0.016555740 0.017917840 0.024607040 0.009784690 0.004671140 0.004518030 0.000000000 0.002683750 0.004526680 0.008800370 0.013522880 0.008520500 0.007055850 0.010507640 0.024531020 0.029101160 0.031030950 0.009841450 0.002705720 0.006583720 0.032555760 0.032198270 0.019887260 
5     0.009885590 0.029958100 0.010978200 0.022321240 0.033820650 0.016620230 0.035312440 0.013020510 0.037952590 0.039049420 0.039548020 0.021632110 0.028051620 0.027691480 0.031106140 0.005861060 0.014112080 0.018933240 0.026085080 0.026098460 0.032129350 0.008664200 0.009530410 0.018793190 0.003112710 0.003128750 0.017726010 0.020091870 0.020028050 0.035199330 0.020653650 0.012982940 0.004749400 0.002270560 0.002683750 0.000000000 0.005863510 0.014221370 0.007990460 0.014194260 0.003396980 0.011216300 0.019128740 0.007026300 0.001718140 0.008844900 0.032605730 0.036184480 0.035441410 0.030703180 0.034757760 
9     0.004083260 0.015972910 0.009779220 0.011476640 0.025030880 0.003649420 0.028445650 0.027876450 0.013330830 0.014675260 0.020339610 0.012031960 0.009405960 0.021285380 0.023890990 0.024641660 0.028076400 0.019471840 0.021358740 0.028684220 0.014596750 0.014075590 0.014941800 0.015341670 0.001883310 0.008540140 0.000087830 0.002629190 0.015416190 0.007248680 0.008802490 0.013597380 0.025456810 0.015504220 0.004526680 0.005863510 0.000000000 0.000195080 0.009405550 0.011240470 0.004497350 0.005288980 0.019568030 0.003723520 0.020511500 0.023740130 0.031204830 0.023554610 0.030579300 0.010321570 0.002547250 
37     0.018947280 0.009167740 0.001874970 0.013217460 0.011997550 0.009146160 0.020341150 0.005688020 0.008862480 0.012478400 0.014059260 0.000001650 0.006565480 0.014488380 0.022912490 0.006087690 0.011210260 0.017104670 0.009784110 0.013789890 0.014094980 0.018569420 0.007782350 0.018188130 0.000756690 0.010016890 0.000282910 0.010713500 0.013234350 0.000789060 0.013897990 0.014461720 0.011634370 0.024040490 0.008800370 0.014221370 0.000195080 0.000000000 0.001122140 0.003446900 0.000192720 0.009323120 0.011050300 0.004508760 0.005266070 0.005082700 0.009736700 0.004704700 0.021808390 0.020521200 0.021985410 
34     0.011348720 0.015221240 0.003938400 0.000566490 0.034901230 0.002982120 0.034056510 0.037922720 0.036795220 0.036108090 0.032109270 0.005476820 0.007617960 0.014253810 0.020853720 0.017636890 0.012262740 0.006536900 0.007024970 0.011868610 0.000726150 0.013087980 0.011753740 0.016166950 0.016054760 0.008146710 0.004150070 0.006649340 0.009553070 0.002493840 0.006771940 0.006302110 0.018656710 0.004969230 0.013522880 0.007990460 0.009405550 0.001122140 0.000000000 0.003376640 0.003252510 0.010032590 0.013457870 0.014607530 0.003914540 0.020723200 0.016920070 0.007165740 0.028285550 0.025616500 0.011787820 
13     0.004019260 0.002375770 0.005693290 0.017288340 0.007756750 0.012411780 0.022666830 0.034183760 0.013944300 0.015229480 0.008341380 0.008250050 0.010391190 0.002686400 0.013508500 0.026793550 0.009960840 0.018389170 0.013265820 0.013279200 0.004093410 0.009197990 0.001486830 0.002918270 0.007051900 0.006806280 0.001921490 0.007272610 0.007208790 0.009654900 0.010686340 0.003364160 0.021671540 0.004833780 0.008520500 0.014194260 0.011240470 0.003446900 0.003376640 0.000000000 0.000003910 0.013399850 0.024607300 0.002632980 0.017674640 0.009258690 0.008761010 0.005944540 0.007441710 0.014710960 0.028352080 
2     0.004294820 0.002651330 0.005968850 0.008313880 0.008098630 0.030950550 0.004097730 0.033566990 0.012502520 0.004048160 0.006620320 0.006697570 0.008838710 0.021769650 0.014362410 0.031442280 0.013483490 0.008930930 0.013261910 0.006286630 0.012017750 0.009059580 0.004277130 0.002779860 0.006913490 0.012290120 0.001783080 0.007268700 0.007204880 0.009573440 0.016171220 0.016734950 0.012148500 0.006472020 0.007055850 0.003396980 0.004497350 0.000192720 0.003252510 0.000003910 0.000000000 0.013523040 0.001245890 0.013447300 0.009640510 0.011167630 0.006812080 0.001789070 0.025523010 0.010659660 0.021683810 
10     0.015260070 0.012551260 0.009998860 0.016383720 0.022053800 0.009059670 0.024264380 0.012046700 0.028927470 0.019612730 0.017404370 0.000009710 0.004152950 0.012478140 0.018154410 0.006167400 0.009531220 0.014459280 0.026171700 0.004709500 0.010748820 0.000771300 0.015745170 0.008787080 0.001083900 0.010083450 0.014172740 0.007808650 0.009946640 0.010381730 0.017341750 0.004333650 0.007701120 0.009122600 0.010507640 0.011216300 0.005288980 0.009323120 0.010032590 0.013399850 0.013523040 0.000000000 0.015705500 0.015645580 0.018515740 0.011834770 0.008109090 0.013441090 0.022662780 0.006732570 0.019794410 
45     0.011078800 0.014147920 0.015826060 0.006743960 0.040313570 0.027971810 0.003604690 0.016589940 0.027880320 0.015013690 0.014965740 0.042540150 0.022898980 0.037546760 0.036495530 0.032908020 0.011022990 0.012426920 0.004264060 0.006742140 0.017456220 0.024722650 0.017278240 0.010398920 0.001086640 0.005932330 0.015010640 0.012173660 0.011348520 0.004045760 0.016475250 0.014145730 0.030474850 0.006489780 0.024531020 0.019128740 0.019568030 0.011050300 0.013457870 0.024607300 0.001245890 0.015705500 0.000000000 0.000003780 0.000234230 0.005231460 0.013181340 0.011595080 0.010296500 0.009990320 0.015350240 
47     0.019883270 0.006381360 0.008781290 0.017849450 0.027967280 0.020200990 0.011603310 0.018408830 0.035120230 0.021598290 0.017123510 0.029719190 0.017275920 0.024826160 0.035326560 0.015926850 0.015830490 0.019146960 0.015800840 0.008341550 0.015323760 0.029981480 0.007191410 0.022665180 0.022272830 0.026378120 0.013651360 0.005539410 0.004696240 0.014001690 0.009574100 0.012786450 0.019994260 0.010529910 0.029101160 0.007026300 0.003723520 0.004508760 0.014607530 0.002632980 0.013447300 0.015645580 0.000003780 0.000000000 0.000064820 0.006952750 0.012801560 0.011215300 0.016501120 0.012031660 0.020109200 
43     0.010381940 0.007513660 0.014036650 0.022988150 0.011071530 0.023466310 0.026269610 0.031409850 0.023001980 0.014176610 0.015246280 0.021274660 0.014518290 0.004662170 0.005980910 0.018810360 0.034835950 0.031246840 0.004479170 0.005797250 0.017919200 0.031922290 0.019304890 0.012781230 0.035311450 0.024865000 0.008388340 0.003355540 0.002512370 0.008738670 0.009852950 0.007523430 0.031330590 0.004222650 0.031030950 0.001718140 0.020511500 0.005266070 0.003914540 0.017674640 0.009640510 0.018515740 0.000234230 0.000064820 0.000000000 0.015787210 0.016163590 0.015286690 0.020889070 0.005647720 0.023782150 
44     0.022674910 0.016853200 0.028256070 0.027923280 0.009793030 0.010801030 0.022784860 0.008180120 0.005866530 0.014435590 0.031619930 0.005741580 0.015282040 0.012097900 0.015527700 0.013191710 0.031195020 0.034129480 0.008616250 0.002673830 0.017542770 0.003885460 0.009674050 0.024095490 0.028024100 0.017284410 0.027050320 0.016353870 0.015526300 0.023660780 0.028003170 0.019809130 0.026123980 0.008262340 0.009841450 0.008844900 0.023740130 0.005082700 0.020723200 0.009258690 0.011167630 0.011834770 0.005231460 0.006952750 0.015787210 0.000000000 0.003688760 0.007407710 0.004693180 0.005078630 0.001935830 
46     0.013045680 0.016849220 0.022160870 0.023738610 0.024280600 0.018237270 0.011146420 0.011154830 0.031225270 0.029964960 0.024759260 0.023647110 0.019971900 0.019855810 0.001817440 0.025931430 0.009147370 0.010221700 0.010057860 0.008926820 0.009203370 0.015637900 0.018424640 0.011790540 0.015056610 0.029421050 0.033590090 0.007056270 0.006611480 0.025707670 0.030677840 0.006872920 0.006845370 0.025310320 0.002705720 0.032605730 0.031204830 0.009736700 0.016920070 0.008761010 0.006812080 0.008109090 0.013181340 0.012801560 0.016163590 0.003688760 0.000000000 0.000020980 0.001616350 0.001081360 0.000634710 
50     0.004643720 0.022731690 0.008171800 0.028335180 0.026302450 0.006125200 0.021140310 0.014031180 0.012066690 0.010652290 0.017426390 0.014420580 0.001388670 0.005921710 0.006666320 0.029003440 0.020793420 0.022701250 0.008932150 0.007977780 0.030697260 0.015954610 0.002118950 0.008896960 0.017857640 0.027858380 0.003336920 0.013760190 0.016720200 0.019997840 0.032465680 0.020420900 0.010943340 0.018673180 0.006583720 0.036184480 0.023554610 0.004704700 0.007165740 0.005944540 0.001789070 0.013441090 0.011595080 0.011215300 0.015286690 0.007407710 0.000020980 0.000000000 0.000084970 0.004738540 0.000683070 
49     0.015933420 0.033160870 0.012163670 0.028343490 0.015050140 0.022391400 0.010383080 0.030503490 0.007128130 0.011481980 0.007684950 0.026270470 0.003495240 0.007974850 0.008719460 0.029011750 0.021901820 0.014433720 0.010998310 0.020251560 0.029954190 0.013331750 0.028835930 0.020325130 0.014583430 0.002684510 0.018946000 0.000627680 0.015326940 0.001911570 0.017011710 0.018972430 0.024211120 0.006782020 0.032555760 0.035441410 0.030579300 0.021808390 0.028285550 0.007441710 0.025523010 0.022662780 0.010296500 0.016501120 0.020889070 0.004693180 0.001616350 0.000084970 0.000000000 0.005266270 0.003887230 
48     0.025809630 0.021440150 0.008632720 0.029246010 0.005691900 0.020586090 0.004392530 0.016402100 0.013649430 0.012591050 0.013040470 0.022137630 0.028133240 0.033767210 0.026659220 0.017317320 0.021676160 0.027606420 0.015302610 0.001292370 0.009861630 0.003821580 0.008631560 0.021545650 0.008430460 0.010008870 0.007024550 0.024508380 0.012065610 0.004067140 0.012665980 0.022371060 0.006530340 0.005942610 0.032198270 0.030703180 0.010321570 0.020521200 0.025616500 0.014710960 0.010659660 0.006732570 0.009990320 0.012031660 0.005647720 0.005078630 0.001081360 0.004738540 0.005266270 0.000000000 0.021182160 
0     0.022109990 0.000275800 0.000468100 0.022968380 0.015870180 0.025149990 0.030004640 0.011019490 0.017668360 0.017022460 0.033046190 0.038914750 0.018336510 0.019448260 0.016990990 0.030298900 0.010784780 0.021752080 0.015758900 0.019359960 0.034165160 0.022333070 0.003528900 0.031112700 0.049170700 0.011555490 0.010675000 0.013806740 0.014150100 0.038335190 0.014931830 0.016835810 0.015098670 0.025624440 0.019887260 0.034757760 0.002547250 0.021985410 0.011787820 0.028352080 0.021683810 0.019794410 0.015350240 0.020109200 0.023782150 0.001935830 0.000634710 0.000683070 0.003887230 0.021182160 0.000000000 
