51
3     0.000000000 0.002361020 0.002600490 0.001626950 0.002564030 0.002181680 0.012790720 0.013489380 0.015830300 0.004875910 0.010442910 0.011819590 0.014969220 0.009438180 0.010629110 0.009957560 0.009688700 0.012669560 0.012669210 0.007848520 0.013396350 0.011826850 0.013199010 0.012537080 0.009391650 0.010990050 0.014898640 0.015317510 0.012458800 0.012734930 0.012260620 0.010191510 0.010218840 0.003611500 0.002692110 0.002601280 0.012087190 0.005095330 0.011503440 0.006870960 0.011733410 0.006283350 0.004926140 0.013118640 0.008194900 0.008330610 0.008144980 0.007990660 0.009508100 0.010251240 0.012548220 
1     0.002361020 0.000000000 0.000000040 0.000018170 0.000036600 0.005298090 0.010263290 0.010961950 0.013302870 0.009477040 0.007981490 0.009358170 0.013282490 0.006976760 0.008167690 0.007496140 0.007227280 0.004206780 0.011187130 0.005055750 0.010934930 0.009365430 0.013876770 0.013214840 0.006930230 0.008528630 0.013416900 0.014183920 0.009997380 0.010273510 0.009799200 0.007730090 0.007757420 0.017988150 0.013048980 0.016340530 0.009559760 0.009516430 0.009042020 0.010033740 0.009205980 0.015031100 0.010053550 0.010657220 0.010722310 0.010884350 0.010123730 0.010315880 0.011234990 0.010156280 0.012871560 
5     0.002600490 0.000000040 0.000000000 0.000410550 0.000036560 0.000989330 0.010263250 0.010961910 0.013302830 0.005233290 0.008801050 0.010177730 0.014102050 0.007796320 0.008987250 0.008315700 0.008046840 0.011027700 0.004272960 0.009061460 0.004417860 0.010184990 0.011722380 0.011060450 0.007749790 0.008944640 0.014236460 0.015003480 0.010816940 0.011093070 0.010618760 0.008549650 0.008576980 0.011361650 0.011512980 0.016721960 0.009559720 0.009516390 0.009109350 0.010115290 0.009205940 0.012199420 0.010053510 0.011476780 0.009818830 0.008575260 0.007814640 0.008006790 0.008381410 0.007847190 0.016229390 
4     0.001626950 0.000018170 0.000410550 0.000000000 0.000080590 0.003467650 0.008432850 0.009131510 0.011472430 0.003005900 0.008940210 0.010316890 0.014241210 0.007935480 0.009126410 0.008454860 0.008186000 0.011166860 0.004879590 0.010891550 0.003589640 0.010324150 0.012699500 0.012037570 0.007888950 0.008319360 0.014375620 0.015142640 0.010956100 0.011232230 0.010757920 0.008688810 0.008716140 0.005139610 0.010940680 0.017299250 0.007729320 0.007685990 0.007278950 0.010992460 0.007375540 0.013774030 0.008223110 0.011615940 0.010583220 0.007146500 0.008579030 0.008771180 0.009690290 0.008611580 0.013513910 
6     0.002564030 0.000036600 0.000036560 0.000080590 0.000000000 0.005261590 0.010226790 0.010925450 0.013266370 0.009132550 0.011070950 0.012447630 0.016371950 0.003452680 0.011257150 0.010585600 0.010316740 0.013297600 0.014276590 0.001813890 0.003605280 0.012454890 0.014601500 0.013939570 0.010019690 0.006950260 0.016506360 0.017273380 0.013086840 0.013362970 0.012888660 0.010819550 0.010846880 0.018780670 0.009796350 0.016779440 0.009523260 0.009479930 0.009072890 0.008156840 0.009169480 0.017014540 0.010017050 0.013746680 0.011870490 0.010626920 0.009866300 0.010058450 0.010977560 0.009898850 0.006002330 
2     0.002181680 0.005298090 0.000989330 0.003467650 0.005261590 0.000000000 0.008513960 0.009212620 0.011553540 0.003599180 0.003907670 0.007540230 0.005720160 0.002092730 0.006492250 0.001062420 0.005551840 0.000472090 0.009511690 0.006904150 0.009259490 0.006370990 0.005769870 0.011880370 0.005254790 0.006853190 0.009616280 0.008287950 0.008321940 0.008547240 0.008123760 0.006054650 0.000195410 0.000220630 0.001350330 0.000711050 0.007810430 0.003589250 0.007360060 0.005364880 0.007456650 0.006999490 0.003420060 0.008981780 0.006688820 0.006824530 0.005933260 0.006484580 0.010759770 0.010524560 0.014480100 
44     0.012790720 0.010263290 0.010263250 0.008432850 0.010226790 0.008513960 0.000000000 0.000373380 0.000131350 0.000206230 0.006465560 0.006256700 0.007424710 0.004288730 0.014564140 0.006099000 0.006573370 0.009480340 0.007562440 0.011386440 0.014751180 0.012664900 0.010990680 0.009318230 0.009100990 0.011077580 0.010753510 0.010885390 0.010023180 0.010027760 0.011059920 0.009908840 0.011019780 0.003345560 0.018137110 0.004855440 0.005115120 0.006052770 0.004857830 0.012328160 0.006219170 0.006522080 0.009577390 0.009916630 0.009885860 0.008963250 0.008806790 0.009236800 0.008697890 0.008557990 0.013453320 
16     0.013489380 0.010961950 0.010961910 0.009131510 0.010925450 0.009212620 0.000373380 0.000000000 0.000266240 0.001011380 0.006967670 0.006758810 0.007926820 0.004790840 0.015987910 0.006072130 0.007075480 0.009951460 0.008064550 0.011888550 0.015222300 0.013562320 0.011461800 0.009820340 0.009572110 0.011548700 0.011224630 0.011356510 0.010494300 0.010498880 0.011531040 0.010379960 0.011490900 0.002513210 0.017304760 0.004023090 0.009614540 0.009336250 0.009623030 0.012799280 0.010459260 0.010419790 0.010048510 0.010387750 0.010356980 0.009434370 0.009277910 0.009707920 0.009169010 0.009029110 0.012326960 
20     0.015830300 0.013302870 0.013302830 0.011472430 0.013266370 0.011553540 0.000131350 0.000266240 0.000000000 0.000752060 0.007000950 0.006792090 0.007960100 0.004824120 0.016021190 0.006734070 0.007108760 0.009031280 0.008097830 0.011921830 0.014302120 0.013595600 0.010541620 0.009853620 0.008651930 0.010628520 0.010304450 0.010436330 0.009574120 0.009578700 0.010610860 0.009459780 0.010570720 0.002889670 0.013458430 0.004399550 0.008694360 0.008416070 0.008702850 0.011879100 0.010155240 0.009499610 0.009128330 0.009467570 0.009436800 0.008514190 0.001158570 0.008787740 0.008248830 0.008108930 0.012067640 
27     0.004875910 0.009477040 0.005233290 0.003005900 0.009132550 0.003599180 0.000206230 0.001011380 0.000752060 0.000000000 0.010153600 0.006092300 0.009200460 0.007976770 0.014660750 0.004542720 0.010261410 0.003952390 0.003047050 0.010384450 0.015643770 0.007839170 0.009250170 0.012543510 0.005869290 0.011550480 0.008168350 0.006840020 0.008105100 0.007099310 0.010869330 0.006072150 0.003675710 0.003702910 0.005320440 0.004193330 0.004391870 0.005329520 0.004134580 0.009817840 0.005495920 0.004790500 0.009773060 0.011059650 0.011028880 0.010106270 0.009949810 0.010379820 0.009840910 0.009701010 0.011526700 
49     0.010442910 0.007981490 0.008801050 0.008940210 0.011070950 0.003907670 0.006465560 0.006967670 0.007000950 0.010153600 0.000000000 0.000333540 0.001746730 0.000465370 0.002577590 0.001560210 0.003123450 0.001718590 0.001692880 0.007184840 0.007048860 0.005479360 0.005242520 0.001695880 0.001629120 0.004868780 0.000915390 0.006256800 0.004074680 0.002670830 0.004155640 0.004070240 0.004097570 0.011804050 0.011775250 0.012294470 0.006620650 0.007931660 0.005852790 0.006844510 0.008992930 0.011841870 0.007588190 0.005419810 0.007533080 0.006772250 0.007037030 0.010843080 0.009245980 0.009010770 0.018017000 
14     0.011819590 0.009358170 0.010177730 0.010316890 0.012447630 0.007540230 0.006256700 0.006758810 0.006792090 0.006092300 0.000333540 0.000000000 0.000035690 0.002203440 0.003009200 0.001991820 0.003850170 0.002955420 0.002929710 0.006287510 0.006711590 0.005503500 0.005910420 0.006223490 0.001308770 0.006245460 0.002152220 0.001688480 0.002902980 0.001897190 0.005487310 0.000920610 0.003624540 0.014366040 0.013151930 0.014527980 0.007997330 0.009308340 0.007229470 0.008221190 0.010369610 0.013218550 0.008964870 0.008844670 0.008909760 0.004329320 0.008413710 0.012219760 0.010622660 0.010387450 0.019393680 
35     0.014969220 0.013282490 0.014102050 0.014241210 0.016371950 0.005720160 0.007424710 0.007926820 0.007960100 0.009200460 0.001746730 0.000035690 0.000000000 0.004775260 0.004209700 0.004162020 0.007059900 0.005487920 0.004843910 0.004348130 0.004772210 0.003564120 0.009918120 0.006525980 0.007966680 0.006838360 0.009461680 0.009880550 0.008455180 0.010106510 0.011143680 0.007023320 0.005697690 0.005823890 0.007441420 0.006314310 0.011921650 0.013232660 0.011153790 0.011938820 0.014293930 0.013468450 0.011894040 0.012768990 0.012834080 0.014032300 0.012338030 0.015635460 0.014546980 0.014311770 0.023318000 
24     0.009438180 0.006976760 0.007796320 0.007935480 0.003452680 0.002092730 0.004288730 0.004790840 0.004824120 0.007976770 0.000465370 0.002203440 0.004775260 0.000000000 0.001207310 0.000448070 0.000904440 0.002176740 0.002151030 0.001822970 0.006044130 0.004474630 0.006614150 0.007425030 0.002087270 0.003864050 0.001373540 0.006658390 0.001639560 0.005608930 0.005134620 0.002528050 0.002005720 0.010978390 0.010770520 0.011468810 0.005615920 0.005882210 0.004848060 0.005688190 0.003918500 0.001562300 0.003796550 0.001886680 0.006528350 0.006534370 0.006032300 0.005917360 0.006421600 0.007651650 0.013462720 
9     0.010629110 0.008167690 0.008987250 0.009126410 0.011257150 0.006492250 0.014564140 0.015987910 0.016021190 0.014660750 0.002577590 0.003009200 0.004209700 0.001207310 0.000000000 0.000038470 0.000213980 0.004885550 0.004859840 0.007371040 0.007235060 0.005665560 0.008894760 0.008619190 0.003456580 0.005054980 0.004082350 0.001193350 0.006523730 0.006799860 0.006325550 0.004256440 0.004283770 0.011284180 0.011961450 0.011774600 0.006806850 0.008117860 0.006038990 0.007030710 0.009179130 0.003803560 0.007774390 0.007654190 0.007719280 0.008917500 0.007223230 0.011029280 0.009432180 0.009196970 0.017601660 
32     0.009957560 0.007496140 0.008315700 0.008454860 0.010585600 0.001062420 0.006099000 0.006072130 0.006734070 0.004542720 0.001560210 0.001991820 0.004162020 0.000448070 0.000038470 0.000000000 0.000336000 0.001245630 0.004849030 0.005557960 0.006563510 0.004994010 0.006605970 0.007347020 0.002785030 0.004383430 0.004071540 0.007469670 0.005852180 0.006128310 0.005654000 0.003584890 0.001039950 0.001166150 0.002783680 0.001656570 0.006135300 0.007446310 0.005367440 0.006359160 0.008507580 0.008810710 0.007102840 0.006982640 0.007047730 0.008245950 0.006551680 0.010357730 0.008760630 0.008525420 0.015505200 
40     0.009688700 0.007227280 0.008046840 0.008186000 0.010316740 0.005551840 0.006573370 0.007075480 0.007108760 0.010261410 0.003123450 0.003850170 0.007059900 0.000904440 0.000213980 0.000336000 0.000000000 0.005946140 0.006032600 0.006430630 0.006245090 0.004725150 0.009240470 0.009238790 0.002516170 0.004114570 0.007492710 0.007238960 0.005583320 0.005859450 0.005385140 0.003316030 0.003343360 0.007957430 0.009574960 0.008447850 0.005866440 0.007177450 0.005098580 0.006090300 0.008238720 0.011087660 0.006833980 0.006713780 0.006778870 0.007977090 0.006282820 0.010088870 0.008491770 0.008256560 0.015339590 
47     0.012669560 0.004206780 0.011027700 0.011166860 0.013297600 0.000472090 0.009480340 0.009951460 0.009031280 0.003952390 0.001718590 0.002955420 0.005487920 0.002176740 0.004885550 0.001245630 0.005946140 0.000000000 0.000026670 0.002283680 0.003480930 0.003834610 0.006015640 0.007388090 0.002838610 0.006563000 0.002124880 0.006370810 0.005508600 0.005513180 0.006545340 0.005394260 0.000449620 0.000575820 0.002193350 0.001066240 0.008847300 0.009169770 0.008079440 0.006690750 0.011219580 0.008220380 0.006645970 0.009582910 0.009759730 0.009267890 0.009111430 0.009541440 0.009002530 0.008862630 0.004314110 
22     0.012669210 0.011187130 0.004272960 0.004879590 0.014276590 0.009511690 0.007562440 0.008064550 0.008097830 0.003047050 0.001692880 0.002929710 0.004843910 0.002151030 0.004859840 0.004849030 0.006032600 0.000026670 0.000000000 0.007339910 0.001964160 0.001540120 0.007206590 0.007616400 0.002812900 0.006791310 0.002099170 0.006599120 0.005736910 0.005741490 0.006773650 0.005622570 0.004911400 0.011543320 0.007228680 0.003569540 0.009676370 0.009398080 0.009058430 0.010050150 0.012198570 0.010481620 0.010110340 0.010449580 0.010418810 0.009496200 0.009339740 0.009769750 0.009230840 0.009090940 0.021222640 
18     0.007848520 0.005055750 0.009061460 0.010891550 0.001813890 0.006904150 0.011386440 0.011888550 0.011921830 0.010384450 0.007184840 0.006287510 0.004348130 0.001822970 0.007371040 0.005557960 0.006430630 0.002283680 0.007339910 0.000000000 0.000370750 0.000544300 0.001769690 0.003863570 0.004020640 0.005617840 0.006532680 0.006525360 0.001506530 0.006504490 0.006592470 0.002372180 0.006881680 0.007007880 0.008625410 0.007498300 0.009710070 0.011021080 0.008942210 0.007820360 0.009336060 0.014652440 0.010677610 0.005502510 0.010622500 0.011820720 0.010126450 0.013932500 0.012335400 0.012100190 0.011444400 
26     0.013396350 0.010934930 0.004417860 0.003589640 0.003605280 0.009259490 0.014751180 0.015222300 0.014302120 0.015643770 0.007048860 0.006711590 0.004772210 0.006044130 0.007235060 0.006563510 0.006245090 0.003480930 0.001964160 0.000370750 0.000000000 0.000000850 0.004720530 0.005896590 0.006223820 0.007822220 0.009273690 0.009692560 0.009290970 0.009567100 0.009092790 0.007023680 0.006996310 0.012267200 0.013884730 0.012757620 0.009574090 0.010885100 0.008806230 0.007921100 0.004826750 0.014795310 0.010541630 0.009908980 0.010486520 0.011684740 0.009990470 0.013796520 0.012199420 0.011964210 0.012450300 
8     0.011826850 0.009365430 0.010184990 0.010324150 0.012454890 0.006370990 0.012664900 0.013562320 0.013595600 0.007839170 0.005479360 0.005503500 0.003564120 0.004474630 0.005665560 0.004994010 0.004725150 0.003834610 0.001540120 0.000544300 0.000000850 0.000000000 0.000677270 0.002771150 0.003487480 0.005731630 0.008065600 0.008484470 0.005823680 0.007997600 0.007523290 0.005454180 0.005481510 0.006474720 0.008092250 0.006965140 0.008004590 0.008360570 0.007236730 0.004384450 0.004179450 0.001462110 0.001487780 0.000629670 0.008917020 0.010115240 0.008420970 0.012227020 0.010629920 0.010394710 0.009790380 
36     0.013199010 0.013876770 0.011722380 0.012699500 0.014601500 0.005769870 0.010990680 0.011461800 0.010541620 0.009250170 0.005242520 0.005910420 0.009918120 0.006614150 0.008894760 0.006605970 0.009240470 0.006015640 0.007206590 0.001769690 0.004720530 0.000677270 0.000000000 0.000138370 0.002886360 0.005130510 0.008251450 0.008383330 0.006297710 0.007525700 0.008557860 0.007163360 0.005747400 0.005873600 0.007491130 0.006364020 0.010958400 0.010680110 0.010966890 0.011540650 0.009441530 0.011763650 0.003194780 0.007184200 0.011700840 0.010778230 0.010621770 0.010757890 0.010512870 0.010372970 0.023884420 
31     0.012537080 0.013214840 0.011060450 0.012037570 0.013939570 0.011880370 0.009318230 0.009820340 0.009853620 0.012543510 0.001695880 0.006223490 0.006525980 0.007425030 0.008619190 0.007347020 0.009238790 0.007388090 0.007616400 0.003863570 0.005896590 0.002771150 0.000138370 0.000000000 0.006229180 0.008985330 0.008661260 0.008793140 0.007930930 0.007935510 0.008967670 0.007816590 0.008927530 0.011984100 0.013601630 0.012474520 0.011368210 0.011089920 0.011376700 0.011556700 0.009564100 0.012173460 0.004228770 0.008218190 0.012110650 0.008940560 0.011031580 0.009431990 0.010922680 0.010782780 0.022709000 
34     0.009391650 0.006930230 0.007749790 0.007888950 0.010019690 0.005254790 0.009100990 0.009572110 0.008651930 0.005869290 0.001629120 0.001308770 0.007966680 0.002087270 0.003456580 0.002785030 0.002516170 0.002838610 0.002812900 0.004020640 0.006223820 0.003487480 0.002886360 0.006229180 0.000000000 0.000002250 0.000767050 0.000221120 0.002703780 0.000328420 0.002873790 0.001288620 0.002656910 0.005929760 0.007547290 0.006420180 0.005569390 0.006396320 0.004801530 0.005793250 0.007941670 0.009873960 0.006536930 0.006416730 0.006481820 0.007680040 0.005985770 0.009162090 0.008194720 0.007959510 0.014807510 
41     0.010990050 0.008528630 0.008944640 0.008319360 0.006950260 0.006853190 0.011077580 0.011548700 0.010628520 0.011550480 0.004868780 0.006245460 0.006838360 0.003864050 0.005054980 0.004383430 0.004114570 0.006563000 0.006791310 0.005617840 0.007822220 0.005731630 0.005130510 0.008985330 0.000002250 0.000000000 0.004139910 0.000220790 0.002703450 0.000328090 0.002873460 0.001412240 0.004255310 0.008173910 0.003793300 0.008664330 0.007167790 0.008478800 0.006399930 0.007391650 0.009540070 0.011850550 0.008135330 0.008015130 0.008080220 0.009278440 0.007584170 0.011138680 0.009793120 0.009557910 0.018564140 
28     0.014898640 0.013416900 0.014236460 0.014375620 0.016506360 0.009616280 0.010753510 0.011224630 0.010304450 0.008168350 0.000915390 0.002152220 0.009461680 0.001373540 0.004082350 0.004071540 0.007492710 0.002124880 0.002099170 0.006532680 0.009273690 0.008065600 0.008251450 0.008661260 0.000767050 0.004139910 0.000000000 0.000007320 0.001686670 0.001532730 0.002619480 0.001305240 0.005700590 0.007082240 0.016829060 0.015255630 0.010721230 0.010442940 0.010729720 0.012279920 0.013969330 0.011526480 0.011155200 0.011494440 0.011463670 0.009131770 0.007758620 0.010814610 0.006182720 0.007409220 0.022665770 
10     0.015317510 0.014183920 0.015003480 0.015142640 0.017273380 0.008287950 0.010885390 0.011356510 0.010436330 0.006840020 0.006256800 0.001688480 0.009880550 0.006658390 0.001193350 0.007469670 0.007238960 0.006370810 0.006599120 0.006525360 0.009692560 0.008484470 0.008383330 0.008793140 0.000221120 0.000220790 0.000007320 0.000000000 0.002571580 0.000095850 0.001112190 0.001061580 0.004372260 0.005974140 0.016592890 0.015674220 0.010853110 0.010574820 0.010861600 0.013046940 0.014101210 0.011658360 0.011287080 0.011626320 0.011595550 0.010672940 0.010025420 0.010946490 0.006145690 0.007372190 0.022719280 
15     0.012458800 0.009997380 0.010816940 0.010956100 0.013086840 0.008321940 0.010023180 0.010494300 0.009574120 0.008105100 0.004074680 0.002902980 0.008455180 0.001639560 0.006523730 0.005852180 0.005583320 0.005508600 0.005736910 0.001506530 0.009290970 0.005823680 0.006297710 0.007930930 0.002703780 0.002703450 0.001686670 0.002571580 0.000000000 0.000236970 0.000170010 0.001443270 0.003600150 0.010928760 0.013791140 0.015167190 0.008636540 0.009712610 0.007868680 0.008860400 0.011008820 0.010796150 0.009604080 0.009483880 0.009548970 0.009810730 0.009052920 0.010084280 0.006588740 0.007815240 0.016053710 
21     0.012734930 0.010273510 0.011093070 0.011232230 0.013362970 0.008547240 0.010027760 0.010498880 0.009578700 0.007099310 0.002670830 0.001897190 0.010106510 0.005608930 0.006799860 0.006128310 0.005859450 0.005513180 0.005741490 0.006504490 0.009567100 0.007997600 0.007525700 0.007935510 0.000328420 0.000328090 0.001532730 0.000095850 0.000236970 0.000000000 0.000138720 0.001927620 0.004631550 0.008151900 0.014067270 0.013677840 0.008912670 0.009717190 0.008144810 0.009136530 0.011284950 0.010800730 0.009880210 0.009760010 0.009825100 0.009284190 0.007911040 0.010088860 0.005147980 0.003915850 0.015993070 
33     0.012260620 0.009799200 0.010618760 0.010757920 0.012888660 0.008123760 0.011059920 0.011531040 0.010610860 0.010869330 0.004155640 0.005487310 0.011143680 0.005134620 0.006325550 0.005654000 0.005385140 0.006545340 0.006773650 0.006592470 0.009092790 0.007523290 0.008557860 0.008967670 0.002873790 0.002873460 0.002619480 0.001112190 0.000170010 0.000138720 0.000000000 0.001836810 0.005253340 0.011669870 0.013592960 0.014969010 0.008438360 0.009749370 0.007670500 0.008662220 0.010810640 0.011832890 0.009405900 0.009285700 0.009350790 0.010549010 0.008854740 0.011121020 0.008543830 0.009158540 0.012617730 
46     0.010191510 0.007730090 0.008549650 0.008688810 0.010819550 0.006054650 0.009908840 0.010379960 0.009459780 0.006072150 0.004070240 0.000920610 0.007023320 0.002528050 0.004256440 0.003584890 0.003316030 0.005394260 0.005622570 0.002372180 0.007023680 0.005454180 0.007163360 0.007816590 0.001288620 0.001412240 0.001305240 0.001061580 0.001443270 0.001927620 0.001836810 0.000000000 0.003456770 0.012476990 0.011523850 0.012899900 0.006369250 0.007680260 0.005601390 0.006593110 0.006162550 0.010681810 0.007336790 0.007216590 0.007281680 0.008479900 0.006785630 0.009969940 0.005695730 0.005071730 0.015556680 
17     0.010218840 0.007757420 0.008576980 0.008716140 0.010846880 0.000195410 0.011019780 0.011490900 0.010570720 0.003675710 0.004097570 0.003624540 0.005697690 0.002005720 0.004283770 0.001039950 0.003343360 0.000449620 0.004911400 0.006881680 0.006996310 0.005481510 0.005747400 0.008927530 0.002656910 0.004255310 0.005700590 0.004372260 0.003600150 0.004631550 0.005253340 0.003456770 0.000000000 0.000299140 0.001916670 0.000789560 0.006396580 0.007707590 0.005628720 0.006414070 0.008768860 0.007943700 0.006369290 0.007243920 0.007309010 0.008507230 0.006812960 0.010110710 0.009021910 0.008786700 0.017792930 
43     0.003611500 0.017988150 0.011361650 0.005139610 0.018780670 0.000220630 0.003345560 0.002513210 0.002889670 0.003702910 0.011804050 0.014366040 0.005823890 0.010978390 0.011284180 0.001166150 0.007957430 0.000575820 0.011543320 0.007007880 0.012267200 0.006474720 0.005873600 0.011984100 0.005929760 0.008173910 0.007082240 0.005974140 0.010928760 0.008151900 0.011669870 0.012476990 0.000299140 0.000000000 0.001653010 0.000525900 0.007781140 0.004861250 0.003048360 0.006215350 0.013385340 0.007744980 0.004133210 0.004797790 0.010620410 0.011285320 0.008995270 0.009911990 0.013569620 0.014791590 0.008909700 
25     0.002692110 0.013048980 0.011512980 0.010940680 0.009796350 0.001350330 0.018137110 0.017304760 0.013458430 0.005320440 0.011775250 0.013151930 0.007441420 0.010770520 0.011961450 0.002783680 0.009574960 0.002193350 0.007228680 0.008625410 0.013884730 0.008092250 0.007491130 0.013601630 0.007547290 0.003793300 0.016829060 0.016592890 0.013791140 0.014067270 0.013592960 0.011523850 0.001916670 0.001653010 0.000000000 0.000271450 0.008784300 0.003597820 0.005176280 0.005373450 0.011156580 0.007008060 0.003428630 0.008473740 0.006697390 0.006833100 0.006647470 0.006493150 0.011409630 0.009504430 0.011037620 
48     0.002601280 0.016340530 0.016721960 0.017299250 0.016779440 0.000711050 0.004855440 0.004023090 0.004399550 0.004193330 0.012294470 0.014527980 0.006314310 0.011468810 0.011774600 0.001656570 0.008447850 0.001066240 0.003569540 0.007498300 0.012757620 0.006965140 0.006364020 0.012474520 0.006420180 0.008664330 0.015255630 0.015674220 0.015167190 0.013677840 0.014969010 0.012899900 0.000789560 0.000525900 0.000271450 0.000000000 0.004051070 0.003342690 0.002777750 0.005118320 0.010349060 0.006752930 0.003173500 0.002631890 0.006442260 0.006577970 0.006392340 0.006238020 0.012785680 0.012550470 0.022271640 
23     0.012087190 0.009559760 0.009559720 0.007729320 0.009523260 0.007810430 0.005115120 0.009614540 0.008694360 0.004391870 0.006620650 0.007997330 0.011921650 0.005615920 0.006806850 0.006135300 0.005866440 0.008847300 0.009676370 0.009710070 0.009574090 0.008004590 0.010958400 0.011368210 0.005569390 0.007167790 0.010721230 0.010853110 0.008636540 0.008912670 0.008438360 0.006369250 0.006396580 0.007781140 0.008784300 0.004051070 0.000000000 0.000314310 0.000321490 0.003186660 0.000547040 0.002057460 0.001395430 0.003355120 0.002556100 0.003723310 0.001829340 0.001847680 0.002398020 0.000951660 0.016490440 
11     0.005095330 0.009516430 0.009516390 0.007685990 0.009479930 0.003589250 0.006052770 0.009336250 0.008416070 0.005329520 0.007931660 0.009308340 0.013232660 0.005882210 0.008117860 0.007446310 0.007177450 0.009169770 0.009398080 0.011021080 0.010885100 0.008360570 0.010680110 0.011089920 0.006396320 0.008478800 0.010442940 0.010574820 0.009712610 0.009717190 0.009749370 0.007680260 0.007707590 0.004861250 0.003597820 0.003342690 0.000314310 0.000000000 0.000043910 0.002521730 0.000503710 0.002995110 0.000981590 0.005121150 0.003240490 0.002634080 0.003307030 0.002718500 0.002205840 0.000759480 0.010746490 
38     0.011503440 0.009042020 0.009109350 0.007278950 0.009072890 0.007360060 0.004857830 0.009623030 0.008702850 0.004134580 0.005852790 0.007229470 0.011153790 0.004848060 0.006038990 0.005367440 0.005098580 0.008079440 0.009058430 0.008942210 0.008806230 0.007236730 0.010966890 0.011376700 0.004801530 0.006399930 0.010729720 0.010861600 0.007868680 0.008144810 0.007670500 0.005601390 0.005628720 0.003048360 0.005176280 0.002777750 0.000321490 0.000043910 0.000000000 0.002418800 0.000096670 0.001800170 0.000945060 0.002081800 0.003366870 0.002048030 0.002870820 0.003610690 0.003286280 0.001839920 0.008933600 
39     0.006870960 0.010033740 0.010115290 0.010992460 0.008156840 0.005364880 0.012328160 0.012799280 0.011879100 0.009817840 0.006844510 0.008221190 0.011938820 0.005688190 0.007030710 0.006359160 0.006090300 0.006690750 0.010050150 0.007820360 0.007921100 0.004384450 0.011540650 0.011556700 0.005793250 0.007391650 0.012279920 0.013046940 0.008860400 0.009136530 0.008662220 0.006593110 0.006414070 0.006215350 0.005373450 0.005118320 0.003186660 0.002521730 0.002418800 0.000000000 0.000217420 0.002335830 0.000761420 0.000905960 0.004358590 0.001840490 0.003862540 0.001974570 0.004420420 0.003611130 0.020069250 
50     0.011733410 0.009205980 0.009205940 0.007375540 0.009169480 0.007456650 0.006219170 0.010459260 0.010155240 0.005495920 0.008992930 0.010369610 0.014293930 0.003918500 0.009179130 0.008507580 0.008238720 0.011219580 0.012198570 0.009336060 0.004826750 0.004179450 0.009441530 0.009564100 0.007941670 0.009540070 0.013969330 0.014101210 0.011008820 0.011284950 0.010810640 0.006162550 0.008768860 0.013385340 0.011156580 0.010349060 0.000547040 0.000503710 0.000096670 0.000217420 0.000000000 0.000602610 0.001041650 0.004011150 0.006507010 0.002238800 0.005076660 0.002372880 0.005251740 0.004009440 0.005137380 
7     0.006283350 0.015031100 0.012199420 0.013774030 0.017014540 0.006999490 0.006522080 0.010419790 0.009499610 0.004790500 0.011841870 0.013218550 0.013468450 0.001562300 0.003803560 0.008810710 0.011087660 0.008220380 0.010481620 0.014652440 0.014795310 0.001462110 0.011763650 0.012173460 0.009873960 0.011850550 0.011526480 0.011658360 0.010796150 0.010800730 0.011832890 0.010681810 0.007943700 0.007744980 0.007008060 0.006752930 0.002057460 0.002995110 0.001800170 0.002335830 0.000602610 0.000000000 0.001109580 0.000606820 0.006510370 0.003244640 0.004096640 0.003467280 0.004679460 0.005182500 0.014569330 
42     0.004926140 0.010053550 0.010053510 0.008223110 0.010017050 0.003420060 0.009577390 0.010048510 0.009128330 0.009773060 0.007588190 0.008964870 0.011894040 0.003796550 0.007774390 0.007102840 0.006833980 0.006645970 0.010110340 0.010677610 0.010541630 0.001487780 0.003194780 0.004228770 0.006536930 0.008135330 0.011155200 0.011287080 0.009604080 0.009880210 0.009405900 0.007336790 0.006369290 0.004133210 0.003428630 0.003173500 0.001395430 0.000981590 0.000945060 0.000761420 0.001041650 0.001109580 0.000000000 0.000864610 0.004259610 0.002703360 0.004606220 0.002837440 0.004105250 0.004474000 0.010018450 
19     0.013118640 0.010657220 0.011476780 0.011615940 0.013746680 0.008981780 0.009916630 0.010387750 0.009467570 0.011059650 0.005419810 0.008844670 0.012768990 0.001886680 0.007654190 0.006982640 0.006713780 0.009582910 0.010449580 0.005502510 0.009908980 0.000629670 0.007184200 0.008218190 0.006416730 0.008015130 0.011494440 0.011626320 0.009483880 0.009760010 0.009285700 0.007216590 0.007243920 0.004797790 0.008473740 0.002631890 0.003355120 0.005121150 0.002081800 0.000905960 0.004011150 0.000606820 0.000864610 0.000000000 0.004982070 0.004315960 0.004486020 0.005537530 0.003489470 0.004752020 0.004102370 
30     0.008194900 0.010722310 0.009818830 0.010583220 0.011870490 0.006688820 0.009885860 0.010356980 0.009436800 0.011028880 0.007533080 0.008909760 0.012834080 0.006528350 0.007719280 0.007047730 0.006778870 0.009759730 0.010418810 0.010622500 0.010486520 0.008917020 0.011700840 0.012110650 0.006481820 0.008080220 0.011463670 0.011595550 0.009548970 0.009825100 0.009350790 0.007281680 0.007309010 0.010620410 0.006697390 0.006442260 0.002556100 0.003240490 0.003366870 0.004358590 0.006507010 0.006510370 0.004259610 0.004982070 0.000000000 0.000508630 0.000158810 0.000167030 0.001719230 0.001650990 0.020757820 
13     0.008330610 0.010884350 0.008575260 0.007146500 0.010626920 0.006824530 0.008963250 0.009434370 0.008514190 0.010106270 0.006772250 0.004329320 0.014032300 0.006534370 0.008917500 0.008245950 0.007977090 0.009267890 0.009496200 0.011820720 0.011684740 0.010115240 0.010778230 0.008940560 0.007680040 0.009278440 0.009131770 0.010672940 0.009810730 0.009284190 0.010549010 0.008479900 0.008507230 0.011285320 0.006833100 0.006577970 0.003723310 0.002634080 0.002048030 0.001840490 0.002238800 0.003244640 0.002703360 0.004315960 0.000508630 0.000000000 0.000450300 0.000324770 0.000086070 0.000144840 0.012853060 
37     0.008144980 0.010123730 0.007814640 0.008579030 0.009866300 0.005933260 0.008806790 0.009277910 0.001158570 0.009949810 0.007037030 0.008413710 0.012338030 0.006032300 0.007223230 0.006551680 0.006282820 0.009111430 0.009339740 0.010126450 0.009990470 0.008420970 0.010621770 0.011031580 0.005985770 0.007584170 0.007758620 0.010025420 0.009052920 0.007911040 0.008854740 0.006785630 0.006812960 0.008995270 0.006647470 0.006392340 0.001829340 0.003307030 0.002870820 0.003862540 0.005076660 0.004096640 0.004606220 0.004486020 0.000158810 0.000450300 0.000000000 0.000009360 0.001820990 0.000599660 0.015681260 
29     0.007990660 0.010315880 0.008006790 0.008771180 0.010058450 0.006484580 0.009236800 0.009707920 0.008787740 0.010379820 0.010843080 0.012219760 0.015635460 0.005917360 0.011029280 0.010357730 0.010088870 0.009541440 0.009769750 0.013932500 0.013796520 0.012227020 0.010757890 0.009431990 0.009162090 0.011138680 0.010814610 0.010946490 0.010084280 0.010088860 0.011121020 0.009969940 0.010110710 0.009911990 0.006493150 0.006238020 0.001847680 0.002718500 0.003610690 0.001974570 0.002372880 0.003467280 0.002837440 0.005537530 0.000167030 0.000324770 0.000009360 0.000000000 0.002121420 0.000474130 0.017618480 
12     0.009508100 0.011234990 0.008381410 0.009690290 0.010977560 0.010759770 0.008697890 0.009169010 0.008248830 0.009840910 0.009245980 0.010622660 0.014546980 0.006421600 0.009432180 0.008760630 0.008491770 0.009002530 0.009230840 0.012335400 0.012199420 0.010629920 0.010512870 0.010922680 0.008194720 0.009793120 0.006182720 0.006145690 0.006588740 0.005147980 0.008543830 0.005695730 0.009021910 0.013569620 0.011409630 0.012785680 0.002398020 0.002205840 0.003286280 0.004420420 0.005251740 0.004679460 0.004105250 0.003489470 0.001719230 0.000086070 0.001820990 0.002121420 0.000000000 0.000230610 0.018730070 
45     0.010251240 0.010156280 0.007847190 0.008611580 0.009898850 0.010524560 0.008557990 0.009029110 0.008108930 0.009701010 0.009010770 0.010387450 0.014311770 0.007651650 0.009196970 0.008525420 0.008256560 0.008862630 0.009090940 0.012100190 0.011964210 0.010394710 0.010372970 0.010782780 0.007959510 0.009557910 0.007409220 0.007372190 0.007815240 0.003915850 0.009158540 0.005071730 0.008786700 0.014791590 0.009504430 0.012550470 0.000951660 0.000759480 0.001839920 0.003611130 0.004009440 0.005182500 0.004474000 0.004752020 0.001650990 0.000144840 0.000599660 0.000474130 0.000230610 0.000000000 0.018544080 
0     0.012548220 0.012871560 0.016229390 0.013513910 0.006002330 0.014480100 0.013453320 0.012326960 0.012067640 0.011526700 0.018017000 0.019393680 0.023318000 0.013462720 0.017601660 0.015505200 0.015339590 0.004314110 0.021222640 0.011444400 0.012450300 0.009790380 0.023884420 0.022709000 0.014807510 0.018564140 0.022665770 0.022719280 0.016053710 0.015993070 0.012617730 0.015556680 0.017792930 0.008909700 0.011037620 0.022271640 0.016490440 0.010746490 0.008933600 0.020069250 0.005137380 0.014569330 0.010018450 0.004102370 0.020757820 0.012853060 0.015681260 0.017618480 0.018730070 0.018544080 0.000000000 
