51
3     0.000000000 0.042812097 0.043301507 0.043058581 0.040654168 0.146823110 0.149098677 0.148508023 0.148257824 0.135647987 0.145907374 0.155179765 0.160724584 0.144394493 0.146530235 0.148050202 0.147761538 0.146839669 0.155226385 0.148684839 0.150371923 0.146773017 0.148588092 0.147991182 0.149144743 0.157369656 0.144997708 0.144758790 0.143700147 0.143717885 0.146164392 0.146532822 0.148183410 0.169208277 0.170981819 0.170336121 0.131171213 0.131269995 0.131046971 0.146064149 0.149711761 0.147066922 0.136427646 0.142565565 0.142819327 0.131083729 0.132145245 0.134101632 0.132861425 0.133516332 0.196503494 
1     0.042812097 0.000000000 0.028082058 0.028966425 0.024955791 0.145701184 0.148069784 0.147479130 0.147228931 0.134935793 0.144931889 0.154204281 0.159749099 0.143392391 0.145554750 0.147074718 0.146786054 0.145845279 0.154222304 0.147696966 0.149397881 0.145750949 0.147612485 0.147015575 0.148174149 0.156403187 0.144027114 0.143788196 0.142729553 0.142747291 0.145193798 0.145562228 0.147212816 0.168234383 0.170002063 0.169347652 0.130191346 0.130290128 0.130026973 0.144957449 0.148659699 0.146016550 0.135369817 0.141507662 0.141648055 0.129912457 0.130973973 0.132930360 0.131885720 0.132506656 0.195444382 
5     0.043301507 0.028082058 0.000000000 0.020018130 0.023760138 0.146423690 0.148756207 0.148165552 0.147915354 0.135615160 0.145632329 0.154904720 0.160449539 0.144092831 0.146242175 0.147762142 0.147473478 0.146542425 0.154888231 0.148366325 0.150037592 0.146440889 0.148339384 0.147742474 0.148883760 0.157103483 0.144736725 0.144497807 0.143439164 0.143456902 0.145903409 0.146271839 0.147922428 0.168986241 0.170753921 0.170099510 0.131025547 0.131124330 0.130861174 0.145829902 0.149531599 0.146894816 0.136247484 0.142385403 0.142482273 0.130746675 0.131808192 0.133764578 0.132719939 0.133388254 0.196178027 
4     0.043058581 0.028966425 0.020018130 0.000000000 0.024138990 0.145467443 0.147796226 0.147205572 0.146955373 0.134610032 0.144728469 0.154000861 0.159545679 0.143176715 0.145326059 0.146846026 0.146557363 0.145626309 0.153981726 0.147509465 0.149180732 0.145577571 0.147423269 0.146826359 0.147967645 0.156187368 0.143820610 0.143581692 0.142523049 0.142540787 0.144987294 0.145355724 0.147006312 0.167917815 0.169744893 0.169090482 0.130039613 0.130136848 0.129873692 0.144856229 0.148544183 0.145914308 0.135260068 0.141397987 0.141473663 0.129720520 0.130800060 0.132758480 0.131732522 0.132360268 0.195444533 
6     0.040654168 0.024955791 0.023760138 0.024138990 0.000000000 0.144002562 0.146368113 0.145777459 0.145527261 0.133234123 0.143247667 0.152520059 0.158064877 0.141702442 0.143870529 0.145390496 0.145101832 0.144179962 0.152583460 0.145962730 0.147656697 0.144027214 0.145940660 0.145343750 0.146485036 0.154704198 0.142338001 0.142099083 0.141040440 0.141058178 0.143504685 0.143873115 0.145523704 0.166529008 0.168296688 0.167642277 0.128568314 0.128667096 0.128403941 0.143372669 0.147074366 0.144444491 0.133790251 0.139928170 0.140025040 0.128289442 0.129350958 0.131307345 0.130262705 0.130931021 0.193531095 
2     0.146823110 0.145701184 0.146423690 0.145467443 0.144002562 0.000000000 0.143170258 0.142579604 0.142329405 0.129813484 0.139745232 0.149176101 0.154514747 0.138076084 0.140100993 0.141620960 0.141332296 0.140540434 0.149030803 0.143120982 0.144852232 0.141120098 0.143005223 0.142238685 0.143077038 0.151477679 0.138926606 0.138687688 0.137657358 0.137675095 0.140121603 0.140463926 0.142061186 0.162783278 0.164316848 0.163617308 0.125011334 0.125110117 0.124788415 0.139746664 0.143425155 0.140777895 0.129946798 0.136093405 0.136482257 0.124746659 0.125528076 0.127764562 0.126754400 0.127574386 0.190823311 
44     0.149098677 0.148069784 0.148756207 0.147796226 0.146368113 0.143170258 0.000000000 0.015945120 0.014954240 0.057845152 0.113084547 0.122618530 0.128111147 0.111859235 0.113871919 0.115290039 0.114999533 0.114468888 0.122947592 0.116696399 0.118415907 0.114755356 0.116086653 0.115306127 0.116801743 0.125159871 0.112729922 0.112474986 0.111223588 0.111246359 0.113687833 0.114408040 0.115682841 0.145493725 0.147002241 0.146387777 0.107191377 0.107290160 0.106954044 0.121752811 0.125329175 0.122971777 0.112135598 0.118243225 0.118385045 0.106656733 0.107705698 0.109665773 0.108596768 0.109417445 0.180615671 
16     0.148508023 0.147479130 0.148165552 0.147205572 0.145777459 0.142579604 0.015945120 0.000000000 0.013001791 0.057224689 0.112493893 0.122027875 0.127520493 0.111268581 0.113281265 0.114699385 0.114408878 0.113878234 0.122348915 0.116105745 0.117825253 0.114164702 0.115495999 0.114715472 0.116211089 0.124569217 0.112139268 0.111884332 0.110632934 0.110655704 0.113097178 0.113817385 0.115092187 0.144903071 0.146411587 0.145797122 0.106600723 0.106699505 0.106363390 0.121162157 0.124728273 0.122381122 0.111544944 0.117652571 0.117794390 0.106066079 0.107115044 0.109075118 0.108006114 0.108826790 0.180025017 
20     0.148257824 0.147228931 0.147915354 0.146955373 0.145527261 0.142329405 0.014954240 0.013001791 0.000000000 0.057033033 0.112243694 0.121777677 0.127270295 0.111018382 0.113031066 0.114449187 0.114158680 0.113628036 0.122073566 0.115855547 0.117575054 0.113914503 0.115245800 0.114465274 0.115960891 0.124319018 0.111889070 0.111634133 0.110382735 0.110405506 0.112846980 0.113567187 0.114841989 0.144623253 0.146131768 0.145517304 0.106289768 0.106388550 0.106052434 0.120851201 0.124427565 0.122070167 0.111233988 0.117341615 0.117475449 0.105747137 0.106757608 0.108735066 0.107693521 0.108514197 0.179775049 
27     0.135647987 0.134935793 0.135615160 0.134610032 0.133234123 0.129813484 0.057845152 0.057224689 0.057033033 0.000000000 0.099665255 0.109209131 0.114581929 0.098400088 0.100406442 0.101881100 0.101592437 0.100991175 0.109422454 0.103155334 0.104874842 0.101206249 0.102832904 0.102033277 0.103202237 0.111797797 0.099144302 0.098889366 0.097594457 0.097617227 0.100058702 0.100822419 0.102356937 0.132266870 0.133835920 0.133221456 0.093992464 0.094091246 0.093755130 0.108491625 0.112110114 0.109675760 0.098882519 0.104990098 0.105155096 0.093426784 0.094475749 0.096435824 0.095311506 0.096132182 0.167809272 
49     0.145907374 0.144931889 0.145632329 0.144728469 0.143247667 0.139745232 0.113084547 0.112493893 0.112243694 0.099665255 0.000000000 0.029789565 0.045107994 0.045540351 0.047759958 0.049360255 0.049050613 0.056776102 0.065976288 0.063683221 0.065445395 0.061747201 0.064010451 0.062912213 0.076757315 0.085334786 0.072596913 0.072233549 0.071147680 0.071153543 0.073611925 0.074394980 0.076340947 0.142281007 0.143832276 0.143026038 0.104118284 0.104217066 0.103880950 0.118063275 0.122079287 0.119574299 0.108832609 0.114721182 0.115298152 0.103381030 0.104541835 0.106501909 0.105291766 0.106187233 0.178350549 
14     0.155179765 0.154204281 0.154904720 0.154000861 0.152520059 0.149176101 0.122618530 0.122027875 0.121777677 0.109209131 0.029789565 0.000000000 0.054807341 0.054931216 0.057067106 0.058680381 0.058355129 0.066611103 0.075851506 0.073700106 0.075462281 0.071764087 0.074030922 0.072933600 0.086573725 0.095168018 0.082447474 0.082092018 0.080991152 0.081002937 0.083455397 0.084245541 0.086312494 0.151757188 0.153456020 0.152502219 0.113558783 0.113653978 0.113321449 0.127505591 0.131519786 0.128999082 0.118263177 0.124156188 0.124721700 0.112806452 0.113962268 0.115922343 0.114733724 0.115629190 0.187831844 
35     0.160724584 0.159749099 0.160449539 0.159545679 0.158064877 0.154514747 0.128111147 0.127520493 0.127270295 0.114581929 0.045107994 0.054807341 0.000000000 0.060935895 0.063019609 0.064623876 0.064317011 0.071643499 0.080919746 0.078876806 0.080639184 0.076940991 0.079160464 0.078107022 0.091632297 0.100188431 0.087567000 0.087211544 0.086084587 0.086096371 0.088576897 0.089358558 0.091517256 0.156949453 0.158551690 0.157745452 0.118887818 0.118986600 0.118650485 0.132847774 0.136854322 0.134333389 0.123600714 0.129509336 0.130061836 0.118147083 0.119305518 0.121265593 0.120069939 0.120965405 0.193174073 
24     0.144394493 0.143392391 0.144092831 0.143176715 0.141702442 0.138076084 0.111859235 0.111268581 0.111018382 0.098400088 0.045540351 0.054931216 0.060935895 0.000000000 0.020476446 0.022223493 0.022063009 0.055301372 0.064505306 0.062765219 0.064507160 0.060852383 0.062791131 0.061812619 0.075574713 0.083988691 0.071469078 0.071085689 0.070023951 0.070035735 0.072488196 0.073273368 0.075014803 0.140756800 0.142304016 0.141500595 0.102628504 0.102727286 0.102391170 0.116667523 0.120550448 0.118013118 0.107267582 0.113191365 0.113801098 0.101864211 0.103044806 0.105004881 0.103846454 0.104741920 0.176519735 
9     0.146530235 0.145554750 0.146242175 0.145326059 0.143870529 0.140100993 0.113871919 0.113281265 0.113031066 0.100406442 0.047759958 0.057067106 0.063019609 0.020476446 0.000000000 0.014840745 0.015109589 0.057082132 0.066274413 0.064718595 0.066460536 0.062805759 0.064885921 0.063880655 0.077702700 0.086114749 0.073418554 0.073024530 0.071973426 0.071985211 0.074437671 0.075384248 0.076824782 0.142675598 0.144234836 0.143423529 0.104593295 0.104692077 0.104355961 0.118586945 0.122494496 0.119870895 0.109211856 0.115175144 0.115778895 0.103846097 0.105022578 0.106982653 0.105824766 0.106720232 0.178539911 
32     0.148050202 0.147074718 0.147762142 0.146846026 0.145390496 0.141620960 0.115290039 0.114699385 0.114449187 0.101881100 0.049360255 0.058680381 0.064623876 0.022223493 0.014840745 0.000000000 0.013047813 0.058552772 0.067745765 0.066281677 0.068023618 0.064330983 0.066406952 0.065406786 0.079298744 0.087710793 0.074970785 0.074583765 0.073525657 0.073537442 0.075989902 0.076936479 0.078417880 0.144195738 0.145754976 0.144946486 0.106155644 0.106254426 0.105918310 0.120195318 0.124078242 0.121543765 0.110795602 0.116723028 0.117335512 0.105405285 0.106579195 0.108539270 0.107383953 0.108279419 0.180059878 
40     0.147761538 0.146786054 0.147473478 0.146557363 0.145101832 0.141332296 0.114999533 0.114408878 0.114158680 0.101592437 0.049050613 0.058355129 0.064317011 0.022063009 0.015109589 0.013047813 0.000000000 0.058211085 0.067403365 0.065899232 0.067641173 0.063986397 0.066251633 0.065251467 0.079085251 0.087497300 0.074757125 0.074370106 0.073311998 0.073323783 0.075776243 0.076722820 0.078194028 0.143907074 0.145466312 0.144657822 0.105866980 0.105965762 0.105629646 0.119906654 0.123789579 0.121255101 0.110506938 0.116434364 0.117046848 0.105116621 0.106290531 0.108250606 0.107095289 0.107990755 0.179771214 
47     0.146839669 0.145845279 0.146542425 0.145626309 0.144179962 0.140540434 0.114468888 0.113878234 0.113628036 0.100991175 0.056776102 0.066611103 0.071643499 0.055301372 0.057082132 0.058552772 0.058211085 0.000000000 0.037050157 0.063898312 0.065671283 0.062007364 0.064198535 0.063170665 0.077411654 0.085824906 0.073051982 0.072719876 0.071594869 0.071646825 0.074059114 0.075053803 0.076413486 0.143429579 0.144943518 0.144084869 0.105248533 0.105347315 0.105011199 0.119325845 0.123219282 0.120643166 0.109925984 0.115870462 0.116418223 0.104524996 0.105604934 0.107580732 0.106281550 0.107243446 0.179352523 
22     0.155226385 0.154222304 0.154888231 0.153981726 0.152583460 0.149030803 0.122947592 0.122348915 0.122073566 0.109422454 0.065976288 0.075851506 0.080919746 0.064505306 0.066274413 0.067745765 0.067403365 0.037050157 0.000000000 0.073080453 0.074849267 0.071184842 0.073357037 0.072297380 0.086533287 0.094944466 0.082115629 0.081797281 0.080665104 0.080717060 0.083129349 0.084117320 0.085291736 0.151853014 0.153338127 0.152426639 0.113832354 0.113931137 0.113595021 0.127914404 0.131807550 0.129241224 0.118504526 0.124449004 0.124998629 0.113100549 0.114187254 0.116163052 0.114867745 0.115802314 0.187960113 
18     0.148684839 0.147696966 0.148366325 0.147509465 0.145962730 0.143120982 0.116696399 0.116105745 0.115855547 0.103155334 0.063683221 0.073700106 0.078876806 0.062765219 0.064718595 0.066281677 0.065899232 0.063898312 0.073080453 0.000000000 0.015109800 0.015611554 0.043754218 0.043051013 0.078653715 0.087049604 0.074371109 0.074061427 0.072954075 0.073006031 0.075418320 0.076182312 0.078614803 0.145638341 0.147143743 0.146355454 0.107597228 0.107696010 0.107359894 0.121674830 0.125580797 0.123088750 0.112305695 0.118206885 0.118794877 0.106904301 0.107962602 0.109922676 0.108828068 0.109725057 0.181013297 
26     0.150371923 0.149397881 0.150037592 0.149180732 0.147656697 0.144852232 0.118415907 0.117825253 0.117575054 0.104874842 0.065445395 0.075462281 0.080639184 0.064507160 0.066460536 0.068023618 0.067641173 0.065671283 0.074849267 0.015109800 0.000000000 0.017079275 0.045296740 0.044593302 0.080408792 0.088804852 0.076126357 0.075816675 0.074709322 0.074761278 0.077173567 0.077937559 0.080357314 0.147380418 0.148885820 0.148097532 0.109339305 0.109438088 0.109101972 0.123421031 0.127318201 0.124830828 0.114047772 0.119957256 0.120536954 0.108646379 0.109704679 0.111664754 0.110570146 0.111467134 0.182745758 
8     0.146773017 0.145750949 0.146440889 0.145577571 0.144027214 0.141120098 0.114755356 0.114164702 0.113914503 0.101206249 0.061747201 0.071764087 0.076940991 0.060852383 0.062805759 0.064330983 0.063986397 0.062007364 0.071184842 0.015611554 0.017079275 0.000000000 0.041728682 0.040957562 0.076760763 0.085250674 0.072553955 0.072244272 0.071136920 0.071188876 0.073601165 0.074365157 0.076652004 0.143605300 0.145122807 0.144334519 0.105489822 0.105588604 0.105252489 0.119571651 0.123404670 0.120999785 0.110193356 0.116101691 0.116702204 0.104811628 0.105869928 0.107830003 0.106735395 0.107632383 0.179012221 
36     0.148588092 0.147612485 0.148339384 0.147423269 0.145940660 0.143005223 0.116086653 0.115495999 0.115245800 0.102832904 0.064010451 0.074030922 0.079160464 0.062791131 0.064885921 0.066406952 0.066251633 0.064198535 0.073357037 0.043754218 0.045296740 0.041728682 0.000000000 0.015067551 0.078580254 0.086968682 0.074329296 0.074019614 0.072912261 0.072964217 0.075376506 0.076140498 0.078173372 0.145083559 0.146636379 0.145848091 0.107360022 0.107458804 0.107122688 0.121504059 0.125440096 0.122835751 0.112063098 0.117986399 0.118568744 0.106678168 0.107713154 0.109673301 0.108607854 0.109504842 0.181451338 
31     0.147991182 0.147015575 0.147742474 0.146826359 0.145343750 0.142238685 0.115306127 0.114715472 0.114465274 0.102033277 0.062912213 0.072933600 0.078107022 0.061812619 0.063880655 0.065406786 0.065251467 0.063170665 0.072297380 0.043051013 0.044593302 0.040957562 0.015067551 0.000000000 0.077646824 0.086148517 0.073522760 0.073213077 0.072105725 0.072157681 0.074569970 0.075333962 0.077312069 0.144242790 0.145795610 0.145007321 0.106385417 0.106484200 0.106148084 0.120529454 0.124465492 0.121837450 0.111088493 0.117011795 0.117584787 0.105694292 0.106736734 0.108691332 0.107633249 0.108530238 0.180663928 
34     0.149144743 0.148174149 0.148883760 0.147967645 0.146485036 0.143077038 0.116801743 0.116211089 0.115960891 0.103202237 0.076757315 0.086573725 0.091632297 0.075574713 0.077702700 0.079298744 0.079085251 0.077411654 0.086533287 0.078653715 0.080408792 0.076760763 0.078580254 0.077646824 0.000000000 0.037777662 0.041700736 0.041699744 0.040953201 0.041120368 0.043331414 0.043496030 0.064005051 0.145490337 0.146884922 0.146459706 0.107656178 0.107754961 0.107423808 0.121897272 0.125719828 0.123096011 0.112362400 0.118604278 0.118885037 0.107055421 0.108154592 0.110114666 0.109003388 0.109897375 0.180815612 
41     0.157369656 0.156403187 0.157103483 0.156187368 0.154704198 0.151477679 0.125159871 0.124569217 0.124319018 0.111797797 0.085334786 0.095168018 0.100188431 0.083988691 0.086114749 0.087710793 0.087497300 0.085824906 0.094944466 0.087049604 0.088804852 0.085250674 0.086968682 0.086148517 0.037777662 0.000000000 0.050197273 0.050204464 0.049427367 0.049593149 0.051813960 0.051971139 0.072595147 0.153873134 0.155267923 0.154842503 0.116025307 0.116124090 0.115787974 0.130219174 0.134045757 0.131414231 0.120691760 0.126947870 0.127221340 0.115391725 0.116522238 0.118475294 0.117342641 0.118236628 0.189208662 
28     0.144997708 0.144027114 0.144736725 0.143820610 0.142338001 0.138926606 0.112729922 0.112139268 0.111889070 0.099144302 0.072596913 0.082447474 0.087567000 0.071469078 0.073418554 0.074970785 0.074757125 0.073051982 0.082115629 0.074371109 0.076126357 0.072553955 0.074329296 0.073522760 0.041700736 0.050197273 0.000000000 0.010858619 0.019919220 0.020086779 0.022342524 0.023327901 0.059458690 0.141364993 0.142888990 0.142343135 0.103489034 0.103591902 0.103251701 0.117813827 0.121640603 0.119001583 0.108288576 0.114524463 0.114798456 0.102981004 0.104080174 0.106047406 0.104893033 0.105787020 0.176650996 
10     0.144758790 0.143788196 0.144497807 0.143581692 0.142099083 0.138687688 0.112474986 0.111884332 0.111634133 0.098889366 0.072233549 0.082092018 0.087211544 0.071085689 0.073024530 0.074583765 0.074370106 0.072719876 0.081797281 0.074061427 0.075816675 0.072244272 0.074019614 0.073213077 0.041699744 0.050204464 0.010858619 0.000000000 0.019888469 0.020093032 0.022327451 0.023334764 0.059142910 0.141256303 0.142780299 0.142234444 0.103296790 0.103399657 0.103059456 0.117621583 0.121448358 0.118809338 0.108096332 0.114332219 0.114606212 0.102788759 0.103887930 0.105855161 0.104700788 0.105594775 0.176412079 
15     0.143700147 0.142729553 0.143439164 0.142523049 0.141040440 0.137657358 0.111223588 0.110632934 0.110382735 0.097594457 0.071147680 0.080991152 0.086084587 0.070023951 0.071973426 0.073525657 0.073311998 0.071594869 0.080665104 0.072954075 0.074709322 0.071136920 0.072912261 0.072105725 0.040953201 0.049427367 0.019919220 0.019888469 0.000000000 0.009760119 0.013644409 0.022219529 0.058168077 0.139979127 0.141505871 0.140960016 0.102104219 0.102207087 0.101866886 0.116430382 0.120257157 0.117618137 0.106888016 0.113141018 0.113407413 0.101597558 0.102696729 0.104663960 0.103509587 0.104403574 0.175671533 
21     0.143717885 0.142747291 0.143456902 0.142540787 0.141058178 0.137675095 0.111246359 0.110655704 0.110405506 0.097617227 0.071153543 0.081002937 0.086096371 0.070035735 0.071985211 0.073537442 0.073323783 0.071646825 0.080717060 0.073006031 0.074761278 0.071188876 0.072964217 0.072157681 0.041120368 0.049593149 0.020086779 0.020093032 0.009760119 0.000000000 0.014077955 0.022283001 0.058214634 0.139996864 0.141523608 0.140977753 0.102046238 0.102149106 0.101808905 0.116371277 0.120198273 0.117559032 0.106828910 0.113081913 0.113348189 0.101538453 0.102637623 0.104604855 0.103437375 0.104333835 0.175689271 
33     0.146164392 0.145193798 0.145903409 0.144987294 0.143504685 0.140121603 0.113687833 0.113097178 0.112846980 0.100058702 0.073611925 0.083455397 0.088576897 0.072488196 0.074437671 0.075989902 0.075776243 0.074059114 0.083129349 0.075418320 0.077173567 0.073601165 0.075376506 0.074569970 0.043331414 0.051813960 0.022342524 0.022327451 0.013644409 0.014077955 0.000000000 0.024525148 0.060653532 0.142443371 0.143970116 0.143424261 0.104568464 0.104671331 0.104331131 0.118894627 0.122721402 0.120082382 0.109351627 0.115605263 0.115871658 0.104061803 0.105160973 0.107128205 0.105973832 0.106867819 0.178122230 
46     0.146532822 0.145562228 0.146271839 0.145355724 0.143873115 0.140463926 0.114408040 0.113817385 0.113567187 0.100822419 0.074394980 0.084245541 0.089358558 0.073273368 0.075384248 0.076936479 0.076722820 0.075053803 0.084117320 0.076182312 0.077937559 0.074365157 0.076140498 0.075333962 0.043496030 0.051971139 0.023327901 0.023334764 0.022219529 0.022283001 0.024525148 0.000000000 0.061353346 0.142856035 0.144380031 0.143834176 0.104907060 0.105009927 0.104669726 0.119179736 0.123005395 0.120385500 0.109646778 0.115900022 0.116158329 0.104354937 0.105444825 0.107421339 0.106293027 0.107187014 0.178176615 
17     0.148183410 0.147212816 0.147922428 0.147006312 0.145523704 0.142061186 0.115682841 0.115092187 0.114841989 0.102356937 0.076340947 0.086312494 0.091517256 0.075014803 0.076824782 0.078417880 0.078194028 0.076413486 0.085291736 0.078614803 0.080357314 0.076652004 0.078173372 0.077312069 0.064005051 0.072595147 0.059458690 0.059142910 0.058168077 0.058214634 0.060653532 0.061353346 0.000000000 0.144542488 0.146057601 0.145499359 0.106531888 0.106630671 0.106294555 0.120901598 0.124714018 0.122171546 0.111385121 0.117612235 0.117842417 0.105979147 0.107078317 0.109038392 0.107899959 0.108793946 0.180280283 
43     0.169208277 0.168234383 0.168986241 0.167917815 0.166529008 0.162783278 0.145493725 0.144903071 0.144623253 0.132266870 0.142281007 0.151757188 0.156949453 0.140756800 0.142675598 0.144195738 0.143907074 0.143429579 0.151853014 0.145638341 0.147380418 0.143605300 0.145083559 0.144242790 0.145490337 0.153873134 0.141364993 0.141256303 0.139979127 0.139996864 0.142443371 0.142856035 0.144542488 0.000000000 0.040374343 0.040089978 0.113335922 0.113434704 0.113098428 0.127958626 0.131514465 0.129183249 0.118384223 0.124527434 0.124678890 0.112969917 0.114029417 0.115969261 0.114955867 0.115775356 0.200265372 
25     0.170981819 0.170002063 0.170753921 0.169744893 0.168296688 0.164316848 0.147002241 0.146411587 0.146131768 0.133835920 0.143832276 0.153456020 0.158551690 0.142304016 0.144234836 0.145754976 0.145466312 0.144943518 0.153338127 0.147143743 0.148885820 0.145122807 0.146636379 0.145795610 0.146884922 0.155267923 0.142888990 0.142780299 0.141505871 0.141523608 0.143970116 0.144380031 0.146057601 0.040374343 0.000000000 0.018834120 0.115016401 0.115115184 0.114778907 0.129643040 0.133198879 0.130885678 0.120066423 0.126208342 0.126220978 0.114512005 0.115540378 0.117511992 0.116488700 0.117308189 0.202100329 
48     0.170336121 0.169347652 0.170099510 0.169090482 0.167642277 0.163617308 0.146387777 0.145797122 0.145517304 0.133221456 0.143026038 0.152502219 0.157745452 0.141500595 0.143423529 0.144946486 0.144657822 0.144084869 0.152426639 0.146355454 0.148097532 0.144334519 0.145848091 0.145007321 0.146459706 0.154842503 0.142343135 0.142234444 0.140960016 0.140977753 0.143424261 0.143834176 0.145499359 0.040089978 0.018834120 0.000000000 0.114291455 0.114390237 0.114053961 0.128878440 0.132474615 0.130094207 0.119308759 0.125215289 0.125430754 0.113750751 0.114753424 0.116725038 0.115773133 0.116592622 0.201413673 
23     0.131171213 0.130191346 0.131025547 0.130039613 0.128568314 0.125011334 0.107191377 0.106600723 0.106289768 0.093992464 0.104118284 0.113558783 0.118887818 0.102628504 0.104593295 0.106155644 0.105866980 0.105248533 0.113832354 0.107597228 0.109339305 0.105489822 0.107360022 0.106385417 0.107656178 0.116025307 0.103489034 0.103296790 0.102104219 0.102046238 0.104568464 0.104907060 0.106531888 0.113335922 0.115016401 0.114291455 0.000000000 0.008996678 0.009930001 0.044987525 0.048538595 0.046192602 0.035507512 0.041509001 0.044675784 0.033051321 0.034459355 0.036118998 0.034695609 0.035539397 0.162866240 
11     0.131269995 0.130290128 0.131124330 0.130136848 0.128667096 0.125110117 0.107290160 0.106699505 0.106388550 0.094091246 0.104217066 0.113653978 0.118986600 0.102727286 0.104692077 0.106254426 0.105965762 0.105347315 0.113931137 0.107696010 0.109438088 0.105588604 0.107458804 0.106484200 0.107754961 0.116124090 0.103591902 0.103399657 0.102207087 0.102149106 0.104671331 0.105009927 0.106630671 0.113434704 0.115115184 0.114390237 0.008996678 0.000000000 0.010280902 0.045161563 0.048696913 0.046330306 0.035592653 0.041556748 0.044750471 0.033108569 0.034536852 0.036179077 0.034792320 0.035635688 0.162965022 
38     0.131046971 0.130026973 0.130861174 0.129873692 0.128403941 0.124788415 0.106954044 0.106363390 0.106052434 0.093755130 0.103880950 0.113321449 0.118650485 0.102391170 0.104355961 0.105918310 0.105629646 0.105011199 0.113595021 0.107359894 0.109101972 0.105252489 0.107122688 0.106148084 0.107423808 0.115787974 0.103251701 0.103059456 0.101866886 0.101808905 0.104331131 0.104669726 0.106294555 0.113098428 0.114778907 0.114053961 0.009930001 0.010280902 0.000000000 0.044815266 0.048341659 0.045959857 0.035260243 0.041222641 0.044456396 0.032818693 0.034240152 0.035886141 0.034492306 0.035336094 0.162643320 
39     0.146064149 0.144957449 0.145829902 0.144856229 0.143372669 0.139746664 0.121752811 0.121162157 0.120851201 0.108491625 0.118063275 0.127505591 0.132847774 0.116667523 0.118586945 0.120195318 0.119906654 0.119325845 0.127914404 0.121674830 0.123421031 0.119571651 0.121504059 0.120529454 0.121897272 0.130219174 0.117813827 0.117621583 0.116430382 0.116371277 0.118894627 0.119179736 0.120901598 0.127958626 0.129643040 0.128878440 0.044987525 0.045161563 0.044815266 0.000000000 0.037420599 0.050378218 0.039429276 0.045317212 0.060323680 0.048671834 0.049904423 0.051737854 0.050691885 0.051509407 0.177128130 
50     0.149711761 0.148659699 0.149531599 0.148544183 0.147074366 0.143425155 0.125329175 0.124728273 0.124427565 0.112110114 0.122079287 0.131519786 0.136854322 0.120550448 0.122494496 0.124078242 0.123789579 0.123219282 0.131807550 0.125580797 0.127318201 0.123404670 0.125440096 0.124465492 0.125719828 0.134045757 0.121640603 0.121448358 0.120257157 0.120198273 0.122721402 0.123005395 0.124714018 0.131514465 0.133198879 0.132474615 0.048538595 0.048696913 0.048341659 0.037420599 0.000000000 0.053298550 0.042272430 0.048174457 0.063840851 0.052174981 0.053454500 0.055301951 0.054217932 0.055035455 0.180778936 
7     0.147066922 0.146016550 0.146894816 0.145914308 0.144444491 0.140777895 0.122971777 0.122381122 0.122070167 0.109675760 0.119574299 0.128999082 0.134333389 0.118013118 0.119870895 0.121543765 0.121255101 0.120643166 0.129241224 0.123088750 0.124830828 0.120999785 0.122835751 0.121837450 0.123096011 0.131414231 0.119001583 0.118809338 0.117618137 0.117559032 0.120082382 0.120385500 0.122171546 0.129183249 0.130885678 0.130094207 0.046192602 0.046330306 0.045959857 0.050378218 0.053298550 0.000000000 0.033707104 0.039361631 0.061268547 0.049670313 0.050823976 0.052712835 0.051803997 0.052621488 0.178332677 
42     0.136427646 0.135369817 0.136247484 0.135260068 0.133790251 0.129946798 0.112135598 0.111544944 0.111233988 0.098882519 0.108832609 0.118263177 0.123600714 0.107267582 0.109211856 0.110795602 0.110506938 0.109925984 0.118504526 0.112305695 0.114047772 0.110193356 0.112063098 0.111088493 0.112362400 0.120691760 0.108288576 0.108096332 0.106888016 0.106828910 0.109351627 0.109646778 0.111385121 0.118384223 0.120066423 0.119308759 0.035507512 0.035592653 0.035260243 0.039429276 0.042272430 0.033707104 0.000000000 0.026204260 0.050392776 0.038771788 0.039951656 0.041796136 0.040878431 0.041682503 0.167536074 
19     0.142565565 0.141507662 0.142385403 0.141397987 0.139928170 0.136093405 0.118243225 0.117652571 0.117341615 0.104990098 0.114721182 0.124156188 0.129509336 0.113191365 0.115175144 0.116723028 0.116434364 0.115870462 0.124449004 0.118206885 0.119957256 0.116101691 0.117986399 0.117011795 0.118604278 0.126947870 0.114524463 0.114332219 0.113141018 0.113081913 0.115605263 0.115900022 0.117612235 0.124527434 0.126208342 0.125215289 0.041509001 0.041556748 0.041222641 0.045317212 0.048174457 0.039361631 0.026204260 0.000000000 0.056668094 0.045018298 0.046191428 0.048066580 0.047105758 0.047935040 0.173429852 
30     0.142819327 0.141648055 0.142482273 0.141473663 0.140025040 0.136482257 0.118385045 0.117794390 0.117475449 0.105155096 0.115298152 0.124721700 0.130061836 0.113801098 0.115778895 0.117335512 0.117046848 0.116418223 0.124998629 0.118794877 0.120536954 0.116702204 0.118568744 0.117584787 0.118885037 0.127221340 0.114798456 0.114606212 0.113407413 0.113348189 0.115871658 0.116158329 0.117842417 0.124678890 0.126220978 0.125430754 0.044675784 0.044750471 0.044456396 0.060323680 0.063840851 0.061268547 0.050392776 0.056668094 0.000000000 0.026495915 0.028373412 0.029934038 0.036499066 0.037178691 0.173709260 
13     0.131083729 0.129912457 0.130746675 0.129720520 0.128289442 0.124746659 0.106656733 0.106066079 0.105747137 0.093426784 0.103381030 0.112806452 0.118147083 0.101864211 0.103846097 0.105405285 0.105116621 0.104524996 0.113100549 0.106904301 0.108646379 0.104811628 0.106678168 0.105694292 0.107055421 0.115391725 0.102981004 0.102788759 0.101597558 0.101538453 0.104061803 0.104354937 0.105979147 0.112969917 0.114512005 0.113750751 0.033051321 0.033108569 0.032818693 0.048671834 0.052174981 0.049670313 0.038771788 0.045018298 0.026495915 0.000000000 0.017091339 0.018372574 0.024918820 0.025637703 0.161973662 
37     0.132145245 0.130973973 0.131808192 0.130800060 0.129350958 0.125528076 0.107705698 0.107115044 0.106757608 0.094475749 0.104541835 0.113962268 0.119305518 0.103044806 0.105022578 0.106579195 0.106290531 0.105604934 0.114187254 0.107962602 0.109704679 0.105869928 0.107713154 0.106736734 0.108154592 0.116522238 0.104080174 0.103887930 0.102696729 0.102637623 0.105160973 0.105444825 0.107078317 0.114029417 0.115540378 0.114753424 0.034459355 0.034536852 0.034240152 0.049904423 0.053454500 0.050823976 0.039951656 0.046191428 0.028373412 0.017091339 0.000000000 0.014451647 0.026249920 0.027025083 0.163032222 
29     0.134101632 0.132930360 0.133764578 0.132758480 0.131307345 0.127764562 0.109665773 0.109075118 0.108735066 0.096435824 0.106501909 0.115922343 0.121265593 0.105004881 0.106982653 0.108539270 0.108250606 0.107580732 0.116163052 0.109922676 0.111664754 0.107830003 0.109673301 0.108691332 0.110114666 0.118475294 0.106047406 0.105855161 0.104663960 0.104604855 0.107128205 0.107421339 0.109038392 0.115969261 0.117511992 0.116725038 0.036118998 0.036179077 0.035886141 0.051737854 0.055301951 0.052712835 0.041796136 0.048066580 0.029934038 0.018372574 0.014451647 0.000000000 0.027937150 0.028704969 0.164991572 
12     0.132861425 0.131885720 0.132719939 0.131732522 0.130262705 0.126754400 0.108596768 0.108006114 0.107693521 0.095311506 0.105291766 0.114733724 0.120069939 0.103846454 0.105824766 0.107383953 0.107095289 0.106281550 0.114867745 0.108828068 0.110570146 0.106735395 0.108607854 0.107633249 0.109003388 0.117342641 0.104893033 0.104700788 0.103509587 0.103437375 0.105973832 0.106293027 0.107899959 0.114955867 0.116488700 0.115773133 0.034695609 0.034792320 0.034492306 0.050691885 0.054217932 0.051803997 0.040878431 0.047105758 0.036499066 0.024918820 0.026249920 0.027937150 0.000000000 0.012225817 0.164457838 
45     0.133516332 0.132506656 0.133388254 0.132360268 0.130931021 0.127574386 0.109417445 0.108826790 0.108514197 0.096132182 0.106187233 0.115629190 0.120965405 0.104741920 0.106720232 0.108279419 0.107990755 0.107243446 0.115802314 0.109725057 0.111467134 0.107632383 0.109504842 0.108530238 0.109897375 0.118236628 0.105787020 0.105594775 0.104403574 0.104333835 0.106867819 0.107187014 0.108793946 0.115775356 0.117308189 0.116592622 0.035539397 0.035635688 0.035336094 0.051509407 0.055035455 0.052621488 0.041682503 0.047935040 0.037178691 0.025637703 0.027025083 0.028704969 0.012225817 0.000000000 0.165284642 
0     0.196503494 0.195444382 0.196178027 0.195444533 0.193531095 0.190823311 0.180615671 0.180025017 0.179775049 0.167809272 0.178350549 0.187831844 0.193174073 0.176519735 0.178539911 0.180059878 0.179771214 0.179352523 0.187960113 0.181013297 0.182745758 0.179012221 0.181451338 0.180663928 0.180815612 0.189208662 0.176650996 0.176412079 0.175671533 0.175689271 0.178122230 0.178176615 0.180280283 0.200265372 0.202100329 0.201413673 0.162866240 0.162965022 0.162643320 0.177128130 0.180778936 0.178332677 0.167536074 0.173429852 0.173709260 0.161973662 0.163032222 0.164991572 0.164457838 0.165284642 0.000000000 
