51
1     0.000000000 0.284316147 0.288893731 0.294993494 0.295879744 0.249508279 0.228972955 0.239512766 0.280967221 0.277411220 0.402088169 0.425733081 0.468661497 0.526274870 0.459100315 0.466658239 0.497473280 0.514585123 0.542562761 0.505030435 0.579335406 0.497523084 0.625953488 0.626998096 0.596876522 0.593558063 0.513947167 0.501421733 0.523853248 0.536600695 0.541524225 0.530961717 0.690787810 0.557901122 0.559318711 0.679689253 0.534300516 0.541863514 0.511141084 0.504714287 0.508998036 0.460890084 0.435464729 0.559219776 0.528857009 0.525553365 0.585172941 0.612893915 0.511977640 0.381446343 2.084604989 
10     0.284316147 0.000000000 0.164691585 0.218775270 0.215750530 0.413283481 0.393020967 0.403806569 0.444063517 0.440223513 0.564518769 0.588334092 0.631228812 0.688881499 0.621667796 0.629214495 0.660022272 0.677134115 0.705111753 0.667683889 0.741988860 0.660176537 0.788636666 0.789651549 0.759529975 0.756211516 0.676630346 0.664104911 0.686594410 0.699341857 0.704278444 0.693417466 0.853243560 0.720356871 0.721774460 0.842145002 0.696756265 0.704319263 0.673647529 0.667220733 0.671553941 0.623425171 0.597999816 0.721765638 0.691402871 0.688099227 0.747718803 0.775425790 0.674523502 0.544004634 2.247058905 
18     0.288893731 0.164691585 0.000000000 0.227528814 0.232773506 0.415600170 0.395150438 0.406111392 0.446841888 0.443236697 0.567209851 0.591051623 0.633946343 0.691599030 0.624385327 0.631932026 0.662739803 0.679851646 0.707829284 0.670657766 0.744706391 0.662894068 0.791354197 0.792369080 0.762247506 0.758929047 0.679347877 0.666822442 0.689311941 0.702059388 0.706995975 0.696134997 0.855961091 0.723074402 0.724491991 0.844862533 0.699544888 0.707107886 0.676365060 0.669938264 0.674271472 0.626142702 0.600717347 0.724483169 0.694120402 0.690816758 0.750436334 0.778143321 0.677241033 0.546722165 2.249776436 
6     0.294993494 0.218775270 0.227528814 0.000000000 0.158315163 0.423488587 0.403611628 0.414296036 0.454901325 0.451364764 0.575588359 0.599371175 0.642265894 0.699918582 0.632704879 0.640251578 0.671059355 0.688171198 0.716148836 0.678400202 0.752705173 0.670892851 0.799106731 0.799978097 0.770141752 0.766823293 0.687378581 0.674853146 0.697342645 0.710090092 0.715026679 0.704346769 0.864172863 0.731286175 0.732703764 0.853074305 0.707685568 0.715248566 0.684576832 0.678150036 0.682483244 0.634354474 0.608929119 0.732694941 0.702332174 0.699028530 0.758648106 0.786355094 0.685452805 0.554933937 2.258036034 
7     0.295879744 0.215750530 0.232773506 0.158315163 0.000000000 0.425236001 0.404946899 0.416174222 0.456405401 0.452543199 0.576874291 0.600689613 0.643584333 0.701237020 0.634023318 0.641570016 0.672377793 0.689489636 0.717467275 0.680039410 0.754344381 0.672532058 0.800992188 0.802007071 0.771885497 0.768567038 0.688985867 0.676460432 0.698949932 0.711697379 0.716633965 0.705772988 0.865599081 0.732712393 0.734129982 0.854500523 0.709111786 0.716674784 0.686003050 0.679576254 0.683909462 0.635780692 0.610355338 0.734121159 0.703758392 0.700454748 0.760074324 0.787781312 0.686879023 0.556360155 2.259414426 
16     0.249508279 0.413283481 0.415600170 0.423488587 0.425236001 0.000000000 0.163238894 0.204340083 0.372546152 0.369634905 0.494733832 0.518593513 0.561502718 0.619387403 0.551930477 0.559488401 0.590296178 0.607408021 0.635385659 0.597914523 0.672219494 0.590407172 0.718867301 0.719882184 0.689760610 0.686442151 0.606860980 0.594335545 0.616825045 0.629572492 0.634509079 0.623675671 0.782772867 0.650047130 0.651464719 0.771835261 0.627014469 0.634577467 0.603847976 0.597421180 0.601754388 0.553630797 0.528205443 0.651966085 0.621603317 0.618299673 0.677919250 0.705633593 0.604723949 0.474205081 2.177277499 
15     0.228972955 0.393020967 0.395150438 0.403611628 0.404946899 0.163238894 0.000000000 0.185126082 0.352519488 0.349471539 0.474388547 0.498223220 0.541132424 0.599017110 0.531560183 0.539118108 0.569925885 0.587037728 0.615015366 0.577544230 0.651849201 0.570036878 0.698497008 0.699511891 0.669390316 0.666071858 0.586490687 0.573965252 0.596454752 0.609202198 0.614138785 0.603305377 0.763131471 0.630244783 0.631662372 0.752032913 0.606644176 0.614207174 0.583507870 0.577081074 0.581414282 0.533285512 0.507860158 0.631625979 0.601263212 0.597959568 0.657579144 0.685242801 0.584383843 0.453864975 2.156907206 
19     0.239512766 0.403806569 0.406111392 0.414296036 0.416174222 0.204340083 0.185126082 0.000000000 0.363270298 0.360431122 0.485816878 0.509465865 0.552375069 0.610049882 0.542802828 0.550360752 0.581205122 0.598316965 0.626294603 0.588771046 0.663076017 0.581263694 0.709723823 0.710738706 0.680617132 0.677298673 0.597717503 0.585192068 0.607681567 0.620429014 0.625365601 0.614442534 0.773880600 0.640993912 0.642411501 0.762782042 0.617006741 0.624569739 0.594734686 0.588307890 0.592641098 0.544512328 0.519086973 0.642852795 0.612490027 0.609186384 0.668805960 0.696520303 0.595610659 0.465062995 2.168149850 
3     0.280967221 0.444063517 0.446841888 0.454901325 0.456405401 0.372546152 0.352519488 0.363270298 0.000000000 0.266384883 0.431943685 0.455236767 0.497966658 0.555415082 0.488285583 0.495911429 0.526858547 0.543970390 0.571948028 0.534270859 0.608602892 0.526790570 0.655250699 0.656265582 0.626073016 0.622754557 0.543244378 0.530718943 0.553208443 0.565955890 0.570909228 0.560055559 0.719887719 0.587003115 0.588420704 0.708784547 0.563371010 0.570934009 0.540316538 0.533889742 0.538234930 0.490035870 0.464610515 0.588437565 0.558025021 0.554748703 0.614410743 0.642167794 0.541004053 0.410745327 2.113885168 
17     0.277411220 0.440223513 0.443236697 0.451364764 0.452543199 0.369634905 0.349471539 0.360431122 0.266384883 0.000000000 0.425446395 0.448901422 0.491617989 0.549406538 0.481751809 0.489600080 0.520499086 0.537610929 0.565588567 0.528271047 0.602588843 0.520776521 0.649236650 0.650251533 0.620089077 0.616770619 0.537230329 0.524704895 0.547194394 0.559941841 0.564895179 0.554101661 0.713933821 0.580968885 0.582386474 0.702830195 0.557257556 0.564820554 0.533894731 0.527467934 0.531803716 0.483610315 0.458184961 0.581997285 0.551634517 0.548330874 0.607950450 0.635704989 0.534732757 0.404262798 2.107663864 
2     0.402088169 0.564518769 0.567209851 0.575588359 0.576874291 0.494733832 0.474388547 0.485816878 0.431943685 0.425446395 0.000000000 0.420965384 0.463465649 0.521670252 0.453691746 0.461492701 0.492237915 0.509349759 0.537327397 0.501131319 0.575179944 0.493413137 0.622318448 0.623333331 0.593232686 0.589914227 0.510341899 0.497816464 0.520305964 0.533053411 0.538006749 0.525499145 0.685299408 0.552586152 0.554003741 0.674082858 0.528820150 0.536374291 0.506068664 0.499641868 0.504028938 0.456162011 0.430736657 0.554290641 0.523927874 0.520624230 0.580243806 0.608034839 0.507213933 0.376471622 2.078592188 
13     0.425733081 0.588334092 0.591051623 0.599371175 0.600689613 0.518593513 0.498223220 0.509465865 0.455236767 0.448901422 0.420965384 0.000000000 0.155833778 0.216293906 0.157031847 0.184694798 0.278245314 0.295234832 0.323177110 0.420781228 0.494925513 0.413113190 0.541314725 0.542246543 0.512954082 0.509635623 0.429461860 0.416937374 0.439408443 0.452155889 0.456952197 0.443721586 0.603900143 0.470660719 0.472078308 0.592895390 0.447414166 0.454978636 0.426985109 0.420861714 0.425265756 0.377625263 0.352199908 0.476535849 0.445901021 0.442671145 0.502489014 0.530280047 0.429795889 0.298727119 1.997299193 
5     0.468661497 0.631228812 0.633946343 0.642265894 0.643584333 0.561502718 0.541132424 0.552375069 0.497966658 0.491617989 0.463465649 0.155833778 0.000000000 0.241818713 0.196482296 0.224406109 0.319899534 0.336889052 0.364831329 0.463820344 0.537957940 0.456145617 0.584749072 0.585733610 0.556203255 0.552884797 0.472760190 0.460286103 0.482706773 0.495454219 0.500119377 0.486054452 0.646142625 0.513079836 0.514497425 0.635193893 0.489777347 0.497341817 0.468821455 0.462681758 0.467085800 0.419420109 0.393994754 0.518451633 0.487899690 0.484668788 0.544404798 0.572195832 0.471845423 0.340520220 2.037304547 
9     0.526274870 0.688881499 0.691599030 0.699918582 0.701237020 0.619387403 0.599017110 0.610049882 0.555415082 0.549406538 0.521670252 0.216293906 0.241818713 0.000000000 0.257939085 0.283205980 0.379584342 0.396573860 0.424516138 0.522211776 0.596337827 0.514525504 0.643128959 0.644113498 0.614583143 0.611264684 0.531140078 0.518665990 0.541086660 0.553834106 0.558607145 0.544423158 0.704502113 0.571366421 0.572784010 0.693532285 0.548115738 0.555680209 0.527210599 0.521070901 0.525474943 0.477787030 0.452361676 0.576750387 0.546197417 0.542967541 0.602703552 0.630494585 0.530144177 0.398818973 2.095727181 
4     0.459100315 0.621667796 0.624385327 0.632704879 0.634023318 0.551930477 0.531560183 0.542802828 0.488285583 0.481751809 0.453691746 0.157031847 0.196482296 0.257939085 0.000000000 0.217462318 0.310685807 0.327675325 0.355617603 0.453478396 0.527701591 0.445889269 0.573598292 0.574597168 0.545586747 0.542268288 0.462558046 0.450083959 0.472504629 0.485252075 0.490048383 0.476247939 0.636365907 0.503271905 0.504689493 0.625396946 0.479980399 0.487544870 0.457884732 0.451727864 0.456131905 0.409408000 0.383982646 0.508361819 0.477718633 0.474578974 0.534314984 0.562106017 0.461755609 0.330433983 2.029211779 
14     0.466658239 0.629214495 0.631932026 0.640251578 0.641570016 0.559488401 0.539118108 0.550360752 0.495911429 0.489600080 0.461492701 0.184694798 0.224406109 0.283205980 0.217462318 0.000000000 0.318079755 0.335069273 0.363232440 0.461543283 0.535673092 0.453860769 0.582424893 0.583413328 0.553893587 0.550575128 0.470431473 0.457957385 0.480378055 0.493125502 0.497932442 0.484225942 0.644243765 0.511113028 0.512530617 0.633239012 0.487822466 0.495386936 0.467059045 0.460885694 0.465289736 0.417228823 0.391803468 0.516301773 0.485772727 0.482352443 0.542254938 0.570045971 0.469695563 0.338373937 2.032652302 
11     0.497473280 0.660022272 0.662739803 0.671059355 0.672377793 0.590296178 0.569925885 0.581205122 0.526858547 0.520499086 0.492237915 0.278245314 0.319899534 0.379584342 0.310685807 0.318079755 0.000000000 0.080477141 0.141593666 0.493400044 0.567459497 0.485647174 0.614160564 0.615168208 0.585302351 0.581983892 0.502251622 0.489777534 0.512082383 0.524829830 0.529665033 0.515068445 0.675045236 0.542148033 0.543565622 0.663922618 0.518596204 0.526160674 0.495611336 0.489651361 0.494055403 0.447000635 0.421575280 0.546632419 0.516186334 0.512952076 0.572585584 0.600376617 0.500026209 0.367962959 2.066686749 
8     0.514585123 0.677134115 0.679851646 0.688171198 0.689489636 0.607408021 0.587037728 0.598316965 0.543970390 0.537610929 0.509349759 0.295234832 0.336889052 0.396573860 0.327675325 0.335069273 0.080477141 0.000000000 0.157782902 0.510490237 0.584549690 0.502737367 0.631250757 0.632258401 0.602392544 0.599074085 0.519341814 0.506867727 0.529172576 0.541920022 0.546755226 0.532158638 0.692135429 0.559238226 0.560655815 0.681012810 0.535686397 0.543250867 0.512896112 0.506751689 0.511155731 0.464170940 0.438745585 0.563802724 0.533356639 0.530122381 0.589755889 0.617546922 0.517196514 0.385133264 2.083786707 
12     0.542562761 0.705111753 0.707829284 0.716148836 0.717467275 0.635385659 0.615015366 0.626294603 0.571948028 0.565588567 0.537327397 0.323177110 0.364831329 0.424516138 0.355617603 0.363232440 0.141593666 0.157782902 0.000000000 0.538379584 0.612439037 0.530626714 0.653500165 0.654504578 0.624642127 0.621323668 0.547163277 0.534689189 0.556965196 0.569712642 0.574578759 0.560141164 0.719541794 0.586644591 0.588062180 0.708419176 0.563092762 0.570657232 0.541361288 0.535112694 0.539516735 0.492145538 0.466720183 0.591777321 0.561331237 0.558096978 0.617730486 0.645521520 0.545171111 0.413107862 2.111795722 
24     0.505030435 0.667683889 0.670657766 0.678400202 0.680039410 0.597914523 0.577544230 0.588771046 0.534270859 0.528271047 0.501131319 0.420781228 0.463820344 0.522211776 0.453478396 0.461543283 0.493400044 0.510490237 0.538379584 0.000000000 0.127249842 0.050528674 0.315529699 0.316929724 0.287419427 0.284091739 0.228637209 0.216174551 0.238938719 0.251350842 0.256473231 0.457668052 0.619115802 0.486048706 0.487466295 0.607067016 0.462375553 0.469917492 0.463168803 0.456982397 0.461617724 0.413221586 0.387796232 0.510651621 0.480735694 0.477404407 0.537014204 0.564422680 0.464122651 0.334687483 2.060377693 
46     0.579335406 0.741988860 0.744706391 0.752705173 0.754344381 0.672219494 0.651849201 0.663076017 0.608602892 0.602588843 0.575179944 0.494925513 0.537957940 0.596337827 0.527701591 0.535673092 0.567459497 0.584549690 0.612439037 0.127249842 0.000000000 0.123258192 0.389435248 0.390835273 0.361324975 0.357997287 0.302463871 0.290001213 0.312765381 0.325177503 0.330299892 0.531450521 0.693044491 0.559977395 0.561394984 0.680995705 0.536304242 0.543846181 0.536848984 0.530561496 0.535196824 0.487004828 0.461579474 0.584434864 0.554518936 0.551187649 0.610797446 0.638205923 0.537905893 0.408470725 2.134221909 
45     0.497523084 0.660176537 0.662894068 0.670892851 0.672532058 0.590407172 0.570036878 0.581263694 0.526790570 0.520776521 0.493413137 0.413113190 0.456145617 0.514525504 0.445889269 0.453860769 0.485647174 0.502737367 0.530626714 0.050528674 0.123258192 0.000000000 0.307418022 0.308807829 0.279307750 0.275980061 0.220499149 0.208036491 0.230800900 0.243212782 0.248335171 0.449638198 0.611232168 0.478165072 0.479582661 0.599183383 0.454491919 0.462033859 0.455165902 0.448979495 0.453614822 0.405218685 0.379793330 0.502648720 0.472732792 0.469401505 0.529011303 0.556419779 0.456119749 0.326684581 2.052409586 
23     0.625953488 0.788636666 0.791354197 0.799106731 0.800992188 0.718867301 0.698497008 0.709723823 0.655250699 0.649236650 0.622318448 0.541314725 0.584749072 0.643128959 0.573598292 0.582424893 0.614160564 0.631250757 0.653500165 0.315529699 0.389435248 0.307418022 0.000000000 0.105236857 0.270742230 0.267724398 0.347746485 0.335236188 0.358766522 0.371219746 0.376383282 0.579127545 0.739556672 0.606610305 0.608027894 0.727628175 0.582936711 0.590478651 0.583582968 0.577533865 0.582169192 0.534207162 0.508781807 0.631637369 0.601721441 0.598390155 0.657999952 0.685408428 0.584958590 0.455238797 2.181510408 
20     0.626998096 0.789651549 0.792369080 0.799978097 0.802007071 0.719882184 0.699511891 0.710738706 0.656265582 0.650251533 0.623333331 0.542246543 0.585733610 0.644113498 0.574597168 0.583413328 0.615168208 0.632258401 0.654504578 0.316929724 0.390835273 0.308807829 0.105236857 0.000000000 0.274830554 0.271827774 0.349362421 0.336911605 0.360365807 0.372819031 0.377904706 0.580231794 0.740660921 0.607714554 0.609132143 0.728732423 0.584040960 0.591582899 0.584724599 0.578675495 0.583310822 0.535348793 0.509923438 0.632779000 0.602863072 0.599531785 0.659141582 0.686550059 0.586100221 0.456380428 2.182631327 
35     0.596876522 0.759529975 0.762247506 0.770141752 0.771885497 0.689760610 0.669390316 0.680617132 0.626073016 0.620089077 0.593232686 0.512954082 0.556203255 0.614583143 0.545586747 0.553893587 0.585302351 0.602392544 0.624642127 0.287419427 0.361324975 0.279307750 0.270742230 0.274830554 0.000000000 0.044735630 0.319670296 0.307068964 0.330695344 0.343148567 0.348234242 0.550710407 0.711139534 0.578193167 0.579610756 0.699211037 0.554519573 0.562061512 0.555063428 0.548908548 0.553543875 0.505498099 0.480072744 0.603170460 0.573254532 0.569923245 0.629533042 0.656941519 0.556641489 0.426789213 2.152390904 
32     0.593558063 0.756211516 0.758929047 0.766823293 0.768567038 0.686442151 0.666071858 0.677298673 0.622754557 0.616770619 0.589914227 0.509635623 0.552884797 0.611264684 0.542268288 0.550575128 0.581983892 0.599074085 0.621323668 0.284091739 0.357997287 0.275980061 0.267724398 0.271827774 0.044735630 0.000000000 0.316351838 0.303750505 0.327376885 0.339830109 0.344915784 0.547391948 0.707821075 0.574874708 0.576292297 0.695892578 0.551201114 0.558743054 0.551744969 0.545590089 0.550225417 0.502179640 0.476754286 0.599852001 0.569936073 0.566604786 0.626214584 0.653623060 0.553323030 0.423470754 2.149072445 
38     0.513947167 0.676630346 0.679347877 0.687378581 0.688985867 0.606860980 0.586490687 0.597717503 0.543244378 0.537230329 0.510341899 0.429461860 0.472760190 0.531140078 0.462558046 0.470431473 0.502251622 0.519341814 0.547163277 0.228637209 0.302463871 0.220499149 0.347746485 0.349362421 0.319670296 0.316351838 0.000000000 0.104692522 0.141883694 0.154092402 0.159087957 0.467722841 0.628978614 0.496032247 0.497449836 0.617050117 0.472205620 0.479747559 0.471904180 0.465922380 0.470557707 0.422279792 0.396854437 0.519435966 0.489571402 0.486214602 0.545849912 0.573232876 0.472937424 0.343333269 2.064113458 
30     0.501421733 0.664104911 0.666822442 0.674853146 0.676460432 0.594335545 0.573965252 0.585192068 0.530718943 0.524704895 0.497816464 0.416937374 0.460286103 0.518665990 0.450083959 0.457957385 0.489777534 0.506867727 0.534689189 0.216174551 0.290001213 0.208036491 0.335236188 0.336911605 0.307068964 0.303750505 0.104692522 0.000000000 0.128692747 0.140953750 0.145619163 0.455175928 0.616431701 0.483485335 0.484902924 0.604503204 0.459658707 0.467200647 0.459678615 0.453475164 0.458110492 0.409842138 0.384416784 0.507151925 0.477235997 0.473904710 0.533514507 0.560922984 0.460622954 0.330933201 2.051611315 
33     0.523853248 0.686594410 0.689311941 0.697342645 0.698949932 0.616825045 0.596454752 0.607681567 0.553208443 0.547194394 0.520305964 0.439408443 0.482706773 0.541086660 0.472504629 0.480378055 0.512082383 0.529172576 0.556965196 0.238938719 0.312765381 0.230800900 0.358766522 0.360365807 0.330695344 0.327376885 0.141883694 0.128692747 0.000000000 0.074732332 0.119364789 0.477531247 0.638787020 0.505840654 0.507258243 0.626858523 0.482014026 0.489555965 0.482260789 0.476057338 0.480692666 0.432289317 0.406863962 0.529169792 0.499132453 0.495714880 0.555279179 0.582861866 0.482687980 0.353234686 2.074169673 
40     0.536600695 0.699341857 0.702059388 0.710090092 0.711697379 0.629572492 0.609202198 0.620429014 0.565955890 0.559941841 0.533053411 0.452155889 0.495454219 0.553834106 0.485252075 0.493125502 0.524829830 0.541920022 0.569712642 0.251350842 0.325177503 0.243212782 0.371219746 0.372819031 0.343148567 0.339830109 0.154092402 0.140953750 0.074732332 0.000000000 0.131214901 0.490305478 0.651561251 0.518614885 0.520032474 0.639632754 0.494788257 0.502330197 0.495008538 0.488805087 0.493440414 0.445154724 0.419729369 0.542267102 0.512347243 0.509019757 0.568629555 0.596002124 0.495763219 0.366149100 2.086909216 
47     0.541524225 0.704278444 0.706995975 0.715026679 0.716633965 0.634509079 0.614138785 0.625365601 0.570909228 0.564895179 0.538006749 0.456952197 0.500119377 0.558607145 0.490048383 0.497932442 0.529665033 0.546755226 0.574578759 0.256473231 0.330299892 0.248335171 0.376383282 0.377904706 0.348234242 0.344915784 0.159087957 0.145619163 0.119364789 0.131214901 0.000000000 0.495310238 0.656566011 0.523619645 0.525037234 0.644637514 0.499793017 0.507334957 0.499958374 0.493754923 0.498390251 0.450161883 0.424736529 0.547471670 0.517555742 0.514224455 0.573834252 0.601242729 0.500942699 0.371161578 2.091890023 
29     0.530961717 0.693417466 0.696134997 0.704346769 0.705772988 0.623675671 0.603305377 0.614442534 0.560055559 0.554101661 0.525499145 0.443721586 0.486054452 0.544423158 0.476247939 0.484225942 0.515068445 0.532158638 0.560141164 0.457668052 0.531450521 0.449638198 0.579127545 0.580231794 0.550710407 0.547391948 0.467722841 0.455175928 0.477531247 0.490305478 0.495310238 0.000000000 0.537617009 0.404221425 0.405730002 0.525884766 0.381946713 0.389544287 0.490876580 0.484617309 0.489255470 0.438681711 0.413280557 0.535309847 0.505362128 0.502043672 0.561653469 0.589087006 0.488780968 0.359189061 2.088676066 
25     0.690787810 0.853243560 0.855961091 0.864172863 0.865599081 0.782772867 0.763131471 0.773880600 0.719887719 0.713933821 0.685299408 0.603900143 0.646142625 0.704502113 0.636365907 0.644243765 0.675045236 0.692135429 0.719541794 0.619115802 0.693044491 0.611232168 0.739556672 0.740660921 0.711139534 0.707821075 0.628978614 0.616431701 0.638787020 0.651561251 0.656566011 0.537617009 0.000000000 0.451553447 0.453302308 0.571456700 0.484252692 0.491892416 0.650882722 0.644623450 0.649261611 0.600042845 0.574617490 0.696400351 0.666465463 0.663134176 0.722743973 0.750177510 0.649871473 0.519681304 2.247587408 
27     0.557901122 0.720356871 0.723074402 0.731286175 0.732712393 0.650047130 0.630244783 0.640993912 0.587003115 0.580968885 0.552586152 0.470660719 0.513079836 0.571366421 0.503271905 0.511113028 0.542148033 0.559238226 0.586644591 0.486048706 0.559977395 0.478165072 0.606610305 0.607714554 0.578193167 0.574874708 0.496032247 0.483485335 0.505840654 0.518614885 0.523619645 0.404221425 0.451553447 0.000000000 0.069466442 0.395242747 0.351410650 0.359047755 0.517152734 0.510893463 0.515531624 0.466450413 0.441025058 0.562706837 0.532774267 0.529442980 0.589052917 0.616486454 0.516146308 0.386121342 2.114909080 
21     0.559318711 0.721774460 0.724491991 0.732703764 0.734129982 0.651464719 0.631662372 0.642411501 0.588420704 0.582386474 0.554003741 0.472078308 0.514497425 0.572784010 0.504689493 0.512530617 0.543565622 0.560655815 0.588062180 0.487466295 0.561394984 0.479582661 0.608027894 0.609132143 0.579610756 0.576292297 0.497449836 0.484902924 0.507258243 0.520032474 0.525037234 0.405730002 0.453302308 0.069466442 0.000000000 0.396695348 0.352777292 0.360414398 0.518570323 0.512311051 0.516949213 0.467868002 0.442442647 0.564124426 0.534191856 0.530860569 0.590470506 0.617904043 0.517563897 0.387538931 2.116326669 
50     0.679689253 0.842145002 0.844862533 0.853074305 0.854500523 0.771835261 0.752032913 0.762782042 0.708784547 0.702830195 0.674082858 0.592895390 0.635193893 0.693532285 0.625396946 0.633239012 0.663922618 0.681012810 0.708419176 0.607067016 0.680995705 0.599183383 0.727628175 0.728732423 0.699211037 0.695892578 0.617050117 0.604503204 0.626858523 0.639632754 0.644637514 0.525884766 0.571456700 0.395242747 0.396695348 0.000000000 0.472374977 0.480012082 0.638942638 0.632683367 0.637321528 0.588189278 0.562763923 0.684413994 0.654479106 0.651147819 0.710757616 0.738191153 0.637885115 0.507741984 2.236289357 
26     0.534300516 0.696756265 0.699544888 0.707685568 0.709111786 0.627014469 0.606644176 0.617006741 0.563371010 0.557257556 0.528820150 0.447414166 0.489777347 0.548115738 0.479980399 0.487822466 0.518596204 0.535686397 0.563092762 0.462375553 0.536304242 0.454491919 0.582936711 0.584040960 0.554519573 0.551201114 0.472205620 0.459658707 0.482014026 0.494788257 0.499793017 0.381946713 0.484252692 0.351410650 0.352777292 0.472374977 0.000000000 0.078113318 0.493139742 0.486887484 0.491508700 0.442732104 0.417306750 0.538970967 0.509036079 0.505704792 0.565314589 0.592748126 0.492442088 0.362299397 2.091058230 
37     0.541863514 0.704319263 0.707107886 0.715248566 0.716674784 0.634577467 0.614207174 0.624569739 0.570934009 0.564820554 0.536374291 0.454978636 0.497341817 0.555680209 0.487544870 0.495386936 0.526160674 0.543250867 0.570657232 0.469917492 0.543846181 0.462033859 0.590478651 0.591582899 0.562061512 0.558743054 0.479747559 0.467200647 0.489555965 0.502330197 0.507334957 0.389544287 0.491892416 0.359047755 0.360414398 0.480012082 0.078113318 0.000000000 0.500736166 0.494476895 0.499115056 0.450302017 0.424876662 0.546541320 0.516606432 0.513275145 0.572884942 0.600318479 0.500012441 0.369869309 2.098612371 
41     0.511141084 0.673647529 0.676365060 0.684576832 0.686003050 0.603847976 0.583507870 0.594734686 0.540316538 0.533894731 0.506068664 0.426985109 0.468821455 0.527210599 0.457884732 0.467059045 0.495611336 0.512896112 0.541361288 0.463168803 0.536848984 0.455165902 0.583582968 0.584724599 0.555063428 0.551744969 0.471904180 0.459678615 0.482260789 0.495008538 0.499958374 0.490876580 0.650882722 0.517152734 0.518570323 0.638942638 0.493139742 0.500736166 0.000000000 0.140362322 0.144190062 0.399044268 0.373624968 0.496959724 0.466082981 0.463425981 0.522914787 0.550605740 0.450144631 0.317885414 2.065496226 
42     0.504714287 0.667220733 0.669938264 0.678150036 0.679576254 0.597421180 0.577081074 0.588307890 0.533889742 0.527467934 0.499641868 0.420861714 0.462681758 0.521070901 0.451727864 0.460885694 0.489651361 0.506751689 0.535112694 0.456982397 0.530561496 0.448979495 0.577533865 0.578675495 0.548908548 0.545590089 0.465922380 0.453475164 0.476057338 0.488805087 0.493754923 0.484617309 0.644623450 0.510893463 0.512311051 0.632683367 0.486887484 0.494476895 0.140362322 0.000000000 0.061627318 0.392861573 0.367436219 0.490878800 0.459965057 0.457319206 0.516782500 0.544459215 0.444033278 0.311744713 2.059157721 
43     0.508998036 0.671553941 0.674271472 0.682483244 0.683909462 0.601754388 0.581414282 0.592641098 0.538234930 0.531803716 0.504028938 0.425265756 0.467085800 0.525474943 0.456131905 0.465289736 0.494055403 0.511155731 0.539516735 0.461617724 0.535196824 0.453614822 0.582169192 0.583310822 0.553543875 0.550225417 0.470557707 0.458110492 0.480692666 0.493440414 0.498390251 0.489255470 0.649261611 0.515531624 0.516949213 0.637321528 0.491508700 0.499115056 0.144190062 0.061627318 0.000000000 0.397499735 0.372074380 0.495516961 0.464603218 0.461957367 0.521420661 0.549137127 0.448671439 0.316382874 2.063677990 
34     0.460890084 0.623425171 0.626142702 0.634354474 0.635780692 0.553630797 0.533285512 0.544512328 0.490035870 0.483610315 0.456162011 0.377625263 0.419420109 0.477787030 0.409408000 0.417228823 0.447000635 0.464170940 0.492145538 0.413221586 0.487004828 0.405218685 0.534207162 0.535348793 0.505498099 0.502179640 0.422279792 0.409842138 0.432289317 0.445154724 0.450161883 0.438681711 0.600042845 0.466450413 0.467868002 0.588189278 0.442732104 0.450302017 0.399044268 0.392861573 0.397499735 0.000000000 0.118989082 0.378009067 0.347705037 0.344449511 0.403872852 0.431884229 0.331682231 0.200697516 2.017682870 
39     0.435464729 0.597999816 0.600717347 0.608929119 0.610355338 0.528205443 0.507860158 0.519086973 0.464610515 0.458184961 0.430736657 0.352199908 0.393994754 0.452361676 0.383982646 0.391803468 0.421575280 0.438745585 0.466720183 0.387796232 0.461579474 0.379793330 0.508781807 0.509923438 0.480072744 0.476754286 0.396854437 0.384416784 0.406863962 0.419729369 0.424736529 0.413280557 0.574617490 0.441025058 0.442442647 0.562763923 0.417306750 0.424876662 0.373624968 0.367436219 0.372074380 0.118989082 0.000000000 0.352624341 0.322320311 0.319064785 0.378488126 0.406543891 0.306297505 0.175312790 1.992257515 
49     0.559219776 0.721765638 0.724483169 0.732694941 0.734121159 0.651966085 0.631625979 0.642852795 0.588437565 0.581997285 0.554290641 0.476535849 0.518451633 0.576750387 0.508361819 0.516301773 0.546632419 0.563802724 0.591777321 0.510651621 0.584434864 0.502648720 0.631637369 0.632779000 0.603170460 0.599852001 0.519435966 0.507151925 0.529169792 0.542267102 0.547471670 0.535309847 0.696400351 0.562706837 0.564124426 0.684413994 0.538970967 0.546541320 0.496959724 0.490878800 0.495516961 0.378009067 0.352624341 0.000000000 0.184675878 0.181412508 0.242761238 0.272309126 0.185188753 0.295730595 2.117568513 
31     0.528857009 0.691402871 0.694120402 0.702332174 0.703758392 0.621603317 0.601263212 0.612490027 0.558025021 0.551634517 0.523927874 0.445901021 0.487899690 0.546197417 0.477718633 0.485772727 0.516186334 0.533356639 0.561331237 0.480735694 0.554518936 0.472732792 0.601721441 0.602863072 0.573254532 0.569936073 0.489571402 0.477235997 0.499132453 0.512347243 0.517555742 0.505362128 0.666465463 0.532774267 0.534191856 0.654479106 0.509036079 0.516606432 0.466082981 0.459965057 0.464603218 0.347705037 0.322320311 0.184675878 0.000000000 0.081933417 0.177313842 0.225110305 0.154453920 0.265841180 2.087346494 
48     0.525553365 0.688099227 0.690816758 0.699028530 0.700454748 0.618299673 0.597959568 0.609186384 0.554748703 0.548330874 0.520624230 0.442671145 0.484668788 0.542967541 0.474578974 0.482352443 0.512952076 0.530122381 0.558096978 0.477404407 0.551187649 0.469401505 0.598390155 0.599531785 0.569923245 0.566604786 0.486214602 0.473904710 0.495714880 0.509019757 0.514224455 0.502043672 0.663134176 0.529442980 0.530860569 0.651147819 0.505704792 0.513275145 0.463425981 0.457319206 0.461957367 0.344449511 0.319064785 0.181412508 0.081933417 0.000000000 0.171289227 0.221524173 0.151934985 0.262574411 2.084104504 
44     0.585172941 0.747718803 0.750436334 0.758648106 0.760074324 0.677919250 0.657579144 0.668805960 0.614410743 0.607950450 0.580243806 0.502489014 0.544404798 0.602703552 0.534314984 0.542254938 0.572585584 0.589755889 0.617730486 0.537014204 0.610797446 0.529011303 0.657999952 0.659141582 0.629533042 0.626214584 0.545849912 0.533514507 0.555279179 0.568629555 0.573834252 0.561653469 0.722743973 0.589052917 0.590470506 0.710757616 0.565314589 0.572884942 0.522914787 0.516782500 0.521420661 0.403872852 0.378488126 0.242761238 0.177313842 0.171289227 0.000000000 0.277037870 0.212024218 0.322090520 2.143662426 
36     0.612893915 0.775425790 0.778143321 0.786355094 0.787781312 0.705633593 0.685242801 0.696520303 0.642167794 0.635704989 0.608034839 0.530280047 0.572195832 0.630494585 0.562106017 0.570045971 0.600376617 0.617546922 0.645521520 0.564422680 0.638205923 0.556419779 0.685408428 0.686550059 0.656941519 0.653623060 0.573232876 0.560922984 0.582861866 0.596002124 0.601242729 0.589087006 0.750177510 0.616486454 0.617904043 0.738191153 0.592748126 0.600318479 0.550605740 0.544459215 0.549137127 0.431884229 0.406543891 0.272309126 0.225110305 0.221524173 0.277037870 0.000000000 0.243873792 0.349651979 2.171336703 
28     0.511977640 0.674523502 0.677241033 0.685452805 0.686879023 0.604723949 0.584383843 0.595610659 0.541004053 0.534732757 0.507213933 0.429795889 0.471845423 0.530144177 0.461755609 0.469695563 0.500026209 0.517196514 0.545171111 0.464122651 0.537905893 0.456119749 0.584958590 0.586100221 0.556641489 0.553323030 0.472937424 0.460622954 0.482687980 0.495763219 0.500942699 0.488780968 0.649871473 0.516146308 0.517563897 0.637885115 0.492442088 0.500012441 0.450144631 0.444033278 0.448671439 0.331682231 0.306297505 0.185188753 0.154453920 0.151934985 0.212024218 0.243873792 0.000000000 0.249945415 2.070936257 
22     0.381446343 0.544004634 0.546722165 0.554933937 0.556360155 0.474205081 0.453864975 0.465062995 0.410745327 0.404262798 0.376471622 0.298727119 0.340520220 0.398818973 0.330433983 0.338373937 0.367962959 0.385133264 0.413107862 0.334687483 0.408470725 0.326684581 0.455238797 0.456380428 0.426789213 0.423470754 0.343333269 0.330933201 0.353234686 0.366149100 0.371161578 0.359189061 0.519681304 0.386121342 0.387538931 0.507741984 0.362299397 0.369869309 0.317885414 0.311744713 0.316382874 0.200697516 0.175312790 0.295730595 0.265841180 0.262574411 0.322090520 0.349651979 0.249945415 0.000000000 1.939549180 
0     2.084604989 2.247058905 2.249776436 2.258036034 2.259414426 2.177277499 2.156907206 2.168149850 2.113885168 2.107663864 2.078592188 1.997299193 2.037304547 2.095727181 2.029211779 2.032652302 2.066686749 2.083786707 2.111795722 2.060377693 2.134221909 2.052409586 2.181510408 2.182631327 2.152390904 2.149072445 2.064113458 2.051611315 2.074169673 2.086909216 2.091890023 2.088676066 2.247587408 2.114909080 2.116326669 2.236289357 2.091058230 2.098612371 2.065496226 2.059157721 2.063677990 2.017682870 1.992257515 2.117568513 2.087346494 2.084104504 2.143662426 2.171336703 2.070936257 1.939549180 0.000000000 
