51
23     0.000000000 0.034570889 0.147298516 0.192852436 0.128250477 0.195310697 0.353185366 0.355360167 0.208230711 0.263950384 0.260429439 0.207759331 0.403349726 0.231629626 0.232573858 0.225150877 0.257952817 0.256925332 0.256414716 0.265575395 0.290919765 0.302743365 0.295939273 0.312894687 0.241462414 0.182338006 0.243903613 0.300457393 0.316777665 0.285759776 0.349710125 0.280620957 0.315282644 0.230879347 0.230800041 0.237143090 0.237594663 0.234199366 0.232417388 0.253135357 0.253089653 0.241237474 0.318268152 0.327709124 0.344422342 0.200742206 0.211122784 0.238383562 0.218631684 0.204870432 0.718189893 
4     0.034570889 0.000000000 0.154419440 0.199960562 0.135326507 0.202456906 0.360086327 0.362261128 0.214994710 0.270739749 0.267218803 0.214598523 0.409680500 0.238429860 0.239343863 0.231953355 0.264758398 0.263730913 0.263220297 0.272382770 0.297736952 0.309560552 0.302758630 0.319714141 0.248262105 0.189212684 0.250785858 0.307305585 0.323625857 0.292497968 0.356446408 0.287357240 0.322018927 0.237550214 0.237470909 0.243931511 0.244383084 0.240844715 0.239060148 0.259806225 0.259760521 0.247910976 0.325060692 0.334501664 0.351214882 0.207579252 0.217959829 0.245254383 0.225468729 0.211707478 0.725049147 
9     0.147298516 0.154419440 0.000000000 0.163735077 0.100002217 0.187931567 0.344982882 0.347119890 0.200968424 0.256713417 0.253203607 0.200565340 0.396318251 0.224521286 0.225536589 0.217623425 0.250560543 0.249533058 0.249022442 0.258175236 0.283785007 0.295608607 0.289049396 0.306005702 0.233967747 0.175004302 0.236560967 0.293817994 0.310138266 0.278947055 0.342881301 0.273547482 0.308209190 0.223950134 0.223804321 0.230195882 0.230647456 0.227126470 0.225344493 0.246181620 0.246135916 0.234379800 0.311432047 0.320845914 0.337576578 0.193734888 0.204256177 0.231319162 0.211765076 0.198003280 0.710971934 
8     0.192852436 0.199960562 0.163735077 0.000000000 0.115797215 0.233887665 0.390407567 0.392646699 0.246032327 0.301836916 0.298315970 0.245404048 0.441174613 0.269361877 0.270401342 0.262184477 0.295427339 0.294399853 0.293889238 0.303025613 0.328621173 0.340444773 0.333821309 0.350841867 0.279042166 0.219407884 0.281486417 0.338545002 0.354865274 0.323785146 0.387719393 0.318268828 0.352747870 0.268769072 0.268380449 0.274962403 0.275413976 0.272092463 0.270310485 0.291013999 0.290968294 0.279196200 0.356183965 0.365489709 0.382293965 0.238614443 0.249121949 0.276463436 0.256630849 0.242869053 0.754682945 
5     0.128250477 0.135326507 0.100002217 0.115797215 0.000000000 0.169273789 0.325831435 0.327925599 0.181742660 0.237503780 0.234041954 0.181279324 0.376863495 0.205027449 0.206042752 0.198090839 0.231092910 0.230065425 0.229554809 0.238691184 0.264286745 0.276110344 0.269546584 0.286507439 0.214739156 0.155708908 0.217419574 0.273957258 0.290277529 0.259129911 0.323064158 0.253612317 0.288236619 0.204354400 0.204179476 0.210594766 0.211046339 0.207677791 0.205895813 0.226593267 0.226547563 0.214781528 0.291754934 0.301085048 0.317814222 0.174151280 0.184615231 0.211956718 0.192114087 0.178352291 0.691657340 
24     0.195310697 0.202456906 0.187931567 0.233887665 0.169273789 0.000000000 0.349701835 0.351918020 0.221677935 0.277267935 0.273735042 0.221249148 0.416704485 0.244864795 0.245878375 0.238039162 0.270551107 0.269523622 0.269013006 0.278145142 0.304806484 0.316630084 0.310034215 0.326987191 0.254827508 0.195062576 0.256818680 0.313644981 0.329921454 0.298596871 0.362520754 0.293141901 0.329047068 0.243618248 0.243515277 0.249986032 0.250437606 0.246980505 0.245198527 0.266061633 0.266015928 0.254147463 0.330813956 0.340211227 0.357036870 0.213917801 0.224203585 0.251539064 0.231713084 0.217951288 0.731568250 
11     0.353185366 0.360086327 0.344982882 0.390407567 0.325831435 0.349701835 0.000000000 0.107452808 0.382078439 0.437303422 0.433793612 0.381766388 0.576597019 0.405496077 0.406511822 0.398520243 0.431124487 0.430097002 0.429586386 0.438732035 0.464915470 0.476739070 0.469684512 0.486637488 0.414958410 0.355687774 0.417341833 0.474155175 0.490475446 0.459243762 0.523175023 0.453830681 0.488595737 0.404210497 0.404107731 0.410463579 0.410915356 0.407494483 0.405712505 0.426467534 0.426421801 0.414621334 0.491755216 0.501196188 0.518021831 0.373895690 0.384705518 0.412018275 0.392214418 0.378452622 0.891282893 
12     0.355360167 0.362261128 0.347119890 0.392646699 0.327925599 0.351918020 0.107452808 0.000000000 0.384241646 0.439514721 0.436004912 0.383977688 0.578796514 0.407765480 0.408781224 0.400789646 0.433384313 0.432356827 0.431846212 0.440977391 0.467212176 0.479035776 0.471981218 0.488934194 0.417244528 0.358047034 0.419684478 0.476592725 0.492912997 0.461681312 0.525612574 0.456268231 0.491033288 0.406605341 0.406502615 0.412868684 0.413280256 0.409935847 0.408153869 0.428947068 0.428901334 0.417029227 0.494132328 0.503573300 0.520398943 0.376301200 0.387111028 0.414423784 0.394619928 0.380858132 0.893576239 
13     0.208230711 0.214994710 0.200968424 0.246032327 0.181742660 0.221677935 0.382078439 0.384241646 0.000000000 0.139806773 0.136166121 0.084322636 0.279852952 0.118181289 0.119257168 0.111569040 0.144370372 0.143342838 0.142832222 0.151912247 0.178793289 0.190617649 0.184252577 0.201223758 0.128475355 0.102162797 0.164023825 0.219573617 0.235895305 0.204144604 0.268241083 0.199557476 0.235644637 0.149989052 0.150025628 0.156628172 0.157079745 0.153724935 0.151968107 0.172488165 0.172442461 0.160869643 0.236487641 0.245891553 0.262674979 0.121029793 0.131258125 0.158787790 0.138499222 0.124951935 0.639234030 
21     0.263950384 0.270739749 0.256713417 0.301836916 0.237503780 0.277267935 0.437303422 0.439514721 0.139806773 0.000000000 0.046387304 0.099071684 0.333939685 0.173610257 0.174690340 0.167364076 0.200209105 0.199181571 0.198670955 0.207750999 0.234295955 0.246120315 0.238910337 0.256112413 0.183774658 0.158164475 0.219822185 0.276283785 0.292613364 0.261052496 0.325099314 0.255946335 0.291812336 0.206053791 0.206451713 0.212984598 0.213436172 0.210044921 0.208288093 0.228785011 0.228739307 0.216859567 0.293755245 0.303003897 0.319721332 0.176745649 0.186969688 0.214385144 0.194375296 0.180638869 0.694175637 
20     0.260429439 0.267218803 0.253203607 0.298315970 0.234041954 0.273735042 0.433793612 0.436004912 0.136166121 0.046387304 0.000000000 0.095452986 0.330342840 0.169881492 0.170961576 0.163724852 0.196569881 0.195542347 0.195031731 0.204111775 0.230656731 0.242481091 0.235271113 0.252473189 0.180135434 0.154586865 0.216239097 0.272706175 0.289035755 0.257474886 0.321511678 0.252368726 0.288246172 0.202463180 0.202874103 0.209406989 0.209858562 0.206467334 0.204710505 0.225207401 0.225161697 0.213281958 0.290177635 0.299426287 0.316143722 0.173168039 0.183392078 0.210807534 0.190797686 0.177061260 0.690575466 
14     0.207759331 0.214598523 0.200565340 0.245404048 0.181279324 0.221249148 0.381766388 0.383977688 0.084322636 0.099071684 0.095452986 0.000000000 0.276821864 0.117664939 0.118745023 0.111198702 0.144076889 0.143049355 0.142538739 0.151618783 0.178467565 0.190291925 0.183904205 0.200886721 0.127922028 0.102247517 0.163773385 0.220032154 0.236361733 0.204813398 0.268899705 0.199367847 0.235382921 0.150174624 0.150368532 0.156901417 0.157352991 0.153953444 0.152260636 0.172735578 0.172689874 0.160774712 0.237141341 0.246752408 0.263469843 0.120664131 0.130939918 0.158418974 0.138293778 0.124524574 0.638291072 
18     0.403349726 0.409680500 0.396318251 0.441174613 0.376863495 0.416704485 0.576597019 0.578796514 0.279852952 0.333939685 0.330342840 0.276821864 0.000000000 0.313049259 0.314125137 0.306295978 0.338945191 0.337917656 0.337407041 0.346668083 0.373130622 0.384954982 0.378576346 0.395540647 0.322949085 0.298870173 0.360547716 0.416738016 0.433059704 0.401470287 0.465558532 0.396772452 0.431968262 0.346525586 0.346875438 0.353511203 0.353962776 0.350627408 0.348870579 0.367384986 0.367339281 0.357478597 0.433921555 0.443481589 0.460199024 0.317434324 0.327658363 0.355190836 0.335063971 0.321354069 0.832231876 
1     0.231629626 0.238429860 0.224521286 0.269361877 0.205027449 0.244864795 0.405496077 0.407765480 0.118181289 0.173610257 0.169881492 0.117664939 0.313049259 0.000000000 0.013245312 0.026841911 0.076303337 0.075006172 0.074390074 0.083054206 0.173451493 0.185272752 0.179126655 0.196137721 0.149550371 0.124007454 0.186137093 0.241454102 0.257951074 0.226025257 0.290213758 0.221726100 0.257576770 0.172881402 0.173048303 0.179491656 0.179943229 0.176504874 0.174748045 0.195418946 0.195373241 0.183279336 0.259298760 0.268899294 0.285616729 0.143054000 0.153081311 0.180829641 0.160679941 0.146759045 0.660709859 
7     0.232573858 0.239343863 0.225536589 0.270401342 0.206042752 0.245878375 0.406511822 0.408781224 0.119257168 0.174690340 0.170961576 0.118745023 0.314125137 0.013245312 0.000000000 0.028332426 0.077530884 0.076223447 0.075617621 0.084340656 0.174505329 0.186326588 0.180193062 0.197204129 0.150632925 0.125066087 0.187261603 0.242583497 0.259080468 0.227197137 0.291385639 0.222934963 0.258671496 0.173953265 0.174120166 0.180563519 0.181015092 0.177582347 0.175825518 0.196490808 0.196445104 0.184351198 0.260370622 0.269971156 0.286688591 0.144166740 0.154194051 0.181942381 0.161792681 0.147871785 0.661792415 
22     0.225150877 0.231953355 0.217623425 0.262184477 0.198090839 0.238039162 0.398520243 0.400789646 0.111569040 0.167364076 0.163724852 0.111198702 0.306295978 0.026841911 0.028332426 0.000000000 0.069909799 0.068646193 0.067955027 0.076709151 0.166688437 0.178550309 0.172332854 0.189343921 0.142706308 0.117106158 0.179194346 0.233962981 0.250483163 0.218832253 0.283020755 0.214566660 0.250225026 0.165801810 0.165968711 0.172423243 0.172874816 0.169406210 0.167674064 0.188314671 0.188268967 0.176220953 0.252450286 0.262058818 0.278776254 0.136046314 0.146073625 0.173823685 0.153676293 0.139730787 0.653511756 
3     0.257952817 0.264758398 0.250560543 0.295427339 0.231092910 0.270551107 0.431124487 0.433384313 0.144370372 0.200209105 0.196569881 0.144076889 0.338945191 0.076303337 0.077530884 0.069909799 0.000000000 0.024792110 0.023713701 0.059930682 0.200302189 0.212164060 0.205918565 0.222929632 0.175752784 0.150118711 0.212223107 0.267451780 0.284058912 0.252019933 0.316280325 0.247853839 0.283642813 0.198983214 0.199154868 0.205598221 0.206049794 0.202630394 0.200873566 0.221536746 0.221491042 0.209352358 0.285282316 0.294778659 0.311496482 0.169171065 0.179168986 0.206951552 0.186809760 0.172747347 0.684705078 
15     0.256925332 0.263730913 0.249533058 0.294399853 0.230065425 0.269523622 0.430097002 0.432356827 0.143342838 0.199181571 0.195542347 0.143049355 0.337917656 0.075006172 0.076223447 0.068646193 0.024792110 0.000000000 0.017441172 0.057551590 0.199128791 0.210990662 0.204745167 0.221756234 0.174725249 0.149091226 0.211195622 0.266443327 0.283031427 0.250998844 0.315252840 0.246826354 0.282615327 0.197955729 0.198127383 0.204570736 0.205022309 0.201602909 0.199846080 0.220509261 0.220463557 0.208273865 0.284254831 0.293751174 0.310468997 0.168143579 0.178141501 0.205924067 0.185782274 0.171704146 0.683677592 
17     0.256414716 0.263220297 0.249022442 0.293889238 0.229554809 0.269013006 0.429586386 0.431846212 0.142832222 0.198670955 0.195031731 0.142538739 0.337407041 0.074390074 0.075617621 0.067955027 0.023713701 0.017441172 0.000000000 0.057140452 0.198658182 0.210520054 0.204274558 0.221285625 0.174214634 0.148580610 0.210685006 0.265936652 0.282520811 0.250481832 0.314742225 0.246315738 0.282104712 0.197445113 0.197616767 0.204060120 0.204511693 0.201092293 0.199335465 0.219998645 0.219952941 0.207814257 0.283744215 0.293240558 0.309958381 0.167632964 0.177630885 0.205413451 0.185271659 0.171209246 0.683166977 
19     0.265575395 0.272382770 0.258175236 0.303025613 0.238691184 0.278145142 0.438732035 0.440977391 0.151912247 0.207750999 0.204111775 0.151618783 0.346668083 0.083054206 0.084340656 0.076709151 0.059930682 0.057551590 0.057140452 0.000000000 0.207580504 0.219442376 0.213196880 0.230207947 0.183292774 0.157813948 0.219912720 0.275251083 0.291789177 0.259866638 0.324125928 0.255597356 0.291365186 0.206574058 0.206760752 0.213204470 0.213656043 0.210244187 0.208487358 0.229139303 0.229093599 0.216972626 0.293242887 0.302844357 0.319561792 0.176856061 0.186811994 0.214636548 0.194494755 0.180459658 0.692952792 
6     0.290919765 0.297736952 0.283785007 0.328621173 0.264286745 0.304806484 0.464915470 0.467212176 0.178793289 0.234295955 0.230656731 0.178467565 0.373130622 0.173451493 0.174505329 0.166688437 0.200302189 0.199128791 0.198658182 0.207580504 0.000000000 0.034856571 0.059320996 0.077677973 0.209225031 0.184921599 0.247323594 0.302876957 0.319325813 0.287964485 0.352112395 0.283454173 0.319249480 0.233780026 0.233955807 0.240398397 0.240849970 0.237472953 0.235716984 0.256271358 0.256225654 0.244410705 0.320639838 0.330224781 0.346942216 0.203793497 0.213952703 0.241560459 0.221400552 0.207685393 0.714697122 
16     0.302743365 0.309560552 0.295608607 0.340444773 0.276110344 0.316630084 0.476739070 0.479035776 0.190617649 0.246120315 0.242481091 0.190291925 0.384954982 0.185272752 0.186326588 0.178550309 0.212164060 0.210990662 0.210520054 0.219442376 0.034856571 0.000000000 0.071161558 0.088447348 0.221058888 0.196764961 0.259160674 0.314655550 0.331104406 0.299688406 0.363836316 0.295171772 0.330892367 0.245609439 0.245785221 0.252227810 0.252679384 0.249302367 0.247546397 0.268100772 0.268055068 0.256240119 0.332471185 0.342056129 0.358773564 0.215640689 0.225813800 0.253423071 0.233281688 0.219548006 0.726520722 
2     0.295939273 0.302758630 0.289049396 0.333821309 0.269546584 0.310034215 0.469684512 0.471981218 0.184252577 0.238910337 0.235271113 0.183904205 0.378576346 0.179126655 0.180193062 0.172332854 0.205918565 0.204745167 0.204274558 0.213196880 0.059320996 0.071161558 0.000000000 0.054927273 0.214663259 0.190364625 0.252773174 0.308348583 0.324797440 0.293416852 0.357564762 0.288906540 0.324701847 0.239237783 0.239413565 0.245856918 0.246308491 0.242930410 0.241174261 0.261728636 0.261682932 0.249868073 0.326091347 0.335676290 0.352393725 0.209256419 0.219429531 0.247038802 0.226897418 0.213163736 0.720118972 
10     0.312894687 0.319714141 0.306005702 0.350841867 0.286507439 0.326987191 0.486637488 0.488934194 0.201223758 0.256112413 0.252473189 0.200886721 0.395540647 0.196137721 0.197204129 0.189343921 0.222929632 0.221756234 0.221285625 0.230207947 0.077677973 0.088447348 0.054927273 0.000000000 0.231592147 0.207289850 0.269700065 0.325278341 0.341727197 0.310346978 0.374494888 0.305836666 0.341631973 0.256167909 0.256343690 0.262787043 0.263238617 0.259860536 0.258104387 0.278658762 0.278613057 0.266798199 0.343021473 0.352606416 0.369323851 0.226186545 0.236359656 0.263968928 0.243827544 0.230093862 0.737062979 
25     0.241462414 0.248262105 0.233967747 0.279042166 0.214739156 0.254827508 0.414958410 0.417244528 0.128475355 0.183774658 0.180135434 0.127922028 0.322949085 0.149550371 0.150632925 0.142706308 0.175752784 0.174725249 0.174214634 0.183292774 0.209225031 0.221058888 0.214663259 0.231592147 0.000000000 0.135460828 0.197672741 0.252994966 0.269316654 0.238040661 0.302136798 0.233438400 0.269229187 0.183116498 0.183249904 0.189767804 0.190222912 0.186870237 0.185113408 0.205490864 0.205445160 0.193698699 0.270464648 0.279923212 0.296640647 0.154260584 0.164474584 0.191981936 0.171899279 0.158223709 0.670024425 
47     0.182338006 0.189212684 0.175004302 0.219407884 0.155708908 0.195062576 0.355687774 0.358047034 0.102162797 0.158164475 0.154586865 0.102247517 0.298870173 0.124007454 0.125066087 0.117106158 0.150118711 0.149091226 0.148580610 0.157813948 0.184921599 0.196764961 0.190364625 0.207289850 0.135460828 0.000000000 0.102553464 0.158874321 0.174954179 0.143707038 0.207663486 0.139326355 0.175121321 0.089887908 0.090195143 0.096120423 0.096571997 0.093395833 0.091582201 0.112231205 0.112185424 0.100419310 0.175561104 0.185797969 0.202547827 0.060242453 0.070388438 0.098038200 0.077814878 0.064089133 0.608802997 
40     0.243903613 0.250785858 0.236560967 0.281486417 0.217419574 0.256818680 0.417341833 0.419684478 0.164023825 0.219822185 0.216239097 0.163773385 0.360547716 0.186137093 0.187261603 0.179194346 0.212223107 0.211195622 0.210685006 0.219912720 0.247323594 0.259160674 0.252773174 0.269700065 0.197672741 0.102553464 0.000000000 0.218979791 0.235076429 0.203912056 0.267787746 0.199304231 0.234749700 0.149918322 0.150239425 0.156134679 0.156586252 0.153392563 0.151577900 0.172299408 0.172253703 0.160443817 0.236365085 0.245979501 0.262714568 0.119016387 0.129202655 0.156817427 0.136518194 0.122890440 0.671262969 
32     0.300457393 0.307305585 0.293817994 0.338545002 0.273957258 0.313644981 0.474155175 0.476592725 0.219573617 0.276283785 0.272706175 0.220032154 0.416738016 0.241454102 0.242583497 0.233962981 0.267451780 0.266443327 0.265936652 0.275251083 0.302876957 0.314655550 0.308348583 0.325278341 0.252994966 0.158874321 0.218979791 0.000000000 0.038534721 0.164507935 0.227709251 0.162112427 0.197119344 0.158926515 0.159366379 0.164924689 0.165411082 0.162140168 0.160296634 0.180886713 0.180867086 0.168436734 0.256603716 0.266849919 0.283521239 0.164605401 0.174724616 0.202445536 0.182119686 0.168490152 0.726979483 
29     0.316777665 0.323625857 0.310138266 0.354865274 0.290277529 0.329921454 0.490475446 0.492912997 0.235895305 0.292613364 0.289035755 0.236361733 0.433059704 0.257951074 0.259080468 0.250483163 0.284058912 0.283031427 0.282520811 0.291789177 0.319325813 0.331104406 0.324797440 0.341727197 0.269316654 0.174954179 0.235076429 0.038534721 0.000000000 0.179618729 0.242820045 0.177412359 0.212211794 0.174754356 0.175180561 0.180752530 0.181237137 0.177998429 0.176154895 0.196748229 0.196724376 0.184298251 0.272730431 0.282989249 0.299660569 0.180658387 0.190777602 0.218498522 0.198172671 0.184543138 0.743149644 
46     0.285759776 0.292497968 0.278947055 0.323785146 0.259129911 0.298596871 0.459243762 0.461681312 0.204144604 0.261052496 0.257474886 0.204813398 0.401470287 0.226025257 0.227197137 0.218832253 0.252019933 0.250998844 0.250481832 0.259866638 0.287964485 0.299688406 0.293416852 0.310346978 0.238040661 0.143707038 0.203912056 0.164507935 0.179618729 0.000000000 0.095799043 0.094418782 0.129796922 0.143546504 0.143969683 0.149947986 0.150341224 0.147055114 0.145275780 0.165841522 0.165694018 0.154175915 0.242070379 0.252036024 0.268707345 0.148928583 0.159143211 0.186861669 0.166515525 0.152906791 0.712776232 
43     0.349710125 0.356446408 0.342881301 0.387719393 0.323064158 0.362520754 0.523175023 0.525612574 0.268241083 0.325099314 0.321511678 0.268899705 0.465558532 0.290213758 0.291385639 0.283020755 0.316280325 0.315252840 0.314742225 0.324125928 0.352112395 0.363836316 0.357564762 0.374494888 0.302136798 0.207663486 0.267787746 0.227709251 0.242820045 0.095799043 0.000000000 0.156403729 0.192085304 0.207618106 0.208040266 0.214016393 0.214409630 0.211161309 0.209381975 0.229875536 0.229791743 0.218246489 0.305581006 0.315494268 0.332165588 0.213267937 0.223487285 0.251208206 0.230866634 0.217252822 0.776696640 
37     0.280620957 0.287357240 0.273547482 0.318268828 0.253612317 0.293141901 0.453830681 0.456268231 0.199557476 0.255946335 0.252368726 0.199367847 0.396772452 0.221726100 0.222934963 0.214566660 0.247853839 0.246826354 0.246315738 0.255597356 0.283454173 0.295171772 0.288906540 0.305836666 0.233438400 0.139326355 0.199304231 0.162112427 0.177412359 0.094418782 0.156403729 0.000000000 0.084411327 0.139973206 0.140340985 0.146284383 0.146677621 0.143441488 0.141698781 0.162149905 0.162066112 0.149214016 0.237298042 0.247245228 0.263916548 0.145041977 0.155161192 0.182882112 0.162597662 0.148926728 0.707302670 
44     0.315282644 0.322018927 0.308209190 0.352747870 0.288236619 0.329047068 0.488595737 0.491033288 0.235644637 0.291812336 0.288246172 0.235382921 0.431968262 0.257576770 0.258671496 0.250225026 0.283642813 0.282615327 0.282104712 0.291365186 0.319249480 0.330892367 0.324701847 0.341631973 0.269229187 0.175121321 0.234749700 0.197119344 0.212211794 0.129796922 0.192085304 0.084411327 0.000000000 0.174863109 0.175090730 0.181094405 0.181567524 0.178288094 0.176509313 0.196965164 0.196881370 0.184205598 0.273477885 0.283474741 0.300146062 0.180347213 0.190466427 0.218187348 0.197902898 0.184231964 0.741207723 
48     0.230879347 0.237550214 0.223950134 0.268769072 0.204354400 0.243618248 0.404210497 0.406605341 0.149989052 0.206053791 0.202463180 0.150174624 0.346525586 0.172881402 0.173953265 0.165801810 0.198983214 0.197955729 0.197445113 0.206574058 0.233780026 0.245609439 0.239237783 0.256167909 0.183116498 0.089887908 0.149918322 0.158926515 0.174754356 0.143546504 0.207618106 0.139973206 0.174863109 0.000000000 0.019842534 0.031649238 0.031741768 0.038340019 0.036389470 0.057288916 0.057209159 0.048464646 0.188806399 0.199040260 0.216030593 0.095326219 0.105308584 0.132998210 0.112708981 0.099071391 0.656047003 
39     0.230800041 0.237470909 0.223804321 0.268380449 0.204179476 0.243515277 0.404107731 0.406502615 0.150025628 0.206451713 0.202874103 0.150368532 0.346875438 0.173048303 0.174120166 0.165968711 0.199154868 0.198127383 0.197616767 0.206760752 0.233955807 0.245785221 0.239413565 0.256343690 0.183249904 0.090195143 0.150239425 0.159366379 0.175180561 0.143969683 0.208040266 0.140340985 0.175090730 0.019842534 0.000000000 0.031495638 0.031702860 0.038186912 0.036348019 0.057458927 0.057372943 0.048944524 0.189008000 0.199230991 0.216221325 0.095627131 0.105608292 0.133296727 0.112983159 0.099371098 0.656183047 
26     0.237143090 0.243931511 0.230195882 0.274962403 0.210594766 0.249986032 0.410463579 0.412868684 0.156628172 0.212984598 0.209406989 0.156901417 0.353511203 0.179491656 0.180563519 0.172423243 0.205598221 0.204570736 0.204060120 0.213204470 0.240398397 0.252227810 0.245856918 0.262787043 0.189767804 0.096120423 0.156134679 0.164924689 0.180752530 0.149947986 0.214016393 0.146284383 0.181094405 0.031649238 0.031495638 0.000000000 0.014367630 0.043565260 0.041523995 0.062287381 0.062336764 0.054038883 0.194845433 0.204655159 0.221633570 0.101532462 0.111527885 0.139218937 0.118914324 0.105290692 0.662419224 
35     0.237594663 0.244383084 0.230647456 0.275413976 0.211046339 0.250437606 0.410915356 0.413280256 0.157079745 0.213436172 0.209858562 0.157352991 0.353962776 0.179943229 0.181015092 0.172874816 0.206049794 0.205022309 0.204511693 0.213656043 0.240849970 0.252679384 0.246308491 0.263238617 0.190222912 0.096571997 0.156586252 0.165411082 0.181237137 0.150341224 0.214409630 0.146677621 0.181567524 0.031741768 0.031702860 0.014367630 0.000000000 0.044192750 0.042125017 0.063080296 0.063037352 0.054357599 0.195274178 0.205083904 0.222062315 0.101984036 0.111979458 0.139670511 0.119365897 0.105742265 0.662870798 
38     0.234199366 0.240844715 0.227126470 0.272092463 0.207677791 0.246980505 0.407494483 0.409935847 0.153724935 0.210044921 0.206467334 0.153953444 0.350627408 0.176504874 0.177582347 0.169406210 0.202630394 0.201602909 0.201092293 0.210244187 0.237472953 0.249302367 0.242930410 0.259860536 0.186870237 0.093395833 0.153392563 0.162140168 0.177998429 0.147055114 0.211161309 0.143441488 0.178288094 0.038340019 0.038186912 0.043565260 0.044192750 0.000000000 0.015536955 0.053666871 0.053710548 0.051563521 0.191829360 0.202055305 0.219039733 0.098849443 0.108833888 0.136528980 0.116229009 0.102596695 0.659569270 
36     0.232417388 0.239060148 0.225344493 0.270310485 0.205895813 0.245198527 0.405712505 0.408153869 0.151968107 0.208288093 0.204710505 0.152260636 0.348870579 0.174748045 0.175825518 0.167674064 0.200873566 0.199846080 0.199335465 0.208487358 0.235716984 0.247546397 0.241174261 0.258104387 0.185113408 0.091582201 0.151577900 0.160296634 0.176154895 0.145275780 0.209381975 0.141698781 0.176509313 0.036389470 0.036348019 0.041523995 0.042125017 0.015536955 0.000000000 0.051563405 0.051561029 0.049529903 0.190030938 0.200256883 0.217241311 0.097049120 0.107033564 0.134728656 0.114428685 0.100796371 0.657787292 
45     0.253135357 0.259806225 0.246181620 0.291013999 0.226593267 0.266061633 0.426467534 0.428947068 0.172488165 0.228785011 0.225207401 0.172735578 0.367384986 0.195418946 0.196490808 0.188314671 0.221536746 0.220509261 0.219998645 0.229139303 0.256271358 0.268100772 0.261728636 0.278658762 0.205490864 0.112231205 0.172299408 0.180886713 0.196748229 0.165841522 0.229875536 0.162149905 0.196965164 0.057288916 0.057458927 0.062287381 0.063080296 0.053666871 0.051563405 0.000000000 0.023526151 0.069339937 0.210832536 0.220962971 0.237947399 0.117704132 0.127691923 0.155391552 0.135092500 0.121454730 0.678426785 
41     0.253089653 0.259760521 0.246135916 0.290968294 0.226547563 0.266015928 0.426421801 0.428901334 0.172442461 0.228739307 0.225161697 0.172689874 0.367339281 0.195373241 0.196445104 0.188268967 0.221491042 0.220463557 0.219952941 0.229093599 0.256225654 0.268055068 0.261682932 0.278613057 0.205445160 0.112185424 0.172253703 0.180867086 0.196724376 0.165694018 0.229791743 0.162066112 0.196881370 0.057209159 0.057372943 0.062336764 0.063037352 0.053710548 0.051561029 0.023526151 0.000000000 0.069511084 0.210805267 0.220935703 0.237920131 0.117658608 0.127646398 0.155346028 0.135046796 0.121409205 0.678381081 
28     0.241237474 0.247910976 0.234379800 0.279196200 0.214781528 0.254147463 0.414621334 0.417029227 0.160869643 0.216859567 0.213281958 0.160774712 0.357478597 0.183279336 0.184351198 0.176220953 0.209352358 0.208273865 0.207814257 0.216972626 0.244410705 0.256240119 0.249868073 0.266798199 0.193698699 0.100419310 0.160443817 0.168436734 0.184298251 0.154175915 0.218246489 0.149214016 0.184205598 0.048464646 0.048944524 0.054038883 0.054357599 0.051563521 0.049529903 0.069339937 0.069511084 0.000000000 0.198078770 0.208631483 0.225621817 0.105838821 0.115823266 0.143516998 0.123217955 0.109586072 0.668017392 
30     0.318268152 0.325060692 0.311432047 0.356183965 0.291754934 0.330813956 0.491755216 0.494132328 0.236487641 0.293755245 0.290177635 0.237141341 0.433921555 0.259298760 0.260370622 0.252450286 0.285282316 0.284254831 0.283744215 0.293242887 0.320639838 0.332471185 0.326091347 0.343021473 0.270464648 0.175561104 0.236365085 0.256603716 0.272730431 0.242070379 0.305581006 0.237298042 0.273477885 0.188806399 0.189008000 0.194845433 0.195274178 0.191829360 0.190030938 0.210832536 0.210805267 0.198078770 0.000000000 0.105239684 0.122009138 0.181710653 0.191820577 0.219513760 0.199289108 0.185567457 0.745021117 
27     0.327709124 0.334501664 0.320845914 0.365489709 0.301085048 0.340211227 0.501196188 0.503573300 0.245891553 0.303003897 0.299426287 0.246752408 0.443481589 0.268899294 0.269971156 0.262058818 0.294778659 0.293751174 0.293240558 0.302844357 0.330224781 0.342056129 0.335676290 0.352606416 0.279923212 0.185797969 0.245979501 0.266849919 0.282989249 0.252036024 0.315494268 0.247245228 0.283474741 0.199040260 0.199230991 0.204655159 0.205083904 0.202055305 0.200256883 0.220962971 0.220935703 0.208631483 0.105239684 0.000000000 0.044713545 0.191428127 0.201512180 0.229186472 0.208976967 0.195244536 0.754807320 
33     0.344422342 0.351214882 0.337576578 0.382293965 0.317814222 0.357036870 0.518021831 0.520398943 0.262674979 0.319721332 0.316143722 0.263469843 0.460199024 0.285616729 0.286688591 0.278776254 0.311496482 0.310468997 0.309958381 0.319561792 0.346942216 0.358773564 0.352393725 0.369323851 0.296640647 0.202547827 0.262714568 0.283521239 0.299660569 0.268707345 0.332165588 0.263916548 0.300146062 0.216030593 0.216221325 0.221633570 0.222062315 0.219039733 0.217241311 0.237947399 0.237920131 0.225621817 0.122009138 0.044713545 0.000000000 0.208182290 0.218266344 0.245940636 0.225731130 0.211998700 0.771599524 
42     0.200742206 0.207579252 0.193734888 0.238614443 0.174151280 0.213917801 0.373895690 0.376301200 0.121029793 0.176745649 0.173168039 0.120664131 0.317434324 0.143054000 0.144166740 0.136046314 0.169171065 0.168143579 0.167632964 0.176856061 0.203793497 0.215640689 0.209256419 0.226186545 0.154260584 0.060242453 0.119016387 0.164605401 0.180658387 0.148928583 0.213267937 0.145041977 0.180347213 0.095326219 0.095627131 0.101532462 0.101984036 0.098849443 0.097049120 0.117704132 0.117658608 0.105838821 0.181710653 0.191428127 0.208182290 0.000000000 0.027929556 0.055573005 0.035480095 0.021690106 0.625876432 
31     0.211122784 0.217959829 0.204256177 0.249121949 0.184615231 0.224203585 0.384705518 0.387111028 0.131258125 0.186969688 0.183392078 0.130939918 0.327658363 0.153081311 0.154194051 0.146073625 0.179168986 0.178141501 0.177630885 0.186811994 0.213952703 0.225813800 0.219429531 0.236359656 0.164474584 0.070388438 0.129202655 0.174724616 0.190777602 0.159143211 0.223487285 0.155161192 0.190466427 0.105308584 0.105608292 0.111527885 0.111979458 0.108833888 0.107033564 0.127691923 0.127646398 0.115823266 0.191820577 0.201512180 0.218266344 0.027929556 0.000000000 0.062913127 0.042711631 0.029056170 0.636420736 
34     0.238383562 0.245254383 0.231319162 0.276463436 0.211956718 0.251539064 0.412018275 0.414423784 0.158787790 0.214385144 0.210807534 0.158418974 0.355190836 0.180829641 0.181942381 0.173823685 0.206951552 0.205924067 0.205413451 0.214636548 0.241560459 0.253423071 0.247038802 0.263968928 0.191981936 0.098038200 0.156817427 0.202445536 0.218498522 0.186861669 0.251208206 0.182882112 0.218187348 0.132998210 0.133296727 0.139218937 0.139670511 0.136528980 0.134728656 0.155391552 0.155346028 0.143516998 0.219513760 0.229186472 0.245940636 0.055573005 0.062913127 0.000000000 0.066723188 0.053320988 0.664046930 
49     0.218631684 0.225468729 0.211765076 0.256630849 0.192114087 0.231713084 0.392214418 0.394619928 0.138499222 0.194375296 0.190797686 0.138293778 0.335063971 0.160679941 0.161792681 0.153676293 0.186809760 0.185782274 0.185271659 0.194494755 0.221400552 0.233281688 0.226897418 0.243827544 0.171899279 0.077814878 0.136518194 0.182119686 0.198172671 0.166515525 0.230866634 0.162597662 0.197902898 0.112708981 0.112983159 0.118914324 0.119365897 0.116229009 0.114428685 0.135092500 0.135046796 0.123217955 0.199289108 0.208976967 0.225731130 0.035480095 0.042711631 0.066723188 0.000000000 0.032196593 0.643859531 
50     0.204870432 0.211707478 0.198003280 0.242869053 0.178352291 0.217951288 0.378452622 0.380858132 0.124951935 0.180638869 0.177061260 0.124524574 0.321354069 0.146759045 0.147871785 0.139730787 0.172747347 0.171704146 0.171209246 0.180459658 0.207685393 0.219548006 0.213163736 0.230093862 0.158223709 0.064089133 0.122890440 0.168490152 0.184543138 0.152906791 0.217252822 0.148926728 0.184231964 0.099071391 0.099371098 0.105290692 0.105742265 0.102596695 0.100796371 0.121454730 0.121409205 0.109586072 0.185567457 0.195244536 0.211998700 0.021690106 0.029056170 0.053320988 0.032196593 0.000000000 0.630141186 
0     0.718189893 0.725049147 0.710971934 0.754682945 0.691657340 0.731568250 0.891282893 0.893576239 0.639234030 0.694175637 0.690575466 0.638291072 0.832231876 0.660709859 0.661792415 0.653511756 0.684705078 0.683677592 0.683166977 0.692952792 0.714697122 0.726520722 0.720118972 0.737062979 0.670024425 0.608802997 0.671262969 0.726979483 0.743149644 0.712776232 0.776696640 0.707302670 0.741207723 0.656047003 0.656183047 0.662419224 0.662870798 0.659569270 0.657787292 0.678426785 0.678381081 0.668017392 0.745021117 0.754807320 0.771599524 0.625876432 0.636420736 0.664046930 0.643859531 0.630141186 0.000000000 
