51
23     0.000000000 0.000477280 0.003755530 0.014446700 0.002760000 0.000733340 0.015182790 0.024172210 0.012213150 0.016047800 0.016356880 0.002158670 0.017292330 0.006849300 0.007363130 0.005027170 0.018281910 0.017918910 0.017985300 0.018560420 0.002534570 0.008955920 0.000819920 0.003261300 0.014674650 0.009584150 0.019695500 0.014541040 0.017453370 0.001624680 0.024796710 0.023687050 0.021202890 0.017004520 0.014945660 0.013993560 0.016875360 0.016788310 0.016103900 0.015321390 0.015517370 0.013799160 0.011176870 0.019020590 0.015929760 0.014815190 0.015884060 0.017578560 0.016520840 0.015661030 0.036643830 
4     0.000477280 0.000000000 0.003208670 0.002210700 0.004601990 0.000702970 0.012292750 0.014999930 0.012700680 0.014974070 0.015000650 0.012865690 0.014402290 0.003586830 0.005553920 0.005419980 0.010928480 0.009736660 0.010723900 0.015469030 0.018099490 0.019068220 0.019114550 0.015832400 0.014620610 0.010181210 0.019976560 0.015138100 0.017506790 0.004580900 0.024820690 0.023779430 0.021690420 0.017028500 0.017830880 0.017876550 0.017883140 0.011474730 0.012757930 0.017334910 0.017530890 0.010830260 0.011773930 0.019617650 0.016526820 0.014839170 0.015908040 0.017602540 0.016544820 0.015685010 0.037113110 
9     0.003755530 0.003208670 0.000000000 0.004056550 0.001303630 0.001604850 0.014559380 0.017851950 0.013711360 0.013495450 0.013522030 0.011958510 0.010421410 0.013128710 0.013363730 0.012488820 0.009734270 0.011145590 0.009846500 0.017482210 0.014774550 0.013679640 0.010595380 0.009445770 0.013141990 0.011004950 0.009693530 0.011922350 0.012704950 0.012778490 0.013160060 0.011176140 0.011464020 0.012743930 0.009569030 0.008616930 0.011498730 0.015461180 0.013846460 0.013264790 0.013460770 0.012924120 0.021980800 0.022332470 0.024444940 0.010116540 0.009029070 0.012509410 0.009713580 0.009119530 0.008231250 
8     0.014446700 0.002210700 0.004056550 0.000000000 0.001155160 0.010246440 0.011703490 0.018491020 0.016893150 0.020727800 0.021036880 0.008364180 0.014402380 0.020971380 0.020466360 0.020580510 0.022924380 0.022903730 0.022811340 0.023060850 0.018755520 0.017660610 0.009298760 0.013426740 0.017237660 0.014985920 0.013674500 0.015903320 0.016685920 0.016759460 0.017141030 0.024969520 0.024229010 0.016724900 0.011275170 0.011856430 0.011884110 0.019511870 0.017827430 0.019805830 0.019533330 0.016905090 0.026031490 0.026383160 0.028495630 0.014097510 0.013010040 0.019998850 0.016342170 0.013100500 0.036572160 
5     0.002760000 0.004601990 0.001303630 0.001155160 0.000000000 0.005255930 0.009017050 0.011162070 0.009514360 0.011275210 0.012592550 0.009679370 0.011994190 0.011625310 0.012434250 0.011559340 0.013644300 0.013626170 0.014575240 0.016263050 0.013380170 0.014767530 0.015607720 0.012325570 0.006108850 0.006226260 0.017426170 0.011631270 0.014543600 0.018645320 0.021369800 0.017164030 0.016971100 0.012978370 0.013111560 0.013645810 0.013661820 0.013878540 0.013194130 0.001412910 0.001608890 0.013100330 0.008267100 0.016110820 0.013019990 0.011768080 0.012900390 0.014594890 0.012561330 0.012226050 0.030125370 
24     0.000733340 0.000702970 0.001604850 0.010246440 0.005255930 0.000000000 0.011619430 0.003189410 0.009510190 0.014412450 0.014439030 0.012329680 0.006135840 0.004599810 0.000895110 0.008721540 0.015490780 0.015472650 0.016421720 0.018399210 0.010488980 0.009394070 0.006309810 0.005160200 0.008971120 0.006719380 0.002375030 0.007636780 0.008419380 0.008492920 0.008874490 0.018643890 0.020715990 0.008458360 0.007314700 0.008519020 0.008648090 0.014244260 0.009560890 0.011539290 0.011266790 0.008638550 0.008632820 0.006535170 0.006950210 0.005830970 0.004743500 0.011864790 0.006658250 0.004833960 0.011181260 
11     0.015182790 0.012292750 0.014559380 0.011703490 0.009017050 0.011619430 0.000000000 0.000651430 0.017024570 0.020859220 0.020910680 0.017189580 0.020312320 0.020517360 0.020752380 0.019877470 0.021962430 0.021944300 0.022893370 0.023773260 0.020890380 0.022277740 0.022612420 0.021462810 0.019887490 0.009646380 0.009850550 0.023670860 0.023416820 0.024795530 0.025177100 0.027830380 0.024481310 0.019343340 0.020621770 0.021156020 0.021172030 0.021591170 0.020791260 0.021760200 0.022623230 0.021059290 0.032412360 0.029123880 0.034713600 0.019278290 0.020732440 0.023205090 0.020071540 0.019736260 0.045940870 
12     0.024172210 0.014999930 0.017851950 0.018491020 0.011162070 0.003189410 0.000651430 0.000000000 0.002195520 0.023004240 0.023313320 0.019334600 0.029301740 0.025149810 0.025176400 0.017616470 0.022043150 0.020476910 0.018692080 0.006917140 0.023035400 0.024422760 0.029211610 0.029397290 0.022032510 0.014416780 0.022651390 0.028217320 0.029624260 0.029756420 0.033111580 0.029975400 0.026626330 0.015353520 0.016954990 0.023301040 0.011386010 0.018806090 0.018791920 0.023905220 0.023579370 0.019706810 0.034557380 0.031268900 0.036858620 0.021423310 0.022877460 0.025350110 0.022216560 0.021881280 0.054930290 
13     0.012213150 0.012700680 0.013711360 0.016893150 0.009514360 0.009510190 0.017024570 0.002195520 0.000000000 0.005244940 0.005271520 0.001139740 0.004854660 0.006783190 0.007821920 0.005520250 0.009791840 0.009983630 0.009949880 0.008673000 0.011475750 0.010380840 0.007296580 0.006146970 0.007217590 0.005072900 0.008073670 0.010302490 0.011085090 0.002174420 0.011540200 0.009406300 0.015096200 0.011103470 0.009980410 0.011184730 0.011313800 0.011104700 0.007621580 0.012375090 0.013238120 0.011304260 0.008212260 0.004985440 0.006191660 0.008288380 0.007409210 0.011685190 0.010686430 0.007499670 0.013874250 
21     0.016047800 0.014974070 0.013495450 0.020727800 0.011275210 0.014412450 0.020859220 0.023004240 0.005244940 0.000000000 0.000075160 0.001336950 0.004581940 0.010057800 0.010292820 0.009417910 0.011502870 0.011484740 0.011782480 0.013506150 0.014401820 0.016727280 0.014623900 0.016111870 0.010408420 0.008907550 0.015549200 0.013211300 0.012957260 0.016842790 0.025839260 0.016508380 0.018930850 0.014054730 0.013947040 0.015508940 0.015400520 0.003093920 0.006913730 0.015299140 0.015413930 0.013751810 0.021182230 0.023191690 0.024312770 0.011000530 0.013655080 0.014145650 0.014521080 0.010847820 0.025041590 
20     0.016356880 0.015000650 0.013522030 0.021036880 0.012592550 0.014439030 0.020910680 0.023313320 0.005271520 0.000075160 0.000000000 0.000736600 0.004608520 0.006492590 0.009967640 0.006891090 0.010389220 0.010368570 0.010276180 0.005974000 0.011421360 0.014144440 0.012339360 0.013131410 0.008231230 0.008495230 0.012568740 0.012826300 0.012983840 0.013862330 0.025001510 0.013527920 0.018467930 0.011074270 0.010966580 0.012528480 0.012420060 0.003290310 0.007110120 0.012318680 0.012433470 0.010771350 0.018201770 0.015534590 0.016740810 0.007988030 0.010811470 0.011165190 0.014830160 0.007835320 0.022936570 
14     0.002158670 0.012865690 0.011958510 0.008364180 0.009679370 0.012329680 0.017189580 0.019334600 0.001139740 0.001336950 0.000736600 0.000000000 0.000256050 0.004673990 0.002469300 0.001473710 0.005134480 0.005225160 0.004599480 0.006490870 0.003840020 0.011080250 0.009275170 0.010067220 0.002706530 0.000322350 0.005700160 0.009762110 0.012166310 0.010798140 0.019052970 0.006563350 0.015261210 0.008010080 0.007902390 0.009464290 0.009355870 0.003403590 0.007765410 0.009254490 0.009369280 0.007707160 0.009255530 0.008463510 0.009669730 0.005388400 0.008376900 0.008101000 0.010851440 0.003001610 0.014223060 
18     0.017292330 0.014402290 0.010421410 0.014402380 0.011994190 0.006135840 0.020312320 0.029301740 0.004854660 0.004581940 0.004608520 0.000256050 0.000000000 0.009486020 0.009721040 0.002356290 0.004998180 0.004969110 0.004343430 0.013839520 0.008101400 0.007006490 0.003922230 0.002772620 0.003247660 0.006010740 0.004699320 0.006928140 0.007710740 0.007784280 0.008165850 0.017935250 0.020007350 0.007749720 0.006606060 0.007810380 0.007939450 0.009930610 0.008852250 0.009194320 0.010558150 0.007929910 0.026954030 0.027571700 0.028921420 0.005122330 0.004034860 0.011156150 0.007366990 0.004125320 0.035704030 
1     0.006849300 0.003586830 0.013128710 0.020971380 0.011625310 0.004599810 0.020517360 0.025149810 0.006783190 0.010057800 0.006492590 0.004673990 0.009486020 0.000000000 0.000160420 0.000628960 0.003139890 0.003119240 0.003026850 0.000635370 0.006957170 0.006123840 0.006170170 0.002888020 0.002106860 0.006589200 0.000788340 0.006251700 0.005997660 0.013157000 0.014734850 0.003887860 0.014791350 0.010368940 0.010261250 0.011823150 0.011714730 0.010382550 0.010124270 0.011613350 0.011728140 0.010066020 0.009660950 0.016165710 0.014413840 0.009430280 0.010603860 0.010459860 0.013415350 0.007455280 0.020710640 
7     0.007363130 0.005553920 0.013363730 0.020466360 0.012434250 0.000895110 0.020752380 0.025176400 0.007821920 0.010292820 0.009967640 0.002469300 0.009721040 0.000160420 0.000000000 0.000080390 0.002824740 0.004010500 0.003000640 0.003517340 0.004676100 0.007169250 0.007215580 0.003933430 0.003897030 0.000832870 0.007937060 0.006486720 0.006232680 0.013848260 0.014229830 0.015008940 0.016219430 0.012555290 0.012447600 0.013874360 0.013901080 0.012568900 0.012310620 0.013799700 0.013914490 0.012252370 0.010706360 0.015737210 0.015459250 0.011186310 0.010098840 0.012646210 0.013408050 0.007447980 0.017939890 
22     0.005027170 0.005419980 0.012488820 0.020580510 0.011559340 0.008721540 0.019877470 0.017616470 0.005520250 0.009417910 0.006891090 0.001473710 0.002356290 0.000628960 0.000080390 0.000000000 0.002744350 0.002911620 0.002285940 0.001033870 0.004596930 0.006131070 0.005589830 0.002895250 0.002491430 0.002480080 0.007857890 0.001046640 0.005357770 0.013962410 0.014343980 0.013694430 0.015870020 0.011240780 0.011133090 0.012694990 0.012586570 0.004351470 0.003829820 0.003615180 0.012599980 0.010937860 0.009668180 0.014098650 0.014421070 0.008580080 0.010212990 0.011331700 0.011376410 0.009081440 0.006414450 
3     0.018281910 0.010928480 0.009734270 0.022924380 0.013644300 0.015490780 0.021962430 0.022043150 0.009791840 0.011502870 0.010389220 0.005134480 0.004998180 0.003139890 0.002824740 0.002744350 0.000000000 0.000274520 0.000308490 0.001417350 0.007341280 0.013513550 0.003330140 0.009534930 0.005775360 0.005224430 0.010602240 0.003064490 0.007442730 0.013788830 0.018488220 0.012174340 0.018394430 0.011000770 0.010893080 0.012454980 0.012346560 0.011014380 0.010756100 0.012245180 0.012359970 0.010697850 0.014157610 0.011330820 0.018254930 0.010062110 0.011367590 0.011091690 0.016335910 0.009687010 0.016174290 
15     0.017918910 0.009736660 0.011145590 0.022903730 0.013626170 0.015472650 0.021944300 0.020476910 0.009983630 0.011484740 0.010368570 0.005225160 0.004969110 0.003119240 0.004010500 0.002911620 0.000274520 0.000000000 0.000179590 0.001396700 0.011327210 0.014050290 0.001084080 0.009087750 0.005494310 0.009039610 0.012474590 0.007678640 0.007424600 0.013768180 0.018618610 0.010083590 0.018373780 0.010980120 0.010872430 0.012434330 0.012325910 0.010993730 0.010735450 0.012224530 0.012339320 0.010677200 0.017883240 0.018448020 0.021238160 0.010041460 0.011346940 0.011071040 0.016317780 0.009666360 0.016849860 
17     0.017985300 0.010723900 0.009846500 0.022811340 0.014575240 0.016421720 0.022893370 0.018692080 0.009949880 0.011782480 0.010276180 0.004599480 0.004343430 0.003026850 0.003000640 0.002285940 0.000308490 0.000179590 0.000000000 0.001006050 0.007517180 0.012923930 0.000378150 0.008381820 0.007707610 0.005400330 0.010778140 0.008627710 0.008373670 0.013675790 0.019982970 0.010165450 0.018281390 0.010887730 0.010780040 0.012341940 0.012233520 0.010901340 0.010643060 0.012132140 0.012246930 0.010584810 0.014333510 0.015261690 0.018430830 0.009949070 0.011254550 0.010978650 0.016788380 0.009573970 0.016599310 
19     0.018560420 0.015469030 0.017482210 0.023060850 0.016263050 0.018399210 0.023773260 0.006917140 0.008673000 0.013506150 0.005974000 0.006490870 0.013839520 0.000635370 0.003517340 0.001033870 0.001417350 0.001396700 0.001006050 0.000000000 0.007555510 0.009672520 0.008154260 0.012557400 0.007986990 0.007233260 0.012611070 0.010605200 0.010351160 0.013925300 0.020562290 0.010534900 0.018530900 0.010631240 0.011029550 0.012591450 0.012483030 0.011150850 0.010892570 0.012381650 0.012496440 0.010834320 0.016166440 0.020274200 0.020263760 0.010198580 0.011504060 0.011228160 0.017211220 0.009823480 0.017230680 
6     0.002534570 0.018099490 0.014774550 0.018755520 0.013380170 0.010488980 0.020890380 0.023035400 0.011475750 0.014401820 0.011421360 0.003840020 0.008101400 0.006957170 0.004676100 0.004596930 0.007341280 0.011327210 0.007517180 0.007555510 0.000000000 0.000061960 0.001465770 0.001628290 0.006342990 0.003929970 0.009052460 0.011281280 0.012063880 0.012137420 0.012518990 0.008976200 0.010913670 0.001529960 0.001663150 0.001434320 0.001450330 0.002934030 0.002312880 0.003281820 0.004144850 0.002490030 0.012863150 0.016413480 0.016960470 0.006567890 0.008022040 0.010494690 0.007361140 0.007025860 0.025707570 
16     0.008955920 0.019068220 0.013679640 0.017660610 0.014767530 0.009394070 0.022277740 0.024422760 0.010380840 0.016727280 0.014144440 0.011080250 0.007006490 0.006123840 0.007169250 0.006131070 0.013513550 0.014050290 0.012923930 0.009672520 0.000061960 0.000000000 0.003154670 0.001230600 0.009841770 0.009268970 0.007957550 0.010186370 0.010968970 0.011042510 0.011424080 0.009156190 0.012301030 0.002917320 0.003050510 0.002821680 0.002837690 0.004321390 0.003700240 0.004669180 0.005532210 0.003877390 0.013597030 0.017800840 0.018349920 0.007955250 0.007293090 0.011882050 0.008748500 0.007383550 0.027359200 
2     0.000819920 0.019114550 0.010595380 0.009298760 0.015607720 0.006309810 0.022612420 0.029211610 0.007296580 0.014623900 0.012339360 0.009275170 0.003922230 0.006170170 0.007215580 0.005589830 0.003330140 0.001084080 0.000378150 0.008154260 0.001465770 0.003154670 0.000000000 0.000270230 0.006757510 0.006184710 0.004873290 0.007102110 0.007884710 0.007958250 0.008339820 0.006506610 0.019815430 0.007923690 0.006780030 0.007984350 0.008113420 0.012435380 0.009026220 0.011004620 0.010732120 0.008103880 0.013643360 0.021487080 0.018396250 0.005296300 0.004208830 0.011330120 0.007540960 0.004299290 0.024283230 
10     0.003261300 0.015832400 0.009445770 0.013426740 0.012325570 0.005160200 0.021462810 0.029397290 0.006146970 0.016111870 0.013131410 0.010067220 0.002772620 0.002888020 0.003933430 0.002895250 0.009534930 0.009087750 0.008381820 0.012557400 0.001628290 0.001230600 0.000270230 0.000000000 0.004295650 0.000642110 0.003723680 0.005952500 0.006735100 0.006808640 0.007190210 0.007794400 0.019031710 0.006774080 0.005630420 0.006834740 0.006963810 0.013227430 0.007876610 0.009855010 0.009582510 0.006954270 0.010361210 0.018204930 0.015114100 0.004146690 0.003059220 0.010180510 0.005739760 0.003149680 0.023971470 
25     0.014674650 0.014620610 0.013141990 0.017237660 0.006108850 0.008971120 0.019887490 0.022032510 0.007217590 0.010408420 0.008231230 0.002706530 0.003247660 0.002106860 0.003897030 0.002491430 0.005775360 0.005494310 0.007707610 0.007986990 0.006342990 0.009841770 0.006757510 0.004295650 0.000000000 0.004226140 0.007534600 0.009763420 0.010546020 0.010619560 0.011001130 0.010767290 0.015707300 0.008313640 0.008205950 0.009767850 0.009659430 0.007512190 0.006990540 0.006775900 0.009672840 0.008010720 0.011194450 0.014590770 0.015796990 0.007374980 0.006503690 0.008404560 0.010202270 0.006960600 0.022321340 
47     0.009584150 0.010181210 0.011004950 0.014985920 0.006226260 0.006719380 0.009646380 0.014416780 0.005072900 0.008907550 0.008495230 0.000322350 0.006010740 0.006589200 0.000832870 0.002480080 0.005224430 0.009039610 0.005400330 0.007233260 0.003929970 0.009268970 0.006184710 0.000642110 0.004226140 0.000000000 0.001763420 0.005623390 0.007168840 0.007242380 0.007623950 0.005704710 0.008929010 0.002708050 0.001172550 0.006363730 0.007293450 0.006136540 0.005878260 0.007367340 0.006181650 0.004623570 0.002259220 0.010102940 0.007012110 0.003557520 0.002938560 0.005176090 0.005147090 0.003404810 0.013306860 
40     0.019695500 0.019976560 0.009693530 0.013674500 0.017426170 0.002375030 0.009850550 0.022651390 0.008073670 0.015549200 0.012568740 0.005700160 0.004699320 0.000788340 0.007937060 0.007857890 0.010602240 0.012474590 0.010778140 0.012611070 0.009052460 0.007957550 0.004873290 0.003723680 0.007534600 0.001763420 0.000000000 0.004854700 0.005637300 0.005710840 0.006092410 0.012097420 0.016106790 0.005676280 0.004532620 0.005736940 0.005866010 0.009657380 0.006778810 0.008757210 0.008484710 0.005856470 0.012652250 0.018320290 0.018517490 0.003048890 0.001961420 0.005585770 0.005293550 0.002051880 0.020673080 
32     0.014541040 0.015138100 0.011922350 0.015903320 0.011631270 0.007636780 0.023670860 0.028217320 0.010302490 0.013211300 0.012826300 0.009762110 0.006928140 0.006251700 0.006486720 0.001046640 0.003064490 0.007678640 0.008627710 0.010605200 0.011281280 0.010186370 0.007102110 0.005952500 0.009763420 0.005623390 0.004854700 0.000000000 0.000177360 0.003440540 0.003822110 0.003585720 0.005518190 0.003407440 0.002263780 0.003468100 0.003597170 0.003984390 0.003299980 0.002164650 0.004030340 0.003206180 0.004526910 0.012370630 0.009279800 0.005255150 0.004167680 0.006866170 0.007499810 0.004258140 0.028465400 
29     0.017453370 0.017506790 0.012704950 0.016685920 0.014543600 0.008419380 0.023416820 0.029624260 0.011085090 0.012957260 0.012983840 0.012166310 0.007710740 0.005997660 0.006232680 0.005357770 0.007442730 0.007424600 0.008373670 0.010351160 0.012063880 0.010968970 0.007884710 0.006735100 0.010546020 0.007168840 0.005637300 0.000177360 0.000000000 0.004157500 0.004604710 0.001309280 0.006925130 0.004190040 0.003046380 0.004250700 0.004379770 0.006896720 0.005292570 0.001988790 0.003854480 0.004370230 0.007439240 0.014627470 0.012192130 0.006037750 0.004950280 0.009270370 0.008282410 0.005040740 0.028610450 
46     0.001624680 0.004580900 0.012778490 0.016759460 0.018645320 0.008492920 0.024795530 0.029756420 0.002174420 0.016842790 0.013862330 0.010798140 0.007784280 0.013157000 0.013848260 0.013962410 0.013788830 0.013768180 0.013675790 0.013925300 0.012137420 0.011042510 0.007958250 0.006808640 0.010619560 0.007242380 0.005710840 0.003440540 0.004157500 0.000000000 0.001459680 0.003162120 0.000717720 0.004263580 0.003119920 0.004324240 0.004453310 0.005725020 0.003956670 0.007344510 0.005340170 0.001928310 0.006208770 0.015143040 0.018095400 0.002752060 0.002083310 0.002625280 0.002010840 0.003427200 0.029126020 
43     0.024796710 0.024820690 0.013160060 0.017141030 0.021369800 0.008874490 0.025177100 0.033111580 0.011540200 0.025839260 0.025001510 0.019052970 0.008165850 0.014734850 0.014229830 0.014343980 0.018488220 0.018618610 0.019982970 0.020562290 0.012518990 0.011424080 0.008339820 0.007190210 0.011001130 0.007623950 0.006092410 0.003822110 0.004604710 0.001459680 0.000000000 0.006082680 0.000406160 0.004645150 0.003501490 0.004705810 0.004834880 0.011476990 0.005747680 0.007726080 0.007453580 0.004825340 0.018557690 0.020140560 0.023520330 0.006492860 0.005405390 0.012526680 0.008737520 0.005495850 0.014501170 
37     0.023687050 0.023779430 0.011176140 0.024969520 0.017164030 0.018643890 0.027830380 0.029975400 0.009406300 0.016508380 0.013527920 0.006563350 0.017935250 0.003887860 0.015008940 0.013694430 0.012174340 0.010083590 0.010165450 0.010534900 0.008976200 0.009156190 0.006506610 0.007794400 0.010767290 0.005704710 0.012097420 0.003585720 0.001309280 0.003162120 0.006082680 0.000000000 0.000529100 0.003693660 0.006278980 0.005127660 0.004952050 0.001272150 0.007258280 0.007174620 0.006451530 0.004447650 0.014630450 0.012737060 0.016096750 0.006538210 0.007235650 0.007567790 0.007950160 0.006163110 0.026720040 
44     0.021202890 0.021690420 0.011464020 0.024229010 0.016971100 0.020715990 0.024481310 0.026626330 0.015096200 0.018930850 0.018467930 0.015261210 0.020007350 0.014791350 0.016219430 0.015870020 0.018394430 0.018373780 0.018281390 0.018530900 0.010913670 0.012301030 0.019815430 0.019031710 0.015707300 0.008929010 0.016106790 0.005518190 0.006925130 0.000717720 0.000406160 0.000529100 0.000000000 0.003580180 0.001936880 0.005014180 0.004838570 0.007826730 0.008003190 0.007061140 0.009696310 0.002458590 0.017237130 0.020004410 0.022701000 0.010158820 0.011612970 0.012507800 0.010952070 0.010616790 0.032679970 
48     0.017004520 0.017028500 0.012743930 0.016724900 0.012978370 0.008458360 0.019343340 0.015353520 0.011103470 0.014054730 0.011074270 0.008010080 0.007749720 0.010368940 0.012555290 0.011240780 0.011000770 0.010980120 0.010887730 0.010631240 0.001529960 0.002917320 0.007923690 0.006774080 0.008313640 0.002708050 0.005676280 0.003407440 0.004190040 0.004263580 0.004645150 0.003693660 0.003580180 0.000000000 0.000002870 0.000807620 0.000936690 0.000662410 0.000509810 0.000769380 0.000781150 0.000567290 0.005867850 0.006689510 0.010049200 0.004110640 0.004989260 0.005140220 0.006959340 0.003735540 0.022445950 
39     0.014945660 0.017830880 0.009569030 0.011275170 0.013111560 0.007314700 0.020621770 0.016954990 0.009980410 0.013947040 0.010966580 0.007902390 0.006606060 0.010261250 0.012447600 0.011133090 0.010893080 0.010872430 0.010780040 0.011029550 0.001663150 0.003050510 0.006780030 0.005630420 0.008205950 0.001172550 0.004532620 0.002263780 0.003046380 0.003119920 0.003501490 0.006278980 0.001936880 0.000002870 0.000000000 0.000847600 0.000877680 0.001883790 0.001478610 0.003013210 0.000961230 0.000224090 0.007410680 0.007212220 0.010571910 0.004002950 0.003845600 0.005032530 0.007092530 0.003627850 0.012376890 
26     0.013993560 0.017876550 0.008616930 0.011856430 0.013645810 0.008519020 0.021156020 0.023301040 0.011184730 0.015508940 0.012528480 0.009464290 0.007810380 0.011823150 0.013874360 0.012694990 0.012454980 0.012434330 0.012341940 0.012591450 0.001434320 0.002821680 0.007984350 0.006834740 0.009767850 0.006363730 0.005736940 0.003468100 0.004250700 0.004324240 0.004705810 0.005127660 0.005014180 0.000807620 0.000847600 0.000000000 0.000018090 0.002643870 0.002090600 0.003198510 0.000467180 0.001617290 0.012646250 0.008972270 0.012331960 0.002047820 0.005049920 0.006594430 0.007626780 0.005140380 0.025662720 
35     0.016875360 0.017883140 0.011498730 0.011884110 0.013661820 0.008648090 0.021172030 0.011386010 0.011313800 0.015400520 0.012420060 0.009355870 0.007939450 0.011714730 0.013901080 0.012586570 0.012346560 0.012325910 0.012233520 0.012483030 0.001450330 0.002837690 0.008113420 0.006963810 0.009659430 0.007293450 0.005866010 0.003597170 0.004379770 0.004453310 0.004834880 0.004952050 0.004838570 0.000936690 0.000877680 0.000018090 0.000000000 0.002539290 0.002106220 0.003236360 0.000482800 0.000940050 0.008187300 0.006948680 0.010308370 0.001480020 0.005178990 0.006486010 0.007642790 0.005081330 0.023889690 
38     0.016788310 0.011474730 0.015461180 0.019511870 0.013878540 0.014244260 0.021591170 0.018806090 0.011104700 0.003093920 0.003290310 0.003403590 0.009930610 0.010382550 0.012568900 0.004351470 0.011014380 0.010993730 0.010901340 0.011150850 0.002934030 0.004321390 0.012435380 0.013227430 0.007512190 0.006136540 0.009657380 0.003984390 0.006896720 0.005725020 0.011476990 0.001272150 0.007826730 0.000662410 0.001883790 0.002643870 0.002539290 0.000000000 0.000048740 0.001796130 0.002274850 0.003117990 0.006774180 0.007354520 0.009536630 0.004124250 0.005429730 0.005153830 0.008061930 0.003749150 0.016509330 
36     0.016103900 0.012757930 0.013846460 0.017827430 0.013194130 0.009560890 0.020791260 0.018791920 0.007621580 0.006913730 0.007110120 0.007765410 0.008852250 0.010124270 0.012310620 0.003829820 0.010756100 0.010735450 0.010643060 0.010892570 0.002312880 0.003700240 0.009026220 0.007876610 0.006990540 0.005878260 0.006778810 0.003299980 0.005292570 0.003956670 0.005747680 0.007258280 0.008003190 0.000509810 0.001478610 0.002090600 0.002106220 0.000048740 0.000000000 0.001274480 0.001687900 0.002481790 0.005435320 0.007646630 0.010797960 0.003865970 0.005171450 0.004895550 0.007262020 0.003490870 0.009972720 
45     0.015321390 0.017334910 0.013264790 0.019805830 0.001412910 0.011539290 0.021760200 0.023905220 0.012375090 0.015299140 0.012318680 0.009254490 0.009194320 0.011613350 0.013799700 0.003615180 0.012245180 0.012224530 0.012132140 0.012381650 0.003281820 0.004669180 0.011004620 0.009855010 0.006775900 0.007367340 0.008757210 0.002164650 0.001988790 0.007344510 0.007726080 0.007174620 0.007061140 0.000769380 0.003013210 0.003198510 0.003236360 0.001796130 0.001274480 0.000000000 0.000011890 0.000969130 0.007695860 0.008751000 0.011031140 0.005355050 0.006660530 0.006384630 0.008230960 0.004979950 0.014030070 
41     0.015517370 0.017530890 0.013460770 0.019533330 0.001608890 0.011266790 0.022623230 0.023579370 0.013238120 0.015413930 0.012433470 0.009369280 0.010558150 0.011728140 0.013914490 0.012599980 0.012359970 0.012339320 0.012246930 0.012496440 0.004144850 0.005532210 0.010732120 0.009582510 0.009672840 0.006181650 0.008484710 0.004030340 0.003854480 0.005340170 0.007453580 0.006451530 0.009696310 0.000781150 0.000961230 0.000467180 0.000482800 0.002274850 0.001687900 0.000011890 0.000000000 0.000980900 0.007718570 0.008602890 0.011962580 0.005469840 0.006775320 0.006499420 0.009093990 0.005094740 0.012826230 
28     0.013799160 0.010830260 0.012924120 0.016905090 0.013100330 0.008638550 0.021059290 0.019706810 0.011304260 0.013751810 0.010771350 0.007707160 0.007929910 0.010066020 0.012252370 0.010937860 0.010697850 0.010677200 0.010584810 0.010834320 0.002490030 0.003877390 0.008103880 0.006954270 0.008010720 0.004623570 0.005856470 0.003206180 0.004370230 0.001928310 0.004825340 0.004447650 0.002458590 0.000567290 0.000224090 0.001617290 0.000940050 0.003117990 0.002481790 0.000969130 0.000980900 0.000000000 0.005995970 0.007177790 0.010537480 0.003807720 0.005113200 0.004837300 0.007530050 0.003432620 0.024802220 
30     0.011176870 0.011773930 0.021980800 0.026031490 0.008267100 0.008632820 0.032412360 0.034557380 0.008212260 0.021182230 0.018201770 0.009255530 0.026954030 0.009660950 0.010706360 0.009668180 0.014157610 0.017883240 0.014333510 0.016166440 0.012863150 0.013597030 0.013643360 0.010361210 0.011194450 0.002259220 0.012652250 0.004526910 0.007439240 0.006208770 0.018557690 0.014630450 0.017237130 0.005867850 0.007410680 0.012646250 0.008187300 0.006774180 0.005435320 0.007695860 0.007718570 0.005995970 0.000000000 0.001699410 0.002449600 0.011238140 0.012543620 0.012267720 0.013373050 0.010863040 0.027403900 
27     0.019020590 0.019617650 0.022332470 0.026383160 0.016110820 0.006535170 0.029123880 0.031268900 0.004985440 0.023191690 0.015534590 0.008463510 0.027571700 0.016165710 0.015737210 0.014098650 0.011330820 0.018448020 0.015261690 0.020274200 0.016413480 0.017800840 0.021487080 0.018204930 0.014590770 0.010102940 0.018320290 0.012370630 0.014627470 0.015143040 0.020140560 0.012737060 0.020004410 0.006689510 0.007212220 0.008972270 0.006948680 0.007354520 0.007646630 0.008751000 0.008602890 0.007177790 0.001699410 0.000000000 0.000060200 0.013247600 0.014553080 0.014277180 0.014576540 0.007311870 0.025753230 
33     0.015929760 0.016526820 0.024444940 0.028495630 0.013019990 0.006950210 0.034713600 0.036858620 0.006191660 0.024312770 0.016740810 0.009669730 0.028921420 0.014413840 0.015459250 0.014421070 0.018254930 0.021238160 0.018430830 0.020263760 0.016960470 0.018349920 0.018396250 0.015114100 0.015796990 0.007012110 0.018517490 0.009279800 0.012192130 0.018095400 0.023520330 0.016096750 0.022701000 0.010049200 0.010571910 0.012331960 0.010308370 0.009536630 0.010797960 0.011031140 0.011962580 0.010537480 0.002449600 0.000060200 0.000000000 0.014368680 0.015674160 0.015398260 0.018125940 0.013993580 0.025978200 
42     0.014815190 0.014839170 0.010116540 0.014097510 0.011768080 0.005830970 0.019278290 0.021423310 0.008288380 0.011000530 0.007988030 0.005388400 0.005122330 0.009430280 0.011186310 0.008580080 0.010062110 0.010041460 0.009949070 0.010198580 0.006567890 0.007955250 0.005296300 0.004146690 0.007374980 0.003557520 0.003048890 0.005255150 0.006037750 0.002752060 0.006492860 0.006538210 0.010158820 0.004110640 0.004002950 0.002047820 0.001480020 0.004124250 0.003865970 0.005355050 0.005469840 0.003807720 0.011238140 0.013247600 0.014368680 0.000000000 0.000223100 0.000026340 0.000704020 0.000961920 0.018669420 
31     0.015884060 0.015908040 0.009029070 0.013010040 0.012900390 0.004743500 0.020732440 0.022877460 0.007409210 0.013655080 0.010811470 0.008376900 0.004034860 0.010603860 0.010098840 0.010212990 0.011367590 0.011346940 0.011254550 0.011504060 0.008022040 0.007293090 0.004208830 0.003059220 0.006503690 0.002938560 0.001961420 0.004167680 0.004950280 0.002083310 0.005405390 0.007235650 0.011612970 0.004989260 0.003845600 0.005049920 0.005178990 0.005429730 0.005171450 0.006660530 0.006775320 0.005113200 0.012543620 0.014553080 0.015674160 0.000223100 0.000000000 0.000246820 0.000136880 0.000064430 0.020872340 
34     0.017578560 0.017602540 0.012509410 0.019998850 0.014594890 0.011864790 0.023205090 0.025350110 0.011685190 0.014145650 0.011165190 0.008101000 0.011156150 0.010459860 0.012646210 0.011331700 0.011091690 0.011071040 0.010978650 0.011228160 0.010494690 0.011882050 0.011330120 0.010180510 0.008404560 0.005176090 0.005585770 0.006866170 0.009270370 0.002625280 0.012526680 0.007567790 0.012507800 0.005140220 0.005032530 0.006594430 0.006486010 0.005153830 0.004895550 0.006384630 0.006499420 0.004837300 0.012267720 0.014277180 0.015398260 0.000026340 0.000246820 0.000000000 0.000727660 0.001574060 0.025158650 
49     0.016520840 0.016544820 0.009713580 0.016342170 0.012561330 0.006658250 0.020071540 0.022216560 0.010686430 0.014521080 0.014830160 0.010851440 0.007366990 0.013415350 0.013408050 0.011376410 0.016335910 0.016317780 0.016788380 0.017211220 0.007361140 0.008748500 0.007540960 0.005739760 0.010202270 0.005147090 0.005293550 0.007499810 0.008282410 0.002010840 0.008737520 0.007950160 0.010952070 0.006959340 0.007092530 0.007626780 0.007642790 0.008061930 0.007262020 0.008230960 0.009093990 0.007530050 0.013373050 0.014576540 0.018125940 0.000704020 0.000136880 0.000727660 0.000000000 0.000135270 0.019186820 
50     0.015661030 0.015685010 0.009119530 0.013100500 0.012226050 0.004833960 0.019736260 0.021881280 0.007499670 0.010847820 0.007835320 0.003001610 0.004125320 0.007455280 0.007447980 0.009081440 0.009687010 0.009666360 0.009573970 0.009823480 0.007025860 0.007383550 0.004299290 0.003149680 0.006960600 0.003404810 0.002051880 0.004258140 0.005040740 0.003427200 0.005495850 0.006163110 0.010616790 0.003735540 0.003627850 0.005140380 0.005081330 0.003749150 0.003490870 0.004979950 0.005094740 0.003432620 0.010863040 0.007311870 0.013993580 0.000961920 0.000064430 0.001574060 0.000135270 0.000000000 0.018779050 
0     0.036643830 0.037113110 0.008231250 0.036572160 0.030125370 0.011181260 0.045940870 0.054930290 0.013874250 0.025041590 0.022936570 0.014223060 0.035704030 0.020710640 0.017939890 0.006414450 0.016174290 0.016849860 0.016599310 0.017230680 0.025707570 0.027359200 0.024283230 0.023971470 0.022321340 0.013306860 0.020673080 0.028465400 0.028610450 0.029126020 0.014501170 0.026720040 0.032679970 0.022445950 0.012376890 0.025662720 0.023889690 0.016509330 0.009972720 0.014030070 0.012826230 0.024802220 0.027403900 0.025753230 0.025978200 0.018669420 0.020872340 0.025158650 0.019186820 0.018779050 0.000000000 
