51
34     0.000000000 0.000246860 0.000417310 0.000799930 0.000589230 0.000788930 0.000424960 0.000334400 0.000799100 0.000738100 0.000379310 0.000613960 0.000284880 0.000031960 0.000028620 0.000068680 0.000438870 0.000550210 0.000514960 0.000521890 0.000499640 0.000959230 0.000634480 0.000691100 0.000358510 0.000337910 0.000316340 0.000333190 0.000570910 0.000334980 0.000722100 0.000926950 0.000752350 0.000348980 0.000551870 0.000387320 0.000808140 0.000839100 0.000714460 0.000052440 0.000545240 0.000585570 0.000580520 0.000920440 0.000630270 0.000718970 0.000726910 0.000579330 0.000623180 0.000567260 0.000606390 
33     0.000246860 0.000000000 0.000491160 0.000684320 0.000430710 0.000459440 0.000047930 0.000013690 0.000650390 0.000589390 0.000391000 0.000177620 0.000460030 0.000535010 0.000531670 0.000548250 0.000382380 0.000493720 0.000458470 0.000252800 0.000283620 0.000685920 0.000515030 0.000455160 0.000308080 0.000182130 0.000370220 0.000363910 0.000104000 0.000367520 0.000288400 0.000457520 0.000608520 0.000088870 0.000147760 0.000173470 0.000719350 0.000750310 0.000455440 0.000509220 0.000033490 0.000496780 0.000146670 0.000831650 0.000541480 0.000353710 0.000638120 0.000490540 0.000534390 0.000478470 0.000499030 
35     0.000417310 0.000491160 0.000000000 0.000114630 0.000176140 0.000744360 0.000485240 0.000450530 0.000754530 0.000693530 0.000092940 0.000314880 0.000512360 0.000299130 0.000297940 0.000304790 0.000470260 0.000581600 0.000546350 0.000553280 0.000531030 0.000907720 0.000633570 0.000646530 0.000189240 0.000728100 0.000732960 0.000686450 0.000603640 0.000730260 0.000153580 0.000875440 0.000492600 0.000575350 0.000487680 0.000706460 0.000743950 0.000774910 0.000098640 0.000352130 0.000544330 0.000521380 0.000516330 0.000856250 0.000370520 0.000304880 0.000290400 0.000250720 0.000558990 0.000503070 0.000542200 
19     0.000799930 0.000684320 0.000114630 0.000000000 0.000342640 0.000733400 0.000651740 0.000617030 0.000113030 0.000496770 0.000645380 0.000772620 0.000714410 0.000661120 0.000755680 0.000762530 0.000285260 0.000748100 0.000712850 0.000719780 0.000697530 0.000959880 0.000800070 0.000635570 0.000837320 0.000836300 0.000884650 0.000893150 0.000770140 0.000386930 0.000836360 0.001005480 0.000659100 0.000741850 0.000654180 0.000695500 0.000780220 0.000941410 0.000816770 0.000700320 0.000710830 0.000687880 0.000682830 0.000552340 0.000537020 0.000762620 0.000748140 0.000356240 0.000725490 0.000606860 0.000708700 
10     0.000589230 0.000430710 0.000176140 0.000342640 0.000000000 0.000404990 0.000441040 0.000406330 0.000237780 0.000609740 0.000434680 0.000568850 0.000503710 0.000578690 0.000575350 0.000580060 0.000426060 0.000537400 0.000502150 0.000509080 0.000486830 0.000631470 0.000589370 0.000509840 0.000626620 0.000572370 0.000688760 0.000469100 0.000559440 0.000686060 0.000122340 0.000751870 0.000448400 0.000531150 0.000443480 0.000441890 0.000699750 0.000730710 0.000606070 0.000172830 0.000500130 0.000477180 0.000472130 0.000812050 0.000326320 0.000610580 0.000618520 0.000470940 0.000514790 0.000458870 0.000498000 
23     0.000788930 0.000459440 0.000744360 0.000733400 0.000404990 0.000000000 0.000749460 0.000747730 0.000168220 0.000201690 0.000882340 0.000728520 0.000872980 0.000712770 0.000711580 0.000718430 0.000537460 0.000842090 0.000750030 0.000898420 0.000901910 0.000631600 0.001051370 0.000538570 0.000060640 0.000792200 0.000840550 0.000857400 0.001025200 0.000455710 0.000480950 0.000774690 0.000931600 0.000625120 0.000539010 0.000470620 0.001073890 0.001116340 0.001086770 0.000802530 0.000490400 0.000433260 0.000203320 0.000940000 0.000744710 0.000718520 0.000704040 0.000956850 0.000953040 0.000944780 0.000937860 
25     0.000424960 0.000047930 0.000485240 0.000651740 0.000441040 0.000749460 0.000000000 0.000034240 0.000953390 0.000438520 0.000592100 0.000726270 0.000661130 0.000736110 0.000732770 0.000749350 0.000583480 0.000694820 0.000659570 0.000666500 0.000644250 0.000975940 0.000746790 0.000792490 0.000784040 0.000378150 0.000846180 0.000839870 0.000716860 0.000843480 0.000834410 0.000988660 0.000605820 0.000688570 0.000168930 0.000210500 0.000857170 0.000888130 0.000763490 0.000647040 0.000657550 0.000634600 0.000629550 0.000969470 0.000483740 0.000768000 0.000266870 0.000628360 0.000672210 0.000616290 0.000655420 
3     0.000334400 0.000013690 0.000450530 0.000617030 0.000406330 0.000747730 0.000034240 0.000000000 0.000633700 0.000859920 0.000557390 0.000610560 0.000626420 0.000701400 0.000698060 0.000714640 0.000548770 0.000660110 0.000624860 0.000631790 0.000609540 0.000974210 0.000712080 0.000790760 0.000749330 0.000806610 0.000811470 0.000805160 0.000682150 0.000808770 0.000799700 0.000953950 0.000571110 0.000653860 0.000134690 0.000627960 0.000732430 0.000834960 0.000728780 0.000612330 0.000622840 0.000599890 0.000594840 0.000934760 0.000449030 0.000733290 0.000741230 0.000593650 0.000637500 0.000581580 0.000620710 
18     0.000799100 0.000650390 0.000754530 0.000113030 0.000237780 0.000168220 0.000953390 0.000633700 0.000000000 0.000211120 0.000747510 0.000261360 0.000816540 0.000722940 0.000721750 0.000728600 0.000361110 0.000850230 0.000760200 0.000821910 0.000781760 0.000024530 0.000902200 0.000601640 0.000822970 0.000705330 0.000850720 0.000867570 0.000872270 0.000799440 0.000802430 0.000614290 0.000969470 0.000328010 0.000039850 0.000467760 0.000531890 0.000551870 0.000245590 0.000815130 0.000812960 0.000802690 0.000797640 0.001137560 0.000847390 0.000728690 0.000714210 0.000796450 0.000234140 0.000784380 0.000823510 
2     0.000738100 0.000589390 0.000693530 0.000496770 0.000609740 0.000201690 0.000438520 0.000859920 0.000211120 0.000000000 0.000678370 0.000677690 0.000747400 0.000461150 0.000460530 0.000667600 0.000550310 0.000781090 0.000699200 0.000387030 0.000730520 0.000577430 0.000833060 0.000540640 0.000467300 0.000741370 0.000789720 0.000673790 0.000803130 0.000295000 0.000457130 0.000482950 0.000900330 0.000755070 0.000668960 0.000398620 0.000956120 0.000987080 0.000773000 0.000745990 0.000743820 0.000733550 0.000728500 0.001068420 0.000081290 0.000569050 0.000653210 0.000727310 0.000338100 0.000715240 0.000436100 
32     0.000379310 0.000391000 0.000092940 0.000645380 0.000434680 0.000882340 0.000592100 0.000557390 0.000747510 0.000678370 0.000000000 0.000037830 0.000293790 0.000368770 0.000365430 0.000074740 0.000147680 0.000242720 0.000360410 0.000367340 0.000345090 0.000804680 0.000479930 0.000600640 0.000517180 0.000574460 0.000579320 0.000573010 0.000450000 0.000576620 0.000567550 0.000772400 0.000597800 0.000298570 0.000397320 0.000543460 0.000653590 0.000684550 0.000559910 0.000443460 0.000390690 0.000431020 0.000306930 0.000765890 0.000475720 0.000085450 0.000450910 0.000424780 0.000468630 0.000412710 0.000451840 
26     0.000613960 0.000177620 0.000314880 0.000772620 0.000568850 0.000728520 0.000726270 0.000610560 0.000261360 0.000677690 0.000037830 0.000000000 0.000440980 0.000227750 0.000226560 0.000233410 0.000143770 0.000562130 0.000526880 0.000533810 0.000511560 0.000938850 0.000052980 0.000630690 0.000620690 0.000677970 0.000292430 0.000676520 0.000553510 0.000680130 0.000238050 0.000906570 0.000731970 0.000619160 0.000531490 0.000690620 0.000787760 0.000818720 0.000422880 0.000577630 0.000468880 0.000565190 0.000560140 0.000900060 0.000609890 0.000284760 0.000270280 0.000449490 0.000602800 0.000546880 0.000586010 
24     0.000284880 0.000460030 0.000512360 0.000714410 0.000503710 0.000872980 0.000661130 0.000626420 0.000816540 0.000747400 0.000293790 0.000440980 0.000000000 0.000163700 0.000143970 0.000287580 0.000353350 0.000464690 0.000429440 0.000436370 0.000414120 0.000873710 0.000548960 0.000669670 0.000586210 0.000643490 0.000648350 0.000642040 0.000343070 0.000645650 0.000636580 0.000841430 0.000666830 0.000554020 0.000466350 0.000694900 0.000722620 0.000753580 0.000628940 0.000496060 0.000459720 0.000500050 0.000495000 0.000834920 0.000544750 0.000482240 0.000467760 0.000493810 0.000537660 0.000481740 0.000520870 
13     0.000031960 0.000535010 0.000299130 0.000661120 0.000578690 0.000712770 0.000736110 0.000701400 0.000722940 0.000461150 0.000368770 0.000227750 0.000163700 0.000000000 0.000007370 0.000023930 0.000378490 0.000079620 0.000504420 0.000511350 0.000489100 0.000466900 0.000623940 0.000614940 0.000661190 0.000718470 0.000723330 0.000717020 0.000594010 0.000720630 0.000711560 0.000527130 0.000741810 0.000629000 0.000541330 0.000674870 0.000797600 0.000828560 0.000703920 0.000207430 0.000534700 0.000575030 0.000569980 0.000909900 0.000554310 0.000269010 0.000254530 0.000568790 0.000612640 0.000220310 0.000284200 
5     0.000028620 0.000531670 0.000297940 0.000755680 0.000575350 0.000711580 0.000732770 0.000698060 0.000721750 0.000460530 0.000365430 0.000226560 0.000143970 0.000007370 0.000000000 0.000001710 0.000424990 0.000097350 0.000501080 0.000508010 0.000485760 0.000938060 0.000620600 0.000613750 0.000657850 0.000715130 0.000719990 0.000713680 0.000590670 0.000717290 0.000708220 0.000700160 0.000738470 0.000625660 0.000537990 0.000673680 0.000794260 0.000825220 0.000700580 0.000238680 0.000531360 0.000571690 0.000566640 0.000906560 0.000549150 0.000267820 0.000253340 0.000565450 0.000609300 0.000276520 0.000359940 
4     0.000068680 0.000548250 0.000304790 0.000762530 0.000580060 0.000718430 0.000749350 0.000714640 0.000728600 0.000667600 0.000074740 0.000233410 0.000287580 0.000023930 0.000001710 0.000000000 0.000441570 0.000185650 0.000517660 0.000524590 0.000502340 0.000944910 0.000040060 0.000620600 0.000386510 0.000731710 0.000736570 0.000730260 0.000607250 0.000733870 0.000724800 0.000728360 0.000755050 0.000642240 0.000554570 0.000680530 0.000810840 0.000841800 0.000545800 0.000600710 0.000547940 0.000302150 0.000583220 0.000890320 0.000632970 0.000274670 0.000260190 0.000582030 0.000625880 0.000569960 0.000574940 
28     0.000438870 0.000382380 0.000470260 0.000285260 0.000426060 0.000537460 0.000583480 0.000548770 0.000361110 0.000550310 0.000147680 0.000143770 0.000353350 0.000378490 0.000424990 0.000441570 0.000000000 0.000288580 0.000253330 0.000260260 0.000238010 0.000763940 0.000471310 0.000159400 0.000508560 0.000565840 0.000570700 0.000564390 0.000441380 0.000568000 0.000558930 0.000052070 0.000589180 0.000191660 0.000065260 0.000499560 0.000609840 0.000675930 0.000076930 0.000434840 0.000382070 0.000399890 0.000417350 0.000757270 0.000467100 0.000555800 0.000563740 0.000416160 0.000460010 0.000404090 0.000303960 
30     0.000550210 0.000493720 0.000581600 0.000748100 0.000537400 0.000842090 0.000694820 0.000660110 0.000850230 0.000781090 0.000242720 0.000562130 0.000464690 0.000079620 0.000097350 0.000185650 0.000288580 0.000000000 0.000089750 0.000232950 0.000107910 0.000907400 0.000582650 0.000703360 0.000619900 0.000677180 0.000682040 0.000675730 0.000552720 0.000679340 0.000670270 0.000875120 0.000700520 0.000587710 0.000500040 0.000728590 0.000756310 0.000787270 0.000662630 0.000546180 0.000090960 0.000491930 0.000528690 0.000354110 0.000578440 0.000663510 0.000649030 0.000527500 0.000571350 0.000515430 0.000554560 
31     0.000514960 0.000458470 0.000546350 0.000712850 0.000502150 0.000750030 0.000659570 0.000624860 0.000760200 0.000699200 0.000360410 0.000526880 0.000429440 0.000504420 0.000501080 0.000517660 0.000253330 0.000089750 0.000000000 0.000064760 0.000213200 0.000765600 0.000547400 0.000652200 0.000044440 0.000641930 0.000646790 0.000033090 0.000021090 0.000644090 0.000635020 0.000839870 0.000070240 0.000552460 0.000464790 0.000693340 0.000393550 0.000752020 0.000627380 0.000510930 0.000094560 0.000498490 0.000493440 0.000833360 0.000543190 0.000571450 0.000556970 0.000492250 0.000536100 0.000480180 0.000519310 
27     0.000521890 0.000252800 0.000553280 0.000719780 0.000509080 0.000898420 0.000666500 0.000631790 0.000821910 0.000387030 0.000367340 0.000533810 0.000436370 0.000511350 0.000508010 0.000524590 0.000260260 0.000232950 0.000064760 0.000000000 0.000027030 0.000879080 0.000554330 0.000675040 0.000591580 0.000648860 0.000653720 0.000647410 0.000524400 0.000651020 0.000170460 0.000846800 0.000022040 0.000559390 0.000471720 0.000700270 0.000727990 0.000758950 0.000634310 0.000517860 0.000465090 0.000505420 0.000500370 0.000840290 0.000550120 0.000638820 0.000646760 0.000147080 0.000543030 0.000346750 0.000526240 
14     0.000499640 0.000283620 0.000531030 0.000697530 0.000486830 0.000901910 0.000644250 0.000609540 0.000781760 0.000730520 0.000345090 0.000511560 0.000414120 0.000489100 0.000485760 0.000502340 0.000238010 0.000107910 0.000213200 0.000027030 0.000000000 0.000856830 0.000532080 0.000652790 0.000569330 0.000626610 0.000631470 0.000625160 0.000502150 0.000628770 0.000180850 0.000824550 0.000170480 0.000537140 0.000449470 0.000678020 0.000705740 0.000467080 0.000612060 0.000495610 0.000442840 0.000483170 0.000478120 0.000818040 0.000527870 0.000616570 0.000624510 0.000476930 0.000520780 0.000464860 0.000503990 
20     0.000959230 0.000685920 0.000907720 0.000959880 0.000631470 0.000631600 0.000975940 0.000974210 0.000024530 0.000577430 0.000804680 0.000938850 0.000873710 0.000466900 0.000938060 0.000944910 0.000763940 0.000907400 0.000765600 0.000879080 0.000856830 0.000000000 0.000959370 0.000765050 0.000996620 0.000301530 0.001058760 0.000584970 0.000929440 0.001015750 0.000837960 0.000348380 0.001026640 0.000818420 0.000532360 0.000266790 0.000770100 0.000930380 0.000988750 0.000872300 0.000870130 0.000859860 0.000854810 0.000761890 0.000904560 0.000945000 0.000930520 0.000853620 0.000877210 0.000841550 0.000005170 
1     0.000634480 0.000515030 0.000633570 0.000800070 0.000589370 0.001051370 0.000746790 0.000712080 0.000902200 0.000833060 0.000479930 0.000052980 0.000548960 0.000623940 0.000620600 0.000040060 0.000471310 0.000582650 0.000547400 0.000554330 0.000532080 0.000959370 0.000000000 0.000724670 0.000641210 0.000698490 0.000703350 0.000697040 0.000574030 0.000700650 0.000691580 0.000577880 0.000752490 0.000639680 0.000552010 0.000741040 0.000808280 0.000839240 0.000694570 0.000598150 0.000514720 0.000585710 0.000580660 0.000920580 0.000630410 0.000719110 0.000727050 0.000579470 0.000623320 0.000567400 0.000606530 
12     0.000691100 0.000455160 0.000646530 0.000635570 0.000509840 0.000538570 0.000792490 0.000790760 0.000601640 0.000540640 0.000600640 0.000630690 0.000669670 0.000614940 0.000613750 0.000620600 0.000159400 0.000703360 0.000652200 0.000675040 0.000652790 0.000765050 0.000724670 0.000000000 0.000315990 0.000638620 0.000643480 0.000120950 0.000514160 0.000640780 0.000391460 0.000810650 0.000873200 0.000655170 0.000569060 0.000500670 0.000928990 0.000959950 0.000835310 0.000718860 0.000454850 0.000706420 0.000701370 0.001041290 0.000751120 0.000620690 0.000606210 0.000700180 0.000534680 0.000688110 0.000727240 
16     0.000358510 0.000308080 0.000189240 0.000837320 0.000626620 0.000060640 0.000784040 0.000749330 0.000822970 0.000467300 0.000517180 0.000620690 0.000586210 0.000661190 0.000657850 0.000386510 0.000508560 0.000619900 0.000044440 0.000591580 0.000569330 0.000996620 0.000641210 0.000315990 0.000000000 0.000111580 0.000132220 0.000021110 0.000023350 0.000107670 0.000151190 0.000964340 0.000789740 0.000676930 0.000589260 0.000238840 0.000845530 0.000876490 0.000751850 0.000635400 0.000307770 0.000622960 0.000617910 0.000957830 0.000667660 0.000497660 0.000764300 0.000616720 0.000660570 0.000604650 0.000643780 
9     0.000337910 0.000182130 0.000728100 0.000836300 0.000572370 0.000792200 0.000378150 0.000806610 0.000705330 0.000741370 0.000574460 0.000677970 0.000643490 0.000718470 0.000715130 0.000731710 0.000565840 0.000677180 0.000641930 0.000648860 0.000626610 0.000301530 0.000698490 0.000638620 0.000111580 0.000000000 0.000189500 0.000153490 0.000423040 0.000107890 0.000208470 0.001021620 0.000847020 0.000721870 0.000646540 0.000754300 0.000809090 0.000933770 0.000809130 0.000490600 0.000365050 0.000072880 0.000675190 0.001015110 0.000724940 0.000771180 0.000756700 0.000674000 0.000439120 0.000661930 0.000701060 
11     0.000316340 0.000370220 0.000732960 0.000884650 0.000688760 0.000840550 0.000846180 0.000811470 0.000850720 0.000789720 0.000579320 0.000292430 0.000648350 0.000723330 0.000719990 0.000736570 0.000570700 0.000682040 0.000646790 0.000653720 0.000631470 0.001058760 0.000703350 0.000643480 0.000132220 0.000189500 0.000000000 0.000124290 0.000429220 0.000222400 0.000213330 0.000499410 0.000851880 0.000739070 0.000651400 0.000802650 0.000907670 0.000938630 0.000813990 0.000697540 0.000369910 0.000685100 0.000680050 0.001019970 0.000729800 0.000726890 0.000805050 0.000678860 0.000722710 0.000666790 0.000705920 
8     0.000333190 0.000363910 0.000686450 0.000893150 0.000469100 0.000857400 0.000839870 0.000805160 0.000867570 0.000673790 0.000573010 0.000676520 0.000642040 0.000717020 0.000713680 0.000730260 0.000564390 0.000675730 0.000033090 0.000647410 0.000625160 0.000584970 0.000697040 0.000120950 0.000021110 0.000153490 0.000124290 0.000000000 0.000012000 0.000216090 0.000207020 0.001020170 0.000845570 0.000120880 0.000645090 0.000819500 0.000901360 0.000932320 0.000807680 0.000691230 0.000104680 0.000678790 0.000673740 0.001013660 0.000723490 0.000812190 0.000820130 0.000672550 0.000716400 0.000660480 0.000699610 
22     0.000570910 0.000104000 0.000603640 0.000770140 0.000559440 0.001025200 0.000716860 0.000682150 0.000872270 0.000803130 0.000450000 0.000553510 0.000343070 0.000594010 0.000590670 0.000607250 0.000441380 0.000552720 0.000021090 0.000524400 0.000502150 0.000929440 0.000574030 0.000514160 0.000023350 0.000423040 0.000429220 0.000012000 0.000000000 0.000420110 0.000417450 0.000897160 0.000722560 0.000316040 0.000522080 0.000750630 0.000778350 0.000809310 0.000684670 0.000568220 0.000103690 0.000555780 0.000550730 0.000890650 0.000600480 0.000628850 0.000697120 0.000549540 0.000593390 0.000537470 0.000576600 
36     0.000334980 0.000367520 0.000730260 0.000386930 0.000686060 0.000455710 0.000843480 0.000808770 0.000799440 0.000295000 0.000576620 0.000680130 0.000645650 0.000720630 0.000717290 0.000733870 0.000568000 0.000679340 0.000644090 0.000651020 0.000628770 0.001015750 0.000700650 0.000640780 0.000107670 0.000107890 0.000222400 0.000216090 0.000420110 0.000000000 0.000033320 0.001023780 0.000849180 0.000736370 0.000496880 0.000657150 0.000904970 0.000935930 0.000200450 0.000694840 0.000348810 0.000682400 0.000677350 0.001017270 0.000152520 0.000768250 0.000753770 0.000676160 0.000720010 0.000664090 0.000703220 
15     0.000722100 0.000288400 0.000153580 0.000836360 0.000122340 0.000480950 0.000834410 0.000799700 0.000802430 0.000457130 0.000567550 0.000238050 0.000636580 0.000711560 0.000708220 0.000724800 0.000558930 0.000670270 0.000635020 0.000170460 0.000180850 0.000837960 0.000691580 0.000391460 0.000151190 0.000208470 0.000213330 0.000207020 0.000417450 0.000033320 0.000000000 0.000600420 0.000751420 0.000163220 0.000322110 0.000427760 0.000895900 0.000926860 0.000802220 0.000685770 0.000358140 0.000673330 0.000668280 0.001008200 0.000121500 0.000806730 0.000807000 0.000667090 0.000710940 0.000655020 0.000694150 
17     0.000926950 0.000457520 0.000875440 0.001005480 0.000751870 0.000774690 0.000988660 0.000953950 0.000614290 0.000482950 0.000772400 0.000906570 0.000841430 0.000527130 0.000700160 0.000728360 0.000052070 0.000875120 0.000839870 0.000846800 0.000824550 0.000348380 0.000577880 0.000810650 0.000964340 0.001021620 0.000499410 0.001020170 0.000897160 0.001023780 0.000600420 0.000000000 0.000004660 0.000614060 0.000527950 0.000234510 0.001050150 0.001081110 0.000187860 0.000782380 0.000624420 0.000680100 0.000665400 0.001162450 0.000872280 0.000960980 0.000968920 0.000524880 0.000865190 0.000809270 0.000142280 
29     0.000752350 0.000608520 0.000492600 0.000659100 0.000448400 0.000931600 0.000605820 0.000571110 0.000969470 0.000900330 0.000597800 0.000731970 0.000666830 0.000741810 0.000738470 0.000755050 0.000589180 0.000700520 0.000070240 0.000022040 0.000170480 0.001026640 0.000752490 0.000873200 0.000789740 0.000847020 0.000851880 0.000845570 0.000722560 0.000849180 0.000751420 0.000004660 0.000000000 0.000694270 0.000606600 0.000743150 0.000862870 0.000893830 0.000769190 0.000652740 0.000663250 0.000640300 0.000635250 0.000975170 0.000187600 0.000773700 0.000781640 0.000634060 0.000677910 0.000621990 0.000661120 
7     0.000348980 0.000088870 0.000575350 0.000741850 0.000531150 0.000625120 0.000688570 0.000653860 0.000328010 0.000755070 0.000298570 0.000619160 0.000554020 0.000629000 0.000625660 0.000642240 0.000191660 0.000587710 0.000552460 0.000559390 0.000537140 0.000818420 0.000639680 0.000655170 0.000676930 0.000721870 0.000739070 0.000120880 0.000316040 0.000736370 0.000163220 0.000614060 0.000694270 0.000000000 0.000331890 0.000304940 0.000588160 0.000619120 0.000494480 0.000378030 0.000186680 0.000365590 0.000360540 0.000728720 0.000572190 0.000527250 0.000535190 0.000359350 0.000173220 0.000157620 0.000386410 
6     0.000551870 0.000147760 0.000487680 0.000654180 0.000443480 0.000539010 0.000168930 0.000134690 0.000039850 0.000668960 0.000397320 0.000531490 0.000466350 0.000541330 0.000537990 0.000554570 0.000065260 0.000500040 0.000464790 0.000471720 0.000449470 0.000532360 0.000552010 0.000569060 0.000589260 0.000646540 0.000651400 0.000645090 0.000522080 0.000496880 0.000322110 0.000527950 0.000606600 0.000331890 0.000000000 0.000355290 0.000427610 0.000458570 0.000333930 0.000156380 0.000462770 0.000073820 0.000051050 0.000641050 0.000484520 0.000439580 0.000445230 0.000049860 0.000315530 0.000259610 0.000225860 
21     0.000387320 0.000173470 0.000706460 0.000695500 0.000441890 0.000470620 0.000210500 0.000627960 0.000467760 0.000398620 0.000543460 0.000690620 0.000694900 0.000674870 0.000673680 0.000680530 0.000499560 0.000728590 0.000693340 0.000700270 0.000678020 0.000266790 0.000741040 0.000500670 0.000238840 0.000754300 0.000802650 0.000819500 0.000750630 0.000657150 0.000427760 0.000234510 0.000743150 0.000304940 0.000355290 0.000000000 0.000278050 0.000934580 0.000602430 0.000693490 0.000691320 0.000681050 0.000676000 0.001015920 0.000523180 0.000680620 0.000666140 0.000674810 0.000718660 0.000662740 0.000701870 
48     0.000808140 0.000719350 0.000743950 0.000780220 0.000699750 0.001073890 0.000857170 0.000732430 0.000531890 0.000956120 0.000653590 0.000787760 0.000722620 0.000797600 0.000794260 0.000810840 0.000609840 0.000756310 0.000393550 0.000727990 0.000705740 0.000770100 0.000808280 0.000928990 0.000845530 0.000809090 0.000907670 0.000901360 0.000778350 0.000904970 0.000895900 0.001050150 0.000862870 0.000588160 0.000427610 0.000278050 0.000000000 0.000052280 0.000212490 0.000420950 0.000374310 0.000361010 0.000126680 0.000760380 0.000740790 0.000695850 0.000416510 0.000455070 0.000465880 0.000515880 0.000467070 
44     0.000839100 0.000750310 0.000774910 0.000941410 0.000730710 0.001116340 0.000888130 0.000834960 0.000551870 0.000987080 0.000684550 0.000818720 0.000753580 0.000828560 0.000825220 0.000841800 0.000675930 0.000787270 0.000752020 0.000758950 0.000467080 0.000930380 0.000839240 0.000959950 0.000876490 0.000933770 0.000938630 0.000932320 0.000809310 0.000935930 0.000926860 0.001081110 0.000893830 0.000619120 0.000458570 0.000934580 0.000052280 0.000000000 0.000227710 0.000436170 0.000389530 0.000376230 0.000312470 0.000775600 0.000771750 0.000726810 0.000734750 0.000486030 0.000481100 0.000545950 0.000498030 
47     0.000714460 0.000455440 0.000098640 0.000816770 0.000606070 0.001086770 0.000763490 0.000728780 0.000245590 0.000773000 0.000559910 0.000422880 0.000628940 0.000703920 0.000700580 0.000545800 0.000076930 0.000662630 0.000627380 0.000634310 0.000612060 0.000988750 0.000694570 0.000835310 0.000751850 0.000809130 0.000813990 0.000807680 0.000684670 0.000200450 0.000802220 0.000187860 0.000769190 0.000494480 0.000333930 0.000602430 0.000212490 0.000227710 0.000000000 0.000380070 0.000359960 0.000346660 0.000358900 0.000746030 0.000647110 0.000602170 0.000610110 0.000361390 0.000451530 0.000422200 0.000280130 
43     0.000052440 0.000509220 0.000352130 0.000700320 0.000172830 0.000802530 0.000647040 0.000612330 0.000815130 0.000745990 0.000443460 0.000577630 0.000496060 0.000207430 0.000238680 0.000600710 0.000434840 0.000546180 0.000510930 0.000517860 0.000495610 0.000872300 0.000598150 0.000718860 0.000635400 0.000490600 0.000697540 0.000691230 0.000568220 0.000694840 0.000685770 0.000782380 0.000652740 0.000378030 0.000156380 0.000693490 0.000420950 0.000436170 0.000380070 0.000000000 0.000161240 0.000027040 0.000027040 0.000681210 0.000530660 0.000098920 0.000493660 0.000183840 0.000361670 0.000305750 0.000272000 
40     0.000545240 0.000033490 0.000544330 0.000710830 0.000500130 0.000490400 0.000657550 0.000622840 0.000812960 0.000743820 0.000390690 0.000468880 0.000459720 0.000534700 0.000531360 0.000547940 0.000382070 0.000090960 0.000094560 0.000465090 0.000442840 0.000870130 0.000514720 0.000454850 0.000307770 0.000365050 0.000369910 0.000104680 0.000103690 0.000348810 0.000358140 0.000624420 0.000663250 0.000186680 0.000462770 0.000691320 0.000374310 0.000389530 0.000359960 0.000161240 0.000000000 0.000138980 0.000151220 0.000634570 0.000541170 0.000629870 0.000543750 0.000369320 0.000340070 0.000404920 0.000517290 
50     0.000585570 0.000496780 0.000521380 0.000687880 0.000477180 0.000433260 0.000634600 0.000599890 0.000802690 0.000733550 0.000431020 0.000565190 0.000500050 0.000575030 0.000571690 0.000302150 0.000399890 0.000491930 0.000498490 0.000505420 0.000483170 0.000859860 0.000585710 0.000706420 0.000622960 0.000072880 0.000685100 0.000678790 0.000555780 0.000682400 0.000673330 0.000680100 0.000640300 0.000365590 0.000073820 0.000681050 0.000361010 0.000376230 0.000346660 0.000027040 0.000138980 0.000000000 0.000000000 0.000621270 0.000518220 0.000473280 0.000481220 0.000101280 0.000029190 0.000293310 0.000259560 
46     0.000580520 0.000146670 0.000516330 0.000682830 0.000472130 0.000203320 0.000629550 0.000594840 0.000797640 0.000728500 0.000306930 0.000560140 0.000495000 0.000569980 0.000566640 0.000583220 0.000417350 0.000528690 0.000493440 0.000500370 0.000478120 0.000854810 0.000580660 0.000701370 0.000617910 0.000675190 0.000680050 0.000673740 0.000550730 0.000677350 0.000668280 0.000665400 0.000635250 0.000360540 0.000051050 0.000676000 0.000126680 0.000312470 0.000358900 0.000027040 0.000151220 0.000000000 0.000000000 0.000633510 0.000352720 0.000468230 0.000476170 0.000005270 0.000338660 0.000288260 0.000254510 
38     0.000920440 0.000831650 0.000856250 0.000552340 0.000812050 0.000940000 0.000969470 0.000934760 0.001137560 0.001068420 0.000765890 0.000900060 0.000834920 0.000909900 0.000906560 0.000890320 0.000757270 0.000354110 0.000833360 0.000840290 0.000818040 0.000761890 0.000920580 0.001041290 0.000957830 0.001015110 0.001019970 0.001013660 0.000890650 0.001017270 0.001008200 0.001162450 0.000975170 0.000728720 0.000641050 0.001015920 0.000760380 0.000775600 0.000746030 0.000681210 0.000634570 0.000621270 0.000633510 0.000000000 0.000853090 0.000730870 0.000738810 0.000641550 0.000612300 0.000656440 0.000695570 
49     0.000630270 0.000541480 0.000370520 0.000537020 0.000326320 0.000744710 0.000483740 0.000449030 0.000847390 0.000081290 0.000475720 0.000609890 0.000544750 0.000554310 0.000549150 0.000632970 0.000467100 0.000578440 0.000543190 0.000550120 0.000527870 0.000904560 0.000630410 0.000751120 0.000667660 0.000724940 0.000729800 0.000723490 0.000600480 0.000152520 0.000121500 0.000872280 0.000187600 0.000572190 0.000484520 0.000523180 0.000740790 0.000771750 0.000647110 0.000530660 0.000541170 0.000518220 0.000352720 0.000853090 0.000000000 0.000616580 0.000659560 0.000511980 0.000555830 0.000499910 0.000539040 
41     0.000718970 0.000353710 0.000304880 0.000762620 0.000610580 0.000718520 0.000768000 0.000733290 0.000728690 0.000569050 0.000085450 0.000284760 0.000482240 0.000269010 0.000267820 0.000274670 0.000555800 0.000663510 0.000571450 0.000638820 0.000616570 0.000945000 0.000719110 0.000620690 0.000497660 0.000771180 0.000726890 0.000812190 0.000628850 0.000768250 0.000806730 0.000960980 0.000773700 0.000527250 0.000439580 0.000680620 0.000695850 0.000726810 0.000602170 0.000098920 0.000629870 0.000473280 0.000468230 0.000730870 0.000616580 0.000000000 0.000050200 0.000467040 0.000510890 0.000454970 0.000494100 
39     0.000726910 0.000638120 0.000290400 0.000748140 0.000618520 0.000704040 0.000266870 0.000741230 0.000714210 0.000653210 0.000450910 0.000270280 0.000467760 0.000254530 0.000253340 0.000260190 0.000563740 0.000649030 0.000556970 0.000646760 0.000624510 0.000930520 0.000727050 0.000606210 0.000764300 0.000756700 0.000805050 0.000820130 0.000697120 0.000753770 0.000807000 0.000968920 0.000781640 0.000535190 0.000445230 0.000666140 0.000416510 0.000734750 0.000610110 0.000493660 0.000543750 0.000481220 0.000476170 0.000738810 0.000659560 0.000050200 0.000000000 0.000474980 0.000518830 0.000462910 0.000502040 
45     0.000579330 0.000490540 0.000250720 0.000356240 0.000470940 0.000956850 0.000628360 0.000593650 0.000796450 0.000727310 0.000424780 0.000449490 0.000493810 0.000568790 0.000565450 0.000582030 0.000416160 0.000527500 0.000492250 0.000147080 0.000476930 0.000853620 0.000579470 0.000700180 0.000616720 0.000674000 0.000678860 0.000672550 0.000549540 0.000676160 0.000667090 0.000524880 0.000634060 0.000359350 0.000049860 0.000674810 0.000455070 0.000486030 0.000361390 0.000183840 0.000369320 0.000101280 0.000005270 0.000641550 0.000511980 0.000467040 0.000474980 0.000000000 0.000046610 0.000024070 0.000253320 
42     0.000623180 0.000534390 0.000558990 0.000725490 0.000514790 0.000953040 0.000672210 0.000637500 0.000234140 0.000338100 0.000468630 0.000602800 0.000537660 0.000612640 0.000609300 0.000625880 0.000460010 0.000571350 0.000536100 0.000543030 0.000520780 0.000877210 0.000623320 0.000534680 0.000660570 0.000439120 0.000722710 0.000716400 0.000593390 0.000720010 0.000710940 0.000865190 0.000677910 0.000173220 0.000315530 0.000718660 0.000465880 0.000481100 0.000451530 0.000361670 0.000340070 0.000029190 0.000338660 0.000612300 0.000555830 0.000510890 0.000518830 0.000046610 0.000000000 0.000125960 0.000370050 
37     0.000567260 0.000478470 0.000503070 0.000606860 0.000458870 0.000944780 0.000616290 0.000581580 0.000784380 0.000715240 0.000412710 0.000546880 0.000481740 0.000220310 0.000276520 0.000569960 0.000404090 0.000515430 0.000480180 0.000346750 0.000464860 0.000841550 0.000567400 0.000688110 0.000604650 0.000661930 0.000666790 0.000660480 0.000537470 0.000664090 0.000655020 0.000809270 0.000621990 0.000157620 0.000259610 0.000662740 0.000515880 0.000545950 0.000422200 0.000305750 0.000404920 0.000293310 0.000288260 0.000656440 0.000499910 0.000454970 0.000462910 0.000024070 0.000125960 0.000000000 0.000314130 
0     0.000606390 0.000499030 0.000542200 0.000708700 0.000498000 0.000937860 0.000655420 0.000620710 0.000823510 0.000436100 0.000451840 0.000586010 0.000520870 0.000284200 0.000359940 0.000574940 0.000303960 0.000554560 0.000519310 0.000526240 0.000503990 0.000005170 0.000606530 0.000727240 0.000643780 0.000701060 0.000705920 0.000699610 0.000576600 0.000703220 0.000694150 0.000142280 0.000661120 0.000386410 0.000225860 0.000701870 0.000467070 0.000498030 0.000280130 0.000272000 0.000517290 0.000259560 0.000254510 0.000695570 0.000539040 0.000494100 0.000502040 0.000253320 0.000370050 0.000314130 0.000000000 
