51
34     0.000000000 0.102143668 0.110358590 0.128053982 0.135345484 0.133897541 0.119673054 0.117345930 0.125260835 0.125804705 0.125286812 0.139426342 0.149577315 0.139197087 0.139417048 0.140170592 0.124808670 0.131057132 0.134508056 0.132285867 0.132054365 0.182863165 0.166538353 0.134831842 0.136774026 0.136010069 0.143358086 0.151931517 0.147148423 0.150346864 0.142360659 0.159887082 0.162448034 0.136442210 0.134749312 0.127778245 0.130440317 0.132311472 0.133132749 0.119861959 0.120736502 0.121938698 0.123433621 0.167787491 0.144778944 0.149750244 0.153932741 0.125629769 0.123511143 0.133078843 0.160478130 
33     0.102143668 0.000000000 0.104136024 0.121213989 0.127441191 0.123533602 0.112711033 0.109880159 0.118046456 0.118159265 0.116183855 0.132528797 0.141380502 0.131321377 0.131568086 0.131803896 0.116601203 0.123406492 0.127385708 0.123624607 0.123272342 0.175830621 0.158527355 0.125964989 0.127762141 0.128948555 0.134521772 0.144320579 0.137822484 0.140856731 0.132938204 0.151388546 0.155058841 0.128841506 0.128508609 0.121198643 0.123372983 0.125652156 0.127752645 0.111834198 0.113727206 0.114179172 0.115853502 0.162402056 0.137508583 0.142759485 0.147279310 0.119467521 0.116341586 0.126472040 0.156399630 
35     0.110358590 0.104136024 0.000000000 0.127046730 0.132893458 0.129762140 0.118654579 0.115772968 0.122938360 0.123661299 0.121892025 0.137669068 0.144576276 0.134623502 0.134870211 0.135903064 0.122333305 0.125947512 0.129714673 0.126163774 0.125900316 0.182925905 0.164746694 0.132555624 0.133762970 0.132682638 0.141593579 0.149445867 0.145162030 0.147973957 0.140109355 0.157175167 0.159753718 0.132717250 0.131203521 0.123684332 0.126848387 0.129388724 0.130847645 0.116510262 0.117064079 0.118996160 0.120623400 0.165931964 0.141199921 0.144941175 0.150120176 0.122293402 0.120689785 0.130686033 0.156207537 
19     0.128053982 0.121213989 0.127046730 0.000000000 0.107209360 0.133119003 0.134449176 0.131443134 0.138096465 0.139675187 0.138335266 0.153580646 0.162415130 0.153005266 0.153250705 0.153491321 0.135860074 0.144808996 0.148122579 0.144379182 0.144067722 0.198734127 0.180696335 0.148273751 0.151586393 0.151027083 0.158470693 0.166944417 0.161426871 0.164854145 0.156245121 0.173665601 0.175316200 0.149004632 0.147241937 0.141151719 0.145433490 0.147586926 0.148097542 0.134579366 0.135555222 0.135963202 0.137467654 0.184295827 0.157316335 0.161937697 0.166878787 0.141813589 0.138927845 0.148825935 0.175132029 
10     0.135345484 0.127441191 0.132893458 0.107209360 0.000000000 0.141592014 0.140935057 0.137408287 0.146352843 0.145460885 0.144606007 0.159862543 0.168482999 0.157830292 0.158077151 0.158516604 0.143297401 0.150285142 0.153049848 0.149836946 0.149529151 0.204600420 0.186489614 0.153930488 0.156311296 0.155046992 0.163802829 0.172460857 0.166286819 0.169533818 0.161895377 0.180608151 0.182917920 0.155106504 0.154434358 0.148114244 0.150217755 0.152435670 0.153698906 0.138785729 0.139660859 0.139871521 0.141837426 0.187157426 0.163578107 0.167713300 0.171394561 0.146409604 0.144043626 0.152869654 0.180792578 
23     0.133897541 0.123533602 0.129762140 0.133119003 0.141592014 0.000000000 0.137021342 0.134391732 0.140348746 0.140750661 0.139716280 0.153101677 0.166280257 0.156403595 0.156653684 0.157379181 0.138109797 0.146916821 0.150388614 0.146477434 0.146149333 0.198968951 0.184052819 0.148936716 0.152731061 0.151773542 0.159545453 0.167438444 0.163009068 0.165009158 0.157168115 0.174456775 0.178198725 0.151635740 0.148519098 0.144741609 0.147414537 0.149987872 0.151276169 0.134450745 0.135869381 0.137675540 0.139225186 0.185400556 0.158313630 0.165209844 0.170075667 0.143235530 0.140577283 0.151198232 0.176844621 
25     0.119673054 0.112711033 0.118654579 0.134449176 0.140935057 0.137021342 0.000000000 0.029398745 0.129417365 0.127461075 0.126967047 0.143306023 0.151397365 0.140500678 0.140742654 0.141182736 0.127948089 0.135666544 0.139489496 0.136030107 0.135644994 0.187091447 0.171361044 0.136736960 0.140582484 0.140080185 0.147226871 0.155792619 0.150439038 0.152945848 0.145614591 0.162801048 0.164956352 0.139766278 0.136069884 0.132402210 0.135377365 0.136830006 0.137167380 0.123587759 0.125529402 0.125940233 0.126909018 0.173565718 0.147417686 0.151896653 0.156354881 0.129994431 0.127339295 0.137296525 0.165899545 
3     0.117345930 0.109880159 0.115772968 0.131443134 0.137408287 0.134391732 0.029398745 0.000000000 0.125603669 0.124729941 0.125471187 0.140767968 0.148990261 0.137926130 0.138172534 0.138438648 0.125333596 0.132254269 0.136027641 0.132525382 0.132140862 0.183897936 0.167324517 0.134202315 0.136149253 0.136546146 0.143193061 0.151636496 0.147075131 0.149564233 0.141533319 0.159375716 0.161728848 0.136884916 0.133634757 0.129630764 0.132480988 0.134472742 0.134604973 0.120674032 0.123073624 0.123009854 0.124776297 0.170311143 0.144981920 0.149643461 0.153801457 0.127247561 0.124454579 0.134644548 0.163137200 
18     0.125260835 0.118046456 0.122938360 0.138096465 0.146352843 0.140348746 0.129417365 0.125603669 0.000000000 0.099136821 0.115936882 0.130756672 0.139765986 0.128808080 0.129060459 0.130265193 0.114090434 0.121150644 0.124445828 0.121160707 0.120895243 0.176423827 0.158403212 0.124836172 0.127483988 0.127485334 0.134816454 0.143512931 0.138277858 0.140207993 0.132210924 0.149558094 0.151488421 0.127072295 0.124539852 0.119004498 0.122983232 0.125747090 0.128252476 0.111361626 0.113516561 0.115685496 0.117318293 0.161291532 0.138718930 0.141321774 0.146488510 0.120800134 0.117641976 0.127316455 0.154125372 
2     0.125804705 0.118159265 0.123661299 0.139675187 0.145460885 0.140750661 0.127461075 0.124729941 0.099136821 0.000000000 0.114720561 0.131070887 0.139047364 0.128873047 0.129118391 0.130309705 0.115108549 0.121966506 0.125464423 0.122167733 0.121828198 0.176714622 0.158644929 0.124754681 0.127034222 0.126054640 0.133736443 0.143121430 0.137375972 0.139594922 0.131551953 0.148424169 0.150895759 0.128300479 0.124528113 0.119237156 0.124633035 0.127083028 0.129918593 0.113490891 0.115564157 0.116700450 0.117885362 0.165007305 0.139938208 0.144213948 0.148171220 0.121136443 0.118703699 0.127932321 0.155125437 
32     0.125286812 0.116183855 0.121892025 0.138335266 0.144606007 0.139716280 0.126967047 0.125471187 0.115936882 0.114720561 0.000000000 0.106308060 0.116602274 0.104532036 0.104778745 0.105524333 0.102717482 0.111569165 0.116498244 0.113135527 0.112914845 0.169472021 0.156274663 0.122543054 0.125425941 0.125198587 0.132766620 0.140862976 0.135246114 0.138252064 0.130657563 0.148459077 0.150359610 0.125714112 0.122458978 0.117988604 0.122425521 0.124730372 0.126883706 0.110193218 0.112946466 0.113147830 0.114656658 0.162257744 0.136960214 0.142334643 0.147482262 0.118459279 0.115521217 0.125706750 0.152165097 
26     0.139426342 0.132528797 0.137669068 0.153580646 0.159862543 0.153101677 0.143306023 0.140767968 0.130756672 0.131070887 0.106308060 0.000000000 0.132501592 0.121898768 0.122055343 0.123054201 0.119296816 0.126212710 0.130071884 0.127290810 0.126910110 0.179923061 0.170748129 0.137397999 0.139926888 0.139372456 0.146479112 0.155213294 0.150227338 0.152930377 0.143849424 0.163250591 0.165161812 0.141218964 0.138071427 0.132865713 0.138436810 0.140865575 0.141919842 0.126385620 0.128416416 0.129942558 0.130962876 0.178646240 0.151561008 0.157750194 0.162653670 0.135488778 0.131644195 0.141759295 0.167865298 
24     0.149577315 0.141380502 0.144576276 0.162415130 0.168482999 0.166280257 0.151397365 0.148990261 0.139765986 0.139047364 0.116602274 0.132501592 0.000000000 0.063226041 0.063443787 0.063608326 0.128784455 0.136104183 0.139600850 0.136749957 0.136569607 0.192986046 0.177718421 0.144645024 0.146901257 0.146552830 0.154928698 0.164324768 0.157484971 0.160883516 0.153428262 0.169979330 0.171645434 0.149107869 0.146351271 0.138731285 0.150075852 0.152291745 0.152807957 0.136231572 0.137479133 0.139134737 0.140243723 0.185311048 0.159892572 0.165358882 0.171126570 0.144914548 0.140832774 0.151128795 0.176642762 
13     0.139197087 0.131321377 0.134623502 0.153005266 0.157830292 0.156403595 0.140500678 0.137926130 0.128808080 0.128873047 0.104532036 0.121898768 0.063226041 0.000000000 0.007481382 0.038165793 0.115479914 0.123923112 0.127870129 0.124736576 0.124528349 0.182356268 0.166656563 0.134896814 0.136864829 0.137345306 0.145098902 0.153610320 0.147621450 0.150561863 0.143059510 0.160226196 0.162422852 0.138316261 0.135997459 0.128769457 0.139232842 0.141519386 0.142084767 0.124568018 0.126162092 0.127513226 0.128860995 0.174637293 0.148444213 0.153459746 0.159155887 0.133135847 0.130179851 0.140223767 0.163465875 
5     0.139417048 0.131568086 0.134870211 0.153250705 0.158077151 0.156653684 0.140742654 0.138172534 0.129060459 0.129118391 0.104778745 0.122055343 0.063443787 0.007481382 0.000000000 0.038886852 0.115718656 0.124174445 0.128129532 0.124986234 0.124778007 0.182604373 0.166928774 0.135139641 0.137130321 0.137628039 0.145393830 0.153890777 0.147868159 0.150809811 0.143313285 0.160495280 0.162672587 0.138572629 0.136242999 0.129012419 0.139494802 0.141781345 0.142326282 0.124817836 0.126418165 0.127768460 0.129194077 0.174885664 0.148686719 0.153710490 0.159402877 0.133383636 0.130432575 0.140451883 0.163598532 
4     0.140170592 0.131803896 0.135903064 0.153491321 0.158516604 0.157379181 0.141182736 0.138438648 0.130265193 0.130309705 0.105524333 0.123054201 0.063608326 0.038165793 0.038886852 0.000000000 0.117053194 0.124475344 0.128409757 0.125686803 0.125504595 0.182768518 0.167956555 0.136284991 0.138086386 0.138469939 0.146396928 0.155240430 0.148791929 0.151566740 0.144494751 0.161060827 0.162931515 0.139415163 0.135726666 0.130401196 0.139321451 0.141564381 0.142847011 0.125538728 0.126737199 0.127735743 0.129375711 0.175457664 0.150218699 0.155580509 0.161416397 0.133682592 0.131136001 0.141043520 0.164177582 
28     0.124808670 0.116601203 0.122333305 0.135860074 0.143297401 0.138109797 0.127948089 0.125333596 0.114090434 0.115108549 0.102717482 0.119296816 0.128784455 0.115479914 0.115718656 0.117053194 0.000000000 0.103011167 0.106671382 0.104348467 0.104162420 0.169209503 0.153120207 0.120941101 0.123231764 0.123419704 0.130823377 0.139576530 0.133559708 0.136372083 0.129760692 0.145984742 0.148481614 0.125694451 0.121803886 0.115481078 0.121700388 0.124307358 0.126939408 0.108312296 0.111345618 0.111916480 0.113959064 0.158309179 0.133886438 0.139315931 0.144892365 0.116309681 0.114480652 0.125207110 0.147479268 
30     0.131057132 0.123406492 0.125947512 0.144808996 0.150285142 0.146916821 0.135666544 0.132254269 0.121150644 0.121966506 0.111569165 0.126212710 0.136104183 0.123923112 0.124174445 0.124475344 0.103011167 0.000000000 0.049355989 0.054825669 0.054577781 0.177170280 0.164005396 0.129073469 0.131076894 0.131212332 0.138258325 0.148298967 0.141685127 0.144152533 0.135554044 0.154382108 0.156935368 0.132663457 0.129915857 0.123879761 0.129905123 0.132712583 0.134140796 0.118160393 0.119989722 0.120950825 0.123040815 0.169350967 0.143846847 0.148172193 0.154140338 0.125908486 0.123606508 0.132604033 0.158349388 
31     0.134508056 0.127385708 0.129714673 0.148122579 0.153049848 0.150388614 0.139489496 0.136027641 0.124445828 0.125464423 0.116498244 0.130071884 0.139600850 0.127870129 0.128129532 0.128409757 0.106671382 0.049355989 0.000000000 0.059507661 0.059229475 0.182002708 0.167594848 0.133596431 0.135098334 0.135874646 0.141237958 0.151388235 0.145883234 0.148533054 0.139283040 0.158399374 0.160284188 0.135418276 0.132787718 0.126372749 0.133510062 0.136421225 0.137590324 0.121558147 0.122846810 0.124195501 0.126513384 0.172148834 0.146812703 0.151357979 0.157734238 0.128545831 0.126253968 0.135753382 0.161400213 
27     0.132285867 0.123624607 0.126163774 0.144379182 0.149836946 0.146477434 0.136030107 0.132525382 0.121160707 0.122167733 0.113135527 0.127290810 0.136749957 0.124736576 0.124986234 0.125686803 0.104348467 0.054825669 0.059507661 0.000000000 0.013255397 0.178622519 0.163801943 0.129529038 0.132608367 0.132682759 0.139503438 0.149245500 0.142377414 0.145810540 0.136726459 0.155444346 0.157402110 0.133265886 0.130951826 0.124821565 0.129194409 0.131927698 0.134296681 0.118508547 0.120778566 0.121660067 0.124159898 0.169099611 0.144037990 0.147656272 0.153655150 0.126036704 0.123935663 0.133472695 0.158769134 
14     0.132054365 0.123272342 0.125900316 0.144067722 0.149529151 0.146149333 0.135644994 0.132140862 0.120895243 0.121828198 0.112914845 0.126910110 0.136569607 0.124528349 0.124778007 0.125504595 0.104162420 0.054577781 0.059229475 0.013255397 0.000000000 0.178698681 0.163496960 0.129332228 0.132397856 0.132469597 0.139354335 0.148994622 0.142177022 0.145583331 0.136497356 0.155326906 0.157090911 0.132948855 0.130718612 0.124568226 0.129945080 0.132678610 0.134419302 0.118128986 0.120508412 0.121395373 0.123895204 0.168565165 0.143341202 0.147133356 0.153172850 0.125520630 0.123577639 0.132952647 0.158665460 
20     0.182863165 0.175830621 0.182925905 0.198734127 0.204600420 0.198968951 0.187091447 0.183897936 0.176423827 0.176714622 0.169472021 0.179923061 0.192986046 0.182356268 0.182604373 0.182768518 0.169209503 0.177170280 0.182002708 0.178622519 0.178698681 0.000000000 0.216845839 0.183621671 0.185644348 0.184826151 0.192042604 0.201192973 0.195050617 0.197306252 0.189693270 0.208130148 0.210662353 0.186850130 0.181967248 0.178142073 0.185262817 0.187421148 0.188887967 0.172595400 0.172725238 0.175909157 0.177953135 0.222672533 0.196632413 0.202568985 0.206846602 0.180323561 0.177454720 0.187286364 0.215305001 
1     0.166538353 0.158527355 0.164746694 0.180696335 0.186489614 0.184052819 0.171361044 0.167324517 0.158403212 0.158644929 0.156274663 0.170748129 0.177718421 0.166656563 0.166928774 0.167956555 0.153120207 0.164005396 0.167594848 0.163801943 0.163496960 0.216845839 0.000000000 0.158484735 0.158919060 0.160771525 0.166198712 0.175792628 0.170226279 0.172403453 0.165690358 0.186542354 0.189045757 0.164154147 0.163422329 0.156892486 0.165680659 0.168902780 0.170594214 0.154436605 0.154913001 0.156670863 0.158329220 0.202616666 0.178972453 0.185728284 0.189866756 0.162661256 0.159800034 0.168978744 0.195873563 
12     0.134831842 0.125964989 0.132555624 0.148273751 0.153930488 0.148936716 0.136736960 0.134202315 0.124836172 0.124754681 0.122543054 0.137397999 0.144645024 0.134896814 0.135139641 0.136284991 0.120941101 0.129073469 0.133596431 0.129529038 0.129332228 0.183621671 0.158484735 0.000000000 0.104347777 0.106618217 0.115135927 0.122449860 0.117422069 0.119853749 0.113609119 0.153015800 0.155525540 0.132492606 0.129623541 0.123876421 0.132846735 0.134475760 0.137314847 0.122057530 0.123310291 0.123638311 0.125115119 0.170721943 0.143783541 0.150730442 0.156207500 0.128745763 0.126128789 0.134985837 0.162443479 
16     0.136774026 0.127762141 0.133762970 0.151586393 0.156311296 0.152731061 0.140582484 0.136149253 0.127483988 0.127034222 0.125425941 0.139926888 0.146901257 0.136864829 0.137130321 0.138086386 0.123231764 0.131076894 0.135098334 0.132608367 0.132397856 0.185644348 0.158919060 0.104347777 0.000000000 0.050756213 0.067919185 0.076227699 0.080232536 0.083761653 0.074987560 0.154141618 0.157057870 0.134403546 0.131491462 0.125063275 0.135848585 0.138129070 0.140757367 0.125171461 0.124748328 0.127309182 0.129340624 0.175324782 0.149879727 0.155204608 0.159831131 0.132795967 0.130324052 0.139243885 0.165018360 
9     0.136010069 0.128948555 0.132682638 0.151027083 0.155046992 0.151773542 0.140080185 0.136546146 0.127485334 0.126054640 0.125198587 0.139372456 0.146552830 0.137345306 0.137628039 0.138469939 0.123419704 0.131212332 0.135874646 0.132682759 0.132469597 0.184826151 0.160771525 0.106618217 0.050756213 0.000000000 0.069820217 0.078367671 0.083300401 0.086710037 0.077184091 0.154061472 0.156603531 0.133339335 0.131228544 0.124445167 0.134883328 0.137197946 0.139545173 0.123012545 0.123002902 0.125203103 0.127111807 0.173708379 0.148104668 0.152358468 0.157628106 0.131090908 0.128760963 0.137472655 0.165060031 
11     0.143358086 0.134521772 0.141593579 0.158470693 0.163802829 0.159545453 0.147226871 0.143193061 0.134816454 0.133736443 0.132766620 0.146479112 0.154928698 0.145098902 0.145393830 0.146396928 0.130823377 0.138258325 0.141237958 0.139503438 0.139354335 0.192042604 0.166198712 0.115135927 0.067919185 0.069820217 0.000000000 0.068306458 0.090065889 0.091959802 0.082790694 0.159705184 0.164503030 0.141640007 0.139281756 0.132579249 0.141559465 0.143864506 0.147031045 0.132347854 0.131921500 0.134271498 0.136514530 0.182098623 0.155987549 0.160048291 0.165240022 0.138431909 0.136136132 0.145017381 0.172107718 
8     0.151931517 0.144320579 0.149445867 0.166944417 0.172460857 0.167438444 0.155792619 0.151636496 0.143512931 0.143121430 0.140862976 0.155213294 0.164324768 0.153610320 0.153890777 0.155240430 0.139576530 0.148298967 0.151388235 0.149245500 0.148994622 0.201192973 0.175792628 0.122449860 0.076227699 0.078367671 0.068306458 0.000000000 0.097618838 0.101016524 0.092719739 0.170201632 0.174440000 0.149658929 0.147730502 0.142014806 0.151340446 0.153403572 0.156238413 0.141480908 0.140842638 0.142915962 0.144272575 0.190314818 0.165387059 0.170098005 0.175879610 0.147437933 0.145601283 0.154475035 0.180399536 
22     0.147148423 0.137822484 0.145162030 0.161426871 0.166286819 0.163009068 0.150439038 0.147075131 0.138277858 0.137375972 0.135246114 0.150227338 0.157484971 0.147621450 0.147868159 0.148791929 0.133559708 0.141685127 0.145883234 0.142377414 0.142177022 0.195050617 0.170226279 0.117422069 0.080232536 0.083300401 0.090065889 0.097618838 0.000000000 0.093671925 0.085915281 0.163558665 0.167949341 0.145134940 0.142663939 0.135897069 0.144978378 0.147049362 0.149484319 0.134074354 0.133499380 0.136271148 0.137794176 0.183286459 0.158839741 0.163279500 0.168619292 0.140629058 0.138285858 0.148038754 0.175550087 
36     0.150346864 0.140856731 0.147973957 0.164854145 0.169533818 0.165009158 0.152945848 0.149564233 0.140207993 0.139594922 0.138252064 0.152930377 0.160883516 0.150561863 0.150809811 0.151566740 0.136372083 0.144152533 0.148533054 0.145810540 0.145583331 0.197306252 0.172403453 0.119853749 0.083761653 0.086710037 0.091959802 0.101016524 0.093671925 0.000000000 0.056393267 0.165688274 0.169619159 0.147486276 0.143760041 0.137607226 0.148272308 0.150403276 0.152829193 0.138356456 0.137688532 0.139752814 0.140846750 0.186967489 0.161864813 0.165900675 0.171301177 0.144368170 0.141382280 0.150103863 0.177042886 
15     0.142360659 0.132938204 0.140109355 0.156245121 0.161895377 0.157168115 0.145614591 0.141533319 0.132210924 0.131551953 0.130657563 0.143849424 0.153428262 0.143059510 0.143313285 0.144494751 0.129760692 0.135554044 0.139283040 0.136726459 0.136497356 0.189693270 0.165690358 0.113609119 0.074987560 0.077184091 0.082790694 0.092719739 0.085915281 0.056393267 0.000000000 0.159410151 0.163054796 0.139259383 0.136683535 0.130369065 0.140971464 0.143004521 0.145017609 0.129620272 0.130146180 0.131796772 0.133296382 0.180122202 0.153943447 0.158474836 0.164536278 0.137130265 0.134485764 0.142983634 0.169447561 
17     0.159887082 0.151388546 0.157175167 0.173665601 0.180608151 0.174456775 0.162801048 0.159375716 0.149558094 0.148424169 0.148459077 0.163250591 0.169979330 0.160226196 0.160495280 0.161060827 0.145984742 0.154382108 0.158399374 0.155444346 0.155326906 0.208130148 0.186542354 0.153015800 0.154141618 0.154061472 0.159705184 0.170201632 0.163558665 0.165688274 0.159410151 0.000000000 0.069472604 0.129727805 0.125281256 0.130041226 0.158578776 0.160899471 0.161974283 0.146446195 0.146311220 0.150063666 0.150794270 0.194928109 0.171405023 0.176769390 0.181789991 0.153540247 0.150660227 0.160485836 0.183885345 
29     0.162448034 0.155058841 0.159753718 0.175316200 0.182917920 0.178198725 0.164956352 0.161728848 0.151488421 0.150895759 0.150359610 0.165161812 0.171645434 0.162422852 0.162672587 0.162931515 0.148481614 0.156935368 0.160284188 0.157402110 0.157090911 0.210662353 0.189045757 0.155525540 0.157057870 0.156603531 0.164503030 0.174440000 0.167949341 0.169619159 0.163054796 0.069472604 0.000000000 0.130583067 0.126326652 0.130777986 0.161095610 0.163376731 0.164898206 0.149011931 0.149680476 0.152528853 0.153279788 0.196266219 0.174724972 0.178891533 0.184846587 0.156800218 0.154509146 0.164815703 0.188146118 
7     0.136442210 0.128841506 0.132717250 0.149004632 0.155106504 0.151635740 0.139766278 0.136884916 0.127072295 0.128300479 0.125714112 0.141218964 0.149107869 0.138316261 0.138572629 0.139415163 0.125694451 0.132663457 0.135418276 0.133265886 0.132948855 0.186850130 0.164154147 0.132492606 0.134403546 0.133339335 0.141640007 0.149658929 0.145134940 0.147486276 0.139259383 0.129727805 0.130583067 0.000000000 0.073602584 0.105655346 0.137308690 0.139611566 0.140532341 0.123795970 0.125112973 0.126803081 0.128257019 0.173017828 0.150366601 0.153335308 0.160115934 0.131977975 0.130177669 0.140020207 0.165022275 
6     0.134749312 0.128508609 0.131203521 0.147241937 0.154434358 0.148519098 0.136069884 0.133634757 0.124539852 0.124528113 0.122458978 0.138071427 0.146351271 0.135997459 0.136242999 0.135726666 0.121803886 0.129915857 0.132787718 0.130951826 0.130718612 0.181967248 0.163422329 0.129623541 0.131491462 0.131228544 0.139281756 0.147730502 0.142663939 0.143760041 0.136683535 0.125281256 0.126326652 0.073602584 0.000000000 0.104670844 0.134636850 0.136974417 0.138459029 0.120423866 0.123061076 0.124817369 0.125501509 0.171450480 0.146717080 0.150013214 0.156250428 0.129317738 0.127582146 0.137605816 0.162924972 
21     0.127778245 0.121198643 0.123684332 0.141151719 0.148114244 0.144741609 0.132402210 0.129630764 0.119004498 0.119237156 0.117988604 0.132865713 0.138731285 0.128769457 0.129012419 0.130401196 0.115481078 0.123879761 0.126372749 0.124821565 0.124568226 0.178142073 0.156892486 0.123876421 0.125063275 0.124445167 0.132579249 0.142014806 0.135897069 0.137607226 0.130369065 0.130041226 0.130777986 0.105655346 0.104670844 0.000000000 0.129167157 0.131018641 0.132117115 0.115545857 0.117925548 0.117686130 0.118870129 0.164375266 0.141755860 0.144514508 0.152011191 0.122634326 0.121706429 0.130594093 0.157441798 
48     0.130440317 0.123372983 0.126848387 0.145433490 0.150217755 0.147414537 0.135377365 0.132480988 0.122983232 0.124633035 0.122425521 0.138436810 0.150075852 0.139232842 0.139494802 0.139321451 0.121700388 0.129905123 0.133510062 0.129194409 0.129945080 0.185262817 0.165680659 0.132846735 0.135848585 0.134883328 0.141559465 0.151340446 0.144978378 0.148272308 0.140971464 0.158578776 0.161095610 0.137308690 0.134636850 0.129167157 0.000000000 0.017303584 0.079446157 0.102004202 0.103413826 0.104498939 0.106197657 0.156434301 0.130934675 0.137495486 0.142656556 0.111760522 0.108452791 0.119746448 0.158860356 
44     0.132311472 0.125652156 0.129388724 0.147586926 0.152435670 0.149987872 0.136830006 0.134472742 0.125747090 0.127083028 0.124730372 0.140865575 0.152291745 0.141519386 0.141781345 0.141564381 0.124307358 0.132712583 0.136421225 0.131927698 0.132678610 0.187421148 0.168902780 0.134475760 0.138129070 0.137197946 0.143864506 0.153403572 0.147049362 0.150403276 0.143004521 0.160899471 0.163376731 0.139611566 0.136974417 0.131018641 0.017303584 0.000000000 0.080639924 0.103887127 0.105330631 0.106174162 0.107840937 0.158338406 0.132770302 0.138932103 0.144323556 0.113389504 0.110015231 0.121227264 0.160677529 
47     0.133132749 0.127752645 0.130847645 0.148097542 0.153698906 0.151276169 0.137167380 0.134604973 0.128252476 0.129918593 0.126883706 0.141919842 0.152807957 0.142084767 0.142326282 0.142847011 0.126939408 0.134140796 0.137590324 0.134296681 0.134419302 0.188887967 0.170594214 0.137314847 0.140757367 0.139545173 0.147031045 0.156238413 0.149484319 0.152829193 0.145017609 0.161974283 0.164898206 0.140532341 0.138459029 0.132117115 0.079446157 0.080639924 0.000000000 0.104502205 0.105694143 0.106007033 0.108810991 0.157113740 0.132997745 0.138429036 0.143216187 0.113616187 0.111224629 0.120930229 0.160226713 
43     0.119861959 0.111834198 0.116510262 0.134579366 0.138785729 0.134450745 0.123587759 0.120674032 0.111361626 0.113490891 0.110193218 0.126385620 0.136231572 0.124568018 0.124817836 0.125538728 0.108312296 0.118160393 0.121558147 0.118508547 0.118128986 0.172595400 0.154436605 0.122057530 0.125171461 0.123012545 0.132347854 0.141480908 0.134074354 0.138356456 0.129620272 0.146446195 0.149011931 0.123795970 0.120423866 0.115545857 0.102004202 0.103887127 0.104502205 0.000000000 0.058109611 0.064970120 0.066944575 0.141426675 0.117387215 0.121768049 0.127702102 0.099243019 0.096792871 0.105756941 0.144983818 
40     0.120736502 0.113727206 0.117064079 0.135555222 0.139660859 0.135869381 0.125529402 0.123073624 0.113516561 0.115564157 0.112946466 0.128416416 0.137479133 0.126162092 0.126418165 0.126737199 0.111345618 0.119989722 0.122846810 0.120778566 0.120508412 0.172725238 0.154913001 0.123310291 0.124748328 0.123002902 0.131921500 0.140842638 0.133499380 0.137688532 0.130146180 0.146311220 0.149680476 0.125112973 0.123061076 0.117925548 0.103413826 0.105330631 0.105694143 0.058109611 0.000000000 0.067192736 0.068299804 0.142718568 0.119553499 0.124395260 0.129588660 0.100085666 0.098779410 0.108342053 0.144527521 
50     0.121938698 0.114179172 0.118996160 0.135963202 0.139871521 0.137675540 0.125940233 0.123009854 0.115685496 0.116700450 0.113147830 0.129942558 0.139134737 0.127513226 0.127768460 0.127735743 0.111916480 0.120950825 0.124195501 0.121660067 0.121395373 0.175909157 0.156670863 0.123638311 0.127309182 0.125203103 0.134271498 0.142915962 0.136271148 0.139752814 0.131796772 0.150063666 0.152528853 0.126803081 0.124817369 0.117686130 0.104498939 0.106174162 0.106007033 0.064970120 0.067192736 0.000000000 0.021797318 0.144108465 0.119695981 0.126061820 0.130762602 0.101133341 0.099227238 0.108532509 0.147386087 
46     0.123433621 0.115853502 0.120623400 0.137467654 0.141837426 0.139225186 0.126909018 0.124776297 0.117318293 0.117885362 0.114656658 0.130962876 0.140243723 0.128860995 0.129194077 0.129375711 0.113959064 0.123040815 0.126513384 0.124159898 0.123895204 0.177953135 0.158329220 0.125115119 0.129340624 0.127111807 0.136514530 0.144272575 0.137794176 0.140846750 0.133296382 0.150794270 0.153279788 0.128257019 0.125501509 0.118870129 0.106197657 0.107840937 0.108810991 0.066944575 0.068299804 0.021797318 0.000000000 0.145933990 0.121473349 0.127670864 0.132389099 0.103223279 0.101408947 0.110581032 0.149277614 
38     0.167787491 0.162402056 0.165931964 0.184295827 0.187157426 0.185400556 0.173565718 0.170311143 0.161291532 0.165007305 0.162257744 0.178646240 0.185311048 0.174637293 0.174885664 0.175457664 0.158309179 0.169350967 0.172148834 0.169099611 0.168565165 0.222672533 0.202616666 0.170721943 0.175324782 0.173708379 0.182098623 0.190314818 0.183286459 0.186967489 0.180122202 0.194928109 0.196266219 0.173017828 0.171450480 0.164375266 0.156434301 0.158338406 0.157113740 0.141426675 0.142718568 0.144108465 0.145933990 0.000000000 0.165618367 0.168794853 0.174399029 0.147061507 0.144185784 0.152215942 0.195142739 
49     0.144778944 0.137508583 0.141199921 0.157316335 0.163578107 0.158313630 0.147417686 0.144981920 0.138718930 0.139938208 0.136960214 0.151561008 0.159892572 0.148444213 0.148686719 0.150218699 0.133886438 0.143846847 0.146812703 0.144037990 0.143341202 0.196632413 0.178972453 0.143783541 0.149879727 0.148104668 0.155987549 0.165387059 0.158839741 0.161864813 0.153943447 0.171405023 0.174724972 0.150366601 0.146717080 0.141755860 0.130934675 0.132770302 0.132997745 0.117387215 0.119553499 0.119695981 0.121473349 0.165618367 0.000000000 0.101432999 0.109845029 0.119449577 0.117858911 0.127744813 0.168421799 
41     0.149750244 0.142759485 0.144941175 0.161937697 0.167713300 0.165209844 0.151896653 0.149643461 0.141321774 0.144213948 0.142334643 0.157750194 0.165358882 0.153459746 0.153710490 0.155580509 0.139315931 0.148172193 0.151357979 0.147656272 0.147133356 0.202568985 0.185728284 0.150730442 0.155204608 0.152358468 0.160048291 0.170098005 0.163279500 0.165900675 0.158474836 0.176769390 0.178891533 0.153335308 0.150013214 0.144514508 0.137495486 0.138932103 0.138429036 0.121768049 0.124395260 0.126061820 0.127670864 0.168794853 0.101432999 0.000000000 0.097657934 0.126331299 0.124534173 0.132527739 0.173418244 
39     0.153932741 0.147279310 0.150120176 0.166878787 0.171394561 0.170075667 0.156354881 0.153801457 0.146488510 0.148171220 0.147482262 0.162653670 0.171126570 0.159155887 0.159402877 0.161416397 0.144892365 0.154140338 0.157734238 0.153655150 0.153172850 0.206846602 0.189866756 0.156207500 0.159831131 0.157628106 0.165240022 0.175879610 0.168619292 0.171301177 0.164536278 0.181789991 0.184846587 0.160115934 0.156250428 0.152011191 0.142656556 0.144323556 0.143216187 0.127702102 0.129588660 0.130762602 0.132389099 0.174399029 0.109845029 0.097657934 0.000000000 0.131158731 0.130342851 0.139281555 0.178100076 
45     0.125629769 0.119467521 0.122293402 0.141813589 0.146409604 0.143235530 0.129994431 0.127247561 0.120800134 0.121136443 0.118459279 0.135488778 0.144914548 0.133135847 0.133383636 0.133682592 0.116309681 0.125908486 0.128545831 0.126036704 0.125520630 0.180323561 0.162661256 0.128745763 0.132795967 0.131090908 0.138431909 0.147437933 0.140629058 0.144368170 0.137130265 0.153540247 0.156800218 0.131977975 0.129317738 0.122634326 0.111760522 0.113389504 0.113616187 0.099243019 0.100085666 0.101133341 0.103223279 0.147061507 0.119449577 0.126331299 0.131158731 0.000000000 0.039876592 0.076512907 0.152297966 
42     0.123511143 0.116341586 0.120689785 0.138927845 0.144043626 0.140577283 0.127339295 0.124454579 0.117641976 0.118703699 0.115521217 0.131644195 0.140832774 0.130179851 0.130432575 0.131136001 0.114480652 0.123606508 0.126253968 0.123935663 0.123577639 0.177454720 0.159800034 0.126128789 0.130324052 0.128760963 0.136136132 0.145601283 0.138285858 0.141382280 0.134485764 0.150660227 0.154509146 0.130177669 0.127582146 0.121706429 0.108452791 0.110015231 0.111224629 0.096792871 0.098779410 0.099227238 0.101408947 0.144185784 0.117858911 0.124534173 0.130342851 0.039876592 0.000000000 0.073087047 0.151337930 
37     0.133078843 0.126472040 0.130686033 0.148825935 0.152869654 0.151198232 0.137296525 0.134644548 0.127316455 0.127932321 0.125706750 0.141759295 0.151128795 0.140223767 0.140451883 0.141043520 0.125207110 0.132604033 0.135753382 0.133472695 0.132952647 0.187286364 0.168978744 0.134985837 0.139243885 0.137472655 0.145017381 0.154475035 0.148038754 0.150103863 0.142983634 0.160485836 0.164815703 0.140020207 0.137605816 0.130594093 0.119746448 0.121227264 0.120930229 0.105756941 0.108342053 0.108532509 0.110581032 0.152215942 0.127744813 0.132527739 0.139281555 0.076512907 0.073087047 0.000000000 0.158816149 
0     0.160478130 0.156399630 0.156207537 0.175132029 0.180792578 0.176844621 0.165899545 0.163137200 0.154125372 0.155125437 0.152165097 0.167865298 0.176642762 0.163465875 0.163598532 0.164177582 0.147479268 0.158349388 0.161400213 0.158769134 0.158665460 0.215305001 0.195873563 0.162443479 0.165018360 0.165060031 0.172107718 0.180399536 0.175550087 0.177042886 0.169447561 0.183885345 0.188146118 0.165022275 0.162924972 0.157441798 0.158860356 0.160677529 0.160226713 0.144983818 0.144527521 0.147386087 0.149277614 0.195142739 0.168421799 0.173418244 0.178100076 0.152297966 0.151337930 0.158816149 0.000000000 
