51
1     0.000000000 0.017234186 0.044376274 0.044014443 0.093144796 0.093877892 0.085812697 0.087590521 0.088322810 0.086929038 0.083232024 0.089632205 0.085798901 0.088154253 0.083255907 0.090406456 0.075882766 0.083900151 0.089880401 0.091010395 0.085838112 0.086562208 0.086904924 0.092063229 0.088173798 0.088276280 0.087642556 0.081914556 0.090791615 0.089431916 0.086458345 0.086283507 0.085190421 0.085279279 0.083927695 0.085155803 0.083874622 0.081656157 0.080347246 0.079094153 0.078745147 0.076277610 0.090191538 0.085516038 0.083062770 0.082256888 0.091115349 0.087426044 0.077322676 0.083759878 0.072316033 
14     0.017234186 0.000000000 0.049392054 0.049056586 0.098039332 0.098781670 0.090393680 0.091976702 0.092718443 0.092009872 0.087609124 0.093881652 0.090328763 0.092550050 0.087846238 0.095254953 0.080955240 0.088949342 0.095331462 0.096465221 0.090895507 0.091615556 0.092049052 0.097027179 0.093341574 0.093434833 0.092781357 0.087029870 0.095824254 0.094728471 0.091443065 0.091226665 0.090160161 0.090249019 0.088810039 0.090335917 0.088503113 0.086613748 0.085358928 0.084258381 0.083725588 0.081131248 0.095189502 0.090846006 0.088360713 0.087536881 0.096295693 0.092590571 0.082554362 0.089101601 0.077715495 
9     0.044376274 0.049392054 0.000000000 0.019522185 0.091094027 0.091465410 0.083385213 0.085109330 0.085875802 0.084801826 0.081262878 0.087331698 0.083781035 0.085912734 0.081428037 0.088447262 0.073813499 0.082901400 0.089102569 0.090362275 0.084572528 0.085076290 0.085490528 0.089838556 0.086663365 0.086829658 0.086123716 0.080752042 0.088960929 0.087902232 0.084805048 0.084657316 0.083571205 0.083660063 0.082470213 0.084012244 0.082749157 0.080084418 0.078831135 0.077433198 0.076414408 0.074064739 0.087932204 0.083526827 0.081314616 0.080436495 0.088684311 0.085769886 0.075748830 0.082093716 0.070201685 
2     0.044014443 0.049056586 0.019522185 0.000000000 0.090999511 0.091375791 0.083349739 0.085140810 0.085925126 0.084388712 0.080942593 0.086923104 0.083973033 0.085919569 0.081497250 0.088812997 0.073441716 0.082773791 0.089210045 0.090349803 0.085291322 0.085993267 0.086124263 0.090337769 0.087223124 0.087392097 0.086714742 0.080625389 0.089038847 0.087928067 0.085042820 0.084696285 0.083856277 0.083943950 0.082597512 0.084066160 0.082854626 0.080348750 0.078923184 0.077341164 0.076689937 0.074253791 0.088136460 0.083770915 0.081621858 0.080754641 0.089079366 0.085469928 0.075809318 0.082210983 0.069870650 
4     0.093144796 0.098039332 0.091094027 0.090999511 0.000000000 0.024179941 0.044748468 0.045436009 0.045803603 0.048970593 0.056091081 0.063154355 0.058464404 0.061759644 0.056890850 0.064189120 0.087638404 0.096382660 0.104221279 0.105661824 0.098801388 0.099637670 0.099031443 0.104546501 0.099963112 0.099933097 0.099457018 0.093074769 0.103687039 0.102658927 0.097888084 0.097973999 0.096363716 0.096409549 0.096118522 0.096625091 0.095246392 0.093767297 0.092251602 0.089580974 0.090220497 0.087292261 0.101909730 0.098141435 0.095530981 0.095157392 0.103438044 0.099293360 0.088691919 0.095878570 0.084423929 
11     0.093877892 0.098781670 0.091465410 0.091375791 0.024179941 0.000000000 0.045924990 0.046388578 0.046790750 0.049326279 0.056255356 0.064107589 0.059182694 0.062589583 0.057303185 0.065016911 0.087908369 0.097127279 0.104761140 0.106193629 0.099790709 0.100568194 0.099937735 0.105928485 0.101372425 0.101175697 0.101066076 0.093533824 0.104446591 0.103226454 0.098527304 0.098515936 0.096887164 0.096908102 0.096727508 0.097197100 0.095915819 0.094182064 0.093059610 0.090558349 0.091348657 0.088305525 0.103235932 0.099303339 0.096538672 0.096155583 0.104494385 0.100271121 0.089672830 0.097084386 0.085168253 
6     0.085812697 0.090393680 0.083385213 0.083349739 0.044748468 0.045924990 0.000000000 0.025329410 0.025118731 0.039760022 0.046974412 0.053680876 0.049620110 0.052189889 0.047895248 0.055283298 0.080624686 0.089151275 0.096551003 0.098192450 0.091967996 0.092812909 0.091583113 0.097483806 0.093234101 0.093179583 0.092846910 0.086383957 0.096162075 0.095557800 0.090936268 0.090698884 0.089548859 0.089575936 0.089152746 0.089744016 0.088482113 0.086215000 0.084584974 0.082993900 0.083045693 0.080591471 0.095025560 0.091192973 0.088797093 0.088254510 0.096450242 0.091930677 0.081553937 0.088302337 0.076341119 
8     0.087590521 0.091976702 0.085109330 0.085140810 0.045436009 0.046388578 0.025329410 0.000000000 0.010404132 0.041666452 0.048549718 0.055355809 0.051251620 0.053585122 0.049545425 0.057616511 0.082134475 0.090710279 0.098323021 0.099728354 0.093228204 0.093957164 0.092918282 0.099255361 0.094701548 0.094459654 0.094018644 0.087848888 0.097607575 0.097051891 0.091775676 0.091646012 0.090409235 0.090432814 0.090150854 0.091086089 0.089554160 0.087436719 0.086058502 0.083949139 0.083926807 0.081583012 0.096575352 0.092420680 0.089986949 0.089562537 0.097878397 0.093486017 0.083290966 0.089289470 0.078065059 
13     0.088322810 0.092718443 0.085875802 0.085925126 0.045803603 0.046790750 0.025118731 0.010404132 0.000000000 0.041474603 0.048708293 0.055306332 0.051177005 0.053536032 0.049564368 0.057620185 0.082808848 0.091420869 0.098873977 0.100279310 0.093988622 0.094731531 0.093652834 0.099824266 0.095361629 0.095155155 0.094682055 0.088540147 0.098252884 0.097738776 0.092406595 0.092348388 0.091114743 0.091138323 0.090844851 0.091794355 0.090243820 0.088119233 0.086738122 0.084872894 0.084732020 0.082376541 0.097199235 0.093124523 0.090707958 0.090267738 0.098583457 0.094218445 0.083796795 0.089855174 0.078729516 
12     0.086929038 0.092009872 0.084801826 0.084388712 0.048970593 0.049326279 0.039760022 0.041666452 0.041474603 0.000000000 0.048161995 0.055559078 0.050810626 0.053667830 0.049375103 0.056500567 0.080999551 0.088196407 0.095951211 0.097356982 0.091146467 0.092150291 0.091425443 0.096928804 0.092718445 0.092947191 0.092031818 0.085942177 0.095515401 0.094851047 0.089920238 0.089692604 0.088605907 0.088601983 0.088444715 0.088777711 0.088106526 0.085959804 0.084005668 0.082625934 0.082632919 0.079791369 0.095619292 0.091073320 0.088400432 0.088059114 0.096986246 0.092176946 0.081721572 0.088829898 0.076823956 
16     0.083232024 0.087609124 0.081262878 0.080942593 0.056091081 0.056255356 0.046974412 0.048549718 0.048708293 0.048161995 0.000000000 0.040925776 0.035844897 0.041672677 0.036702810 0.047856946 0.077591986 0.085755901 0.093008112 0.094564341 0.088162207 0.089041192 0.088598526 0.094000238 0.089916728 0.089829897 0.089424734 0.082583739 0.092368149 0.091825360 0.086448681 0.086113830 0.085112025 0.085212610 0.084729923 0.085557267 0.084187824 0.082044456 0.080322212 0.079958848 0.080277993 0.076946710 0.092337405 0.087376215 0.085194336 0.084475060 0.092889461 0.089100307 0.078073483 0.085543968 0.074375420 
7     0.089632205 0.093881652 0.087331698 0.086923104 0.063154355 0.064107589 0.053680876 0.055355809 0.055306332 0.055559078 0.040925776 0.000000000 0.042337795 0.048845944 0.044422179 0.056004182 0.084572389 0.092225324 0.099451106 0.101023825 0.094748805 0.095472197 0.094737412 0.100587312 0.096226385 0.096204052 0.095501377 0.089010611 0.098972675 0.098276878 0.093275831 0.092888120 0.091791913 0.091908342 0.091705115 0.092736669 0.091184470 0.088535397 0.087198767 0.086607760 0.086422084 0.083447137 0.098719738 0.094480280 0.091396159 0.090703511 0.099392813 0.096119004 0.084518315 0.091740814 0.080765266 
5     0.085798901 0.090328763 0.083781035 0.083973033 0.058464404 0.059182694 0.049620110 0.051251620 0.051177005 0.050810626 0.035844897 0.042337795 0.000000000 0.044282679 0.039007029 0.049506669 0.080545569 0.088182367 0.096031526 0.097651131 0.091043046 0.091908655 0.091798917 0.097128835 0.093028507 0.092902454 0.092597682 0.085724584 0.095256583 0.094694938 0.090110827 0.089720860 0.088706512 0.088732001 0.088266561 0.089343273 0.087834603 0.085345920 0.083768152 0.082588557 0.082474836 0.079528115 0.094284031 0.089653969 0.087162508 0.086643734 0.095073380 0.091454585 0.081139010 0.087541239 0.077198420 
10     0.088154253 0.092550050 0.085912734 0.085919569 0.061759644 0.062589583 0.052189889 0.053585122 0.053536032 0.053667830 0.041672677 0.048845944 0.044282679 0.000000000 0.035812291 0.053737852 0.083334811 0.090747132 0.098545513 0.099906320 0.092996261 0.094024415 0.093488940 0.099021551 0.095242285 0.095212112 0.094730032 0.088544524 0.097825299 0.097123997 0.092606281 0.092258004 0.091102511 0.091209175 0.090708976 0.091760426 0.090335589 0.088101131 0.086615931 0.084766348 0.084786417 0.081823361 0.096514448 0.092332655 0.089299460 0.088893078 0.097160836 0.094596205 0.082703020 0.090210803 0.079626939 
3     0.083255907 0.087846238 0.081428037 0.081497250 0.056890850 0.057303185 0.047895248 0.049545425 0.049564368 0.049375103 0.036702810 0.044422179 0.039007029 0.035812291 0.000000000 0.050072450 0.078848125 0.086402600 0.093918349 0.095268591 0.088822573 0.089838782 0.089658700 0.094888237 0.090921189 0.090819365 0.090512406 0.083682773 0.093335360 0.092578587 0.087940785 0.087645683 0.086580996 0.086682341 0.085838182 0.086866489 0.085510724 0.083167782 0.081903927 0.080128842 0.080321954 0.077638772 0.092099078 0.087593638 0.084869015 0.084465431 0.092882416 0.089418015 0.078273988 0.086562059 0.074874551 
15     0.090406456 0.095254953 0.088447262 0.088812997 0.064189120 0.065016911 0.055283298 0.057616511 0.057620185 0.056500567 0.047856946 0.056004182 0.049506669 0.053737852 0.050072450 0.000000000 0.084744991 0.092820559 0.100402968 0.101851813 0.095731060 0.096406577 0.096354867 0.101273043 0.097560395 0.097349242 0.096908954 0.089556420 0.099915062 0.099238570 0.094544276 0.094115112 0.093210957 0.093284348 0.092395293 0.093060823 0.092193647 0.089517246 0.087878303 0.086776475 0.087128180 0.084038551 0.099114486 0.094807340 0.091961760 0.091509687 0.100149604 0.095918782 0.085378853 0.092257745 0.081781793 
22     0.075882766 0.080955240 0.073813499 0.073441716 0.087638404 0.087908369 0.080624686 0.082134475 0.082808848 0.080999551 0.077591986 0.084572389 0.080545569 0.083334811 0.078848125 0.084744991 0.000000000 0.073250227 0.080805303 0.081957781 0.076038075 0.076796353 0.075752193 0.081077511 0.077664015 0.077963834 0.077429722 0.069705949 0.079439779 0.077785028 0.074774760 0.074411066 0.073407818 0.073542281 0.073008401 0.074407290 0.073057649 0.070445492 0.069129914 0.066740774 0.066041458 0.064202342 0.079676503 0.075110139 0.073002643 0.071831307 0.080315269 0.076872255 0.066824867 0.073612563 0.066168535 
24     0.083900151 0.088949342 0.082901400 0.082773791 0.096382660 0.097127279 0.089151275 0.090710279 0.091420869 0.088196407 0.085755901 0.092225324 0.088182367 0.090747132 0.086402600 0.092820559 0.073250227 0.000000000 0.047081134 0.048258245 0.048583534 0.049069300 0.049136534 0.055391552 0.051467705 0.051472700 0.050433965 0.051809238 0.059985538 0.058713604 0.057334972 0.057276196 0.056180018 0.056227331 0.054549985 0.055479962 0.054663341 0.052169942 0.050907074 0.059395324 0.058299627 0.057527418 0.072463984 0.067557403 0.066685523 0.065796796 0.073777330 0.069580943 0.059175625 0.066739299 0.074144617 
26     0.089880401 0.095331462 0.089102569 0.089210045 0.104221279 0.104761140 0.096551003 0.098323021 0.098873977 0.095951211 0.093008112 0.099451106 0.096031526 0.098545513 0.093918349 0.100402968 0.080805303 0.047081134 0.000000000 0.019901098 0.056039757 0.056985701 0.057134243 0.062911018 0.058731899 0.058892058 0.058134118 0.058931206 0.066892217 0.065757124 0.064480228 0.064322797 0.063263885 0.063453066 0.062558333 0.063400002 0.062369985 0.060253534 0.058982744 0.067037875 0.065619434 0.065583357 0.080221054 0.075303927 0.073457228 0.072790631 0.081227726 0.076799313 0.066608618 0.074636741 0.081365121 
30     0.091010395 0.096465221 0.090362275 0.090349803 0.105661824 0.106193629 0.098192450 0.099728354 0.100279310 0.097356982 0.094564341 0.101023825 0.097651131 0.099906320 0.095268591 0.101851813 0.081957781 0.048258245 0.019901098 0.000000000 0.057281068 0.058216944 0.058368637 0.064219773 0.059867669 0.060077355 0.059226968 0.060009903 0.068116889 0.066851634 0.065517130 0.065393981 0.064529210 0.064720825 0.063489522 0.064533444 0.063469756 0.061127786 0.059880443 0.068427239 0.066873699 0.066824643 0.081395874 0.076292975 0.074578990 0.073913559 0.082183594 0.077587355 0.067679666 0.075776471 0.082509952 
45     0.085838112 0.090895507 0.084572528 0.085291322 0.098801388 0.099790709 0.091967996 0.093228204 0.093988622 0.091146467 0.088162207 0.094748805 0.091043046 0.092996261 0.088822573 0.095731060 0.076038075 0.048583534 0.056039757 0.057281068 0.000000000 0.011876550 0.038027037 0.054144354 0.049715707 0.050024721 0.049184222 0.053743858 0.062265165 0.060835968 0.059268077 0.058810208 0.057988827 0.058158713 0.057000882 0.057926172 0.057057184 0.054552766 0.053403317 0.062036468 0.060123466 0.059634565 0.074942105 0.069943810 0.068323682 0.067540156 0.076010011 0.072082980 0.061142754 0.068288685 0.075904674 
32     0.086562208 0.091615556 0.085076290 0.085993267 0.099637670 0.100568194 0.092812909 0.093957164 0.094731531 0.092150291 0.089041192 0.095472197 0.091908655 0.094024415 0.089838782 0.096406577 0.076796353 0.049069300 0.056985701 0.058216944 0.011876550 0.000000000 0.038750729 0.054938546 0.050693865 0.051033295 0.050171078 0.054641255 0.062916596 0.061511637 0.059811689 0.059568589 0.058711999 0.058879787 0.057731298 0.058765729 0.057779388 0.055325241 0.054163277 0.062532755 0.060808453 0.060528559 0.075488651 0.070357398 0.068777968 0.067962737 0.076479183 0.072799831 0.061803592 0.068659090 0.076668607 
36     0.086904924 0.092049052 0.085490528 0.086124263 0.099031443 0.099937735 0.091583113 0.092918282 0.093652834 0.091425443 0.088598526 0.094737412 0.091798917 0.093488940 0.089658700 0.096354867 0.075752193 0.049136534 0.057134243 0.058368637 0.038027037 0.038750729 0.000000000 0.054254902 0.050446044 0.050865614 0.050003710 0.054502805 0.062653956 0.061371813 0.059309098 0.058938817 0.058091664 0.058209790 0.057234594 0.058671842 0.057651771 0.054883845 0.053598728 0.063057623 0.061405549 0.060944422 0.075574077 0.070234340 0.068723944 0.068075325 0.076688005 0.072201533 0.061717677 0.069137663 0.076735000 
37     0.092063229 0.097027179 0.089838556 0.090337769 0.104546501 0.105928485 0.097483806 0.099255361 0.099824266 0.096928804 0.094000238 0.100587312 0.097128835 0.099021551 0.094888237 0.101273043 0.081077511 0.055391552 0.062911018 0.064219773 0.054144354 0.054938546 0.054254902 0.000000000 0.041209185 0.042091780 0.041440955 0.059858463 0.068244725 0.066379444 0.064845592 0.064585277 0.063532944 0.063684757 0.062956183 0.064305976 0.063220556 0.060174614 0.059011528 0.067439052 0.066090710 0.065206025 0.080189124 0.075838649 0.073339755 0.072434298 0.081380697 0.076969553 0.067073400 0.074962587 0.081774812 
42     0.088173798 0.093341574 0.086663365 0.087223124 0.099963112 0.101372425 0.093234101 0.094701548 0.095361629 0.092718445 0.089916728 0.096226385 0.093028507 0.095242285 0.090921189 0.097560395 0.077664015 0.051467705 0.058731899 0.059867669 0.049715707 0.050693865 0.050446044 0.041209185 0.000000000 0.017715909 0.016750639 0.056307782 0.064821262 0.063748030 0.061728104 0.061278272 0.060542660 0.060703225 0.059515567 0.060546784 0.059450838 0.057058809 0.055801242 0.064523702 0.062227786 0.062156682 0.077176187 0.072574526 0.070250280 0.069353794 0.078273385 0.074114168 0.064051424 0.071169766 0.078275276 
29     0.088276280 0.093434833 0.086829658 0.087392097 0.099933097 0.101175697 0.093179583 0.094459654 0.095155155 0.092947191 0.089829897 0.096204052 0.092902454 0.095212112 0.090819365 0.097349242 0.077963834 0.051472700 0.058892058 0.060077355 0.050024721 0.051033295 0.050865614 0.042091780 0.017715909 0.000000000 0.017406213 0.056625759 0.065242757 0.063806212 0.061722478 0.061449967 0.060737202 0.060917749 0.059745983 0.060787018 0.059768845 0.057259212 0.055966542 0.064356085 0.062297732 0.062241389 0.077060847 0.072239536 0.070231174 0.069286910 0.078184847 0.073649941 0.063970676 0.071185113 0.078105975 
41     0.087642556 0.092781357 0.086123716 0.086714742 0.099457018 0.101066076 0.092846910 0.094018644 0.094682055 0.092031818 0.089424734 0.095501377 0.092597682 0.094730032 0.090512406 0.096908954 0.077429722 0.050433965 0.058134118 0.059226968 0.049184222 0.050171078 0.050003710 0.041440955 0.016750639 0.017406213 0.000000000 0.055445950 0.064097913 0.062810002 0.061293672 0.060866755 0.060146560 0.060298945 0.059058786 0.060290654 0.059234382 0.056780313 0.055490645 0.063797958 0.061554841 0.061399954 0.076478132 0.071574184 0.069467072 0.068583396 0.077351618 0.073156964 0.063481107 0.070613921 0.077268251 
31     0.081914556 0.087029870 0.080752042 0.080625389 0.093074769 0.093533824 0.086383957 0.087848888 0.088540147 0.085942177 0.082583739 0.089010611 0.085724584 0.088544524 0.083682773 0.089556420 0.069705949 0.051809238 0.058931206 0.060009903 0.053743858 0.054641255 0.054502805 0.059858463 0.056307782 0.056625759 0.055445950 0.000000000 0.045301585 0.043995645 0.052139895 0.052076114 0.050993909 0.051158433 0.050581903 0.051656764 0.050721520 0.047917060 0.046765663 0.056641722 0.056162995 0.054413072 0.070592307 0.065976644 0.064151805 0.063119956 0.071457553 0.067029898 0.056845352 0.063380231 0.071507435 
18     0.090791615 0.095824254 0.088960929 0.089038847 0.103687039 0.104446591 0.096162075 0.097607575 0.098252884 0.095515401 0.092368149 0.098972675 0.095256583 0.097825299 0.093335360 0.099915062 0.079439779 0.059985538 0.066892217 0.068116889 0.062265165 0.062916596 0.062653956 0.068244725 0.064821262 0.065242757 0.064097913 0.045301585 0.000000000 0.023996698 0.060043601 0.060043204 0.058791545 0.058965142 0.057915890 0.059518845 0.058507239 0.055544452 0.054406870 0.065384441 0.064389783 0.063314213 0.079624729 0.074914059 0.072917509 0.071899293 0.080138312 0.075381165 0.065895464 0.072785695 0.080084536 
46     0.089431916 0.094728471 0.087902232 0.087928067 0.102658927 0.103226454 0.095557800 0.097051891 0.097738776 0.094851047 0.091825360 0.098276878 0.094694938 0.097123997 0.092578587 0.099238570 0.077785028 0.058713604 0.065757124 0.066851634 0.060835968 0.061511637 0.061371813 0.066379444 0.063748030 0.063806212 0.062810002 0.043995645 0.023996698 0.000000000 0.059186744 0.059206173 0.058076342 0.058247837 0.057149584 0.058770528 0.057665057 0.054537901 0.053322356 0.064354732 0.063496700 0.061594088 0.078326803 0.073627877 0.071927313 0.070718242 0.079010951 0.074211937 0.064866181 0.071756517 0.079197958 
27     0.086458345 0.091443065 0.084805048 0.085042820 0.097888084 0.098527304 0.090936268 0.091775676 0.092406595 0.089920238 0.086448681 0.093275831 0.090110827 0.092606281 0.087940785 0.094544276 0.074774760 0.057334972 0.064480228 0.065517130 0.059268077 0.059811689 0.059309098 0.064845592 0.061728104 0.061722478 0.061293672 0.052139895 0.060043601 0.059186744 0.000000000 0.017396990 0.017773689 0.017944908 0.036579448 0.037906105 0.036727788 0.033591973 0.032670684 0.061775502 0.060742710 0.059513433 0.076218568 0.071601550 0.069421328 0.068360681 0.076937610 0.071283152 0.061756429 0.069806311 0.076369232 
49     0.086283507 0.091226665 0.084657316 0.084696285 0.097973999 0.098515936 0.090698884 0.091646012 0.092348388 0.089692604 0.086113830 0.092888120 0.089720860 0.092258004 0.087645683 0.094115112 0.074411066 0.057276196 0.064322797 0.065393981 0.058810208 0.059568589 0.058938817 0.064585277 0.061278272 0.061449967 0.060866755 0.052076114 0.060043204 0.059206173 0.017396990 0.000000000 0.017166954 0.017823430 0.036783102 0.038261669 0.037216163 0.033726710 0.032880129 0.061499479 0.060374709 0.059171411 0.075389127 0.070652633 0.068682213 0.067627849 0.076236960 0.070808541 0.061080088 0.069703330 0.075885252 
25     0.085190421 0.090160161 0.083571205 0.083856277 0.096363716 0.096887164 0.089548859 0.090409235 0.091114743 0.088605907 0.085112025 0.091791913 0.088706512 0.091102511 0.086580996 0.093210957 0.073407818 0.056180018 0.063263885 0.064529210 0.057988827 0.058711999 0.058091664 0.063532944 0.060542660 0.060737202 0.060146560 0.050993909 0.058791545 0.058076342 0.017773689 0.017166954 0.000000000 0.006354570 0.035331518 0.036433054 0.035470569 0.032193672 0.031470778 0.060173516 0.059233543 0.058149963 0.074683894 0.069681857 0.067757596 0.066681599 0.075230883 0.069767508 0.060332192 0.068241005 0.074940958 
19     0.085279279 0.090249019 0.083660063 0.083943950 0.096409549 0.096908102 0.089575936 0.090432814 0.091138323 0.088601983 0.085212610 0.091908342 0.088732001 0.091209175 0.086682341 0.093284348 0.073542281 0.056227331 0.063453066 0.064720825 0.058158713 0.058879787 0.058209790 0.063684757 0.060703225 0.060917749 0.060298945 0.051158433 0.058965142 0.058247837 0.017944908 0.017823430 0.006354570 0.000000000 0.035570253 0.036681545 0.035705106 0.032352408 0.031629664 0.060280085 0.059322569 0.058241562 0.074788923 0.069807181 0.067875438 0.066799442 0.075348726 0.069898934 0.060438971 0.068357189 0.074952507 
43     0.083927695 0.088810039 0.082470213 0.082597512 0.096118522 0.096727508 0.089152746 0.090150854 0.090844851 0.088444715 0.084729923 0.091705115 0.088266561 0.090708976 0.085838182 0.092395293 0.073008401 0.054549985 0.062558333 0.063489522 0.057000882 0.057731298 0.057234594 0.062956183 0.059515567 0.059745983 0.059058786 0.050581903 0.057915890 0.057149584 0.036579448 0.036783102 0.035331518 0.035570253 0.000000000 0.022182347 0.020937406 0.025173983 0.024797170 0.059911805 0.058801094 0.057680172 0.073503686 0.068055632 0.066393642 0.065417394 0.074009842 0.069235908 0.058858319 0.066557949 0.074337533 
21     0.085155803 0.090335917 0.084012244 0.084066160 0.096625091 0.097197100 0.089744016 0.091086089 0.091794355 0.088777711 0.085557267 0.092736669 0.089343273 0.091760426 0.086866489 0.093060823 0.074407290 0.055479962 0.063400002 0.064533444 0.057926172 0.058765729 0.058671842 0.064305976 0.060546784 0.060787018 0.060290654 0.051656764 0.059518845 0.058770528 0.037906105 0.038261669 0.036433054 0.036681545 0.022182347 0.000000000 0.014067833 0.026063546 0.025503779 0.061131719 0.060312630 0.059012894 0.075072277 0.069778642 0.068274773 0.067304023 0.075946955 0.071007828 0.060670636 0.068508515 0.075706308 
39     0.083874622 0.088503113 0.082749157 0.082854626 0.095246392 0.095915819 0.088482113 0.089554160 0.090243820 0.088106526 0.084187824 0.091184470 0.087834603 0.090335589 0.085510724 0.092193647 0.073057649 0.054663341 0.062369985 0.063469756 0.057057184 0.057779388 0.057651771 0.063220556 0.059450838 0.059768845 0.059234382 0.050721520 0.058507239 0.057665057 0.036727788 0.037216163 0.035470569 0.035705106 0.020937406 0.014067833 0.000000000 0.025106873 0.024554451 0.059848781 0.059128170 0.057799241 0.073794561 0.068781906 0.067264676 0.066352484 0.074952693 0.069904519 0.059550763 0.067539577 0.074999737 
50     0.081656157 0.086613748 0.080084418 0.080348750 0.093767297 0.094182064 0.086215000 0.087436719 0.088119233 0.085959804 0.082044456 0.088535397 0.085345920 0.088101131 0.083167782 0.089517246 0.070445492 0.052169942 0.060253534 0.061127786 0.054552766 0.055325241 0.054883845 0.060174614 0.057058809 0.057259212 0.056780313 0.047917060 0.055544452 0.054537901 0.033591973 0.033726710 0.032193672 0.032352408 0.025173983 0.026063546 0.025106873 0.000000000 0.010467333 0.057481982 0.055889510 0.054606537 0.071768847 0.066581134 0.064571529 0.063737536 0.072144852 0.066887423 0.057027401 0.064073319 0.071417391 
38     0.080347246 0.085358928 0.078831135 0.078923184 0.092251602 0.093059610 0.084584974 0.086058502 0.086738122 0.084005668 0.080322212 0.087198767 0.083768152 0.086615931 0.081903927 0.087878303 0.069129914 0.050907074 0.058982744 0.059880443 0.053403317 0.054163277 0.053598728 0.059011528 0.055801242 0.055966542 0.055490645 0.046765663 0.054406870 0.053322356 0.032670684 0.032880129 0.031470778 0.031629664 0.024797170 0.025503779 0.024554451 0.010467333 0.000000000 0.055817444 0.054335209 0.052950774 0.069644665 0.064743070 0.062455465 0.061627575 0.070054404 0.065281795 0.055512753 0.062920330 0.070094046 
44     0.079094153 0.084258381 0.077433198 0.077341164 0.089580974 0.090558349 0.082993900 0.083949139 0.084872894 0.082625934 0.079958848 0.086607760 0.082588557 0.084766348 0.080128842 0.086776475 0.066740774 0.059395324 0.067037875 0.068427239 0.062036468 0.062532755 0.063057623 0.067439052 0.064523702 0.064356085 0.063797958 0.056641722 0.065384441 0.064354732 0.061775502 0.061499479 0.060173516 0.060280085 0.059911805 0.061131719 0.059848781 0.057481982 0.055817444 0.000000000 0.030512603 0.034662823 0.065279476 0.060483180 0.058950009 0.058071708 0.066086912 0.062186376 0.052066531 0.059480096 0.067768295 
28     0.078745147 0.083725588 0.076414408 0.076689937 0.090220497 0.091348657 0.083045693 0.083926807 0.084732020 0.082632919 0.080277993 0.086422084 0.082474836 0.084786417 0.080321954 0.087128180 0.066041458 0.058299627 0.065619434 0.066873699 0.060123466 0.060808453 0.061405549 0.066090710 0.062227786 0.062297732 0.061554841 0.056162995 0.064389783 0.063496700 0.060742710 0.060374709 0.059233543 0.059322569 0.058801094 0.060312630 0.059128170 0.055889510 0.054335209 0.030512603 0.000000000 0.034004949 0.065229426 0.060412736 0.058732469 0.057934251 0.065576971 0.062103467 0.051188230 0.058297558 0.067921874 
20     0.076277610 0.081131248 0.074064739 0.074253791 0.087292261 0.088305525 0.080591471 0.081583012 0.082376541 0.079791369 0.076946710 0.083447137 0.079528115 0.081823361 0.077638772 0.084038551 0.064202342 0.057527418 0.065583357 0.066824643 0.059634565 0.060528559 0.060944422 0.065206025 0.062156682 0.062241389 0.061399954 0.054413072 0.063314213 0.061594088 0.059513433 0.059171411 0.058149963 0.058241562 0.057680172 0.059012894 0.057799241 0.054606537 0.052950774 0.034662823 0.034004949 0.000000000 0.063832658 0.058995194 0.056996015 0.055870565 0.064028301 0.059829903 0.050652611 0.057263427 0.065452530 
33     0.090191538 0.095189502 0.087932204 0.088136460 0.101909730 0.103235932 0.095025560 0.096575352 0.097199235 0.095619292 0.092337405 0.098719738 0.094284031 0.096514448 0.092099078 0.099114486 0.079676503 0.072463984 0.080221054 0.081395874 0.074942105 0.075488651 0.075574077 0.080189124 0.077176187 0.077060847 0.076478132 0.070592307 0.079624729 0.078326803 0.076218568 0.075389127 0.074683894 0.074788923 0.073503686 0.075072277 0.073794561 0.071768847 0.069644665 0.065279476 0.065229426 0.063832658 0.000000000 0.039765359 0.036505539 0.035527355 0.043144012 0.069684458 0.060624510 0.071272428 0.080724346 
40     0.085516038 0.090846006 0.083526827 0.083770915 0.098141435 0.099303339 0.091192973 0.092420680 0.093124523 0.091073320 0.087376215 0.094480280 0.089653969 0.092332655 0.087593638 0.094807340 0.075110139 0.067557403 0.075303927 0.076292975 0.069943810 0.070357398 0.070234340 0.075838649 0.072574526 0.072239536 0.071574184 0.065976644 0.074914059 0.073627877 0.071601550 0.070652633 0.069681857 0.069807181 0.068055632 0.069778642 0.068781906 0.066581134 0.064743070 0.060483180 0.060412736 0.058995194 0.039765359 0.000000000 0.032292518 0.031011029 0.038397310 0.064769087 0.056694095 0.066675890 0.076465386 
48     0.083062770 0.088360713 0.081314616 0.081621858 0.095530981 0.096538672 0.088797093 0.089986949 0.090707958 0.088400432 0.085194336 0.091396159 0.087162508 0.089299460 0.084869015 0.091961760 0.073002643 0.066685523 0.073457228 0.074578990 0.068323682 0.068777968 0.068723944 0.073339755 0.070250280 0.070231174 0.069467072 0.064151805 0.072917509 0.071927313 0.069421328 0.068682213 0.067757596 0.067875438 0.066393642 0.068274773 0.067264676 0.064571529 0.062455465 0.058950009 0.058732469 0.056996015 0.036505539 0.032292518 0.000000000 0.011288481 0.029216563 0.063057024 0.054202884 0.064055315 0.073535133 
47     0.082256888 0.087536881 0.080436495 0.080754641 0.095157392 0.096155583 0.088254510 0.089562537 0.090267738 0.088059114 0.084475060 0.090703511 0.086643734 0.088893078 0.084465431 0.091509687 0.071831307 0.065796796 0.072790631 0.073913559 0.067540156 0.067962737 0.068075325 0.072434298 0.069353794 0.069286910 0.068583396 0.063119956 0.071899293 0.070718242 0.068360681 0.067627849 0.066681599 0.066799442 0.065417394 0.067304023 0.066352484 0.063737536 0.061627575 0.058071708 0.057934251 0.055870565 0.035527355 0.031011029 0.011288481 0.000000000 0.027848427 0.062135053 0.053224488 0.063101393 0.072695992 
34     0.091115349 0.096295693 0.088684311 0.089079366 0.103438044 0.104494385 0.096450242 0.097878397 0.098583457 0.096986246 0.092889461 0.099392813 0.095073380 0.097160836 0.092882416 0.100149604 0.080315269 0.073777330 0.081227726 0.082183594 0.076010011 0.076479183 0.076688005 0.081380697 0.078273385 0.078184847 0.077351618 0.071457553 0.080138312 0.079010951 0.076937610 0.076236960 0.075230883 0.075348726 0.074009842 0.075946955 0.074952693 0.072144852 0.070054404 0.066086912 0.065576971 0.064028301 0.043144012 0.038397310 0.029216563 0.027848427 0.000000000 0.069529614 0.060686584 0.071185707 0.081337036 
23     0.087426044 0.092590571 0.085769886 0.085469928 0.099293360 0.100271121 0.091930677 0.093486017 0.094218445 0.092176946 0.089100307 0.096119004 0.091454585 0.094596205 0.089418015 0.095918782 0.076872255 0.069580943 0.076799313 0.077587355 0.072082980 0.072799831 0.072201533 0.076969553 0.074114168 0.073649941 0.073156964 0.067029898 0.075381165 0.074211937 0.071283152 0.070808541 0.069767508 0.069898934 0.069235908 0.071007828 0.069904519 0.066887423 0.065281795 0.062186376 0.062103467 0.059829903 0.069684458 0.064769087 0.063057024 0.062135053 0.069529614 0.000000000 0.057264066 0.067863776 0.078255435 
35     0.077322676 0.082554362 0.075748830 0.075809318 0.088691919 0.089672830 0.081553937 0.083290966 0.083796795 0.081721572 0.078073483 0.084518315 0.081139010 0.082703020 0.078273988 0.085378853 0.066824867 0.059175625 0.066608618 0.067679666 0.061142754 0.061803592 0.061717677 0.067073400 0.064051424 0.063970676 0.063481107 0.056845352 0.065895464 0.064866181 0.061756429 0.061080088 0.060332192 0.060438971 0.058858319 0.060670636 0.059550763 0.057027401 0.055512753 0.052066531 0.051188230 0.050652611 0.060624510 0.056694095 0.054202884 0.053224488 0.060686584 0.057264066 0.000000000 0.058114484 0.067855835 
17     0.083759878 0.089101601 0.082093716 0.082210983 0.095878570 0.097084386 0.088302337 0.089289470 0.089855174 0.088829898 0.085543968 0.091740814 0.087541239 0.090210803 0.086562059 0.092257745 0.073612563 0.066739299 0.074636741 0.075776471 0.068288685 0.068659090 0.069137663 0.074962587 0.071169766 0.071185113 0.070613921 0.063380231 0.072785695 0.071756517 0.069806311 0.069703330 0.068241005 0.068357189 0.066557949 0.068508515 0.067539577 0.064073319 0.062920330 0.059480096 0.058297558 0.057263427 0.071272428 0.066675890 0.064055315 0.063101393 0.071185707 0.067863776 0.058114484 0.000000000 0.074378407 
0     0.072316033 0.077715495 0.070201685 0.069870650 0.084423929 0.085168253 0.076341119 0.078065059 0.078729516 0.076823956 0.074375420 0.080765266 0.077198420 0.079626939 0.074874551 0.081781793 0.066168535 0.074144617 0.081365121 0.082509952 0.075904674 0.076668607 0.076735000 0.081774812 0.078275276 0.078105975 0.077268251 0.071507435 0.080084536 0.079197958 0.076369232 0.075885252 0.074940958 0.074952507 0.074337533 0.075706308 0.074999737 0.071417391 0.070094046 0.067768295 0.067921874 0.065452530 0.080724346 0.076465386 0.073535133 0.072695992 0.081337036 0.078255435 0.067855835 0.074378407 0.000000000 
