51
2     0.000000000 0.000870840 0.000886260 0.001957080 0.001803220 0.000727970 0.001521530 0.003666470 0.002882460 0.003664440 0.001814200 0.000195960 0.000273670 0.003005480 0.003002550 0.000866610 0.001169890 0.000896870 0.001135020 0.001777950 0.000377280 0.000387240 0.002209230 0.002732750 0.002768450 0.002162240 0.000514540 0.000624400 0.001956100 0.000122270 0.002716970 0.003424530 0.001982670 0.002284710 0.000808240 0.002463540 0.000256570 0.002912390 0.002491530 0.000366630 0.002659070 0.000527370 0.001369180 0.001669790 0.000877690 0.001366930 0.001693740 0.002262020 0.000881340 0.000505050 0.001519300 
4     0.000870840 0.000000000 0.000065670 0.000252170 0.000133010 0.000035710 0.000037340 0.002159770 0.000069120 0.001534680 0.001416320 0.002281050 0.000019340 0.002039130 0.003406200 0.001883370 0.001554820 0.000081180 0.002181890 0.002205330 0.000483930 0.002646530 0.002689150 0.002534980 0.000839820 0.000588430 0.000322180 0.000458790 0.000323880 0.001369020 0.001625530 0.002068440 0.002013520 0.001078470 0.000499630 0.000916810 0.001055260 0.000732460 0.001926530 0.002185590 0.000083810 0.000952110 0.001859510 0.001229120 0.000471870 0.000737090 0.001619520 0.001853780 0.001145270 0.000283660 0.000388970 
5     0.000886260 0.000065670 0.000000000 0.001160210 0.000739630 0.001600890 0.000914560 0.001094660 0.002144590 0.001516130 0.001098780 0.002296470 0.001145720 0.002688070 0.000167550 0.000730540 0.002286650 0.000023290 0.001815930 0.000983200 0.000659300 0.002907500 0.000544440 0.001003720 0.000620630 0.000526260 0.001378110 0.001001990 0.001513550 0.001717460 0.000018460 0.001034590 0.000442830 0.000930200 0.000137400 0.001665560 0.000057150 0.001888170 0.000813390 0.002125520 0.000025920 0.001060560 0.000721180 0.001684580 0.000928310 0.001337960 0.001210220 0.000067370 0.000420580 0.001807000 0.001177660 
6     0.001957080 0.000252170 0.001160210 0.000000000 0.000007660 0.000909600 0.000383260 0.003061830 0.001559470 0.003059800 0.001299930 0.001307430 0.001334840 0.000540520 0.004024520 0.000448420 0.001302710 0.001177900 0.001213370 0.001236810 0.002574130 0.001049890 0.003132400 0.002616010 0.000142120 0.001728590 0.000449600 0.001786970 0.002684550 0.002784340 0.001646280 0.000293970 0.001082260 0.001973760 0.002012050 0.001053150 0.002153770 0.001141050 0.000985330 0.000778620 0.000178180 0.001145600 0.000711250 0.001401800 0.001161400 0.000398490 0.001259280 0.000097620 0.000437780 0.001295720 0.003818430 
7     0.001803220 0.000133010 0.000739630 0.000007660 0.000000000 0.000869220 0.000737380 0.001985630 0.001594210 0.002814350 0.001151870 0.001269910 0.001297320 0.000503000 0.003987000 0.000340640 0.001265190 0.000757320 0.001175850 0.001199290 0.002536610 0.002401350 0.003494470 0.002442880 0.000463420 0.001776200 0.000894960 0.002060580 0.002647030 0.002697310 0.001225700 0.000581750 0.001370040 0.001629420 0.001721430 0.000821070 0.001733190 0.000649950 0.001299250 0.001558310 0.000759950 0.001211790 0.001232230 0.001167400 0.000786020 0.000308740 0.001221760 0.000098340 0.001248990 0.001239790 0.000782840 
1     0.000727970 0.000035710 0.001600890 0.000909600 0.000869220 0.000000000 0.000001710 0.000830290 0.001622900 0.002053560 0.001631550 0.001327440 0.002155420 0.000876260 0.001954460 0.001903880 0.000333590 0.001035060 0.001188080 0.001126550 0.001081690 0.002035680 0.000332690 0.000447560 0.001250700 0.001461750 0.000849680 0.002697500 0.003073740 0.001001680 0.000808400 0.001233000 0.001350290 0.000336810 0.000401410 0.001689070 0.000611280 0.000817620 0.000409310 0.000805500 0.002174880 0.001618160 0.001384710 0.001704890 0.000080790 0.002044070 0.001778930 0.001588600 0.001797070 0.000592600 0.000522130 
3     0.001521530 0.000037340 0.000914560 0.000383260 0.000737380 0.000001710 0.000000000 0.001523680 0.001400670 0.001831330 0.000201720 0.001271040 0.000622000 0.001592840 0.002162500 0.001295440 0.000411240 0.000879670 0.001144790 0.001192420 0.000534170 0.001036310 0.000909000 0.000504440 0.001827010 0.001206810 0.002271920 0.001264290 0.000706380 0.000103980 0.000789550 0.001358750 0.001183120 0.000737170 0.000391860 0.001714410 0.000879920 0.000774330 0.001228570 0.000994300 0.001284530 0.001770470 0.000630720 0.001594920 0.001466430 0.001732150 0.002097240 0.000066130 0.001203630 0.000279920 0.000801260 
42     0.003666470 0.002159770 0.001094660 0.003061830 0.001985630 0.000830290 0.001523680 0.000000000 0.000005400 0.000052170 0.000359830 0.000461180 0.002489950 0.001530660 0.003039150 0.002375300 0.000179340 0.002192200 0.002047170 0.002193670 0.001798260 0.000917430 0.003530350 0.001630640 0.001624460 0.000895370 0.001268000 0.001945140 0.001699180 0.000976130 0.001847090 0.001619040 0.001701830 0.001401640 0.000947210 0.001575360 0.003317550 0.002388820 0.002609820 0.002871610 0.000298830 0.001718350 0.001035680 0.001213990 0.001237570 0.000741580 0.002307370 0.002380310 0.000161240 0.002082640 0.001452350 
40     0.002882460 0.000069120 0.002144590 0.001559470 0.001594210 0.001622900 0.001400670 0.000005400 0.000000000 0.000174770 0.000428270 0.000928600 0.000102120 0.002167070 0.002878470 0.002241720 0.000985320 0.001905540 0.001345450 0.001907010 0.000802700 0.000239470 0.003369670 0.001469960 0.001463780 0.000268870 0.001229420 0.000231720 0.000600740 0.000735590 0.000843030 0.001477760 0.001186480 0.000939390 0.001537020 0.001405470 0.002902300 0.002083900 0.002383620 0.002710930 0.001544340 0.002274420 0.000668440 0.002289210 0.002215730 0.001699230 0.002146690 0.000910110 0.000239780 0.002183130 0.001588960 
37     0.003664440 0.001534680 0.001516130 0.003059800 0.002814350 0.002053560 0.001831330 0.000052170 0.000174770 0.000000000 0.000859490 0.000814560 0.000203830 0.003121740 0.003037120 0.000274030 0.002071890 0.002247220 0.000381950 0.000594350 0.001796230 0.001660970 0.001370770 0.001628610 0.001622430 0.001612600 0.001962690 0.001943110 0.001697150 0.002127920 0.001268680 0.000618360 0.001066350 0.001738180 0.001695670 0.000084850 0.001907950 0.002386790 0.001354400 0.001056040 0.002558570 0.002311230 0.001668480 0.002447860 0.000976930 0.000932790 0.000758280 0.002378280 0.002332570 0.001366550 0.002794230 
49     0.001814200 0.001416320 0.001098780 0.001299930 0.001151870 0.001631550 0.000201720 0.000359830 0.000428270 0.000859490 0.000000000 0.002342970 0.002248740 0.000925910 0.002194660 0.001204010 0.001571010 0.001294310 0.001587360 0.002267250 0.000464410 0.001533860 0.000012420 0.003201890 0.003175250 0.002335920 0.002248160 0.003200160 0.001856780 0.003471550 0.000400500 0.001212560 0.001330000 0.000984790 0.000842140 0.001793220 0.000907990 0.000320940 0.000474050 0.001764410 0.001830710 0.000653640 0.000407030 0.002183070 0.000334020 0.000559830 0.001722980 0.001977210 0.000142690 0.000331370 0.003906150 
21     0.000195960 0.002281050 0.002296470 0.001307430 0.001269910 0.001327440 0.001271040 0.000461180 0.000928600 0.000814560 0.002342970 0.000000000 0.000166270 0.000467540 0.000511800 0.000330660 0.000582470 0.000778210 0.000614080 0.000637520 0.000586830 0.000202950 0.000984930 0.000549000 0.000268420 0.000755710 0.001155360 0.001823710 0.002085260 0.001368690 0.000915420 0.002220600 0.001821720 0.000310270 0.001874280 0.000832530 0.002006030 0.001708460 0.000561090 0.001414390 0.001320140 0.000279290 0.000976590 0.000802510 0.000671030 0.000672430 0.000659990 0.000732930 0.000687220 0.000696430 0.000224920 
31     0.000273670 0.000019340 0.001145720 0.001334840 0.001297320 0.002155420 0.000622000 0.002489950 0.000102120 0.000203830 0.002248740 0.000166270 0.000000000 0.000045250 0.000428150 0.000323420 0.000730830 0.000017060 0.000252560 0.000300190 0.000049860 0.001109020 0.001249070 0.001019430 0.001644810 0.000470050 0.000354640 0.001423750 0.001718590 0.000927960 0.000890870 0.000614230 0.000596520 0.001622930 0.001901690 0.000859940 0.000175300 0.001339490 0.000056940 0.001441800 0.001347550 0.000291120 0.000823720 0.000829920 0.000698440 0.000400290 0.000687400 0.000760340 0.000603680 0.000723840 0.001616960 
45     0.003005480 0.002039130 0.002688070 0.000540520 0.000503000 0.000876260 0.001592840 0.001530660 0.002167070 0.003121740 0.000925910 0.000467540 0.000045250 0.000000000 0.000027760 0.000850800 0.001149800 0.001439440 0.001275310 0.001298750 0.000815340 0.000870340 0.000906470 0.001007030 0.001009850 0.001007040 0.000025170 0.001164690 0.001502280 0.000056660 0.001675380 0.000059390 0.000816300 0.001792990 0.000452350 0.001493760 0.001227150 0.000221140 0.000458860 0.002075620 0.000955080 0.001839460 0.000679970 0.001463740 0.000952750 0.000903230 0.001321220 0.001394160 0.001348450 0.001357660 0.002465090 
33     0.003002550 0.003406200 0.000167550 0.004024520 0.003987000 0.001954460 0.002162500 0.003039150 0.002878470 0.003037120 0.002194660 0.000511800 0.000428150 0.000027760 0.000000000 0.000135650 0.001134750 0.001263290 0.000303350 0.000038860 0.000095330 0.000506070 0.000186460 0.000287020 0.000289840 0.000287030 0.000793620 0.000762390 0.001838230 0.002729260 0.001467700 0.000063900 0.000193210 0.000396290 0.000479440 0.002376390 0.002700550 0.002698150 0.003168450 0.002319460 0.002951090 0.002777240 0.001132110 0.001942020 0.003073080 0.000856210 0.001848800 0.003343000 0.001737210 0.003306500 0.003477980 
12     0.000866610 0.001883370 0.000730540 0.000448420 0.000340640 0.001903880 0.001295440 0.002375300 0.002241720 0.000274030 0.001204010 0.000330660 0.000323420 0.000850800 0.000135650 0.000000000 0.000367130 0.000705910 0.000112620 0.000320680 0.000743820 0.001201400 0.000367340 0.000224350 0.000144850 0.000229770 0.001432700 0.000287250 0.000175970 0.002455890 0.000431980 0.001476600 0.000330770 0.000327170 0.000796170 0.000461450 0.001105580 0.000307170 0.001092460 0.000556060 0.001257200 0.001118090 0.000726280 0.000742370 0.000610890 0.000612290 0.000599850 0.000672790 0.000627080 0.000636290 0.001953780 
20     0.001169890 0.001554820 0.002286650 0.001302710 0.001265190 0.000333590 0.000411240 0.000179340 0.000985320 0.002071890 0.001571010 0.000582470 0.000730830 0.001149800 0.001134750 0.000367130 0.000000000 0.000035120 0.000021650 0.000506390 0.000757440 0.000925300 0.000798820 0.001071760 0.001305480 0.000295660 0.001011510 0.001541320 0.001935620 0.001995460 0.001111950 0.001611190 0.000384870 0.001707490 0.000544320 0.000810550 0.002627370 0.001602530 0.001142780 0.001404570 0.001025480 0.000346700 0.000107900 0.000792690 0.000661210 0.000662610 0.000522800 0.000723110 0.000677400 0.000453570 0.000093790 
9     0.000896870 0.000081180 0.000023290 0.001177900 0.000757320 0.001035060 0.000879670 0.002192200 0.001905540 0.002247220 0.001294310 0.000778210 0.000017060 0.001439440 0.001263290 0.000705910 0.000035120 0.000000000 0.000017550 0.000527180 0.001190080 0.001012130 0.000784030 0.001454580 0.001417050 0.001432000 0.000165700 0.001489480 0.002000040 0.000617460 0.000584810 0.001285680 0.001273610 0.000413010 0.001939250 0.000885340 0.002318090 0.000386910 0.001217570 0.000643740 0.000041430 0.000865940 0.000404150 0.000867480 0.000736000 0.000737400 0.000270260 0.000797900 0.000277090 0.000761400 0.001235580 
27     0.001135020 0.002181890 0.001815930 0.001213370 0.001175850 0.001188080 0.001144790 0.002047170 0.001345450 0.000381950 0.001587360 0.000614080 0.000252560 0.001275310 0.000303350 0.000112620 0.000021650 0.000017550 0.000000000 0.000018540 0.000361700 0.001351160 0.000947590 0.001048150 0.000824090 0.001048160 0.001576310 0.000981280 0.001171300 0.001812650 0.001924510 0.000264710 0.000343800 0.001668690 0.000751800 0.000721210 0.002538030 0.001038890 0.001053440 0.001315230 0.001011490 0.001079070 0.000459560 0.000703350 0.000542080 0.000573270 0.000560830 0.000633770 0.000588060 0.000597270 0.000053670 
30     0.001777950 0.002205330 0.000983200 0.001236810 0.001199290 0.001126550 0.001192420 0.002193670 0.001907010 0.000594350 0.002267250 0.000637520 0.000300190 0.001298750 0.000038860 0.000320680 0.000506390 0.000527180 0.000018540 0.000000000 0.000973760 0.001325890 0.001294040 0.001387320 0.000952710 0.001452860 0.001504820 0.002075140 0.002009540 0.001809420 0.000579970 0.000428510 0.001207770 0.001424310 0.001343420 0.000529410 0.002561470 0.001268250 0.001076880 0.001338670 0.000272750 0.001102510 0.000634330 0.000726790 0.000450920 0.000596710 0.000584270 0.000657210 0.000611500 0.000620710 0.002481570 
15     0.000377280 0.000483930 0.000659300 0.002574130 0.002536610 0.001081690 0.000534170 0.001798260 0.000802700 0.001796230 0.000464410 0.000586830 0.000049860 0.000815340 0.000095330 0.000743820 0.000757440 0.001190080 0.000361700 0.000973760 0.000000000 0.000302740 0.000126210 0.000226770 0.000229590 0.000226780 0.000817330 0.000513920 0.001244830 0.000271190 0.000677760 0.001556320 0.000548450 0.001299980 0.000299350 0.000615470 0.002721380 0.001901120 0.000561440 0.001712170 0.001791300 0.000636470 0.000190110 0.001418150 0.001600600 0.000974300 0.000991540 0.001892610 0.001135310 0.000906860 0.002310010 
19     0.000387240 0.002646530 0.002907500 0.001049890 0.002401350 0.002035680 0.001036310 0.000917430 0.000239470 0.001660970 0.001533860 0.000202950 0.001109020 0.000870340 0.000506070 0.001201400 0.000925300 0.001012130 0.001351160 0.001325890 0.000302740 0.000000000 0.000620910 0.000721470 0.000724290 0.000721480 0.000376230 0.001196840 0.001285720 0.001716490 0.000852430 0.001203830 0.001093780 0.000077400 0.000012820 0.000772770 0.000519640 0.000080380 0.001835110 0.002248650 0.002154400 0.002012490 0.001810850 0.001826930 0.001483950 0.001726930 0.001684410 0.001757350 0.000282140 0.001720850 0.002098430 
41     0.002209230 0.002689150 0.000544440 0.003132400 0.003494470 0.000332690 0.000909000 0.003530350 0.003369670 0.001370770 0.000012420 0.000984930 0.001249070 0.000906470 0.000186460 0.000367340 0.000798820 0.000784030 0.000947590 0.001294040 0.000126210 0.000620910 0.000000000 0.000051560 0.000308800 0.000186050 0.000908460 0.000243530 0.002299100 0.001593920 0.001100540 0.002883940 0.000287050 0.002090700 0.000575040 0.001601780 0.002339930 0.001763550 0.002203450 0.000751050 0.000449910 0.001453950 0.001076670 0.002343540 0.001803270 0.002694360 0.001476840 0.003113930 0.000323490 0.001732200 0.004147690 
10     0.002732750 0.002534980 0.001003720 0.002616010 0.002442880 0.000447560 0.000504440 0.001630640 0.001469960 0.001628610 0.003201890 0.000549000 0.001019430 0.001007030 0.000287020 0.000224350 0.001071760 0.001454580 0.001048150 0.001387320 0.000226770 0.000721470 0.000051560 0.000000000 0.000002940 0.000000010 0.000450000 0.000165170 0.000542720 0.001168990 0.001022180 0.000501890 0.000208690 0.001490470 0.000766750 0.002136010 0.001485180 0.001632520 0.001250660 0.000410590 0.001221870 0.000411130 0.001645600 0.000844710 0.000862280 0.000835330 0.001136640 0.001077390 0.001369500 0.000442910 0.003263290 
14     0.002768450 0.000839820 0.000620630 0.000142120 0.000463420 0.001250700 0.001827010 0.001624460 0.001463780 0.001622430 0.003175250 0.000268420 0.001644810 0.001009850 0.000289840 0.000144850 0.001305480 0.001417050 0.000824090 0.000952710 0.000229590 0.000724290 0.000308800 0.000002940 0.000000000 0.000002950 0.000289560 0.000481430 0.000536000 0.000775480 0.001395090 0.000973640 0.001363320 0.000051050 0.001245700 0.002129830 0.001368890 0.001538620 0.002157820 0.001324500 0.002260270 0.002183450 0.000469790 0.001997890 0.000908130 0.001293980 0.001808230 0.001606350 0.001324570 0.001377750 0.002629550 
38     0.002162240 0.000588430 0.000526260 0.001728590 0.001776200 0.001461750 0.001206810 0.000895370 0.000268870 0.001612600 0.002335920 0.000755710 0.000470050 0.001007040 0.000287030 0.000229770 0.000295660 0.001432000 0.001048160 0.001452860 0.000226780 0.000721480 0.000186050 0.000000010 0.000002950 0.000000000 0.000873490 0.000092200 0.000526170 0.000858310 0.000962970 0.001338370 0.000149480 0.001266330 0.000707540 0.000985340 0.000747700 0.001647530 0.002147990 0.001062830 0.000887960 0.002173620 0.000549360 0.001988060 0.001136680 0.001522530 0.001845540 0.000498300 0.001323270 0.001606300 0.003073420 
32     0.000514540 0.000322180 0.001378110 0.000449600 0.000894960 0.000849680 0.002271920 0.001268000 0.001229420 0.001962690 0.002248160 0.001155360 0.000354640 0.000025170 0.000793620 0.001432700 0.001011510 0.000165700 0.001576310 0.001504820 0.000817330 0.000376230 0.000908460 0.000450000 0.000289560 0.000873490 0.000000000 0.001195400 0.000958040 0.000446490 0.001301790 0.000826710 0.001753220 0.000509410 0.001585960 0.000807890 0.003205810 0.001578150 0.001916220 0.002280280 0.000376960 0.000913230 0.000829820 0.000871770 0.001058580 0.001299660 0.001244680 0.001012210 0.000885380 0.001820020 0.003294310 
23     0.000624400 0.000458790 0.001001990 0.001786970 0.002060580 0.002697500 0.001264290 0.001945140 0.000231720 0.001943110 0.003200160 0.001823710 0.001423750 0.001164690 0.000762390 0.000287250 0.001541320 0.001489480 0.000981280 0.002075140 0.000513920 0.001196840 0.000243530 0.000165170 0.000481430 0.000092200 0.001195400 0.000000000 0.000938460 0.001074570 0.001020450 0.001703200 0.000206960 0.000706470 0.000683500 0.000767320 0.002618760 0.001365580 0.002478500 0.002740290 0.001866360 0.001413030 0.000699890 0.002022590 0.000999260 0.000557890 0.001212530 0.002033010 0.000847650 0.001116050 0.001322030 
36     0.001956100 0.000323880 0.001513550 0.002684550 0.002647030 0.003073740 0.000706380 0.001699180 0.000600740 0.001697150 0.001856780 0.002085260 0.001718590 0.001502280 0.001838230 0.000175970 0.001935620 0.002000040 0.001171300 0.002009540 0.001244830 0.001285720 0.002299100 0.000542720 0.000536000 0.000526170 0.000958040 0.000938460 0.000000000 0.000080330 0.001469810 0.001457240 0.001280100 0.001102470 0.001320420 0.001955390 0.001508360 0.000494560 0.001026140 0.001999060 0.002169580 0.002258170 0.001712950 0.001228840 0.001057790 0.002000530 0.001541490 0.002003030 0.001957320 0.001966530 0.002087590 
11     0.000122270 0.001369020 0.001717460 0.002784340 0.002697310 0.001001680 0.000103980 0.000976130 0.000735590 0.002127920 0.003471550 0.001368690 0.000927960 0.000056660 0.002729260 0.002455890 0.001995460 0.000617460 0.001812650 0.001809420 0.000271190 0.001716490 0.001593920 0.001168990 0.000775480 0.000858310 0.000446490 0.001074570 0.000080330 0.000000000 0.001751610 0.001888010 0.001951400 0.000485660 0.000201280 0.000611680 0.002847960 0.002442310 0.000762610 0.001641900 0.001392160 0.000428520 0.000259450 0.001028930 0.001403120 0.000714510 0.000235090 0.000923020 0.002388090 0.001690660 0.000350740 
50     0.002716970 0.001625530 0.000018460 0.001646280 0.001225700 0.000808400 0.000789550 0.001847090 0.000843030 0.001268680 0.000400500 0.000915420 0.000890870 0.001675380 0.001467700 0.000431980 0.001111950 0.000584810 0.001924510 0.000579970 0.000677760 0.000852430 0.001100540 0.001022180 0.001395090 0.000962970 0.001301790 0.001020450 0.001469810 0.001751610 0.000000000 0.001605150 0.001063970 0.001291670 0.000433750 0.001893400 0.000680590 0.000678190 0.000125910 0.002432740 0.000781440 0.000263340 0.000011710 0.001805380 0.000399760 0.000625570 0.001868500 0.001576290 0.001464300 0.000397110 0.001262840 
25     0.003424530 0.002068440 0.001034590 0.000293970 0.000581750 0.001233000 0.001358750 0.001619040 0.001477760 0.000618360 0.001212560 0.002220600 0.000614230 0.000059390 0.000063900 0.001476600 0.001611190 0.001285680 0.000264710 0.000428510 0.001556320 0.001203830 0.002883940 0.000501890 0.000973640 0.001338370 0.000826710 0.001703200 0.001457240 0.001888010 0.001605150 0.000000000 0.000010500 0.000117070 0.000390270 0.000341010 0.001591550 0.002146880 0.002367880 0.001737920 0.000954290 0.001683830 0.000580550 0.000923810 0.000621580 0.001571480 0.000606340 0.002138370 0.000529220 0.000748220 0.002221140 
35     0.001982670 0.002013520 0.000442830 0.001082260 0.001370040 0.001350290 0.001183120 0.001701830 0.001186480 0.001066350 0.001330000 0.001821720 0.000596520 0.000816300 0.000193210 0.000330770 0.000384870 0.001273610 0.000343800 0.001207770 0.000548450 0.001093780 0.000287050 0.000208690 0.001363320 0.000149480 0.001753220 0.000206960 0.001280100 0.001951400 0.001063970 0.000010500 0.000000000 0.000090580 0.000429090 0.000380120 0.001536390 0.002210270 0.001232090 0.001421370 0.000681570 0.001467880 0.000120360 0.001719350 0.002197860 0.002199260 0.000642170 0.002201760 0.000253700 0.000754710 0.002967840 
34     0.002284710 0.001078470 0.000930200 0.001973760 0.001629420 0.000336810 0.000737170 0.001401640 0.000939390 0.001738180 0.000984790 0.000310270 0.001622930 0.001792990 0.000396290 0.000327170 0.001707490 0.000413010 0.001668690 0.001424310 0.001299980 0.000077400 0.002090700 0.001490470 0.000051050 0.001266330 0.000509410 0.000706470 0.001102470 0.000485660 0.001291670 0.000117070 0.000090580 0.000000000 0.000543750 0.000575310 0.000635900 0.000633500 0.001365220 0.001053470 0.000578660 0.001087040 0.000858520 0.002309720 0.001518330 0.000141370 0.001640370 0.002240140 0.001424000 0.000601250 0.000963260 
22     0.000808240 0.000499630 0.000137400 0.002012050 0.001721430 0.000401410 0.000391860 0.000947210 0.001537020 0.001695670 0.000842140 0.001874280 0.001901690 0.000452350 0.000479440 0.000796170 0.000544320 0.001939250 0.000751800 0.001343420 0.000299350 0.000012820 0.000575040 0.000766750 0.001245700 0.000707540 0.001585960 0.000683500 0.001320420 0.000201280 0.000433750 0.000390270 0.000429090 0.000543750 0.000000000 0.000913790 0.000013060 0.000010660 0.000742380 0.001519210 0.001389780 0.000921970 0.000293380 0.001189280 0.000895490 0.000508350 0.001719110 0.000354700 0.000067840 0.000364540 0.002535340 
48     0.002463540 0.000916810 0.001665560 0.001053150 0.000821070 0.001689070 0.001714410 0.001575360 0.001405470 0.000084850 0.001793220 0.000832530 0.000859940 0.001493760 0.002376390 0.000461450 0.000810550 0.000885340 0.000721210 0.000529410 0.000615470 0.000772770 0.001601780 0.002136010 0.002129830 0.000985340 0.000807890 0.000767320 0.001955390 0.000611680 0.001893400 0.000341010 0.000380120 0.000575310 0.000913790 0.000000000 0.002120320 0.001827750 0.001271890 0.001533680 0.000701950 0.001297520 0.001095880 0.000921800 0.000790320 0.000791720 0.000779280 0.000852220 0.000806510 0.000815720 0.003139410 
47     0.000256570 0.001055260 0.000057150 0.002153770 0.001733190 0.000611280 0.000879920 0.003317550 0.002902300 0.001907950 0.000907990 0.002006030 0.000175300 0.001227150 0.002700550 0.001105580 0.002627370 0.002318090 0.002538030 0.002561470 0.002721380 0.000519640 0.002339930 0.001485180 0.001368890 0.000747700 0.003205810 0.002618760 0.001508360 0.002847960 0.000680590 0.001591550 0.001536390 0.000635900 0.000013060 0.002120320 0.000000000 0.000022300 0.000754140 0.001324450 0.001366330 0.000789710 0.000365440 0.002624540 0.000907250 0.000107440 0.000920410 0.002267910 0.000249330 0.000904600 0.002797170 
8     0.002912390 0.000732460 0.001888170 0.001141050 0.000649950 0.000817620 0.000774330 0.002388820 0.002083900 0.002386790 0.000320940 0.001708460 0.001339490 0.000221140 0.002698150 0.000307170 0.001602530 0.000386910 0.001038890 0.001268250 0.001901120 0.000080380 0.001763550 0.001632520 0.001538620 0.001647530 0.001578150 0.001365580 0.000494560 0.002442310 0.000678190 0.002146880 0.002210270 0.000633500 0.000010660 0.001827750 0.000022300 0.000000000 0.000751740 0.002117530 0.002023280 0.000931330 0.000684720 0.001695810 0.000904850 0.001122290 0.001024150 0.001626230 0.001580520 0.000279050 0.000885330 
39     0.002491530 0.001926530 0.000813390 0.000985330 0.001299250 0.000409310 0.001228570 0.002609820 0.002383620 0.001354400 0.000474050 0.000561090 0.000056940 0.000458860 0.003168450 0.001092460 0.001142780 0.001217570 0.001053440 0.001076880 0.000561440 0.001835110 0.002203450 0.001250660 0.002157820 0.002147990 0.001916220 0.002478500 0.001026140 0.000762610 0.000125910 0.002367880 0.001232090 0.001365220 0.000742380 0.001271890 0.000754140 0.000751740 0.000000000 0.000046510 0.000103660 0.000379050 0.000106340 0.001139950 0.000292980 0.000699120 0.000960070 0.000061920 0.000741010 0.000470660 0.000588760 
28     0.000366630 0.002185590 0.002125520 0.000778620 0.001558310 0.000805500 0.000994300 0.002871610 0.002710930 0.001056040 0.001764410 0.001414390 0.001441800 0.002075620 0.002319460 0.000556060 0.001404570 0.000643740 0.001315230 0.001338670 0.001712170 0.002248650 0.000751050 0.000410590 0.001324500 0.001062830 0.002280280 0.002740290 0.001999060 0.001641900 0.002432740 0.001737920 0.001421370 0.001053470 0.001519210 0.001533680 0.001324450 0.002117530 0.000046510 0.000000000 0.000817960 0.000996190 0.000287400 0.001401740 0.001328260 0.001329660 0.001259220 0.001332160 0.000314550 0.001295660 0.003177960 
24     0.002659070 0.000083810 0.000025920 0.000178180 0.000759950 0.002174880 0.001284530 0.000298830 0.001544340 0.002558570 0.001830710 0.001320140 0.001347550 0.000955080 0.002951090 0.001257200 0.001025480 0.000041430 0.001011490 0.000272750 0.001791300 0.002154400 0.000449910 0.001221870 0.002260270 0.000887960 0.000376960 0.001866360 0.002169580 0.001392160 0.000781440 0.000954290 0.000681570 0.000578660 0.001389780 0.000701950 0.001366330 0.002023280 0.000103660 0.000817960 0.000000000 0.000156850 0.000700250 0.000893620 0.000153200 0.000628920 0.001164970 0.000885930 0.000427440 0.001201410 0.002988850 
18     0.000527370 0.000952110 0.001060560 0.001145600 0.001211790 0.001618160 0.001770470 0.001718350 0.002274420 0.002311230 0.000653640 0.000279290 0.000291120 0.001839460 0.002777240 0.001118090 0.000346700 0.000865940 0.001079070 0.001102510 0.000636470 0.002012490 0.001453950 0.000411130 0.002183450 0.002173620 0.000913230 0.001413030 0.002258170 0.000428520 0.000263340 0.001683830 0.001467880 0.001087040 0.000921970 0.001297520 0.000789710 0.000931330 0.000379050 0.000996190 0.000156850 0.000000000 0.000192100 0.001165580 0.000652900 0.000878710 0.001023060 0.000626240 0.000488990 0.000650250 0.001004900 
13     0.001369180 0.001859510 0.000721180 0.000711250 0.001232230 0.001384710 0.000630720 0.001035680 0.000668440 0.001668480 0.000407030 0.000976590 0.000823720 0.000679970 0.001132110 0.000726280 0.000107900 0.000404150 0.000459560 0.000634330 0.000190110 0.001810850 0.001076670 0.001645600 0.000469790 0.000549360 0.000829820 0.000699890 0.001712950 0.000259450 0.000011710 0.000580550 0.000120360 0.000858520 0.000293380 0.001095880 0.000365440 0.000684720 0.000106340 0.000287400 0.000700250 0.000192100 0.000000000 0.000474270 0.000406290 0.000218220 0.000821420 0.000894360 0.000387750 0.000403640 0.002081370 
29     0.001669790 0.001229120 0.001684580 0.001401800 0.001167400 0.001704890 0.001594920 0.001213990 0.002289210 0.002447860 0.002183070 0.000802510 0.000829920 0.001463740 0.001942020 0.000742370 0.000792690 0.000867480 0.000703350 0.000726790 0.001418150 0.001826930 0.002343540 0.000844710 0.001997890 0.001988060 0.000871770 0.002022590 0.001228840 0.001028930 0.001805380 0.000923810 0.001719350 0.002309720 0.001189280 0.000921800 0.002624540 0.001695810 0.001139950 0.001401740 0.000893620 0.001165580 0.000474270 0.000000000 0.000570200 0.000306590 0.000609080 0.000682020 0.000636310 0.000404110 0.001835710 
43     0.000877690 0.000471870 0.000928310 0.001161400 0.000786020 0.000080790 0.001466430 0.001237570 0.002215730 0.000976930 0.000334020 0.000671030 0.000698440 0.000952750 0.003073080 0.000610890 0.000661210 0.000736000 0.000542080 0.000450920 0.001600600 0.001483950 0.001803270 0.000862280 0.000908130 0.001136680 0.001058580 0.000999260 0.001057790 0.001403120 0.000399760 0.000621580 0.002197860 0.001518330 0.000895490 0.000790320 0.000907250 0.000904850 0.000292980 0.001328260 0.000153200 0.000652900 0.000406290 0.000570200 0.000000000 0.000020840 0.000370990 0.000646800 0.000048670 0.000004250 0.002182410 
17     0.001366930 0.000737090 0.001337960 0.000398490 0.000308740 0.002044070 0.001732150 0.000741580 0.001699230 0.000932790 0.000559830 0.000672430 0.000400290 0.000903230 0.000856210 0.000612290 0.000662610 0.000737400 0.000573270 0.000596710 0.000974300 0.001726930 0.002694360 0.000835330 0.001293980 0.001522530 0.001299660 0.000557890 0.002000530 0.000714510 0.000625570 0.001571480 0.002199260 0.000141370 0.000508350 0.000791720 0.000107440 0.001122290 0.000699120 0.001329660 0.000628920 0.000878710 0.000218220 0.000306590 0.000020840 0.000000000 0.000000400 0.000648200 0.000035530 0.000231600 0.002187170 
44     0.001693740 0.001619520 0.001210220 0.001259280 0.001221760 0.001778930 0.002097240 0.002307370 0.002146690 0.000758280 0.001722980 0.000659990 0.000687400 0.001321220 0.001848800 0.000599850 0.000522800 0.000270260 0.000560830 0.000584270 0.000991540 0.001684410 0.001476840 0.001136640 0.001808230 0.001845540 0.001244680 0.001212530 0.001541490 0.000235090 0.001868500 0.000606340 0.000642170 0.001640370 0.001719110 0.000779280 0.000920410 0.001024150 0.000960070 0.001259220 0.001164970 0.001023060 0.000821420 0.000609080 0.000370990 0.000000400 0.000000000 0.000356900 0.000027020 0.000483740 0.002591940 
46     0.002262020 0.001853780 0.000067370 0.000097620 0.000098340 0.001588600 0.000066130 0.002380310 0.000910110 0.002378280 0.001977210 0.000732930 0.000760340 0.001394160 0.003343000 0.000672790 0.000723110 0.000797900 0.000633770 0.000657210 0.001892610 0.001757350 0.003113930 0.001077390 0.001606350 0.000498300 0.001012210 0.002033010 0.002003030 0.000923020 0.001576290 0.002138370 0.002201760 0.002240140 0.000354700 0.000852220 0.002267910 0.001626230 0.000061920 0.001332160 0.000885930 0.000626240 0.000894360 0.000682020 0.000646800 0.000648200 0.000356900 0.000000000 0.000302900 0.000556680 0.002359820 
26     0.000881340 0.001145270 0.000420580 0.000437780 0.001248990 0.001797070 0.001203630 0.000161240 0.000239780 0.002332570 0.000142690 0.000687220 0.000603680 0.001348450 0.001737210 0.000627080 0.000677400 0.000277090 0.000588060 0.000611500 0.001135310 0.000282140 0.000323490 0.001369500 0.001324570 0.001323270 0.000885380 0.000847650 0.001957320 0.002388090 0.001464300 0.000529220 0.000253700 0.001424000 0.000067840 0.000806510 0.000249330 0.001580520 0.000741010 0.000314550 0.000427440 0.000488990 0.000387750 0.000636310 0.000048670 0.000035530 0.000027020 0.000302900 0.000000000 0.000170290 0.001106790 
16     0.000505050 0.000283660 0.001807000 0.001295720 0.001239790 0.000592600 0.000279920 0.002082640 0.002183130 0.001366550 0.000331370 0.000696430 0.000723840 0.001357660 0.003306500 0.000636290 0.000453570 0.000761400 0.000597270 0.000620710 0.000906860 0.001720850 0.001732200 0.000442910 0.001377750 0.001606300 0.001820020 0.001116050 0.001966530 0.001690660 0.000397110 0.000748220 0.000754710 0.000601250 0.000364540 0.000815720 0.000904600 0.000279050 0.000470660 0.001295660 0.001201410 0.000650250 0.000403640 0.000404110 0.000004250 0.000231600 0.000483740 0.000556680 0.000170290 0.000000000 0.001573250 
0     0.001519300 0.000388970 0.001177660 0.003818430 0.000782840 0.000522130 0.000801260 0.001452350 0.001588960 0.002794230 0.003906150 0.000224920 0.001616960 0.002465090 0.003477980 0.001953780 0.000093790 0.001235580 0.000053670 0.002481570 0.002310010 0.002098430 0.004147690 0.003263290 0.002629550 0.003073420 0.003294310 0.001322030 0.002087590 0.000350740 0.001262840 0.002221140 0.002967840 0.000963260 0.002535340 0.003139410 0.002797170 0.000885330 0.000588760 0.003177960 0.002988850 0.001004900 0.002081370 0.001835710 0.002182410 0.002187170 0.002591940 0.002359820 0.001106790 0.001573250 0.000000000 
