51
2     0.000000000 0.037005365 0.036738343 0.047565159 0.047611809 0.045606997 0.045375489 0.062052012 0.060519735 0.062175659 0.060729265 0.058843541 0.057700317 0.060640893 0.071077042 0.057549269 0.058609254 0.058876172 0.058659141 0.058590237 0.056875877 0.057256793 0.067347326 0.059180899 0.059309938 0.059333762 0.059466451 0.066467164 0.063464084 0.062206895 0.062771213 0.062376949 0.062643279 0.062295218 0.052350690 0.061772169 0.059399222 0.056779284 0.052251956 0.058215492 0.054059674 0.053186750 0.047853833 0.054404751 0.049319379 0.050230998 0.052478681 0.052777298 0.048810750 0.048315185 0.085799187 
4     0.037005365 0.000000000 0.018099730 0.041660485 0.041691217 0.039516073 0.039064226 0.056689515 0.055151167 0.056776146 0.055973533 0.053209510 0.052093172 0.055835402 0.066127770 0.052536083 0.053769043 0.054035592 0.052992598 0.053282064 0.051792379 0.052372678 0.061937949 0.054042189 0.054260629 0.054226380 0.053993696 0.061161356 0.057900466 0.056714156 0.057892245 0.057937755 0.058199554 0.057622206 0.048552410 0.057801083 0.055459525 0.052834523 0.047710735 0.053870062 0.049653432 0.048316169 0.043118694 0.048686618 0.043684749 0.044593555 0.047020945 0.047421811 0.043371346 0.042625936 0.080487554 
5     0.036738343 0.018099730 0.000000000 0.041576062 0.041595101 0.039668418 0.039164528 0.056673239 0.055226882 0.056546456 0.055783279 0.053246774 0.052144018 0.055911639 0.066356608 0.051951450 0.053487718 0.054378590 0.052767517 0.052977866 0.051978290 0.051910127 0.062296576 0.054150989 0.054365714 0.054358701 0.054510765 0.061260179 0.058016180 0.056841835 0.058470054 0.057606958 0.057850795 0.057591965 0.048441428 0.057453369 0.055237080 0.052349067 0.047408150 0.053623533 0.049302959 0.048596795 0.043603297 0.049192890 0.044368004 0.044953888 0.047334987 0.047763079 0.043589176 0.043080402 0.079977569 
6     0.047565159 0.041660485 0.041576062 0.000000000 0.005476998 0.024748375 0.024176454 0.057191480 0.055799858 0.057009678 0.055760785 0.053954757 0.053293705 0.056609428 0.066942431 0.053475749 0.054814327 0.055520730 0.053996668 0.054613510 0.052457916 0.053662199 0.062968873 0.055118258 0.055223461 0.055216337 0.055519398 0.061816513 0.059341218 0.057888128 0.058706725 0.057843312 0.058111136 0.057651041 0.049010627 0.058250651 0.056355215 0.053307045 0.047489248 0.053644985 0.049562976 0.048803943 0.043139157 0.048988398 0.044207191 0.045267103 0.047857408 0.047770068 0.043562200 0.042924166 0.079072173 
7     0.047611809 0.041691217 0.041595101 0.005476998 0.000000000 0.024771502 0.024193240 0.057234501 0.055842880 0.057059467 0.055852340 0.054047115 0.053384921 0.056678239 0.067014826 0.053541701 0.054864523 0.055600855 0.054029031 0.054651184 0.052638677 0.053776648 0.063058828 0.055215942 0.055299304 0.055292180 0.055583136 0.061939880 0.059411346 0.057958523 0.058778970 0.057939630 0.058207454 0.057792238 0.049051625 0.058310659 0.056413125 0.053356828 0.047582071 0.053724384 0.049659690 0.048875241 0.043201243 0.049137039 0.044361964 0.045378255 0.047979266 0.047915583 0.043696912 0.043095378 0.079323759 
1     0.045606997 0.039516073 0.039668418 0.024748375 0.024771502 0.000000000 0.007036644 0.054670737 0.053371723 0.054756104 0.053433250 0.051439155 0.050686295 0.054262794 0.064454491 0.051060562 0.052020164 0.052926642 0.051300320 0.051935144 0.050241709 0.051207127 0.060231508 0.052506970 0.052616991 0.052687045 0.053388768 0.059312455 0.056665314 0.055283801 0.056656331 0.055311558 0.055573357 0.055159744 0.046460037 0.055201988 0.053572844 0.050550095 0.045072432 0.051323480 0.047004216 0.046077118 0.040730741 0.046978300 0.042520360 0.043453562 0.045989102 0.046176083 0.041863006 0.041216440 0.076880388 
3     0.045375489 0.039064226 0.039164528 0.024176454 0.024193240 0.007036644 0.000000000 0.054390464 0.053243563 0.054564757 0.053582616 0.051251003 0.050498579 0.054039166 0.064444017 0.050939717 0.051918138 0.052694338 0.051348628 0.051993259 0.049983893 0.050912779 0.059858640 0.052344845 0.052289624 0.052365852 0.053120556 0.058858820 0.056511783 0.055147358 0.056418751 0.054940085 0.055201884 0.054843582 0.046216826 0.055319599 0.053614031 0.050604504 0.045087912 0.051294664 0.047166923 0.046309291 0.040676716 0.046798012 0.042373959 0.043272930 0.045877611 0.045903555 0.041557081 0.040857345 0.076962819 
42     0.062052012 0.056689515 0.056673239 0.057191480 0.057234501 0.054670737 0.054390464 0.000000000 0.011701339 0.019425361 0.044063275 0.057808042 0.057118692 0.060243071 0.070461148 0.056712005 0.057829139 0.058601965 0.057892460 0.057543070 0.056759628 0.057217310 0.065623192 0.058352977 0.058410729 0.058484732 0.059118642 0.065204876 0.062581129 0.060926569 0.061869261 0.061480733 0.061769203 0.061246841 0.053284074 0.062004195 0.059069061 0.056354778 0.050689331 0.056650578 0.052604016 0.052309239 0.047310579 0.053375238 0.047908438 0.048413208 0.050887698 0.051374686 0.046858291 0.047468806 0.087163864 
40     0.060519735 0.055151167 0.055226882 0.055799858 0.055842880 0.053371723 0.053243563 0.011701339 0.000000000 0.018142229 0.042879178 0.056543649 0.055797525 0.059125935 0.069318819 0.055705372 0.056509224 0.057264017 0.056523578 0.056221309 0.055320626 0.055812999 0.064491949 0.057051158 0.057134086 0.057223724 0.057788898 0.064022048 0.061230366 0.059527375 0.060490461 0.060231045 0.060518124 0.060071171 0.051982807 0.060740736 0.057649430 0.054795718 0.049016093 0.055222322 0.050883083 0.050590423 0.045609868 0.051893244 0.046301753 0.046817168 0.049216749 0.049805755 0.045309517 0.046049632 0.085733715 
37     0.062175659 0.056776146 0.056546456 0.057009678 0.057059467 0.054756104 0.054564757 0.019425361 0.018142229 0.000000000 0.043768599 0.057774447 0.057041987 0.060404393 0.070583968 0.056929758 0.058301849 0.058735263 0.058195041 0.058018461 0.056798755 0.057099606 0.066203329 0.058606917 0.058805122 0.058897776 0.059375524 0.065432066 0.062839554 0.061218829 0.061900837 0.061649838 0.061879906 0.061308883 0.052902161 0.061951232 0.058877764 0.056054737 0.050656284 0.056685942 0.052648793 0.052286902 0.047309775 0.053495929 0.047857769 0.048575238 0.050837825 0.051444342 0.046953588 0.047306954 0.087669997 
49     0.060729265 0.055973533 0.055783279 0.055760785 0.055852340 0.053433250 0.053582616 0.044063275 0.042879178 0.043768599 0.000000000 0.057532486 0.056710136 0.059955561 0.069841370 0.055836349 0.057670384 0.058137448 0.057350493 0.057057496 0.056170405 0.056535520 0.064652769 0.057110335 0.057324317 0.057332877 0.058478448 0.064342452 0.061932965 0.060394657 0.061323352 0.060573116 0.060670295 0.060165169 0.051834946 0.060794883 0.057753192 0.054680056 0.050129291 0.056207611 0.051912723 0.051522703 0.046088474 0.052853131 0.047232661 0.048056982 0.050409992 0.051079089 0.046643562 0.046687999 0.087894036 
21     0.058843541 0.053209510 0.053246774 0.053954757 0.054047115 0.051439155 0.051251003 0.057808042 0.056543649 0.057774447 0.057532486 0.000000000 0.010579754 0.028213423 0.040154719 0.026580033 0.029473990 0.031110079 0.029017942 0.029509303 0.032537840 0.033058884 0.042582120 0.034413261 0.033937153 0.034180905 0.035352635 0.041941751 0.038168636 0.037019107 0.046402536 0.046585827 0.046666767 0.046787975 0.037933582 0.046835648 0.050335249 0.046845848 0.048455977 0.054796653 0.050071308 0.048188988 0.044313885 0.049575530 0.044918084 0.045003556 0.047945387 0.048508880 0.043369285 0.043546509 0.084694839 
31     0.057700317 0.052093172 0.052144018 0.053293705 0.053384921 0.050686295 0.050498579 0.057118692 0.055797525 0.057041987 0.056710136 0.010579754 0.000000000 0.026994874 0.039359628 0.025595981 0.028445248 0.030217431 0.028417262 0.028852759 0.031884208 0.032009137 0.041838872 0.033525019 0.033028015 0.033395705 0.034756946 0.041083100 0.037842691 0.036636243 0.045749308 0.046228007 0.046303982 0.046288124 0.037275472 0.046185781 0.049527584 0.046152615 0.047680210 0.053899639 0.049407309 0.047344311 0.043557273 0.048799552 0.044026969 0.044283489 0.047299104 0.048073476 0.042835895 0.042816741 0.084175921 
45     0.060640893 0.055835402 0.055911639 0.056609428 0.056678239 0.054262794 0.054039166 0.060243071 0.059125935 0.060404393 0.059955561 0.028213423 0.026994874 0.000000000 0.042449974 0.028661362 0.031670387 0.033367857 0.031949750 0.032221489 0.034463183 0.035388056 0.044176138 0.035515681 0.035067588 0.035441119 0.037379758 0.043465543 0.039786118 0.038444028 0.048275147 0.048828149 0.048919420 0.048640101 0.040137613 0.048686919 0.051696589 0.047997935 0.050743539 0.056791762 0.052383485 0.050610235 0.046436545 0.051892271 0.047405011 0.047506510 0.050382861 0.051112337 0.045942201 0.046026737 0.087228385 
33     0.071077042 0.066127770 0.066356608 0.066942431 0.067014826 0.064454491 0.064444017 0.070461148 0.069318819 0.070583968 0.069841370 0.040154719 0.039359628 0.042449974 0.000000000 0.037809812 0.041668807 0.043222065 0.041854756 0.042032255 0.044756701 0.045508320 0.054569783 0.046397507 0.046033551 0.045934206 0.047626500 0.054156879 0.050640918 0.049652029 0.058408127 0.059089566 0.059166011 0.058463130 0.049875304 0.058989503 0.061632544 0.058553216 0.060659226 0.066850213 0.061980318 0.060279683 0.056829683 0.061756573 0.057081109 0.057220188 0.060068449 0.060955135 0.055883331 0.055750243 0.097628703 
12     0.057549269 0.052536083 0.051951450 0.053475749 0.053541701 0.051060562 0.050939717 0.056712005 0.055705372 0.056929758 0.055836349 0.026580033 0.025595981 0.028661362 0.037809812 0.000000000 0.027749792 0.029535218 0.027266155 0.027581951 0.030903199 0.031353447 0.041124849 0.033089330 0.032607861 0.032625757 0.034011514 0.040700548 0.036742849 0.035638956 0.045259805 0.045401755 0.045496211 0.045261334 0.036987293 0.045839313 0.048092995 0.045070852 0.046965420 0.053134766 0.048416881 0.046832269 0.042983326 0.048320758 0.043413691 0.043508206 0.046362432 0.047161357 0.042232610 0.042217532 0.083251974 
20     0.058609254 0.053769043 0.053487718 0.054814327 0.054864523 0.052020164 0.051918138 0.057829139 0.056509224 0.058301849 0.057670384 0.029473990 0.028445248 0.031670387 0.041668807 0.027749792 0.000000000 0.021534529 0.019698788 0.020542801 0.031880066 0.031625624 0.041977927 0.033363346 0.033487054 0.033449616 0.035014085 0.041280725 0.037438998 0.036368089 0.046078414 0.046723816 0.046808241 0.046499560 0.037755641 0.046442057 0.049389456 0.045926554 0.048010798 0.054074412 0.049464795 0.047627209 0.043907042 0.048822026 0.044556228 0.044525016 0.047376681 0.048143143 0.043098820 0.043405049 0.084216901 
9     0.058876172 0.054035592 0.054378590 0.055520730 0.055600855 0.052926642 0.052694338 0.058601965 0.057264017 0.058735263 0.058137448 0.031110079 0.030217431 0.033367857 0.043222065 0.029535218 0.021534529 0.000000000 0.018279639 0.018945959 0.032945337 0.033061205 0.042749635 0.034618218 0.034500482 0.034589211 0.035754226 0.042089553 0.038414553 0.037276219 0.046326511 0.047291715 0.047338990 0.046737726 0.037745552 0.046947661 0.049427808 0.046274725 0.048124507 0.054486975 0.049542599 0.048011103 0.044111003 0.049125275 0.044502474 0.044787731 0.047199736 0.047973680 0.043182196 0.043395214 0.085076759 
27     0.058659141 0.052992598 0.052767517 0.053996668 0.054029031 0.051300320 0.051348628 0.057892460 0.056523578 0.058195041 0.057350493 0.029017942 0.028417262 0.031949750 0.041854756 0.027266155 0.019698788 0.018279639 0.000000000 0.011350739 0.031583270 0.031664194 0.041543891 0.033576545 0.033394451 0.033464883 0.034913087 0.040900215 0.037174130 0.035855071 0.045977332 0.046422667 0.046528136 0.046277761 0.037348901 0.046277876 0.049197384 0.045792182 0.047621156 0.054059619 0.049111012 0.047407845 0.043929006 0.049562726 0.044560348 0.044618372 0.047309004 0.048108177 0.043014012 0.043048661 0.083651481 
30     0.058590237 0.053282064 0.052977866 0.054613510 0.054651184 0.051935144 0.051993259 0.057543070 0.056221309 0.058018461 0.057057496 0.029509303 0.028852759 0.032221489 0.042032255 0.027581951 0.020542801 0.018945959 0.011350739 0.000000000 0.031697154 0.031955531 0.042003310 0.033883106 0.033762264 0.033827581 0.035140026 0.041400621 0.037549749 0.036273967 0.046033208 0.046293971 0.046398150 0.046055313 0.037011957 0.045866487 0.049047587 0.045663663 0.047889863 0.054561092 0.049386991 0.047673654 0.043878790 0.048972660 0.044454096 0.044487352 0.047239423 0.047962533 0.042832284 0.042964137 0.084394583 
15     0.056875877 0.051792379 0.051978290 0.052457916 0.052638677 0.050241709 0.049983893 0.056759628 0.055320626 0.056798755 0.056170405 0.032537840 0.031884208 0.034463183 0.044756701 0.030903199 0.031880066 0.032945337 0.031583270 0.031697154 0.000000000 0.021841894 0.040474923 0.032481100 0.031986039 0.032232090 0.033865986 0.039844241 0.035753052 0.034486264 0.045266442 0.044843873 0.044937233 0.044718426 0.036005187 0.044789875 0.048314413 0.045018213 0.046354217 0.052513725 0.048086812 0.046352336 0.042032833 0.048052367 0.043510558 0.043717821 0.046241611 0.046710344 0.041972990 0.042153252 0.083210147 
19     0.057256793 0.052372678 0.051910127 0.053662199 0.053776648 0.051207127 0.050912779 0.057217310 0.055812999 0.057099606 0.056535520 0.033058884 0.032009137 0.035388056 0.045508320 0.031353447 0.031625624 0.033061205 0.031664194 0.031955531 0.021841894 0.000000000 0.041247969 0.032767830 0.032171562 0.032618624 0.034616476 0.040215930 0.036188484 0.034845086 0.045530589 0.045024815 0.045174022 0.045112168 0.035761021 0.044892374 0.048485898 0.045124746 0.047249595 0.053082485 0.049067584 0.047363686 0.043054475 0.048623860 0.043635413 0.044225237 0.046474342 0.047521199 0.042362737 0.042533866 0.082960621 
41     0.067347326 0.061937949 0.062296576 0.062968873 0.063058828 0.060231508 0.059858640 0.065623192 0.064491949 0.066203329 0.064652769 0.042582120 0.041838872 0.044176138 0.054569783 0.041124849 0.041977927 0.042749635 0.041543891 0.042003310 0.040474923 0.041247969 0.000000000 0.029689829 0.029209119 0.030109318 0.035184475 0.042514616 0.039402998 0.037951453 0.054997161 0.055071420 0.055160450 0.055007474 0.046761718 0.055119213 0.057946776 0.054512958 0.056127837 0.062347799 0.057977735 0.056339703 0.052710778 0.058164035 0.053116829 0.053352551 0.056124195 0.056810360 0.051354609 0.051945786 0.093084346 
10     0.059180899 0.054042189 0.054150989 0.055118258 0.055215942 0.052506970 0.052344845 0.058352977 0.057051158 0.058606917 0.057110335 0.034413261 0.033525019 0.035515681 0.046397507 0.033089330 0.033363346 0.034618218 0.033576545 0.033883106 0.032481100 0.032767830 0.029689829 0.000000000 0.010837138 0.011496432 0.026402280 0.033905176 0.031123052 0.029822139 0.046315041 0.046941355 0.047004876 0.047013645 0.038566244 0.046753393 0.049633240 0.046138738 0.048455234 0.054687984 0.050239915 0.048525112 0.044719802 0.050643192 0.045687812 0.045705217 0.048512944 0.049118940 0.043783037 0.044400686 0.085357435 
14     0.059309938 0.054260629 0.054365714 0.055223461 0.055299304 0.052616991 0.052289624 0.058410729 0.057134086 0.058805122 0.057324317 0.033937153 0.033028015 0.035067588 0.046033551 0.032607861 0.033487054 0.034500482 0.033394451 0.033762264 0.031986039 0.032171562 0.029209119 0.010837138 0.000000000 0.008155440 0.026015278 0.033578385 0.030471248 0.029234436 0.046429699 0.046718399 0.046845956 0.046858177 0.038459405 0.046745730 0.049564857 0.046178341 0.048601594 0.054641484 0.050377297 0.048701346 0.044725120 0.050645251 0.045577422 0.045724750 0.048539005 0.049213975 0.043882969 0.044328671 0.085223015 
38     0.059333762 0.054226380 0.054358701 0.055216337 0.055292180 0.052687045 0.052365852 0.058484732 0.057223724 0.058897776 0.057332877 0.034180905 0.033395705 0.035441119 0.045934206 0.032625757 0.033449616 0.034589211 0.033464883 0.033827581 0.032232090 0.032618624 0.030109318 0.011496432 0.008155440 0.000000000 0.026618163 0.033949383 0.031155026 0.029887781 0.046578122 0.046802528 0.046934379 0.046995180 0.038598030 0.046925919 0.049428671 0.046175320 0.048435271 0.054672663 0.050384609 0.048728498 0.044755098 0.050421705 0.045279687 0.045416496 0.048241322 0.048903213 0.043868231 0.043994601 0.085304822 
32     0.059466451 0.053993696 0.054510765 0.055519398 0.055583136 0.053388768 0.053120556 0.059118642 0.057788898 0.059375524 0.058478448 0.035352635 0.034756946 0.037379758 0.047626500 0.034011514 0.035014085 0.035754226 0.034913087 0.035140026 0.033865986 0.034616476 0.035184475 0.026402280 0.026015278 0.026618163 0.000000000 0.035722621 0.033240951 0.031849999 0.048084644 0.047786501 0.047899313 0.048061347 0.039675787 0.047754946 0.050943116 0.047549250 0.049362255 0.055611003 0.050996674 0.049423724 0.045246029 0.051055288 0.046082432 0.046111940 0.049027449 0.049485619 0.044630672 0.044740946 0.084476726 
23     0.066467164 0.061161356 0.061260179 0.061816513 0.061939880 0.059312455 0.058858820 0.065204876 0.064022048 0.065432066 0.064342452 0.041941751 0.041083100 0.043465543 0.054156879 0.040700548 0.041280725 0.042089553 0.040900215 0.041400621 0.039844241 0.040215930 0.042514616 0.033905176 0.033578385 0.033949383 0.035722621 0.000000000 0.038659959 0.037429000 0.053990022 0.054148931 0.054240522 0.054514293 0.045699006 0.054137951 0.056833721 0.053898480 0.055447376 0.062316154 0.057466742 0.055675727 0.051757966 0.057434777 0.052650006 0.052730214 0.055459713 0.056099269 0.050960310 0.051244372 0.091150560 
36     0.063464084 0.057900466 0.058016180 0.059341218 0.059411346 0.056665314 0.056511783 0.062581129 0.061230366 0.062839554 0.061932965 0.038168636 0.037842691 0.039786118 0.050640918 0.036742849 0.037438998 0.038414553 0.037174130 0.037549749 0.035753052 0.036188484 0.039402998 0.031123052 0.030471248 0.031155026 0.033240951 0.038659959 0.000000000 0.011666906 0.050677909 0.050932740 0.051042487 0.050893988 0.042507684 0.051578882 0.054106154 0.050665230 0.052873144 0.059113774 0.054953516 0.052989152 0.048852453 0.054519110 0.049635654 0.050116347 0.052562032 0.053390561 0.048134323 0.048413405 0.088401093 
11     0.062206895 0.056714156 0.056841835 0.057888128 0.057958523 0.055283801 0.055147358 0.060926569 0.059527375 0.061218829 0.060394657 0.037019107 0.036636243 0.038444028 0.049652029 0.035638956 0.036368089 0.037276219 0.035855071 0.036273967 0.034486264 0.034845086 0.037951453 0.029822139 0.029234436 0.029887781 0.031849999 0.037429000 0.011666906 0.000000000 0.049233119 0.049436646 0.049546138 0.049451870 0.041093538 0.050117157 0.052548982 0.049671225 0.051472999 0.057634764 0.053376955 0.051455286 0.047322296 0.052941130 0.048094050 0.048611398 0.051055650 0.051841285 0.046660655 0.046934494 0.087024877 
50     0.062771213 0.057892245 0.058470054 0.058706725 0.058778970 0.056656331 0.056418751 0.061869261 0.060490461 0.061900837 0.061323352 0.046402536 0.045749308 0.048275147 0.058408127 0.045259805 0.046078414 0.046326511 0.045977332 0.046033208 0.045266442 0.045530589 0.054997161 0.046315041 0.046429699 0.046578122 0.048084644 0.053990022 0.050677909 0.049233119 0.000000000 0.049291956 0.049316673 0.049192854 0.040316224 0.048930354 0.052669110 0.049909084 0.051945130 0.058531142 0.053788132 0.052112000 0.047878440 0.054305461 0.049463250 0.049751433 0.052234548 0.052755905 0.047872740 0.047891818 0.087848413 
25     0.062376949 0.057937755 0.057606958 0.057843312 0.057939630 0.055311558 0.054940085 0.061480733 0.060231045 0.061649838 0.060573116 0.046585827 0.046228007 0.048828149 0.059089566 0.045401755 0.046723816 0.047291715 0.046422667 0.046293971 0.044843873 0.045024815 0.055071420 0.046941355 0.046718399 0.046802528 0.047786501 0.054148931 0.050932740 0.049436646 0.049291956 0.000000000 0.004801994 0.021618686 0.037355290 0.045925123 0.052689744 0.049473073 0.051162971 0.057296271 0.052662642 0.051828517 0.047578851 0.053983556 0.049193495 0.049283339 0.052350374 0.052801724 0.047711552 0.047695774 0.087431821 
35     0.062643279 0.058199554 0.057850795 0.058111136 0.058207454 0.055573357 0.055201884 0.061769203 0.060518124 0.061879906 0.060670295 0.046666767 0.046303982 0.048919420 0.059166011 0.045496211 0.046808241 0.047338990 0.046528136 0.046398150 0.044937233 0.045174022 0.055160450 0.047004876 0.046845956 0.046934379 0.047899313 0.054240522 0.051042487 0.049546138 0.049316673 0.004801994 0.000000000 0.021716697 0.037450555 0.046014784 0.052779387 0.049539363 0.051428933 0.057590193 0.052937577 0.052099451 0.047838092 0.054254477 0.049477583 0.049557789 0.052624750 0.053056771 0.047985928 0.047970073 0.087532693 
34     0.062295218 0.057622206 0.057591965 0.057651041 0.057792238 0.055159744 0.054843582 0.061246841 0.060071171 0.061308883 0.060165169 0.046787975 0.046288124 0.048640101 0.058463130 0.045261334 0.046499560 0.046737726 0.046277761 0.046055313 0.044718426 0.045112168 0.055007474 0.047013645 0.046858177 0.046995180 0.048061347 0.054514293 0.050893988 0.049451870 0.049192854 0.021618686 0.021716697 0.000000000 0.037405506 0.046155370 0.052433241 0.049258411 0.051130283 0.057263275 0.052807508 0.051958443 0.047527588 0.053523853 0.048832600 0.049184678 0.051971375 0.052465600 0.047312824 0.047004928 0.087692960 
22     0.052350690 0.048552410 0.048441428 0.049010627 0.049051625 0.046460037 0.046216826 0.053284074 0.051982807 0.052902161 0.051834946 0.037933582 0.037275472 0.040137613 0.049875304 0.036987293 0.037755641 0.037745552 0.037348901 0.037011957 0.036005187 0.035761021 0.046761718 0.038566244 0.038459405 0.038598030 0.039675787 0.045699006 0.042507684 0.041093538 0.040316224 0.037355290 0.037450555 0.037405506 0.000000000 0.036912395 0.043509420 0.040413102 0.041816985 0.048375117 0.044138567 0.043077870 0.038282852 0.044454607 0.039938911 0.040203607 0.042755570 0.043407245 0.038318815 0.038464217 0.079448743 
48     0.061772169 0.057801083 0.057453369 0.058250651 0.058310659 0.055201988 0.055319599 0.062004195 0.060740736 0.061951232 0.060794883 0.046835648 0.046185781 0.048686919 0.058989503 0.045839313 0.046442057 0.046947661 0.046277876 0.045866487 0.044789875 0.044892374 0.055119213 0.046753393 0.046745730 0.046925919 0.047754946 0.054137951 0.051578882 0.050117157 0.048930354 0.045925123 0.046014784 0.046155370 0.036912395 0.000000000 0.052283953 0.049094076 0.051194843 0.057648235 0.052938450 0.051942919 0.047437624 0.053897892 0.049010491 0.048901431 0.052162531 0.052623326 0.047592266 0.047432905 0.087798957 
47     0.059399222 0.055459525 0.055237080 0.056355215 0.056413125 0.053572844 0.053614031 0.059069061 0.057649430 0.058877764 0.057753192 0.050335249 0.049527584 0.051696589 0.061632544 0.048092995 0.049389456 0.049427808 0.049197384 0.049047587 0.048314413 0.048485898 0.057946776 0.049633240 0.049564857 0.049428671 0.050943116 0.056833721 0.054106154 0.052548982 0.052669110 0.052689744 0.052779387 0.052433241 0.043509420 0.052283953 0.000000000 0.028382674 0.049023438 0.055442068 0.050059830 0.049066888 0.045193030 0.051296827 0.046271899 0.046544700 0.048914365 0.049532122 0.045067064 0.044935713 0.086008386 
8     0.056779284 0.052834523 0.052349067 0.053307045 0.053356828 0.050550095 0.050604504 0.056354778 0.054795718 0.056054737 0.054680056 0.046845848 0.046152615 0.047997935 0.058553216 0.045070852 0.045926554 0.046274725 0.045792182 0.045663663 0.045018213 0.045124746 0.054512958 0.046138738 0.046178341 0.046175320 0.047549250 0.053898480 0.050665230 0.049671225 0.049909084 0.049473073 0.049539363 0.049258411 0.040413102 0.049094076 0.028382674 0.000000000 0.046075314 0.052152638 0.047158820 0.046115395 0.041993737 0.048302697 0.043338846 0.044023210 0.046425410 0.046823734 0.041993721 0.041960255 0.082796740 
39     0.052251956 0.047710735 0.047408150 0.047489248 0.047582071 0.045072432 0.045087912 0.050689331 0.049016093 0.050656284 0.050129291 0.048455977 0.047680210 0.050743539 0.060659226 0.046965420 0.048010798 0.048124507 0.047621156 0.047889863 0.046354217 0.047249595 0.056127837 0.048455234 0.048601594 0.048435271 0.049362255 0.055447376 0.052873144 0.051472999 0.051945130 0.051162971 0.051428933 0.051130283 0.041816985 0.051194843 0.049023438 0.046075314 0.000000000 0.026771668 0.030185932 0.029544606 0.025670632 0.041506960 0.035773681 0.036109905 0.039152635 0.039242523 0.035186933 0.034843720 0.078794401 
28     0.058215492 0.053870062 0.053623533 0.053644985 0.053724384 0.051323480 0.051294664 0.056650578 0.055222322 0.056685942 0.056207611 0.054796653 0.053899639 0.056791762 0.066850213 0.053134766 0.054074412 0.054486975 0.054059619 0.054561092 0.052513725 0.053082485 0.062347799 0.054687984 0.054641484 0.054672663 0.055611003 0.062316154 0.059113774 0.057634764 0.058531142 0.057296271 0.057590193 0.057263275 0.048375117 0.057648235 0.055442068 0.052152638 0.026771668 0.000000000 0.037170247 0.036452241 0.031937382 0.047788516 0.042286389 0.042356190 0.045386599 0.045529501 0.041083771 0.040947250 0.086013473 
24     0.054059674 0.049653432 0.049302959 0.049562976 0.049659690 0.047004216 0.047166923 0.052604016 0.050883083 0.052648793 0.051912723 0.050071308 0.049407309 0.052383485 0.061980318 0.048416881 0.049464795 0.049542599 0.049111012 0.049386991 0.048086812 0.049067584 0.057977735 0.050239915 0.050377297 0.050384609 0.050996674 0.057466742 0.054953516 0.053376955 0.053788132 0.052662642 0.052937577 0.052807508 0.044138567 0.052938450 0.050059830 0.047158820 0.030185932 0.037170247 0.000000000 0.014420238 0.027204096 0.043226086 0.037592425 0.037743274 0.040544383 0.040987341 0.036843790 0.036771131 0.079807570 
18     0.053186750 0.048316169 0.048596795 0.048803943 0.048875241 0.046077118 0.046309291 0.052309239 0.050590423 0.052286902 0.051522703 0.048188988 0.047344311 0.050610235 0.060279683 0.046832269 0.047627209 0.048011103 0.047407845 0.047673654 0.046352336 0.047363686 0.056339703 0.048525112 0.048701346 0.048728498 0.049423724 0.055675727 0.052989152 0.051455286 0.052112000 0.051828517 0.052099451 0.051958443 0.043077870 0.051942919 0.049066888 0.046115395 0.029544606 0.036452241 0.014420238 0.000000000 0.026281760 0.042155708 0.036600129 0.036808532 0.039591812 0.040102664 0.035800765 0.035690910 0.078283579 
13     0.047853833 0.043118694 0.043603297 0.043139157 0.043201243 0.040730741 0.040676716 0.047310579 0.045609868 0.047309775 0.046088474 0.044313885 0.043557273 0.046436545 0.056829683 0.042983326 0.043907042 0.044111003 0.043929006 0.043878790 0.042032833 0.043054475 0.052710778 0.044719802 0.044725120 0.044755098 0.045246029 0.051757966 0.048852453 0.047322296 0.047878440 0.047578851 0.047838092 0.047527588 0.038282852 0.047437624 0.045193030 0.041993737 0.025670632 0.031937382 0.027204096 0.026281760 0.000000000 0.036915112 0.031798717 0.031958424 0.034894944 0.035101782 0.030794978 0.030482231 0.073673291 
29     0.054404751 0.048686618 0.049192890 0.048988398 0.049137039 0.046978300 0.046798012 0.053375238 0.051893244 0.053495929 0.052853131 0.049575530 0.048799552 0.051892271 0.061756573 0.048320758 0.048822026 0.049125275 0.049562726 0.048972660 0.048052367 0.048623860 0.058164035 0.050643192 0.050645251 0.050421705 0.051055288 0.057434777 0.054519110 0.052941130 0.054305461 0.053983556 0.054254477 0.053523853 0.044454607 0.053897892 0.051296827 0.048302697 0.041506960 0.047788516 0.043226086 0.042155708 0.036915112 0.000000000 0.025269007 0.026458066 0.028868121 0.028574594 0.024409187 0.025407186 0.081052785 
43     0.049319379 0.043684749 0.044368004 0.044207191 0.044361964 0.042520360 0.042373959 0.047908438 0.046301753 0.047857769 0.047232661 0.044918084 0.044026969 0.047405011 0.057081109 0.043413691 0.044556228 0.044502474 0.044560348 0.044454096 0.043510558 0.043635413 0.053116829 0.045687812 0.045577422 0.045279687 0.046082432 0.052650006 0.049635654 0.048094050 0.049463250 0.049193495 0.049477583 0.048832600 0.039938911 0.049010491 0.046271899 0.043338846 0.035773681 0.042286389 0.037592425 0.036600129 0.031798717 0.025269007 0.000000000 0.018071806 0.020676873 0.020865474 0.016540438 0.018624481 0.075201339 
17     0.050230998 0.044593555 0.044953888 0.045267103 0.045378255 0.043453562 0.043272930 0.048413208 0.046817168 0.048575238 0.048056982 0.045003556 0.044283489 0.047506510 0.057220188 0.043508206 0.044525016 0.044787731 0.044618372 0.044487352 0.043717821 0.044225237 0.053352551 0.045705217 0.045724750 0.045416496 0.046111940 0.052730214 0.050116347 0.048611398 0.049751433 0.049283339 0.049557789 0.049184678 0.040203607 0.048901431 0.046544700 0.044023210 0.036109905 0.042356190 0.037743274 0.036808532 0.031958424 0.026458066 0.018071806 0.000000000 0.017481026 0.019371188 0.014987849 0.019103138 0.075631271 
44     0.052478681 0.047020945 0.047334987 0.047857408 0.047979266 0.045989102 0.045877611 0.050887698 0.049216749 0.050837825 0.050409992 0.047945387 0.047299104 0.050382861 0.060068449 0.046362432 0.047376681 0.047199736 0.047309004 0.047239423 0.046241611 0.046474342 0.056124195 0.048512944 0.048539005 0.048241322 0.049027449 0.055459713 0.052562032 0.051055650 0.052234548 0.052350374 0.052624750 0.051971375 0.042755570 0.052162531 0.048914365 0.046425410 0.039152635 0.045386599 0.040544383 0.039591812 0.034894944 0.028868121 0.020676873 0.017481026 0.000000000 0.021717154 0.017556573 0.021930096 0.078520286 
46     0.052777298 0.047421811 0.047763079 0.047770068 0.047915583 0.046176083 0.045903555 0.051374686 0.049805755 0.051444342 0.051079089 0.048508880 0.048073476 0.051112337 0.060955135 0.047161357 0.048143143 0.047973680 0.048108177 0.047962533 0.046710344 0.047521199 0.056810360 0.049118940 0.049213975 0.048903213 0.049485619 0.056099269 0.053390561 0.051841285 0.052755905 0.052801724 0.053056771 0.052465600 0.043407245 0.052623326 0.049532122 0.046823734 0.039242523 0.045529501 0.040987341 0.040102664 0.035101782 0.028574594 0.020865474 0.019371188 0.021717154 0.000000000 0.014407118 0.021858680 0.078833131 
26     0.048810750 0.043371346 0.043589176 0.043562200 0.043696912 0.041863006 0.041557081 0.046858291 0.045309517 0.046953588 0.046643562 0.043369285 0.042835895 0.045942201 0.055883331 0.042232610 0.043098820 0.043182196 0.043014012 0.042832284 0.041972990 0.042362737 0.051354609 0.043783037 0.043882969 0.043868231 0.044630672 0.050960310 0.048134323 0.046660655 0.047872740 0.047711552 0.047985928 0.047312824 0.038318815 0.047592266 0.045067064 0.041993721 0.035186933 0.041083771 0.036843790 0.035800765 0.030794978 0.024409187 0.016540438 0.014987849 0.017556573 0.014407118 0.000000000 0.017772564 0.074508695 
16     0.048315185 0.042625936 0.043080402 0.042924166 0.043095378 0.041216440 0.040857345 0.047468806 0.046049632 0.047306954 0.046687999 0.043546509 0.042816741 0.046026737 0.055750243 0.042217532 0.043405049 0.043395214 0.043048661 0.042964137 0.042153252 0.042533866 0.051945786 0.044400686 0.044328671 0.043994601 0.044740946 0.051244372 0.048413405 0.046934494 0.047891818 0.047695774 0.047970073 0.047004928 0.038464217 0.047432905 0.044935713 0.041960255 0.034843720 0.040947250 0.036771131 0.035690910 0.030482231 0.025407186 0.018624481 0.019103138 0.021930096 0.021858680 0.017772564 0.000000000 0.074962846 
0     0.085799187 0.080487554 0.079977569 0.079072173 0.079323759 0.076880388 0.076962819 0.087163864 0.085733715 0.087669997 0.087894036 0.084694839 0.084175921 0.087228385 0.097628703 0.083251974 0.084216901 0.085076759 0.083651481 0.084394583 0.083210147 0.082960621 0.093084346 0.085357435 0.085223015 0.085304822 0.084476726 0.091150560 0.088401093 0.087024877 0.087848413 0.087431821 0.087532693 0.087692960 0.079448743 0.087798957 0.086008386 0.082796740 0.078794401 0.086013473 0.079807570 0.078283579 0.073673291 0.081052785 0.075201339 0.075631271 0.078520286 0.078833131 0.074508695 0.074962846 0.000000000 
