51
1     0.000000000 0.002790160 0.004205740 0.000556110 0.002024910 0.003534920 0.008083090 0.001315430 0.006555400 0.009925130 0.007443270 0.002309290 0.011474330 0.005858910 0.006304430 0.004861600 0.001952940 0.000814510 0.002853270 0.003395030 0.007285240 0.007152800 0.005875040 0.007693250 0.008207190 0.010989330 0.010332830 0.009169510 0.010115580 0.005704250 0.002940860 0.012607590 0.016208790 0.005714140 0.006693740 0.001912990 0.001404150 0.006455510 0.005076290 0.002207180 0.012072530 0.019417070 0.016923100 0.005817050 0.004406080 0.004388500 0.003853530 0.009490870 0.005642700 0.002445070 0.011186300 
12     0.002790160 0.000000000 0.000380110 0.001127510 0.002349410 0.015431770 0.005425660 0.010115990 0.001647530 0.013534110 0.018055430 0.001944550 0.021698480 0.012244030 0.007573490 0.006308200 0.001848660 0.007532080 0.009485320 0.003200560 0.006841320 0.014587620 0.005708850 0.000836520 0.011369640 0.014856810 0.011412640 0.008039470 0.000211900 0.003191410 0.009016000 0.002698590 0.003976490 0.005706830 0.019304540 0.019610110 0.010833410 0.004908430 0.001868110 0.003474390 0.007366790 0.008052140 0.012178590 0.015056990 0.006947660 0.001122900 0.011728280 0.025301420 0.005809270 0.002801500 0.004096400 
6     0.004205740 0.000380110 0.000000000 0.000913400 0.001107570 0.011268260 0.007197800 0.007704380 0.011803990 0.001479180 0.003544660 0.002623990 0.010439630 0.010528380 0.003415650 0.008743140 0.006568060 0.005561020 0.003335200 0.004650190 0.000483190 0.001677480 0.006315340 0.000634190 0.004509410 0.014578860 0.007319410 0.008207870 0.011376340 0.008886410 0.007092020 0.001424290 0.002953080 0.016152010 0.009294590 0.008159430 0.012181200 0.010068580 0.008787050 0.008956700 0.002464570 0.007100220 0.007051440 0.014555720 0.001291980 0.027068580 0.004062270 0.002517030 0.011855660 0.000684710 0.003110500 
40     0.000556110 0.001127510 0.000913400 0.000000000 0.002245130 0.001573280 0.006733720 0.008659340 0.010283850 0.008841880 0.004545320 0.005977610 0.008022540 0.004171960 0.005329510 0.005914270 0.004467610 0.009873580 0.012081640 0.002671910 0.008985270 0.005524640 0.009354550 0.008150840 0.002636180 0.002561700 0.014073430 0.001508450 0.005020660 0.008483020 0.006280300 0.003262150 0.003531850 0.011323670 0.007722470 0.007896710 0.005542790 0.016495250 0.009611790 0.003779700 0.001737540 0.019877730 0.011664120 0.024630000 0.011953900 0.016765990 0.009958200 0.008267350 0.007487090 0.014536640 0.004574630 
32     0.002024910 0.002349410 0.001107570 0.002245130 0.000000000 0.003096330 0.000552750 0.002703680 0.003345840 0.000439470 0.004824390 0.001541980 0.002278830 0.000924310 0.001164810 0.001207060 0.001894130 0.010249270 0.001891370 0.003019810 0.003367860 0.010821350 0.003418160 0.004731290 0.004885850 0.005428030 0.001095550 0.010723120 0.004150910 0.005093390 0.006158240 0.004547140 0.011721050 0.003293580 0.002265070 0.007164080 0.003928220 0.001288860 0.022899540 0.010626100 0.012147700 0.005604970 0.003142050 0.007799500 0.003153690 0.007235000 0.001860870 0.006173740 0.014710830 0.002218690 0.013151350 
42     0.003534920 0.015431770 0.011268260 0.001573280 0.003096330 0.000000000 0.003073540 0.002683740 0.004576620 0.000771210 0.006509840 0.002341910 0.003948890 0.000922070 0.000014130 0.015238130 0.004597040 0.007245660 0.000667850 0.005054840 0.000209490 0.004043300 0.004427400 0.000410950 0.001462690 0.005776820 0.009396270 0.012141720 0.005121850 0.005479620 0.000241760 0.001767770 0.005380550 0.006236110 0.005802400 0.005616070 0.002609360 0.006630140 0.001770160 0.002770480 0.007269600 0.002904040 0.008097710 0.011189020 0.001883970 0.007174260 0.002604280 0.003100930 0.004065600 0.004063190 0.001177140 
17     0.008083090 0.005425660 0.007197800 0.006733720 0.000552750 0.003073540 0.000000000 0.000421400 0.000338670 0.000322020 0.008955490 0.004284490 0.008959240 0.002038670 0.002042710 0.010112920 0.005008930 0.006730230 0.005745910 0.006777330 0.007939670 0.003534520 0.013470800 0.001624160 0.012348750 0.005798810 0.002934940 0.002523660 0.003660020 0.002965000 0.009554960 0.002009760 0.002531150 0.006939400 0.006431310 0.005851100 0.005261770 0.012771880 0.009432230 0.008301080 0.005672830 0.002548190 0.004984620 0.009291330 0.010092330 0.009871420 0.008163970 0.004846320 0.000903320 0.002360010 0.006454110 
18     0.001315430 0.010115990 0.007704380 0.008659340 0.002703680 0.002683740 0.000421400 0.000000000 0.000298540 0.000037150 0.001319540 0.009049830 0.009129350 0.002897790 0.002901830 0.005022000 0.006918490 0.001634280 0.003161860 0.009476090 0.011355050 0.003689050 0.007367790 0.001930230 0.011141060 0.009069940 0.010441160 0.015051020 0.002403020 0.004080140 0.005001460 0.001839440 0.006464940 0.001453110 0.008579590 0.007335330 0.014929010 0.002924300 0.002173120 0.001374290 0.005559940 0.008294540 0.005688970 0.006729530 0.010592580 0.010935140 0.012271530 0.019349570 0.006328040 0.004493050 0.006246400 
22     0.006555400 0.001647530 0.011803990 0.010283850 0.003345840 0.004576620 0.000338670 0.000298540 0.000000000 0.000288350 0.010361790 0.011494890 0.010221810 0.003541750 0.003545790 0.005821750 0.009531480 0.010285800 0.008313180 0.006256150 0.008319970 0.009016890 0.010988380 0.010546970 0.005740480 0.009932640 0.010006080 0.014491870 0.007471020 0.011293290 0.009265660 0.006865200 0.011608340 0.014783550 0.004135880 0.003850490 0.017017950 0.013364440 0.006596880 0.010660470 0.002881320 0.008936700 0.006331130 0.003850210 0.012684480 0.013505870 0.009830480 0.008561260 0.001118980 0.007716620 0.006641440 
5     0.009925130 0.013534110 0.001479180 0.008841880 0.000439470 0.000771210 0.000322020 0.000037150 0.000288350 0.000000000 0.005120380 0.000438900 0.002602850 0.002544870 0.002172620 0.004276110 0.008619160 0.001963910 0.000358410 0.003577430 0.005236770 0.002547510 0.009087250 0.013990710 0.008827320 0.004361470 0.008127420 0.011310050 0.001241330 0.011976260 0.009597780 0.006587860 0.020552050 0.010748240 0.006743930 0.007112300 0.002489160 0.010084790 0.003467720 0.009002180 0.014110570 0.008790800 0.001537540 0.013705520 0.006405050 0.010347000 0.003880360 0.021058740 0.001748760 0.009121060 0.013084840 
9     0.007443270 0.018055430 0.003544660 0.004545320 0.004824390 0.006509840 0.008955490 0.001319540 0.010361790 0.005120380 0.000000000 0.002455880 0.002544960 0.005457450 0.002298230 0.015212160 0.000592830 0.013567600 0.004727700 0.012946340 0.005928410 0.004026700 0.009502590 0.000577850 0.007107230 0.006805850 0.004952270 0.013490700 0.012777780 0.005801250 0.015218510 0.017789800 0.013244160 0.001723960 0.006361340 0.006582770 0.003720920 0.008786770 0.008829420 0.009792710 0.008658750 0.011454090 0.002339370 0.019053570 0.004908760 0.009934190 0.008763740 0.010076590 0.006178900 0.003785200 0.010548410 
2     0.002309290 0.001944550 0.002623990 0.005977610 0.001541980 0.002341910 0.004284490 0.009049830 0.011494890 0.000438900 0.002455880 0.000000000 0.002051070 0.000540450 0.002355960 0.001004170 0.009451490 0.006477840 0.000492430 0.002022380 0.015281630 0.006667890 0.002139370 0.002531890 0.003020900 0.013064960 0.008594320 0.001759570 0.005599530 0.006160800 0.004671860 0.002531470 0.012727120 0.002671370 0.003834220 0.010757010 0.000653930 0.018195200 0.009966540 0.009843180 0.010524840 0.013673010 0.008826150 0.011379090 0.007704550 0.007985670 0.002999020 0.004926530 0.011108690 0.004928120 0.011291280 
20     0.011474330 0.021698480 0.010439630 0.008022540 0.002278830 0.003948890 0.008959240 0.009129350 0.010221810 0.002602850 0.002544960 0.002051070 0.000000000 0.002602700 0.001255340 0.007505120 0.008386790 0.004145840 0.010263210 0.003690590 0.012381200 0.014386270 0.003545070 0.006957520 0.011571410 0.011111030 0.013966490 0.009906920 0.006056950 0.007745420 0.007262550 0.006397750 0.006381790 0.001650390 0.009054260 0.006480850 0.005184190 0.005516160 0.017398270 0.002496660 0.012927390 0.003934750 0.003143630 0.005965420 0.010402870 0.008339400 0.010783090 0.001941970 0.003693010 0.004480240 0.008226270 
29     0.005858910 0.012244030 0.010528380 0.004171960 0.000924310 0.000922070 0.002038670 0.002897790 0.003541750 0.002544870 0.005457450 0.000540450 0.002602700 0.000000000 0.000008740 0.018965930 0.016898000 0.009895180 0.001215430 0.004446810 0.006305650 0.007123050 0.016707580 0.009918610 0.005498540 0.006607820 0.004597850 0.008606270 0.008849610 0.016235040 0.006724010 0.020628720 0.010108800 0.005945270 0.014524150 0.009295550 0.006018130 0.001151610 0.007418280 0.007948590 0.002271030 0.006895000 0.007764270 0.001656430 0.011212470 0.013285890 0.017478410 0.003210640 0.002314280 0.006315460 0.002318370 
21     0.006304430 0.007573490 0.003415650 0.005329510 0.001164810 0.000014130 0.002042710 0.002901830 0.003545790 0.002172620 0.002298230 0.002355960 0.001255340 0.000008740 0.000000000 0.019101560 0.021891670 0.012125500 0.002275470 0.017805300 0.001998720 0.006539860 0.004448080 0.009100590 0.004680520 0.005789800 0.003779830 0.007788250 0.017183300 0.003104040 0.012269800 0.015415910 0.001835850 0.001011710 0.013334960 0.008106360 0.011143850 0.019534630 0.006692710 0.007223020 0.004231860 0.005838930 0.006044720 0.002006790 0.012482890 0.013960170 0.014726240 0.019333130 0.003149990 0.014777260 0.005135030 
34     0.004861600 0.006308200 0.008743140 0.005914270 0.001207060 0.015238130 0.010112920 0.005022000 0.005821750 0.004276110 0.015212160 0.001004170 0.007505120 0.018965930 0.019101560 0.000000000 0.000041930 0.003915320 0.007050510 0.001895030 0.003872250 0.004745960 0.004439060 0.010596290 0.018396860 0.015361020 0.000678510 0.012569200 0.003650370 0.008915030 0.007656220 0.009916270 0.004007880 0.004538950 0.006455770 0.009149670 0.013472030 0.006088250 0.015614010 0.003053510 0.003939330 0.003976920 0.001034930 0.014918570 0.003206200 0.013661190 0.003092690 0.007418610 0.007747380 0.007207000 0.010317690 
30     0.001952940 0.001848660 0.006568060 0.004467610 0.001894130 0.004597040 0.005008930 0.006918490 0.009531480 0.008619160 0.000592830 0.009451490 0.008386790 0.016898000 0.021891670 0.000041930 0.000000000 0.002752850 0.001907850 0.001140040 0.004029640 0.005531120 0.008830610 0.011252310 0.009030760 0.008969390 0.004765720 0.013319920 0.002984750 0.008249410 0.007888420 0.010148470 0.002381540 0.002130820 0.009618470 0.012312370 0.014011130 0.007887630 0.015618540 0.003922570 0.003943860 0.003981450 0.001039460 0.008217310 0.001350370 0.009439470 0.004330490 0.003975830 0.002683260 0.017014140 0.011599620 
26     0.000814510 0.007532080 0.005561020 0.009873580 0.010249270 0.007245660 0.006730230 0.001634280 0.010285800 0.001963910 0.013567600 0.006477840 0.004145840 0.009895180 0.012125500 0.003915320 0.002752850 0.000000000 0.002470530 0.000893480 0.001379030 0.007877950 0.018442870 0.010772670 0.006923800 0.001092750 0.002925830 0.015942200 0.005014550 0.004234620 0.008941890 0.008796200 0.003082110 0.003938870 0.009529430 0.009878030 0.006788480 0.004944830 0.003383920 0.007304820 0.014687880 0.004537200 0.015700320 0.008361270 0.005056860 0.011487120 0.005812180 0.003549730 0.004578130 0.002485460 0.011558670 
10     0.002853270 0.009485320 0.003335200 0.012081640 0.001891370 0.000667850 0.005745910 0.003161860 0.008313180 0.000358410 0.004727700 0.000492430 0.010263210 0.001215430 0.002275470 0.007050510 0.001907850 0.002470530 0.000000000 0.000891820 0.003654830 0.008859780 0.002737090 0.002866540 0.001781110 0.007233700 0.010309770 0.008187430 0.006278650 0.004441520 0.001470390 0.009542350 0.000936260 0.003091450 0.005922540 0.006940900 0.005419840 0.004522610 0.011892210 0.006817160 0.005614260 0.005763860 0.003842770 0.004948910 0.003272980 0.001666170 0.004841730 0.010501500 0.001136450 0.004202920 0.013005160 
13     0.003395030 0.003200560 0.004650190 0.002671910 0.003019810 0.005054840 0.006777330 0.009476090 0.006256150 0.003577430 0.012946340 0.002022380 0.003690590 0.004446810 0.017805300 0.001895030 0.001140040 0.000893480 0.000891820 0.000000000 0.005719420 0.005308160 0.001144470 0.003228470 0.007881450 0.015621900 0.015562940 0.008879760 0.002359440 0.006808010 0.004433950 0.009500930 0.008753760 0.005648330 0.011872650 0.013669980 0.008155700 0.007787350 0.001992890 0.003779470 0.014694220 0.000602460 0.000255000 0.002511450 0.017680970 0.014340960 0.005795260 0.004688070 0.003353100 0.004418950 0.011311010 
3     0.007285240 0.006841320 0.000483190 0.008985270 0.003367860 0.000209490 0.007939670 0.011355050 0.008319970 0.005236770 0.005928410 0.015281630 0.012381200 0.006305650 0.001998720 0.003872250 0.004029640 0.001379030 0.003654830 0.005719420 0.000000000 0.001098280 0.005283170 0.003503510 0.006595900 0.003826860 0.006487150 0.002476670 0.002149070 0.003681240 0.005312680 0.004854190 0.015638970 0.001630540 0.001542090 0.001847300 0.004070660 0.008722700 0.002842010 0.008811960 0.004127550 0.003209140 0.002408430 0.014306170 0.017500740 0.010369890 0.002300720 0.001824440 0.003793530 0.005118320 0.014349270 
33     0.007152800 0.014587620 0.001677480 0.005524640 0.010821350 0.004043300 0.003534520 0.003689050 0.009016890 0.002547510 0.004026700 0.006667890 0.014386270 0.007123050 0.006539860 0.004745960 0.005531120 0.007877950 0.008859780 0.005308160 0.001098280 0.000000000 0.006899990 0.002124130 0.000117550 0.003764180 0.005332870 0.001592410 0.008480990 0.008409870 0.001792400 0.002928450 0.015954450 0.003581500 0.007263320 0.004815550 0.004545970 0.004663390 0.012213210 0.005092670 0.008891080 0.001673060 0.013133850 0.014200460 0.009900830 0.003515080 0.002492000 0.014233660 0.000856450 0.006996320 0.011769650 
41     0.005875040 0.005708850 0.006315340 0.009354550 0.003418160 0.004427400 0.013470800 0.007367790 0.010988380 0.009087250 0.009502590 0.002139370 0.003545070 0.016707580 0.004448080 0.004439060 0.008830610 0.018442870 0.002737090 0.001144470 0.005283170 0.006899990 0.000000000 0.004063710 0.014899140 0.003932000 0.008023350 0.007364740 0.014108810 0.014832750 0.004661370 0.008755380 0.010036550 0.007200140 0.002801780 0.013384560 0.006676240 0.012459770 0.011458610 0.013485070 0.010255090 0.004309320 0.005932160 0.007121530 0.023384670 0.009029650 0.003416510 0.004176000 0.001081130 0.006342290 0.007294020 
23     0.007693250 0.000836520 0.000634190 0.008150840 0.004731290 0.000410950 0.001624160 0.001930230 0.010546970 0.013990710 0.000577850 0.002531890 0.006957520 0.009918610 0.009100590 0.010596290 0.011252310 0.010772670 0.002866540 0.003228470 0.003503510 0.002124130 0.004063710 0.000000000 0.001104780 0.000927940 0.001136890 0.000496980 0.001908980 0.004769370 0.006988690 0.006601720 0.006280150 0.000390760 0.003281150 0.004814960 0.003843060 0.000468760 0.000903210 0.011760000 0.005052630 0.002839680 0.008563610 0.001016720 0.005439820 0.012548810 0.010701330 0.004652490 0.005589100 0.004127990 0.005923020 
25     0.008207190 0.011369640 0.004509410 0.002636180 0.004885850 0.001462690 0.012348750 0.011141060 0.005740480 0.008827320 0.007107230 0.003020900 0.011571410 0.005498540 0.004680520 0.018396860 0.009030760 0.006923800 0.001781110 0.007881450 0.006595900 0.000117550 0.014899140 0.001104780 0.000000000 0.000043410 0.000373910 0.007686950 0.007543370 0.004522260 0.002423110 0.017247170 0.015518000 0.002453880 0.024742950 0.012179070 0.010838330 0.007408030 0.013401850 0.001755190 0.006836170 0.002995350 0.003292150 0.006401450 0.008388280 0.010653560 0.015699940 0.009584250 0.001294340 0.010910800 0.005084900 
14     0.010989330 0.014856810 0.014578860 0.002561700 0.005428030 0.005776820 0.005798810 0.009069940 0.009932640 0.004361470 0.006805850 0.013064960 0.011111030 0.006607820 0.005789800 0.015361020 0.008969390 0.001092750 0.007233700 0.015621900 0.003826860 0.003764180 0.003932000 0.000927940 0.000043410 0.000000000 0.001273940 0.005370020 0.006617530 0.002230040 0.002246880 0.005544320 0.010212070 0.006689850 0.016052180 0.003854860 0.008968560 0.008769430 0.012472670 0.014955150 0.007120720 0.013236070 0.014074320 0.007727120 0.001208170 0.003509280 0.010993610 0.003283530 0.001651320 0.011553150 0.008595670 
24     0.010332830 0.011412640 0.007319410 0.014073430 0.001095550 0.009396270 0.002934940 0.010441160 0.010006080 0.008127420 0.004952270 0.008594320 0.013966490 0.004597850 0.003779830 0.000678510 0.004765720 0.002925830 0.010309770 0.015562940 0.006487150 0.005332870 0.008023350 0.001136890 0.000373910 0.001273940 0.000000000 0.000833120 0.003317340 0.008701400 0.005090090 0.014297880 0.009477330 0.001855750 0.012239980 0.008930960 0.005524390 0.001919150 0.014935120 0.017417600 0.004090430 0.018142930 0.014907880 0.002826200 0.004338890 0.011344160 0.000892310 0.009545390 0.004791040 0.005975250 0.011215120 
39     0.009169510 0.008039470 0.008207870 0.001508450 0.010723120 0.012141720 0.002523660 0.015051020 0.014491870 0.011310050 0.013490700 0.001759570 0.009906920 0.008606270 0.007788250 0.012569200 0.013319920 0.015942200 0.008187430 0.008879760 0.002476670 0.001592410 0.007364740 0.000496980 0.007686950 0.005370020 0.000833120 0.000000000 0.002451980 0.009006120 0.006827240 0.013448130 0.010297270 0.000855640 0.012427380 0.011678230 0.011439170 0.002721610 0.010285440 0.002838890 0.018062070 0.007004380 0.008639080 0.002936100 0.011604990 0.004551850 0.005718680 0.012507200 0.003207400 0.014456180 0.016544910 
4     0.010115580 0.000211900 0.011376340 0.005020660 0.004150910 0.005121850 0.003660020 0.002403020 0.007471020 0.001241330 0.012777780 0.005599530 0.006056950 0.008849610 0.017183300 0.003650370 0.002984750 0.005014550 0.006278650 0.002359440 0.002149070 0.008480990 0.014108810 0.001908980 0.007543370 0.006617530 0.003317340 0.002451980 0.000000000 0.000075480 0.004076790 0.005240850 0.000249950 0.003705310 0.004559540 0.004023310 0.002232620 0.006887130 0.003415880 0.001320170 0.020258470 0.005357660 0.005078120 0.007041740 0.008870390 0.008505590 0.003296670 0.005442000 0.003587610 0.003916690 0.009494200 
11     0.005704250 0.003191410 0.008886410 0.008483020 0.005093390 0.005479620 0.002965000 0.004080140 0.011293290 0.011976260 0.005801250 0.006160800 0.007745420 0.016235040 0.003104040 0.008915030 0.008249410 0.004234620 0.004441520 0.006808010 0.003681240 0.008409870 0.014832750 0.004769370 0.004522260 0.002230040 0.008701400 0.009006120 0.000075480 0.000000000 0.001465890 0.000833330 0.002973590 0.006530780 0.003973880 0.000396810 0.005199640 0.003433350 0.005556010 0.007799580 0.004662760 0.009845720 0.010144780 0.005491780 0.009515540 0.015404810 0.006046580 0.008309180 0.012800860 0.002726250 0.013474140 
38     0.002940860 0.009016000 0.007092020 0.006280300 0.006158240 0.000241760 0.009554960 0.005001460 0.009265660 0.009597780 0.015218510 0.004671860 0.007262550 0.006724010 0.012269800 0.007656220 0.007888420 0.008941890 0.001470390 0.004433950 0.005312680 0.001792400 0.004661370 0.006988690 0.002423110 0.002246880 0.005090090 0.006827240 0.004076790 0.001465890 0.000000000 0.001325540 0.000794050 0.001692160 0.005204770 0.004084840 0.007850680 0.003817930 0.008092760 0.003279570 0.003808670 0.001836990 0.009113980 0.005315520 0.014534230 0.000484820 0.008063540 0.006326730 0.003245020 0.007745180 0.003302250 
15     0.012607590 0.002698590 0.001424290 0.003262150 0.004547140 0.001767770 0.002009760 0.001839440 0.006865200 0.006587860 0.017789800 0.002531470 0.006397750 0.020628720 0.015415910 0.009916270 0.010148470 0.008796200 0.009542350 0.009500930 0.004854190 0.002928450 0.008755380 0.006601720 0.017247170 0.005544320 0.014297880 0.013448130 0.005240850 0.000833330 0.001325540 0.000000000 0.000821650 0.009317950 0.004421270 0.004460870 0.009184710 0.009349070 0.007769960 0.012953710 0.003297380 0.003420720 0.009762200 0.005951600 0.020595070 0.007203200 0.009276670 0.004777060 0.001714460 0.003648670 0.009305920 
7     0.016208790 0.003976490 0.002953080 0.003531850 0.011721050 0.005380550 0.002531150 0.006464940 0.011608340 0.020552050 0.013244160 0.012727120 0.006381790 0.010108800 0.001835850 0.004007880 0.002381540 0.003082110 0.000936260 0.008753760 0.015638970 0.015954450 0.010036550 0.006280150 0.015518000 0.010212070 0.009477330 0.010297270 0.000249950 0.002973590 0.000794050 0.000821650 0.000000000 0.003960100 0.015491970 0.012561920 0.011412070 0.003972700 0.005250110 0.013880390 0.004705430 0.005393470 0.007539470 0.006437660 0.013072160 0.010533900 0.014402190 0.014747180 0.001247060 0.010302240 0.023563770 
16     0.005714140 0.005706830 0.016152010 0.011323670 0.003293580 0.006236110 0.006939400 0.001453110 0.014783550 0.010748240 0.001723960 0.002671370 0.001650390 0.005945270 0.001011710 0.004538950 0.002130820 0.003938870 0.003091450 0.005648330 0.001630540 0.003581500 0.007200140 0.000390760 0.002453880 0.006689850 0.001855750 0.000855640 0.003705310 0.006530780 0.001692160 0.009317950 0.003960100 0.000000000 0.014898570 0.004004150 0.011453780 0.013514480 0.013024210 0.009761280 0.008726790 0.008151790 0.001976430 0.008043470 0.004287070 0.001591450 0.004297610 0.003251120 0.003483400 0.003883130 0.003414850 
8     0.006693740 0.019304540 0.009294590 0.007722470 0.002265070 0.005802400 0.006431310 0.008579590 0.004135880 0.006743930 0.006361340 0.003834220 0.009054260 0.014524150 0.013334960 0.006455770 0.009618470 0.009529430 0.005922540 0.011872650 0.001542090 0.007263320 0.002801780 0.003281150 0.024742950 0.016052180 0.012239980 0.012427380 0.004559540 0.003973880 0.005204770 0.004421270 0.015491970 0.014898570 0.000000000 0.000059160 0.007755300 0.007592430 0.003836990 0.002283920 0.016760320 0.011136890 0.005293570 0.007068920 0.003313240 0.005476620 0.004076370 0.000348240 0.010903760 0.006053590 0.001979100 
27     0.001912990 0.019610110 0.008159430 0.007896710 0.007164080 0.005616070 0.005851100 0.007335330 0.003850490 0.007112300 0.006582770 0.010757010 0.006480850 0.009295550 0.008106360 0.009149670 0.012312370 0.009878030 0.006940900 0.013669980 0.001847300 0.004815550 0.013384560 0.004814960 0.012179070 0.003854860 0.008930960 0.011678230 0.004023310 0.000396810 0.004084840 0.004460870 0.012561920 0.004004150 0.000059160 0.000000000 0.007536110 0.007363230 0.004205360 0.002449670 0.017034820 0.011835470 0.005661940 0.007124430 0.003524320 0.005198490 0.006489900 0.000816740 0.010767110 0.008435090 0.003503030 
28     0.001404150 0.010833410 0.012181200 0.005542790 0.003928220 0.002609360 0.005261770 0.014929010 0.017017950 0.002489160 0.003720920 0.000653930 0.005184190 0.006018130 0.011143850 0.013472030 0.014011130 0.006788480 0.005419840 0.008155700 0.004070660 0.004545970 0.006676240 0.003843060 0.010838330 0.008968560 0.005524390 0.011439170 0.002232620 0.005199640 0.007850680 0.009184710 0.011412070 0.011453780 0.007755300 0.007536110 0.000000000 0.003094730 0.000951100 0.003136750 0.004086120 0.005740630 0.005636790 0.008893900 0.006267080 0.010707860 0.004981790 0.003934680 0.001972680 0.001505210 0.001390860 
43     0.006455510 0.004908430 0.010068580 0.016495250 0.001288860 0.006630140 0.012771880 0.002924300 0.013364440 0.010084790 0.008786770 0.018195200 0.005516160 0.001151610 0.019534630 0.006088250 0.007887630 0.004944830 0.004522610 0.007787350 0.008722700 0.004663390 0.012459770 0.000468760 0.007408030 0.008769430 0.001919150 0.002721610 0.006887130 0.003433350 0.003817930 0.009349070 0.003972700 0.013514480 0.007592430 0.007363230 0.003094730 0.000000000 0.004037500 0.002712040 0.003017490 0.001724380 0.003181110 0.011433210 0.008806390 0.001288050 0.009968820 0.029523040 0.002601540 0.006842590 0.016829920 
35     0.005076290 0.001868110 0.008787050 0.009611790 0.022899540 0.001770160 0.009432230 0.002173120 0.006596880 0.003467720 0.008829420 0.009966540 0.017398270 0.007418280 0.006692710 0.015614010 0.015618540 0.003383920 0.011892210 0.001992890 0.002842010 0.012213210 0.011458610 0.000903210 0.013401850 0.012472670 0.014935120 0.010285440 0.003415880 0.005556010 0.008092760 0.007769960 0.005250110 0.013024210 0.003836990 0.004205360 0.000951100 0.004037500 0.000000000 0.000026880 0.004198190 0.003109740 0.002017360 0.007972550 0.008744580 0.009822760 0.011490140 0.010843060 0.009775070 0.003394420 0.009010820 
19     0.002207180 0.003474390 0.008956700 0.003779700 0.010626100 0.002770480 0.008301080 0.001374290 0.010660470 0.009002180 0.009792710 0.009843180 0.002496660 0.007948590 0.007223020 0.003053510 0.003922570 0.007304820 0.006817160 0.003779470 0.008811960 0.005092670 0.013485070 0.011760000 0.001755190 0.014955150 0.017417600 0.002838890 0.001320170 0.007799580 0.003279570 0.012953710 0.013880390 0.009761280 0.002283920 0.002449670 0.003136750 0.002712040 0.000026880 0.000000000 0.006349960 0.002978030 0.004845730 0.009464260 0.011212810 0.001058600 0.004130620 0.004772440 0.003169650 0.002926920 0.006009680 
36     0.012072530 0.007366790 0.002464570 0.001737540 0.012147700 0.007269600 0.005672830 0.005559940 0.002881320 0.014110570 0.008658750 0.010524840 0.012927390 0.002271030 0.004231860 0.003939330 0.003943860 0.014687880 0.005614260 0.014694220 0.004127550 0.008891080 0.010255090 0.005052630 0.006836170 0.007120720 0.004090430 0.018062070 0.020258470 0.004662760 0.003808670 0.003297380 0.004705430 0.008726790 0.016760320 0.017034820 0.004086120 0.003017490 0.004198190 0.006349960 0.000000000 0.000039810 0.001036920 0.006495940 0.016516890 0.004277250 0.002143720 0.011715160 0.006369300 0.007895440 0.002652840 
31     0.019417070 0.008052140 0.007100220 0.019877730 0.005604970 0.002904040 0.002548190 0.008294540 0.008936700 0.008790800 0.011454090 0.013673010 0.003934750 0.006895000 0.005838930 0.003976920 0.003981450 0.004537200 0.005763860 0.000602460 0.003209140 0.001673060 0.004309320 0.002839680 0.002995350 0.013236070 0.018142930 0.007004380 0.005357660 0.009845720 0.001836990 0.003420720 0.005393470 0.008151790 0.011136890 0.011835470 0.005740630 0.001724380 0.003109740 0.002978030 0.000039810 0.000000000 0.000105380 0.002075700 0.002717820 0.015010740 0.006445320 0.006899420 0.000829830 0.007086820 0.006221090 
37     0.016923100 0.012178590 0.007051440 0.011664120 0.003142050 0.008097710 0.004984620 0.005688970 0.006331130 0.001537540 0.002339370 0.008826150 0.003143630 0.007764270 0.006044720 0.001034930 0.001039460 0.015700320 0.003842770 0.000255000 0.002408430 0.013133850 0.005932160 0.008563610 0.003292150 0.014074320 0.014907880 0.008639080 0.005078120 0.010144780 0.009113980 0.009762200 0.007539470 0.001976430 0.005293570 0.005661940 0.005636790 0.003181110 0.002017360 0.004845730 0.001036920 0.000105380 0.000000000 0.012754080 0.006804470 0.012035770 0.006841510 0.009034370 0.002275420 0.010329350 0.002445310 
45     0.005817050 0.015056990 0.014555720 0.024630000 0.007799500 0.011189020 0.009291330 0.006729530 0.003850210 0.013705520 0.019053570 0.011379090 0.005965420 0.001656430 0.002006790 0.014918570 0.008217310 0.008361270 0.004948910 0.002511450 0.014306170 0.014200460 0.007121530 0.001016720 0.006401450 0.007727120 0.002826200 0.002936100 0.007041740 0.005491780 0.005315520 0.005951600 0.006437660 0.008043470 0.007068920 0.007124430 0.008893900 0.011433210 0.007972550 0.009464260 0.006495940 0.002075700 0.012754080 0.000000000 0.000262180 0.010983650 0.007210820 0.004489080 0.005952820 0.006573920 0.014080760 
47     0.004406080 0.006947660 0.001291980 0.011953900 0.003153690 0.001883970 0.010092330 0.010592580 0.012684480 0.006405050 0.004908760 0.007704550 0.010402870 0.011212470 0.012482890 0.003206200 0.001350370 0.005056860 0.003272980 0.017680970 0.017500740 0.009900830 0.023384670 0.005439820 0.008388280 0.001208170 0.004338890 0.011604990 0.008870390 0.009515540 0.014534230 0.020595070 0.013072160 0.004287070 0.003313240 0.003524320 0.006267080 0.008806390 0.008744580 0.011212810 0.016516890 0.002717820 0.006804470 0.000262180 0.000000000 0.008906130 0.003934410 0.020579290 0.010339080 0.001683530 0.007264290 
46     0.004388500 0.001122900 0.027068580 0.016765990 0.007235000 0.007174260 0.009871420 0.010935140 0.013505870 0.010347000 0.009934190 0.007985670 0.008339400 0.013285890 0.013960170 0.013661190 0.009439470 0.011487120 0.001666170 0.014340960 0.010369890 0.003515080 0.009029650 0.012548810 0.010653560 0.003509280 0.011344160 0.004551850 0.008505590 0.015404810 0.000484820 0.007203200 0.010533900 0.001591450 0.005476620 0.005198490 0.010707860 0.001288050 0.009822760 0.001058600 0.004277250 0.015010740 0.012035770 0.010983650 0.008906130 0.000000000 0.000009700 0.005333040 0.005040940 0.002511380 0.004448770 
48     0.003853530 0.011728280 0.004062270 0.009958200 0.001860870 0.002604280 0.008163970 0.012271530 0.009830480 0.003880360 0.008763740 0.002999020 0.010783090 0.017478410 0.014726240 0.003092690 0.004330490 0.005812180 0.004841730 0.005795260 0.002300720 0.002492000 0.003416510 0.010701330 0.015699940 0.010993610 0.000892310 0.005718680 0.003296670 0.006046580 0.008063540 0.009276670 0.014402190 0.004297610 0.004076370 0.006489900 0.004981790 0.009968820 0.011490140 0.004130620 0.002143720 0.006445320 0.006841510 0.007210820 0.003934410 0.000009700 0.000000000 0.004803350 0.003547080 0.003683450 0.012460890 
50     0.009490870 0.025301420 0.002517030 0.008267350 0.006173740 0.003100930 0.004846320 0.019349570 0.008561260 0.021058740 0.010076590 0.004926530 0.001941970 0.003210640 0.019333130 0.007418610 0.003975830 0.003549730 0.010501500 0.004688070 0.001824440 0.014233660 0.004176000 0.004652490 0.009584250 0.003283530 0.009545390 0.012507200 0.005442000 0.008309180 0.006326730 0.004777060 0.014747180 0.003251120 0.000348240 0.000816740 0.003934680 0.029523040 0.010843060 0.004772440 0.011715160 0.006899420 0.009034370 0.004489080 0.020579290 0.005333040 0.004803350 0.000000000 0.001057630 0.001951500 0.011321520 
44     0.005642700 0.005809270 0.011855660 0.007487090 0.014710830 0.004065600 0.000903320 0.006328040 0.001118980 0.001748760 0.006178900 0.011108690 0.003693010 0.002314280 0.003149990 0.007747380 0.002683260 0.004578130 0.001136450 0.003353100 0.003793530 0.000856450 0.001081130 0.005589100 0.001294340 0.001651320 0.004791040 0.003207400 0.003587610 0.012800860 0.003245020 0.001714460 0.001247060 0.003483400 0.010903760 0.010767110 0.001972680 0.002601540 0.009775070 0.003169650 0.006369300 0.000829830 0.002275420 0.005952820 0.010339080 0.005040940 0.003547080 0.001057630 0.000000000 0.005525080 0.007061200 
49     0.002445070 0.002801500 0.000684710 0.014536640 0.002218690 0.004063190 0.002360010 0.004493050 0.007716620 0.009121060 0.003785200 0.004928120 0.004480240 0.006315460 0.014777260 0.007207000 0.017014140 0.002485460 0.004202920 0.004418950 0.005118320 0.006996320 0.006342290 0.004127990 0.010910800 0.011553150 0.005975250 0.014456180 0.003916690 0.002726250 0.007745180 0.003648670 0.010302240 0.003883130 0.006053590 0.008435090 0.001505210 0.006842590 0.003394420 0.002926920 0.007895440 0.007086820 0.010329350 0.006573920 0.001683530 0.002511380 0.003683450 0.001951500 0.005525080 0.000000000 0.008441900 
0     0.011186300 0.004096400 0.003110500 0.004574630 0.013151350 0.001177140 0.006454110 0.006246400 0.006641440 0.013084840 0.010548410 0.011291280 0.008226270 0.002318370 0.005135030 0.010317690 0.011599620 0.011558670 0.013005160 0.011311010 0.014349270 0.011769650 0.007294020 0.005923020 0.005084900 0.008595670 0.011215120 0.016544910 0.009494200 0.013474140 0.003302250 0.009305920 0.023563770 0.003414850 0.001979100 0.003503030 0.001390860 0.016829920 0.009010820 0.006009680 0.002652840 0.006221090 0.002445310 0.014080760 0.007264290 0.004448770 0.012460890 0.011321520 0.007061200 0.008441900 0.000000000 
