51
1     0.000000000 0.139113079 0.142642783 0.142235755 0.128440236 0.134066369 0.139471974 0.140679358 0.141728582 0.143506691 0.147575181 0.135076101 0.141448707 0.145901466 0.146636699 0.173910529 0.173906209 0.166732878 0.153456040 0.162485422 0.137078798 0.137751955 0.151185732 0.155298630 0.161745594 0.160721165 0.160676043 0.176651099 0.143916182 0.143230195 0.141590185 0.150860641 0.150234181 0.144466223 0.169861374 0.169916226 0.181612210 0.185509963 0.179618426 0.174889870 0.178808544 0.176798242 0.176642131 0.177448390 0.170429261 0.168766514 0.165812233 0.169557077 0.152226587 0.157842113 0.222394557 
12     0.139113079 0.000000000 0.065476613 0.064953388 0.072256800 0.134857644 0.138504380 0.139267623 0.140893430 0.141781138 0.145262116 0.132400969 0.140811743 0.143895265 0.144632848 0.174357289 0.173930777 0.166363439 0.152788048 0.161896293 0.135561119 0.136780724 0.151057331 0.153346898 0.160374644 0.158579858 0.158909391 0.175383255 0.142781869 0.143062599 0.140247872 0.149266864 0.149000157 0.143694707 0.171266926 0.171360290 0.183693986 0.186582828 0.181503620 0.177805762 0.180554059 0.179085604 0.179392169 0.180562218 0.172441248 0.170236678 0.167624714 0.169035411 0.150752427 0.154279657 0.222511922 
6     0.142642783 0.065476613 0.000000000 0.044557247 0.076095105 0.137482453 0.141400511 0.141804150 0.144017522 0.145053904 0.148890956 0.136121733 0.143861719 0.147152854 0.147870321 0.176803687 0.176286656 0.169301451 0.155763124 0.164524916 0.138162413 0.139139439 0.152923776 0.155843705 0.161570657 0.159908662 0.160177637 0.177011727 0.144583971 0.145432639 0.142258089 0.151534700 0.150647310 0.145855962 0.173874379 0.173832665 0.186502365 0.190379412 0.184067461 0.180715335 0.182829393 0.181565745 0.181937032 0.183307011 0.175696665 0.174007243 0.171306513 0.172754318 0.154828459 0.159101398 0.224377977 
40     0.142235755 0.064953388 0.044557247 0.000000000 0.075320469 0.136339249 0.141032121 0.141819935 0.143594308 0.144374523 0.148618218 0.135610792 0.142746285 0.146302368 0.147050020 0.175426237 0.175151194 0.168709540 0.154854148 0.163341782 0.137953295 0.138889687 0.152469613 0.154903391 0.161907487 0.160285975 0.160569802 0.176852405 0.144069489 0.144613316 0.142188743 0.151711180 0.151109200 0.145060464 0.172547584 0.172532262 0.185302436 0.188712785 0.182057991 0.178881504 0.181929029 0.180545848 0.180863125 0.181860197 0.174046856 0.172692902 0.169826622 0.171785068 0.153350498 0.157879745 0.224076330 
32     0.128440236 0.072256800 0.076095105 0.075320469 0.000000000 0.123522530 0.127784978 0.129074927 0.130670638 0.131032537 0.134713801 0.122261310 0.129128696 0.133344036 0.134345639 0.163037739 0.162840188 0.155567992 0.141718975 0.151076229 0.125436463 0.126225321 0.139775238 0.142382574 0.149185783 0.147750953 0.148193529 0.164453483 0.131170144 0.131887183 0.129470243 0.139043787 0.138501629 0.132486593 0.160168021 0.160175338 0.171960323 0.175955433 0.169759089 0.166311514 0.170236569 0.168632295 0.168903966 0.167033051 0.159535951 0.158238509 0.155044655 0.157775474 0.140150328 0.143088059 0.209935924 
42     0.134066369 0.134857644 0.137482453 0.136339249 0.123522530 0.000000000 0.109017662 0.108582110 0.110780537 0.111861739 0.115896816 0.104172391 0.108598905 0.113924035 0.114811501 0.159071820 0.158939326 0.151737151 0.136677530 0.147678973 0.121328510 0.121912580 0.135966044 0.139149898 0.145966366 0.144789503 0.144549202 0.159367633 0.126139057 0.125365349 0.123581541 0.133205724 0.132658215 0.129300020 0.155481574 0.155660681 0.166954392 0.170640799 0.164434877 0.161857484 0.163707372 0.161911415 0.162526225 0.163329862 0.155428515 0.151437084 0.148935210 0.149530443 0.132331420 0.138441463 0.202203317 
17     0.139471974 0.138504380 0.141400511 0.141032121 0.127784978 0.109017662 0.000000000 0.064566017 0.065910299 0.067406249 0.115716141 0.103725890 0.110329386 0.115172499 0.115544995 0.165194190 0.165553042 0.158250030 0.144887973 0.153766542 0.128144245 0.128811768 0.143447380 0.148436884 0.153934073 0.152787461 0.152271981 0.167806885 0.135682528 0.135758816 0.132521484 0.140710687 0.140348410 0.137616706 0.165201810 0.165129922 0.175706900 0.180433010 0.172017062 0.168351969 0.174334274 0.171103229 0.171486913 0.171045294 0.163942288 0.163449971 0.160465495 0.160670457 0.141861340 0.147141077 0.214615727 
18     0.140679358 0.139267623 0.141804150 0.141819935 0.129074927 0.108582110 0.064566017 0.000000000 0.031688516 0.038524502 0.115304029 0.104611208 0.109675356 0.114141438 0.114295571 0.164999214 0.165338457 0.157399856 0.144495805 0.153427011 0.126962232 0.127065447 0.141706127 0.146847721 0.153443914 0.152238700 0.151932167 0.166856478 0.134162818 0.134564479 0.131809843 0.140458170 0.140181891 0.136007038 0.164399577 0.164505867 0.176002837 0.180546738 0.174323833 0.170777984 0.174266692 0.172245087 0.172024663 0.170314124 0.163048623 0.162787454 0.159544429 0.159415662 0.140427444 0.146940438 0.212308612 
22     0.141728582 0.140893430 0.144017522 0.143594308 0.130670638 0.110780537 0.065910299 0.031688516 0.000000000 0.039519527 0.117090373 0.106450239 0.111576195 0.116149008 0.116261280 0.166956055 0.167419208 0.159608431 0.146867734 0.156091152 0.129468947 0.129619903 0.143830361 0.148752614 0.155153585 0.153669089 0.153263448 0.168563898 0.136304670 0.136347608 0.134426704 0.142960726 0.142838434 0.138419624 0.166761972 0.166868262 0.178772378 0.183179619 0.176354718 0.173013180 0.176453333 0.174626542 0.174236902 0.172402876 0.164953337 0.165085862 0.161962872 0.162351672 0.143089019 0.148847467 0.214228034 
5     0.143506691 0.141781138 0.145053904 0.144374523 0.131032537 0.111861739 0.067406249 0.038524502 0.039519527 0.000000000 0.118126665 0.107381654 0.113103525 0.117698716 0.117876083 0.168447271 0.168770080 0.160844061 0.148157285 0.156960525 0.130485755 0.130810756 0.145092269 0.149963743 0.156294498 0.155070879 0.154853550 0.169694093 0.138147817 0.137923525 0.135771358 0.144498883 0.144185066 0.139998271 0.167170938 0.167254588 0.178726564 0.183602879 0.176834834 0.173384627 0.177360883 0.174813537 0.174662244 0.172974448 0.165504194 0.164885057 0.161489985 0.162031746 0.143247674 0.148963038 0.215094504 
9     0.147575181 0.145262116 0.148890956 0.148618218 0.134713801 0.115896816 0.115716141 0.115304029 0.117090373 0.118126665 0.000000000 0.083081277 0.101727223 0.104924716 0.105442619 0.172589943 0.172717904 0.165648032 0.150843512 0.160506806 0.134353018 0.134589539 0.148280604 0.153556406 0.160189496 0.159051124 0.158957154 0.174246345 0.142574508 0.141756441 0.137797931 0.147086373 0.146479031 0.142227664 0.171504507 0.171502252 0.180856805 0.186072272 0.180707038 0.176410720 0.178637526 0.177635506 0.177653798 0.179597927 0.172335198 0.170716120 0.167504705 0.169521421 0.151387044 0.156401999 0.221505457 
2     0.135076101 0.132400969 0.136121733 0.135610792 0.122261310 0.104172391 0.103725890 0.104611208 0.106450239 0.107381654 0.083081277 0.000000000 0.090791763 0.095315246 0.095937876 0.161142444 0.161341518 0.152392155 0.137959254 0.148011541 0.122163909 0.122128273 0.136674287 0.140789875 0.147221521 0.145546460 0.145863546 0.160837415 0.128632447 0.128048304 0.125414919 0.134207200 0.134002317 0.130199567 0.158056095 0.158052100 0.168420559 0.173519187 0.167922656 0.164013937 0.166099384 0.164956797 0.165068092 0.165989052 0.158715338 0.156330294 0.153306202 0.155567262 0.137539458 0.142898858 0.208208219 
20     0.141448707 0.140811743 0.143861719 0.142746285 0.129128696 0.108598905 0.110329386 0.109675356 0.111576195 0.113103525 0.101727223 0.090791763 0.000000000 0.053404673 0.053581035 0.166338089 0.166488093 0.158091010 0.144139117 0.154573932 0.128831446 0.128685759 0.142497329 0.146562414 0.152391748 0.151360538 0.150800853 0.167885431 0.134748641 0.135007048 0.132298710 0.140756966 0.140348805 0.136512277 0.163713841 0.164180713 0.174240890 0.179106863 0.171681105 0.167960113 0.171340119 0.170230122 0.170266112 0.171432957 0.164677165 0.162788629 0.159562223 0.162608579 0.143713465 0.149901638 0.216400611 
29     0.145901466 0.143895265 0.147152854 0.146302368 0.133344036 0.113924035 0.115172499 0.114141438 0.116149008 0.117698716 0.104924716 0.095315246 0.053404673 0.000000000 0.029089755 0.170449210 0.170478764 0.161087268 0.147495051 0.157419060 0.132452600 0.132649634 0.146120368 0.148399982 0.154832408 0.153352959 0.153051603 0.170475250 0.138664443 0.138642425 0.135964196 0.144603834 0.144100374 0.140182134 0.168628868 0.168704415 0.179347161 0.183740493 0.176223605 0.172352755 0.175614782 0.174009740 0.174204667 0.176188860 0.169595465 0.168587466 0.164976593 0.167449394 0.149524562 0.155461753 0.220337769 
21     0.146636699 0.144632848 0.147870321 0.147050020 0.134345639 0.114811501 0.115544995 0.114295571 0.116261280 0.117876083 0.105442619 0.095937876 0.053581035 0.029089755 0.000000000 0.169751476 0.169571183 0.161094331 0.147409510 0.157319702 0.133338103 0.133721521 0.146625932 0.150318008 0.156480255 0.155268544 0.154641010 0.171879894 0.139601475 0.139473657 0.135876328 0.145633360 0.145447598 0.141140002 0.169798876 0.169874424 0.180440659 0.184198444 0.176799152 0.172905712 0.176291564 0.174686634 0.174881561 0.177377258 0.170620546 0.169496683 0.165879908 0.168006303 0.149881002 0.156149775 0.221539324 
34     0.173910529 0.174357289 0.176803687 0.175426237 0.163037739 0.159071820 0.165194190 0.164999214 0.166956055 0.168447271 0.172589943 0.161142444 0.166338089 0.170449210 0.169751476 0.000000000 0.029459611 0.142258975 0.129082823 0.135334764 0.152576317 0.151611218 0.164046426 0.169008267 0.173791750 0.173581830 0.173052860 0.188355750 0.156637289 0.156495664 0.154287897 0.163543556 0.162538253 0.157636951 0.187294465 0.187338315 0.201331534 0.205032465 0.198931310 0.194590105 0.198520745 0.196627099 0.196510065 0.196860791 0.189961546 0.189823492 0.185087238 0.185393579 0.166944187 0.173442148 0.238682848 
30     0.173906209 0.173930777 0.176286656 0.175151194 0.162840188 0.158939326 0.165553042 0.165338457 0.167419208 0.168770080 0.172717904 0.161341518 0.166488093 0.170478764 0.169571183 0.029459611 0.000000000 0.142610399 0.129352418 0.135536218 0.153074867 0.152112858 0.164431446 0.169392206 0.174066798 0.173845760 0.173257949 0.188392026 0.156655524 0.156568364 0.154254670 0.163713442 0.162786844 0.158160197 0.187337780 0.187381630 0.201260500 0.204661947 0.198692444 0.194340783 0.198223766 0.196289226 0.196216291 0.196468622 0.189594091 0.189763693 0.184901580 0.184968982 0.166655497 0.173597915 0.238333597 
26     0.166732878 0.166363439 0.169301451 0.168709540 0.155567992 0.151737151 0.158250030 0.157399856 0.159608431 0.160844061 0.165648032 0.152392155 0.158091010 0.161087268 0.161094331 0.142258975 0.142610399 0.000000000 0.087561535 0.097688875 0.145664982 0.144991214 0.157390356 0.161744129 0.167129656 0.166674358 0.165834927 0.180705827 0.150206515 0.149140470 0.146410191 0.156028400 0.155327432 0.150152790 0.181165675 0.181128297 0.192925971 0.195614793 0.189591403 0.185772270 0.189602668 0.186734103 0.187507029 0.188795954 0.182028042 0.181720391 0.177409678 0.177154231 0.158676345 0.164894344 0.230612047 
10     0.153456040 0.152788048 0.155763124 0.154854148 0.141718975 0.136677530 0.144887973 0.144495805 0.146867734 0.148157285 0.150843512 0.137959254 0.144139117 0.147495051 0.147409510 0.129082823 0.129352418 0.087561535 0.000000000 0.084091082 0.132284829 0.131306694 0.143315198 0.147124666 0.152630584 0.152363378 0.151954102 0.166822255 0.135988989 0.135214319 0.132955250 0.142122119 0.141727092 0.136329794 0.168147607 0.168066182 0.180361724 0.182819739 0.178395973 0.174965483 0.176943606 0.175244584 0.175176323 0.175593457 0.168083862 0.168349925 0.164320875 0.165943287 0.149142270 0.152172524 0.218754620 
13     0.162485422 0.161896293 0.164524916 0.163341782 0.151076229 0.147678973 0.153766542 0.153427011 0.156091152 0.156960525 0.160506806 0.148011541 0.154573932 0.157419060 0.157319702 0.135334764 0.135536218 0.097688875 0.084091082 0.000000000 0.139099695 0.138560894 0.153177988 0.154919309 0.160950911 0.160611111 0.159829501 0.173944632 0.143114768 0.142677577 0.140042365 0.150800668 0.150147340 0.143654214 0.176125309 0.175927164 0.187728928 0.192825325 0.185400004 0.181513898 0.184475113 0.183075739 0.183409347 0.184546091 0.177963226 0.177731988 0.173144557 0.175190194 0.157379649 0.161612302 0.226480069 
3     0.137078798 0.135561119 0.138162413 0.137953295 0.125436463 0.121328510 0.128144245 0.126962232 0.129468947 0.130485755 0.134353018 0.122163909 0.128831446 0.132452600 0.133338103 0.152576317 0.153074867 0.145664982 0.132284829 0.139099695 0.000000000 0.028755980 0.107145168 0.120371207 0.126032593 0.124547216 0.124688399 0.141331475 0.109313317 0.108713486 0.105744360 0.114351035 0.114197155 0.108023914 0.151740998 0.151764949 0.163979564 0.167147957 0.161288353 0.158360152 0.160699625 0.160165169 0.160188169 0.163452850 0.155503115 0.154155781 0.150003582 0.152155100 0.134240509 0.139537866 0.204575363 
33     0.137751955 0.136780724 0.139139439 0.138889687 0.126225321 0.121912580 0.128811768 0.127065447 0.129619903 0.130810756 0.134589539 0.122128273 0.128685759 0.132649634 0.133721521 0.151611218 0.152112858 0.144991214 0.131306694 0.138560894 0.028755980 0.000000000 0.106243010 0.120278673 0.126088278 0.124652037 0.125062104 0.140785872 0.109075495 0.108462373 0.105663806 0.114222572 0.113970689 0.107804282 0.152251887 0.152272898 0.165234831 0.168233413 0.162150952 0.158994809 0.161706158 0.161132449 0.161217533 0.163238609 0.155568951 0.153274375 0.149354937 0.152389910 0.133811407 0.139761959 0.203833923 
41     0.151185732 0.151057331 0.152923776 0.152469613 0.139775238 0.135966044 0.143447380 0.141706127 0.143830361 0.145092269 0.148280604 0.136674287 0.142497329 0.146120368 0.146625932 0.164046426 0.164431446 0.157390356 0.143315198 0.153177988 0.107145168 0.106243010 0.000000000 0.131975939 0.138085423 0.136213040 0.137305672 0.152124468 0.122200380 0.120606941 0.117756642 0.124218347 0.123767357 0.121236921 0.167047467 0.167126844 0.178313759 0.182101169 0.174638952 0.171310798 0.174917690 0.173373883 0.173280207 0.175437781 0.168021124 0.168187873 0.164402420 0.163498827 0.146097463 0.153374171 0.216707402 
23     0.155298630 0.153346898 0.155843705 0.154903391 0.142382574 0.139149898 0.148436884 0.146847721 0.148752614 0.149963743 0.153556406 0.140789875 0.146562414 0.148399982 0.150318008 0.169008267 0.169392206 0.161744129 0.147124666 0.154919309 0.120371207 0.120278673 0.131975939 0.000000000 0.060091891 0.054954606 0.056334918 0.096129799 0.112431199 0.111169451 0.108686164 0.118727299 0.117920294 0.110111833 0.170366416 0.170527965 0.182178694 0.185983753 0.178813007 0.175343329 0.177032273 0.175395661 0.175975147 0.175898230 0.169828919 0.170134493 0.165425704 0.166378294 0.148106148 0.156219729 0.219593304 
25     0.161745594 0.160374644 0.161570657 0.161907487 0.149185783 0.145966366 0.153934073 0.153443914 0.155153585 0.156294498 0.160189496 0.147221521 0.152391748 0.154832408 0.156480255 0.173791750 0.174066798 0.167129656 0.152630584 0.160950911 0.126032593 0.126088278 0.138085423 0.060091891 0.000000000 0.036953024 0.042877771 0.103013797 0.118484256 0.117426399 0.115324594 0.124961942 0.124110311 0.117459706 0.176592272 0.176553373 0.187470289 0.192261535 0.185473757 0.182149201 0.184402237 0.182667283 0.183437555 0.184604915 0.178363680 0.178639222 0.173804691 0.173715309 0.155559371 0.163565214 0.228101672 
14     0.160721165 0.158579858 0.159908662 0.160285975 0.147750953 0.144789503 0.152787461 0.152238700 0.153669089 0.155070879 0.159051124 0.145546460 0.151360538 0.153352959 0.155268544 0.173581830 0.173845760 0.166674358 0.152363378 0.160611111 0.124547216 0.124652037 0.136213040 0.054954606 0.036953024 0.000000000 0.038635007 0.100844864 0.116580781 0.115041559 0.112965151 0.122330938 0.121537982 0.114661241 0.175953081 0.175907764 0.186517677 0.191112914 0.183254815 0.180018669 0.182281322 0.181319224 0.181994400 0.183913359 0.177294987 0.177086027 0.172107986 0.173055854 0.154692683 0.162972451 0.225765222 
24     0.160676043 0.158909391 0.160177637 0.160569802 0.148193529 0.144549202 0.152271981 0.151932167 0.153263448 0.154853550 0.158957154 0.145863546 0.150800853 0.153051603 0.154641010 0.173052860 0.173257949 0.165834927 0.151954102 0.159829501 0.124688399 0.125062104 0.137305672 0.056334918 0.042877771 0.038635007 0.000000000 0.101526619 0.116534526 0.115198771 0.114270484 0.124035830 0.123335041 0.115782389 0.175823732 0.175956467 0.188292206 0.192309697 0.185135077 0.182123688 0.184190864 0.182141791 0.182762049 0.183916874 0.177290114 0.177394328 0.172526392 0.172706123 0.154234617 0.162716240 0.227392351 
39     0.176651099 0.175383255 0.177011727 0.176852405 0.164453483 0.159367633 0.167806885 0.166856478 0.168563898 0.169694093 0.174246345 0.160837415 0.167885431 0.170475250 0.171879894 0.188355750 0.188392026 0.180705827 0.166822255 0.173944632 0.141331475 0.140785872 0.152124468 0.096129799 0.103013797 0.100844864 0.101526619 0.000000000 0.133590438 0.132873183 0.130377912 0.140341629 0.139812741 0.132869127 0.191470660 0.191578771 0.203214151 0.206919692 0.199631294 0.196150125 0.198993620 0.196898525 0.197815316 0.198558347 0.192717660 0.192475085 0.188464748 0.188659685 0.169779280 0.176395955 0.240819570 
4     0.143916182 0.142781869 0.144583971 0.144069489 0.131170144 0.126139057 0.135682528 0.134162818 0.136304670 0.138147817 0.142574508 0.128632447 0.134748641 0.138664443 0.139601475 0.156637289 0.156655524 0.150206515 0.135988989 0.143114768 0.109313317 0.109075495 0.122200380 0.112431199 0.118484256 0.116580781 0.116534526 0.133590438 0.000000000 0.036776679 0.068197644 0.076668838 0.076108948 0.102248111 0.158749495 0.158779952 0.171401502 0.175468493 0.169571883 0.166691649 0.168006003 0.165150653 0.165496077 0.167116824 0.160109778 0.159777597 0.155814645 0.155763283 0.137907029 0.143966033 0.208489861 
11     0.143230195 0.143062599 0.145432639 0.144613316 0.131887183 0.125365349 0.135758816 0.134564479 0.136347608 0.137923525 0.141756441 0.128048304 0.135007048 0.138642425 0.139473657 0.156495664 0.156568364 0.149140470 0.135214319 0.142677577 0.108713486 0.108462373 0.120606941 0.111169451 0.117426399 0.115041559 0.115198771 0.132873183 0.036776679 0.000000000 0.066114576 0.075352307 0.074704525 0.100983949 0.157520006 0.157559833 0.170082059 0.175071461 0.168360338 0.165755331 0.167170288 0.166130920 0.166316232 0.166852418 0.159937639 0.159716358 0.156269762 0.155124592 0.137262822 0.143668323 0.208338490 
38     0.141590185 0.140247872 0.142258089 0.142188743 0.129470243 0.123581541 0.132521484 0.131809843 0.134426704 0.135771358 0.137797931 0.125414919 0.132298710 0.135964196 0.135876328 0.154287897 0.154254670 0.146410191 0.132955250 0.140042365 0.105744360 0.105663806 0.117756642 0.108686164 0.115324594 0.112965151 0.114270484 0.130377912 0.068197644 0.066114576 0.000000000 0.056646139 0.056788259 0.097432549 0.157360200 0.157617989 0.169507481 0.173753206 0.165927037 0.162870391 0.164999757 0.163076069 0.163525863 0.165051373 0.158294970 0.158060988 0.154349945 0.154033933 0.135875745 0.141831393 0.206653664 
15     0.150860641 0.149266864 0.151534700 0.151711180 0.139043787 0.133205724 0.140710687 0.140458170 0.142960726 0.144498883 0.147086373 0.134207200 0.140756966 0.144603834 0.145633360 0.163543556 0.163713442 0.156028400 0.142122119 0.150800668 0.114351035 0.114222572 0.124218347 0.118727299 0.124961942 0.122330938 0.124035830 0.140341629 0.076668838 0.075352307 0.056646139 0.000000000 0.033157611 0.107356851 0.166236757 0.166494546 0.175641388 0.180847877 0.173062484 0.169787657 0.171025512 0.169109647 0.169394026 0.171500990 0.166147022 0.165344612 0.161304061 0.160792290 0.144535226 0.149310092 0.217467104 
7     0.150234181 0.149000157 0.150647310 0.151109200 0.138501629 0.132658215 0.140348410 0.140181891 0.142838434 0.144185066 0.146479031 0.134002317 0.140348805 0.144100374 0.145447598 0.162538253 0.162786844 0.155327432 0.141727092 0.150147340 0.114197155 0.113970689 0.123767357 0.117920294 0.124110311 0.121537982 0.123335041 0.139812741 0.076108948 0.074704525 0.056788259 0.033157611 0.000000000 0.106813783 0.165857063 0.166114852 0.174950238 0.180197642 0.172466598 0.169192082 0.170045573 0.167699111 0.168017746 0.170674479 0.165258566 0.165146733 0.161151415 0.160612006 0.144235981 0.148792545 0.216943638 
16     0.144466223 0.143694707 0.145855962 0.145060464 0.132486593 0.129300020 0.137616706 0.136007038 0.138419624 0.139998271 0.142227664 0.130199567 0.136512277 0.140182134 0.141140002 0.157636951 0.158160197 0.150152790 0.136329794 0.143654214 0.108023914 0.107804282 0.121236921 0.110111833 0.117459706 0.114661241 0.115782389 0.132869127 0.102248111 0.100983949 0.097432549 0.107356851 0.106813783 0.000000000 0.158965311 0.159035743 0.169894869 0.173741297 0.167708452 0.163312242 0.168323400 0.165136530 0.165306416 0.168964600 0.161142862 0.160739105 0.157146650 0.157254724 0.137973847 0.145743693 0.210957313 
8     0.169861374 0.171266926 0.173874379 0.172547584 0.160168021 0.155481574 0.165201810 0.164399577 0.166761972 0.167170938 0.171504507 0.158056095 0.163713841 0.168628868 0.169798876 0.187294465 0.187337780 0.181165675 0.168147607 0.176125309 0.151740998 0.152251887 0.167047467 0.170366416 0.176592272 0.175953081 0.175823732 0.191470660 0.158749495 0.157520006 0.157360200 0.166236757 0.165857063 0.158965311 0.000000000 0.018062157 0.176517884 0.182696242 0.175804903 0.170679875 0.175779459 0.170668653 0.171107706 0.182427162 0.173555806 0.174184760 0.170326680 0.172638421 0.154664117 0.160180249 0.225549718 
27     0.169916226 0.171360290 0.173832665 0.172532262 0.160175338 0.155660681 0.165129922 0.164505867 0.166868262 0.167254588 0.171502252 0.158052100 0.164180713 0.168704415 0.169874424 0.187338315 0.187381630 0.181128297 0.168066182 0.175927164 0.151764949 0.152272898 0.167126844 0.170527965 0.176553373 0.175907764 0.175956467 0.191578771 0.158779952 0.157559833 0.157617989 0.166494546 0.166114852 0.159035743 0.018062157 0.000000000 0.175863173 0.182315763 0.175950155 0.171048476 0.175614348 0.170864945 0.171303999 0.182552077 0.173642994 0.174309466 0.170606172 0.172644253 0.154708244 0.160317967 0.225562903 
28     0.181612210 0.183693986 0.186502365 0.185302436 0.171960323 0.166954392 0.175706900 0.176002837 0.178772378 0.178726564 0.180856805 0.168420559 0.174240890 0.179347161 0.180440659 0.201331534 0.201260500 0.192925971 0.180361724 0.187728928 0.163979564 0.165234831 0.178313759 0.182178694 0.187470289 0.186517677 0.188292206 0.203214151 0.171401502 0.170082059 0.169507481 0.175641388 0.174950238 0.169894869 0.176517884 0.175863173 0.000000000 0.101483071 0.120493976 0.115958167 0.124307464 0.122256117 0.122385197 0.194179076 0.187307030 0.185471503 0.181116000 0.184241221 0.167604242 0.168789081 0.234082211 
43     0.185509963 0.186582828 0.190379412 0.188712785 0.175955433 0.170640799 0.180433010 0.180546738 0.183179619 0.183602879 0.186072272 0.173519187 0.179106863 0.183740493 0.184198444 0.205032465 0.204661947 0.195614793 0.182819739 0.192825325 0.167147957 0.168233413 0.182101169 0.185983753 0.192261535 0.191112914 0.192309697 0.206919692 0.175468493 0.175071461 0.173753206 0.180847877 0.180197642 0.173741297 0.182696242 0.182315763 0.101483071 0.000000000 0.122777981 0.118241888 0.127381476 0.124827328 0.125625204 0.196516338 0.189933174 0.186896350 0.183302814 0.187806276 0.170180899 0.170693363 0.236678934 
35     0.179618426 0.181503620 0.184067461 0.182057991 0.169759089 0.164434877 0.172017062 0.174323833 0.176354718 0.176834834 0.180707038 0.167922656 0.171681105 0.176223605 0.176799152 0.198931310 0.198692444 0.189591403 0.178395973 0.185400004 0.161288353 0.162150952 0.174638952 0.178813007 0.185473757 0.183254815 0.185135077 0.199631294 0.169571883 0.168360338 0.165927037 0.173062484 0.172466598 0.167708452 0.175804903 0.175950155 0.120493976 0.122777981 0.000000000 0.041568605 0.102979205 0.099064961 0.100330005 0.190416866 0.183804202 0.182747501 0.178759009 0.182679907 0.165566029 0.167065999 0.233799195 
19     0.174889870 0.177805762 0.180715335 0.178881504 0.166311514 0.161857484 0.168351969 0.170777984 0.173013180 0.173384627 0.176410720 0.164013937 0.167960113 0.172352755 0.172905712 0.194590105 0.194340783 0.185772270 0.174965483 0.181513898 0.158360152 0.158994809 0.171310798 0.175343329 0.182149201 0.180018669 0.182123688 0.196150125 0.166691649 0.165755331 0.162870391 0.169787657 0.169192082 0.163312242 0.170679875 0.171048476 0.115958167 0.118241888 0.041568605 0.000000000 0.099047560 0.095580847 0.096391525 0.187196307 0.181127438 0.178974790 0.175034521 0.178232591 0.161640602 0.164089851 0.229789648 
36     0.178808544 0.180554059 0.182829393 0.181929029 0.170236569 0.163707372 0.174334274 0.174266692 0.176453333 0.177360883 0.178637526 0.166099384 0.171340119 0.175614782 0.176291564 0.198520745 0.198223766 0.189602668 0.176943606 0.184475113 0.160699625 0.161706158 0.174917690 0.177032273 0.184402237 0.182281322 0.184190864 0.198993620 0.168006003 0.167170288 0.164999757 0.171025512 0.170045573 0.168323400 0.175779459 0.175614348 0.124307464 0.127381476 0.102979205 0.099047560 0.000000000 0.058743318 0.060383633 0.191187528 0.184416944 0.182327040 0.178521565 0.181967004 0.166233750 0.167990614 0.234582452 
31     0.176798242 0.179085604 0.181565745 0.180545848 0.168632295 0.161911415 0.171103229 0.172245087 0.174626542 0.174813537 0.177635506 0.164956797 0.170230122 0.174009740 0.174686634 0.196627099 0.196289226 0.186734103 0.175244584 0.183075739 0.160165169 0.161132449 0.173373883 0.175395661 0.182667283 0.181319224 0.182141791 0.196898525 0.165150653 0.166130920 0.163076069 0.169109647 0.167699111 0.165136530 0.170668653 0.170864945 0.122256117 0.124827328 0.099064961 0.095580847 0.058743318 0.000000000 0.023586881 0.188112877 0.181820109 0.179623688 0.175679965 0.178905698 0.162876610 0.165075751 0.231914473 
37     0.176642131 0.179392169 0.181937032 0.180863125 0.168903966 0.162526225 0.171486913 0.172024663 0.174236902 0.174662244 0.177653798 0.165068092 0.170266112 0.174204667 0.174881561 0.196510065 0.196216291 0.187507029 0.175176323 0.183409347 0.160188169 0.161217533 0.173280207 0.175975147 0.183437555 0.181994400 0.182762049 0.197815316 0.165496077 0.166316232 0.163525863 0.169394026 0.168017746 0.165306416 0.171107706 0.171303999 0.122385197 0.125625204 0.100330005 0.096391525 0.060383633 0.023586881 0.000000000 0.188539380 0.182067719 0.180184560 0.176155300 0.178895989 0.162849208 0.165219861 0.231629396 
45     0.177448390 0.180562218 0.183307011 0.181860197 0.167033051 0.163329862 0.171045294 0.170314124 0.172402876 0.172974448 0.179597927 0.165989052 0.171432957 0.176188860 0.177377258 0.196860791 0.196468622 0.188795954 0.175593457 0.184546091 0.163452850 0.163238609 0.175437781 0.175898230 0.184604915 0.183913359 0.183916874 0.198558347 0.167116824 0.166852418 0.165051373 0.171500990 0.170674479 0.168964600 0.182427162 0.182552077 0.194179076 0.196516338 0.190416866 0.187196307 0.191187528 0.188112877 0.188539380 0.000000000 0.062719473 0.139694282 0.136116684 0.153842555 0.138394606 0.140305959 0.231064253 
47     0.170429261 0.172441248 0.175696665 0.174046856 0.159535951 0.155428515 0.163942288 0.163048623 0.164953337 0.165504194 0.172335198 0.158715338 0.164677165 0.169595465 0.170620546 0.189961546 0.189594091 0.182028042 0.168083862 0.177963226 0.155503115 0.155568951 0.168021124 0.169828919 0.178363680 0.177294987 0.177290114 0.192717660 0.160109778 0.159937639 0.158294970 0.166147022 0.165258566 0.161142862 0.173555806 0.173642994 0.187307030 0.189933174 0.183804202 0.181127438 0.184416944 0.181820109 0.182067719 0.062719473 0.000000000 0.131455286 0.127413956 0.147074934 0.131680263 0.132199926 0.222034682 
46     0.168766514 0.170236678 0.174007243 0.172692902 0.158238509 0.151437084 0.163449971 0.162787454 0.165085862 0.164885057 0.170716120 0.156330294 0.162788629 0.168587466 0.169496683 0.189823492 0.189763693 0.181720391 0.168349925 0.177731988 0.154155781 0.153274375 0.168187873 0.170134493 0.178639222 0.177086027 0.177394328 0.192475085 0.159777597 0.159716358 0.158060988 0.165344612 0.165146733 0.160739105 0.174184760 0.174309466 0.185471503 0.186896350 0.182747501 0.178974790 0.182327040 0.179623688 0.180184560 0.139694282 0.131455286 0.000000000 0.053089406 0.146002083 0.131138848 0.131957571 0.219945104 
48     0.165812233 0.167624714 0.171306513 0.169826622 0.155044655 0.148935210 0.160465495 0.159544429 0.161962872 0.161489985 0.167504705 0.153306202 0.159562223 0.164976593 0.165879908 0.185087238 0.184901580 0.177409678 0.164320875 0.173144557 0.150003582 0.149354937 0.164402420 0.165425704 0.173804691 0.172107986 0.172526392 0.188464748 0.155814645 0.156269762 0.154349945 0.161304061 0.161151415 0.157146650 0.170326680 0.170606172 0.181116000 0.183302814 0.178759009 0.175034521 0.178521565 0.175679965 0.176155300 0.136116684 0.127413956 0.053089406 0.000000000 0.142666456 0.127313559 0.127350699 0.216891253 
50     0.169557077 0.169035411 0.172754318 0.171785068 0.157775474 0.149530443 0.160670457 0.159415662 0.162351672 0.162031746 0.169521421 0.155567262 0.162608579 0.167449394 0.168006303 0.185393579 0.184968982 0.177154231 0.165943287 0.175190194 0.152155100 0.152389910 0.163498827 0.166378294 0.173715309 0.173055854 0.172706123 0.188659685 0.155763283 0.155124592 0.154033933 0.160792290 0.160612006 0.157254724 0.172638421 0.172644253 0.184241221 0.187806276 0.182679907 0.178232591 0.181967004 0.178905698 0.178895989 0.153842555 0.147074934 0.146002083 0.142666456 0.000000000 0.074235391 0.123436428 0.218188537 
44     0.152226587 0.150752427 0.154828459 0.153350498 0.140150328 0.132331420 0.141861340 0.140427444 0.143089019 0.143247674 0.151387044 0.137539458 0.143713465 0.149524562 0.149881002 0.166944187 0.166655497 0.158676345 0.149142270 0.157379649 0.134240509 0.133811407 0.146097463 0.148106148 0.155559371 0.154692683 0.154234617 0.169779280 0.137907029 0.137262822 0.135875745 0.144535226 0.144235981 0.137973847 0.154664117 0.154708244 0.167604242 0.170180899 0.165566029 0.161640602 0.166233750 0.162876610 0.162849208 0.138394606 0.131680263 0.131138848 0.127313559 0.074235391 0.000000000 0.108263714 0.200001051 
49     0.157842113 0.154279657 0.159101398 0.157879745 0.143088059 0.138441463 0.147141077 0.146940438 0.148847467 0.148963038 0.156401999 0.142898858 0.149901638 0.155461753 0.156149775 0.173442148 0.173597915 0.164894344 0.152172524 0.161612302 0.139537866 0.139761959 0.153374171 0.156219729 0.163565214 0.162972451 0.162716240 0.176395955 0.143966033 0.143668323 0.141831393 0.149310092 0.148792545 0.145743693 0.160180249 0.160317967 0.168789081 0.170693363 0.167065999 0.164089851 0.167990614 0.165075751 0.165219861 0.140305959 0.132199926 0.131957571 0.127350699 0.123436428 0.108263714 0.000000000 0.204386920 
0     0.222394557 0.222511922 0.224377977 0.224076330 0.209935924 0.202203317 0.214615727 0.212308612 0.214228034 0.215094504 0.221505457 0.208208219 0.216400611 0.220337769 0.221539324 0.238682848 0.238333597 0.230612047 0.218754620 0.226480069 0.204575363 0.203833923 0.216707402 0.219593304 0.228101672 0.225765222 0.227392351 0.240819570 0.208489861 0.208338490 0.206653664 0.217467104 0.216943638 0.210957313 0.225549718 0.225562903 0.234082211 0.236678934 0.233799195 0.229789648 0.234582452 0.231914473 0.231629396 0.231064253 0.222034682 0.219945104 0.216891253 0.218188537 0.200001051 0.204386920 0.000000000 
