51
5     0.000000000 0.002117200 0.007198060 0.001608800 0.002868610 0.002491300 0.003742310 0.004501870 0.010952260 0.004155110 0.006530680 0.011697160 0.000949050 0.003330420 0.030865870 0.030648490 0.015807840 0.005821440 0.006100090 0.007569150 0.008918460 0.006362510 0.005590080 0.010592840 0.001028500 0.011878450 0.008991020 0.007926900 0.007152700 0.002912960 0.004780320 0.009664850 0.010279560 0.004221530 0.020007580 0.001565700 0.008539970 0.003330990 0.002975490 0.009961900 0.011905960 0.011916430 0.008445090 0.009913400 0.002276070 0.015625490 0.009189970 0.009791230 0.005226190 0.004009330 0.002006430 
4     0.002117200 0.000000000 0.000116700 0.000495310 0.001288670 0.001266240 0.005185790 0.005314890 0.002922020 0.001864150 0.001827300 0.007302790 0.005506450 0.002263950 0.005988080 0.003220380 0.004043470 0.006061750 0.001697740 0.003158720 0.001314390 0.004537990 0.004693720 0.004894560 0.000889660 0.011903160 0.008996540 0.004856680 0.006200980 0.010543210 0.003561740 0.001108160 0.001750640 0.007944090 0.003027760 0.016971130 0.005587350 0.008461440 0.003045440 0.001934450 0.000616150 0.000661800 0.002087060 0.006336570 0.014621090 0.014095520 0.005932970 0.001060280 0.007350840 0.006010560 0.001012750 
1     0.007198060 0.000116700 0.000000000 0.001606400 0.000272580 0.002138050 0.001811020 0.001725310 0.005694820 0.000666260 0.012242760 0.002163590 0.016613210 0.003288140 0.004103900 0.000338770 0.021603410 0.010916110 0.004382540 0.002900340 0.001058350 0.005799370 0.002607120 0.004977470 0.010627740 0.005088540 0.002597590 0.007073020 0.004535580 0.006945500 0.005627160 0.003735130 0.003707570 0.006961560 0.008253250 0.010545450 0.003487470 0.006685010 0.002669420 0.010239070 0.001012790 0.010290830 0.008500480 0.003441030 0.010964210 0.004665620 0.004539790 0.002126710 0.008253360 0.007835300 0.005178500 
6     0.001608800 0.000495310 0.001606400 0.000000000 0.000747490 0.000120540 0.001463270 0.001168520 0.010036250 0.004307710 0.015483740 0.004279620 0.006658540 0.010134670 0.005135040 0.004467210 0.003592870 0.001962050 0.005346530 0.004811640 0.002430100 0.007896850 0.007855880 0.001032290 0.001997720 0.001480830 0.001063150 0.007727630 0.008429100 0.005950780 0.008181610 0.003576300 0.008143050 0.003627140 0.009685860 0.004242150 0.005844110 0.000563950 0.004703190 0.003732480 0.004693260 0.004338100 0.007753070 0.000417630 0.003974700 0.003388270 0.007097800 0.007699060 0.006241910 0.001278320 0.006456350 
2     0.002868610 0.001288670 0.000272580 0.000747490 0.000000000 0.006028810 0.004618620 0.004416210 0.003596800 0.006015640 0.007032570 0.002467160 0.006433440 0.002862510 0.003394730 0.004561330 0.008189290 0.004711090 0.006548030 0.000201700 0.004439280 0.001825480 0.001106130 0.000848730 0.006705450 0.003147490 0.004524420 0.006086210 0.000636200 0.007335730 0.008867420 0.009393700 0.005688950 0.003154450 0.006823880 0.005523050 0.004312510 0.007390390 0.004806000 0.004386810 0.001214380 0.000684010 0.001273090 0.006076170 0.008351850 0.018290950 0.000342940 0.005893960 0.006190940 0.002523890 0.006417780 
3     0.002491300 0.001266240 0.002138050 0.000120540 0.006028810 0.000000000 0.001372530 0.001077780 0.001339330 0.002984040 0.007484540 0.005493810 0.007005250 0.004624880 0.004392560 0.009871530 0.014932150 0.009356350 0.008183580 0.001696680 0.000336420 0.004096140 0.004560980 0.005054700 0.002169580 0.004298300 0.005129300 0.006149400 0.003421080 0.007198270 0.005777290 0.003819730 0.003160480 0.006524990 0.001717800 0.003289390 0.003119290 0.003193080 0.002317440 0.005310960 0.001631060 0.001418750 0.006223190 0.002954480 0.009624460 0.007170000 0.004780270 0.003277080 0.001807150 0.002970850 0.000323420 
15     0.003742310 0.005185790 0.001811020 0.001463270 0.004618620 0.001372530 0.000000000 0.000021180 0.003425390 0.000860630 0.006385940 0.002084030 0.002836060 0.001470370 0.003230590 0.002329190 0.001909830 0.004214400 0.000828560 0.006394730 0.002461700 0.000199240 0.002589120 0.001223550 0.003802390 0.002102030 0.000677710 0.010224250 0.006854780 0.001113760 0.002444560 0.000965280 0.006850680 0.001802900 0.006574990 0.019406770 0.004584540 0.003057450 0.002156270 0.001133760 0.003651160 0.002738430 0.003764400 0.002429190 0.010543260 0.005749400 0.002935780 0.004314750 0.001738170 0.000250830 0.003588890 
23     0.004501870 0.005314890 0.001725310 0.001168520 0.004416210 0.001077780 0.000021180 0.000000000 0.004332370 0.000878360 0.004455540 0.002122390 0.011579380 0.001523350 0.005651040 0.002826600 0.002313450 0.004382710 0.004364420 0.005745520 0.002525180 0.001093900 0.003123040 0.001365180 0.003312760 0.001660720 0.001144110 0.004884670 0.006916980 0.000856520 0.002267120 0.000569770 0.001983380 0.001080410 0.001084340 0.020497550 0.000898310 0.000830720 0.002540890 0.002781920 0.004684120 0.003419550 0.003292260 0.003989360 0.010702620 0.005706890 0.001935820 0.004429890 0.001836470 0.000350860 0.003646890 
10     0.010952260 0.002922020 0.005694820 0.010036250 0.003596800 0.001339330 0.003425390 0.004332370 0.000000000 0.008024350 0.008110670 0.013659410 0.001200360 0.003235490 0.019879210 0.016954970 0.002581940 0.007815650 0.023658260 0.009638950 0.001942270 0.001452010 0.001748300 0.000385090 0.004569610 0.008605440 0.006658850 0.025249510 0.022205220 0.017329040 0.005508870 0.005897590 0.015751620 0.002433920 0.010553840 0.013779630 0.006799820 0.006999210 0.004995020 0.003632790 0.010842210 0.011404550 0.006988180 0.008229150 0.018634510 0.021800840 0.002968710 0.006041760 0.020497040 0.013962760 0.006124560 
18     0.004155110 0.001864150 0.000666260 0.004307710 0.006015640 0.002984040 0.000860630 0.000878360 0.008024350 0.000000000 0.000281980 0.000013790 0.000073570 0.000378230 0.004264700 0.003240630 0.002927920 0.002365450 0.010129970 0.003056470 0.001451880 0.002006920 0.005804910 0.003858320 0.005336880 0.001720030 0.001083030 0.001048630 0.010518020 0.005420240 0.005475650 0.004106540 0.006500840 0.001894110 0.004179800 0.010719310 0.001768880 0.001994510 0.006262810 0.002905810 0.003770350 0.002807710 0.003083730 0.003300290 0.010470310 0.012853690 0.003229980 0.004065320 0.005234560 0.001017920 0.009207170 
47     0.006530680 0.001827300 0.012242760 0.015483740 0.007032570 0.007484540 0.006385940 0.004455540 0.008110670 0.000281980 0.000000000 0.000421110 0.000355530 0.000660190 0.000978310 0.008474860 0.007150040 0.003899270 0.011837500 0.001234060 0.006357220 0.007187260 0.002979890 0.001277020 0.006617260 0.002364420 0.002192490 0.006406130 0.010799980 0.005702200 0.005757610 0.007501420 0.006782800 0.004569840 0.010594540 0.005715670 0.006161060 0.003288750 0.009821050 0.002944110 0.003252470 0.003297520 0.000886230 0.007209790 0.010538980 0.001765760 0.002575810 0.009563130 0.004191090 0.016113770 0.008783830 
25     0.011697160 0.007302790 0.002163590 0.004279620 0.002467160 0.005493810 0.002084030 0.002122390 0.013659410 0.000013790 0.000421110 0.000000000 0.004184470 0.007086020 0.001620750 0.002649810 0.003312800 0.001537800 0.002896010 0.000107180 0.002215520 0.003623430 0.003404190 0.001311710 0.001905630 0.001900390 0.001469190 0.004911900 0.008641660 0.004759540 0.006602060 0.000690470 0.001534590 0.001086910 0.001093370 0.006231410 0.004965530 0.002571810 0.004767280 0.001267290 0.006975690 0.002292290 0.000975390 0.002372680 0.005124810 0.005632460 0.009238150 0.006811600 0.003050940 0.011195370 0.005197200 
21     0.000949050 0.005506450 0.016613210 0.006658540 0.006433440 0.007005250 0.002836060 0.011579380 0.001200360 0.000073570 0.000355530 0.004184470 0.000000000 0.000005830 0.001990850 0.000783480 0.014201260 0.005913330 0.007090230 0.000482090 0.004249160 0.003255910 0.005646530 0.005619930 0.002395010 0.000978730 0.001620850 0.011641860 0.010292610 0.005376350 0.005391270 0.002934810 0.006456950 0.004243990 0.010859090 0.010075790 0.002797710 0.002843770 0.004057770 0.001737300 0.000100160 0.001627390 0.006749200 0.002689950 0.015389450 0.009666370 0.010472590 0.017994440 0.003603170 0.004963900 0.011693220 
30     0.003330420 0.002263950 0.003288140 0.010134670 0.002862510 0.004624880 0.001470370 0.001523350 0.003235490 0.000378230 0.000660190 0.007086020 0.000005830 0.000000000 0.013042410 0.001793810 0.023422180 0.002788060 0.003984740 0.008868370 0.003997610 0.002379620 0.002487800 0.005924590 0.004000200 0.008114650 0.001399080 0.016529650 0.010604000 0.005681010 0.005736420 0.003237840 0.006761610 0.004548650 0.011926260 0.013488260 0.001008500 0.002525270 0.005664960 0.002614850 0.002852740 0.002504940 0.002733110 0.004159750 0.018957330 0.011016230 0.004976710 0.013474250 0.005230070 0.001598590 0.009090520 
20     0.030865870 0.005988080 0.004103900 0.005135040 0.003394730 0.004392560 0.003230590 0.005651040 0.019879210 0.004264700 0.000978310 0.001620750 0.001990850 0.013042410 0.000000000 0.000259000 0.002104330 0.005019530 0.001662750 0.007372700 0.003550960 0.010607800 0.005927740 0.006559650 0.002006440 0.006904870 0.003432010 0.010538650 0.003990960 0.007613260 0.012935900 0.003609330 0.006905730 0.012871670 0.008378690 0.001771390 0.000298190 0.001779940 0.006129680 0.008471230 0.013997950 0.003219860 0.003408890 0.003349420 0.003327600 0.020316540 0.005566410 0.016186530 0.005394130 0.007874350 0.007086340 
26     0.030648490 0.003220380 0.000338770 0.004467210 0.004561330 0.009871530 0.002329190 0.002826600 0.016954970 0.003240630 0.008474860 0.002649810 0.000783480 0.001793810 0.000259000 0.000000000 0.008196190 0.000848350 0.001374320 0.004898470 0.003419320 0.006104280 0.005054150 0.000573730 0.005666030 0.001184610 0.000404480 0.004296170 0.000299540 0.004989460 0.001342100 0.002740700 0.000401700 0.004715900 0.015824850 0.002517960 0.001631410 0.002624270 0.001878710 0.003129110 0.008021340 0.002783480 0.005988240 0.001192160 0.012894780 0.000930360 0.000383450 0.010479330 0.002483550 0.001335340 0.003549350 
42     0.015807840 0.004043470 0.021603410 0.003592870 0.008189290 0.014932150 0.001909830 0.002313450 0.002581940 0.002927920 0.007150040 0.003312800 0.014201260 0.023422180 0.002104330 0.008196190 0.000000000 0.001631710 0.000283720 0.004098470 0.002402790 0.001344190 0.020835330 0.007651900 0.014021970 0.006293250 0.013556300 0.005931520 0.004166470 0.014395980 0.014467620 0.009000810 0.007915090 0.001750400 0.018700890 0.002778130 0.007003000 0.014261970 0.018529230 0.008681910 0.003837820 0.007144940 0.002297020 0.011763800 0.027145090 0.013641350 0.005736690 0.020951720 0.010494870 0.019184430 0.009417940 
32     0.005821440 0.006061750 0.010916110 0.001962050 0.004711090 0.009356350 0.004214400 0.004382710 0.007815650 0.002365450 0.003899270 0.001537800 0.005913330 0.002788060 0.005019530 0.000848350 0.001631710 0.000000000 0.001701430 0.001484870 0.001825810 0.001534670 0.004924430 0.005681160 0.003850400 0.000477580 0.000124670 0.000969010 0.007877920 0.001408410 0.001336370 0.001059470 0.001047020 0.001457670 0.007103330 0.002285610 0.002161810 0.004189840 0.008001960 0.003983260 0.006461040 0.006772910 0.002113830 0.003831570 0.006598700 0.002871170 0.002556130 0.005421360 0.002917300 0.006586850 0.004933300 
41     0.006100090 0.001697740 0.004382540 0.005346530 0.006548030 0.008183580 0.000828560 0.004364420 0.023658260 0.010129970 0.011837500 0.002896010 0.007090230 0.003984740 0.001662750 0.001374320 0.000283720 0.001701430 0.000000000 0.003425090 0.002547320 0.005795360 0.002961970 0.004355200 0.004094760 0.003395580 0.004239330 0.011084300 0.005693980 0.003842330 0.005294740 0.002673350 0.001009060 0.003283090 0.015838260 0.006701300 0.002037950 0.003433240 0.007078310 0.005439490 0.006743800 0.005571330 0.011578070 0.004860470 0.012359760 0.004076100 0.003306340 0.017206420 0.002160750 0.009601080 0.006285940 
38     0.007569150 0.003158720 0.002900340 0.004811640 0.000201700 0.001696680 0.006394730 0.005745520 0.009638950 0.003056470 0.001234060 0.000107180 0.000482090 0.008868370 0.007372700 0.004898470 0.004098470 0.001484870 0.003425090 0.000000000 0.000061700 0.001626970 0.000485400 0.002964480 0.001573790 0.005036930 0.001778150 0.009399380 0.002864110 0.006604320 0.010273950 0.001559280 0.001246920 0.000366740 0.001664130 0.001104620 0.001099430 0.003867840 0.008854430 0.007000860 0.006850480 0.000200260 0.006040780 0.002219300 0.003626550 0.006177280 0.001870650 0.002945720 0.004783300 0.003015920 0.003305200 
35     0.008918460 0.001314390 0.001058350 0.002430100 0.004439280 0.000336420 0.002461700 0.002525180 0.001942270 0.001451880 0.006357220 0.002215520 0.004249160 0.003997610 0.003550960 0.003419320 0.002402790 0.001825810 0.002547320 0.000061700 0.000000000 0.001907090 0.000468440 0.005925270 0.003673470 0.003383730 0.001382810 0.003954520 0.007390260 0.002294400 0.003394690 0.002558860 0.001680460 0.002183520 0.000476400 0.002843230 0.005504610 0.002126920 0.003400320 0.004124800 0.004484840 0.001684450 0.001747410 0.001852590 0.007362240 0.004800130 0.000700960 0.015945460 0.004396540 0.001095650 0.009837570 
19     0.006362510 0.004537990 0.005799370 0.007896850 0.001825480 0.004096140 0.000199240 0.001093900 0.001452010 0.002006920 0.007187260 0.003623430 0.003255910 0.002379620 0.010607800 0.006104280 0.001344190 0.001534670 0.005795360 0.001626970 0.001907090 0.000000000 0.000318500 0.000357700 0.004836350 0.003474950 0.000656920 0.001312220 0.004097190 0.009558230 0.009017230 0.004133760 0.004646800 0.002888760 0.007498360 0.002250070 0.003087700 0.001457480 0.003398060 0.003515580 0.004354650 0.003462970 0.003737250 0.002127140 0.005631580 0.008430250 0.001920950 0.006621390 0.002206980 0.002291370 0.002709500 
28     0.005590080 0.004693720 0.002607120 0.007855880 0.001106130 0.004560980 0.002589120 0.003123040 0.001748300 0.005804910 0.002979890 0.003404190 0.005646530 0.002487800 0.005927740 0.005054150 0.020835330 0.004924430 0.002961970 0.000485400 0.000468440 0.000318500 0.000000000 0.001937430 0.001793420 0.000314980 0.000420440 0.003833070 0.001150780 0.006161850 0.001337210 0.004489780 0.006391610 0.002187740 0.011577210 0.001807420 0.004257570 0.005125850 0.000648710 0.003161880 0.003636130 0.005939430 0.000357510 0.001835400 0.001074140 0.004026580 0.001202070 0.007674440 0.003905210 0.001751070 0.014058030 
9     0.010592840 0.004894560 0.004977470 0.001032290 0.000848730 0.005054700 0.001223550 0.001365180 0.000385090 0.003858320 0.001277020 0.001311710 0.005619930 0.005924590 0.006559650 0.000573730 0.007651900 0.005681160 0.004355200 0.002964480 0.005925270 0.000357700 0.001937430 0.000000000 0.001907610 0.003590620 0.000772590 0.004458730 0.003137560 0.005385220 0.002467780 0.001287510 0.006108410 0.002401890 0.003263570 0.009972010 0.005178420 0.005279470 0.001822680 0.005071270 0.003975810 0.005893280 0.001732360 0.007219720 0.002777200 0.003221880 0.000945320 0.001205480 0.001656500 0.002100230 0.005489410 
40     0.001028500 0.000889660 0.010627740 0.001997720 0.006705450 0.002169580 0.003802390 0.003312760 0.004569610 0.005336880 0.006617260 0.001905630 0.002395010 0.004000200 0.002006440 0.005666030 0.014021970 0.003850400 0.004094760 0.001573790 0.003673470 0.004836350 0.001793420 0.001907610 0.000000000 0.000048470 0.000248600 0.004556850 0.000019540 0.001943700 0.004961360 0.000614890 0.009503000 0.003037630 0.004978850 0.003005570 0.003267260 0.004206770 0.004100030 0.007095070 0.002196500 0.007382760 0.002837030 0.000989640 0.002881080 0.018435210 0.003361130 0.007115970 0.004119210 0.006994820 0.007363690 
27     0.011878450 0.011903160 0.005088540 0.001480830 0.003147490 0.004298300 0.002102030 0.001660720 0.008605440 0.001720030 0.002364420 0.001900390 0.000978730 0.008114650 0.006904870 0.001184610 0.006293250 0.000477580 0.003395580 0.005036930 0.003383730 0.003474950 0.000314980 0.003590620 0.000048470 0.000000000 0.000038930 0.005751300 0.004965450 0.001852680 0.010866990 0.011712840 0.006355730 0.001735170 0.010592730 0.002918500 0.006309100 0.002505160 0.002820530 0.001400900 0.006834390 0.001971620 0.006963530 0.002127880 0.009746550 0.016116420 0.002839720 0.017162980 0.006705650 0.017964560 0.003786070 
14     0.008991020 0.008996540 0.002597590 0.001063150 0.004524420 0.005129300 0.000677710 0.001144110 0.006658850 0.001083030 0.002192490 0.001469190 0.001620850 0.001399080 0.003432010 0.000404480 0.013556300 0.000124670 0.004239330 0.001778150 0.001382810 0.000656920 0.000420440 0.000772590 0.000248600 0.000038930 0.000000000 0.002246070 0.003689290 0.003783400 0.000517220 0.002420580 0.002941370 0.002636130 0.005316780 0.001978460 0.000744560 0.000450910 0.003733360 0.003046650 0.001156330 0.000588730 0.001601460 0.006891330 0.006865080 0.007168190 0.000791760 0.001086930 0.001242620 0.005178360 0.000046080 
43     0.007926900 0.004856680 0.007073020 0.007727630 0.006086210 0.006149400 0.010224250 0.004884670 0.025249510 0.001048630 0.006406130 0.004911900 0.011641860 0.016529650 0.010538650 0.004296170 0.005931520 0.000969010 0.011084300 0.009399380 0.003954520 0.001312220 0.003833070 0.004458730 0.004556850 0.005751300 0.002246070 0.000000000 0.011443710 0.005426730 0.008507970 0.006248500 0.003601730 0.011052450 0.011782260 0.005590920 0.006500290 0.005942250 0.003896220 0.008016920 0.003502800 0.008310810 0.004763460 0.007009400 0.015107800 0.016052860 0.007886540 0.004850880 0.003159130 0.005748060 0.010112820 
7     0.007152700 0.006200980 0.004535580 0.008429100 0.000636200 0.003421080 0.006854780 0.006916980 0.022205220 0.010518020 0.010799980 0.008641660 0.010292610 0.010604000 0.003990960 0.000299540 0.004166470 0.007877920 0.005693980 0.002864110 0.007390260 0.004097190 0.001150780 0.003137560 0.000019540 0.004965450 0.003689290 0.011443710 0.000000000 0.000544530 0.000997880 0.003426160 0.001468210 0.000483580 0.006714620 0.010757800 0.002988850 0.003369620 0.008696820 0.011857370 0.010405150 0.013081030 0.010940470 0.008391750 0.007164780 0.019229260 0.004438810 0.011392590 0.009381940 0.001516440 0.007205760 
16     0.002912960 0.010543210 0.006945500 0.005950780 0.007335730 0.007198270 0.001113760 0.000856520 0.017329040 0.005420240 0.005702200 0.004759540 0.005376350 0.005681010 0.007613260 0.004989460 0.014395980 0.001408410 0.003842330 0.006604320 0.002294400 0.009558230 0.006161850 0.005385220 0.001943700 0.001852680 0.003783400 0.005426730 0.000544530 0.000000000 0.000023680 0.001285680 0.001192900 0.000912550 0.007879350 0.009454950 0.010478740 0.005538300 0.010337800 0.013919330 0.013509930 0.014043110 0.005842690 0.005794240 0.008775940 0.005335240 0.003848770 0.004343630 0.000580440 0.003175490 0.008083470 
31     0.004780320 0.003561740 0.005627160 0.008181610 0.008867420 0.005777290 0.002444560 0.002267120 0.005508870 0.005475650 0.005757610 0.006602060 0.005391270 0.005736420 0.012935900 0.001342100 0.014467620 0.001336370 0.005294740 0.010273950 0.003394690 0.009017230 0.001337210 0.002467780 0.004961360 0.010866990 0.000517220 0.008507970 0.000997880 0.000023680 0.000000000 0.002441750 0.001248310 0.001187770 0.007049140 0.004580890 0.008582610 0.003650920 0.005759130 0.011069710 0.009684680 0.011926080 0.005898100 0.008592090 0.015542810 0.005661590 0.005341460 0.012087630 0.002905810 0.006174370 0.008359680 
17     0.009664850 0.001108160 0.003735130 0.003576300 0.009393700 0.003819730 0.000965280 0.000569770 0.005897590 0.004106540 0.007501420 0.000690470 0.002934810 0.003237840 0.003609330 0.002740700 0.009000810 0.001059470 0.002673350 0.001559280 0.002558860 0.004133760 0.004489780 0.001287510 0.000614890 0.011712840 0.002420580 0.006248500 0.003426160 0.001285680 0.002441750 0.000000000 0.002401450 0.000481300 0.006123810 0.003689590 0.002679670 0.003647350 0.010192880 0.001135210 0.001689530 0.004414360 0.007165200 0.006149570 0.008494210 0.014609670 0.009532700 0.008020930 0.001205410 0.000375350 0.001920370 
46     0.010279560 0.001750640 0.003707570 0.008143050 0.005688950 0.003160480 0.006850680 0.001983380 0.015751620 0.006500840 0.006782800 0.001534590 0.006456950 0.006761610 0.006905730 0.000401700 0.007915090 0.001047020 0.001009060 0.001246920 0.001680460 0.004646800 0.006391610 0.006108410 0.009503000 0.006355730 0.002941370 0.003601730 0.001468210 0.001192900 0.001248310 0.002401450 0.000000000 0.002212960 0.018135410 0.005678810 0.002366320 0.008210650 0.010993120 0.003706480 0.007745870 0.009447940 0.002365800 0.003391160 0.001054520 0.011171960 0.005725760 0.006011960 0.003665260 0.005745910 0.000822030 
49     0.004221530 0.007944090 0.006961560 0.003627140 0.003154450 0.006524990 0.001802900 0.001080410 0.002433920 0.001894110 0.004569840 0.001086910 0.004243990 0.004548650 0.012871670 0.004715900 0.001750400 0.001457670 0.003283090 0.000366740 0.002183520 0.002888760 0.002187740 0.002401890 0.003037630 0.001735170 0.002636130 0.011052450 0.000483580 0.000912550 0.001187770 0.000481300 0.002212960 0.000000000 0.003088550 0.002081630 0.004998350 0.003604800 0.006168380 0.004722120 0.005665790 0.004851970 0.004583480 0.005824450 0.004774170 0.007455730 0.001652080 0.004846360 0.003151800 0.001654670 0.009268910 
33     0.020007580 0.003027760 0.008253250 0.009685860 0.006823880 0.001717800 0.006574990 0.001084340 0.010553840 0.004179800 0.010594540 0.001093370 0.010859090 0.011926260 0.008378690 0.015824850 0.018700890 0.007103330 0.015838260 0.001664130 0.000476400 0.007498360 0.011577210 0.003263570 0.004978850 0.010592730 0.005316780 0.011782260 0.006714620 0.007879350 0.007049140 0.006123810 0.018135410 0.003088550 0.000000000 0.000871040 0.004880910 0.007687950 0.012906620 0.002418960 0.003445330 0.004527250 0.003141140 0.000539200 0.003252850 0.004145990 0.008672050 0.020885720 0.003581670 0.006639730 0.003172950 
48     0.001565700 0.016971130 0.010545450 0.004242150 0.005523050 0.003289390 0.019406770 0.020497550 0.013779630 0.010719310 0.005715670 0.006231410 0.010075790 0.013488260 0.001771390 0.002517960 0.002778130 0.002285610 0.006701300 0.001104620 0.002843230 0.002250070 0.001807420 0.009972010 0.003005570 0.002918500 0.001978460 0.005590920 0.010757800 0.009454950 0.004580890 0.003689590 0.005678810 0.002081630 0.000871040 0.000000000 0.006794430 0.007094870 0.007912800 0.003421470 0.003356600 0.003005750 0.003166680 0.004306530 0.005404470 0.002410770 0.001435040 0.003719700 0.004405550 0.005729620 0.004353520 
22     0.008539970 0.005587350 0.003487470 0.005844110 0.004312510 0.003119290 0.004584540 0.000898310 0.006799820 0.001768880 0.006161060 0.004965530 0.002797710 0.001008500 0.000298190 0.001631410 0.007003000 0.002161810 0.002037950 0.001099430 0.005504610 0.003087700 0.004257570 0.005178420 0.003267260 0.006309100 0.000744560 0.006500290 0.002988850 0.010478740 0.008582610 0.002679670 0.002366320 0.004998350 0.004880910 0.006794430 0.000000000 0.000066460 0.002321830 0.000602980 0.002602670 0.001404810 0.000204630 0.000342660 0.006741100 0.009078990 0.000185860 0.014567670 0.006186660 0.007117380 0.003238520 
39     0.003330990 0.008461440 0.006685010 0.000563950 0.007390390 0.003193080 0.003057450 0.000830720 0.006999210 0.001994510 0.003288750 0.002571810 0.002843770 0.002525270 0.001779940 0.002624270 0.014261970 0.004189840 0.003433240 0.003867840 0.002126920 0.001457480 0.005125850 0.005279470 0.004206770 0.002505160 0.000450910 0.005942250 0.003369620 0.005538300 0.003650920 0.003647350 0.008210650 0.003604800 0.007687950 0.007094870 0.000066460 0.000000000 0.001697460 0.003400190 0.005847270 0.000780440 0.000152770 0.000290800 0.006340040 0.006646210 0.012012070 0.006418330 0.005369210 0.004307650 0.006107550 
12     0.002975490 0.003045440 0.002669420 0.004703190 0.004806000 0.002317440 0.002156270 0.002540890 0.004995020 0.006262810 0.009821050 0.004767280 0.004057770 0.005664960 0.006129680 0.001878710 0.018529230 0.008001960 0.007078310 0.008854430 0.003400320 0.003398060 0.000648710 0.001822680 0.004100030 0.002820530 0.003733360 0.003896220 0.008696820 0.010337800 0.005759130 0.010192880 0.010993120 0.006168380 0.012906620 0.007912800 0.002321830 0.001697460 0.000000000 0.001572670 0.001664850 0.001558480 0.001235530 0.000154460 0.008785590 0.004781760 0.005879410 0.013258700 0.006957080 0.006629900 0.008099520 
50     0.009961900 0.001934450 0.010239070 0.003732480 0.004386810 0.005310960 0.001133760 0.002781920 0.003632790 0.002905810 0.002944110 0.001267290 0.001737300 0.002614850 0.008471230 0.003129110 0.008681910 0.003983260 0.005439490 0.007000860 0.004124800 0.003515580 0.003161880 0.005071270 0.007095070 0.001400900 0.003046650 0.008016920 0.011857370 0.013919330 0.011069710 0.001135210 0.003706480 0.004722120 0.002418960 0.003421470 0.000602980 0.003400190 0.001572670 0.000000000 0.000158710 0.000015400 0.000365260 0.001273220 0.007488990 0.003911490 0.008157760 0.015858010 0.001674340 0.005759630 0.007054230 
44     0.011905960 0.000616150 0.001012790 0.004693260 0.001214380 0.001631060 0.003651160 0.004684120 0.010842210 0.003770350 0.003252470 0.006975690 0.000100160 0.002852740 0.013997950 0.008021340 0.003837820 0.006461040 0.006743800 0.006850480 0.004484840 0.004354650 0.003636130 0.003975810 0.002196500 0.006834390 0.001156330 0.003502800 0.010405150 0.013509930 0.009684680 0.001689530 0.007745870 0.005665790 0.003445330 0.003356600 0.002602670 0.005847270 0.001664850 0.000158710 0.000000000 0.000106870 0.001472610 0.002540930 0.006036770 0.007674940 0.010592750 0.015703220 0.004513890 0.007425940 0.014475990 
8     0.011916430 0.000661800 0.010290830 0.004338100 0.000684010 0.001418750 0.002738430 0.003419550 0.011404550 0.002807710 0.003297520 0.002292290 0.001627390 0.002504940 0.003219860 0.002783480 0.007144940 0.006772910 0.005571330 0.000200260 0.001684450 0.003462970 0.005939430 0.005893280 0.007382760 0.001971620 0.000588730 0.008310810 0.013081030 0.014043110 0.011926080 0.004414360 0.009447940 0.004851970 0.004527250 0.003005750 0.001404810 0.000780440 0.001558480 0.000015400 0.000106870 0.000000000 0.000208790 0.000985840 0.009129020 0.006227330 0.001731650 0.018107900 0.000093410 0.002552310 0.013742950 
24     0.008445090 0.002087060 0.008500480 0.007753070 0.001273090 0.006223190 0.003764400 0.003292260 0.006988180 0.003083730 0.000886230 0.000975390 0.006749200 0.002733110 0.003408890 0.005988240 0.002297020 0.002113830 0.011578070 0.006040780 0.001747410 0.003737250 0.000357510 0.001732360 0.002837030 0.006963530 0.001601460 0.004763460 0.010940470 0.005842690 0.005898100 0.007165200 0.002365800 0.004583480 0.003141140 0.003166680 0.000204630 0.000152770 0.001235530 0.000365260 0.001472610 0.000208790 0.000000000 0.000427490 0.006187770 0.003573630 0.005825770 0.004290430 0.002463540 0.003622340 0.007661990 
45     0.009913400 0.006336570 0.003441030 0.000417630 0.006076170 0.002954480 0.002429190 0.003989360 0.008229150 0.003300290 0.007209790 0.002372680 0.002689950 0.004159750 0.003349420 0.001192160 0.011763800 0.003831570 0.004860470 0.002219300 0.001852590 0.002127140 0.001835400 0.007219720 0.000989640 0.002127880 0.006891330 0.007009400 0.008391750 0.005794240 0.008592090 0.006149570 0.003391160 0.005824450 0.000539200 0.004306530 0.000342660 0.000290800 0.000154460 0.001273220 0.002540930 0.000985840 0.000427490 0.000000000 0.008876120 0.004338290 0.000482140 0.008270730 0.002683830 0.004902200 0.006000580 
36     0.002276070 0.014621090 0.010964210 0.003974700 0.008351850 0.009624460 0.010543260 0.010702620 0.018634510 0.010470310 0.010538980 0.005124810 0.015389450 0.018957330 0.003327600 0.012894780 0.027145090 0.006598700 0.012359760 0.003626550 0.007362240 0.005631580 0.001074140 0.002777200 0.002881080 0.009746550 0.006865080 0.015107800 0.007164780 0.008775940 0.015542810 0.008494210 0.001054520 0.004774170 0.003252850 0.005404470 0.006741100 0.006340040 0.008785590 0.007488990 0.006036770 0.009129020 0.006187770 0.008876120 0.000000000 0.002085110 0.002567480 0.012190570 0.008591320 0.007915720 0.005967530 
37     0.015625490 0.014095520 0.004665620 0.003388270 0.018290950 0.007170000 0.005749400 0.005706890 0.021800840 0.012853690 0.001765760 0.005632460 0.009666370 0.011016230 0.020316540 0.000930360 0.013641350 0.002871170 0.004076100 0.006177280 0.004800130 0.008430250 0.004026580 0.003221880 0.018435210 0.016116420 0.007168190 0.016052860 0.019229260 0.005335240 0.005661590 0.014609670 0.011171960 0.007455730 0.004145990 0.002410770 0.009078990 0.006646210 0.004781760 0.003911490 0.007674940 0.006227330 0.003573630 0.004338290 0.002085110 0.000000000 0.000998340 0.005517220 0.005785230 0.004287860 0.000095630 
13     0.009189970 0.005932970 0.004539790 0.007097800 0.000342940 0.004780270 0.002935780 0.001935820 0.002968710 0.003229980 0.002575810 0.009238150 0.010472590 0.004976710 0.005566410 0.000383450 0.005736690 0.002556130 0.003306340 0.001870650 0.000700960 0.001920950 0.001202070 0.000945320 0.003361130 0.002839720 0.000791760 0.007886540 0.004438810 0.003848770 0.005341460 0.009532700 0.005725760 0.001652080 0.008672050 0.001435040 0.000185860 0.012012070 0.005879410 0.008157760 0.010592750 0.001731650 0.005825770 0.000482140 0.002567480 0.000998340 0.000000000 0.000784700 0.006541410 0.007117750 0.019587430 
11     0.009791230 0.001060280 0.002126710 0.007699060 0.005893960 0.003277080 0.004314750 0.004429890 0.006041760 0.004065320 0.009563130 0.006811600 0.017994440 0.013474250 0.016186530 0.010479330 0.020951720 0.005421360 0.017206420 0.002945720 0.015945460 0.006621390 0.007674440 0.001205480 0.007115970 0.017162980 0.001086930 0.004850880 0.011392590 0.004343630 0.012087630 0.008020930 0.006011960 0.004846360 0.020885720 0.003719700 0.014567670 0.006418330 0.013258700 0.015858010 0.015703220 0.018107900 0.004290430 0.008270730 0.012190570 0.005517220 0.000784700 0.000000000 0.010624040 0.006742340 0.006387300 
34     0.005226190 0.007350840 0.008253360 0.006241910 0.006190940 0.001807150 0.001738170 0.001836470 0.020497040 0.005234560 0.004191090 0.003050940 0.003603170 0.005230070 0.005394130 0.002483550 0.010494870 0.002917300 0.002160750 0.004783300 0.004396540 0.002206980 0.003905210 0.001656500 0.004119210 0.006705650 0.001242620 0.003159130 0.009381940 0.000580440 0.002905810 0.001205410 0.003665260 0.003151800 0.003581670 0.004405550 0.006186660 0.005369210 0.006957080 0.001674340 0.004513890 0.000093410 0.002463540 0.002683830 0.008591320 0.005785230 0.006541410 0.010624040 0.000000000 0.011589010 0.005732440 
29     0.004009330 0.006010560 0.007835300 0.001278320 0.002523890 0.002970850 0.000250830 0.000350860 0.013962760 0.001017920 0.016113770 0.011195370 0.004963900 0.001598590 0.007874350 0.001335340 0.019184430 0.006586850 0.009601080 0.003015920 0.001095650 0.002291370 0.001751070 0.002100230 0.006994820 0.017964560 0.005178360 0.005748060 0.001516440 0.003175490 0.006174370 0.000375350 0.005745910 0.001654670 0.006639730 0.005729620 0.007117380 0.004307650 0.006629900 0.005759630 0.007425940 0.002552310 0.003622340 0.004902200 0.007915720 0.004287860 0.007117750 0.006742340 0.011589010 0.000000000 0.003124510 
0     0.002006430 0.001012750 0.005178500 0.006456350 0.006417780 0.000323420 0.003588890 0.003646890 0.006124560 0.009207170 0.008783830 0.005197200 0.011693220 0.009090520 0.007086340 0.003549350 0.009417940 0.004933300 0.006285940 0.003305200 0.009837570 0.002709500 0.014058030 0.005489410 0.007363690 0.003786070 0.000046080 0.010112820 0.007205760 0.008083470 0.008359680 0.001920370 0.000822030 0.009268910 0.003172950 0.004353520 0.003238520 0.006107550 0.008099520 0.007054230 0.014475990 0.013742950 0.007661990 0.006000580 0.005967530 0.000095630 0.019587430 0.006387300 0.005732440 0.003124510 0.000000000 
