51
5     0.000000000 0.132950593 0.135524567 0.144611458 0.133656940 0.146527383 0.189687897 0.190285648 0.245205276 0.173105616 0.179822160 0.174332905 0.224133417 0.225188767 0.205374140 0.202869264 0.240353579 0.196737848 0.208964120 0.173390911 0.173417853 0.168921010 0.168540406 0.169238671 0.205745001 0.207780451 0.201210065 0.222962262 0.199954727 0.194521983 0.195210316 0.189269304 0.194259080 0.185143394 0.220732030 0.221592771 0.170130150 0.172069768 0.182344452 0.175194399 0.175506122 0.175258003 0.181613657 0.170168274 0.224923472 0.202767777 0.189719111 0.198943544 0.187223630 0.183512738 0.256393150 
4     0.132950593 0.000000000 0.049201694 0.083635293 0.094471204 0.110256878 0.153493583 0.153804605 0.209286225 0.137230522 0.145053987 0.139726136 0.188779954 0.189602998 0.168242576 0.165338246 0.205204021 0.162054251 0.173244982 0.136677694 0.135998649 0.132460921 0.131948780 0.132004065 0.168873840 0.172417835 0.165246196 0.185501393 0.160864216 0.156270552 0.157167243 0.153274786 0.158169676 0.148475505 0.183252153 0.185385903 0.133630656 0.135480822 0.146590316 0.139020034 0.139537229 0.138922623 0.145575631 0.134057167 0.187638702 0.167054895 0.152598995 0.163468917 0.149451158 0.148106798 0.221656858 
1     0.135524567 0.049201694 0.000000000 0.086521525 0.096362528 0.112169058 0.155035349 0.155342501 0.211208196 0.136390494 0.144267785 0.138838307 0.189449224 0.190210678 0.167938057 0.165372059 0.205979607 0.163662399 0.173538000 0.137864497 0.137341126 0.133021885 0.132798014 0.132211762 0.169991637 0.173026395 0.165689829 0.187436066 0.162720508 0.156829394 0.158133500 0.154135304 0.159086933 0.148710840 0.184072980 0.185593882 0.133911671 0.136262367 0.147543914 0.140336033 0.140597596 0.140109589 0.146308389 0.134906987 0.187946227 0.168970198 0.153797483 0.164749134 0.151482489 0.150079822 0.221507170 
6     0.144611458 0.083635293 0.086521525 0.000000000 0.105266990 0.120983824 0.162573973 0.163079735 0.220549251 0.149739743 0.157152259 0.149920117 0.200677728 0.201469981 0.179154170 0.176670354 0.216097559 0.171967771 0.182930098 0.147868500 0.146960049 0.144268136 0.144206971 0.144961221 0.179225760 0.181861690 0.175590564 0.196784045 0.173191325 0.168179642 0.169931499 0.165519538 0.170207212 0.159159278 0.195824955 0.197487199 0.144294867 0.146836977 0.159301667 0.150665836 0.151029326 0.150388051 0.157650040 0.146128840 0.199005635 0.178945778 0.163767948 0.174522828 0.160780898 0.159632115 0.232360287 
2     0.133656940 0.094471204 0.096362528 0.105266990 0.000000000 0.110807461 0.154346673 0.154882315 0.210972799 0.138027245 0.145121651 0.137863985 0.187487097 0.188292493 0.168422300 0.165693208 0.204244336 0.161511395 0.170612353 0.137682091 0.136229485 0.133392502 0.132607349 0.133327780 0.169774456 0.172408011 0.166153812 0.187257060 0.162746294 0.157938305 0.159277017 0.155904876 0.160430507 0.150691508 0.183422642 0.185513231 0.135093267 0.137140421 0.148375625 0.140570356 0.141034204 0.140377170 0.147230073 0.135502098 0.188261629 0.167596063 0.152360704 0.162311781 0.150583715 0.149728317 0.223386739 
3     0.146527383 0.110256878 0.112169058 0.120983824 0.110807461 0.000000000 0.153884822 0.154268767 0.207867740 0.139578696 0.147925498 0.140529973 0.190647993 0.192258066 0.168919208 0.165990203 0.202640189 0.163542557 0.172356960 0.140455973 0.139895542 0.134427559 0.133740047 0.134912751 0.169517108 0.172520677 0.166621546 0.187228229 0.164999556 0.159014432 0.159816501 0.156540330 0.160340806 0.151202148 0.182963755 0.185184129 0.135197732 0.137721838 0.147632383 0.139876310 0.140046897 0.139407247 0.146225029 0.135536968 0.190196995 0.168306343 0.152778120 0.162685532 0.150452356 0.148746512 0.221195379 
15     0.189687897 0.153493583 0.155035349 0.162573973 0.154346673 0.153884822 0.000000000 0.005247188 0.136765182 0.145207153 0.153822946 0.145905952 0.194898978 0.196245424 0.175334620 0.171888491 0.210838989 0.170235028 0.179451958 0.143547398 0.143463210 0.140027322 0.141756967 0.141801254 0.174852952 0.176769442 0.170597376 0.194566453 0.170968378 0.164091351 0.165642070 0.162518819 0.166557693 0.155517032 0.188879706 0.191672120 0.141260392 0.142589412 0.153485451 0.144071194 0.144725439 0.143842774 0.152515389 0.141611360 0.197821949 0.173276782 0.157002552 0.167402579 0.158445001 0.155020157 0.229513735 
23     0.190285648 0.153804605 0.155342501 0.163079735 0.154882315 0.154268767 0.005247188 0.000000000 0.136835283 0.145387464 0.153946800 0.146238857 0.195323798 0.196642237 0.175234834 0.171921677 0.211091549 0.170511056 0.179468080 0.143204849 0.143558905 0.140325922 0.141987666 0.142127347 0.174477185 0.176447775 0.170392182 0.194455178 0.171101415 0.164046078 0.165680861 0.162571164 0.166660018 0.155535367 0.188875867 0.191737435 0.141446630 0.142753567 0.153672699 0.144296199 0.144950142 0.144067477 0.152800101 0.142202874 0.198042117 0.173446894 0.157177221 0.167576663 0.158741262 0.155344488 0.229839776 
10     0.245205276 0.209286225 0.211208196 0.220549251 0.210972799 0.207867740 0.136765182 0.136835283 0.000000000 0.202246312 0.211776231 0.203063094 0.251100664 0.252312282 0.230761825 0.227190125 0.267162606 0.227805756 0.236543504 0.200604098 0.201458677 0.195036346 0.195703602 0.196783933 0.231959666 0.234712813 0.227714775 0.250080952 0.227530800 0.219997048 0.221030857 0.217567068 0.222505112 0.211951225 0.245894946 0.247866403 0.198297948 0.200063982 0.209996690 0.200600191 0.201611490 0.200742532 0.208959216 0.198142836 0.251971356 0.229966324 0.215650142 0.226367025 0.213926875 0.211527386 0.284924446 
18     0.173105616 0.137230522 0.136390494 0.149739743 0.138027245 0.139578696 0.145207153 0.145387464 0.202246312 0.000000000 0.039016972 0.057358333 0.146219408 0.147729327 0.131959094 0.127476193 0.168917883 0.126533230 0.131684897 0.106220770 0.105908802 0.121423801 0.122164106 0.123259818 0.156429670 0.159265261 0.151902304 0.174144843 0.151875665 0.145888308 0.147956610 0.143891786 0.149008756 0.139410016 0.172320995 0.174071076 0.122521065 0.123911401 0.135237993 0.127266732 0.128277711 0.127588262 0.133852608 0.124267320 0.179605870 0.155844543 0.141009147 0.151703376 0.141121239 0.137622670 0.219351727 
47     0.179822160 0.145053987 0.144267785 0.157152259 0.145121651 0.147925498 0.153822946 0.153946800 0.211776231 0.039016972 0.000000000 0.065689809 0.153308824 0.154675950 0.138581020 0.134107828 0.176193883 0.134033937 0.139073690 0.113010713 0.113745191 0.129688079 0.130665090 0.131236968 0.164376138 0.167412021 0.160059524 0.181966302 0.159943095 0.153354529 0.155500463 0.151621949 0.156414355 0.146991961 0.179944251 0.181644901 0.130770085 0.131882155 0.142387502 0.134575371 0.135657283 0.134786097 0.141142165 0.131219114 0.186550927 0.162764534 0.148620244 0.159462472 0.148103571 0.145875140 0.227109403 
25     0.174332905 0.139726136 0.138838307 0.149920117 0.137863985 0.140529973 0.145905952 0.146238857 0.203063094 0.057358333 0.065689809 0.000000000 0.145332249 0.146886578 0.129458191 0.125846814 0.167216744 0.125751236 0.131259994 0.104896219 0.105549868 0.120678383 0.122121420 0.122489248 0.156844379 0.159591012 0.152944207 0.175447524 0.151090418 0.144056192 0.146170699 0.142692102 0.147046737 0.137251366 0.172911007 0.173698854 0.122760788 0.123595885 0.135205148 0.126420135 0.127599490 0.126702071 0.133216803 0.123765122 0.178916812 0.152926715 0.139473208 0.150133047 0.138785100 0.138035692 0.220293963 
21     0.224133417 0.188779954 0.189449224 0.200677728 0.187487097 0.190647993 0.194898978 0.195323798 0.251100664 0.146219408 0.153308824 0.145332249 0.000000000 0.038647056 0.179166436 0.175375146 0.217209605 0.174052770 0.181842353 0.154697125 0.156691651 0.170524412 0.171496018 0.170858433 0.205847645 0.209014827 0.201236234 0.224125492 0.201691907 0.193868359 0.196149207 0.192749447 0.197654260 0.186657969 0.223081842 0.223732983 0.173898968 0.174813053 0.185630487 0.177269185 0.178283029 0.177315552 0.184670735 0.174466052 0.229342046 0.205799637 0.190673156 0.201855251 0.191071110 0.186182667 0.268108910 
30     0.225188767 0.189602998 0.190210678 0.201469981 0.188292493 0.192258066 0.196245424 0.196642237 0.252312282 0.147729327 0.154675950 0.146886578 0.038647056 0.000000000 0.181658187 0.177847421 0.219986939 0.176470273 0.183857178 0.155986706 0.157775532 0.171991682 0.172488293 0.172027538 0.207364426 0.210759272 0.203022875 0.225833954 0.202442477 0.194615569 0.196901072 0.194033446 0.198657295 0.187797348 0.223855648 0.224751792 0.174580189 0.175820959 0.186309811 0.178025454 0.179047143 0.178106531 0.185652101 0.175320750 0.230939454 0.206660628 0.192032677 0.203269207 0.192252858 0.187645694 0.269154323 
20     0.205374140 0.168242576 0.167938057 0.179154170 0.168422300 0.168919208 0.175334620 0.175234834 0.230761825 0.131959094 0.138581020 0.129458191 0.179166436 0.181658187 0.000000000 0.032818456 0.151814055 0.110807288 0.115260433 0.133539326 0.133656455 0.152167262 0.152980801 0.153033149 0.187139036 0.190736098 0.184386885 0.205337360 0.182074973 0.176362234 0.178057348 0.173785783 0.178917871 0.168002911 0.201794520 0.203570082 0.155012598 0.155992509 0.165333024 0.158139682 0.159239569 0.158104829 0.164973828 0.155507253 0.208849663 0.185454501 0.170346643 0.180415704 0.170711481 0.168649401 0.248163696 
26     0.202869264 0.165338246 0.165372059 0.176670354 0.165693208 0.165990203 0.171888491 0.171921677 0.227190125 0.127476193 0.134107828 0.125846814 0.175375146 0.177847421 0.032818456 0.000000000 0.147185931 0.105615567 0.110479753 0.129782279 0.130173653 0.148942924 0.150060114 0.150247942 0.183665837 0.186840474 0.180166667 0.201654460 0.178987258 0.172623835 0.173744489 0.170259815 0.175069261 0.164453508 0.199785804 0.201707201 0.151612891 0.152750813 0.161807838 0.154848065 0.155935943 0.154871338 0.161617937 0.152015724 0.206097570 0.181580206 0.167106793 0.177219353 0.166027742 0.165107157 0.244381913 
42     0.240353579 0.205204021 0.205979607 0.216097559 0.204244336 0.202640189 0.210838989 0.211091549 0.267162606 0.168917883 0.176193883 0.167216744 0.217209605 0.219986939 0.151814055 0.147185931 0.000000000 0.123223081 0.138205688 0.169333197 0.169993786 0.186689575 0.187411789 0.188469712 0.224373008 0.227212251 0.219921126 0.239804854 0.217711926 0.211230478 0.212520849 0.209340827 0.214435680 0.203336112 0.238465975 0.239748395 0.190243609 0.191724191 0.201172678 0.193967406 0.194811661 0.193750182 0.200298158 0.190755763 0.242631786 0.219218073 0.205141765 0.215802962 0.204793283 0.202854011 0.281205079 
32     0.196737848 0.162054251 0.163662399 0.171967771 0.161511395 0.163542557 0.170235028 0.170511056 0.227805756 0.126533230 0.134033937 0.125751236 0.174052770 0.176470273 0.110807288 0.105615567 0.123223081 0.000000000 0.096460578 0.129249327 0.128555083 0.147383774 0.147090419 0.148050887 0.181874496 0.185773242 0.178499047 0.199290126 0.176278911 0.170833391 0.170993068 0.166716781 0.171990827 0.162317605 0.197950328 0.199284179 0.149294322 0.150586194 0.159721268 0.152596796 0.153737214 0.152415041 0.159652455 0.148783609 0.201786257 0.177628007 0.164779287 0.174551702 0.163116853 0.161331315 0.241117780 
41     0.208964120 0.173244982 0.173538000 0.182930098 0.170612353 0.172356960 0.179451958 0.179468080 0.236543504 0.131684897 0.139073690 0.131259994 0.181842353 0.183857178 0.115260433 0.110479753 0.138205688 0.096460578 0.000000000 0.135352568 0.135625190 0.153633210 0.154992293 0.155371334 0.190291593 0.193381967 0.186550157 0.207165523 0.182402052 0.177105064 0.177546251 0.175142292 0.179395273 0.170103694 0.205620828 0.207704345 0.157366538 0.158043834 0.168290536 0.161380641 0.162620996 0.161251550 0.168146839 0.158910307 0.210960680 0.186324365 0.173454348 0.183861337 0.171377277 0.170471772 0.250395606 
38     0.173390911 0.136677694 0.137864497 0.147868500 0.137682091 0.140455973 0.143547398 0.143204849 0.200604098 0.106220770 0.113010713 0.104896219 0.154697125 0.155986706 0.133539326 0.129782279 0.169333197 0.129249327 0.135352568 0.000000000 0.058389604 0.119556161 0.120543405 0.120494914 0.156421216 0.158762883 0.152247965 0.173988187 0.150723594 0.144321197 0.146019004 0.142422096 0.145120933 0.135650942 0.171495591 0.173420785 0.123865041 0.124156620 0.134546933 0.127024072 0.127615559 0.126932051 0.134076489 0.123023026 0.176540159 0.154583233 0.139269701 0.149812027 0.139981167 0.136900279 0.220786680 
35     0.173417853 0.135998649 0.137341126 0.146960049 0.136229485 0.139895542 0.143463210 0.143558905 0.201458677 0.105908802 0.113745191 0.105549868 0.156691651 0.157775532 0.133656455 0.130173653 0.169993786 0.128555083 0.135625190 0.058389604 0.000000000 0.120277608 0.121060110 0.121776359 0.155722040 0.157863247 0.151231494 0.173840746 0.149154682 0.144987447 0.145874246 0.142986081 0.146972004 0.136501256 0.171848403 0.174124436 0.124351038 0.125352023 0.134859136 0.127401994 0.128034892 0.127325310 0.133668408 0.124661074 0.177415627 0.154815955 0.140146891 0.150784063 0.139896169 0.136109780 0.219205179 
19     0.168921010 0.132460921 0.133021885 0.144268136 0.133392502 0.134427559 0.140027322 0.140325922 0.195036346 0.121423801 0.129688079 0.120678383 0.170524412 0.171991682 0.152167262 0.148942924 0.186689575 0.147383774 0.153633210 0.119556161 0.120277608 0.000000000 0.059439763 0.058171251 0.131134129 0.132364317 0.125042704 0.154187718 0.129994041 0.123391292 0.123705182 0.120860187 0.127400732 0.115094714 0.153606816 0.155371390 0.103063072 0.104173856 0.115589143 0.107408890 0.107716371 0.107405515 0.114432417 0.103135015 0.156113755 0.135368359 0.120755008 0.130702291 0.119239360 0.119042674 0.209405881 
28     0.168540406 0.131948780 0.132798014 0.144206971 0.132607349 0.133740047 0.141756967 0.141987666 0.195703602 0.122164106 0.130665090 0.122121420 0.171496018 0.172488293 0.152980801 0.150060114 0.187411789 0.147090419 0.154992293 0.120543405 0.121060110 0.059439763 0.000000000 0.052767049 0.133178498 0.133479284 0.128526527 0.155331021 0.132869410 0.125943711 0.126538393 0.122112791 0.128569025 0.118331367 0.155820591 0.157400852 0.106280452 0.107371322 0.116767529 0.108792925 0.109220523 0.108992894 0.115915861 0.105074767 0.158178829 0.138402910 0.123251846 0.133403807 0.120403505 0.120620631 0.209997430 
9     0.169238671 0.132004065 0.132211762 0.144961221 0.133327780 0.134912751 0.141801254 0.142127347 0.196783933 0.123259818 0.131236968 0.122489248 0.170858433 0.172027538 0.153033149 0.150247942 0.188469712 0.148050887 0.155371334 0.120494914 0.121776359 0.058171251 0.052767049 0.000000000 0.133589933 0.134925082 0.128810031 0.156669438 0.132180489 0.125989057 0.126478049 0.122798586 0.129560226 0.118380594 0.154756733 0.156358805 0.107406171 0.108499263 0.117997483 0.109674432 0.110087341 0.109524169 0.116620614 0.106416697 0.158152067 0.138064420 0.123352094 0.133003354 0.120884740 0.121563994 0.210593714 
40     0.205745001 0.168873840 0.169991637 0.179225760 0.169774456 0.169517108 0.174852952 0.174477185 0.231959666 0.156429670 0.164376138 0.156844379 0.205847645 0.207364426 0.187139036 0.183665837 0.224373008 0.181874496 0.190291593 0.156421216 0.155722040 0.131134129 0.133178498 0.133589933 0.000000000 0.054561512 0.048761743 0.192871406 0.173214399 0.166413298 0.166506942 0.164798639 0.169119460 0.158159386 0.193278011 0.194653005 0.143143213 0.145250668 0.153507374 0.145883697 0.146001321 0.145349652 0.152044560 0.142096461 0.196537589 0.176016795 0.159044327 0.168510613 0.157758610 0.158398962 0.243408391 
27     0.207780451 0.172417835 0.173026395 0.181861690 0.172408011 0.172520677 0.176769442 0.176447775 0.234712813 0.159265261 0.167412021 0.159591012 0.209014827 0.210759272 0.190736098 0.186840474 0.227212251 0.185773242 0.193381967 0.158762883 0.157863247 0.132364317 0.133479284 0.134925082 0.054561512 0.000000000 0.051791259 0.195032542 0.173548968 0.167455035 0.167885914 0.165032840 0.169412785 0.158475997 0.193666539 0.195248045 0.143648196 0.145721421 0.153756156 0.146903098 0.146923082 0.146576283 0.153330360 0.142992478 0.197259406 0.176670355 0.161225245 0.170546185 0.158554337 0.160893446 0.247049341 
14     0.201210065 0.165246196 0.165689829 0.175590564 0.166153812 0.166621546 0.170597376 0.170392182 0.227714775 0.151902304 0.160059524 0.152944207 0.201236234 0.203022875 0.184386885 0.180166667 0.219921126 0.178499047 0.186550157 0.152247965 0.151231494 0.125042704 0.128526527 0.128810031 0.048761743 0.051791259 0.000000000 0.188968787 0.168252636 0.161846147 0.162036419 0.158503668 0.163700418 0.153334970 0.188900633 0.190301553 0.138976990 0.141181897 0.148897324 0.142108993 0.142069699 0.141679803 0.148739817 0.138166882 0.193338061 0.171809451 0.155903662 0.165294223 0.154414297 0.153922307 0.240433002 
43     0.222962262 0.185501393 0.187436066 0.196784045 0.187257060 0.187228229 0.194566453 0.194455178 0.250080952 0.174144843 0.181966302 0.175447524 0.224125492 0.225833954 0.205337360 0.201654460 0.239804854 0.199290126 0.207165523 0.173988187 0.173840746 0.154187718 0.155331021 0.156669438 0.192871406 0.195032542 0.188968787 0.000000000 0.188564366 0.181235073 0.182148201 0.178140466 0.183564878 0.172085505 0.208525124 0.211765153 0.159188736 0.160589859 0.170332136 0.161056247 0.161414185 0.160971459 0.169415526 0.158301758 0.211742764 0.191458757 0.175733966 0.185617447 0.174114894 0.174822540 0.265675625 
7     0.199954727 0.160864216 0.162720508 0.173191325 0.162746294 0.164999556 0.170968378 0.171101415 0.227530800 0.151875665 0.159943095 0.151090418 0.201691907 0.202442477 0.182074973 0.178987258 0.217711926 0.176278911 0.182402052 0.150723594 0.149154682 0.129994041 0.132869410 0.132180489 0.173214399 0.173548968 0.168252636 0.188564366 0.000000000 0.080705267 0.083659165 0.122177897 0.127478029 0.117465452 0.179453248 0.182615433 0.131777884 0.132241270 0.143430937 0.135661063 0.136463390 0.136150476 0.141849209 0.132033712 0.184410350 0.162215108 0.146379909 0.156389922 0.146847868 0.152575082 0.242901632 
16     0.194521983 0.156270552 0.156829394 0.168179642 0.157938305 0.159014432 0.164091351 0.164046078 0.219997048 0.145888308 0.153354529 0.144056192 0.193868359 0.194615569 0.176362234 0.172623835 0.211230478 0.170833391 0.177105064 0.144321197 0.144987447 0.123391292 0.125943711 0.125989057 0.166413298 0.167455035 0.161846147 0.181235073 0.080705267 0.000000000 0.035876645 0.115359987 0.120512846 0.111214382 0.172553745 0.174161477 0.124612837 0.124951775 0.136262930 0.127888015 0.128826524 0.128412565 0.134960517 0.124867775 0.176794163 0.155866137 0.139341031 0.149293631 0.139203568 0.145699492 0.239322250 
31     0.195210316 0.157167243 0.158133500 0.169931499 0.159277017 0.159816501 0.165642070 0.165680861 0.221030857 0.147956610 0.155500463 0.146170699 0.196149207 0.196901072 0.178057348 0.173744489 0.212520849 0.170993068 0.177546251 0.146019004 0.145874246 0.123705182 0.126538393 0.126478049 0.166506942 0.167885914 0.162036419 0.182148201 0.083659165 0.035876645 0.000000000 0.116069328 0.121265439 0.111882637 0.174337222 0.175678385 0.125963523 0.126439174 0.137254666 0.129582512 0.130514713 0.130107062 0.136365576 0.126185612 0.177904946 0.157422157 0.140455751 0.150470570 0.140271555 0.146605126 0.239301099 
17     0.189269304 0.153274786 0.154135304 0.165519538 0.155904876 0.156540330 0.162518819 0.162571164 0.217567068 0.143891786 0.151621949 0.142692102 0.192749447 0.194033446 0.173785783 0.170259815 0.209340827 0.166716781 0.175142292 0.142422096 0.142986081 0.120860187 0.122112791 0.122798586 0.164798639 0.165032840 0.158503668 0.178140466 0.122177897 0.115359987 0.116069328 0.000000000 0.057085480 0.093728646 0.170459654 0.171775146 0.121089128 0.122345537 0.132653937 0.124538376 0.125310121 0.124959846 0.132640854 0.120638790 0.174738784 0.152730717 0.137663704 0.148185891 0.135507636 0.143809898 0.236356532 
46     0.194259080 0.158169676 0.159086933 0.170207212 0.160430507 0.160340806 0.166557693 0.166660018 0.222505112 0.149008756 0.156414355 0.147046737 0.197654260 0.198657295 0.178917871 0.175069261 0.214435680 0.171990827 0.179395273 0.145120933 0.146972004 0.127400732 0.128569025 0.129560226 0.169119460 0.169412785 0.163700418 0.183564878 0.127478029 0.120512846 0.121265439 0.057085480 0.000000000 0.097496761 0.175613521 0.176903888 0.126387491 0.127948217 0.137759734 0.129267319 0.130225757 0.129733043 0.137556567 0.125902316 0.179114225 0.158133004 0.142984262 0.152848322 0.140223108 0.148232222 0.239654110 
49     0.185143394 0.148475505 0.148710840 0.159159278 0.150691508 0.151202148 0.155517032 0.155535367 0.211951225 0.139410016 0.146991961 0.137251366 0.186657969 0.187797348 0.168002911 0.164453508 0.203336112 0.162317605 0.170103694 0.135650942 0.136501256 0.115094714 0.118331367 0.118380594 0.158159386 0.158475997 0.153334970 0.172085505 0.117465452 0.111214382 0.111882637 0.093728646 0.097496761 0.000000000 0.165436503 0.167346713 0.117216384 0.117830653 0.128739386 0.119568209 0.120376630 0.119903354 0.127928397 0.116950538 0.170806894 0.147711885 0.131146759 0.141597204 0.133202177 0.137591499 0.228215094 
33     0.220732030 0.183252153 0.184072980 0.195824955 0.183422642 0.182963755 0.188879706 0.188875867 0.245894946 0.172320995 0.179944251 0.172911007 0.223081842 0.223855648 0.201794520 0.199785804 0.238465975 0.197950328 0.205620828 0.171495591 0.171848403 0.153606816 0.155820591 0.154756733 0.193278011 0.193666539 0.188900633 0.208525124 0.179453248 0.172553745 0.174337222 0.170459654 0.175613521 0.165436503 0.000000000 0.055352543 0.125025306 0.127491138 0.140364487 0.130649814 0.131389580 0.130814303 0.138732225 0.126794232 0.196743240 0.175286155 0.160993603 0.170370449 0.160335341 0.172864184 0.266601689 
48     0.221592771 0.185385903 0.185593882 0.197487199 0.185513231 0.185184129 0.191672120 0.191737435 0.247866403 0.174071076 0.181644901 0.173698854 0.223732983 0.224751792 0.203570082 0.201707201 0.239748395 0.199284179 0.207704345 0.173420785 0.174124436 0.155371390 0.157400852 0.156358805 0.194653005 0.195248045 0.190301553 0.211765153 0.182615433 0.174161477 0.175678385 0.171775146 0.176903888 0.167346713 0.055352543 0.000000000 0.126899857 0.129116701 0.142161972 0.132664027 0.133327050 0.132715565 0.140029761 0.128788953 0.199035805 0.177985860 0.162969161 0.172453992 0.162520885 0.175212523 0.267858007 
22     0.170130150 0.133630656 0.133911671 0.144294867 0.135093267 0.135197732 0.141260392 0.141446630 0.198297948 0.122521065 0.130770085 0.122760788 0.173898968 0.174580189 0.155012598 0.151612891 0.190243609 0.149294322 0.157366538 0.123865041 0.124351038 0.103063072 0.106280452 0.107406171 0.143143213 0.143648196 0.138976990 0.159188736 0.131777884 0.124612837 0.125963523 0.121089128 0.126387491 0.117216384 0.125025306 0.126899857 0.000000000 0.034801080 0.073179354 0.063939004 0.063992061 0.063307543 0.071871336 0.059763922 0.144067742 0.127569309 0.111550545 0.121148267 0.110500982 0.123930566 0.215075257 
39     0.172069768 0.135480822 0.136262367 0.146836977 0.137140421 0.137721838 0.142589412 0.142753567 0.200063982 0.123911401 0.131882155 0.123595885 0.174813053 0.175820959 0.155992509 0.152750813 0.191724191 0.150586194 0.158043834 0.124156620 0.125352023 0.104173856 0.107371322 0.108499263 0.145250668 0.145721421 0.141181897 0.160589859 0.132241270 0.124951775 0.126439174 0.122345537 0.127948217 0.117830653 0.127491138 0.129116701 0.034801080 0.000000000 0.074186358 0.065258957 0.065298763 0.064695177 0.072714108 0.060621708 0.146003549 0.127946295 0.112839721 0.122309659 0.112236041 0.125920680 0.217103420 
12     0.182344452 0.146590316 0.147543914 0.159301667 0.148375625 0.147632383 0.153485451 0.153672699 0.209996690 0.135237993 0.142387502 0.135205148 0.185630487 0.186309811 0.165333024 0.161807838 0.201172678 0.159721268 0.168290536 0.134546933 0.134859136 0.115589143 0.116767529 0.117997483 0.153507374 0.153756156 0.148897324 0.170332136 0.143430937 0.136262930 0.137254666 0.132653937 0.137759734 0.128739386 0.140364487 0.142161972 0.073179354 0.074186358 0.000000000 0.052072876 0.052581141 0.051700567 0.060621673 0.052388886 0.157108522 0.138445667 0.122647161 0.132149004 0.122204779 0.135903307 0.226536314 
50     0.175194399 0.139020034 0.140336033 0.150665836 0.140570356 0.139876310 0.144071194 0.144296199 0.200600191 0.127266732 0.134575371 0.126420135 0.177269185 0.178025454 0.158139682 0.154848065 0.193967406 0.152596796 0.161380641 0.127024072 0.127401994 0.107408890 0.108792925 0.109674432 0.145883697 0.146903098 0.142108993 0.161056247 0.135661063 0.127888015 0.129582512 0.124538376 0.129267319 0.119568209 0.130649814 0.132664027 0.063939004 0.065258957 0.052072876 0.000000000 0.011999836 0.011920832 0.052108725 0.043745542 0.148675553 0.131009385 0.114710910 0.124234390 0.114910708 0.126967633 0.219333689 
44     0.175506122 0.139537229 0.140597596 0.151029326 0.141034204 0.140046897 0.144725439 0.144950142 0.201611490 0.128277711 0.135657283 0.127599490 0.178283029 0.179047143 0.159239569 0.155935943 0.194811661 0.153737214 0.162620996 0.127615559 0.128034892 0.107716371 0.109220523 0.110087341 0.146001321 0.146923082 0.142069699 0.161414185 0.136463390 0.128826524 0.130514713 0.125310121 0.130225757 0.120376630 0.131389580 0.133327050 0.063992061 0.065298763 0.052581141 0.011999836 0.000000000 0.012415653 0.052311976 0.043891123 0.148846368 0.131354396 0.115132494 0.124776381 0.114858362 0.127741052 0.219842589 
8     0.175258003 0.138922623 0.140109589 0.150388051 0.140377170 0.139407247 0.143842774 0.144067477 0.200742532 0.127588262 0.134786097 0.126702071 0.177315552 0.178106531 0.158104829 0.154871338 0.193750182 0.152415041 0.161251550 0.126932051 0.127325310 0.107405515 0.108992894 0.109524169 0.145349652 0.146576283 0.141679803 0.160971459 0.136150476 0.128412565 0.130107062 0.124959846 0.129733043 0.119903354 0.130814303 0.132715565 0.063307543 0.064695177 0.051700567 0.011920832 0.012415653 0.000000000 0.051772278 0.043250826 0.148291855 0.130542401 0.114188733 0.123779868 0.114267293 0.127195544 0.219508562 
24     0.181613657 0.145575631 0.146308389 0.157650040 0.147230073 0.146225029 0.152515389 0.152800101 0.208959216 0.133852608 0.141142165 0.133216803 0.184670735 0.185652101 0.164973828 0.161617937 0.200298158 0.159652455 0.168146839 0.134076489 0.133668408 0.114432417 0.115915861 0.116620614 0.152044560 0.153330360 0.148739817 0.169415526 0.141849209 0.134960517 0.136365576 0.132640854 0.137556567 0.127928397 0.138732225 0.140029761 0.071871336 0.072714108 0.060621673 0.052108725 0.052311976 0.051772278 0.000000000 0.050867889 0.156991313 0.137701709 0.121099055 0.130334447 0.122473101 0.133315422 0.225805422 
45     0.170168274 0.134057167 0.134906987 0.146128840 0.135502098 0.135536968 0.141611360 0.142202874 0.198142836 0.124267320 0.131219114 0.123765122 0.174466052 0.175320750 0.155507253 0.152015724 0.190755763 0.148783609 0.158910307 0.123023026 0.124661074 0.103135015 0.105074767 0.106416697 0.142096461 0.142992478 0.138166882 0.158301758 0.132033712 0.124867775 0.126185612 0.120638790 0.125902316 0.116950538 0.126794232 0.128788953 0.059763922 0.060621708 0.052388886 0.043745542 0.043891123 0.043250826 0.050867889 0.000000000 0.144696169 0.125923614 0.109536778 0.119014604 0.109767403 0.124158852 0.213099683 
36     0.224923472 0.187638702 0.187946227 0.199005635 0.188261629 0.190196995 0.197821949 0.198042117 0.251971356 0.179605870 0.186550927 0.178916812 0.229342046 0.230939454 0.208849663 0.206097570 0.242631786 0.201786257 0.210960680 0.176540159 0.177415627 0.156113755 0.158178829 0.158152067 0.196537589 0.197259406 0.193338061 0.211742764 0.184410350 0.176794163 0.177904946 0.174738784 0.179114225 0.170806894 0.196743240 0.199035805 0.144067742 0.146003549 0.157108522 0.148675553 0.148846368 0.148291855 0.156991313 0.144696169 0.000000000 0.180825746 0.166345176 0.175921696 0.163967135 0.177371296 0.270955009 
37     0.202767777 0.167054895 0.168970198 0.178945778 0.167596063 0.168306343 0.173276782 0.173446894 0.229966324 0.155844543 0.162764534 0.152926715 0.205799637 0.206660628 0.185454501 0.181580206 0.219218073 0.177628007 0.186324365 0.154583233 0.154815955 0.135368359 0.138402910 0.138064420 0.176016795 0.176670355 0.171809451 0.191458757 0.162215108 0.155866137 0.157422157 0.152730717 0.158133004 0.147711885 0.175286155 0.177985860 0.127569309 0.127946295 0.138445667 0.131009385 0.131354396 0.130542401 0.137701709 0.125923614 0.180825746 0.000000000 0.089551231 0.099162660 0.127676122 0.155996990 0.247912135 
13     0.189719111 0.152598995 0.153797483 0.163767948 0.152360704 0.152778120 0.157002552 0.157177221 0.215650142 0.141009147 0.148620244 0.139473208 0.190673156 0.192032677 0.170346643 0.167106793 0.205141765 0.164779287 0.173454348 0.139269701 0.140146891 0.120755008 0.123251846 0.123352094 0.159044327 0.161225245 0.155903662 0.175733966 0.146379909 0.139341031 0.140455751 0.137663704 0.142984262 0.131146759 0.160993603 0.162969161 0.111550545 0.112839721 0.122647161 0.114710910 0.115132494 0.114188733 0.121099055 0.109536778 0.166345176 0.089551231 0.000000000 0.034704345 0.112583638 0.142355756 0.232368283 
11     0.198943544 0.163468917 0.164749134 0.174522828 0.162311781 0.162685532 0.167402579 0.167576663 0.226367025 0.151703376 0.159462472 0.150133047 0.201855251 0.203269207 0.180415704 0.177219353 0.215802962 0.174551702 0.183861337 0.149812027 0.150784063 0.130702291 0.133403807 0.133003354 0.168510613 0.170546185 0.165294223 0.185617447 0.156389922 0.149293631 0.150470570 0.148185891 0.152848322 0.141597204 0.170370449 0.172453992 0.121148267 0.122309659 0.132149004 0.124234390 0.124776381 0.123779868 0.130334447 0.119014604 0.175921696 0.099162660 0.034704345 0.000000000 0.122565020 0.152393142 0.243456628 
34     0.187223630 0.149451158 0.151482489 0.160780898 0.150583715 0.150452356 0.158445001 0.158741262 0.213926875 0.141121239 0.148103571 0.138785100 0.191071110 0.192252858 0.170711481 0.166027742 0.204793283 0.163116853 0.171377277 0.139981167 0.139896169 0.119239360 0.120403505 0.120884740 0.157758610 0.158554337 0.154414297 0.174114894 0.146847868 0.139203568 0.140271555 0.135507636 0.140223108 0.133202177 0.160335341 0.162520885 0.110500982 0.112236041 0.122204779 0.114910708 0.114858362 0.114267293 0.122473101 0.109767403 0.163967135 0.127676122 0.112583638 0.122565020 0.000000000 0.140216106 0.229769441 
29     0.183512738 0.148106798 0.150079822 0.159632115 0.149728317 0.148746512 0.155020157 0.155344488 0.211527386 0.137622670 0.145875140 0.138035692 0.186182667 0.187645694 0.168649401 0.165107157 0.202854011 0.161331315 0.170471772 0.136900279 0.136109780 0.119042674 0.120620631 0.121563994 0.158398962 0.160893446 0.153922307 0.174822540 0.152575082 0.145699492 0.146605126 0.143809898 0.148232222 0.137591499 0.172864184 0.175212523 0.123930566 0.125920680 0.135903307 0.126967633 0.127741052 0.127195544 0.133315422 0.124158852 0.177371296 0.155996990 0.142355756 0.152393142 0.140216106 0.000000000 0.223322360 
0     0.256393150 0.221656858 0.221507170 0.232360287 0.223386739 0.221195379 0.229513735 0.229839776 0.284924446 0.219351727 0.227109403 0.220293963 0.268108910 0.269154323 0.248163696 0.244381913 0.281205079 0.241117780 0.250395606 0.220786680 0.219205179 0.209405881 0.209997430 0.210593714 0.243408391 0.247049341 0.240433002 0.265675625 0.242901632 0.239322250 0.239301099 0.236356532 0.239654110 0.228215094 0.266601689 0.267858007 0.215075257 0.217103420 0.226536314 0.219333689 0.219842589 0.219508562 0.225805422 0.213099683 0.270955009 0.247912135 0.232368283 0.243456628 0.229769441 0.223322360 0.000000000 
