51
13     0.000000000 0.024323688 0.030072936 0.119750794 0.233751340 0.241266391 0.142991080 0.139402137 0.166236541 0.182362633 0.107112296 0.479758623 0.391580101 0.495590888 0.400071226 0.299594251 0.313149076 0.347410714 0.348356718 0.386315867 0.347661959 0.358174233 0.391060675 0.286926757 0.232821473 0.277392498 0.313681591 0.313870738 0.291475647 0.247610764 0.244426685 0.246154592 0.247991036 0.270212683 0.298589167 0.237734380 0.290401696 0.275266652 0.294135416 0.288942093 0.273285814 0.250030769 0.420443939 0.274567709 0.283197748 0.367964553 0.303663285 0.289350974 0.288768538 0.511098929 0.461111576 
8     0.024323688 0.000000000 0.029844095 0.119817238 0.233714560 0.241231364 0.143249744 0.139619351 0.166275320 0.182978758 0.107050482 0.481163967 0.393041337 0.501211239 0.401406064 0.300514675 0.314233240 0.348502597 0.349448024 0.387152300 0.348816212 0.359268848 0.392716066 0.287850454 0.233815140 0.278335063 0.314619915 0.314809062 0.292434028 0.248542789 0.245358850 0.247102559 0.248930749 0.271242558 0.299618111 0.238672705 0.291339178 0.276246926 0.295067493 0.289908765 0.274200109 0.250966008 0.421420595 0.274987499 0.283617538 0.368922999 0.304419035 0.290474027 0.289891591 0.512437575 0.461278270 
18     0.030072936 0.029844095 0.000000000 0.120827518 0.233298641 0.240837632 0.143460518 0.139457795 0.165792743 0.182692040 0.107559261 0.480174644 0.392321199 0.501604474 0.402050649 0.299298362 0.311017520 0.345424482 0.346150730 0.386596313 0.348980692 0.359231807 0.392819392 0.287953781 0.235373504 0.279743906 0.316104226 0.316217904 0.293753264 0.249888393 0.246738905 0.248446290 0.250268295 0.272577265 0.300953748 0.239889932 0.292674807 0.275980708 0.295199424 0.290053994 0.274339379 0.251129633 0.421604350 0.275730463 0.284060504 0.368975716 0.306439079 0.291777309 0.291607860 0.514033248 0.459968390 
19     0.119750794 0.119817238 0.120827518 0.000000000 0.300058606 0.307639740 0.209892097 0.206387805 0.232727733 0.248873125 0.174128237 0.544442593 0.456381833 0.566554726 0.467082973 0.366857070 0.380412895 0.414586034 0.415480809 0.454355021 0.414268098 0.424262331 0.458344102 0.351680443 0.298723546 0.344028308 0.380677165 0.380804238 0.358064280 0.314252548 0.311073192 0.312646725 0.314156927 0.336723791 0.365201665 0.304316548 0.356204141 0.342710877 0.360022457 0.355448158 0.339932074 0.316963797 0.486469464 0.339752645 0.348431568 0.434429694 0.370281153 0.356502577 0.355924578 0.578025064 0.529744008 
12     0.233751340 0.233714560 0.233298641 0.300058606 0.000000000 0.172444548 0.199798741 0.198552855 0.232693782 0.251035381 0.212140831 0.598553123 0.510863784 0.620583035 0.521579788 0.417945628 0.431010679 0.464970858 0.465600872 0.504162646 0.464599268 0.475398070 0.509614697 0.402644111 0.351197743 0.394316748 0.430869740 0.430944293 0.409482689 0.365852987 0.361698708 0.363700609 0.366618622 0.388252927 0.416711360 0.356505233 0.407920750 0.393949373 0.410956490 0.406724681 0.390868003 0.370302252 0.538316075 0.392195827 0.400743746 0.485926482 0.422466919 0.408575249 0.408263497 0.630058252 0.581653123 
16     0.241266391 0.241231364 0.240837632 0.307639740 0.172444548 0.000000000 0.206954001 0.206510207 0.239820036 0.258215098 0.218737884 0.608425215 0.521199768 0.629334229 0.530688204 0.426711190 0.440339778 0.474800079 0.475652541 0.512160610 0.474813502 0.485677704 0.519997209 0.413169206 0.360021921 0.404170300 0.440757583 0.440832137 0.418697970 0.375179031 0.371154427 0.372999664 0.375703828 0.397371772 0.425953925 0.365716844 0.416979117 0.404029038 0.420762558 0.416092501 0.400522388 0.380189703 0.547571344 0.401732910 0.410359874 0.495566429 0.432380853 0.417423408 0.417133560 0.639991692 0.590220317 
17     0.142991080 0.143249744 0.143460518 0.209892097 0.199798741 0.206954001 0.000000000 0.082030237 0.142780409 0.159694512 0.121435119 0.509610527 0.422004374 0.530992853 0.432328055 0.327441938 0.340609666 0.375656631 0.376487542 0.412603563 0.373906817 0.382902254 0.417282541 0.310035558 0.258635117 0.303530904 0.339947009 0.339963532 0.317203284 0.274397342 0.269667820 0.271760306 0.274270773 0.295594050 0.324290208 0.264369785 0.315706736 0.303649211 0.321221915 0.315975791 0.300221144 0.280175694 0.446895402 0.300972394 0.310006701 0.394831826 0.332134378 0.317319522 0.316859304 0.539775212 0.488530202 
4     0.139402137 0.139619351 0.139457795 0.206387805 0.198552855 0.206510207 0.082030237 0.000000000 0.140663663 0.156676115 0.118361277 0.508027269 0.420500285 0.529216389 0.430688306 0.324565629 0.336042402 0.371039763 0.371866022 0.410161267 0.370464010 0.379394308 0.413372924 0.305781539 0.255785782 0.300911516 0.337402717 0.337471759 0.315146070 0.271756797 0.267563854 0.269537086 0.272412354 0.293712406 0.322218261 0.262418634 0.313209842 0.300399315 0.316656733 0.311515243 0.296051716 0.276663335 0.444675354 0.297633776 0.306854022 0.390908637 0.328310089 0.313260705 0.312885937 0.535810922 0.485353220 
7     0.166236541 0.166275320 0.165792743 0.232727733 0.232693782 0.239820036 0.142780409 0.140663663 0.000000000 0.181285613 0.144263432 0.530926219 0.443689525 0.552933096 0.454059008 0.351298838 0.363711269 0.398408533 0.399230066 0.438111823 0.397330361 0.406417879 0.442520351 0.336431920 0.281035115 0.326641631 0.362365251 0.362795520 0.340768907 0.297281197 0.292881080 0.295107717 0.297627691 0.319829194 0.348514094 0.287924414 0.341592224 0.325984017 0.343434827 0.337950438 0.322402606 0.301951464 0.469474543 0.323459257 0.332257888 0.417796529 0.353707068 0.339583539 0.339755784 0.562079376 0.513474501 
2     0.182362633 0.182978758 0.182692040 0.248873125 0.251035381 0.258215098 0.159694512 0.156676115 0.181285613 0.000000000 0.160342792 0.546539483 0.460560921 0.567674237 0.468378940 0.366940008 0.380542580 0.415142565 0.416048933 0.451411951 0.412132700 0.423159573 0.457173801 0.349484335 0.297180942 0.342131275 0.378818238 0.378928075 0.356494159 0.313446483 0.308892910 0.310815804 0.313411537 0.335461966 0.363826366 0.304649750 0.356116351 0.341338037 0.358168577 0.352541386 0.337199347 0.317683896 0.485340516 0.340573338 0.349357867 0.435019888 0.371887066 0.357747924 0.357491527 0.579016281 0.528834373 
3     0.107112296 0.107050482 0.107559261 0.174128237 0.212140831 0.218737884 0.121435119 0.118361277 0.144263432 0.160342792 0.000000000 0.478187521 0.391050598 0.499301180 0.400400100 0.293106927 0.305162294 0.339714509 0.340541395 0.378906073 0.339382651 0.350438884 0.382654306 0.278262118 0.223359694 0.268737922 0.304708793 0.304877760 0.282559463 0.239930243 0.236206369 0.238496376 0.240053560 0.262262190 0.291040246 0.230674846 0.281841814 0.266825040 0.285247229 0.280000288 0.264594376 0.243420765 0.410638715 0.265176813 0.274203915 0.358914744 0.295262238 0.280833181 0.280575178 0.503485887 0.455644841 
20     0.479758623 0.481163967 0.480174644 0.544442593 0.598553123 0.608425215 0.509610527 0.508027269 0.530926219 0.546539483 0.478187521 0.000000000 0.226697175 0.501085218 0.405703849 0.588173718 0.597635939 0.631888976 0.632878837 0.672981869 0.631389979 0.636219858 0.676050656 0.569058835 0.515862682 0.557489174 0.594630740 0.594766852 0.571362748 0.529556976 0.528152931 0.528524353 0.530620030 0.552435779 0.580931481 0.520494423 0.573432101 0.554640360 0.576554623 0.571195472 0.557863432 0.531606685 0.704459362 0.557691014 0.565789347 0.650652444 0.588114761 0.574645088 0.573367589 0.795396997 0.747579796 
9     0.391580101 0.393041337 0.392321199 0.456381833 0.510863784 0.521199768 0.422004374 0.420500285 0.443689525 0.460560921 0.391050598 0.226697175 0.000000000 0.417904367 0.321368356 0.500601891 0.510080766 0.544569134 0.545558994 0.585729267 0.544217933 0.549509061 0.588400174 0.481833171 0.427218034 0.469901765 0.506881167 0.507051109 0.484307424 0.442258066 0.440997398 0.441513623 0.443003429 0.464133639 0.492568943 0.433257647 0.485378276 0.467352383 0.488662053 0.484991130 0.470728597 0.444298994 0.616990360 0.471078250 0.479790729 0.564055079 0.501700613 0.488402845 0.487111925 0.705101271 0.661209728 
5     0.495590888 0.501211239 0.501604474 0.566554726 0.620583035 0.629334229 0.530992853 0.529216389 0.552933096 0.567674237 0.499301180 0.501085218 0.417904367 0.000000000 0.300598199 0.606358582 0.617821633 0.651395951 0.652661200 0.692448014 0.652687700 0.659272966 0.698017855 0.592354951 0.535487065 0.578197276 0.614775535 0.614839563 0.592330958 0.550355990 0.547416526 0.549643679 0.549350182 0.573442541 0.600919471 0.543045858 0.592458619 0.576650962 0.598769083 0.593404327 0.579233132 0.555463148 0.726191462 0.579860499 0.587301286 0.670259570 0.608059930 0.594033187 0.592088422 0.814023408 0.766402040 
11     0.400071226 0.401406064 0.402050649 0.467082973 0.521579788 0.530688204 0.432328055 0.430688306 0.454059008 0.468378940 0.400400100 0.405703849 0.321368356 0.300598199 0.000000000 0.505823697 0.519524796 0.553040414 0.554183192 0.592420012 0.550631314 0.558667316 0.596503154 0.491329194 0.433822702 0.477168425 0.513199769 0.513385658 0.490634796 0.447875739 0.447521581 0.447342513 0.448757407 0.471175782 0.499378978 0.441616777 0.491202652 0.475700834 0.496595544 0.491510352 0.477207995 0.454671142 0.625138645 0.478656245 0.486365165 0.569659125 0.506712698 0.492560747 0.491051745 0.713185063 0.666696200 
14     0.299594251 0.300514675 0.299298362 0.366857070 0.417945628 0.426711190 0.327441938 0.324565629 0.351298838 0.366940008 0.293106927 0.588173718 0.500601891 0.606358582 0.505823697 0.000000000 0.299938277 0.335588851 0.336109599 0.423652573 0.424730033 0.436049989 0.471953107 0.366970488 0.312543194 0.356176248 0.392460565 0.392817154 0.369060616 0.327994113 0.323270051 0.327636904 0.327245915 0.350157982 0.378650039 0.317612642 0.371293116 0.353468836 0.374405686 0.366083351 0.350494686 0.330084160 0.497995554 0.352480900 0.361854175 0.445967354 0.384079362 0.368688801 0.369147917 0.592220635 0.534952070 
1     0.313149076 0.314233240 0.311017520 0.380412895 0.431010679 0.440339778 0.340609666 0.336042402 0.363711269 0.380542580 0.305162294 0.597635939 0.510080766 0.617821633 0.519524796 0.299938277 0.000000000 0.114281101 0.113384519 0.438565042 0.436606665 0.448419361 0.483842996 0.379855569 0.324462251 0.368234243 0.403962578 0.404487175 0.381120863 0.339852785 0.334885292 0.338721040 0.337407152 0.361032132 0.389232820 0.330854493 0.381639195 0.366219635 0.385158431 0.377166699 0.362465413 0.341954052 0.511172865 0.364404459 0.373699922 0.459257649 0.397279625 0.381385426 0.382514147 0.604259988 0.549017026 
15     0.347410714 0.348502597 0.345424482 0.414586034 0.464970858 0.474800079 0.375656631 0.371039763 0.398408533 0.415142565 0.339714509 0.631888976 0.544569134 0.651395951 0.553040414 0.335588851 0.114281101 0.000000000 0.090873000 0.473113322 0.471382701 0.482555519 0.517707115 0.414301641 0.359077881 0.401398393 0.438830198 0.439354795 0.415507723 0.374287582 0.369126050 0.373420040 0.371184242 0.395454760 0.423548163 0.365286271 0.416391029 0.400820509 0.419561046 0.411517728 0.397038060 0.376528163 0.545609573 0.398350766 0.407841030 0.493210341 0.431188884 0.415472896 0.416717614 0.638430452 0.583411329 
6     0.348356718 0.349448024 0.346150730 0.415480809 0.465600872 0.475652541 0.376487542 0.371866022 0.399230066 0.416048933 0.340541395 0.632878837 0.545558994 0.652661200 0.554183192 0.336109599 0.113384519 0.090873000 0.000000000 0.474173304 0.472219448 0.483346213 0.518238819 0.414769808 0.360202484 0.402464150 0.439664435 0.440189031 0.416647593 0.374945954 0.370273732 0.374559911 0.372480463 0.396594631 0.424838965 0.366449590 0.417349054 0.401764525 0.420607170 0.412701871 0.398222202 0.376914857 0.546412696 0.399357899 0.408848163 0.494217474 0.432191767 0.416389148 0.417717802 0.639437585 0.584377257 
10     0.386315867 0.387152300 0.386596313 0.454355021 0.504162646 0.512160610 0.412603563 0.410161267 0.438111823 0.451411951 0.378906073 0.672981869 0.585729267 0.692448014 0.592420012 0.423652573 0.438565042 0.473113322 0.474173304 0.000000000 0.505172617 0.519987924 0.552549091 0.450942796 0.397256642 0.438303137 0.475590718 0.476091516 0.450446506 0.409516740 0.406798353 0.408869339 0.409325197 0.430487337 0.458491760 0.401387260 0.455376039 0.437591415 0.456894657 0.446880862 0.431747665 0.412824869 0.582231819 0.437028508 0.446417948 0.529538369 0.466926155 0.453411962 0.453474640 0.676152954 0.622274145 
50     0.347661959 0.348816212 0.348980692 0.414268098 0.464599268 0.474813502 0.373906817 0.370464010 0.397330361 0.412132700 0.339382651 0.631389979 0.544217933 0.652687700 0.550631314 0.424730033 0.436606665 0.471382701 0.472219448 0.505172617 0.000000000 0.302081096 0.383879466 0.284678896 0.295655156 0.337653860 0.374102891 0.373923735 0.351948001 0.310269146 0.306102537 0.308327376 0.309777417 0.332662148 0.361581158 0.300780293 0.353824278 0.337335645 0.352733052 0.345596747 0.331316688 0.313008943 0.475284942 0.335419799 0.344561585 0.431001819 0.365675068 0.351825744 0.351012098 0.576551659 0.550754032 
39     0.358174233 0.359268848 0.359231807 0.424262331 0.475398070 0.485677704 0.382902254 0.379394308 0.406417879 0.423159573 0.350438884 0.636219858 0.549509061 0.659272966 0.558667316 0.436049989 0.448419361 0.482555519 0.483346213 0.519987924 0.302081096 0.000000000 0.391626571 0.295219288 0.304649137 0.347341546 0.385270649 0.385204293 0.361801525 0.320239254 0.315651184 0.316976552 0.319061293 0.341829045 0.370973962 0.310020180 0.364766876 0.347556058 0.363177191 0.353779187 0.339847025 0.321675282 0.487835727 0.345775625 0.354889622 0.441311177 0.377534944 0.362448395 0.361069545 0.587013220 0.565163784 
48     0.391060675 0.392716066 0.392819392 0.458344102 0.509614697 0.519997209 0.417282541 0.413372924 0.442520351 0.457173801 0.382654306 0.676050656 0.588400174 0.698017855 0.596503154 0.471953107 0.483842996 0.517707115 0.518238819 0.552549091 0.383879466 0.391626571 0.000000000 0.240597370 0.334792636 0.377620819 0.415660739 0.415471349 0.391645748 0.348823682 0.345680187 0.346375095 0.346908987 0.371314111 0.400340848 0.338610451 0.392503277 0.378369335 0.392718163 0.385010395 0.369316439 0.351677293 0.516394648 0.373777513 0.382154961 0.469341799 0.406791139 0.390455568 0.391747425 0.616733641 0.593954693 
44     0.286926757 0.287850454 0.287953781 0.351680443 0.402644111 0.413169206 0.310035558 0.305781539 0.336431920 0.349484335 0.278262118 0.569058835 0.481833171 0.592354951 0.491329194 0.366970488 0.379855569 0.414301641 0.414769808 0.450942796 0.284678896 0.295219288 0.240597370 0.000000000 0.233374942 0.276861464 0.313802124 0.313341571 0.290848430 0.248146337 0.244163257 0.246212550 0.246036154 0.270403929 0.299419890 0.239455563 0.292200735 0.275790545 0.291765610 0.282900800 0.267022088 0.248164426 0.415399724 0.272342737 0.281358534 0.367736471 0.305213947 0.289911643 0.290866927 0.515872839 0.488744038 
28     0.232821473 0.233815140 0.235373504 0.298723546 0.351197743 0.360021921 0.258635117 0.255785782 0.281035115 0.297180942 0.223359694 0.515862682 0.427218034 0.535487065 0.433822702 0.312543194 0.324462251 0.359077881 0.360202484 0.397256642 0.295655156 0.304649137 0.334792636 0.233374942 0.000000000 0.117016588 0.152365386 0.152540113 0.128127205 0.085447245 0.085814128 0.084011026 0.085438261 0.106673544 0.136444781 0.079649527 0.133812883 0.221501497 0.238625172 0.232355422 0.215668435 0.197846126 0.364384458 0.216001952 0.225843989 0.314941398 0.247588186 0.233594588 0.231657552 0.458132761 0.434948199 
40     0.277392498 0.278335063 0.279743906 0.344028308 0.394316748 0.404170300 0.303530904 0.300911516 0.326641631 0.342131275 0.268737922 0.557489174 0.469901765 0.578197276 0.477168425 0.356176248 0.368234243 0.401398393 0.402464150 0.438303137 0.337653860 0.347341546 0.377620819 0.276861464 0.117016588 0.000000000 0.127176971 0.126664494 0.146566317 0.104586630 0.105808739 0.104997415 0.106321015 0.127322688 0.156237307 0.107069946 0.161407168 0.262743090 0.278810292 0.273460981 0.257719652 0.238633485 0.404784499 0.257462131 0.267304224 0.354227748 0.289899097 0.275092194 0.273911112 0.500292102 0.475242587 
24     0.313681591 0.314619915 0.316104226 0.380677165 0.430869740 0.440757583 0.339947009 0.337402717 0.362365251 0.378818238 0.304708793 0.594630740 0.506881167 0.614775535 0.513199769 0.392460565 0.403962578 0.438830198 0.439664435 0.475590718 0.374102891 0.385270649 0.415660739 0.313802124 0.152365386 0.127176971 0.000000000 0.088513243 0.185151208 0.143922728 0.143550830 0.142099503 0.144008624 0.165079549 0.194000350 0.145302103 0.198234642 0.298622023 0.318149145 0.311103938 0.294945660 0.275991611 0.443602828 0.295837605 0.305652847 0.393787208 0.328608458 0.314261607 0.313071246 0.538931529 0.512658725 
25     0.313870738 0.314809062 0.316217904 0.380804238 0.430944293 0.440832137 0.339963532 0.337471759 0.362795520 0.378928075 0.304877760 0.594766852 0.507051109 0.614839563 0.513385658 0.392817154 0.404487175 0.439354795 0.440189031 0.476091516 0.373923735 0.385204293 0.415471349 0.313341571 0.152540113 0.126664494 0.088513243 0.000000000 0.184595929 0.143397441 0.142227224 0.141940580 0.144151635 0.164921270 0.193812797 0.144961203 0.198139466 0.299513817 0.317836972 0.311818925 0.295677398 0.275858804 0.443817293 0.295755147 0.305594079 0.393738669 0.329015475 0.314632332 0.313408106 0.538884539 0.513004956 
37     0.291475647 0.292434028 0.293753264 0.358064280 0.409482689 0.418697970 0.317203284 0.315146070 0.340768907 0.356494159 0.282559463 0.571362748 0.484307424 0.592330958 0.490634796 0.369060616 0.381120863 0.415507723 0.416647593 0.450446506 0.351948001 0.361801525 0.391645748 0.290848430 0.128127205 0.146566317 0.185151208 0.184595929 0.000000000 0.089299852 0.112079367 0.110340180 0.111025532 0.136395966 0.164762484 0.117011155 0.172563927 0.278131094 0.294838353 0.288078163 0.271895572 0.252702074 0.416810412 0.272269889 0.282347479 0.369842049 0.304802189 0.289976708 0.288571009 0.515663656 0.489531207 
38     0.247610764 0.248542789 0.249888393 0.314252548 0.365852987 0.375179031 0.274397342 0.271756797 0.297281197 0.313446483 0.239930243 0.529556976 0.442258066 0.550355990 0.447875739 0.327994113 0.339852785 0.374287582 0.374945954 0.409516740 0.310269146 0.320239254 0.348823682 0.248146337 0.085447245 0.104586630 0.143922728 0.143397441 0.089299852 0.000000000 0.070851175 0.069714057 0.069883564 0.096470657 0.125709458 0.076254501 0.131570843 0.236051807 0.251662518 0.245594032 0.229400027 0.210427043 0.375168548 0.230688832 0.240801846 0.328186979 0.263577260 0.248592205 0.247396748 0.472663171 0.446489799 
27     0.244426685 0.245358850 0.246738905 0.311073192 0.361698708 0.371154427 0.269667820 0.267563854 0.292881080 0.308892910 0.236206369 0.528152931 0.440997398 0.547416526 0.447521581 0.323270051 0.334885292 0.369126050 0.370273732 0.406798353 0.306102537 0.315651184 0.345680187 0.244163257 0.085814128 0.105808739 0.143550830 0.142227224 0.112079367 0.070851175 0.000000000 0.061074574 0.064623274 0.094939656 0.124152609 0.075064294 0.131329920 0.230733978 0.247537046 0.240506238 0.224495623 0.206348135 0.371776534 0.226530246 0.236319023 0.323500289 0.258859187 0.243612298 0.242321284 0.468869469 0.441856777 
26     0.246154592 0.247102559 0.248446290 0.312646725 0.363700609 0.372999664 0.271760306 0.269537086 0.295107717 0.310815804 0.238496376 0.528524353 0.441513623 0.549643679 0.447342513 0.327636904 0.338721040 0.373420040 0.374559911 0.408869339 0.308327376 0.316976552 0.346375095 0.246212550 0.084011026 0.104997415 0.142099503 0.141940580 0.110340180 0.069714057 0.061074574 0.000000000 0.063766142 0.093924518 0.122636152 0.074655520 0.130034834 0.233180867 0.249591328 0.243248744 0.226595608 0.208807384 0.375100581 0.227301577 0.237052461 0.325159754 0.260053802 0.243726561 0.242799250 0.469792786 0.445187927 
22     0.247991036 0.248930749 0.250268295 0.314156927 0.366618622 0.375703828 0.274270773 0.272412354 0.297627691 0.313411537 0.240053560 0.530620030 0.443003429 0.549350182 0.448757407 0.327245915 0.337407152 0.371184242 0.372480463 0.409325197 0.309777417 0.319061293 0.346908987 0.246036154 0.085438261 0.106321015 0.144008624 0.144151635 0.111025532 0.069883564 0.064623274 0.063766142 0.000000000 0.094803301 0.123661546 0.073597395 0.130607582 0.235120767 0.250779140 0.244501050 0.228069643 0.209702371 0.375316445 0.228543316 0.238427534 0.325202457 0.261418149 0.246238846 0.244944986 0.472297663 0.447524319 
45     0.270212683 0.271242558 0.272577265 0.336723791 0.388252927 0.397371772 0.295594050 0.293712406 0.319829194 0.335461966 0.262262190 0.552435779 0.464133639 0.573442541 0.471175782 0.350157982 0.361032132 0.395454760 0.396594631 0.430487337 0.332662148 0.341829045 0.371314111 0.270403929 0.106673544 0.127322688 0.165079549 0.164921270 0.136395966 0.096470657 0.094939656 0.093924518 0.094803301 0.000000000 0.083202485 0.098856015 0.153126377 0.257728698 0.272503354 0.264774689 0.250348064 0.232648375 0.398299649 0.250327463 0.260198326 0.348861812 0.283447725 0.268354092 0.266865198 0.493539020 0.469236736 
31     0.298589167 0.299618111 0.300953748 0.365201665 0.416711360 0.425953925 0.324290208 0.322218261 0.348514094 0.363826366 0.291040246 0.580931481 0.492568943 0.600919471 0.499378978 0.378650039 0.389232820 0.423548163 0.424838965 0.458491760 0.361581158 0.370973962 0.400340848 0.299419890 0.136444781 0.156237307 0.194000350 0.193812797 0.164762484 0.125709458 0.124152609 0.122636152 0.123661546 0.083202485 0.000000000 0.127089828 0.182529378 0.286655029 0.302995481 0.295519297 0.280477873 0.261990740 0.428021987 0.280482394 0.290332152 0.377004302 0.313660646 0.298264486 0.296836820 0.522959357 0.495624366 
23     0.237734380 0.238672705 0.239889932 0.304316548 0.356505233 0.365716844 0.264369785 0.262418634 0.287924414 0.304649750 0.230674846 0.520494423 0.433257647 0.543045858 0.441616777 0.317612642 0.330854493 0.365286271 0.366449590 0.401387260 0.300780293 0.310020180 0.338610451 0.239455563 0.079649527 0.107069946 0.145302103 0.144961203 0.117011155 0.076254501 0.075064294 0.074655520 0.073597395 0.098856015 0.127089828 0.000000000 0.120182885 0.225050207 0.243007239 0.237390243 0.220207247 0.201803424 0.369660256 0.221431962 0.231031544 0.318249068 0.252948379 0.238022451 0.236446209 0.463899929 0.437017455 
36     0.290401696 0.291339178 0.292674807 0.356204141 0.407920750 0.416979117 0.315706736 0.313209842 0.341592224 0.356116351 0.281841814 0.573432101 0.485378276 0.592458619 0.491202652 0.371293116 0.381639195 0.416391029 0.417349054 0.455376039 0.353824278 0.364766876 0.392503277 0.292200735 0.133812883 0.161407168 0.198234642 0.198139466 0.172563927 0.131570843 0.131329920 0.130034834 0.130607582 0.153126377 0.182529378 0.120182885 0.000000000 0.280309568 0.296739803 0.290921351 0.274779975 0.255340686 0.422780616 0.274443669 0.283905844 0.372043402 0.305806837 0.291318561 0.290395452 0.516884437 0.488336434 
21     0.275266652 0.276246926 0.275980708 0.342710877 0.393949373 0.404029038 0.303649211 0.300399315 0.325984017 0.341338037 0.266825040 0.554640360 0.467352383 0.576650962 0.475700834 0.353468836 0.366219635 0.400820509 0.401764525 0.437591415 0.337335645 0.347556058 0.378369335 0.275790545 0.221501497 0.262743090 0.298622023 0.299513817 0.278131094 0.236051807 0.230733978 0.233180867 0.235120767 0.257728698 0.286655029 0.225050207 0.280309568 0.000000000 0.222508130 0.215738510 0.198995634 0.182633618 0.375003351 0.234201995 0.243372061 0.327943394 0.265272232 0.250082094 0.251240608 0.475879101 0.475863681 
47     0.294135416 0.295067493 0.295199424 0.360022457 0.410956490 0.420762558 0.321221915 0.316656733 0.343434827 0.358168577 0.285247229 0.576554623 0.488662053 0.598769083 0.496595544 0.374405686 0.385158431 0.419561046 0.420607170 0.456894657 0.352733052 0.363177191 0.392718163 0.291765610 0.238625172 0.278810292 0.318149145 0.317836972 0.294838353 0.251662518 0.247537046 0.249591328 0.250779140 0.272503354 0.302995481 0.243007239 0.296739803 0.222508130 0.000000000 0.145272213 0.128189869 0.195945798 0.392669224 0.250395202 0.259858519 0.346152377 0.283402568 0.269070844 0.269137638 0.493372460 0.495011636 
29     0.288942093 0.289908765 0.290053994 0.355448158 0.406724681 0.416092501 0.315975791 0.311515243 0.337950438 0.352541386 0.280000288 0.571195472 0.484991130 0.593404327 0.491510352 0.366083351 0.377166699 0.411517728 0.412701871 0.446880862 0.345596747 0.353779187 0.385010395 0.282900800 0.232355422 0.273460981 0.311103938 0.311818925 0.288078163 0.245594032 0.240506238 0.243248744 0.244501050 0.264774689 0.295519297 0.237390243 0.290921351 0.215738510 0.145272213 0.000000000 0.064486921 0.186187763 0.385105364 0.241395355 0.251113619 0.338589981 0.274176849 0.259083696 0.258830254 0.484520502 0.487223745 
43     0.273285814 0.274200109 0.274339379 0.339932074 0.390868003 0.400522388 0.300221144 0.296051716 0.322402606 0.337199347 0.264594376 0.557863432 0.470728597 0.579233132 0.477207995 0.350494686 0.362465413 0.397038060 0.398222202 0.431747665 0.331316688 0.339847025 0.369316439 0.267022088 0.215668435 0.257719652 0.294945660 0.295677398 0.271895572 0.229400027 0.224495623 0.226595608 0.228069643 0.250348064 0.280477873 0.220207247 0.274779975 0.198995634 0.128189869 0.064486921 0.000000000 0.170612095 0.367858088 0.225851505 0.235726295 0.322737331 0.258684703 0.243620183 0.243572032 0.469082236 0.471893009 
33     0.250030769 0.250966008 0.251129633 0.316963797 0.370302252 0.380189703 0.280175694 0.276663335 0.301951464 0.317683896 0.243420765 0.531606685 0.444298994 0.555463148 0.454671142 0.330084160 0.341954052 0.376528163 0.376914857 0.412824869 0.313008943 0.321675282 0.351677293 0.248164426 0.197846126 0.238633485 0.275991611 0.275858804 0.252702074 0.210427043 0.206348135 0.208807384 0.209702371 0.232648375 0.261990740 0.201803424 0.255340686 0.182633618 0.195945798 0.186187763 0.170612095 0.000000000 0.348897245 0.207134329 0.216671044 0.303760109 0.241075847 0.225972608 0.226620530 0.450722994 0.451069697 
35     0.420443939 0.421420595 0.421604350 0.486469464 0.538316075 0.547571344 0.446895402 0.444675354 0.469474543 0.485340516 0.410638715 0.704459362 0.616990360 0.726191462 0.625138645 0.497995554 0.511172865 0.545609573 0.546412696 0.582231819 0.475284942 0.487835727 0.516394648 0.415399724 0.364384458 0.404784499 0.443602828 0.443817293 0.416810412 0.375168548 0.371776534 0.375100581 0.375316445 0.398299649 0.428021987 0.369660256 0.422780616 0.375003351 0.392669224 0.385105364 0.367858088 0.348897245 0.000000000 0.357329027 0.369405977 0.454581420 0.391126777 0.377872905 0.378070473 0.601521630 0.618748331 
46     0.274567709 0.274987499 0.275730463 0.339752645 0.392195827 0.401732910 0.300972394 0.297633776 0.323459257 0.340573338 0.265176813 0.557691014 0.471078250 0.579860499 0.478656245 0.352480900 0.364404459 0.398350766 0.399357899 0.437028508 0.335419799 0.345775625 0.373777513 0.272342737 0.216001952 0.257462131 0.295837605 0.295755147 0.272269889 0.230688832 0.226530246 0.227301577 0.228543316 0.250327463 0.280482394 0.221431962 0.274443669 0.234201995 0.250395202 0.241395355 0.225851505 0.207134329 0.357329027 0.000000000 0.065397762 0.253503053 0.191060754 0.178742336 0.178601875 0.399821105 0.471011888 
30     0.283197748 0.283617538 0.284060504 0.348431568 0.400743746 0.410359874 0.310006701 0.306854022 0.332257888 0.349357867 0.274203915 0.565789347 0.479790729 0.587301286 0.486365165 0.361854175 0.373699922 0.407841030 0.408848163 0.446417948 0.344561585 0.354889622 0.382154961 0.281358534 0.225843989 0.267304224 0.305652847 0.305594079 0.282347479 0.240801846 0.236319023 0.237052461 0.238427534 0.260198326 0.290332152 0.231031544 0.283905844 0.243372061 0.259858519 0.251113619 0.235726295 0.216671044 0.369405977 0.065397762 0.000000000 0.263379632 0.201133210 0.188777767 0.188623338 0.410333506 0.480772021 
42     0.367964553 0.368922999 0.368975716 0.434429694 0.485926482 0.495566429 0.394831826 0.390908637 0.417796529 0.435019888 0.358914744 0.650652444 0.564055079 0.670259570 0.569659125 0.445967354 0.459257649 0.493210341 0.494217474 0.529538369 0.431001819 0.441311177 0.469341799 0.367736471 0.314941398 0.354227748 0.393787208 0.393738669 0.369842049 0.328186979 0.323500289 0.325159754 0.325202457 0.348861812 0.377004302 0.318249068 0.372043402 0.327943394 0.346152377 0.338589981 0.322737331 0.303760109 0.454581420 0.253503053 0.263379632 0.000000000 0.238956330 0.225146255 0.225063771 0.447923873 0.564949274 
32     0.303663285 0.304419035 0.306439079 0.370281153 0.422466919 0.432380853 0.332134378 0.328310089 0.353707068 0.371887066 0.295262238 0.588114761 0.501700613 0.608059930 0.506712698 0.384079362 0.397279625 0.431188884 0.432191767 0.466926155 0.365675068 0.377534944 0.406791139 0.305213947 0.247588186 0.289899097 0.328608458 0.329015475 0.304802189 0.263577260 0.258859187 0.260053802 0.261418149 0.283447725 0.313660646 0.252948379 0.305806837 0.265272232 0.283402568 0.274176849 0.258684703 0.241075847 0.391126777 0.191060754 0.201133210 0.238956330 0.000000000 0.082344570 0.083629565 0.345158242 0.503718457 
49     0.289350974 0.290474027 0.291777309 0.356502577 0.408575249 0.417423408 0.317319522 0.313260705 0.339583539 0.357747924 0.280833181 0.574645088 0.488402845 0.594033187 0.492560747 0.368688801 0.381385426 0.415472896 0.416389148 0.453411962 0.351825744 0.362448395 0.390455568 0.289911643 0.233594588 0.275092194 0.314261607 0.314632332 0.289976708 0.248592205 0.243612298 0.243726561 0.246238846 0.268354092 0.298264486 0.238022451 0.291318561 0.250082094 0.269070844 0.259083696 0.243620183 0.225972608 0.377872905 0.178742336 0.188777767 0.225146255 0.082344570 0.000000000 0.030838549 0.339266665 0.488443567 
34     0.288768538 0.289891591 0.291607860 0.355924578 0.408263497 0.417133560 0.316859304 0.312885937 0.339755784 0.357491527 0.280575178 0.573367589 0.487111925 0.592088422 0.491051745 0.369147917 0.382514147 0.416717614 0.417717802 0.453474640 0.351012098 0.361069545 0.391747425 0.290866927 0.231657552 0.273911112 0.313071246 0.313408106 0.288571009 0.247396748 0.242321284 0.242799250 0.244944986 0.266865198 0.296836820 0.236446209 0.290395452 0.251240608 0.269137638 0.258830254 0.243572032 0.226620530 0.378070473 0.178601875 0.188623338 0.225063771 0.083629565 0.030838549 0.000000000 0.339289540 0.487414840 
41     0.511098929 0.512437575 0.514033248 0.578025064 0.630058252 0.639991692 0.539775212 0.535810922 0.562079376 0.579016281 0.503485887 0.795396997 0.705101271 0.814023408 0.713185063 0.592220635 0.604259988 0.638430452 0.639437585 0.676152954 0.576551659 0.587013220 0.616733641 0.515872839 0.458132761 0.500292102 0.538931529 0.538884539 0.515663656 0.472663171 0.468869469 0.469792786 0.472297663 0.493539020 0.522959357 0.463899929 0.516884437 0.475879101 0.493372460 0.484520502 0.469082236 0.450722994 0.601521630 0.399821105 0.410333506 0.447923873 0.345158242 0.339266665 0.339289540 0.000000000 0.711995138 
0     0.461111576 0.461278270 0.459968390 0.529744008 0.581653123 0.590220317 0.488530202 0.485353220 0.513474501 0.528834373 0.455644841 0.747579796 0.661209728 0.766402040 0.666696200 0.534952070 0.549017026 0.583411329 0.584377257 0.622274145 0.550754032 0.565163784 0.593954693 0.488744038 0.434948199 0.475242587 0.512658725 0.513004956 0.489531207 0.446489799 0.441856777 0.445187927 0.447524319 0.469236736 0.495624366 0.437017455 0.488336434 0.475863681 0.495011636 0.487223745 0.471893009 0.451069697 0.618748331 0.471011888 0.480772021 0.564949274 0.503718457 0.488443567 0.487414840 0.711995138 0.000000000 
