51
16     0.000000000 0.104461454 0.112863546 0.176805385 0.177890123 0.222852076 0.307761812 0.247822465 0.249515426 0.208478269 0.275521706 0.284723481 0.240899611 0.218312601 0.218829101 0.221888318 0.218939143 0.285290748 0.265958505 0.254802556 0.310745518 0.314262514 0.277781587 0.325636712 0.329852426 0.320310209 0.316415716 0.275741952 0.281922985 0.300404844 0.281797562 0.291825991 0.312570869 0.288972606 0.288477001 0.296187521 0.294660619 0.297077391 0.271278942 0.282272310 0.327070684 0.360919170 0.309645078 0.297034408 0.297679170 0.263251573 0.262152511 0.291366084 0.281981069 0.282519126 0.279042833 
3     0.104461454 0.000000000 0.109804678 0.185747681 0.188143201 0.233434997 0.318305077 0.258163872 0.259995292 0.217180810 0.284630695 0.294660602 0.249820586 0.227829554 0.228347780 0.231486093 0.228150893 0.295714910 0.275038007 0.264231313 0.320252454 0.325021922 0.286049095 0.335174823 0.339437186 0.330255709 0.327260665 0.285020256 0.289604999 0.306773378 0.290304859 0.300300546 0.320575228 0.297074654 0.296888394 0.304549980 0.302955151 0.305412424 0.280246762 0.290405357 0.335677766 0.368217596 0.319079217 0.305842023 0.306219156 0.268938846 0.270019321 0.300226802 0.291370115 0.291938601 0.287351602 
2     0.112863546 0.109804678 0.000000000 0.192770666 0.195275776 0.239427639 0.322409693 0.262118908 0.265424499 0.223671539 0.290647028 0.300622999 0.255805397 0.232988042 0.233504940 0.237844971 0.234087087 0.301565552 0.280570237 0.269424387 0.326439840 0.329912870 0.293598689 0.340213940 0.344286893 0.335078370 0.331836237 0.290689931 0.296957612 0.314939637 0.295446926 0.305583325 0.327889414 0.306302078 0.305564386 0.312789290 0.311146118 0.313549021 0.287583107 0.297969005 0.341670725 0.375861957 0.325828123 0.312817778 0.313166350 0.276219799 0.276765898 0.307095512 0.298324952 0.298576635 0.293036777 
15     0.176805385 0.185747681 0.192770666 0.000000000 0.124810499 0.173082996 0.257136933 0.197006250 0.198418565 0.156158067 0.223597063 0.233553212 0.186054747 0.167303995 0.167658221 0.170419297 0.167814833 0.233825617 0.212468141 0.202809211 0.261793086 0.262053700 0.224257272 0.273248256 0.277981623 0.271339814 0.265783247 0.224263922 0.225773874 0.242555251 0.227937386 0.239010610 0.259101699 0.232638337 0.231699649 0.240528774 0.238959694 0.241813057 0.217910636 0.228290853 0.273347947 0.304627840 0.255785801 0.243930126 0.244140485 0.206067907 0.207843227 0.237777024 0.227962565 0.228650903 0.230426522 
18     0.177890123 0.188143201 0.195275776 0.124810499 0.000000000 0.180541198 0.261787969 0.202388079 0.204001073 0.161307735 0.229739922 0.237298151 0.191966221 0.172136551 0.172683461 0.175609633 0.173048353 0.238492492 0.219173498 0.208919899 0.266744546 0.264279060 0.231267331 0.277991327 0.281862426 0.275469414 0.269534542 0.231666797 0.233988040 0.251634448 0.234576035 0.246442284 0.264343656 0.241553844 0.241110133 0.249182289 0.247600926 0.250121951 0.222861918 0.235243248 0.281965897 0.311748740 0.263122400 0.249880842 0.249731013 0.215545197 0.214948411 0.243341804 0.233523394 0.234816962 0.234551023 
12     0.222852076 0.233434997 0.239427639 0.173082996 0.180541198 0.000000000 0.305339292 0.246940636 0.247801762 0.206882168 0.274300389 0.283383548 0.235875932 0.217420991 0.217910003 0.219790744 0.217156511 0.283964968 0.262233428 0.251760657 0.309565386 0.311964991 0.275005996 0.322450295 0.326620154 0.318540933 0.313725347 0.274651984 0.278047565 0.297181632 0.277854885 0.287937189 0.312107340 0.289654186 0.289440098 0.296397323 0.294846073 0.297188262 0.267775883 0.279070702 0.321437097 0.354740712 0.306073153 0.294218770 0.294592649 0.259676622 0.260126096 0.288282632 0.277989922 0.278433643 0.280242480 
13     0.307761812 0.318305077 0.322409693 0.257136933 0.261787969 0.305339292 0.000000000 0.160413618 0.210539072 0.250821044 0.318220338 0.328502355 0.281012835 0.260271837 0.260719979 0.264454276 0.262171158 0.328746085 0.315667225 0.306244260 0.362352481 0.367277263 0.325789427 0.376048978 0.380239216 0.372814080 0.367224824 0.330819963 0.334792338 0.349893462 0.330708595 0.344677625 0.359731516 0.335419350 0.334482613 0.342245164 0.340718238 0.342988371 0.320810347 0.332380354 0.376677980 0.407890552 0.359685641 0.347371046 0.347611200 0.308440352 0.312204152 0.340389044 0.330400422 0.331088259 0.330605302 
11     0.247822465 0.258163872 0.262118908 0.197006250 0.202388079 0.246940636 0.160413618 0.000000000 0.149459221 0.192005163 0.259371102 0.268935466 0.221092220 0.202495407 0.202964122 0.206807186 0.203565681 0.270822815 0.255702158 0.247625495 0.301847923 0.308156536 0.268781125 0.316022334 0.320247473 0.312200649 0.308382559 0.270143510 0.272385307 0.288494985 0.272252459 0.283684413 0.301641572 0.277635833 0.276792213 0.285917610 0.284352921 0.286915901 0.261273188 0.273575316 0.317196557 0.347554502 0.297316235 0.288248454 0.288612822 0.250464731 0.253470289 0.281162469 0.270214274 0.271636739 0.270209427 
9     0.249515426 0.259995292 0.265424499 0.198418565 0.204001073 0.247801762 0.210539072 0.149459221 0.000000000 0.193011482 0.261722052 0.272344342 0.223111654 0.204499476 0.204984827 0.208769568 0.206593919 0.272201923 0.255815908 0.247975743 0.302190805 0.308904213 0.271630951 0.317788252 0.321843774 0.314064091 0.309868273 0.273026340 0.275999633 0.291689157 0.273440273 0.284441363 0.306176080 0.280304622 0.279959648 0.288505471 0.287082900 0.288568451 0.264616990 0.271795559 0.316784538 0.348428847 0.297955184 0.290410414 0.290473168 0.251213253 0.253455129 0.281935377 0.272350185 0.273509807 0.272597996 
6     0.208478269 0.217180810 0.223671539 0.156158067 0.161307735 0.206882168 0.250821044 0.192005163 0.193011482 0.000000000 0.204215521 0.215148300 0.170886121 0.150097049 0.150391501 0.152946189 0.151704344 0.217527376 0.214965712 0.203626451 0.259262419 0.264030281 0.225859112 0.273726003 0.278456488 0.272172971 0.266524985 0.225021406 0.231055349 0.248743906 0.230829912 0.241599133 0.261570047 0.239179990 0.238466827 0.246597926 0.245049174 0.247110701 0.222252235 0.231716235 0.277023297 0.308663470 0.258082872 0.245645186 0.245651959 0.206306109 0.207496073 0.237439591 0.226021660 0.227874506 0.231140792 
1     0.275521706 0.284630695 0.290647028 0.223597063 0.229739922 0.274300389 0.318220338 0.259371102 0.261722052 0.204215521 0.000000000 0.135983912 0.208059898 0.217466763 0.217996397 0.220496574 0.218556677 0.284925111 0.282567841 0.273995565 0.328978044 0.332228104 0.294736932 0.341973095 0.346891814 0.339482443 0.334935503 0.292639199 0.294261223 0.313494714 0.295319898 0.305924257 0.328870954 0.305957587 0.305894557 0.313802330 0.312253305 0.314553054 0.287679038 0.299456868 0.341722376 0.374266665 0.324515375 0.312509744 0.312865843 0.275446457 0.277127095 0.307017546 0.296112901 0.297860479 0.302540473 
7     0.284723481 0.294660602 0.300622999 0.233553212 0.237298151 0.283383548 0.328502355 0.268935466 0.272344342 0.215148300 0.135983912 0.000000000 0.218089632 0.225484008 0.226033130 0.228479887 0.226572939 0.294987027 0.292166919 0.282766264 0.338159025 0.343659307 0.304620615 0.350624933 0.355365659 0.347876360 0.343108016 0.302236816 0.305240096 0.324110479 0.306347228 0.314559396 0.339969125 0.313552832 0.314000790 0.322266886 0.320786687 0.322799142 0.298044866 0.310366435 0.353592196 0.385271415 0.336310116 0.323121200 0.323671305 0.286941927 0.287962269 0.319035654 0.308014777 0.308786677 0.310709939 
8     0.240899611 0.249820586 0.255805397 0.186054747 0.191966221 0.235875932 0.281012835 0.221092220 0.223111654 0.170886121 0.208059898 0.218089632 0.000000000 0.176516609 0.177084564 0.180356678 0.178521366 0.245663034 0.248495394 0.239266442 0.291961933 0.298877817 0.257290416 0.306509631 0.311256270 0.302948655 0.298412661 0.254071467 0.258505325 0.277069880 0.258677159 0.269600920 0.293259543 0.269194246 0.269055927 0.277011759 0.275447070 0.278398479 0.252147748 0.264778832 0.308908899 0.340044733 0.291488635 0.274882142 0.275138653 0.240854967 0.241528038 0.271067129 0.261580548 0.262524639 0.264733072 
14     0.218312601 0.227829554 0.232988042 0.167303995 0.172136551 0.217420991 0.260271837 0.202495407 0.204499476 0.150097049 0.217466763 0.225484008 0.176516609 0.000000000 0.011585160 0.042944312 0.045312958 0.194779720 0.224999212 0.214709376 0.269083068 0.272583219 0.234756320 0.281702091 0.286307812 0.278263167 0.273951263 0.233605682 0.239069311 0.258538272 0.239172277 0.250506766 0.271489223 0.246570893 0.246503863 0.254268134 0.252843825 0.254983381 0.230389829 0.243000986 0.287892916 0.320864940 0.270249358 0.257718198 0.257860570 0.221007537 0.221244957 0.250476795 0.239989430 0.241167398 0.240745951 
10     0.218829101 0.228347780 0.233504940 0.167658221 0.172683461 0.217910003 0.260719979 0.202964122 0.204984827 0.150391501 0.217996397 0.226033130 0.177084564 0.011585160 0.000000000 0.042919742 0.045296065 0.194990260 0.225471983 0.215135377 0.269605973 0.273377333 0.235091199 0.281826278 0.286431998 0.278381956 0.274079255 0.233902279 0.239300160 0.258766213 0.239401572 0.250985714 0.271607127 0.246701473 0.246621767 0.254493242 0.252961729 0.255101286 0.230997659 0.243306002 0.288465191 0.321439564 0.270844143 0.257899447 0.258041819 0.221283208 0.221520627 0.250467620 0.239980255 0.241158223 0.241235036 
5     0.221888318 0.231486093 0.237844971 0.170419297 0.175609633 0.219790744 0.264454276 0.206807186 0.208769568 0.152946189 0.220496574 0.228479887 0.180356678 0.042944312 0.042919742 0.000000000 0.048839564 0.196823154 0.227561558 0.217115442 0.272514948 0.276213015 0.238572544 0.285947433 0.289910417 0.282453411 0.278338688 0.237563016 0.243136421 0.262212871 0.242835707 0.255483272 0.275293033 0.249972943 0.250156599 0.258059054 0.256635581 0.258419970 0.234400197 0.247045869 0.291643026 0.324234643 0.274504962 0.261102408 0.261284683 0.224244491 0.225094744 0.253714485 0.243222545 0.243889152 0.244804655 
17     0.218939143 0.228150893 0.234087087 0.167814833 0.173048353 0.217156511 0.262171158 0.203565681 0.206593919 0.151704344 0.218556677 0.226572939 0.178521366 0.045312958 0.045296065 0.048839564 0.000000000 0.196613357 0.225679355 0.215328726 0.268313142 0.273472819 0.236646561 0.283463907 0.287828072 0.280432561 0.275751466 0.236059343 0.241390699 0.260776767 0.241102355 0.252237141 0.271809830 0.246182098 0.246145942 0.254429446 0.252902627 0.254733911 0.230470026 0.242680442 0.287209202 0.319504174 0.268935559 0.257785580 0.257842835 0.220138552 0.220970343 0.250331308 0.240061063 0.240752567 0.241782532 
4     0.285290748 0.295714910 0.301565552 0.233825617 0.238492492 0.283964968 0.328746085 0.270822815 0.272201923 0.217527376 0.284925111 0.294987027 0.245663034 0.194779720 0.194990260 0.196823154 0.196613357 0.000000000 0.293513437 0.282216324 0.338247181 0.339832775 0.304495394 0.346497537 0.351420481 0.344309108 0.340749192 0.301351017 0.306102880 0.322905442 0.306781016 0.318316622 0.337672242 0.314069608 0.313323066 0.321918609 0.320362724 0.322467910 0.297052652 0.308419616 0.353217795 0.385109786 0.336062820 0.322232692 0.322355620 0.283327480 0.285371247 0.315027450 0.305246759 0.304145507 0.310505973 
38     0.265958505 0.275038007 0.280570237 0.212468141 0.219173498 0.262233428 0.315667225 0.255702158 0.255815908 0.214965712 0.282567841 0.292166919 0.248495394 0.224999212 0.225471983 0.227561558 0.225679355 0.293513437 0.000000000 0.061239436 0.294927654 0.308344427 0.273003384 0.320807803 0.324801216 0.320014390 0.314647420 0.274424850 0.280431552 0.297878191 0.278566927 0.288098629 0.309124342 0.286379464 0.285518177 0.293587878 0.291843462 0.293752923 0.268460284 0.280794147 0.323562374 0.354774257 0.305263036 0.293818580 0.293695167 0.256865385 0.259842658 0.287821356 0.278541989 0.280160436 0.279408773 
28     0.254802556 0.264231313 0.269424387 0.202809211 0.208919899 0.251760657 0.306244260 0.247625495 0.247975743 0.203626451 0.273995565 0.282766264 0.239266442 0.214709376 0.215135377 0.217115442 0.215328726 0.282216324 0.061239436 0.000000000 0.285577950 0.297967482 0.264595757 0.312834742 0.317206165 0.311734971 0.305561516 0.265327400 0.272235117 0.289644219 0.269930186 0.279336991 0.301187487 0.277709539 0.276806408 0.284993874 0.283266962 0.285080399 0.260370459 0.270261618 0.316177187 0.348411018 0.298107110 0.285022090 0.284970375 0.247119103 0.249721340 0.278983082 0.269511723 0.271055997 0.268761225 
26     0.310745518 0.320252454 0.326439840 0.261793086 0.266744546 0.309565386 0.362352481 0.301847923 0.302190805 0.259262419 0.328978044 0.338159025 0.291961933 0.269083068 0.269605973 0.272514948 0.268313142 0.338247181 0.294927654 0.285577950 0.000000000 0.354769326 0.315338789 0.364505566 0.368931021 0.362716103 0.358429625 0.312137929 0.318699527 0.337565875 0.318841468 0.326479988 0.350448056 0.327857231 0.327525157 0.335178989 0.333462600 0.335557493 0.309823614 0.322937362 0.367136083 0.399060814 0.348684884 0.335906255 0.336336247 0.299291084 0.299841899 0.328100090 0.319689110 0.320986233 0.321610968 
36     0.314262514 0.325021922 0.329912870 0.262053700 0.264279060 0.311964991 0.367277263 0.308156536 0.308904213 0.264030281 0.332228104 0.343659307 0.298877817 0.272583219 0.273377333 0.276213015 0.273472819 0.339832775 0.308344427 0.297967482 0.354769326 0.000000000 0.316640388 0.362145134 0.366250980 0.359862330 0.356395438 0.312655239 0.319414137 0.337411856 0.316453811 0.329024091 0.350118417 0.327932702 0.327657780 0.335081233 0.333525880 0.336022329 0.305993227 0.319595274 0.366622319 0.398612699 0.347616064 0.333966476 0.333941678 0.299801603 0.299390739 0.329811396 0.319476716 0.320071903 0.326753518 
21     0.277781587 0.286049095 0.293598689 0.224257272 0.231267331 0.275005996 0.325789427 0.268781125 0.271630951 0.225859112 0.294736932 0.304620615 0.257290416 0.234756320 0.235091199 0.238572544 0.236646561 0.304495394 0.273003384 0.264595757 0.315338789 0.316640388 0.000000000 0.323493078 0.327785811 0.319480359 0.316237657 0.274697156 0.277857764 0.296937600 0.276576049 0.289659439 0.316224342 0.292413329 0.291419183 0.299032213 0.297472903 0.299409206 0.274108925 0.284043529 0.329337907 0.358697275 0.308066480 0.297986557 0.297593427 0.256508527 0.256967282 0.285717986 0.274643941 0.275393451 0.288988758 
44     0.325636712 0.335174823 0.340213940 0.273248256 0.277991327 0.322450295 0.376048978 0.316022334 0.317788252 0.273726003 0.341973095 0.350624933 0.306509631 0.281702091 0.281826278 0.285947433 0.283463907 0.346497537 0.320807803 0.312834742 0.364505566 0.362145134 0.323493078 0.000000000 0.041720801 0.102166932 0.098246450 0.244902607 0.250238800 0.268311062 0.250236721 0.260608523 0.308284600 0.286268426 0.285525674 0.293104321 0.291580213 0.293565778 0.267322843 0.281240907 0.324973653 0.356810673 0.307124308 0.293498079 0.293544323 0.255575312 0.255214900 0.283079872 0.274523008 0.275606851 0.338433951 
46     0.329852426 0.339437186 0.344286893 0.277981623 0.281862426 0.326620154 0.380239216 0.320247473 0.321843774 0.278456488 0.346891814 0.355365659 0.311256270 0.286307812 0.286431998 0.289910417 0.287828072 0.351420481 0.324801216 0.317206165 0.368931021 0.366250980 0.327785811 0.041720801 0.000000000 0.106078491 0.103076739 0.249137664 0.253732298 0.272385000 0.253974546 0.264562692 0.311092334 0.289641599 0.288898847 0.296981047 0.295487340 0.297594652 0.269697651 0.284688640 0.328561678 0.359818884 0.310548919 0.296583299 0.296629543 0.259252519 0.258706352 0.286762556 0.278090746 0.278995828 0.342966343 
43     0.320310209 0.330255709 0.335078370 0.271339814 0.275469414 0.318540933 0.372814080 0.312200649 0.314064091 0.272172971 0.339482443 0.347876360 0.302948655 0.278263167 0.278381956 0.282453411 0.280432561 0.344309108 0.320014390 0.311734971 0.362716103 0.359862330 0.319480359 0.102166932 0.106078491 0.000000000 0.084183511 0.242433531 0.247674932 0.265516388 0.248232615 0.258550422 0.305486322 0.283185497 0.282351336 0.289222009 0.287754701 0.290026046 0.264915001 0.278799826 0.319298244 0.351676946 0.301169485 0.289430257 0.289379269 0.254002543 0.253999419 0.277700228 0.269282732 0.269733462 0.333145974 
41     0.316415716 0.327260665 0.331836237 0.265783247 0.269534542 0.313725347 0.367224824 0.308382559 0.309868273 0.266524985 0.334935503 0.343108016 0.298412661 0.273951263 0.274079255 0.278338688 0.275751466 0.340749192 0.314647420 0.305561516 0.358429625 0.356395438 0.316237657 0.098246450 0.103076739 0.084183511 0.000000000 0.237926155 0.244360796 0.262486458 0.243100817 0.254161575 0.301365572 0.277472032 0.276505041 0.283498336 0.282020246 0.284041114 0.258355334 0.273270000 0.315228733 0.347735481 0.297068739 0.284997525 0.284969022 0.250040000 0.249196787 0.272978952 0.264931477 0.265758933 0.329541684 
25     0.275741952 0.285020256 0.290689931 0.224263922 0.231666797 0.274651984 0.330819963 0.270143510 0.273026340 0.225021406 0.292639199 0.302236816 0.254071467 0.233605682 0.233902279 0.237563016 0.236059343 0.301351017 0.274424850 0.265327400 0.312137929 0.312655239 0.274697156 0.244902607 0.249137664 0.242433531 0.237926155 0.000000000 0.132558618 0.152524901 0.167986945 0.184145757 0.261152903 0.237994037 0.237698347 0.245728911 0.244329003 0.246422103 0.218332437 0.231039338 0.273759162 0.304381849 0.253504513 0.245237506 0.245109086 0.208572791 0.208091634 0.235138984 0.226689410 0.227365215 0.288878081 
19     0.281922985 0.289604999 0.296957612 0.225773874 0.233988040 0.278047565 0.334792338 0.272385307 0.275999633 0.231055349 0.294261223 0.305240096 0.258505325 0.239069311 0.239300160 0.243136421 0.241390699 0.306102880 0.280431552 0.272235117 0.318699527 0.319414137 0.277857764 0.250238800 0.253732298 0.247674932 0.244360796 0.132558618 0.000000000 0.074816124 0.170841410 0.185814624 0.261533691 0.241565049 0.241087970 0.247967535 0.246562096 0.249177153 0.221398042 0.233968000 0.279904850 0.310589227 0.260090650 0.248126680 0.247697527 0.211756913 0.210594148 0.238239647 0.229677840 0.230107695 0.291743033 
49     0.300404844 0.306773378 0.314939637 0.242555251 0.251634448 0.297181632 0.349893462 0.288494985 0.291689157 0.248743906 0.313494714 0.324110479 0.277069880 0.258538272 0.258766213 0.262212871 0.260776767 0.322905442 0.297878191 0.289644219 0.337565875 0.337411856 0.296937600 0.268311062 0.272385000 0.265516388 0.262486458 0.152524901 0.074816124 0.000000000 0.190536153 0.203617901 0.280566837 0.260906378 0.260117065 0.267367077 0.265961118 0.268483149 0.241743429 0.254684976 0.300573555 0.330841648 0.280382279 0.266885894 0.266456741 0.231617450 0.231028031 0.259371477 0.250583339 0.250529711 0.310264654 
32     0.281797562 0.290304859 0.295446926 0.227937386 0.234576035 0.277854885 0.330708595 0.272252459 0.273440273 0.230829912 0.295319898 0.306347228 0.258677159 0.239172277 0.239401572 0.242835707 0.241102355 0.306781016 0.278566927 0.269930186 0.318841468 0.316453811 0.276576049 0.250236721 0.253974546 0.248232615 0.243100817 0.167986945 0.170841410 0.190536153 0.000000000 0.147562703 0.264574503 0.241678923 0.240838862 0.248625244 0.247115630 0.248842195 0.223948379 0.237925896 0.279914757 0.312712304 0.261769537 0.245914052 0.245451673 0.210670821 0.211843947 0.238925025 0.230659865 0.231347719 0.291539643 
39     0.291825991 0.300300546 0.305583325 0.239010610 0.246442284 0.287937189 0.344677625 0.283684413 0.284441363 0.241599133 0.305924257 0.314559396 0.269600920 0.250506766 0.250985714 0.255483272 0.252237141 0.318316622 0.288098629 0.279336991 0.326479988 0.329024091 0.289659439 0.260608523 0.264562692 0.258550422 0.254161575 0.184145757 0.185814624 0.203617901 0.147562703 0.000000000 0.272877150 0.251997535 0.251795913 0.258242372 0.257195152 0.257954957 0.233208082 0.249228729 0.291193301 0.321879016 0.270617133 0.257249742 0.256910261 0.218632886 0.219879690 0.247198234 0.239570734 0.239831291 0.302791097 
34     0.312570869 0.320575228 0.327889414 0.259101699 0.264343656 0.312107340 0.359731516 0.301641572 0.306176080 0.261570047 0.328870954 0.339969125 0.293259543 0.271489223 0.271607127 0.275293033 0.271809830 0.337672242 0.309124342 0.301187487 0.350448056 0.350118417 0.316224342 0.308284600 0.311092334 0.305486322 0.301365572 0.261152903 0.261533691 0.280566837 0.264574503 0.272877150 0.000000000 0.145310181 0.145781553 0.153971104 0.152167534 0.153879605 0.218684111 0.261408979 0.307091346 0.339047929 0.288433287 0.278160192 0.278370031 0.238544811 0.240342302 0.267129897 0.258141147 0.258912304 0.326179460 
30     0.288972606 0.297074654 0.306302078 0.232638337 0.241553844 0.289654186 0.335419350 0.277635833 0.280304622 0.239179990 0.305957587 0.313552832 0.269194246 0.246570893 0.246701473 0.249972943 0.246182098 0.314069608 0.286379464 0.277709539 0.327857231 0.327932702 0.292413329 0.286268426 0.289641599 0.283185497 0.277472032 0.237994037 0.241565049 0.260906378 0.241678923 0.251997535 0.145310181 0.000000000 0.029953162 0.060920922 0.061028481 0.060310807 0.197812125 0.240039903 0.284411935 0.316152416 0.264761513 0.254014613 0.254054164 0.214109903 0.216924755 0.242161991 0.232980996 0.233288350 0.302123893 
37     0.288477001 0.296888394 0.305564386 0.231699649 0.241110133 0.289440098 0.334482613 0.276792213 0.279959648 0.238466827 0.305894557 0.314000790 0.269055927 0.246503863 0.246621767 0.250156599 0.246145942 0.313323066 0.285518177 0.276806408 0.327525157 0.327657780 0.291419183 0.285525674 0.288898847 0.282351336 0.276505041 0.237698347 0.241087970 0.260117065 0.240838862 0.251795913 0.145781553 0.029953162 0.000000000 0.062759463 0.062207353 0.061409916 0.198582590 0.240022286 0.283826888 0.315533706 0.264348843 0.253143399 0.253182950 0.213202474 0.216392312 0.241769070 0.232607131 0.233275297 0.301454186 
27     0.296187521 0.304549980 0.312789290 0.240528774 0.249182289 0.296397323 0.342245164 0.285917610 0.288505471 0.246597926 0.313802330 0.322266886 0.277011759 0.254268134 0.254493242 0.258059054 0.254429446 0.321918609 0.293587878 0.284993874 0.335178989 0.335081233 0.299032213 0.293104321 0.296981047 0.289222009 0.283498336 0.245728911 0.247967535 0.267367077 0.248625244 0.258242372 0.153971104 0.060920922 0.062759463 0.000000000 0.034834017 0.056792924 0.205920238 0.247513104 0.291583593 0.323535101 0.272169423 0.262271037 0.262225726 0.222800748 0.225901098 0.248990967 0.239477030 0.240048820 0.308373497 
50     0.294660619 0.302955151 0.311146118 0.238959694 0.247600926 0.294846073 0.340718238 0.284352921 0.287082900 0.245049174 0.312253305 0.320786687 0.275447070 0.252843825 0.252961729 0.256635581 0.252902627 0.320362724 0.291843462 0.283266962 0.333462600 0.333525880 0.297472903 0.291580213 0.295487340 0.287754701 0.282020246 0.244329003 0.246562096 0.265961118 0.247115630 0.257195152 0.152167534 0.061028481 0.062207353 0.034834017 0.000000000 0.056360350 0.204489223 0.246260643 0.290520074 0.322321025 0.270887945 0.261025538 0.260980227 0.221357079 0.224486336 0.247445164 0.237935998 0.238507788 0.307109781 
45     0.297077391 0.305412424 0.313549021 0.241813057 0.250121951 0.297188262 0.342988371 0.286915901 0.288568451 0.247110701 0.314553054 0.322799142 0.278398479 0.254983381 0.255101286 0.258419970 0.254733911 0.322467910 0.293752923 0.285080399 0.335557493 0.336022329 0.299409206 0.293565778 0.297594652 0.290026046 0.284041114 0.246422103 0.249177153 0.268483149 0.248842195 0.257954957 0.153879605 0.060310807 0.061409916 0.056792924 0.056360350 0.000000000 0.206023506 0.248063319 0.292267545 0.324195026 0.272712567 0.262349959 0.262398864 0.222472781 0.225473531 0.249067522 0.239785073 0.240130332 0.308570169 
29     0.271278942 0.280246762 0.287583107 0.217910636 0.222861918 0.267775883 0.320810347 0.261273188 0.264616990 0.222252235 0.287679038 0.298044866 0.252147748 0.230389829 0.230997659 0.234400197 0.230470026 0.297052652 0.268460284 0.260370459 0.309823614 0.305993227 0.274108925 0.267322843 0.269697651 0.264915001 0.258355334 0.218332437 0.221398042 0.241743429 0.223948379 0.233208082 0.218684111 0.197812125 0.198582590 0.205920238 0.204489223 0.206023506 0.000000000 0.220609984 0.263050590 0.294913485 0.245348418 0.234340629 0.234499388 0.196770156 0.197716105 0.224942370 0.215868396 0.216853915 0.286268723 
35     0.282272310 0.290405357 0.297969005 0.228290853 0.235243248 0.279070702 0.332380354 0.273575316 0.271795559 0.231716235 0.299456868 0.310366435 0.264778832 0.243000986 0.243306002 0.247045869 0.242680442 0.308419616 0.280794147 0.270261618 0.322937362 0.319595274 0.284043529 0.281240907 0.284688640 0.278799826 0.273270000 0.231039338 0.233968000 0.254684976 0.237925896 0.249228729 0.261408979 0.240039903 0.240022286 0.247513104 0.246260643 0.248063319 0.220609984 0.000000000 0.238454663 0.271975376 0.218076369 0.227327326 0.227321567 0.187521437 0.190139771 0.216557262 0.208343665 0.209666146 0.292977464 
31     0.327070684 0.335677766 0.341670725 0.273347947 0.281965897 0.321437097 0.376677980 0.317196557 0.316784538 0.277023297 0.341722376 0.353592196 0.308908899 0.287892916 0.288465191 0.291643026 0.287209202 0.353217795 0.323562374 0.316177187 0.367136083 0.366622319 0.329337907 0.324973653 0.328561678 0.319298244 0.315228733 0.273759162 0.279904850 0.300573555 0.279914757 0.291193301 0.307091346 0.284411935 0.283826888 0.291583593 0.290520074 0.292267545 0.263050590 0.238454663 0.000000000 0.168286595 0.116255063 0.270673429 0.270279334 0.234832610 0.234691193 0.257254314 0.250073029 0.249851239 0.339826903 
22     0.360919170 0.368217596 0.375861957 0.304627840 0.311748740 0.354740712 0.407890552 0.347554502 0.348428847 0.308663470 0.374266665 0.385271415 0.340044733 0.320864940 0.321439564 0.324234643 0.319504174 0.385109786 0.354774257 0.348411018 0.399060814 0.398612699 0.358697275 0.356810673 0.359818884 0.351676946 0.347735481 0.304381849 0.310589227 0.330841648 0.312712304 0.321879016 0.339047929 0.316152416 0.315533706 0.323535101 0.322321025 0.324195026 0.294913485 0.271975376 0.168286595 0.000000000 0.127725458 0.301418571 0.300897412 0.265928920 0.267533425 0.289236028 0.281391868 0.282744179 0.370869368 
20     0.309645078 0.319079217 0.325828123 0.255785801 0.263122400 0.306073153 0.359685641 0.297316235 0.297955184 0.258082872 0.324515375 0.336310116 0.291488635 0.270249358 0.270844143 0.274504962 0.268935559 0.336062820 0.305263036 0.298107110 0.348684884 0.347616064 0.308066480 0.307124308 0.310548919 0.301169485 0.297068739 0.253504513 0.260090650 0.280382279 0.261769537 0.270617133 0.288433287 0.264761513 0.264348843 0.272169423 0.270887945 0.272712567 0.245348418 0.218076369 0.116255063 0.127725458 0.000000000 0.250566621 0.250233170 0.215093269 0.216109779 0.236820507 0.229104762 0.230339214 0.321497567 
48     0.297034408 0.305842023 0.312817778 0.243930126 0.249880842 0.294218770 0.347371046 0.288248454 0.290410414 0.245645186 0.312509744 0.323121200 0.274882142 0.257718198 0.257899447 0.261102408 0.257785580 0.322232692 0.293818580 0.285022090 0.335906255 0.333966476 0.297986557 0.293498079 0.296583299 0.289430257 0.284997525 0.245237506 0.248126680 0.266885894 0.245914052 0.257249742 0.278160192 0.254014613 0.253143399 0.262271037 0.261025538 0.262349959 0.234340629 0.227327326 0.270673429 0.301418571 0.250566621 0.000000000 0.029513428 0.185323027 0.183729142 0.206289185 0.197560971 0.199789647 0.308699590 
42     0.297679170 0.306219156 0.313166350 0.244140485 0.249731013 0.294592649 0.347611200 0.288612822 0.290473168 0.245651959 0.312865843 0.323671305 0.275138653 0.257860570 0.258041819 0.261284683 0.257842835 0.322355620 0.293695167 0.284970375 0.336336247 0.333941678 0.297593427 0.293544323 0.296629543 0.289379269 0.284969022 0.245109086 0.247697527 0.266456741 0.245451673 0.256910261 0.278370031 0.254054164 0.253182950 0.262225726 0.260980227 0.262398864 0.234499388 0.227321567 0.270279334 0.300897412 0.250233170 0.029513428 0.000000000 0.185116313 0.183541788 0.206160305 0.197323767 0.199539278 0.308718632 
47     0.263251573 0.268938846 0.276219799 0.206067907 0.215545197 0.259676622 0.308440352 0.250464731 0.251213253 0.206306109 0.275446457 0.286941927 0.240854967 0.221007537 0.221283208 0.224244491 0.220138552 0.283327480 0.256865385 0.247119103 0.299291084 0.299801603 0.256508527 0.255575312 0.259252519 0.254002543 0.250040000 0.208572791 0.211756913 0.231617450 0.210670821 0.218632886 0.238544811 0.214109903 0.213202474 0.222800748 0.221357079 0.222472781 0.196770156 0.187521437 0.234832610 0.265928920 0.215093269 0.185323027 0.185116313 0.000000000 0.062231906 0.172424835 0.165177630 0.166247938 0.273965688 
24     0.262152511 0.270019321 0.276765898 0.207843227 0.214948411 0.260126096 0.312204152 0.253470289 0.253455129 0.207496073 0.277127095 0.287962269 0.241528038 0.221244957 0.221520627 0.225094744 0.220970343 0.285371247 0.259842658 0.249721340 0.299841899 0.299390739 0.256967282 0.255214900 0.258706352 0.253999419 0.249196787 0.208091634 0.210594148 0.231028031 0.211843947 0.219879690 0.240342302 0.216924755 0.216392312 0.225901098 0.224486336 0.225473531 0.197716105 0.190139771 0.234691193 0.267533425 0.216109779 0.183729142 0.183541788 0.062231906 0.000000000 0.171230398 0.163611765 0.165339458 0.275299131 
23     0.291366084 0.300226802 0.307095512 0.237777024 0.243341804 0.288282632 0.340389044 0.281162469 0.281935377 0.237439591 0.307017546 0.319035654 0.271067129 0.250476795 0.250467620 0.253714485 0.250331308 0.315027450 0.287821356 0.278983082 0.328100090 0.329811396 0.285717986 0.283079872 0.286762556 0.277700228 0.272978952 0.235138984 0.238239647 0.259371477 0.238925025 0.247198234 0.267129897 0.242161991 0.241769070 0.248990967 0.247445164 0.249067522 0.224942370 0.216557262 0.257254314 0.289236028 0.236820507 0.206289185 0.206160305 0.172424835 0.171230398 0.000000000 0.054458397 0.056903836 0.304295563 
40     0.281981069 0.291370115 0.298324952 0.227962565 0.233523394 0.277989922 0.330400422 0.270214274 0.272350185 0.226021660 0.296112901 0.308014777 0.261580548 0.239989430 0.239980255 0.243222545 0.240061063 0.305246759 0.278541989 0.269511723 0.319689110 0.319476716 0.274643941 0.274523008 0.278090746 0.269282732 0.264931477 0.226689410 0.229677840 0.250583339 0.230659865 0.239570734 0.258141147 0.232980996 0.232607131 0.239477030 0.237935998 0.239785073 0.215868396 0.208343665 0.250073029 0.281391868 0.229104762 0.197560971 0.197323767 0.165177630 0.163611765 0.054458397 0.000000000 0.037965979 0.295056198 
33     0.282519126 0.291938601 0.298576635 0.228650903 0.234816962 0.278433643 0.331088259 0.271636739 0.273509807 0.227874506 0.297860479 0.308786677 0.262524639 0.241167398 0.241158223 0.243889152 0.240752567 0.304145507 0.280160436 0.271055997 0.320986233 0.320071903 0.275393451 0.275606851 0.278995828 0.269733462 0.265758933 0.227365215 0.230107695 0.250529711 0.231347719 0.239831291 0.258912304 0.233288350 0.233275297 0.240048820 0.238507788 0.240130332 0.216853915 0.209666146 0.249851239 0.282744179 0.230339214 0.199789647 0.199539278 0.166247938 0.165339458 0.056903836 0.037965979 0.000000000 0.296409754 
0     0.279042833 0.287351602 0.293036777 0.230426522 0.234551023 0.280242480 0.330605302 0.270209427 0.272597996 0.231140792 0.302540473 0.310709939 0.264733072 0.240745951 0.241235036 0.244804655 0.241782532 0.310505973 0.279408773 0.268761225 0.321610968 0.326753518 0.288988758 0.338433951 0.342966343 0.333145974 0.329541684 0.288878081 0.291743033 0.310264654 0.291539643 0.302791097 0.326179460 0.302123893 0.301454186 0.308373497 0.307109781 0.308570169 0.286268723 0.292977464 0.339826903 0.370869368 0.321497567 0.308699590 0.308718632 0.273965688 0.275299131 0.304295563 0.295056198 0.296409754 0.000000000 
