51
34     0.000000000 0.085810497 0.218258932 0.221661182 0.203968468 0.252572094 0.246772672 0.247477571 0.247095183 0.245061916 0.231671509 0.231508278 0.225894630 0.228478563 0.204236646 0.214845967 0.220899233 0.235646633 0.226894762 0.227505876 0.214116795 0.213404706 0.215194241 0.271313494 0.330344042 0.355702574 0.282941309 0.267919505 0.276211913 0.280256514 0.277505664 0.270388899 0.299797148 0.251798882 0.250397626 0.249609073 0.247846340 0.258765434 0.257051752 0.260819234 0.259477093 0.268426335 0.291741565 0.361341120 0.305670557 0.287489763 0.294291699 0.289486456 0.302035660 0.256216142 0.417765897 
20     0.085810497 0.000000000 0.204250489 0.209259484 0.190473029 0.239270251 0.233167232 0.234219032 0.233636496 0.231643567 0.218074159 0.217781272 0.212028226 0.214622172 0.190370976 0.201121444 0.206921933 0.222683471 0.212947575 0.214300520 0.200551438 0.199832128 0.201778782 0.256752251 0.316855087 0.341810797 0.268805744 0.253769892 0.262090138 0.266065497 0.265960132 0.257257847 0.286548440 0.237965589 0.236153756 0.235385584 0.234113927 0.245148198 0.243106966 0.246914068 0.245782803 0.256418065 0.279092407 0.347072085 0.292651657 0.274328672 0.281175952 0.275008427 0.287845995 0.242361525 0.405017389 
6     0.218258932 0.204250489 0.000000000 0.124259462 0.104456592 0.154095766 0.148455401 0.149440505 0.148890138 0.145975105 0.147206207 0.148045794 0.141236440 0.144099866 0.154055489 0.160827448 0.168088361 0.183027890 0.172945890 0.173621683 0.162068420 0.161067802 0.162065056 0.219007217 0.281004805 0.306367546 0.233278620 0.218760257 0.226412237 0.231254928 0.229469102 0.220681509 0.250074082 0.199694352 0.199520071 0.198472908 0.197803984 0.209157947 0.208765000 0.211103877 0.210290454 0.218737516 0.245363231 0.312775925 0.258173110 0.239815508 0.247491370 0.240207899 0.253357372 0.207330111 0.371585355 
22     0.221661182 0.209259484 0.124259462 0.000000000 0.107165360 0.160969502 0.155332059 0.155846204 0.154704456 0.153202742 0.150852100 0.152590401 0.147813611 0.151090348 0.159573636 0.166273598 0.173792690 0.188780946 0.178388495 0.179464687 0.168224955 0.167226663 0.168001011 0.225503352 0.287479585 0.311751066 0.238311068 0.222650015 0.231578295 0.236177906 0.233241966 0.225434489 0.255575495 0.206887427 0.206002287 0.205055791 0.204691860 0.216248093 0.214603254 0.217463380 0.216422147 0.225497327 0.249054950 0.317208858 0.261972649 0.243410689 0.251324773 0.243871753 0.256799098 0.212381878 0.374947147 
24     0.203968468 0.190473029 0.104456592 0.107165360 0.000000000 0.140849356 0.135309628 0.135810620 0.135202635 0.132943142 0.132462283 0.133625275 0.127507180 0.131079912 0.140244443 0.146579382 0.154887457 0.169315234 0.158800770 0.159578260 0.147360351 0.146196807 0.147558182 0.205237645 0.267385598 0.292921540 0.219392531 0.204720937 0.213188874 0.217772088 0.214690803 0.206520228 0.235415504 0.186759377 0.186490043 0.185444452 0.184279356 0.195903108 0.194708868 0.197237804 0.195916303 0.205640928 0.230293688 0.297065053 0.243147740 0.224381193 0.231953498 0.223826672 0.237047640 0.192653216 0.357339575 
30     0.252572094 0.239270251 0.154095766 0.160969502 0.140849356 0.000000000 0.059401379 0.059318321 0.058164689 0.074641489 0.183268429 0.183675922 0.176426797 0.179856015 0.187945344 0.193875472 0.201607826 0.217172753 0.206821462 0.207824634 0.195770405 0.195239467 0.196614675 0.255385021 0.317452327 0.342834211 0.268641133 0.255558901 0.263248989 0.268212606 0.266367854 0.257243265 0.287121454 0.235636822 0.236303597 0.235352358 0.234146040 0.245457358 0.243742457 0.246860126 0.245600829 0.254239395 0.279982857 0.347851520 0.292534630 0.274102625 0.281882867 0.273894302 0.286300608 0.241590794 0.403931832 
29     0.246772672 0.233167232 0.148455401 0.155332059 0.135309628 0.059401379 0.000000000 0.036674241 0.054787605 0.069662831 0.177699356 0.178126644 0.170810864 0.174379243 0.182359933 0.187910005 0.196434799 0.211835321 0.201271895 0.202534717 0.190057225 0.189739477 0.190741126 0.248635744 0.310990625 0.336568279 0.262339876 0.249214513 0.257127789 0.261997382 0.259878370 0.250774034 0.280444026 0.229531731 0.230188601 0.229234011 0.228179873 0.239614989 0.237389115 0.240541376 0.239608629 0.247753422 0.272646312 0.340519441 0.285530108 0.267191470 0.274903060 0.266892091 0.280093959 0.235507764 0.397408159 
14     0.247477571 0.234219032 0.149440505 0.155846204 0.135810620 0.059318321 0.036674241 0.000000000 0.055264691 0.069215490 0.178879888 0.179223333 0.172157480 0.175663721 0.183126781 0.188917838 0.197370027 0.212668033 0.202174179 0.203201176 0.190930742 0.190633869 0.191699938 0.249224622 0.311971961 0.337364539 0.263092868 0.249884811 0.257419258 0.262283808 0.260474957 0.251325211 0.281387117 0.230400592 0.231064024 0.230111710 0.229097320 0.240523800 0.238277985 0.241428494 0.240401409 0.248852859 0.274343134 0.341991650 0.286357762 0.268007688 0.275916467 0.268545593 0.280986979 0.236309598 0.398379064 
23     0.247095183 0.233636496 0.148890138 0.154704456 0.135202635 0.058164689 0.054787605 0.055264691 0.000000000 0.070258009 0.177878803 0.178309339 0.171512161 0.175098282 0.182736456 0.188717758 0.196821667 0.212240190 0.201254215 0.202480117 0.190341889 0.189760198 0.191074177 0.249157638 0.311820973 0.336480351 0.262028623 0.249228281 0.257225471 0.261977939 0.259851473 0.250517619 0.280338293 0.230502485 0.231156401 0.230203548 0.228547891 0.240086151 0.238017079 0.241107524 0.239881614 0.248696335 0.273896186 0.341781703 0.286460576 0.267708757 0.276276186 0.267712445 0.280089892 0.235622606 0.397839986 
39     0.245061916 0.231643567 0.145975105 0.153202742 0.132943142 0.074641489 0.069662831 0.069215490 0.070258009 0.000000000 0.176064360 0.176227314 0.169008800 0.172056024 0.181043913 0.186719733 0.195148588 0.210479139 0.199359436 0.200585228 0.188132118 0.187855100 0.189051580 0.247341738 0.309459505 0.334757133 0.260869456 0.247633690 0.255529465 0.260314091 0.258357138 0.249567152 0.279247609 0.228626270 0.229206542 0.228253690 0.227241241 0.238477174 0.236322861 0.239280670 0.237996215 0.245447020 0.270876034 0.339234525 0.283420100 0.264790586 0.272525531 0.265836051 0.278402381 0.233626201 0.394331807 
10     0.231671509 0.218074159 0.147206207 0.150852100 0.132462283 0.183268429 0.177699356 0.178879888 0.177878803 0.176064360 0.000000000 0.085459376 0.136682451 0.139878236 0.166987206 0.174318172 0.182045979 0.195817264 0.185801252 0.186740832 0.175821698 0.175014488 0.174949749 0.234139901 0.294899127 0.320612730 0.247686277 0.233333742 0.241747225 0.246264818 0.243646813 0.234875941 0.263165630 0.214634035 0.214021201 0.213142079 0.213148789 0.224418893 0.222539643 0.225302636 0.224127067 0.233574468 0.257954036 0.325877951 0.270761526 0.252717664 0.260122125 0.253142835 0.266498564 0.220827778 0.384503629 
38     0.231508278 0.217781272 0.148045794 0.152590401 0.133625275 0.183675922 0.178126644 0.179223333 0.178309339 0.176227314 0.085459376 0.000000000 0.138268582 0.140957185 0.168064397 0.175631789 0.183335824 0.197099730 0.187440112 0.188482172 0.177150313 0.176437747 0.176713479 0.234936938 0.297321981 0.321884839 0.250080144 0.235289280 0.243751296 0.247850516 0.246012850 0.237112993 0.265559990 0.216201468 0.215451319 0.214581427 0.213965836 0.225361616 0.223398288 0.226133223 0.225055594 0.234882245 0.260860143 0.327831354 0.273453425 0.254686586 0.262695954 0.255378222 0.268989078 0.223092977 0.384925289 
12     0.225894630 0.212028226 0.141236440 0.147813611 0.127507180 0.176426797 0.170810864 0.172157480 0.171512161 0.169008800 0.136682451 0.138268582 0.000000000 0.058797185 0.161817398 0.168359587 0.174869465 0.191273084 0.181056058 0.182309332 0.169442067 0.168294589 0.167039108 0.227638141 0.289330070 0.314497092 0.241598425 0.226694304 0.235575216 0.239857028 0.238137688 0.229061352 0.257770828 0.208639455 0.208524506 0.207686728 0.206737574 0.218000857 0.215420007 0.217384301 0.217506015 0.228206244 0.250678327 0.319290440 0.264522737 0.246411061 0.253714094 0.246695089 0.258939217 0.214404962 0.376261798 
41     0.228478563 0.214622172 0.144099866 0.151090348 0.131079912 0.179856015 0.174379243 0.175663721 0.175098282 0.172056024 0.139878236 0.140957185 0.058797185 0.000000000 0.164619310 0.170753042 0.177865999 0.194411159 0.183738142 0.184931243 0.173196816 0.172457366 0.172630111 0.229992324 0.290907920 0.315004480 0.243054222 0.228082399 0.236727271 0.240965075 0.239742062 0.230818056 0.260059792 0.211199602 0.211110870 0.210257638 0.209139874 0.220648522 0.218282604 0.220069058 0.220006400 0.230675546 0.253887873 0.322605498 0.267865628 0.250071334 0.257325244 0.249755325 0.262765532 0.217137454 0.379025691 
17     0.204236646 0.190370976 0.154055489 0.159573636 0.140244443 0.187945344 0.182359933 0.183126781 0.182736456 0.181043913 0.166987206 0.168064397 0.161817398 0.164619310 0.000000000 0.103502314 0.110234925 0.128276517 0.117766346 0.118081678 0.151122606 0.150149232 0.151032384 0.209897408 0.270725507 0.295618650 0.222575606 0.208372226 0.215653895 0.220407969 0.219271303 0.210866397 0.239521094 0.190451187 0.190808826 0.189855159 0.187071473 0.198667401 0.195787748 0.199624382 0.198592766 0.209032598 0.233703826 0.301130761 0.246246585 0.227789628 0.235508010 0.228719727 0.241184477 0.196547746 0.357109903 
5     0.214845967 0.201121444 0.160827448 0.166273598 0.146579382 0.193875472 0.187910005 0.188917838 0.188717758 0.186719733 0.174318172 0.175631789 0.168359587 0.170753042 0.103502314 0.000000000 0.093734472 0.134634431 0.125960692 0.126284945 0.156636396 0.155638340 0.156556097 0.216871574 0.279195107 0.303476356 0.230658082 0.216293011 0.223443533 0.227805238 0.225920400 0.217176991 0.246646055 0.198260088 0.197763115 0.196995822 0.194722146 0.205865860 0.204409523 0.208053655 0.206751416 0.216233844 0.240936802 0.307870775 0.253533159 0.235389231 0.242835319 0.235795538 0.248358821 0.204148395 0.363044400 
18     0.220899233 0.206921933 0.168088361 0.173792690 0.154887457 0.201607826 0.196434799 0.197370027 0.196821667 0.195148588 0.182045979 0.183335824 0.174869465 0.177865999 0.110234925 0.093734472 0.000000000 0.143036160 0.133374582 0.134050861 0.165662945 0.164660096 0.165451476 0.224545060 0.285190552 0.311872815 0.238518391 0.224019899 0.231519618 0.236048888 0.233674497 0.224826513 0.253637415 0.205268915 0.204787289 0.203880515 0.202447459 0.214064895 0.211492968 0.215153476 0.213824195 0.223016814 0.249100393 0.315451745 0.261078013 0.242933879 0.250062433 0.243175334 0.256609041 0.210851530 0.370972197 
15     0.235646633 0.222683471 0.183027890 0.188780946 0.169315234 0.217172753 0.211835321 0.212668033 0.212240190 0.210479139 0.195817264 0.197099730 0.191273084 0.194411159 0.128276517 0.134634431 0.143036160 0.000000000 0.146059229 0.146476298 0.180524205 0.179276080 0.180285682 0.239710356 0.301312996 0.324506811 0.251881553 0.238356949 0.245939760 0.249868189 0.249209850 0.240879743 0.269425121 0.220470568 0.220054138 0.219100471 0.217355541 0.228561547 0.226168106 0.229707494 0.228502373 0.238942034 0.263241453 0.330528326 0.275801824 0.257602647 0.265537047 0.258445658 0.270587782 0.227379775 0.387506430 
13     0.226894762 0.212947575 0.172945890 0.178388495 0.158800770 0.206821462 0.201271895 0.202174179 0.201254215 0.199359436 0.185801252 0.187440112 0.181056058 0.183738142 0.117766346 0.125960692 0.133374582 0.146059229 0.000000000 0.049722430 0.170661018 0.169702357 0.170629435 0.228590467 0.289307056 0.313889771 0.241238164 0.227379439 0.234941731 0.239765613 0.238046306 0.229334349 0.257828361 0.209733406 0.208782784 0.207879900 0.206397092 0.218154149 0.215848311 0.219070719 0.218052743 0.227846150 0.253109517 0.319307358 0.265490005 0.247533408 0.255023919 0.245794062 0.258817497 0.215305608 0.377940698 
9     0.227505876 0.214300520 0.173621683 0.179464687 0.159578260 0.207824634 0.202534717 0.203201176 0.202480117 0.200585228 0.186740832 0.188482172 0.182309332 0.184931243 0.118081678 0.126284945 0.134050861 0.146476298 0.049722430 0.000000000 0.171623091 0.170667256 0.171610594 0.229523214 0.290011209 0.314863035 0.242261748 0.228137976 0.235574165 0.240440057 0.238673578 0.229675359 0.258405910 0.210399147 0.209658291 0.208728102 0.207154221 0.218942306 0.216455283 0.219674685 0.218641769 0.228756878 0.253496667 0.319762354 0.266042280 0.248662769 0.255399759 0.246892385 0.259638764 0.215746308 0.378624324 
25     0.214116795 0.200551438 0.162068420 0.168224955 0.147360351 0.195770405 0.190057225 0.190930742 0.190341889 0.188132118 0.175821698 0.177150313 0.169442067 0.173196816 0.151122606 0.156636396 0.165662945 0.180524205 0.170661018 0.171623091 0.000000000 0.025387159 0.068406733 0.216934338 0.277428896 0.303584720 0.230786500 0.215403692 0.223620851 0.228135382 0.226872269 0.217621552 0.246530151 0.197567867 0.196995745 0.196121064 0.195182956 0.205885868 0.204643411 0.207363136 0.207232441 0.214537530 0.239657950 0.306579075 0.252865572 0.234195651 0.242241214 0.235757576 0.249574541 0.204019974 0.365248628 
28     0.213404706 0.199832128 0.161067802 0.167226663 0.146196807 0.195239467 0.189739477 0.190633869 0.189760198 0.187855100 0.175014488 0.176437747 0.168294589 0.172457366 0.150149232 0.155638340 0.164660096 0.179276080 0.169702357 0.170667256 0.025387159 0.000000000 0.066795399 0.215924863 0.276395772 0.302980627 0.229870776 0.214037903 0.222451284 0.226951136 0.225714214 0.216463498 0.245353432 0.196583342 0.196011219 0.195136538 0.194247329 0.204950240 0.203585132 0.206377581 0.206174161 0.213389865 0.238401003 0.305394558 0.251204842 0.232631459 0.240736983 0.234591316 0.248408282 0.203112188 0.364176690 
31     0.215194241 0.201778782 0.162065056 0.168001011 0.147558182 0.196614675 0.190741126 0.191699938 0.191074177 0.189051580 0.174949749 0.176713479 0.167039108 0.172630111 0.151032384 0.156556097 0.165451476 0.180285682 0.170629435 0.171610594 0.068406733 0.066795399 0.000000000 0.217462699 0.277861752 0.303659549 0.231595587 0.215686193 0.223829986 0.228484091 0.226649015 0.217539185 0.246613518 0.197114843 0.196610827 0.195740083 0.194791718 0.205696243 0.204649932 0.207466661 0.206930744 0.215574984 0.240602954 0.308258077 0.254529759 0.235679419 0.243543239 0.236232025 0.249328984 0.204393059 0.365977783 
27     0.271313494 0.256752251 0.219007217 0.225503352 0.205237645 0.255385021 0.248635744 0.249224622 0.249157638 0.247341738 0.234139901 0.234936938 0.227638141 0.229992324 0.209897408 0.216871574 0.224545060 0.239710356 0.228590467 0.229523214 0.216934338 0.215924863 0.217462699 0.000000000 0.281537998 0.306770159 0.233817455 0.217204797 0.225008676 0.228299486 0.227960500 0.219616586 0.249399891 0.201562327 0.200554992 0.200237745 0.197954434 0.209116199 0.224008913 0.227046003 0.226720608 0.244447572 0.268710456 0.339085139 0.281550904 0.262839242 0.270991214 0.262021600 0.274143968 0.230546868 0.395698094 
11     0.330344042 0.316855087 0.281004805 0.287479585 0.267385598 0.317452327 0.310990625 0.311971961 0.311820973 0.309459505 0.294899127 0.297321981 0.289330070 0.290907920 0.270725507 0.279195107 0.285190552 0.301312996 0.289307056 0.290011209 0.277428896 0.276395772 0.277861752 0.281537998 0.000000000 0.362287678 0.287636889 0.273363962 0.281226076 0.286014770 0.283414703 0.273831327 0.304092815 0.264503396 0.263760641 0.263019645 0.261891248 0.273040245 0.288286112 0.291083798 0.290693007 0.303468919 0.329028257 0.399899378 0.342749469 0.324563731 0.332244140 0.322974601 0.334712674 0.291744198 0.459080279 
36     0.355702574 0.341810797 0.306367546 0.311751066 0.292921540 0.342834211 0.336568279 0.337364539 0.336480351 0.334757133 0.320612730 0.321884839 0.314497092 0.315004480 0.295618650 0.303476356 0.311872815 0.324506811 0.313889771 0.314863035 0.303584720 0.302980627 0.303659549 0.306770159 0.362287678 0.000000000 0.259235901 0.253475126 0.259732325 0.264155503 0.265088377 0.257802727 0.287938647 0.290639800 0.290052207 0.289488828 0.285755684 0.296183988 0.313614181 0.316028397 0.315911961 0.330170409 0.351725066 0.419488895 0.366238997 0.346244932 0.354141190 0.350984244 0.362245320 0.315834638 0.482506676 
2     0.282941309 0.268805744 0.233278620 0.238311068 0.219392531 0.268641133 0.262339876 0.263092868 0.262028623 0.260869456 0.247686277 0.250080144 0.241598425 0.243054222 0.222575606 0.230658082 0.238518391 0.251881553 0.241238164 0.242261748 0.230786500 0.229870776 0.231595587 0.233817455 0.287636889 0.259235901 0.000000000 0.179432830 0.186676396 0.192350372 0.191515576 0.184434190 0.214618117 0.216072622 0.215717692 0.215114822 0.212039713 0.222100057 0.240316755 0.243161927 0.242367507 0.256903104 0.278658979 0.348506367 0.292284390 0.274279665 0.282314654 0.277592563 0.288130193 0.244762909 0.410657078 
8     0.267919505 0.253769892 0.218760257 0.222650015 0.204720937 0.255558901 0.249214513 0.249884811 0.249228281 0.247633690 0.233333742 0.235289280 0.226694304 0.228082399 0.208372226 0.216293011 0.224019899 0.238356949 0.227379439 0.228137976 0.215403692 0.214037903 0.215686193 0.217204797 0.273363962 0.253475126 0.179432830 0.000000000 0.094623246 0.100733920 0.136779833 0.127252893 0.159206484 0.200539865 0.198519238 0.198236620 0.196462469 0.207121820 0.227471570 0.230572944 0.228286217 0.241428480 0.265822389 0.335125091 0.278001711 0.259385222 0.267552721 0.262558128 0.273202377 0.230166264 0.393421365 
19     0.276211913 0.262090138 0.226412237 0.231578295 0.213188874 0.263248989 0.257127789 0.257419258 0.257225471 0.255529465 0.241747225 0.243751296 0.235575216 0.236727271 0.215653895 0.223443533 0.231519618 0.245939760 0.234941731 0.235574165 0.223620851 0.222451284 0.223829986 0.225008676 0.281226076 0.259732325 0.186676396 0.094623246 0.000000000 0.081125336 0.144840804 0.135400060 0.167254616 0.207798208 0.206055225 0.205802579 0.204209581 0.215005460 0.234581961 0.237123459 0.236081672 0.249236333 0.274443672 0.343632548 0.287653915 0.268852777 0.277389857 0.271905859 0.282304011 0.238496766 0.403324649 
26     0.280256514 0.266065497 0.231254928 0.236177906 0.217772088 0.268212606 0.261997382 0.262283808 0.261977939 0.260314091 0.246264818 0.247850516 0.239857028 0.240965075 0.220407969 0.227805238 0.236048888 0.249868189 0.239765613 0.240440057 0.228135382 0.226951136 0.228484091 0.228299486 0.286014770 0.264155503 0.192350372 0.100733920 0.081125336 0.000000000 0.149395192 0.139473284 0.170928993 0.211925408 0.210036793 0.209841255 0.208475536 0.219053024 0.238828709 0.241564340 0.240497298 0.254346971 0.279227332 0.347881236 0.292086602 0.273044749 0.281556084 0.276492198 0.286547528 0.242699933 0.408312938 
33     0.277505664 0.265960132 0.229469102 0.233241966 0.214690803 0.266367854 0.259878370 0.260474957 0.259851473 0.258357138 0.243646813 0.246012850 0.238137688 0.239742062 0.219271303 0.225920400 0.233674497 0.249209850 0.238046306 0.238673578 0.226872269 0.225714214 0.226649015 0.227960500 0.283414703 0.265088377 0.191515576 0.136779833 0.144840804 0.149395192 0.000000000 0.095540868 0.126815247 0.209812611 0.208213807 0.207971971 0.205665090 0.217153708 0.237837838 0.240706377 0.238630335 0.252246255 0.276698476 0.346192087 0.288514869 0.271266440 0.279288374 0.274571872 0.285473237 0.240763036 0.406581072 
4     0.270388899 0.257257847 0.220681509 0.225434489 0.206520228 0.257243265 0.250774034 0.251325211 0.250517619 0.249567152 0.234875941 0.237112993 0.229061352 0.230818056 0.210866397 0.217176991 0.224826513 0.240879743 0.229334349 0.229675359 0.217621552 0.216463498 0.217539185 0.219616586 0.273831327 0.257802727 0.184434190 0.127252893 0.135400060 0.139473284 0.095540868 0.000000000 0.103065669 0.200663913 0.198772733 0.198682847 0.196117418 0.207670684 0.228235452 0.230458709 0.228357586 0.242449481 0.269149902 0.339098748 0.281197306 0.264175469 0.272258107 0.265913484 0.276831403 0.231139946 0.398143865 
35     0.299797148 0.286548440 0.250074082 0.255575495 0.235415504 0.287121454 0.280444026 0.281387117 0.280338293 0.279247609 0.263165630 0.265559990 0.257770828 0.260059792 0.239521094 0.246646055 0.253637415 0.269425121 0.257828361 0.258405910 0.246530151 0.245353432 0.246613518 0.249399891 0.304092815 0.287938647 0.214618117 0.159206484 0.167254616 0.170928993 0.126815247 0.103065669 0.000000000 0.230303585 0.228498363 0.228306971 0.225560306 0.237256530 0.257623067 0.260262809 0.258461412 0.273116007 0.297985025 0.367691097 0.309912468 0.292472465 0.300899091 0.294984016 0.305575187 0.261503572 0.427709631 
3     0.251798882 0.237965589 0.199694352 0.206887427 0.186759377 0.235636822 0.229531731 0.230400592 0.230502485 0.228626270 0.214634035 0.216201468 0.208639455 0.211199602 0.190451187 0.198260088 0.205268915 0.220470568 0.209733406 0.210399147 0.197567867 0.196583342 0.197114843 0.201562327 0.264503396 0.290639800 0.216072622 0.200539865 0.207798208 0.211925408 0.209812611 0.200663913 0.230303585 0.000000000 0.051630132 0.050587417 0.120128860 0.131276428 0.204342331 0.207138710 0.207510021 0.224393540 0.247665456 0.316995883 0.260179608 0.241826149 0.248602348 0.241258273 0.253241071 0.209810099 0.374818791 
32     0.250397626 0.236153756 0.199520071 0.206002287 0.186490043 0.236303597 0.230188601 0.231064024 0.231156401 0.229206542 0.214021201 0.215451319 0.208524506 0.211110870 0.190808826 0.197763115 0.204787289 0.220054138 0.208782784 0.209658291 0.196995745 0.196011219 0.196610827 0.200554992 0.263760641 0.290052207 0.215717692 0.198519238 0.206055225 0.210036793 0.208213807 0.198772733 0.228498363 0.051630132 0.000000000 0.022747761 0.120787283 0.131850681 0.204589226 0.207262483 0.207482829 0.223898549 0.248710893 0.318245368 0.260919599 0.243299469 0.249883068 0.242436860 0.254039334 0.210847195 0.374817767 
37     0.249609073 0.235385584 0.198472908 0.205055791 0.185444452 0.235352358 0.229234011 0.230111710 0.230203548 0.228253690 0.213142079 0.214581427 0.207686728 0.210257638 0.189855159 0.196995822 0.203880515 0.219100471 0.207879900 0.208728102 0.196121064 0.195136538 0.195740083 0.200237745 0.263019645 0.289488828 0.215114822 0.198236620 0.205802579 0.209841255 0.207971971 0.198682847 0.228306971 0.050587417 0.022747761 0.000000000 0.119910831 0.131076338 0.203947835 0.206667585 0.206898703 0.223113723 0.247656231 0.317186932 0.259893266 0.242273136 0.248855348 0.241293394 0.252863835 0.209602271 0.373934004 
7     0.247846340 0.234113927 0.197803984 0.204691860 0.184279356 0.234146040 0.228179873 0.229097320 0.228547891 0.227241241 0.213148789 0.213965836 0.206737574 0.209139874 0.187071473 0.194722146 0.202447459 0.217355541 0.206397092 0.207154221 0.195182956 0.194247329 0.194791718 0.197954434 0.261891248 0.285755684 0.212039713 0.196462469 0.204209581 0.208475536 0.205665090 0.196117418 0.225560306 0.120128860 0.120787283 0.119910831 0.000000000 0.066287641 0.202104284 0.205125023 0.204899783 0.222160228 0.245097808 0.314013718 0.257155200 0.239890839 0.245793991 0.238577127 0.249741537 0.208103866 0.369507981 
40     0.258765434 0.245148198 0.209157947 0.216248093 0.195903108 0.245457358 0.239614989 0.240523800 0.240086151 0.238477174 0.224418893 0.225361616 0.218000857 0.220648522 0.198667401 0.205865860 0.214064895 0.228561547 0.218154149 0.218942306 0.205885868 0.204950240 0.205696243 0.209116199 0.273040245 0.296183988 0.222100057 0.207121820 0.215005460 0.219053024 0.217153708 0.207670684 0.237256530 0.131276428 0.131850681 0.131076338 0.066287641 0.000000000 0.213311293 0.216254855 0.216168287 0.232471752 0.257941192 0.325938813 0.269507486 0.251789575 0.258721357 0.249882059 0.262533464 0.220331820 0.379119193 
16     0.257051752 0.243106966 0.208765000 0.214603254 0.194708868 0.243742457 0.237389115 0.238277985 0.238017079 0.236322861 0.222539643 0.223398288 0.215420007 0.218282604 0.195787748 0.204409523 0.211492968 0.226168106 0.215848311 0.216455283 0.204643411 0.203585132 0.204649932 0.224008913 0.288286112 0.313614181 0.240316755 0.227471570 0.234581961 0.238828709 0.237837838 0.228235452 0.257623067 0.204342331 0.204589226 0.203947835 0.202104284 0.213311293 0.000000000 0.033121137 0.045047300 0.230854944 0.255157514 0.323650459 0.268415388 0.249422598 0.257064117 0.249883525 0.263335580 0.216593745 0.381963118 
21     0.260819234 0.246914068 0.211103877 0.217463380 0.197237804 0.246860126 0.240541376 0.241428494 0.241107524 0.239280670 0.225302636 0.226133223 0.217384301 0.220069058 0.199624382 0.208053655 0.215153476 0.229707494 0.219070719 0.219674685 0.207363136 0.206377581 0.207466661 0.227046003 0.291083798 0.316028397 0.243161927 0.230572944 0.237123459 0.241564340 0.240706377 0.230458709 0.260262809 0.207138710 0.207262483 0.206667585 0.205125023 0.216254855 0.033121137 0.000000000 0.046346752 0.234280103 0.258161873 0.325860979 0.271956932 0.252929592 0.260673807 0.253128665 0.266635612 0.219276741 0.384143145 
1     0.259477093 0.245782803 0.210290454 0.216422147 0.195916303 0.245600829 0.239608629 0.240401409 0.239881614 0.237996215 0.224127067 0.225055594 0.217506015 0.220006400 0.198592766 0.206751416 0.213824195 0.228502373 0.218052743 0.218641769 0.207232441 0.206174161 0.206930744 0.226720608 0.290693007 0.315911961 0.242367507 0.228286217 0.236081672 0.240497298 0.238630335 0.228357586 0.258461412 0.207510021 0.207482829 0.206898703 0.204899783 0.216168287 0.045047300 0.046346752 0.000000000 0.233597729 0.257094455 0.325463466 0.268505940 0.250967449 0.258602888 0.252064096 0.265081578 0.218239795 0.382605239 
45     0.268426335 0.256418065 0.218737516 0.225497327 0.205640928 0.254239395 0.247753422 0.248852859 0.248696335 0.245447020 0.233574468 0.234882245 0.228206244 0.230675546 0.209032598 0.216233844 0.223016814 0.238942034 0.227846150 0.228756878 0.214537530 0.213389865 0.215574984 0.244447572 0.303468919 0.330170409 0.256903104 0.241428480 0.249236333 0.254346971 0.252246255 0.242449481 0.273116007 0.224393540 0.223898549 0.223113723 0.222160228 0.232471752 0.230854944 0.234280103 0.233597729 0.000000000 0.248246795 0.316868482 0.262738360 0.244355567 0.251398448 0.240626799 0.255855467 0.209506453 0.383727441 
43     0.291741565 0.279092407 0.245363231 0.249054950 0.230293688 0.279982857 0.272646312 0.274343134 0.273896186 0.270876034 0.257954036 0.260860143 0.250678327 0.253887873 0.233703826 0.240936802 0.249100393 0.263241453 0.253109517 0.253496667 0.239657950 0.238401003 0.240602954 0.268710456 0.329028257 0.351725066 0.278658979 0.265822389 0.274443672 0.279227332 0.276698476 0.269149902 0.297985025 0.247665456 0.248710893 0.247656231 0.245097808 0.257941192 0.255157514 0.258161873 0.257094455 0.248246795 0.000000000 0.208042206 0.158411218 0.136525582 0.141981958 0.221043520 0.236837461 0.184824414 0.408961025 
44     0.361341120 0.347072085 0.312775925 0.317208858 0.297065053 0.347851520 0.340519441 0.341991650 0.341781703 0.339234525 0.325877951 0.327831354 0.319290440 0.322605498 0.301130761 0.307870775 0.315451745 0.330528326 0.319307358 0.319762354 0.306579075 0.305394558 0.308258077 0.339085139 0.399899378 0.419488895 0.348506367 0.335125091 0.343632548 0.347881236 0.346192087 0.339098748 0.367691097 0.316995883 0.318245368 0.317186932 0.314013718 0.325938813 0.323650459 0.325860979 0.325463466 0.316868482 0.208042206 0.000000000 0.231396846 0.208527526 0.214122408 0.291226623 0.304963561 0.255962448 0.476812917 
49     0.305670557 0.292651657 0.258173110 0.261972649 0.243147740 0.292534630 0.285530108 0.286357762 0.286460576 0.283420100 0.270761526 0.273453425 0.264522737 0.267865628 0.246246585 0.253533159 0.261078013 0.275801824 0.265490005 0.266042280 0.252865572 0.251204842 0.254529759 0.281550904 0.342749469 0.366238997 0.292284390 0.278001711 0.287653915 0.292086602 0.288514869 0.281197306 0.309912468 0.260179608 0.260919599 0.259893266 0.257155200 0.269507486 0.268415388 0.271956932 0.268505940 0.262738360 0.158411218 0.231396846 0.000000000 0.086332008 0.093320047 0.232694092 0.246285817 0.203359745 0.423246032 
46     0.287489763 0.274328672 0.239815508 0.243410689 0.224381193 0.274102625 0.267191470 0.268007688 0.267708757 0.264790586 0.252717664 0.254686586 0.246411061 0.250071334 0.227789628 0.235389231 0.242933879 0.257602647 0.247533408 0.248662769 0.234195651 0.232631459 0.235679419 0.262839242 0.324563731 0.346244932 0.274279665 0.259385222 0.268852777 0.273044749 0.271266440 0.264175469 0.292472465 0.241826149 0.243299469 0.242273136 0.239890839 0.251789575 0.249422598 0.252929592 0.250967449 0.244355567 0.136525582 0.208527526 0.086332008 0.000000000 0.070321132 0.216589164 0.230029046 0.182024359 0.403561410 
42     0.294291699 0.281175952 0.247491370 0.251324773 0.231953498 0.281882867 0.274903060 0.275916467 0.276276186 0.272525531 0.260122125 0.262695954 0.253714094 0.257325244 0.235508010 0.242835319 0.250062433 0.265537047 0.255023919 0.255399759 0.242241214 0.240736983 0.243543239 0.270991214 0.332244140 0.354141190 0.282314654 0.267552721 0.277389857 0.281556084 0.279288374 0.272258107 0.300899091 0.248602348 0.249883068 0.248855348 0.245793991 0.258721357 0.257064117 0.260673807 0.258602888 0.251398448 0.141981958 0.214122408 0.093320047 0.070321132 0.000000000 0.223671324 0.237149818 0.189035773 0.410803076 
47     0.289486456 0.275008427 0.240207899 0.243871753 0.223826672 0.273894302 0.266892091 0.268545593 0.267712445 0.265836051 0.253142835 0.255378222 0.246695089 0.249755325 0.228719727 0.235795538 0.243175334 0.258445658 0.245794062 0.246892385 0.235757576 0.234591316 0.236232025 0.262021600 0.322974601 0.350984244 0.277592563 0.262558128 0.271905859 0.276492198 0.274571872 0.265913484 0.294984016 0.241258273 0.242436860 0.241293394 0.238577127 0.249882059 0.249883525 0.253128665 0.252064096 0.240626799 0.221043520 0.291226623 0.232694092 0.216589164 0.223671324 0.000000000 0.129149286 0.166862592 0.402928608 
50     0.302035660 0.287845995 0.253357372 0.256799098 0.237047640 0.286300608 0.280093959 0.280986979 0.280089892 0.278402381 0.266498564 0.268989078 0.258939217 0.262765532 0.241184477 0.248358821 0.256609041 0.270587782 0.258817497 0.259638764 0.249574541 0.248408282 0.249328984 0.274143968 0.334712674 0.362245320 0.288130193 0.273202377 0.282304011 0.286547528 0.285473237 0.276831403 0.305575187 0.253241071 0.254039334 0.252863835 0.249741537 0.262533464 0.263335580 0.266635612 0.265081578 0.255855467 0.236837461 0.304963561 0.246285817 0.230029046 0.237149818 0.129149286 0.000000000 0.182749386 0.416586744 
48     0.256216142 0.242361525 0.207330111 0.212381878 0.192653216 0.241590794 0.235507764 0.236309598 0.235622606 0.233626201 0.220827778 0.223092977 0.214404962 0.217137454 0.196547746 0.204148395 0.210851530 0.227379775 0.215305608 0.215746308 0.204019974 0.203112188 0.204393059 0.230546868 0.291744198 0.315834638 0.244762909 0.230166264 0.238496766 0.242699933 0.240763036 0.231139946 0.261503572 0.209810099 0.210847195 0.209602271 0.208103866 0.220331820 0.216593745 0.219276741 0.218239795 0.209506453 0.184824414 0.255962448 0.203359745 0.182024359 0.189035773 0.166862592 0.182749386 0.000000000 0.366732207 
0     0.417765897 0.405017389 0.371585355 0.374947147 0.357339575 0.403931832 0.397408159 0.398379064 0.397839986 0.394331807 0.384503629 0.384925289 0.376261798 0.379025691 0.357109903 0.363044400 0.370972197 0.387506430 0.377940698 0.378624324 0.365248628 0.364176690 0.365977783 0.395698094 0.459080279 0.482506676 0.410657078 0.393421365 0.403324649 0.408312938 0.406581072 0.398143865 0.427709631 0.374818791 0.374817767 0.373934004 0.369507981 0.379119193 0.381963118 0.384143145 0.382605239 0.383727441 0.408961025 0.476812917 0.423246032 0.403561410 0.410803076 0.402928608 0.416586744 0.366732207 0.000000000 
