51
34     0.000000000 0.000061120 0.016185780 0.009436290 0.008614220 0.002355320 0.006767530 0.003538310 0.001092390 0.001090650 0.008842080 0.016047590 0.013453170 0.013298010 0.006431300 0.012318850 0.002682060 0.008848070 0.015644810 0.010553020 0.010707040 0.011235540 0.009689540 0.009679720 0.010712660 0.016433610 0.025673930 0.009450780 0.010647280 0.014559770 0.018924780 0.021182210 0.021797680 0.006969880 0.008862000 0.008799990 0.014638460 0.016193570 0.009418310 0.011503320 0.005478720 0.008298320 0.010646160 0.010271310 0.011138190 0.004725180 0.008242100 0.025666210 0.024553820 0.007932140 0.019686770 
20     0.000061120 0.000000000 0.006664300 0.009717560 0.007168410 0.004225960 0.008638170 0.005408950 0.002963030 0.002961290 0.010218680 0.007264600 0.008184310 0.006488050 0.006739450 0.004051460 0.003305420 0.005964250 0.012991650 0.013945500 0.005853900 0.006234170 0.004688170 0.011550360 0.009847330 0.011432240 0.020405070 0.006510040 0.009489490 0.013895250 0.005484260 0.023052850 0.011987390 0.006026450 0.010732640 0.010670630 0.013676810 0.006276000 0.003152620 0.012392070 0.007329470 0.004870970 0.002119640 0.009266190 0.013008830 0.002272640 0.013080390 0.020539840 0.004365500 0.008856670 0.014685400 
6     0.016185780 0.006664300 0.000000000 0.003954640 0.004583550 0.014179450 0.012405680 0.009756410 0.012349170 0.008672140 0.012648570 0.011435320 0.013115460 0.009432020 0.014406610 0.012118950 0.014852340 0.015484720 0.013354000 0.020097210 0.008516330 0.009235990 0.018670260 0.001551100 0.010078250 0.012828100 0.009578430 0.006838040 0.011851870 0.016068980 0.021954460 0.011380000 0.012656410 0.020383490 0.018057680 0.017995670 0.002590470 0.009716470 0.002185990 0.002235150 0.000231420 0.002348880 0.014577920 0.016681970 0.017548850 0.019395890 0.017620410 0.017549260 0.004741710 0.012036670 0.019358950 
22     0.009436290 0.009717560 0.003954640 0.000000000 0.000484230 0.005195220 0.001346090 0.000810360 0.002500750 0.002585100 0.009229160 0.015338200 0.004952280 0.001605230 0.002138980 0.006300270 0.015104580 0.014035060 0.013150640 0.011815220 0.008395760 0.006276850 0.007230030 0.009526760 0.021703200 0.013974100 0.014419690 0.011469080 0.013443280 0.007690880 0.007391620 0.021149280 0.021113670 0.007622610 0.010046520 0.007326060 0.017370830 0.013734060 0.007009670 0.007058830 0.005055100 0.007412830 0.012354850 0.021313010 0.012484710 0.012168710 0.004313960 0.022224360 0.010368320 0.005061910 0.000517590 
24     0.008614220 0.007168410 0.004583550 0.000484230 0.000000000 0.004868950 0.004884990 0.006160280 0.001065430 0.001656300 0.008338560 0.007031050 0.005892720 0.003113320 0.005271620 0.008608740 0.007604880 0.006040680 0.009262570 0.003747930 0.009903850 0.010170120 0.001733460 0.008600300 0.008463970 0.015482190 0.013255590 0.003913970 0.007630300 0.007774970 0.017361990 0.010798470 0.008471150 0.007312640 0.012791490 0.000383120 0.012797610 0.015242150 0.006471280 0.009289640 0.004889820 0.005392710 0.013789910 0.003004010 0.018907550 0.003758710 0.002163870 0.005513460 0.007409670 0.005386000 0.008665550 
30     0.002355320 0.004225960 0.014179450 0.005195220 0.004868950 0.000000000 0.001624740 0.000316980 0.000685660 0.001264670 0.012541950 0.013400060 0.016256480 0.006985090 0.008161440 0.003805850 0.008519050 0.017318750 0.017937400 0.014172980 0.006185720 0.020189890 0.009647610 0.011777840 0.023710340 0.025387960 0.016613210 0.006918960 0.004963340 0.017097400 0.015343330 0.019288110 0.023895800 0.001881920 0.006446500 0.008799260 0.015559540 0.025147920 0.013961550 0.015932580 0.020523630 0.010396440 0.012744280 0.012369430 0.013236310 0.016769740 0.013307870 0.019630090 0.023540410 0.008669190 0.028641120 
29     0.006767530 0.008638170 0.012405680 0.001346090 0.004884990 0.001624740 0.000000000 0.000773790 0.000901450 0.002130000 0.010672930 0.005525730 0.006110420 0.005115840 0.014167470 0.004492640 0.007653510 0.015043870 0.018511790 0.017040760 0.005633470 0.006136550 0.008275570 0.010329930 0.030608790 0.019022360 0.012549320 0.001099510 0.012846740 0.015977640 0.025435110 0.017320730 0.028308010 0.014032630 0.009883190 0.007134790 0.010177740 0.018782320 0.003118290 0.004861030 0.002949720 0.009338360 0.002141140 0.001982150 0.017648520 0.023073930 0.005519060 0.015275130 0.016494360 0.006796220 0.022275520 
14     0.003538310 0.005408950 0.009756410 0.000810360 0.006160280 0.000316980 0.000773790 0.000000000 0.000333930 0.001538890 0.012645920 0.011592670 0.008378820 0.007608660 0.009914910 0.003686770 0.008405950 0.015863650 0.016923320 0.015355970 0.003768290 0.004271370 0.003647090 0.008954270 0.027379570 0.019977530 0.015207580 0.002208250 0.010536460 0.017086380 0.022205890 0.016091260 0.025078790 0.007644520 0.010821040 0.008100580 0.010759790 0.019737490 0.005926830 0.018080360 0.022671410 0.011579430 0.002484750 0.004756990 0.014419300 0.017279040 0.004274880 0.017162240 0.012131290 0.006531170 0.023230690 
23     0.001092390 0.002963030 0.012349170 0.002500750 0.001065430 0.000685660 0.000901450 0.000333930 0.000000000 0.000001740 0.008208020 0.004272170 0.006387450 0.008347140 0.002918420 0.008419690 0.007528310 0.012184920 0.004062870 0.012910050 0.000676160 0.003435570 0.005388220 0.010514910 0.024933650 0.001843340 0.000371800 0.009729330 0.011482470 0.010689960 0.019759970 0.003671440 0.022632870 0.015726280 0.009697190 0.009635180 0.009847470 0.020316680 0.002462450 0.008943290 0.005801730 0.009133510 0.011481350 0.011106500 0.004671090 0.008095880 0.012044940 0.009740180 0.010106100 0.006194360 0.023969170 
39     0.001090650 0.002961290 0.008672140 0.002585100 0.001656300 0.001264670 0.002130000 0.001538890 0.000001740 0.000000000 0.008262920 0.002111000 0.005784320 0.002437270 0.012384930 0.001812530 0.001520190 0.018525480 0.007484480 0.012908310 0.003930500 0.009608070 0.008062070 0.002876210 0.012693100 0.014806140 0.012477550 0.012543870 0.011480730 0.018364810 0.019758230 0.022015660 0.022631130 0.003248360 0.007258390 0.004537930 0.015471910 0.014566100 0.005922010 0.010812410 0.010994350 0.008244870 0.009669980 0.009433510 0.011971640 0.020762660 0.000750760 0.015494870 0.022927970 0.005212620 0.018059300 
10     0.008842080 0.010218680 0.012648570 0.009229160 0.008338560 0.012541950 0.010672930 0.012645920 0.008208020 0.008262920 0.000000000 0.000100810 0.004330970 0.009267770 0.007250350 0.008131480 0.017117220 0.011067820 0.018985850 0.015310300 0.013779660 0.012098330 0.007648500 0.024309400 0.007854130 0.018285240 0.023809580 0.020990170 0.010559130 0.021067860 0.010238220 0.023568720 0.014593750 0.019806420 0.017403760 0.020341970 0.003510670 0.013402270 0.002524130 0.002532520 0.002155980 0.013423900 0.005978680 0.040505850 0.022910090 0.019170420 0.023364870 0.013544670 0.022694050 0.005935520 0.009009360 
38     0.016047590 0.007264600 0.011435320 0.015338200 0.007031050 0.013400060 0.005525730 0.011592670 0.004272170 0.002111000 0.000100810 0.000000000 0.003504520 0.002842780 0.009227980 0.012608270 0.019676090 0.004908410 0.005206940 0.011235450 0.019852250 0.019765450 0.012375220 0.013326970 0.019166960 0.024623960 0.014694340 0.021483880 0.024190580 0.012990830 0.024743070 0.020329610 0.017096490 0.018501110 0.016716570 0.019158760 0.001004240 0.009130840 0.008190410 0.012806420 0.008423110 0.009349050 0.007855000 0.023141180 0.019492170 0.015752500 0.019946950 0.009469820 0.016893980 0.013434950 0.009923910 
12     0.013453170 0.008184310 0.013115460 0.004952280 0.005892720 0.016256480 0.006110420 0.008378820 0.006387450 0.005784320 0.004330970 0.003504520 0.000000000 0.000055900 0.003869250 0.006221360 0.006187910 0.015141050 0.009162360 0.004419010 0.009975690 0.009080090 0.005206960 0.012674200 0.009008420 0.004882500 0.006383010 0.003858590 0.022744250 0.024499980 0.019757900 0.022206460 0.010142080 0.003705020 0.005538740 0.016270230 0.002510380 0.009977290 0.003707830 0.008969010 0.015121660 0.003990320 0.010281730 0.035940910 0.012225330 0.019003870 0.013590450 0.004111090 0.001655660 0.018875410 0.012306290 
41     0.013298010 0.006488050 0.009432020 0.001605230 0.003113320 0.006985090 0.005115840 0.007608660 0.008347140 0.002437270 0.009267770 0.002842780 0.000055900 0.000000000 0.003901170 0.003651460 0.010152260 0.017006810 0.018119370 0.005908640 0.007988930 0.003560500 0.006823200 0.007539750 0.023943760 0.013567270 0.010408960 0.004299470 0.004925090 0.012478390 0.024769880 0.015113340 0.010737100 0.008577540 0.014994300 0.001637620 0.007759980 0.013327230 0.005100810 0.013768300 0.016617320 0.002794510 0.004147550 0.033999420 0.010177340 0.017487910 0.022663820 0.004143010 0.032380890 0.020278140 0.013893120 
17     0.006431300 0.006739450 0.014406610 0.002138980 0.005271620 0.008161440 0.014167470 0.009914910 0.002918420 0.012384930 0.007250350 0.009227980 0.003869250 0.003901170 0.000000000 0.000743750 0.000329990 0.000449850 0.003711010 0.000176220 0.005688860 0.005287820 0.005424800 0.004661540 0.008343760 0.012669320 0.001619770 0.006979950 0.005629100 0.010033490 0.013906600 0.011331030 0.016779500 0.013700440 0.003843820 0.003781810 0.009620280 0.019589820 0.001995560 0.002584430 0.008760360 0.000916990 0.005627980 0.005253130 0.006120010 0.006874510 0.006191570 0.000331940 0.018894890 0.002580930 0.008119360 
5     0.012318850 0.004051460 0.012118950 0.006300270 0.008608740 0.003805850 0.004492640 0.003686770 0.008419690 0.001812530 0.008131480 0.012608270 0.006221360 0.003651460 0.000743750 0.000000000 0.000236990 0.003345050 0.002160820 0.002275650 0.011263010 0.007269850 0.003555820 0.006808460 0.007884380 0.019661880 0.013875760 0.015134300 0.015759920 0.004581450 0.019371960 0.010511690 0.019002840 0.019150170 0.017559920 0.025995510 0.013110950 0.017083040 0.006563300 0.012477910 0.001716100 0.003233740 0.022631310 0.018033370 0.011077580 0.002401240 0.009421190 0.007503310 0.026948060 0.007896170 0.023910290 
18     0.002682060 0.003305420 0.014852340 0.015104580 0.007604880 0.008519050 0.007653510 0.008405950 0.007528310 0.001520190 0.017117220 0.019676090 0.006187910 0.010152260 0.000329990 0.000236990 0.000000000 0.002923070 0.005212420 0.000853370 0.002281590 0.002635430 0.013201530 0.004347630 0.011743820 0.030934500 0.019004440 0.018815230 0.005315190 0.017156740 0.013592690 0.012986870 0.004501620 0.004683140 0.003529910 0.003467900 0.009306370 0.021245660 0.016097390 0.015062890 0.016551100 0.002966230 0.005314070 0.004939220 0.005806100 0.011723290 0.005877660 0.021835140 0.021835090 0.002973490 0.020413050 
15     0.008848070 0.005964250 0.015484720 0.014035060 0.006040680 0.017318750 0.015043870 0.015863650 0.012184920 0.018525480 0.011067820 0.004908410 0.015141050 0.017006810 0.000449850 0.003345050 0.002923070 0.000000000 0.001762350 0.001698940 0.012646700 0.012530680 0.003548180 0.011092670 0.014338700 0.022816870 0.012616760 0.009732350 0.022071440 0.010944800 0.011932250 0.014270130 0.028337100 0.003522610 0.010710580 0.007588180 0.019999210 0.014347230 0.010239220 0.011243310 0.017139630 0.008816140 0.020630980 0.033975990 0.021929020 0.018532180 0.020272630 0.008055790 0.018053810 0.000265150 0.007083820 
13     0.015644810 0.012991650 0.013354000 0.013150640 0.009262570 0.017937400 0.018511790 0.016923320 0.004062870 0.007484480 0.018985850 0.005206940 0.009162360 0.018119370 0.003711010 0.002160820 0.005212420 0.001762350 0.000000000 0.000180530 0.011040340 0.009324930 0.010422530 0.003068910 0.000708850 0.026494700 0.026690510 0.017303120 0.017928740 0.024243770 0.023864040 0.021155320 0.021171660 0.021318990 0.008579190 0.007431590 0.021584450 0.022947390 0.017078680 0.023069720 0.015038990 0.004099900 0.022529720 0.026345480 0.001016400 0.014214700 0.023894940 0.003562450 0.024229640 0.017472140 0.011514340 
9     0.010553020 0.013945500 0.020097210 0.011815220 0.003747930 0.014172980 0.017040760 0.015355970 0.012910050 0.012908310 0.015310300 0.011235450 0.004419010 0.005908640 0.000176220 0.002275650 0.000853370 0.001698940 0.000180530 0.000000000 0.004284150 0.002568740 0.014639680 0.001200380 0.000294670 0.028730060 0.024869660 0.017291990 0.006152480 0.023993290 0.014429980 0.005658610 0.017302520 0.015377770 0.004367200 0.004305190 0.007543720 0.022696910 0.007088290 0.021248870 0.015027860 0.003803520 0.006151360 0.005776510 0.006643390 0.016640970 0.006714950 0.006130490 0.021648990 0.003810780 0.009645810 
25     0.010707040 0.005853900 0.008516330 0.008395760 0.009903850 0.006185720 0.005633470 0.003768290 0.000676160 0.003930500 0.013779660 0.019852250 0.009975690 0.007988930 0.005688860 0.011263010 0.002281590 0.012646700 0.011040340 0.004284150 0.000000000 0.000006700 0.001312650 0.003817100 0.017232800 0.006985800 0.008471810 0.008518700 0.004784660 0.007121870 0.013062160 0.014934810 0.009733280 0.005120710 0.002999380 0.002937370 0.008775840 0.008992360 0.012986890 0.013461760 0.010611910 0.002435700 0.004783540 0.004408690 0.005275570 0.020417310 0.005347130 0.002224500 0.018573640 0.002442960 0.012485560 
28     0.011235540 0.006234170 0.009235990 0.006276850 0.010170120 0.020189890 0.006136550 0.004271370 0.003435570 0.009608070 0.012098330 0.019765450 0.009080090 0.003560500 0.005287820 0.007269850 0.002635430 0.012530680 0.009324930 0.002568740 0.000006700 0.000000000 0.001369290 0.012222560 0.010743110 0.006082020 0.010081890 0.006883300 0.014674020 0.006266730 0.022034690 0.012730530 0.007136470 0.005500980 0.012888740 0.012826730 0.013396320 0.009372630 0.013239950 0.013714820 0.010864970 0.003051400 0.007344520 0.004576640 0.015164930 0.017970050 0.015236490 0.003276610 0.017182280 0.011596850 0.012865830 
31     0.009689540 0.004688170 0.018670260 0.007230030 0.001733460 0.009647610 0.008275570 0.003647090 0.005388220 0.008062070 0.007648500 0.012375220 0.005206960 0.006823200 0.005424800 0.003555820 0.013201530 0.003548180 0.010422530 0.014639680 0.001312650 0.001369290 0.000000000 0.016499060 0.012245940 0.008066670 0.022245320 0.008941760 0.014291000 0.008306970 0.007428520 0.018959760 0.022995400 0.003954980 0.016165860 0.016325330 0.007187080 0.007826630 0.004528720 0.006968870 0.012530790 0.001505400 0.008991850 0.003208670 0.027575560 0.000000150 0.025041480 0.026178700 0.023506950 0.011429990 0.011319830 
27     0.009679720 0.011550360 0.001551100 0.009526760 0.008600300 0.011777840 0.010329930 0.008954270 0.010514910 0.002876210 0.024309400 0.013326970 0.012674200 0.007539750 0.004661540 0.006808460 0.004347630 0.011092670 0.003068910 0.001200380 0.003817100 0.012222560 0.016499060 0.000000000 0.011031310 0.011526860 0.016630560 0.014250020 0.000967760 0.012629610 0.004403870 0.011507250 0.012122720 0.003589680 0.001972060 0.001910050 0.004963500 0.004381390 0.004748890 0.005534240 0.004442490 0.001408380 0.000966640 0.000591790 0.001458670 0.008158180 0.001350260 0.015719160 0.012407950 0.001415640 0.005366600 
11     0.010712660 0.009847330 0.010078250 0.021703200 0.008463970 0.023710340 0.030608790 0.027379570 0.024933650 0.012693100 0.007854130 0.019166960 0.009008420 0.023943760 0.008343760 0.007884380 0.011743820 0.014338700 0.000708850 0.000294670 0.017232800 0.010743110 0.012245940 0.011031310 0.000000000 0.004366820 0.001185460 0.006160180 0.013760040 0.011863860 0.002835350 0.010459460 0.012393160 0.003055050 0.000808960 0.006417880 0.006157070 0.000566680 0.005885600 0.005978950 0.004207640 0.005222010 0.015385380 0.015010530 0.015877410 0.013888300 0.015948970 0.016117130 0.021119680 0.015834380 0.009876400 
36     0.016433610 0.011432240 0.012828100 0.013974100 0.015482190 0.025387960 0.019022360 0.019977530 0.001843340 0.014806140 0.018285240 0.024623960 0.004882500 0.013567270 0.012669320 0.019661880 0.030934500 0.022816870 0.026494700 0.028730060 0.006985800 0.006082020 0.008066670 0.011526860 0.004366820 0.000000000 0.018299770 0.013298360 0.007856270 0.002326580 0.002750130 0.006489020 0.011644810 0.010699050 0.025481330 0.023900740 0.012554730 0.000294420 0.005025920 0.008481030 0.001102320 0.007864930 0.005847210 0.034858350 0.009294960 0.021260520 0.016106530 0.022019450 0.024733860 0.013885440 0.005660400 
2     0.025673930 0.020405070 0.009578430 0.014419690 0.013255590 0.016613210 0.012549320 0.015207580 0.000371800 0.012477550 0.023809580 0.014694340 0.006383010 0.010408960 0.001619770 0.013875760 0.019004440 0.012616760 0.026690510 0.024869660 0.008471810 0.010081890 0.022245320 0.016630560 0.001185460 0.018299770 0.000000000 0.002732590 0.012880570 0.023016920 0.001627280 0.006915140 0.014330700 0.007676320 0.027457180 0.021301310 0.008167240 0.013531650 0.011311000 0.010006770 0.006653870 0.009308560 0.016227000 0.018920610 0.028732510 0.022006420 0.009913510 0.009454250 0.010197170 0.001375700 0.016642020 
8     0.009450780 0.006510040 0.006838040 0.011469080 0.003913970 0.006918960 0.001099510 0.002208250 0.009729330 0.012543870 0.020990170 0.021483880 0.003858590 0.004299470 0.006979950 0.015134300 0.018815230 0.009732350 0.017303120 0.017291990 0.008518700 0.006883300 0.008941760 0.014250020 0.006160180 0.013298360 0.002732590 0.000000000 0.000822720 0.001924440 0.008084940 0.001428940 0.007613170 0.005465840 0.004723980 0.004416660 0.010284420 0.011647360 0.009006690 0.009055850 0.007052120 0.019393630 0.023678080 0.023303230 0.022472640 0.010785610 0.006764380 0.020067130 0.020810050 0.022326920 0.003151070 
19     0.010647280 0.009489490 0.011851870 0.013443280 0.007630300 0.004963340 0.012846740 0.010536460 0.011482470 0.011480730 0.010559130 0.024190580 0.022744250 0.004925090 0.005629100 0.015759920 0.005315190 0.022071440 0.017928740 0.006152480 0.004784660 0.014674020 0.014291000 0.000967760 0.013760040 0.007856270 0.012880570 0.000822720 0.000000000 0.004557750 0.009505040 0.003258490 0.008168080 0.011165170 0.002939620 0.002877610 0.002648190 0.011729310 0.018673500 0.005522740 0.002105710 0.002375940 0.000002640 0.000375970 0.000814450 0.013627900 0.000886010 0.013006990 0.013749910 0.002383200 0.009635120 
26     0.014559770 0.013895250 0.016068980 0.007690880 0.007774970 0.017097400 0.015977640 0.017086380 0.010689960 0.018364810 0.021067860 0.012990830 0.024499980 0.012478390 0.010033490 0.004581450 0.017156740 0.010944800 0.024243770 0.023993290 0.007121870 0.006266730 0.008306970 0.012629610 0.011863860 0.002326580 0.023016920 0.001924440 0.004557750 0.000000000 0.013186120 0.005303310 0.011783660 0.011011810 0.012826350 0.012189130 0.012122100 0.013485040 0.016170520 0.016263870 0.014681530 0.023791280 0.007351790 0.032534170 0.019997070 0.014209730 0.004310000 0.024347320 0.028156120 0.005203210 0.012849270 
33     0.018924780 0.005484260 0.021954460 0.007391620 0.017361990 0.015343330 0.025435110 0.022205890 0.019759970 0.019758230 0.010238220 0.024743070 0.019757900 0.024769880 0.013906600 0.019371960 0.013592690 0.011932250 0.023864040 0.014429980 0.013062160 0.022034690 0.007428520 0.004403870 0.002835350 0.002750130 0.001627280 0.008084940 0.009505040 0.013186120 0.000000000 0.002257650 0.002873120 0.013548340 0.005535350 0.004964750 0.000512410 0.009198230 0.022239470 0.021865120 0.022168540 0.010653440 0.005942110 0.009841410 0.010708290 0.010213800 0.010779850 0.018029210 0.018772130 0.010660700 0.020745200 
4     0.021182210 0.023052850 0.011380000 0.021149280 0.010798470 0.019288110 0.017320730 0.016091260 0.003671440 0.022015660 0.023568720 0.020329610 0.022206460 0.015113340 0.011331030 0.010511690 0.012986870 0.014270130 0.021155320 0.005658610 0.014934810 0.012730530 0.018959760 0.011507250 0.010459460 0.006489020 0.006915140 0.001428940 0.003258490 0.005303310 0.002257650 0.000000000 0.000724270 0.007793080 0.006302670 0.006743900 0.009127420 0.010490360 0.009903800 0.007840550 0.011726750 0.012910870 0.012473690 0.012098840 0.012965720 0.022903320 0.013037280 0.028876140 0.009596680 0.012918130 0.008308440 
35     0.021797680 0.011987390 0.012656410 0.021113670 0.008471150 0.023895800 0.028308010 0.025078790 0.022632870 0.022631130 0.014593750 0.017096490 0.010142080 0.010737100 0.016779500 0.019002840 0.004501620 0.028337100 0.021171660 0.017302520 0.009733280 0.007136470 0.022995400 0.012122720 0.012393160 0.011644810 0.014330700 0.007613170 0.008168080 0.011783660 0.002873120 0.000724270 0.000000000 0.013076570 0.012334710 0.012027390 0.014574440 0.005960200 0.024210430 0.010006210 0.023356190 0.013526340 0.013089160 0.012714310 0.013581190 0.014982740 0.013652750 0.017883070 0.018625990 0.001634190 0.031676700 
3     0.006969880 0.006026450 0.020383490 0.007622610 0.007312640 0.001881920 0.014032630 0.007644520 0.015726280 0.003248360 0.019806420 0.018501110 0.003705020 0.008577540 0.013700440 0.019150170 0.004683140 0.003522610 0.021318990 0.015377770 0.005120710 0.005500980 0.003954980 0.003589680 0.003055050 0.010699050 0.007676320 0.005465840 0.011165170 0.011011810 0.013548340 0.007793080 0.013076570 0.000000000 0.000963100 0.000814690 0.007384090 0.010459010 0.002779290 0.003564640 0.002472890 0.004137780 0.007242510 0.006390200 0.008190050 0.008497550 0.011727640 0.019302230 0.006944030 0.006149810 0.013952210 
32     0.008862000 0.010732640 0.018057680 0.010046520 0.012791490 0.006446500 0.009883190 0.010821040 0.009697190 0.007258390 0.017403760 0.016716570 0.005538740 0.014994300 0.003843820 0.017559920 0.003529910 0.010710580 0.008579190 0.004367200 0.002999380 0.012888740 0.016165860 0.001972060 0.000808960 0.025481330 0.027457180 0.004723980 0.002939620 0.012826350 0.005535350 0.006302670 0.012334710 0.000963100 0.000000000 0.000065350 0.005740900 0.000832400 0.015721400 0.012163860 0.013681710 0.000590540 0.002938500 0.002563650 0.003430530 0.006085310 0.003502090 0.004727130 0.005610460 0.000563200 0.028805170 
37     0.008799990 0.010670630 0.017995670 0.007326060 0.000383120 0.008799260 0.007134790 0.008100580 0.009635180 0.004537930 0.020341970 0.019158760 0.016270230 0.001637620 0.003781810 0.025995510 0.003467900 0.007588180 0.007431590 0.004305190 0.002937370 0.012826730 0.016325330 0.001910050 0.006417880 0.023900740 0.021301310 0.004416660 0.002877610 0.012189130 0.004964750 0.006743900 0.012027390 0.000814690 0.000065350 0.000000000 0.005619530 0.009379100 0.017507720 0.003739000 0.018209750 0.000528530 0.002876490 0.002501640 0.003368520 0.005289890 0.003280330 0.002094710 0.007236070 0.000501190 0.013982430 
7     0.014638460 0.013676810 0.002590470 0.017370830 0.012797610 0.015559540 0.010177740 0.010759790 0.009847470 0.015471910 0.003510670 0.001004240 0.002510380 0.007759980 0.009620280 0.013110950 0.009306370 0.019999210 0.021584450 0.007543720 0.008775840 0.013396320 0.007187080 0.004963500 0.006157070 0.012554730 0.008167240 0.010284420 0.002648190 0.012122100 0.000512410 0.009127420 0.014574440 0.007384090 0.005740900 0.005619530 0.000000000 0.000703010 0.015362370 0.012010900 0.008325150 0.004804230 0.005929940 0.005555090 0.006421970 0.013952940 0.002585700 0.001309100 0.006670310 0.005788930 0.022759030 
40     0.016193570 0.006276000 0.009716470 0.013734060 0.015242150 0.025147920 0.018782320 0.019737490 0.020316680 0.014566100 0.013402270 0.009130840 0.009977290 0.013327230 0.019589820 0.017083040 0.021245660 0.014347230 0.022947390 0.022696910 0.008992360 0.009372630 0.007826630 0.004381390 0.000566680 0.000294420 0.013531650 0.011647360 0.011729310 0.013485040 0.009198230 0.010490360 0.005960200 0.010459010 0.000832400 0.009379100 0.000703010 0.000000000 0.002544860 0.006519720 0.001817170 0.007624890 0.006725580 0.019939480 0.025122500 0.025815050 0.020479270 0.012492670 0.008269630 0.009452250 0.002839320 
16     0.009418310 0.003152620 0.002185990 0.007009670 0.006471280 0.013961550 0.003118290 0.005926830 0.002462450 0.005922010 0.002524130 0.008190410 0.003707830 0.005100810 0.001995560 0.006563300 0.016097390 0.010239220 0.017078680 0.007088290 0.012986890 0.013239950 0.004528720 0.004748890 0.005885600 0.005025920 0.011311000 0.009006690 0.018673500 0.016170520 0.022239470 0.009903800 0.024210430 0.002779290 0.015721400 0.017507720 0.015362370 0.002544860 0.000000000 0.000049160 0.000327160 0.002023270 0.019225470 0.007240610 0.015340520 0.005762910 0.008189020 0.002237400 0.006393390 0.005246690 0.007394390 
21     0.011503320 0.012392070 0.002235150 0.007058830 0.009289640 0.015932580 0.004861030 0.018080360 0.008943290 0.010812410 0.002532520 0.012806420 0.008969010 0.013768300 0.002584430 0.012477910 0.015062890 0.011243310 0.023069720 0.021248870 0.013461760 0.013714820 0.006968870 0.005534240 0.005978950 0.008481030 0.010006770 0.009055850 0.005522740 0.016263870 0.021865120 0.007840550 0.010006210 0.003564640 0.012163860 0.003739000 0.012010900 0.006519720 0.000049160 0.000000000 0.000420510 0.007096070 0.002060370 0.009538430 0.003678450 0.004194550 0.010053290 0.010178030 0.027317580 0.005403820 0.007555380 
1     0.005478720 0.007329470 0.000231420 0.005055100 0.004889820 0.020523630 0.002949720 0.022671410 0.005801730 0.010994350 0.002155980 0.008423110 0.015121660 0.016617320 0.008760360 0.001716100 0.016551100 0.017139630 0.015038990 0.015027860 0.010611910 0.010864970 0.012530790 0.004442490 0.004207640 0.001102320 0.006653870 0.007052120 0.002105710 0.014681530 0.022168540 0.011726750 0.023356190 0.002472890 0.013681710 0.018209750 0.008325150 0.001817170 0.000327160 0.000420510 0.000000000 0.008251690 0.017270900 0.005138610 0.014525300 0.005999860 0.006170150 0.018111250 0.024219130 0.007868420 0.001036330 
45     0.008298320 0.004870970 0.002348880 0.007412830 0.005392710 0.010396440 0.009338360 0.011579430 0.009133510 0.008244870 0.013423900 0.009349050 0.003990320 0.002794510 0.000916990 0.003233740 0.002966230 0.008816140 0.004099900 0.003803520 0.002435700 0.003051400 0.001505400 0.001408380 0.005222010 0.007864930 0.009308560 0.019393630 0.002375940 0.023791280 0.010653440 0.012910870 0.013526340 0.004137780 0.000590540 0.000528530 0.004804230 0.007624890 0.002023270 0.007096070 0.008251690 0.000000000 0.002374820 0.001999970 0.002866850 0.006153390 0.002938410 0.001158830 0.016830190 0.000034120 0.004114890 
43     0.010646160 0.002119640 0.014577920 0.012354850 0.013789910 0.012744280 0.002141140 0.002484750 0.011481350 0.009669980 0.005978680 0.007855000 0.010281730 0.004147550 0.005627980 0.022631310 0.005314070 0.020630980 0.022529720 0.006151360 0.004783540 0.007344520 0.008991850 0.000966640 0.015385380 0.005847210 0.016227000 0.023678080 0.000002640 0.007351790 0.005942110 0.012473690 0.013089160 0.007242510 0.002938500 0.002876490 0.005929940 0.006725580 0.019225470 0.002060370 0.017270900 0.002374820 0.000000000 0.000374850 0.000813330 0.005352650 0.000884890 0.015062550 0.021243680 0.002382080 0.026169960 
44     0.010271310 0.009266190 0.016681970 0.021313010 0.003004010 0.012369430 0.001982150 0.004756990 0.011106500 0.009433510 0.040505850 0.023141180 0.035940910 0.033999420 0.005253130 0.018033370 0.004939220 0.033975990 0.026345480 0.005776510 0.004408690 0.004576640 0.003208670 0.000591790 0.015010530 0.034858350 0.018920610 0.023303230 0.000375970 0.032534170 0.009841410 0.012098840 0.012714310 0.006390200 0.002563650 0.002501640 0.005555090 0.019939480 0.007240610 0.009538430 0.005138610 0.001999970 0.000374850 0.000000000 0.000866880 0.007895060 0.000938440 0.011904920 0.020868830 0.001990000 0.026108110 
49     0.011138190 0.013008830 0.017548850 0.012484710 0.018907550 0.013236310 0.017648520 0.014419300 0.004671090 0.011971640 0.022910090 0.019492170 0.012225330 0.010177340 0.006120010 0.011077580 0.005806100 0.021929020 0.001016400 0.006643390 0.005275570 0.015164930 0.027575560 0.001458670 0.015877410 0.009294960 0.028732510 0.022472640 0.000814450 0.019997070 0.010708290 0.012965720 0.013581190 0.008190050 0.003430530 0.003368520 0.006421970 0.025122500 0.015340520 0.003678450 0.014525300 0.002866850 0.000813330 0.000866880 0.000000000 0.002121610 0.000071560 0.005927900 0.009079360 0.002874110 0.024760210 
46     0.004725180 0.002272640 0.019395890 0.012168710 0.003758710 0.016769740 0.023073930 0.017279040 0.008095880 0.020762660 0.019170420 0.015752500 0.019003870 0.017487910 0.006874510 0.002401240 0.011723290 0.018532180 0.014214700 0.016640970 0.020417310 0.017970050 0.000000150 0.008158180 0.013888300 0.021260520 0.022006420 0.010785610 0.013627900 0.014209730 0.010213800 0.022903320 0.014982740 0.008497550 0.006085310 0.005289890 0.013952940 0.025815050 0.005762910 0.004194550 0.005999860 0.006153390 0.005352650 0.007895060 0.002121610 0.000000000 0.000752130 0.002917100 0.013296810 0.003319320 0.018709860 
42     0.008242100 0.013080390 0.017620410 0.004313960 0.002163870 0.013307870 0.005519060 0.004274880 0.012044940 0.000750760 0.023364870 0.019946950 0.013590450 0.022663820 0.006191570 0.009421190 0.005877660 0.020272630 0.023894940 0.006714950 0.005347130 0.015236490 0.025041480 0.001350260 0.015948970 0.016106530 0.009913510 0.006764380 0.000886010 0.004310000 0.010779850 0.013037280 0.013652750 0.011727640 0.003502090 0.003280330 0.002585700 0.020479270 0.008189020 0.010053290 0.006170150 0.002938410 0.000884890 0.000938440 0.000071560 0.000752130 0.000000000 0.013070680 0.002576990 0.002945670 0.021224240 
47     0.025666210 0.020539840 0.017549260 0.022224360 0.005513460 0.019630090 0.015275130 0.017162240 0.009740180 0.015494870 0.013544670 0.009469820 0.004111090 0.004143010 0.000331940 0.007503310 0.021835140 0.008055790 0.003562450 0.006130490 0.002224500 0.003276610 0.026178700 0.015719160 0.016117130 0.022019450 0.009454250 0.020067130 0.013006990 0.024347320 0.018029210 0.028876140 0.017883070 0.019302230 0.004727130 0.002094710 0.001309100 0.012492670 0.002237400 0.010178030 0.018111250 0.001158830 0.015062550 0.011904920 0.005927900 0.002917100 0.013070680 0.000000000 0.000000050 0.006131880 0.003091520 
50     0.024553820 0.004365500 0.004741710 0.010368320 0.007409670 0.023540410 0.016494360 0.012131290 0.010106100 0.022927970 0.022694050 0.016893980 0.001655660 0.032380890 0.018894890 0.026948060 0.021835090 0.018053810 0.024229640 0.021648990 0.018573640 0.017182280 0.023506950 0.012407950 0.021119680 0.024733860 0.010197170 0.020810050 0.013749910 0.028156120 0.018772130 0.009596680 0.018625990 0.006944030 0.005610460 0.007236070 0.006670310 0.008269630 0.006393390 0.027317580 0.024219130 0.016830190 0.021243680 0.020868830 0.009079360 0.013296810 0.002576990 0.000000050 0.000000000 0.014193140 0.012330040 
48     0.007932140 0.008856670 0.012036670 0.005061910 0.005386000 0.008669190 0.006796220 0.006531170 0.006194360 0.005212620 0.005935520 0.013434950 0.018875410 0.020278140 0.002580930 0.007896170 0.002973490 0.000265150 0.017472140 0.003810780 0.002442960 0.011596850 0.011429990 0.001415640 0.015834380 0.013885440 0.001375700 0.022326920 0.002383200 0.005203210 0.010660700 0.012918130 0.001634190 0.006149810 0.000563200 0.000501190 0.005788930 0.009452250 0.005246690 0.005403820 0.007868420 0.000034120 0.002382080 0.001990000 0.002874110 0.003319320 0.002945670 0.006131880 0.014193140 0.000000000 0.005458930 
0     0.019686770 0.014685400 0.019358950 0.000517590 0.008665550 0.028641120 0.022275520 0.023230690 0.023969170 0.018059300 0.009009360 0.009923910 0.012306290 0.013893120 0.008119360 0.023910290 0.020413050 0.007083820 0.011514340 0.009645810 0.012485560 0.012865830 0.011319830 0.005366600 0.009876400 0.005660400 0.016642020 0.003151070 0.009635120 0.012849270 0.020745200 0.008308440 0.031676700 0.013952210 0.028805170 0.013982430 0.022759030 0.002839320 0.007394390 0.007555380 0.001036330 0.004114890 0.026169960 0.026108110 0.024760210 0.018709860 0.021224240 0.003091520 0.012330040 0.005458930 0.000000000 
