51
12     0.000000000 0.000485950 0.000954110 0.001083760 0.001047910 0.001663060 0.001373840 0.000905070 0.001746700 0.000669750 0.001100110 0.000973500 0.001005740 0.001856850 0.002757260 0.002800410 0.002493880 0.002659400 0.001486690 0.000679870 0.001156830 0.001536780 0.001715920 0.003062970 0.001461660 0.001352480 0.001392510 0.002139640 0.002881200 0.002688400 0.001975850 0.005684450 0.004687700 0.003721960 0.003331460 0.005453820 0.005516500 0.005349800 0.006682350 0.004842340 0.004004310 0.006300060 0.000528020 0.001471100 0.002600760 0.002009400 0.001234800 0.003434160 0.001201290 0.001915020 0.002935740 
27     0.000485950 0.000000000 0.000008390 0.000024850 0.001769020 0.001577820 0.001666470 0.001434260 0.002854170 0.000572280 0.001190830 0.001180260 0.002010890 0.001411700 0.001614020 0.001307890 0.001356510 0.000695070 0.001245000 0.001791380 0.000728690 0.002494530 0.001197340 0.001736560 0.001254280 0.000555600 0.001257670 0.001253150 0.001956040 0.000943110 0.004057080 0.004272030 0.003488680 0.002383660 0.002078180 0.003136380 0.002545180 0.002603620 0.004433470 0.001996210 0.004285150 0.002181100 0.005930040 0.003101100 0.003238970 0.003030060 0.002658100 0.003020990 0.002805610 0.002703020 0.004618200 
7     0.000954110 0.000008390 0.000000000 0.000016480 0.000001450 0.000729060 0.000373860 0.001726550 0.003455560 0.001029980 0.001312520 0.001188650 0.001827220 0.002069260 0.001622410 0.000792190 0.002305120 0.001420550 0.001253390 0.001799770 0.002832240 0.001765210 0.001205730 0.002117930 0.003159350 0.002460670 0.002213990 0.001552950 0.003863590 0.004102090 0.004198660 0.006333230 0.003397740 0.004288730 0.003887030 0.002286830 0.003205440 0.002282500 0.007511660 0.001933940 0.002259190 0.006744010 0.006221520 0.005006170 0.001134930 0.003058020 0.004563170 0.004545900 0.004530850 0.001531620 0.000962780 
26     0.001083760 0.000024850 0.000016480 0.000000000 0.000055110 0.000250970 0.000443990 0.002383750 0.003472020 0.000771300 0.001442170 0.000702710 0.001990490 0.002198910 0.001638870 0.001068650 0.003044010 0.001678980 0.001269850 0.001816230 0.003331580 0.001894860 0.000622830 0.002403880 0.003044820 0.002346140 0.003048210 0.001513360 0.003255430 0.004121630 0.004298750 0.006218700 0.002786850 0.004174200 0.002665660 0.000600460 0.003117770 0.002194830 0.007658330 0.002228340 0.005082960 0.006849970 0.005888870 0.004891640 0.001103880 0.003026970 0.004448640 0.004364650 0.004349600 0.001615520 0.000170780 
29     0.001047910 0.001769020 0.000001450 0.000055110 0.000000000 0.000849510 0.000374790 0.001681870 0.003814200 0.001448750 0.001406320 0.000918200 0.001782540 0.002163060 0.004082250 0.000246130 0.003349460 0.001289380 0.003145030 0.002687610 0.002356950 0.001859010 0.001566580 0.002591520 0.003021370 0.002548550 0.002169310 0.001146930 0.003643510 0.004509710 0.003306480 0.006239920 0.003009890 0.004376610 0.002689290 0.002528620 0.003088810 0.002165870 0.007530630 0.003386090 0.005183180 0.006615060 0.006118020 0.004935020 0.001489140 0.003412230 0.004507170 0.004744340 0.004704550 0.000914050 0.001847790 
8     0.001663060 0.001577820 0.000729060 0.000250970 0.000849510 0.000000000 0.000052700 0.002503340 0.004042290 0.000964300 0.002727490 0.001957980 0.002331070 0.002932210 0.003814740 0.003326570 0.003727940 0.002550460 0.002669130 0.002480490 0.002313820 0.003622650 0.002332590 0.002444070 0.002265920 0.002532900 0.001572410 0.001747460 0.003855280 0.005136040 0.004134370 0.004972210 0.003446390 0.003874580 0.003105840 0.000932790 0.001111700 0.000059470 0.005152800 0.002065860 0.006157620 0.007150720 0.005432280 0.005386220 0.002544110 0.005401490 0.005029530 0.005138910 0.005123860 0.004440290 0.002325950 
9     0.001373840 0.001666470 0.000373860 0.000443990 0.000374790 0.000052700 0.000000000 0.002680950 0.003959910 0.001340440 0.002729350 0.002921350 0.002332250 0.002609200 0.003948700 0.003013710 0.003896100 0.002917540 0.002846740 0.002508880 0.002491430 0.003924220 0.002510200 0.002621680 0.001695180 0.001960110 0.001588130 0.001953220 0.003875800 0.004675600 0.003563630 0.006385630 0.005989000 0.004718530 0.003884610 0.005454550 0.002556230 0.005143210 0.005189750 0.005055140 0.005617850 0.006760770 0.005672480 0.005080730 0.002421700 0.005569650 0.005197690 0.005560580 0.005345200 0.004624250 0.002146260 
1     0.000905070 0.001434260 0.001726550 0.002383750 0.001681870 0.002503340 0.002680950 0.000000000 0.000024980 0.000234420 0.000899230 0.000513310 0.000545550 0.001062530 0.002500630 0.001484240 0.001094930 0.001256720 0.001577660 0.002274200 0.001552070 0.001580320 0.001257230 0.000907740 0.001323050 0.002200200 0.000933820 0.002570890 0.001834110 0.003552290 0.003419180 0.004012510 0.003689570 0.002916360 0.002232510 0.004878530 0.004287330 0.001501090 0.002476260 0.001416870 0.000885260 0.002057970 0.003142540 0.004290460 0.000877900 0.004772210 0.004400250 0.004763140 0.004547760 0.003141810 0.002483590 
20     0.001746700 0.002854170 0.003455560 0.003472020 0.003814200 0.004042290 0.003959910 0.000024980 0.000000000 0.000776510 0.001885760 0.001041810 0.001754300 0.001996280 0.002700670 0.002394540 0.003702530 0.002836800 0.002331650 0.001539090 0.002628210 0.001647530 0.002283990 0.001846830 0.002567910 0.002440870 0.002128530 0.001606230 0.002136580 0.000923350 0.003548960 0.004036770 0.005720890 0.004542740 0.003743850 0.005582000 0.004902470 0.005049240 0.002500520 0.004800870 0.002527720 0.002082230 0.004336320 0.000937850 0.005684590 0.005475680 0.005103720 0.005466610 0.005251230 0.002598170 0.004043750 
2     0.000669750 0.000572280 0.001029980 0.000771300 0.001448750 0.000964300 0.001340440 0.000234420 0.000776510 0.000000000 0.000438900 0.000266740 0.000335090 0.001352220 0.000700500 0.000394370 0.002171810 0.002296470 0.000331480 0.000877860 0.001340110 0.002800890 0.000283820 0.001465510 0.001877900 0.002169210 0.000721860 0.002944620 0.002263970 0.002449670 0.002707210 0.004703420 0.004119430 0.003663240 0.002976630 0.002341830 0.003037270 0.004027330 0.002681880 0.002159460 0.003819260 0.002748880 0.003802910 0.004265540 0.004926360 0.005102120 0.001016880 0.005348210 0.004939570 0.003832720 0.005142550 
24     0.001100110 0.001190830 0.001312520 0.001442170 0.001406320 0.002727490 0.002729350 0.000899230 0.001885760 0.000438900 0.000000000 0.000116770 0.000108490 0.000064500 0.003096400 0.002275380 0.001725860 0.002325120 0.001334230 0.000999880 0.000164700 0.001365780 0.002832960 0.001505330 0.002376660 0.002180540 0.000561860 0.001311600 0.002475250 0.001622330 0.000961560 0.000316410 0.001913270 0.002112810 0.001056090 0.000792510 0.004086190 0.002993850 0.000244590 0.000537750 0.002758470 0.002758750 0.003029960 0.002721440 0.004612550 0.004652100 0.004280140 0.004448210 0.001213030 0.002516800 0.004063720 
13     0.000973500 0.001180260 0.001188650 0.000702710 0.000918200 0.001957980 0.002921350 0.000513310 0.001041810 0.000266740 0.000116770 0.000000000 0.000008090 0.000260680 0.000433760 0.000127630 0.001154370 0.000353140 0.000064740 0.000611120 0.000307290 0.002071700 0.000017080 0.001198770 0.001961050 0.001747530 0.000895710 0.001652180 0.001478730 0.001664830 0.001094980 0.005563490 0.001360100 0.001440310 0.002846710 0.003543350 0.003734210 0.003153600 0.004521380 0.003936110 0.004020720 0.004356450 0.004211800 0.003391810 0.004052630 0.004219090 0.003847130 0.004210020 0.001730760 0.001844190 0.001589770 
4     0.001005740 0.002010890 0.001827220 0.001990490 0.001782540 0.002331070 0.002332250 0.000545550 0.001754300 0.000335090 0.000108490 0.000008090 0.000000000 0.000017160 0.003274540 0.001184190 0.000006190 0.000956670 0.001512660 0.000790520 0.001089020 0.001280270 0.001357900 0.000607690 0.001946010 0.001430930 0.000701020 0.000767140 0.001343470 0.001649790 0.001079940 0.000455570 0.001134790 0.001581380 0.001195250 0.000931670 0.004066270 0.002890720 0.000951010 0.000676910 0.002897630 0.002897910 0.005143460 0.002860600 0.004760060 0.004551150 0.004179190 0.003841870 0.002144670 0.001992130 0.001574730 
28     0.001856850 0.001411700 0.002069260 0.002198910 0.002163060 0.002932210 0.002609200 0.001062530 0.001996280 0.001352220 0.000064500 0.000260680 0.000017160 0.000000000 0.003265880 0.001675730 0.001286420 0.001448210 0.001555100 0.002021570 0.001767310 0.001771810 0.002885290 0.001099230 0.001988380 0.001825090 0.000718180 0.000591400 0.002390660 0.001778650 0.001117880 0.000472730 0.000868940 0.001236250 0.001212410 0.000948830 0.001941900 0.002624750 0.000968170 0.000694070 0.002914790 0.002915070 0.004368240 0.002877760 0.004209070 0.004739170 0.004318390 0.003666130 0.001995830 0.001544500 0.002351010 
25     0.002757260 0.001614020 0.001622410 0.001638870 0.004082250 0.003814740 0.003948700 0.002500630 0.002700670 0.000700500 0.003096400 0.000433760 0.003274540 0.003265880 0.000000000 0.000002850 0.000609020 0.000656310 0.000370260 0.000976380 0.001243180 0.000225140 0.000450840 0.001632530 0.003711540 0.003170510 0.002052620 0.003333970 0.004075530 0.002839960 0.003567260 0.001964020 0.002988900 0.003804690 0.003715550 0.004998010 0.005157190 0.005215630 0.006135920 0.004637530 0.004742650 0.002954910 0.005153260 0.004178020 0.004219090 0.004552560 0.003614810 0.003740820 0.003502250 0.004143760 0.003841930 
14     0.002800410 0.001307890 0.000792190 0.001068650 0.000246130 0.003326570 0.003013710 0.001484240 0.002394540 0.000394370 0.002275380 0.000127630 0.001184190 0.001675730 0.000002850 0.000000000 0.000342950 0.000395130 0.000064130 0.000220460 0.000958580 0.000599410 0.000144710 0.000807210 0.003057460 0.002358780 0.000781870 0.002818770 0.003555520 0.002783240 0.002992140 0.000775180 0.002636340 0.004183940 0.002894530 0.002735730 0.004345460 0.004403900 0.003111640 0.002717080 0.004909140 0.005583870 0.001539960 0.003211540 0.005039250 0.004830340 0.003191670 0.004099060 0.003601510 0.004503300 0.004772160 
10     0.002493880 0.001356510 0.002305120 0.003044010 0.003349460 0.003727940 0.003896100 0.001094930 0.003702530 0.002171810 0.001725860 0.001154370 0.000006190 0.001286420 0.000609020 0.000342950 0.000000000 0.000053660 0.000472490 0.000908450 0.000413880 0.000424700 0.001264880 0.000513710 0.001977670 0.001278990 0.001098480 0.002267200 0.003008760 0.003155380 0.002737510 0.003127650 0.003123190 0.003104150 0.003269780 0.003856870 0.003265670 0.003324110 0.006246860 0.005207600 0.003674170 0.003694050 0.000503500 0.001341250 0.003959460 0.003750550 0.003378590 0.003741480 0.003526100 0.003423510 0.000538720 
30     0.002659400 0.000695070 0.001420550 0.001678980 0.001289380 0.002550460 0.002917540 0.001256720 0.002836800 0.002296470 0.002325120 0.000353140 0.000956670 0.001448210 0.000656310 0.000395130 0.000053660 0.000000000 0.000072820 0.000594200 0.000267420 0.000577550 0.000227640 0.000675500 0.001741800 0.001043120 0.001150660 0.002256820 0.002998380 0.002913820 0.003482860 0.002931690 0.002124440 0.002868280 0.003816810 0.000780520 0.003029800 0.003088240 0.003414000 0.004846810 0.004798930 0.004534920 0.003878950 0.002500590 0.003723590 0.003514680 0.003142720 0.003505610 0.001927630 0.003187640 0.005275280 
23     0.001486690 0.001245000 0.001253390 0.001269850 0.003145030 0.002669130 0.002846740 0.001577660 0.002331650 0.000331480 0.001334230 0.000064740 0.001512660 0.001555100 0.000370260 0.000064130 0.000472490 0.000072820 0.000000000 0.000492620 0.000484710 0.001529160 0.000081820 0.001263510 0.002161190 0.001839490 0.001346420 0.003050440 0.003303790 0.003212400 0.002740410 0.003076000 0.005047550 0.001158320 0.003442830 0.003133130 0.004150100 0.004208540 0.003230270 0.003122750 0.004209770 0.006217750 0.003603320 0.003991710 0.004679100 0.004634980 0.003770730 0.002396110 0.002561230 0.004224270 0.003109340 
22     0.000679870 0.001791380 0.001799770 0.001816230 0.002687610 0.002480490 0.002508880 0.002274200 0.001539090 0.000877860 0.000999880 0.000611120 0.000790520 0.002021570 0.000976380 0.000220460 0.000908450 0.000594200 0.000492620 0.000000000 0.000496810 0.000319050 0.000628200 0.000777330 0.001743680 0.001431090 0.001157780 0.002186380 0.002622460 0.002905640 0.002335790 0.002551560 0.003521800 0.003700940 0.004785850 0.001934150 0.001819020 0.002088900 0.005201270 0.003465820 0.001719330 0.000585730 0.003632910 0.001570370 0.004324490 0.004482380 0.003720210 0.003846220 0.003607650 0.004155340 0.002610460 
19     0.001156830 0.000728690 0.002832240 0.003331580 0.002356950 0.002313820 0.002491430 0.001552070 0.002628210 0.001340110 0.000164700 0.000307290 0.001089020 0.001767310 0.001243180 0.000958580 0.000413880 0.000267420 0.000484710 0.000496810 0.000000000 0.000016900 0.000220970 0.000843300 0.002099280 0.001502270 0.000991110 0.000224390 0.000267570 0.001722220 0.002366610 0.005340090 0.001801310 0.003650510 0.002397030 0.003589890 0.003812030 0.000651980 0.005517020 0.003190480 0.003333410 0.004893710 0.003884520 0.003485940 0.000972420 0.003754340 0.002816590 0.002942600 0.002704030 0.003345540 0.003092880 
6     0.001536780 0.002494530 0.001765210 0.001894860 0.001859010 0.003622650 0.003924220 0.001580320 0.001647530 0.002800890 0.001365780 0.002071700 0.001280270 0.001771810 0.000225140 0.000599410 0.000424700 0.000577550 0.001529160 0.000319050 0.000016900 0.000000000 0.000745020 0.000945750 0.002500130 0.002417010 0.001226350 0.004382710 0.002448480 0.002795300 0.002377430 0.005707230 0.003738190 0.004242170 0.004948050 0.004328820 0.004403690 0.004462130 0.003284130 0.004745610 0.004563030 0.005900330 0.003987420 0.003445550 0.004630820 0.004494570 0.004299450 0.003181240 0.003166190 0.002482620 0.003280290 
11     0.001715920 0.001197340 0.001205730 0.000622830 0.001566580 0.002332590 0.002510200 0.001257230 0.002283990 0.000283820 0.002832960 0.000017080 0.001357900 0.002885290 0.000450840 0.000144710 0.001264880 0.000227640 0.000081820 0.000628200 0.000220970 0.000745020 0.000000000 0.000287140 0.002638310 0.002294200 0.001009880 0.002764660 0.002360670 0.000827000 0.002660160 0.004408550 0.000472580 0.002312380 0.003903970 0.004542440 0.004241090 0.001797710 0.006107410 0.004143030 0.003760270 0.005929390 0.004590880 0.003732020 0.002991940 0.003325410 0.002305970 0.002470170 0.002275100 0.002338040 0.003184030 
16     0.003062970 0.001736560 0.002117930 0.002403880 0.002591520 0.002444070 0.002621680 0.000907740 0.001846830 0.001465510 0.001505330 0.001198770 0.000607690 0.001099230 0.001632530 0.000807210 0.000513710 0.000675500 0.001263510 0.000777330 0.000843300 0.000945750 0.000287140 0.000000000 0.002581400 0.001691540 0.001121360 0.002727760 0.004280830 0.001318260 0.003383970 0.004858590 0.000437840 0.002568220 0.003901270 0.003848210 0.002394870 0.000395620 0.001463310 0.003207550 0.004210310 0.005775720 0.001928360 0.003934460 0.004349670 0.004683140 0.003123730 0.003287930 0.003136320 0.004066260 0.004084270 
21     0.001461660 0.001254280 0.003159350 0.003044820 0.003021370 0.002265920 0.001695180 0.001323050 0.002567910 0.001877900 0.002376660 0.001961050 0.001946010 0.001988380 0.003711540 0.003057460 0.001977670 0.001741800 0.002161190 0.001743680 0.002099280 0.002500130 0.002638310 0.002581400 0.000000000 0.000269000 0.001103550 0.001956630 0.002167390 0.002202420 0.001325670 0.001294320 0.002471630 0.000315170 0.003954690 0.003757540 0.001872430 0.003224780 0.004297420 0.003790920 0.004099090 0.005184200 0.004504270 0.003722260 0.003860130 0.003651220 0.001191760 0.001371840 0.001224610 0.003324180 0.001907240 
31     0.001352480 0.000555600 0.002460670 0.002346140 0.002548550 0.002532900 0.001960110 0.002200200 0.002440870 0.002169210 0.002180540 0.001747530 0.001430930 0.001825090 0.003170510 0.002358780 0.001278990 0.001043120 0.001839490 0.001431090 0.001502270 0.002417010 0.002294200 0.001691540 0.000269000 0.000000000 0.000897300 0.002559680 0.003352300 0.002132750 0.001562900 0.004350640 0.003411160 0.002306140 0.003256010 0.003058860 0.001830430 0.002526100 0.003284000 0.004366150 0.004334150 0.004646310 0.002759910 0.003023580 0.003161450 0.002952540 0.002580580 0.002785770 0.002638540 0.002625500 0.001837570 
15     0.001392510 0.001257670 0.002213990 0.003048210 0.002169310 0.001572410 0.001588130 0.000933820 0.002128530 0.000721860 0.000561860 0.000895710 0.000701020 0.000718180 0.002052620 0.000781870 0.001098480 0.001150660 0.001346420 0.001157780 0.000991110 0.001226350 0.001009880 0.001121360 0.001103550 0.000897300 0.000000000 0.000617560 0.000870910 0.000935100 0.000307530 0.000290390 0.003710870 0.002086590 0.001030070 0.000766490 0.003166830 0.003225270 0.000785830 0.000511730 0.001127850 0.002732730 0.002302020 0.002695420 0.003860620 0.003651710 0.003279750 0.003642640 0.003427260 0.001405160 0.001062020 
18     0.002139640 0.001253150 0.001552950 0.001513360 0.001146930 0.001747460 0.001953220 0.002570890 0.001606230 0.002944620 0.001311600 0.001652180 0.000767140 0.000591400 0.003333970 0.002818770 0.002267200 0.002256820 0.003050440 0.002186380 0.000224390 0.004382710 0.002764660 0.002727760 0.001956630 0.002559680 0.000617560 0.000000000 0.000040480 0.000679360 0.000896850 0.001838690 0.005489860 0.000002670 0.001435400 0.002314790 0.004546360 0.004604800 0.001250740 0.001577380 0.004280750 0.004281030 0.006419740 0.004243720 0.004455440 0.005031240 0.003993190 0.003340930 0.004034180 0.003055960 0.003062430 
3     0.002881200 0.001956040 0.003863590 0.003255430 0.003643510 0.003855280 0.003875800 0.001834110 0.002136580 0.002263970 0.002475250 0.001478730 0.001343470 0.002390660 0.004075530 0.003555520 0.003008760 0.002998380 0.003303790 0.002622460 0.000267570 0.002448480 0.002360670 0.004280830 0.002167390 0.003352300 0.000870910 0.000040480 0.000000000 0.000615230 0.001166660 0.003242130 0.003680800 0.004411260 0.002528660 0.003346250 0.005147540 0.004366660 0.004995700 0.003259830 0.002519010 0.004723230 0.003344470 0.000402520 0.006032770 0.005823860 0.005451900 0.005814790 0.005599410 0.005496820 0.003728910 
5     0.002688400 0.000943110 0.004102090 0.004121630 0.004509710 0.005136040 0.004675600 0.003552290 0.000923350 0.002449670 0.001622330 0.001664830 0.001649790 0.001778650 0.002839960 0.002783240 0.003155380 0.002913820 0.003212400 0.002905640 0.001722220 0.002795300 0.000827000 0.001318260 0.002202420 0.002132750 0.000935100 0.000679360 0.000615230 0.000000000 0.000306480 0.001350860 0.004247170 0.003062380 0.002090540 0.001826960 0.004260680 0.003618600 0.000792900 0.001572200 0.003792920 0.002978880 0.004208770 0.002235520 0.003567760 0.003675320 0.003483030 0.004160760 0.003512770 0.003091630 0.001831140 
17     0.001975850 0.004057080 0.004198660 0.004298750 0.003306480 0.004134370 0.003563630 0.003419180 0.003548960 0.002707210 0.000961560 0.001094980 0.001079940 0.001117880 0.003567260 0.002992140 0.002737510 0.003482860 0.002740410 0.002335790 0.002366610 0.002377430 0.002660160 0.003383970 0.001325670 0.001562900 0.000307530 0.000896850 0.001166660 0.000306480 0.000000000 0.000690090 0.004206670 0.001564460 0.001429770 0.001166190 0.004775220 0.004133140 0.001185530 0.000911430 0.002624510 0.000405980 0.000633700 0.003095120 0.003527260 0.003634820 0.000730760 0.003818780 0.001681080 0.003051130 0.001261290 
49     0.005684450 0.004272030 0.006333230 0.006218700 0.006239920 0.004972210 0.006385630 0.004012510 0.004036770 0.004703420 0.000316410 0.005563490 0.000455570 0.000472730 0.001964020 0.000775180 0.003127650 0.002931690 0.003076000 0.002551560 0.005340090 0.005707230 0.004408550 0.004858590 0.001294320 0.004350640 0.000290390 0.001838690 0.003242130 0.001350860 0.000690090 0.000000000 0.000042360 0.000537480 0.000433550 0.000509420 0.001783660 0.002928440 0.000528760 0.000254660 0.001514600 0.002416420 0.002001270 0.002438350 0.004445390 0.004104050 0.004060820 0.004818250 0.004052160 0.003495470 0.004209450 
32     0.004687700 0.003488680 0.003397740 0.002786850 0.003009890 0.003446390 0.005989000 0.003689570 0.005720890 0.004119430 0.001913270 0.001360100 0.001134790 0.000868940 0.002988900 0.002636340 0.003123190 0.002124440 0.005047550 0.003521800 0.001801310 0.003738190 0.000472580 0.000437840 0.002471630 0.003411160 0.003710870 0.005489860 0.003680800 0.004247170 0.004206670 0.000042360 0.000000000 0.001072890 0.001232840 0.001018220 0.003449480 0.003507920 0.001539300 0.001449370 0.001460730 0.002614990 0.000980160 0.001813890 0.003114930 0.003222490 0.001955780 0.003566610 0.001912040 0.001506300 0.003733120 
39     0.003721960 0.002383660 0.004288730 0.004174200 0.004376610 0.003874580 0.004718530 0.002916360 0.004542740 0.003663240 0.002112810 0.001440310 0.001581380 0.001236250 0.003804690 0.004183940 0.003104150 0.002868280 0.001158320 0.003700940 0.003650510 0.004242170 0.002312380 0.002568220 0.000315170 0.002306140 0.002086590 0.000002670 0.004411260 0.003062380 0.001564460 0.000537480 0.001072890 0.000000000 0.001774800 0.002317440 0.000567590 0.001584290 0.002046130 0.000405440 0.003930970 0.004144900 0.003124380 0.000194950 0.001528240 0.001497950 0.001660640 0.001934540 0.001643560 0.001625030 0.002020870 
50     0.003331460 0.002078180 0.003887030 0.002665660 0.002689290 0.003105840 0.003884610 0.002232510 0.003743850 0.002976630 0.001056090 0.002846710 0.001195250 0.001212410 0.003715550 0.002894530 0.003269780 0.003816810 0.003442830 0.004785850 0.002397030 0.004948050 0.003903970 0.003901270 0.003954690 0.003256010 0.001030070 0.001435400 0.002528660 0.002090540 0.001429770 0.000433550 0.001232840 0.001774800 0.000000000 0.000616640 0.000900410 0.000796440 0.000296890 0.000216850 0.000478300 0.003215340 0.003287730 0.002557930 0.003388430 0.003732690 0.001793550 0.003287290 0.001749810 0.001344070 0.004579260 
35     0.005453820 0.003136380 0.002286830 0.000600460 0.002528620 0.000932790 0.005454550 0.004878530 0.005582000 0.002341830 0.000792510 0.003543350 0.000931670 0.000948830 0.004998010 0.002735730 0.003856870 0.000780520 0.003133130 0.001934150 0.003589890 0.004328820 0.004542440 0.003848210 0.003757540 0.003058860 0.000766490 0.002314790 0.003346250 0.001826960 0.001166190 0.000509420 0.001018220 0.002317440 0.000616640 0.000000000 0.000594520 0.000330990 0.000701540 0.000427440 0.002075640 0.002951760 0.004827350 0.002914450 0.001957640 0.001990060 0.002120860 0.002643970 0.002367280 0.002282390 0.004760510 
45     0.005516500 0.002545180 0.003205440 0.003117770 0.003088810 0.001111700 0.002556230 0.004287330 0.004902470 0.003037270 0.004086190 0.003734210 0.004066270 0.001941900 0.005157190 0.004345460 0.003265670 0.003029800 0.004150100 0.001819020 0.003812030 0.004403690 0.004241090 0.002394870 0.001872430 0.001830430 0.003166830 0.004546360 0.005147540 0.004260680 0.004775220 0.001783660 0.003449480 0.000567590 0.000900410 0.000594520 0.000000000 0.000040150 0.001207060 0.001101540 0.002084600 0.003283080 0.004174470 0.003061900 0.003199770 0.000594520 0.002618900 0.002981790 0.002766410 0.001809740 0.005667430 
38     0.005349800 0.002603620 0.002282500 0.002194830 0.002165870 0.000059470 0.005143210 0.001501090 0.005049240 0.004027330 0.002993850 0.003153600 0.002890720 0.002624750 0.005215630 0.004403900 0.003324110 0.003088240 0.004208540 0.002088900 0.000651980 0.004462130 0.001797710 0.000395620 0.003224780 0.002526100 0.003225270 0.004604800 0.004366660 0.003618600 0.004133140 0.002928440 0.003507920 0.001584290 0.000796440 0.000330990 0.000040150 0.000000000 0.001329100 0.001676100 0.002208280 0.004637500 0.001214260 0.003120340 0.003258210 0.001150470 0.001807070 0.002290470 0.001758370 0.002722260 0.005775750 
34     0.006682350 0.004433470 0.007511660 0.007658330 0.007530630 0.005152800 0.005189750 0.002476260 0.002500520 0.002681880 0.000244590 0.004521380 0.000951010 0.000968170 0.006135920 0.003111640 0.006246860 0.003414000 0.003230270 0.005201270 0.005517020 0.003284130 0.006107410 0.001463310 0.004297420 0.003284000 0.000785830 0.001250740 0.004995700 0.000792900 0.001185530 0.000528760 0.001539300 0.002046130 0.000296890 0.000701540 0.001207060 0.001329100 0.000000000 0.000446740 0.001230150 0.000880170 0.003134260 0.001087030 0.002660120 0.002559410 0.002682090 0.002674410 0.002617370 0.000798150 0.005119380 
43     0.004842340 0.001996210 0.001933940 0.002228340 0.003386090 0.002065860 0.005055140 0.001416870 0.004800870 0.002159460 0.000537750 0.003936110 0.000676910 0.000694070 0.004637530 0.002717080 0.005207600 0.004846810 0.003122750 0.003465820 0.003190480 0.004745610 0.004143030 0.003207550 0.003790920 0.004366150 0.000511730 0.001577380 0.003259830 0.001572200 0.000911430 0.000254660 0.001449370 0.000405440 0.000216850 0.000427440 0.001101540 0.001676100 0.000446740 0.000000000 0.000545790 0.002697000 0.002513040 0.000402670 0.002143370 0.002996440 0.001256780 0.001326060 0.001507290 0.001283460 0.004795790 
48     0.004004310 0.004285150 0.002259190 0.005082960 0.005183180 0.006157620 0.005617850 0.000885260 0.002527720 0.003819260 0.002758470 0.004020720 0.002897630 0.002914790 0.004742650 0.004909140 0.003674170 0.004798930 0.004209770 0.001719330 0.003333410 0.004563030 0.003760270 0.004210310 0.004099090 0.004334150 0.001127850 0.004280750 0.002519010 0.003792920 0.002624510 0.001514600 0.001460730 0.003930970 0.000478300 0.002075640 0.002084600 0.002208280 0.001230150 0.000545790 0.000000000 0.000000300 0.000738360 0.000093360 0.002859830 0.003289670 0.002270040 0.002812810 0.001915650 0.002210720 0.002427790 
46     0.006300060 0.002181100 0.006744010 0.006849970 0.006615060 0.007150720 0.006760770 0.002057970 0.002082230 0.002748880 0.002758750 0.004356450 0.002897910 0.002915070 0.002954910 0.005583870 0.003694050 0.004534920 0.006217750 0.000585730 0.004893710 0.005900330 0.005929390 0.005775720 0.005184200 0.004646310 0.002732730 0.004281030 0.004723230 0.002978880 0.000405980 0.002416420 0.002614990 0.004144900 0.003215340 0.002951760 0.003283080 0.004637500 0.000880170 0.002697000 0.000000300 0.000000000 0.000913670 0.000136270 0.003952870 0.004060430 0.003716810 0.004545870 0.003897880 0.001546680 0.001698080 
47     0.000528020 0.005930040 0.006221520 0.005888870 0.006118020 0.005432280 0.005672480 0.003142540 0.004336320 0.003802910 0.003029960 0.004211800 0.005143460 0.004368240 0.005153260 0.001539960 0.000503500 0.003878950 0.003603320 0.003632910 0.003884520 0.003987420 0.004590880 0.001928360 0.004504270 0.002759910 0.002302020 0.006419740 0.003344470 0.004208770 0.000633700 0.002001270 0.000980160 0.003124380 0.003287730 0.004827350 0.004174470 0.001214260 0.003134260 0.002513040 0.000738360 0.000913670 0.000000000 0.000352870 0.003594720 0.003500470 0.002674400 0.003793260 0.000047780 0.002224920 0.002774790 
36     0.001471100 0.003101100 0.005006170 0.004891640 0.004935020 0.005386220 0.005080730 0.004290460 0.000937850 0.004265540 0.002721440 0.003391810 0.002860600 0.002877760 0.004178020 0.003211540 0.001341250 0.002500590 0.003991710 0.001570370 0.003485940 0.003445550 0.003732020 0.003934460 0.003722260 0.003023580 0.002695420 0.004243720 0.000402520 0.002235520 0.003095120 0.002438350 0.001813890 0.000194950 0.002557930 0.002914450 0.003061900 0.003120340 0.001087030 0.000402670 0.000093360 0.000136270 0.000352870 0.000000000 0.002861300 0.001955570 0.002425210 0.002777420 0.002028590 0.001696990 0.004670730 
37     0.002600760 0.003238970 0.001134930 0.001103880 0.001489140 0.002544110 0.002421700 0.000877900 0.005684590 0.004926360 0.004612550 0.004052630 0.004760060 0.004209070 0.004219090 0.005039250 0.003959460 0.003723590 0.004679100 0.004324490 0.000972420 0.004630820 0.002991940 0.004349670 0.003860130 0.003161450 0.003860620 0.004455440 0.006032770 0.003567760 0.003527260 0.004445390 0.003114930 0.001528240 0.003388430 0.001957640 0.003199770 0.003258210 0.002660120 0.002143370 0.002859830 0.003952870 0.003594720 0.002861300 0.000000000 0.000000340 0.000220760 0.000304010 0.000374990 0.000317440 0.004941150 
42     0.002009400 0.003030060 0.003058020 0.003026970 0.003412230 0.005401490 0.005569650 0.004772210 0.005475680 0.005102120 0.004652100 0.004219090 0.004551150 0.004739170 0.004552560 0.004830340 0.003750550 0.003514680 0.004634980 0.004482380 0.003754340 0.004494570 0.003325410 0.004683140 0.003651220 0.002952540 0.003651710 0.005031240 0.005823860 0.003675320 0.003634820 0.004104050 0.003222490 0.001497950 0.003732690 0.001990060 0.000594520 0.001150470 0.002559410 0.002996440 0.003289670 0.004060430 0.003500470 0.001955570 0.000000340 0.000000000 0.000091490 0.000555550 0.000336250 0.000528400 0.004926260 
44     0.001234800 0.002658100 0.004563170 0.004448640 0.004507170 0.005029530 0.005197690 0.004400250 0.005103720 0.001016880 0.004280140 0.003847130 0.004179190 0.004318390 0.003614810 0.003191670 0.003378590 0.003142720 0.003770730 0.003720210 0.002816590 0.004299450 0.002305970 0.003123730 0.001191760 0.002580580 0.003279750 0.003993190 0.005451900 0.003483030 0.000730760 0.004060820 0.001955780 0.001660640 0.001793550 0.002120860 0.002618900 0.001807070 0.002682090 0.001256780 0.002270040 0.003716810 0.002674400 0.002425210 0.000220760 0.000091490 0.000000000 0.000005690 0.000039710 0.000232030 0.004321560 
41     0.003434160 0.003020990 0.004545900 0.004364650 0.004744340 0.005138910 0.005560580 0.004763140 0.005466610 0.005348210 0.004448210 0.004210020 0.003841870 0.003666130 0.003740820 0.004099060 0.003741480 0.003505610 0.002396110 0.003846220 0.002942600 0.003181240 0.002470170 0.003287930 0.001371840 0.002785770 0.003642640 0.003340930 0.005814790 0.004160760 0.003818780 0.004818250 0.003566610 0.001934540 0.003287290 0.002643970 0.002981790 0.002290470 0.002674410 0.001326060 0.002812810 0.004545870 0.003793260 0.002777420 0.000304010 0.000555550 0.000005690 0.000000000 0.000016290 0.000293790 0.003612930 
40     0.001201290 0.002805610 0.004530850 0.004349600 0.004704550 0.005123860 0.005345200 0.004547760 0.005251230 0.004939570 0.001213030 0.001730760 0.002144670 0.001995830 0.003502250 0.003601510 0.003526100 0.001927630 0.002561230 0.003607650 0.002704030 0.003166190 0.002275100 0.003136320 0.001224610 0.002638540 0.003427260 0.004034180 0.005599410 0.003512770 0.001681080 0.004052160 0.001912040 0.001643560 0.001749810 0.002367280 0.002766410 0.001758370 0.002617370 0.001507290 0.001915650 0.003897880 0.000047780 0.002028590 0.000374990 0.000336250 0.000039710 0.000016290 0.000000000 0.000308010 0.003597880 
33     0.001915020 0.002703020 0.001531620 0.001615520 0.000914050 0.004440290 0.004624250 0.003141810 0.002598170 0.003832720 0.002516800 0.001844190 0.001992130 0.001544500 0.004143760 0.004503300 0.003423510 0.003187640 0.004224270 0.004155340 0.003345540 0.002482620 0.002338040 0.004066260 0.003324180 0.002625500 0.001405160 0.003055960 0.005496820 0.003091630 0.003051130 0.003495470 0.001506300 0.001625030 0.001344070 0.002282390 0.001809740 0.002722260 0.000798150 0.001283460 0.002210720 0.001546680 0.002224920 0.001696990 0.000317440 0.000528400 0.000232030 0.000293790 0.000308010 0.000000000 0.002914310 
0     0.002935740 0.004618200 0.000962780 0.000170780 0.001847790 0.002325950 0.002146260 0.002483590 0.004043750 0.005142550 0.004063720 0.001589770 0.001574730 0.002351010 0.003841930 0.004772160 0.000538720 0.005275280 0.003109340 0.002610460 0.003092880 0.003280290 0.003184030 0.004084270 0.001907240 0.001837570 0.001062020 0.003062430 0.003728910 0.001831140 0.001261290 0.004209450 0.003733120 0.002020870 0.004579260 0.004760510 0.005667430 0.005775750 0.005119380 0.004795790 0.002427790 0.001698080 0.002774790 0.004670730 0.004941150 0.004926260 0.004321560 0.003612930 0.003597880 0.002914310 0.000000000 
