51
12     0.000000000 0.019027286 0.015450891 0.015468960 0.015330575 0.016411599 0.016915635 0.016952757 0.018793285 0.019907129 0.014695814 0.013887742 0.014334541 0.013652754 0.017408666 0.016462372 0.017139781 0.016887582 0.016973713 0.017036588 0.016370206 0.017939840 0.017146455 0.017990845 0.017808072 0.017460502 0.016127671 0.022108031 0.022079574 0.019608379 0.019443624 0.025164666 0.029785746 0.023416146 0.022982833 0.023856332 0.023578240 0.023115390 0.027913047 0.023280552 0.023276315 0.026750130 0.024762285 0.022181894 0.025170725 0.025180798 0.023690290 0.024030385 0.023664189 0.024269575 0.039717581 
27     0.019027286 0.000000000 0.015078820 0.015087206 0.014967678 0.016073296 0.016596229 0.019623758 0.021388047 0.022488019 0.017316213 0.016483937 0.016940494 0.016293481 0.019990610 0.019041480 0.019711303 0.019435725 0.019529491 0.019639635 0.018936031 0.020501563 0.019784505 0.020622974 0.020346873 0.019996774 0.018748179 0.024760007 0.024744178 0.022298161 0.022139985 0.027770893 0.032442756 0.026065288 0.025624629 0.026479655 0.026193200 0.025714321 0.030549515 0.025910122 0.025943407 0.029407783 0.027430654 0.024847267 0.027815488 0.027826001 0.026337810 0.026674655 0.026309405 0.026911069 0.042437593 
7     0.015450891 0.015078820 0.000000000 0.002831283 0.003159557 0.009146850 0.009692731 0.016094614 0.017920698 0.018934995 0.013804085 0.012968976 0.013445651 0.012789451 0.016445941 0.015494080 0.016162942 0.015882982 0.015979040 0.016115019 0.015402381 0.016990228 0.016220493 0.017078577 0.016793873 0.016444418 0.015227236 0.021239490 0.021237518 0.018778364 0.018612016 0.024207678 0.028851470 0.022464130 0.022007761 0.022844097 0.022561563 0.022097678 0.026936776 0.022297323 0.022326013 0.025792851 0.023826558 0.021240838 0.024176464 0.024211943 0.022731951 0.023068796 0.022703546 0.023297382 0.038758733 
26     0.015468960 0.015087206 0.002831283 0.000000000 0.003163921 0.009172973 0.009702687 0.016103354 0.017932388 0.018944897 0.013807473 0.012972148 0.013446295 0.012790550 0.016459664 0.015508076 0.016176666 0.015896706 0.015992763 0.016128225 0.015418232 0.017006080 0.016233532 0.017091769 0.016812130 0.016462674 0.015245821 0.021257872 0.021255901 0.018796746 0.018630398 0.024219896 0.028863688 0.022476348 0.022009467 0.022847777 0.022566831 0.022102946 0.026948994 0.022309541 0.022356559 0.025821228 0.023846139 0.021260419 0.024191609 0.024227088 0.022747096 0.023083941 0.022718692 0.023311543 0.038775335 
29     0.015330575 0.014967678 0.003159557 0.003163921 0.000000000 0.009049168 0.009562978 0.015966446 0.017792530 0.018804456 0.013678287 0.012841652 0.013319853 0.012663653 0.016321821 0.015353295 0.016038823 0.015758863 0.015854920 0.015990900 0.015269842 0.016866109 0.016098640 0.016954458 0.016671743 0.016322288 0.015079189 0.021085017 0.021100701 0.018611658 0.018437951 0.024063820 0.028707612 0.022320272 0.021863903 0.022702557 0.022417705 0.021953820 0.026792919 0.022153465 0.022195417 0.025660086 0.023684997 0.021099277 0.024025324 0.024060803 0.022572776 0.022909621 0.022544372 0.023136554 0.038616746 
8     0.016411599 0.016073296 0.009146850 0.009172973 0.009049168 0.000000000 0.003579610 0.017032376 0.018823047 0.019885806 0.014680584 0.013844763 0.014324419 0.013666409 0.017367961 0.016418299 0.017087330 0.016805752 0.016909269 0.017037033 0.016312132 0.017906635 0.017149565 0.018001179 0.017760960 0.017410862 0.016135330 0.022137652 0.022145687 0.019688816 0.019523176 0.025200795 0.029844167 0.023457938 0.023006139 0.023860650 0.023569438 0.023113663 0.027925536 0.023305394 0.023336957 0.026810130 0.024829232 0.022240816 0.025178307 0.025213862 0.023733927 0.024070772 0.023705522 0.024303565 0.039806266 
9     0.016915635 0.016596229 0.009692731 0.009702687 0.009562978 0.003579610 0.000000000 0.017528948 0.019324082 0.020363559 0.015177803 0.014341783 0.014818510 0.014160329 0.017868377 0.016918715 0.017587747 0.017306168 0.017409685 0.017537449 0.016812548 0.018407051 0.017650127 0.018502212 0.018261082 0.017910983 0.016636364 0.022638374 0.022646720 0.020189849 0.020024209 0.025694315 0.030337687 0.023951458 0.023500459 0.024356459 0.024064667 0.023610855 0.028389430 0.023793343 0.023831151 0.027304324 0.025323426 0.022735011 0.025672501 0.025708056 0.024228121 0.024564966 0.024199717 0.024797760 0.040304432 
1     0.016952757 0.019623758 0.016094614 0.016103354 0.015966446 0.017032376 0.017528948 0.000000000 0.012820511 0.016320370 0.012933106 0.012077692 0.012489662 0.011802844 0.016213413 0.015258185 0.015951907 0.015652351 0.015756163 0.015889883 0.015201755 0.016812438 0.016025039 0.016868456 0.016500118 0.016149898 0.014775283 0.020953731 0.020927812 0.018440242 0.018276029 0.023973728 0.028632962 0.022220931 0.021784193 0.022638218 0.022358079 0.021877017 0.026710744 0.022082031 0.022075270 0.025560594 0.023607006 0.020987667 0.023962927 0.023978931 0.022482910 0.022822058 0.022460524 0.023062828 0.038309769 
20     0.018793285 0.021388047 0.017920698 0.017932388 0.017792530 0.018823047 0.019324082 0.012820511 0.000000000 0.018311378 0.014697351 0.013846874 0.014307787 0.013620649 0.018046596 0.017091929 0.017776347 0.017485578 0.017592705 0.017699630 0.017016113 0.018608090 0.017804518 0.018629873 0.018328959 0.017978739 0.016576163 0.022696481 0.022683232 0.020196652 0.020042205 0.025773552 0.030382301 0.024005708 0.023594173 0.024444268 0.024170356 0.023711199 0.028512700 0.023900395 0.023899914 0.027381975 0.025403946 0.022796051 0.025784957 0.025793002 0.024296980 0.024636129 0.024267182 0.024876898 0.040376684 
2     0.019907129 0.022488019 0.018934995 0.018944897 0.018804456 0.019885806 0.020363559 0.016320370 0.018311378 0.000000000 0.015797370 0.014936458 0.015335304 0.014649403 0.019172441 0.018217214 0.018905053 0.018588041 0.018713210 0.018828593 0.018163629 0.019747073 0.019005975 0.019868107 0.019332699 0.018983391 0.017748820 0.023840224 0.023811785 0.021371825 0.021222759 0.026900128 0.031560163 0.025151683 0.024710185 0.025573563 0.025282921 0.024809093 0.029643926 0.025012560 0.024998948 0.028479790 0.026514745 0.023897981 0.026884272 0.026891866 0.025378782 0.025737082 0.025368136 0.025961702 0.041471723 
24     0.014695814 0.017316213 0.013804085 0.013807473 0.013678287 0.014680584 0.015177803 0.012933106 0.014697351 0.015797370 0.000000000 0.005218768 0.005654671 0.005016279 0.013957892 0.013010278 0.013702354 0.013423041 0.013529994 0.013648957 0.012950726 0.014590098 0.013824785 0.014677543 0.014252638 0.013883538 0.012598240 0.018733118 0.018708531 0.016217911 0.016055321 0.021783987 0.026413072 0.020033032 0.019582552 0.020451064 0.020176888 0.019700223 0.024519955 0.019913162 0.019896125 0.023374115 0.021412303 0.018786621 0.021778107 0.021785701 0.020291881 0.020633400 0.020262541 0.020876442 0.036328913 
13     0.013887742 0.016483937 0.012968976 0.012972148 0.012841652 0.013844763 0.014341783 0.012077692 0.013846874 0.014936458 0.005218768 0.000000000 0.004209183 0.003575318 0.013161188 0.012213574 0.012898390 0.012623484 0.012735069 0.012859082 0.012143545 0.013795732 0.013040862 0.013889802 0.013426077 0.013056977 0.011782877 0.017913467 0.017888819 0.015430542 0.015274480 0.020995531 0.025638982 0.019247111 0.018744198 0.019658793 0.019384691 0.018911787 0.023733190 0.019107649 0.019123135 0.022600419 0.020642255 0.018013381 0.020986949 0.020994542 0.019500722 0.019842242 0.019472572 0.020084977 0.035483428 
4     0.014334541 0.016940494 0.013445651 0.013446295 0.013319853 0.014324419 0.014818510 0.012489662 0.014307787 0.015335304 0.005654671 0.004209183 0.000000000 0.002949136 0.013583438 0.012635825 0.013315545 0.013047336 0.013155777 0.013279252 0.012571053 0.014216878 0.013449900 0.014298840 0.013841828 0.013472728 0.012173615 0.018350708 0.018326059 0.015853368 0.015697306 0.021430336 0.026073970 0.019681916 0.019225160 0.020093598 0.019819496 0.019342487 0.024167995 0.019542454 0.019557017 0.023034301 0.021076138 0.018447263 0.021420831 0.021428425 0.019934605 0.020276124 0.019906454 0.020519463 0.035967567 
28     0.013652754 0.016293481 0.012789451 0.012790550 0.012663653 0.013666409 0.014160329 0.011802844 0.013620649 0.014649403 0.005016279 0.003575318 0.002949136 0.000000000 0.012912692 0.011965078 0.012653847 0.012377841 0.012484794 0.012610376 0.011908388 0.013542420 0.012774335 0.013621178 0.013167580 0.012798481 0.011516189 0.017677144 0.017652495 0.015178201 0.015022140 0.020704011 0.025339684 0.018970612 0.018497989 0.019358317 0.019086124 0.018607461 0.023459684 0.018834143 0.018856985 0.022334269 0.020361084 0.017746677 0.020720778 0.020728371 0.019234551 0.019576071 0.019206401 0.019818395 0.035274999 
25     0.017408666 0.019990610 0.016445941 0.016459664 0.016321821 0.017367961 0.017868377 0.016213413 0.018046596 0.019172441 0.013957892 0.013161188 0.013583438 0.012912692 0.000000000 0.004375654 0.007510180 0.007441387 0.007582431 0.009636841 0.009392665 0.010985829 0.010891490 0.011748663 0.015575336 0.015232956 0.014135318 0.020095310 0.020056204 0.017596840 0.017435194 0.023147284 0.027780205 0.021417574 0.020971369 0.021828303 0.021550516 0.021072386 0.025914847 0.021295038 0.021297477 0.024736510 0.022777717 0.020153586 0.023159343 0.023166936 0.021684891 0.022021736 0.021628658 0.022265020 0.037713977 
14     0.016462372 0.019041480 0.015494080 0.015508076 0.015353295 0.016418299 0.016918715 0.015258185 0.017091929 0.018217214 0.013010278 0.012213574 0.012635825 0.011965078 0.004375654 0.000000000 0.006580298 0.006481484 0.006656140 0.008675273 0.008443079 0.010025857 0.009949268 0.010805758 0.014630800 0.014288420 0.013164904 0.019124249 0.019080920 0.016624825 0.016463179 0.022154833 0.026790554 0.020438284 0.019987705 0.020844700 0.020566913 0.020088783 0.024929166 0.020305597 0.020325437 0.023769958 0.021791055 0.019181493 0.022174961 0.022182555 0.020688992 0.021025837 0.020632758 0.021280638 0.036743644 
10     0.017139781 0.019711303 0.016162942 0.016176666 0.016038823 0.017087330 0.017587747 0.015951907 0.017776347 0.018905053 0.013702354 0.012898390 0.013315545 0.012653847 0.007510180 0.006580298 0.000000000 0.007238775 0.007375043 0.009372306 0.009131529 0.010704650 0.010641789 0.011489951 0.015303088 0.014959956 0.013889374 0.019820422 0.019781317 0.017321527 0.017159882 0.022814574 0.027453838 0.021088739 0.020658630 0.021517181 0.021245592 0.020767462 0.025587208 0.020986559 0.020977662 0.024424084 0.022446158 0.019826115 0.022861981 0.022869574 0.021387530 0.021724375 0.021331518 0.021967658 0.037409076 
30     0.016887582 0.019435725 0.015882982 0.015896706 0.015758863 0.016805752 0.017306168 0.015652351 0.017485578 0.018588041 0.013423041 0.012623484 0.013047336 0.012377841 0.007441387 0.006481484 0.007238775 0.000000000 0.007116906 0.009106777 0.008848264 0.010453874 0.010393226 0.011253954 0.015059231 0.014715204 0.013579812 0.019574883 0.019535777 0.017074072 0.016914291 0.022596721 0.027226772 0.020860036 0.020415014 0.021260427 0.020998093 0.020521256 0.025343529 0.020738005 0.020739762 0.024166131 0.022219517 0.019596286 0.022591127 0.022598720 0.021114827 0.021453521 0.021057134 0.021696877 0.037159680 
23     0.016973713 0.019529491 0.015979040 0.015992763 0.015854920 0.016909269 0.017409685 0.015756163 0.017592705 0.018713210 0.013529994 0.012735069 0.013155777 0.012484794 0.007582431 0.006656140 0.007375043 0.007116906 0.000000000 0.009186451 0.008937981 0.010518393 0.010398700 0.011258417 0.015121915 0.014777887 0.013688690 0.019644911 0.019605805 0.017140649 0.016979004 0.022645353 0.027300622 0.020888118 0.020484508 0.021338927 0.021070313 0.020592183 0.025407647 0.020799818 0.020818541 0.024264179 0.022297616 0.019679648 0.022617800 0.022625394 0.021143015 0.021478572 0.021085693 0.021724906 0.037242013 
22     0.017036588 0.019639635 0.016115019 0.016128225 0.015990900 0.017037033 0.017537449 0.015889883 0.017699630 0.018828593 0.013648957 0.012859082 0.013279252 0.012610376 0.009636841 0.008675273 0.009372306 0.009106777 0.009186451 0.000000000 0.009094885 0.010757611 0.010599977 0.011471174 0.015262840 0.014940072 0.013829046 0.019767730 0.019742569 0.017263845 0.017082412 0.022858044 0.027492657 0.021124408 0.020671489 0.021520331 0.021256279 0.020759950 0.025594773 0.020988270 0.020939652 0.024403442 0.022448120 0.019828159 0.022853097 0.022860690 0.021378645 0.021715490 0.021324852 0.021958773 0.037398405 
19     0.016370206 0.018936031 0.015402381 0.015418232 0.015269842 0.016312132 0.016812548 0.015201755 0.017016113 0.018163629 0.012950726 0.012143545 0.012571053 0.011908388 0.009392665 0.008443079 0.009131529 0.008848264 0.008937981 0.009094885 0.000000000 0.008467147 0.009974166 0.010771239 0.014590330 0.014246506 0.013078119 0.019028985 0.019001678 0.016557088 0.016394868 0.022186148 0.026816507 0.020454371 0.019987119 0.020834473 0.020576960 0.020077423 0.024927967 0.020301050 0.020297291 0.023757686 0.021791576 0.019178230 0.022158236 0.022172858 0.020690813 0.021027658 0.020635663 0.021275610 0.036730039 
6     0.017939840 0.020501563 0.016990228 0.017006080 0.016866109 0.017906635 0.018407051 0.016812438 0.018608090 0.019747073 0.014590098 0.013795732 0.014216878 0.013542420 0.010985829 0.010025857 0.010704650 0.010453874 0.010518393 0.010757611 0.008467147 0.000000000 0.011508566 0.012294437 0.016170098 0.015829256 0.014655657 0.020618120 0.020579015 0.018124555 0.017963517 0.023734208 0.028361908 0.022003561 0.021556874 0.022404692 0.022146070 0.021652469 0.026471888 0.021873814 0.021877783 0.025331772 0.023362027 0.020745862 0.023743497 0.023751090 0.022269045 0.022605890 0.022213896 0.022849173 0.038277280 
11     0.017146455 0.019784505 0.016220493 0.016233532 0.016098640 0.017149565 0.017650127 0.016025039 0.017804518 0.019005975 0.013824785 0.013040862 0.013449900 0.012774335 0.010891490 0.009949268 0.010641789 0.010393226 0.010398700 0.010599977 0.009974166 0.011508566 0.000000000 0.007550666 0.015478475 0.015129509 0.013973627 0.019857357 0.019799962 0.017346917 0.017202964 0.022930940 0.027579532 0.021195956 0.020813587 0.021634036 0.021356522 0.020871443 0.025713677 0.021098883 0.021090711 0.024543904 0.022582259 0.019952379 0.022952771 0.022960364 0.021474314 0.021811159 0.021420521 0.022054985 0.037500049 
16     0.017990845 0.020622974 0.017078577 0.017091769 0.016954458 0.018001179 0.018502212 0.016868456 0.018629873 0.019868107 0.014677543 0.013889802 0.014298840 0.013621178 0.011748663 0.010805758 0.011489951 0.011253954 0.011258417 0.011471174 0.010771239 0.012294437 0.007550666 0.000000000 0.016303537 0.015945446 0.014782538 0.020736352 0.020698195 0.018219815 0.018071542 0.023766698 0.028395970 0.022024425 0.021605332 0.022425106 0.022147556 0.021661704 0.026505724 0.021883658 0.021897298 0.025352252 0.023365052 0.020759551 0.023770110 0.023777703 0.022288674 0.022625519 0.022234881 0.022872863 0.038328307 
21     0.017808072 0.020346873 0.016793873 0.016812130 0.016671743 0.017760960 0.018261082 0.016500118 0.018328959 0.019332699 0.014252638 0.013426077 0.013841828 0.013167580 0.015575336 0.014630800 0.015303088 0.015059231 0.015121915 0.015262840 0.014590330 0.016170098 0.015478475 0.016303537 0.000000000 0.004501013 0.014302674 0.020553323 0.020510171 0.017939599 0.017803469 0.023427365 0.028061258 0.021675702 0.021239134 0.022095004 0.021819257 0.021378943 0.026209114 0.021554359 0.021507294 0.024999083 0.023019390 0.020404513 0.023411864 0.023419710 0.021914258 0.022255373 0.021890289 0.022511548 0.037993833 
31     0.017460502 0.019996774 0.016444418 0.016462674 0.016322288 0.017410862 0.017910983 0.016149898 0.017978739 0.018983391 0.013883538 0.013056977 0.013472728 0.012798481 0.015232956 0.014288420 0.014959956 0.014715204 0.014777887 0.014940072 0.014246506 0.015829256 0.015129509 0.015945446 0.004501013 0.000000000 0.013935325 0.020190251 0.020147099 0.017580609 0.017442041 0.023086833 0.027721555 0.021337353 0.020890340 0.021746210 0.021470344 0.021030149 0.025860320 0.021205565 0.021174108 0.024651792 0.022672099 0.020057221 0.023063066 0.023070911 0.021566147 0.021907262 0.021542178 0.022162750 0.037643407 
15     0.016127671 0.018748179 0.015227236 0.015245821 0.015079189 0.016135330 0.016636364 0.014775283 0.016576163 0.017748820 0.012598240 0.011782877 0.012173615 0.011516189 0.014135318 0.013164904 0.013889374 0.013579812 0.013688690 0.013829046 0.013078119 0.014655657 0.013973627 0.014782538 0.014302674 0.013935325 0.000000000 0.017569987 0.017539539 0.014986442 0.014779133 0.021788309 0.026450806 0.020059049 0.019601759 0.020439473 0.020167166 0.019726088 0.024535154 0.019904957 0.019861659 0.023347436 0.021371432 0.018760600 0.021759631 0.021767225 0.020300176 0.020610206 0.020245122 0.020852095 0.036379727 
18     0.022108031 0.024760007 0.021239490 0.021257872 0.021085017 0.022137652 0.022638374 0.020953731 0.022696481 0.023840224 0.018733118 0.017913467 0.018350708 0.017677144 0.020095310 0.019124249 0.019820422 0.019574883 0.019644911 0.019767730 0.019028985 0.020618120 0.019857357 0.020736352 0.020553323 0.020190251 0.017569987 0.000000000 0.005234071 0.013654924 0.013517874 0.027817317 0.032465718 0.026086973 0.025634694 0.026446281 0.026209457 0.025762123 0.030585811 0.025944191 0.025963128 0.029432399 0.027446968 0.024824603 0.027869183 0.027868500 0.026378088 0.026717236 0.026351987 0.026959952 0.042341997 
3     0.022079574 0.024744178 0.021237518 0.021255901 0.021100701 0.022145687 0.022646720 0.020927812 0.022683232 0.023811785 0.018708531 0.017888819 0.018326059 0.017652495 0.020056204 0.019080920 0.019781317 0.019535777 0.019605805 0.019742569 0.019001678 0.020579015 0.019799962 0.020698195 0.020510171 0.020147099 0.017539539 0.005234071 0.000000000 0.013638999 0.013486380 0.027777382 0.032425782 0.026044271 0.025562203 0.026385616 0.026144461 0.025698933 0.030543406 0.025902651 0.025911311 0.029383192 0.027378942 0.024769884 0.027826651 0.027825968 0.026335556 0.026674704 0.026309455 0.026917421 0.042305900 
5     0.019608379 0.022298161 0.018778364 0.018796746 0.018611658 0.019688816 0.020189849 0.018440242 0.020196652 0.021371825 0.016217911 0.015430542 0.015853368 0.015178201 0.017596840 0.016624825 0.017321527 0.017074072 0.017140649 0.017263845 0.016557088 0.018124555 0.017346917 0.018219815 0.017939599 0.017580609 0.014986442 0.013654924 0.013638999 0.000000000 0.005732607 0.025331409 0.029977249 0.023595799 0.023132235 0.023954104 0.023706264 0.023258930 0.028112557 0.023458156 0.023441673 0.026899904 0.024933024 0.022294189 0.025347455 0.025346772 0.023856360 0.024195508 0.023830258 0.024439527 0.039861552 
17     0.019443624 0.022139985 0.018612016 0.018630398 0.018437951 0.019523176 0.020024209 0.018276029 0.020042205 0.021222759 0.016055321 0.015274480 0.015697306 0.015022140 0.017435194 0.016463179 0.017159882 0.016914291 0.016979004 0.017082412 0.016394868 0.017963517 0.017202964 0.018071542 0.017803469 0.017442041 0.014779133 0.013517874 0.013486380 0.005732607 0.000000000 0.025154845 0.029789265 0.023407402 0.022938324 0.023754722 0.023505794 0.023058460 0.027921402 0.023264658 0.023204509 0.026663216 0.024693513 0.022062835 0.025096135 0.025095452 0.023600904 0.023941440 0.023576191 0.024191620 0.039633874 
49     0.025164666 0.027770893 0.024207678 0.024219896 0.024063820 0.025200795 0.025694315 0.023973728 0.025773552 0.026900128 0.021783987 0.020995531 0.021430336 0.020704011 0.023147284 0.022154833 0.022814574 0.022596721 0.022645353 0.022858044 0.022186148 0.023734208 0.022930940 0.023766698 0.023427365 0.023086833 0.021788309 0.027817317 0.027777382 0.025331409 0.025154845 0.000000000 0.017557427 0.012667675 0.016707938 0.017517168 0.017236471 0.016879740 0.021499398 0.016853466 0.019814135 0.023367286 0.021349942 0.018736121 0.021783415 0.021781498 0.020328546 0.020640621 0.020265166 0.020945635 0.038933384 
32     0.029785746 0.032442756 0.028851470 0.028863688 0.028707612 0.029844167 0.030337687 0.028632962 0.030382301 0.031560163 0.026413072 0.025638982 0.026073970 0.025339684 0.027780205 0.026790554 0.027453838 0.027226772 0.027300622 0.027492657 0.026816507 0.028361908 0.027579532 0.028395970 0.028061258 0.027721555 0.026450806 0.032465718 0.032425782 0.029977249 0.029789265 0.017557427 0.000000000 0.017465347 0.021466117 0.022285166 0.021993167 0.021630983 0.026216194 0.021621763 0.024497167 0.028023229 0.026007490 0.023412094 0.026436929 0.026435012 0.024996931 0.025309006 0.024933551 0.025614217 0.043605424 
39     0.023416146 0.026065288 0.022464130 0.022476348 0.022320272 0.023457938 0.023951458 0.022220931 0.024005708 0.025151683 0.020033032 0.019247111 0.019681916 0.018970612 0.021417574 0.020438284 0.021088739 0.020860036 0.020888118 0.021124408 0.020454371 0.022003561 0.021195956 0.022024425 0.021675702 0.021337353 0.020059049 0.026086973 0.026044271 0.023595799 0.023407402 0.012667675 0.017465347 0.000000000 0.015033847 0.015834836 0.015529840 0.015178996 0.019827380 0.015207195 0.018067131 0.021593141 0.019572770 0.016945287 0.020027671 0.020025169 0.018587415 0.018899490 0.018524036 0.019205286 0.037021858 
50     0.022982833 0.025624629 0.022007761 0.022009467 0.021863903 0.023006139 0.023500459 0.021784193 0.023594173 0.024710185 0.019582552 0.018744198 0.019225160 0.018497989 0.020971369 0.019987705 0.020658630 0.020415014 0.020484508 0.020671489 0.019987119 0.021556874 0.020813587 0.021605332 0.021239134 0.020890340 0.019601759 0.025634694 0.025562203 0.023132235 0.022938324 0.016707938 0.021466117 0.015033847 0.000000000 0.010669932 0.010463236 0.010065845 0.016440464 0.011694671 0.017689061 0.021191488 0.019194100 0.016611490 0.019674547 0.019671217 0.018224270 0.018536346 0.018163044 0.018825037 0.036624380 
35     0.023856332 0.026479655 0.022844097 0.022847777 0.022702557 0.023860650 0.024356459 0.022638218 0.024444268 0.025573563 0.020451064 0.019658793 0.020093598 0.019358317 0.021828303 0.020844700 0.021517181 0.021260427 0.021338927 0.021520331 0.020834473 0.022404692 0.021634036 0.022425106 0.022095004 0.021746210 0.020439473 0.026446281 0.026385616 0.023954104 0.023754722 0.017517168 0.022285166 0.015834836 0.010669932 0.000000000 0.007250599 0.006924084 0.017228997 0.012555719 0.018458306 0.021986703 0.019974712 0.017383497 0.020440705 0.020435364 0.018973870 0.019285946 0.018911879 0.019580189 0.037471418 
45     0.023578240 0.026193200 0.022561563 0.022566831 0.022417705 0.023569438 0.024064667 0.022358079 0.024170356 0.025282921 0.020176888 0.019384691 0.019819496 0.019086124 0.021550516 0.020566913 0.021245592 0.020998093 0.021070313 0.021256279 0.020576960 0.022146070 0.021356522 0.022147556 0.021819257 0.021470344 0.020167166 0.026209457 0.026144461 0.023706264 0.023505794 0.017236471 0.021993167 0.015529840 0.010463236 0.007250599 0.000000000 0.004086038 0.016923179 0.012227256 0.018146195 0.021684958 0.019661975 0.017061455 0.020178961 0.020169033 0.018712321 0.019024397 0.018650330 0.019310451 0.037277551 
38     0.023115390 0.025714321 0.022097678 0.022102946 0.021953820 0.023113663 0.023610855 0.021877017 0.023711199 0.024809093 0.019700223 0.018911787 0.019342487 0.018607461 0.021072386 0.020088783 0.020767462 0.020521256 0.020592183 0.020759950 0.020077423 0.021652469 0.020871443 0.021661704 0.021378943 0.021030149 0.019726088 0.025762123 0.025698933 0.023258930 0.023058460 0.016879740 0.021630983 0.015178996 0.010065845 0.006924084 0.004086038 0.000000000 0.016621113 0.011917953 0.017733099 0.021280958 0.019233088 0.016650272 0.019720858 0.019712417 0.018263925 0.018576000 0.018201933 0.018863056 0.036774385 
34     0.027913047 0.030549515 0.026936776 0.026948994 0.026792919 0.027925536 0.028389430 0.026710744 0.028512700 0.029643926 0.024519955 0.023733190 0.024167995 0.023459684 0.025914847 0.024929166 0.025587208 0.025343529 0.025407647 0.025594773 0.024927967 0.026471888 0.025713677 0.026505724 0.026209114 0.025860320 0.024535154 0.030585811 0.030543406 0.028112557 0.027921402 0.021499398 0.026216194 0.019827380 0.016440464 0.017228997 0.016923179 0.016621113 0.000000000 0.014634927 0.022566166 0.026103857 0.024090897 0.021490278 0.024520169 0.024521699 0.023048978 0.023361053 0.022982820 0.023645969 0.041678378 
43     0.023280552 0.025910122 0.022297323 0.022309541 0.022153465 0.023305394 0.023793343 0.022082031 0.023900395 0.025012560 0.019913162 0.019107649 0.019542454 0.018834143 0.021295038 0.020305597 0.020986559 0.020738005 0.020799818 0.020988270 0.020301050 0.021873814 0.021098883 0.021883658 0.021554359 0.021205565 0.019904957 0.025944191 0.025902651 0.023458156 0.023264658 0.016853466 0.021621763 0.015207195 0.011694671 0.012555719 0.012227256 0.011917953 0.014634927 0.000000000 0.017881435 0.021410946 0.019412167 0.016798993 0.019860607 0.019861682 0.018397559 0.018709634 0.018336333 0.018996624 0.037007752 
48     0.023276315 0.025943407 0.022326013 0.022356559 0.022195417 0.023336957 0.023831151 0.022075270 0.023899914 0.024998948 0.019896125 0.019123135 0.019557017 0.018856985 0.021297477 0.020325437 0.020977662 0.020739762 0.020818541 0.020939652 0.020297291 0.021877783 0.021090711 0.021897298 0.021507294 0.021174108 0.019861659 0.025963128 0.025911311 0.023441673 0.023204509 0.019814135 0.024497167 0.018067131 0.017689061 0.018458306 0.018146195 0.017733099 0.022566166 0.017881435 0.000000000 0.011690137 0.010746275 0.008104182 0.018037683 0.018055830 0.016588702 0.016900581 0.016538231 0.017200136 0.036943468 
46     0.026750130 0.029407783 0.025792851 0.025821228 0.025660086 0.026810130 0.027304324 0.025560594 0.027381975 0.028479790 0.023374115 0.022600419 0.023034301 0.022334269 0.024736510 0.023769958 0.024424084 0.024166131 0.024264179 0.024403442 0.023757686 0.025331772 0.024543904 0.025352252 0.024999083 0.024651792 0.023347436 0.029432399 0.029383192 0.026899904 0.026663216 0.023367286 0.028023229 0.021593141 0.021191488 0.021986703 0.021684958 0.021280958 0.026103857 0.021410946 0.011690137 0.000000000 0.014076886 0.011368454 0.021549171 0.021559297 0.020094678 0.020406557 0.020044207 0.020703602 0.040352417 
47     0.024762285 0.027430654 0.023826558 0.023846139 0.023684997 0.024829232 0.025323426 0.023607006 0.025403946 0.026514745 0.021412303 0.020642255 0.021076138 0.020361084 0.022777717 0.021791055 0.022446158 0.022219517 0.022297616 0.022448120 0.021791576 0.023362027 0.022582259 0.023365052 0.023019390 0.022672099 0.021371432 0.027446968 0.027378942 0.024933024 0.024693513 0.021349942 0.026007490 0.019572770 0.019194100 0.019974712 0.019661975 0.019233088 0.024090897 0.019412167 0.010746275 0.014076886 0.000000000 0.009108983 0.019524213 0.019533494 0.018067027 0.018378906 0.018010270 0.018705170 0.038415064 
36     0.022181894 0.024847267 0.021240838 0.021260419 0.021099277 0.022240816 0.022735011 0.020987667 0.022796051 0.023897981 0.018786621 0.018013381 0.018447263 0.017746677 0.020153586 0.019181493 0.019826115 0.019596286 0.019679648 0.019828159 0.019178230 0.020745862 0.019952379 0.020759551 0.020404513 0.020057221 0.018760600 0.024824603 0.024769884 0.022294189 0.022062835 0.018736121 0.023412094 0.016945287 0.016611490 0.017383497 0.017061455 0.016650272 0.021490278 0.016798993 0.008104182 0.011368454 0.009108983 0.000000000 0.016931031 0.016942296 0.015480851 0.015792730 0.015425422 0.016086495 0.035837420 
37     0.025170725 0.027815488 0.024176464 0.024191609 0.024025324 0.025178307 0.025672501 0.023962927 0.025784957 0.026884272 0.021778107 0.020986949 0.021420831 0.020720778 0.023159343 0.022174961 0.022861981 0.022591127 0.022617800 0.022853097 0.022158236 0.023743497 0.022952771 0.023770110 0.023411864 0.023063066 0.021759631 0.027869183 0.027826651 0.025347455 0.025096135 0.021783415 0.026436929 0.020027671 0.019674547 0.020440705 0.020178961 0.019720858 0.024520169 0.019860607 0.018037683 0.021549171 0.019524213 0.016931031 0.000000000 0.003858484 0.005476118 0.005744692 0.005384562 0.007381443 0.038765078 
42     0.025180798 0.027826001 0.024211943 0.024227088 0.024060803 0.025213862 0.025708056 0.023978931 0.025793002 0.026891866 0.021785701 0.020994542 0.021428425 0.020728371 0.023166936 0.022182555 0.022869574 0.022598720 0.022625394 0.022860690 0.022172858 0.023751090 0.022960364 0.023777703 0.023419710 0.023070911 0.021767225 0.027868500 0.027825968 0.025346772 0.025095452 0.021781498 0.026435012 0.020025169 0.019671217 0.020435364 0.020169033 0.019712417 0.024521699 0.019861682 0.018055830 0.021559297 0.019533494 0.016942296 0.003858484 0.000000000 0.005508879 0.005769287 0.005424945 0.007409387 0.038771822 
44     0.023690290 0.026337810 0.022731951 0.022747096 0.022572776 0.023733927 0.024228121 0.022482910 0.024296980 0.025378782 0.020291881 0.019500722 0.019934605 0.019234551 0.021684891 0.020688992 0.021387530 0.021114827 0.021143015 0.021378645 0.020690813 0.022269045 0.021474314 0.022288674 0.021914258 0.021566147 0.020300176 0.026378088 0.026335556 0.023856360 0.023600904 0.020328546 0.024996931 0.018587415 0.018224270 0.018973870 0.018712321 0.018263925 0.023048978 0.018397559 0.016588702 0.020094678 0.018067027 0.015480851 0.005476118 0.005508879 0.000000000 0.001879770 0.001662700 0.005951467 0.037307760 
41     0.024030385 0.026674655 0.023068796 0.023083941 0.022909621 0.024070772 0.024564966 0.022822058 0.024636129 0.025737082 0.020633400 0.019842242 0.020276124 0.019576071 0.022021736 0.021025837 0.021724375 0.021453521 0.021478572 0.021715490 0.021027658 0.022605890 0.021811159 0.022625519 0.022255373 0.021907262 0.020610206 0.026717236 0.026674704 0.024195508 0.023941440 0.020640621 0.025309006 0.018899490 0.018536346 0.019285946 0.019024397 0.018576000 0.023361053 0.018709634 0.016900581 0.020406557 0.018378906 0.015792730 0.005744692 0.005769287 0.001879770 0.000000000 0.001896824 0.006290898 0.037626227 
40     0.023664189 0.026309405 0.022703546 0.022718692 0.022544372 0.023705522 0.024199717 0.022460524 0.024267182 0.025368136 0.020262541 0.019472572 0.019906454 0.019206401 0.021628658 0.020632758 0.021331518 0.021057134 0.021085693 0.021324852 0.020635663 0.022213896 0.021420521 0.022234881 0.021890289 0.021542178 0.020245122 0.026351987 0.026309455 0.023830258 0.023576191 0.020265166 0.024933551 0.018524036 0.018163044 0.018911879 0.018650330 0.018201933 0.022982820 0.018336333 0.016538231 0.020044207 0.018010270 0.015425422 0.005384562 0.005424945 0.001662700 0.001896824 0.000000000 0.005994752 0.037255914 
33     0.024269575 0.026911069 0.023297382 0.023311543 0.023136554 0.024303565 0.024797760 0.023062828 0.024876898 0.025961702 0.020876442 0.020084977 0.020519463 0.019818395 0.022265020 0.021280638 0.021967658 0.021696877 0.021724906 0.021958773 0.021275610 0.022849173 0.022054985 0.022872863 0.022511548 0.022162750 0.020852095 0.026959952 0.026917421 0.024439527 0.024191620 0.020945635 0.025614217 0.019205286 0.018825037 0.019580189 0.019310451 0.018863056 0.023645969 0.018996624 0.017200136 0.020703602 0.018705170 0.016086495 0.007381443 0.007409387 0.005951467 0.006290898 0.005994752 0.000000000 0.037900263 
0     0.039717581 0.042437593 0.038758733 0.038775335 0.038616746 0.039806266 0.040304432 0.038309769 0.040376684 0.041471723 0.036328913 0.035483428 0.035967567 0.035274999 0.037713977 0.036743644 0.037409076 0.037159680 0.037242013 0.037398405 0.036730039 0.038277280 0.037500049 0.038328307 0.037993833 0.037643407 0.036379727 0.042341997 0.042305900 0.039861552 0.039633874 0.038933384 0.043605424 0.037021858 0.036624380 0.037471418 0.037277551 0.036774385 0.041678378 0.037007752 0.036943468 0.040352417 0.038415064 0.035837420 0.038765078 0.038771822 0.037307760 0.037626227 0.037255914 0.037900263 0.000000000 
