51
14     0.000000000 0.030505788 0.071041620 0.070863206 0.117235682 0.124543286 0.157911832 0.149039379 0.138766593 0.143798878 0.136565402 0.136521514 0.135361310 0.134550794 0.134055758 0.145692475 0.152185507 0.147842707 0.151423099 0.153168163 0.142370590 0.143562801 0.144238556 0.142523727 0.140032695 0.137911315 0.165037382 0.166893376 0.162641265 0.171327179 0.157046913 0.193447020 0.168628909 0.163622922 0.191183637 0.163463166 0.167517659 0.171208290 0.170948449 0.163966454 0.147515333 0.165749666 0.156199445 0.157747417 0.155330871 0.181020266 0.168448006 0.168907087 0.174563498 0.166757752 0.284547067 
6     0.030505788 0.000000000 0.069749584 0.069424408 0.116017597 0.123325201 0.156707757 0.147835305 0.137562518 0.142594803 0.135361328 0.135317439 0.134157235 0.133346720 0.132851683 0.144488400 0.150981432 0.146638633 0.150219025 0.151964089 0.141166516 0.142358727 0.143034481 0.141319652 0.138828620 0.136707240 0.163833307 0.165689301 0.161437190 0.170123104 0.155842839 0.192242945 0.167424835 0.162418848 0.189979562 0.162259091 0.166313584 0.170004216 0.169744374 0.162762379 0.146311258 0.164545591 0.154995370 0.156543343 0.154126796 0.179816191 0.167243931 0.167703012 0.173359424 0.165553678 0.283342992 
12     0.071041620 0.069749584 0.000000000 0.027439044 0.123208117 0.130515721 0.163935069 0.155062617 0.144789830 0.149822115 0.142588640 0.142544751 0.141384547 0.140574032 0.140078995 0.151715712 0.158208744 0.153865945 0.157446337 0.159191401 0.148393828 0.149586039 0.150261793 0.148546964 0.146055932 0.143934552 0.171060619 0.172916613 0.168672023 0.177357937 0.163077672 0.199473155 0.174655045 0.169649058 0.197209772 0.169489301 0.173543794 0.177234426 0.176974584 0.169992589 0.153541468 0.171775801 0.162225580 0.163773553 0.161357006 0.187046401 0.174474141 0.174933222 0.180589634 0.172783888 0.290573202 
1     0.070863206 0.069424408 0.027439044 0.000000000 0.122131703 0.129439307 0.162856155 0.153983703 0.143710916 0.148743201 0.141509726 0.141465837 0.140305633 0.139495118 0.139000081 0.150636798 0.157129830 0.152787031 0.156367423 0.158112487 0.147314914 0.148507125 0.149182879 0.147468050 0.144977018 0.142855638 0.169981705 0.171837699 0.167593109 0.176279023 0.161998758 0.198394241 0.173576131 0.168570144 0.196130858 0.168410387 0.172464880 0.176155512 0.175895670 0.168913675 0.152462554 0.170696887 0.161146666 0.162694639 0.160278092 0.185967487 0.173395227 0.173854308 0.179510720 0.171704974 0.289494288 
16     0.117235682 0.116017597 0.123208117 0.122131703 0.000000000 0.043629630 0.116429895 0.107557443 0.097284656 0.102285342 0.095051867 0.095007966 0.093844395 0.093033880 0.092538844 0.104180973 0.110674005 0.106331206 0.109914839 0.111659903 0.100862330 0.102054541 0.102724882 0.101010053 0.098519021 0.096397642 0.123564407 0.125420400 0.121408939 0.130094800 0.115814534 0.151987178 0.127169068 0.122163081 0.149723795 0.122003324 0.126057818 0.129748449 0.129488608 0.122506613 0.106055492 0.124289824 0.114739603 0.116287576 0.113871029 0.139560425 0.126988165 0.127447245 0.133103657 0.125297911 0.243179540 
13     0.124543286 0.123325201 0.130515721 0.129439307 0.043629630 0.000000000 0.123698931 0.114826478 0.104553692 0.109554378 0.102320902 0.102277002 0.101113431 0.100302916 0.099807879 0.111450009 0.117943041 0.113600241 0.117183875 0.118928939 0.108131366 0.109323577 0.109993918 0.108279089 0.105788057 0.103666677 0.130825405 0.132681399 0.128675710 0.137361571 0.123081305 0.159250953 0.134432843 0.129426856 0.156987570 0.129267099 0.133321593 0.137012224 0.136752382 0.129770388 0.113319266 0.131553599 0.122003378 0.123551351 0.121134804 0.146824200 0.134251940 0.134711020 0.140367432 0.132561686 0.250445164 
10     0.157911832 0.156707757 0.163935069 0.162856155 0.116429895 0.123698931 0.000000000 0.063135754 0.052970144 0.101440582 0.094207107 0.094242342 0.092992415 0.092181899 0.091686863 0.103189783 0.109682815 0.105345340 0.108889303 0.110626872 0.099880166 0.101060913 0.101792216 0.100079438 0.097561330 0.095520829 0.126786161 0.128620971 0.138698663 0.147384524 0.133102496 0.169336918 0.144496746 0.139715835 0.167202378 0.139481907 0.143536401 0.147227032 0.146967191 0.139985196 0.123384258 0.141843667 0.132068370 0.133616343 0.131325341 0.157015262 0.144443002 0.144902082 0.150558494 0.142752748 0.260252408 
22     0.149039379 0.147835305 0.155062617 0.153983703 0.107557443 0.114826478 0.063135754 0.000000000 0.044885042 0.092485039 0.085251563 0.085286798 0.084039621 0.083229105 0.082734069 0.094234239 0.100727271 0.096389797 0.099936353 0.101673922 0.090924779 0.092105526 0.092836829 0.091124050 0.088605942 0.086565442 0.117915107 0.119749918 0.129827499 0.138513360 0.124231332 0.160465375 0.135625952 0.130845041 0.158331585 0.130611114 0.134665607 0.138356238 0.138096397 0.131114402 0.114469963 0.132929372 0.123154075 0.124702048 0.122410297 0.148100218 0.135571459 0.136030540 0.141686952 0.133881205 0.251363537 
5     0.138766593 0.137562518 0.144789830 0.143710916 0.097284656 0.104553692 0.052970144 0.044885042 0.000000000 0.082244109 0.075010634 0.075045869 0.073775634 0.072965118 0.072470082 0.083982097 0.090475129 0.086137655 0.089681617 0.091419186 0.080676210 0.081856957 0.082577703 0.080864925 0.078346817 0.076306316 0.107692986 0.109440477 0.119608369 0.128294230 0.114012202 0.150404753 0.125565330 0.120784419 0.148145641 0.120425170 0.124479664 0.128170295 0.127910453 0.120928458 0.104452843 0.122912252 0.113136954 0.114684927 0.112267855 0.137957776 0.125385516 0.125844596 0.131501008 0.123695262 0.241227898 
21     0.143798878 0.142594803 0.149822115 0.148743201 0.102285342 0.109554378 0.101440582 0.092485039 0.082244109 0.000000000 0.031072048 0.049681108 0.059476434 0.058678418 0.058242257 0.069740365 0.076225305 0.071876055 0.075491705 0.077267954 0.066303880 0.067528722 0.068362478 0.066601652 0.064192223 0.061906036 0.112059029 0.113937985 0.124333105 0.133018966 0.118736938 0.155139175 0.130301208 0.125520297 0.152879244 0.125158773 0.129213266 0.132903898 0.132644056 0.125662061 0.109142944 0.127602353 0.117827056 0.119375029 0.116958705 0.142648626 0.130119867 0.130578948 0.136235360 0.128429614 0.246096003 
8     0.136565402 0.135361328 0.142588640 0.141509726 0.095051867 0.102320902 0.094207107 0.085251563 0.075010634 0.031072048 0.000000000 0.042468065 0.052294280 0.051496263 0.051060103 0.062557634 0.069022250 0.064692588 0.068287785 0.070064035 0.059099212 0.060324054 0.061147926 0.059383691 0.056977670 0.054688076 0.104825553 0.106704510 0.117099629 0.125785490 0.111503463 0.147905699 0.123067733 0.118286822 0.145645768 0.117925298 0.121979791 0.125670422 0.125410581 0.118428586 0.101909469 0.120368878 0.110593581 0.112141553 0.109725230 0.135415151 0.122886392 0.123345473 0.129001884 0.121196138 0.238862528 
30     0.136521514 0.135317439 0.142544751 0.141465837 0.095007966 0.102277002 0.094242342 0.085286798 0.075045869 0.049681108 0.042468065 0.000000000 0.052297441 0.051499966 0.051057859 0.062643222 0.069139191 0.064824555 0.068529546 0.070258071 0.059179711 0.060406748 0.061504852 0.059741538 0.057342477 0.055005295 0.104844528 0.106723485 0.117051441 0.125737302 0.111455274 0.147866080 0.123028114 0.118247203 0.145606149 0.117885678 0.121940172 0.125630803 0.125370962 0.118388967 0.101869850 0.120329259 0.110553962 0.112101934 0.109685611 0.135375532 0.122846773 0.123305854 0.128962265 0.121156519 0.238824809 
3     0.135361310 0.134157235 0.141384547 0.140305633 0.093844395 0.101113431 0.092992415 0.084039621 0.073775634 0.059476434 0.052294280 0.052297441 0.000000000 0.011631409 0.012439396 0.057397707 0.063880895 0.059595119 0.062726618 0.064463827 0.054324984 0.055401553 0.057250734 0.055540697 0.052964855 0.050654576 0.103647363 0.105446065 0.115787188 0.124473049 0.110191021 0.146639148 0.121801182 0.117020271 0.144379218 0.116658747 0.120713240 0.124403872 0.124144030 0.117162035 0.100642918 0.119102327 0.109327030 0.110875003 0.108458679 0.134148600 0.121619841 0.122078922 0.127735334 0.119929588 0.237628697 
31     0.134550794 0.133346720 0.140574032 0.139495118 0.093033880 0.100302916 0.092181899 0.083229105 0.072965118 0.058678418 0.051496263 0.051499966 0.011631409 0.000000000 0.012178323 0.056541282 0.063024469 0.058738694 0.061877638 0.063614848 0.053496254 0.054572823 0.056400345 0.054690309 0.052114466 0.049804188 0.102836848 0.104635549 0.114976673 0.123662534 0.109380506 0.145828633 0.120990667 0.116209756 0.143568702 0.115848231 0.119902725 0.123593356 0.123333515 0.116351520 0.099832403 0.118291812 0.108516515 0.110064487 0.107648163 0.133338085 0.120809326 0.121268407 0.126924818 0.119119072 0.236818182 
18     0.134055758 0.132851683 0.140078995 0.139000081 0.092538844 0.099807879 0.091686863 0.082734069 0.072470082 0.058242257 0.051060103 0.051057859 0.012439396 0.012178323 0.000000000 0.056034621 0.062517664 0.058225130 0.061383235 0.063120445 0.052951772 0.054028340 0.055863413 0.054153377 0.051577534 0.049352131 0.102341812 0.104140513 0.114481636 0.123167497 0.108885470 0.145333597 0.120495630 0.115714719 0.143073666 0.115353195 0.119407689 0.123098320 0.122838478 0.115856483 0.099337366 0.117796775 0.108021478 0.109569451 0.107153127 0.132843048 0.120314290 0.120773370 0.126429782 0.118624036 0.236323145 
23     0.145692475 0.144488400 0.151715712 0.150636798 0.104180973 0.111450009 0.103189783 0.094234239 0.083982097 0.069740365 0.062557634 0.062643222 0.057397707 0.056541282 0.056034621 0.000000000 0.031987252 0.033065165 0.059236557 0.060649538 0.057009074 0.058194946 0.067736570 0.066036345 0.063592209 0.061417089 0.113899911 0.115698613 0.126161876 0.134847738 0.120565710 0.156975347 0.132137380 0.127356469 0.154715416 0.126994945 0.131049439 0.134740070 0.134480228 0.127498233 0.110979116 0.129438525 0.119663228 0.121211201 0.118794877 0.144484798 0.131956040 0.132415120 0.138071532 0.130265786 0.247900413 
4     0.152185507 0.150981432 0.158208744 0.157129830 0.110674005 0.117943041 0.109682815 0.100727271 0.090475129 0.076225305 0.069022250 0.069139191 0.063880895 0.063024469 0.062517664 0.031987252 0.000000000 0.039964614 0.065775736 0.067189012 0.063610244 0.064866810 0.074273179 0.072569621 0.070126404 0.067939104 0.120392943 0.122191645 0.132654908 0.141340769 0.127058742 0.163468379 0.138630412 0.133849501 0.161208448 0.133487977 0.137542470 0.141233102 0.140973260 0.133991265 0.117472148 0.135931557 0.126156260 0.127704233 0.125287909 0.150977830 0.138449071 0.138908152 0.144564564 0.136758818 0.254393445 
19     0.147842707 0.146638633 0.153865945 0.152787031 0.106331206 0.113600241 0.105345340 0.096389797 0.086137655 0.071876055 0.064692588 0.064824555 0.059595119 0.058738694 0.058225130 0.033065165 0.039964614 0.000000000 0.061469688 0.063060544 0.059094587 0.060378173 0.069872190 0.068168529 0.065718870 0.063563290 0.116053774 0.117852475 0.128312109 0.136997970 0.122715942 0.159125579 0.134287613 0.129506702 0.156865649 0.129145178 0.133199671 0.136890302 0.136630461 0.129648466 0.113129349 0.131588758 0.121813461 0.123361433 0.120945110 0.146635031 0.134106272 0.134565353 0.140221764 0.132416018 0.250050645 
26     0.151423099 0.150219025 0.157446337 0.156367423 0.109914839 0.117183875 0.108889303 0.099936353 0.089681617 0.075491705 0.068287785 0.068529546 0.062726618 0.061877638 0.061383235 0.059236557 0.065775736 0.061469688 0.000000000 0.028442963 0.062948005 0.064120537 0.073440776 0.071740366 0.069290200 0.067052851 0.119666078 0.121464780 0.131896766 0.140582627 0.126300599 0.162719053 0.137881087 0.133100176 0.160459122 0.132738651 0.136793145 0.140483776 0.140223935 0.133241940 0.116722823 0.135182232 0.125406935 0.126954907 0.124538583 0.150228505 0.137699746 0.138158827 0.143815238 0.136009492 0.253643483 
28     0.153168163 0.151964089 0.159191401 0.158112487 0.111659903 0.118928939 0.110626872 0.101673922 0.091419186 0.077267954 0.070064035 0.070258071 0.064463827 0.063614848 0.063120445 0.060649538 0.067189012 0.063060544 0.028442963 0.000000000 0.064588720 0.065761252 0.075203828 0.073504495 0.071061153 0.068825411 0.121407982 0.123206683 0.133641830 0.142327691 0.128045663 0.164464117 0.139626151 0.134845240 0.162204186 0.134483716 0.138538209 0.142228840 0.141968999 0.134987004 0.118467887 0.136927296 0.127151999 0.128699971 0.126283648 0.151973569 0.139444810 0.139903891 0.145560302 0.137754556 0.255388547 
9     0.142370590 0.141166516 0.148393828 0.147314914 0.100862330 0.108131366 0.099880166 0.090924779 0.080676210 0.066303880 0.059099212 0.059179711 0.054324984 0.053496254 0.052951772 0.057009074 0.063610244 0.059094587 0.062948005 0.064588720 0.000000000 0.019159358 0.064054069 0.062380616 0.059848664 0.057749942 0.110655571 0.112454273 0.122846320 0.131532181 0.117250154 0.153656897 0.128818931 0.124038020 0.151396966 0.123676496 0.127730989 0.131421620 0.131161779 0.124179784 0.107660667 0.126120076 0.116344779 0.117892751 0.115476428 0.141166349 0.128637590 0.129096671 0.134753082 0.126947336 0.244581963 
20     0.143562801 0.142358727 0.149586039 0.148507125 0.102054541 0.109323577 0.101060913 0.092105526 0.081856957 0.067528722 0.060324054 0.060406748 0.055401553 0.054572823 0.054028340 0.058194946 0.064866810 0.060378173 0.064120537 0.065761252 0.019159358 0.000000000 0.065283981 0.063610528 0.061074992 0.058981809 0.111848495 0.113647197 0.124038531 0.132724392 0.118442364 0.154849108 0.130011141 0.125230230 0.152589177 0.124868706 0.128923200 0.132613831 0.132353989 0.125371995 0.108852878 0.127312287 0.117536989 0.119084962 0.116668638 0.142358559 0.129829801 0.130288881 0.135945293 0.128139547 0.245774174 
29     0.144238556 0.143034481 0.150261793 0.149182879 0.102724882 0.109993918 0.101792216 0.092836829 0.082577703 0.068362478 0.061147926 0.061504852 0.057250734 0.056400345 0.055863413 0.067736570 0.074273179 0.069872190 0.073440776 0.075203828 0.064054069 0.065283981 0.000000000 0.021199423 0.028382955 0.040504903 0.112423837 0.114222538 0.124678536 0.133364397 0.119082369 0.155531454 0.130693488 0.125912577 0.153271524 0.125551053 0.129605546 0.133296177 0.133036336 0.126054341 0.109535224 0.127994633 0.118219336 0.119767309 0.117350985 0.143040906 0.130512147 0.130971228 0.136627640 0.128821893 0.246501387 
17     0.142523727 0.141319652 0.148546964 0.147468050 0.101010053 0.108279089 0.100079438 0.091124050 0.080864925 0.066601652 0.059383691 0.059741538 0.055540697 0.054690309 0.054153377 0.066036345 0.072569621 0.068168529 0.071740366 0.073504495 0.062380616 0.063610528 0.021199423 0.000000000 0.026329034 0.038683049 0.110709222 0.112507924 0.122963707 0.131649568 0.117367540 0.153816626 0.128978659 0.124197748 0.151556695 0.123836224 0.127890717 0.131581349 0.131321507 0.124339512 0.107820395 0.126279804 0.116504507 0.118052480 0.115636156 0.141326077 0.128797318 0.129256399 0.134912811 0.127107065 0.244786558 
24     0.140032695 0.138828620 0.146055932 0.144977018 0.098519021 0.105788057 0.097561330 0.088605942 0.078346817 0.064192223 0.056977670 0.057342477 0.052964855 0.052114466 0.051577534 0.063592209 0.070126404 0.065718870 0.069290200 0.071061153 0.059848664 0.061074992 0.028382955 0.026329034 0.000000000 0.036090628 0.108199151 0.109997852 0.120488942 0.129174803 0.114892775 0.151341860 0.126503894 0.121722983 0.149081929 0.121361459 0.125415952 0.129106583 0.128846742 0.121864747 0.105345630 0.123805039 0.114029742 0.115577714 0.113161391 0.138851312 0.126322553 0.126781634 0.132438045 0.124632299 0.242311793 
11     0.137911315 0.136707240 0.143934552 0.142855638 0.096397642 0.103666677 0.095520829 0.086565442 0.076306316 0.061906036 0.054688076 0.055005295 0.050654576 0.049804188 0.049352131 0.061417089 0.067939104 0.063563290 0.067052851 0.068825411 0.057749942 0.058981809 0.040504903 0.038683049 0.036090628 0.000000000 0.105949924 0.107748626 0.118368130 0.127053991 0.112771963 0.149096969 0.124259002 0.119478091 0.146837038 0.119116567 0.123171060 0.126861692 0.126601850 0.119619855 0.103100738 0.121560147 0.111784850 0.113332823 0.110916499 0.136606420 0.124077661 0.124536742 0.130193154 0.122387408 0.240102353 
15     0.165037382 0.163833307 0.171060619 0.169981705 0.123564407 0.130825405 0.126786161 0.117915107 0.107692986 0.112059029 0.104825553 0.104844528 0.103647363 0.102836848 0.102341812 0.113899911 0.120392943 0.116053774 0.119666078 0.121407982 0.110655571 0.111848495 0.112423837 0.110709222 0.108199151 0.105949924 0.000000000 0.063893943 0.145509960 0.154195821 0.139913793 0.176688091 0.151850566 0.146844579 0.174427003 0.146706532 0.150761025 0.154451656 0.154191815 0.147209820 0.130735173 0.148969506 0.139419285 0.140967258 0.138552123 0.164241518 0.151669258 0.152128339 0.157784750 0.149979004 0.267197393 
2     0.166893376 0.165689301 0.172916613 0.171837699 0.125420400 0.132681399 0.128620971 0.119749918 0.109440477 0.113937985 0.106704510 0.106723485 0.105446065 0.104635549 0.104140513 0.115698613 0.122191645 0.117852475 0.121464780 0.123206683 0.112454273 0.113647197 0.114222538 0.112507924 0.109997852 0.107748626 0.063893943 0.000000000 0.147365580 0.156051441 0.141769413 0.178564200 0.153725264 0.148719276 0.176301700 0.148581229 0.152635723 0.156326354 0.156066512 0.149084517 0.132611283 0.150845615 0.141295394 0.142843367 0.140426820 0.166116216 0.153543956 0.154003036 0.159659448 0.151853702 0.269081981 
25     0.162641265 0.161437190 0.168672023 0.167593109 0.121408939 0.128675710 0.138698663 0.129827499 0.119608369 0.124333105 0.117099629 0.117051441 0.115787188 0.114976673 0.114481636 0.126161876 0.132654908 0.128312109 0.131896766 0.133641830 0.122846320 0.124038531 0.124678536 0.122963707 0.120488942 0.118368130 0.145509960 0.147365580 0.000000000 0.035301195 0.032610202 0.167927954 0.143042430 0.138036443 0.165637939 0.137917468 0.141971962 0.145662593 0.145402751 0.138420756 0.121932859 0.140167192 0.130616971 0.132164944 0.129763497 0.155442556 0.142870296 0.143329377 0.148985789 0.141180043 0.258429600 
27     0.171327179 0.170123104 0.177357937 0.176279023 0.130094800 0.137361571 0.147384524 0.138513360 0.128294230 0.133018966 0.125785490 0.125737302 0.124473049 0.123662534 0.123167497 0.134847738 0.141340769 0.136997970 0.140582627 0.142327691 0.131532181 0.132724392 0.133364397 0.131649568 0.129174803 0.127053991 0.154195821 0.156051441 0.035301195 0.000000000 0.041514663 0.176610548 0.151725024 0.146719037 0.174320533 0.146600062 0.150654555 0.154345187 0.154085345 0.147103350 0.130615453 0.148849786 0.139299565 0.140847538 0.138446091 0.164125150 0.151552890 0.152011971 0.157668383 0.149862636 0.267112366 
7     0.157046913 0.155842839 0.163077672 0.161998758 0.115814534 0.123081305 0.133102496 0.124231332 0.114012202 0.118736938 0.111503463 0.111455274 0.110191021 0.109380506 0.108885470 0.120565710 0.127058742 0.122715942 0.126300599 0.128045663 0.117250154 0.118442364 0.119082369 0.117367540 0.114892775 0.112771963 0.139913793 0.141769413 0.032610202 0.041514663 0.000000000 0.162370736 0.137485213 0.132479226 0.160080722 0.132360251 0.136414744 0.140105375 0.139845534 0.132863539 0.116375642 0.134609975 0.125059753 0.126607726 0.124206280 0.149885339 0.137313079 0.137772159 0.143428571 0.135622825 0.252855928 
49     0.193447020 0.192242945 0.199473155 0.198394241 0.151987178 0.159250953 0.169336918 0.160465375 0.150404753 0.155139175 0.147905699 0.147866080 0.146639148 0.145828633 0.145333597 0.156975347 0.163468379 0.159125579 0.162719053 0.164464117 0.153656897 0.154849108 0.155531454 0.153816626 0.151341860 0.149096969 0.176688091 0.178564200 0.167927954 0.176610548 0.162370736 0.000000000 0.134744779 0.130057446 0.157700461 0.129972012 0.133984511 0.137709068 0.137489487 0.130448143 0.113940332 0.132391305 0.122576993 0.124124966 0.121825843 0.147693769 0.135130746 0.135587985 0.141246238 0.133439914 0.280622862 
42     0.168628909 0.167424835 0.174655045 0.173576131 0.127169068 0.134432843 0.144496746 0.135625952 0.125565330 0.130301208 0.123067733 0.123028114 0.121801182 0.120990667 0.120495630 0.132137380 0.138630412 0.134287613 0.137881087 0.139626151 0.128818931 0.130011141 0.130693488 0.128978659 0.126503894 0.124259002 0.151850566 0.153725264 0.143042430 0.151725024 0.137485213 0.134744779 0.000000000 0.062699724 0.117822550 0.090058790 0.094148303 0.097876442 0.097528625 0.090602326 0.075928193 0.094383765 0.084652497 0.086209061 0.083402431 0.109224686 0.096639903 0.097090476 0.102757316 0.094946847 0.256015340 
44     0.163622922 0.162418848 0.169649058 0.168570144 0.122163081 0.129426856 0.139715835 0.130845041 0.120784419 0.125520297 0.118286822 0.118247203 0.117020271 0.116209756 0.115714719 0.127356469 0.133849501 0.129506702 0.133100176 0.134845240 0.124038020 0.125230230 0.125912577 0.124197748 0.121722983 0.119478091 0.146844579 0.148719276 0.138036443 0.146719037 0.132479226 0.130057446 0.062699724 0.000000000 0.112899094 0.085162715 0.089253369 0.092970092 0.092629607 0.085691975 0.071177136 0.089332359 0.079867737 0.081424301 0.078680196 0.104426062 0.091841278 0.092291851 0.097958691 0.090148222 0.251115191 
34     0.191183637 0.189979562 0.197209772 0.196130858 0.149723795 0.156987570 0.167202378 0.158331585 0.148145641 0.152879244 0.145645768 0.145606149 0.144379218 0.143568702 0.143073666 0.154715416 0.161208448 0.156865649 0.160459122 0.162204186 0.151396966 0.152589177 0.153271524 0.151556695 0.149081929 0.146837038 0.174427003 0.176301700 0.165637939 0.174320533 0.160080722 0.157700461 0.117822550 0.112899094 0.000000000 0.075177540 0.079422070 0.082853567 0.083406328 0.076392598 0.098336622 0.116971171 0.106784596 0.108351426 0.106446895 0.131822414 0.119214249 0.119667988 0.125329741 0.117525012 0.278572972 
48     0.163463166 0.162259091 0.169489301 0.168410387 0.122003324 0.129267099 0.139481907 0.130611114 0.120425170 0.125158773 0.117925298 0.117885678 0.116658747 0.115848231 0.115353195 0.126994945 0.133487977 0.129145178 0.132738651 0.134483716 0.123676496 0.124868706 0.125551053 0.123836224 0.121361459 0.119116567 0.146706532 0.148581229 0.137917468 0.146600062 0.132360251 0.129972012 0.090058790 0.085162715 0.075177540 0.000000000 0.038219518 0.041387835 0.050039153 0.044170766 0.070690888 0.089326399 0.079138862 0.080705692 0.078674402 0.104131682 0.091524425 0.091978165 0.097639918 0.089835188 0.250849152 
47     0.167517659 0.166313584 0.173543794 0.172464880 0.126057818 0.133321593 0.143536401 0.134665607 0.124479664 0.129213266 0.121979791 0.121940172 0.120713240 0.119902725 0.119407689 0.131049439 0.137542470 0.133199671 0.136793145 0.138538209 0.127730989 0.128923200 0.129605546 0.127890717 0.125415952 0.123171060 0.150761025 0.152635723 0.141971962 0.150654555 0.136414744 0.133984511 0.094148303 0.089253369 0.079422070 0.038219518 0.000000000 0.043685096 0.053853202 0.047723894 0.074705881 0.093342425 0.083154888 0.084721718 0.082733041 0.108155645 0.095548388 0.096002128 0.101663881 0.093859151 0.254906995 
40     0.171208290 0.170004216 0.177234426 0.176155512 0.129748449 0.137012224 0.147227032 0.138356238 0.128170295 0.132903898 0.125670422 0.125630803 0.124403872 0.123593356 0.123098320 0.134740070 0.141233102 0.136890302 0.140483776 0.142228840 0.131421620 0.132613831 0.133296177 0.131581349 0.129106583 0.126861692 0.154451656 0.156326354 0.145662593 0.154345187 0.140105375 0.137709068 0.097876442 0.092970092 0.082853567 0.041387835 0.043685096 0.000000000 0.057349818 0.051427935 0.078448302 0.097084316 0.086897309 0.088464139 0.086469203 0.111885142 0.099277885 0.099731624 0.105393377 0.097588648 0.258597626 
50     0.170948449 0.169744374 0.176974584 0.175895670 0.129488608 0.136752382 0.146967191 0.138096397 0.127910453 0.132644056 0.125410581 0.125370962 0.124144030 0.123333515 0.122838478 0.134480228 0.140973260 0.136630461 0.140223935 0.141968999 0.131161779 0.132353989 0.133036336 0.131321507 0.128846742 0.126601850 0.154191815 0.156066512 0.145402751 0.154085345 0.139845534 0.137489487 0.097528625 0.092629607 0.083406328 0.050039153 0.053853202 0.057349818 0.000000000 0.051027175 0.078115347 0.096751361 0.086588613 0.088155443 0.086165566 0.111588943 0.098981686 0.099435425 0.105097178 0.097292449 0.258337785 
32     0.163966454 0.162762379 0.169992589 0.168913675 0.122506613 0.129770388 0.139985196 0.131114402 0.120928458 0.125662061 0.118428586 0.118388967 0.117162035 0.116351520 0.115856483 0.127498233 0.133991265 0.129648466 0.133241940 0.134987004 0.124179784 0.125371995 0.126054341 0.124339512 0.121864747 0.119619855 0.147209820 0.149084517 0.138420756 0.147103350 0.132863539 0.130448143 0.090602326 0.085691975 0.076392598 0.044170766 0.047723894 0.051427935 0.051027175 0.000000000 0.071110489 0.089749396 0.079562968 0.081129798 0.079207129 0.104657140 0.092048975 0.092502714 0.098164467 0.090359738 0.251355790 
38     0.147515333 0.146311258 0.153541468 0.152462554 0.106055492 0.113319266 0.123384258 0.114469963 0.104452843 0.109142944 0.101909469 0.101869850 0.100642918 0.099832403 0.099337366 0.110979116 0.117472148 0.113129349 0.116722823 0.118467887 0.107660667 0.108852878 0.109535224 0.107820395 0.105345630 0.103100738 0.130735173 0.132611283 0.121932859 0.130615453 0.116375642 0.113940332 0.075928193 0.071177136 0.098336622 0.070690888 0.074705881 0.078448302 0.078115347 0.071110489 0.000000000 0.047686771 0.041256008 0.042700694 0.056841959 0.082742596 0.070188678 0.070656626 0.076327921 0.068579298 0.234882613 
41     0.165749666 0.164545591 0.171775801 0.170696887 0.124289824 0.131553599 0.141843667 0.132929372 0.122912252 0.127602353 0.120368878 0.120329259 0.119102327 0.118291812 0.117796775 0.129438525 0.135931557 0.131588758 0.135182232 0.136927296 0.126120076 0.127312287 0.127994633 0.126279804 0.123805039 0.121560147 0.148969506 0.150845615 0.140167192 0.148849786 0.134609975 0.132391305 0.094383765 0.089332359 0.116971171 0.089326399 0.093342425 0.097084316 0.096751361 0.089749396 0.047686771 0.000000000 0.059906312 0.061404588 0.075429556 0.100956097 0.088456285 0.088924130 0.094543342 0.086793833 0.253234530 
33     0.156199445 0.154995370 0.162225580 0.161146666 0.114739603 0.122003378 0.132068370 0.123154075 0.113136954 0.117827056 0.110593581 0.110553962 0.109327030 0.108516515 0.108021478 0.119663228 0.126156260 0.121813461 0.125406935 0.127151999 0.116344779 0.117536989 0.118219336 0.116504507 0.114029742 0.111784850 0.139419285 0.141295394 0.130616971 0.139299565 0.125059753 0.122576993 0.084652497 0.079867737 0.106784596 0.079138862 0.083154888 0.086897309 0.086588613 0.079562968 0.041256008 0.059906312 0.000000000 0.014651674 0.065639827 0.091281687 0.078729794 0.079197638 0.084869462 0.077118711 0.243572359 
43     0.157747417 0.156543343 0.163773553 0.162694639 0.116287576 0.123551351 0.133616343 0.124702048 0.114684927 0.119375029 0.112141553 0.112101934 0.110875003 0.110064487 0.109569451 0.121211201 0.127704233 0.123361433 0.126954907 0.128699971 0.117892751 0.119084962 0.119767309 0.118052480 0.115577714 0.113332823 0.140967258 0.142843367 0.132164944 0.140847538 0.126607726 0.124124966 0.086209061 0.081424301 0.108351426 0.080705692 0.084721718 0.088464139 0.088155443 0.081129798 0.042700694 0.061404588 0.014651674 0.000000000 0.067195985 0.092857894 0.080306001 0.080773846 0.086445669 0.078694918 0.245120332 
36     0.155330871 0.154126796 0.161357006 0.160278092 0.113871029 0.121134804 0.131325341 0.122410297 0.112267855 0.116958705 0.109725230 0.109685611 0.108458679 0.107648163 0.107153127 0.118794877 0.125287909 0.120945110 0.124538583 0.126283648 0.115476428 0.116668638 0.117350985 0.115636156 0.113161391 0.110916499 0.138552123 0.140426820 0.129763497 0.138446091 0.124206280 0.121825843 0.083402431 0.078680196 0.106446895 0.078674402 0.082733041 0.086469203 0.086165566 0.079207129 0.056841959 0.075429556 0.065639827 0.067195985 0.000000000 0.085360486 0.072794397 0.073293241 0.078948348 0.071135463 0.242786240 
45     0.181020266 0.179816191 0.187046401 0.185967487 0.139560425 0.146824200 0.157015262 0.148100218 0.137957776 0.142648626 0.135415151 0.135375532 0.134148600 0.133338085 0.132843048 0.144484798 0.150977830 0.146635031 0.150228505 0.151973569 0.141166349 0.142358559 0.143040906 0.141326077 0.138851312 0.136606420 0.164241518 0.166116216 0.155442556 0.164125150 0.149885339 0.147693769 0.109224686 0.104426062 0.131822414 0.104131682 0.108155645 0.111885142 0.111588943 0.104657140 0.082742596 0.100956097 0.091281687 0.092857894 0.085360486 0.000000000 0.050022721 0.050067829 0.055908559 0.047971548 0.268447448 
37     0.168448006 0.167243931 0.174474141 0.173395227 0.126988165 0.134251940 0.144443002 0.135571459 0.125385516 0.130119867 0.122886392 0.122846773 0.121619841 0.120809326 0.120314290 0.131956040 0.138449071 0.134106272 0.137699746 0.139444810 0.128637590 0.129829801 0.130512147 0.128797318 0.126322553 0.124077661 0.151669258 0.153543956 0.142870296 0.151552890 0.137313079 0.135130746 0.096639903 0.091841278 0.119214249 0.091524425 0.095548388 0.099277885 0.098981686 0.092048975 0.070188678 0.088456285 0.078729794 0.080306001 0.072794397 0.050022721 0.000000000 0.013161513 0.032724217 0.027221439 0.255892357 
39     0.168907087 0.167703012 0.174933222 0.173854308 0.127447245 0.134711020 0.144902082 0.136030540 0.125844596 0.130578948 0.123345473 0.123305854 0.122078922 0.121268407 0.120773370 0.132415120 0.138908152 0.134565353 0.138158827 0.139903891 0.129096671 0.130288881 0.130971228 0.129256399 0.126781634 0.124536742 0.152128339 0.154003036 0.143329377 0.152011971 0.137772159 0.135587985 0.097090476 0.092291851 0.119667988 0.091978165 0.096002128 0.099731624 0.099435425 0.092502714 0.070656626 0.088924130 0.079197638 0.080773846 0.073293241 0.050067829 0.013161513 0.000000000 0.033312809 0.027508033 0.256351438 
46     0.174563498 0.173359424 0.180589634 0.179510720 0.133103657 0.140367432 0.150558494 0.141686952 0.131501008 0.136235360 0.129001884 0.128962265 0.127735334 0.126924818 0.126429782 0.138071532 0.144564564 0.140221764 0.143815238 0.145560302 0.134753082 0.135945293 0.136627640 0.134912811 0.132438045 0.130193154 0.157784750 0.159659448 0.148985789 0.157668383 0.143428571 0.141246238 0.102757316 0.097958691 0.125329741 0.097639918 0.101663881 0.105393377 0.105097178 0.098164467 0.076327921 0.094543342 0.084869462 0.086445669 0.078948348 0.055908559 0.032724217 0.033312809 0.000000000 0.032399330 0.262007849 
35     0.166757752 0.165553678 0.172783888 0.171704974 0.125297911 0.132561686 0.142752748 0.133881205 0.123695262 0.128429614 0.121196138 0.121156519 0.119929588 0.119119072 0.118624036 0.130265786 0.136758818 0.132416018 0.136009492 0.137754556 0.126947336 0.128139547 0.128821893 0.127107065 0.124632299 0.122387408 0.149979004 0.151853702 0.141180043 0.149862636 0.135622825 0.133439914 0.094946847 0.090148222 0.117525012 0.089835188 0.093859151 0.097588648 0.097292449 0.090359738 0.068579298 0.086793833 0.077118711 0.078694918 0.071135463 0.047971548 0.027221439 0.027508033 0.032399330 0.000000000 0.254202103 
0     0.284547067 0.283342992 0.290573202 0.289494288 0.243179540 0.250445164 0.260252408 0.251363537 0.241227898 0.246096003 0.238862528 0.238824809 0.237628697 0.236818182 0.236323145 0.247900413 0.254393445 0.250050645 0.253643483 0.255388547 0.244581963 0.245774174 0.246501387 0.244786558 0.242311793 0.240102353 0.267197393 0.269081981 0.258429600 0.267112366 0.252855928 0.280622862 0.256015340 0.251115191 0.278572972 0.250849152 0.254906995 0.258597626 0.258337785 0.251355790 0.234882613 0.253234530 0.243572359 0.245120332 0.242786240 0.268447448 0.255892357 0.256351438 0.262007849 0.254202103 0.000000000 
