51
14     0.000000000 0.000030320 0.000005750 0.000005480 0.002509100 0.003569650 0.004107110 0.003736130 0.003915400 0.003682310 0.003985280 0.003537910 0.003009650 0.003097930 0.003055420 0.003290350 0.003907680 0.004296950 0.003433010 0.003247510 0.003298740 0.003365590 0.002900990 0.002911530 0.002791000 0.002860930 0.002419630 0.003846230 0.004199840 0.004680820 0.003516120 0.004504200 0.005601080 0.005363480 0.004628460 0.004762010 0.004804860 0.005520890 0.004898800 0.004897650 0.004725230 0.004829750 0.004877960 0.005209960 0.005095290 0.005220020 0.006035120 0.006031030 0.005506470 0.005779680 0.005317320 
6     0.000030320 0.000000000 0.001982520 0.002047280 0.001952620 0.003012580 0.005169960 0.004798980 0.004649960 0.004745160 0.005048130 0.004299500 0.004072500 0.004160780 0.004118270 0.004353200 0.004970530 0.005359800 0.004495860 0.004310360 0.004361590 0.004428440 0.003963840 0.003974380 0.003853850 0.003923780 0.003482480 0.004176080 0.004529690 0.005425210 0.004023750 0.005567050 0.006610170 0.004596640 0.005263750 0.005824860 0.005852180 0.006292730 0.005926780 0.005960500 0.005544240 0.005892600 0.003904260 0.003091720 0.005425140 0.005995200 0.005168340 0.005342250 0.004791690 0.006142650 0.003199080 
12     0.000005750 0.001982520 0.000000000 0.000000270 0.002132840 0.003113400 0.003357420 0.004630140 0.004768920 0.005439910 0.003473710 0.003558140 0.004171600 0.004348570 0.004601200 0.003460070 0.003963470 0.005618950 0.003991980 0.004362320 0.004728110 0.004575660 0.003734410 0.004479320 0.004334820 0.002857020 0.004154720 0.000449310 0.004648650 0.005544170 0.004142710 0.006261800 0.006729130 0.004776860 0.005443970 0.004575270 0.005287540 0.006411690 0.005465470 0.005027270 0.005663200 0.006521590 0.004084480 0.003271940 0.005544100 0.004661750 0.005348560 0.005522470 0.004737270 0.005010480 0.003379300 
1     0.000005480 0.002047280 0.000000270 0.000000000 0.000616430 0.002455280 0.003118060 0.004390780 0.004596900 0.005899170 0.003234350 0.003318780 0.003932240 0.004109210 0.004418890 0.003220710 0.003305350 0.005379590 0.003333860 0.003704200 0.004556090 0.004292140 0.003495050 0.004239960 0.004095460 0.002617660 0.003982700 0.003555710 0.004476630 0.005372150 0.003970690 0.006721060 0.006557110 0.003260450 0.003927560 0.003917150 0.004515990 0.005064530 0.004590590 0.004369150 0.005491180 0.006349570 0.002568070 0.001755530 0.005338280 0.004003630 0.003832150 0.004006060 0.003455500 0.004352360 0.001862890 
16     0.002509100 0.001952620 0.002132840 0.000616430 0.000000000 0.000062510 0.002683560 0.001363020 0.003539160 0.004547010 0.004102260 0.003188700 0.001957750 0.002015360 0.001845800 0.003402450 0.003322390 0.004816000 0.003350900 0.003721240 0.002195590 0.003345900 0.003765690 0.003776230 0.003655700 0.003606020 0.001138470 0.001135830 0.003093690 0.000801540 0.002912950 0.002097330 0.003013780 0.002737860 0.002646810 0.003101460 0.003702320 0.002966400 0.004068000 0.003105020 0.002764740 0.004013140 0.002045480 0.001232940 0.004314340 0.003726460 0.003309560 0.003483470 0.002932910 0.004078040 0.001340300 
13     0.003569650 0.003012580 0.003113400 0.002455280 0.000062510 0.000000000 0.002940250 0.003803890 0.003452600 0.003905600 0.003056540 0.003102140 0.003232940 0.003321220 0.003278710 0.002463530 0.002383470 0.004002620 0.002411980 0.002782320 0.003411790 0.003259340 0.003124280 0.003134820 0.003014290 0.002439850 0.002642920 0.002978720 0.003332330 0.003911240 0.002826390 0.002283660 0.005412810 0.004571540 0.004566870 0.002995270 0.003707540 0.005095370 0.003885470 0.003447270 0.004346880 0.004199470 0.004748950 0.004533780 0.004227780 0.003081750 0.004444260 0.004626980 0.003157270 0.003430480 0.004641140 
10     0.004107110 0.005169960 0.003357420 0.003118060 0.002683560 0.002940250 0.000000000 0.000160410 0.000480480 0.003129000 0.002559050 0.002643480 0.002744840 0.002833120 0.002687100 0.002403600 0.002323540 0.003126470 0.002352050 0.002722390 0.003033930 0.003100780 0.002636180 0.002646720 0.002526190 0.001942360 0.002154820 0.002954880 0.003216770 0.004007200 0.002489410 0.004060150 0.005108720 0.004455980 0.004184410 0.002937460 0.003649730 0.004979810 0.003827660 0.003389460 0.004231320 0.004385700 0.004433910 0.004819700 0.004112220 0.003023940 0.004386450 0.004569170 0.003099460 0.003372670 0.007825320 
22     0.003736130 0.004798980 0.004630140 0.004390780 0.001363020 0.003803890 0.000160410 0.000000000 0.000058080 0.003046520 0.003349490 0.002902120 0.001478510 0.001536120 0.001366560 0.002286890 0.002206830 0.003661160 0.002235340 0.002605680 0.001716350 0.002729800 0.002265200 0.002275740 0.002155210 0.002225140 0.000162680 0.000285940 0.002896660 0.003636220 0.002118430 0.003689170 0.003788180 0.003661380 0.003813430 0.002820750 0.003533020 0.004659700 0.003710950 0.003272750 0.003539140 0.004014720 0.004062930 0.004499590 0.003792110 0.002907230 0.004269740 0.004452460 0.002982750 0.003255960 0.006718150 
5     0.003915400 0.004649960 0.004768920 0.004596900 0.003539160 0.003452600 0.000480480 0.000058080 0.000000000 0.002792650 0.002786530 0.002381320 0.002553130 0.002641410 0.002598900 0.002820750 0.002740690 0.002790120 0.002769200 0.002790990 0.002476040 0.002426840 0.002444470 0.002455010 0.002334480 0.002399170 0.001963110 0.002408360 0.002545370 0.003440890 0.002039430 0.003868440 0.004625850 0.003784580 0.003992700 0.003354610 0.004066880 0.004308410 0.004244810 0.003806610 0.003559920 0.004193990 0.003961990 0.004148300 0.003440820 0.003441090 0.004380650 0.004376560 0.003516610 0.003789820 0.007153920 
21     0.003682310 0.004745160 0.005439910 0.005899170 0.004547010 0.003905600 0.003129000 0.003046520 0.002792650 0.000000000 0.000015340 0.000075800 0.001726220 0.001814500 0.001771990 0.002019060 0.002636390 0.002301090 0.002161720 0.001976220 0.002027450 0.002094300 0.001629700 0.001640240 0.001519710 0.001589640 0.001681160 0.003781840 0.003923670 0.004344300 0.002826510 0.003814590 0.004911470 0.004673870 0.003938850 0.004072400 0.004115250 0.004831280 0.004209190 0.004208040 0.004035620 0.004140140 0.004188350 0.004784000 0.005204910 0.004530410 0.005795460 0.005790180 0.006084290 0.005909460 0.007835080 
8     0.003985280 0.005048130 0.003473710 0.003234350 0.004102260 0.003056540 0.002559050 0.003349490 0.002786530 0.000015340 0.000000000 0.000100150 0.002029190 0.002050850 0.001981240 0.002322030 0.002939360 0.000852860 0.002464690 0.002279190 0.002072630 0.001955700 0.001932670 0.001943210 0.001822680 0.001316590 0.001984130 0.002914940 0.003384050 0.004279570 0.002878110 0.004117560 0.005214440 0.004623260 0.004241820 0.004375370 0.004418220 0.005134250 0.004512160 0.004511010 0.004338590 0.004443110 0.004491320 0.004986980 0.004279500 0.004833380 0.005219330 0.005215240 0.005578000 0.004997010 0.005838200 
30     0.003537910 0.004299500 0.003558140 0.003318780 0.003188700 0.003102140 0.002643480 0.002902120 0.002381320 0.000075800 0.000100150 0.000000000 0.001173270 0.001137290 0.001067680 0.001874660 0.002286230 0.000055300 0.001612990 0.001831820 0.001194590 0.001042140 0.001485300 0.001495840 0.001375310 0.000519030 0.001536760 0.002001380 0.002470490 0.003366010 0.001964550 0.003670190 0.004550970 0.003709700 0.003794450 0.003928000 0.003970850 0.004233530 0.004064790 0.004063640 0.003485040 0.003995740 0.003887110 0.004073420 0.003365940 0.004214640 0.004305770 0.004301680 0.004290160 0.004083450 0.005388540 
3     0.003009650 0.004072500 0.004171600 0.003932240 0.001957750 0.003232940 0.002744840 0.001478510 0.002553130 0.001726220 0.002029190 0.001173270 0.000000000 0.000003700 0.000048790 0.001346400 0.001963730 0.001436090 0.001484180 0.001303560 0.001312300 0.001159850 0.000957040 0.000967580 0.000847050 0.000916980 0.001008500 0.002289710 0.002758820 0.003654340 0.002153850 0.003141930 0.004238810 0.003998030 0.003266190 0.003399740 0.003442590 0.004158620 0.003536530 0.003535380 0.003362960 0.003467480 0.003515690 0.004111340 0.003654270 0.003857750 0.004594100 0.004590010 0.004952770 0.004371780 0.007367370 
31     0.003097930 0.004160780 0.004348570 0.004109210 0.002015360 0.003321220 0.002833120 0.001536120 0.002641410 0.001814500 0.002050850 0.001137290 0.000003700 0.000000000 0.000028640 0.001434680 0.002052010 0.001930450 0.001577340 0.001391840 0.001276320 0.001123870 0.001045320 0.001055860 0.000935330 0.001005260 0.001096780 0.002253730 0.002722840 0.003618360 0.002216900 0.003230210 0.004327090 0.003962050 0.003354470 0.003488020 0.003530870 0.004246900 0.003624810 0.003623660 0.003451240 0.003555760 0.003603970 0.004199620 0.003618290 0.003946030 0.004558120 0.004554030 0.004916790 0.004335800 0.007331390 
18     0.003055420 0.004118270 0.004601200 0.004418890 0.001845800 0.003278710 0.002687100 0.001366560 0.002598900 0.001771990 0.001981240 0.001067680 0.000048790 0.000028640 0.000000000 0.001392170 0.002009500 0.001211860 0.001534830 0.001349330 0.001206710 0.001054260 0.001002810 0.001013350 0.000892820 0.000962750 0.001054270 0.002184120 0.002653230 0.003548750 0.002147290 0.003187700 0.004270960 0.003892440 0.003311960 0.003445510 0.003488360 0.004204390 0.003582300 0.003581150 0.003408730 0.003513250 0.003561460 0.004157110 0.003548680 0.003903520 0.004488510 0.004484420 0.004847180 0.004266190 0.007261780 
23     0.003290350 0.004353200 0.003460070 0.003220710 0.003402450 0.002463530 0.002403600 0.002286890 0.002820750 0.002019060 0.002322030 0.001874660 0.001346400 0.001434680 0.001392170 0.000000000 0.000054850 0.000102740 0.000677150 0.001015110 0.001397890 0.001464740 0.001083560 0.001094100 0.000973570 0.001043500 0.001289200 0.003136390 0.003531710 0.003952340 0.002434550 0.003422630 0.004519510 0.004281910 0.003047460 0.001475860 0.002188130 0.003656650 0.002366060 0.001927860 0.003643660 0.003748180 0.003796390 0.004392040 0.004500950 0.001562340 0.002924850 0.003107570 0.001637860 0.001911070 0.008149460 
4     0.003907680 0.004970530 0.003963470 0.003305350 0.003322390 0.002383470 0.002323540 0.002206830 0.002740690 0.002636390 0.002939360 0.002286230 0.001963730 0.002052010 0.002009500 0.000054850 0.000000000 0.000452000 0.000597090 0.000967430 0.002015220 0.001574010 0.001700890 0.001711430 0.001590900 0.001137780 0.001906530 0.003402670 0.003871780 0.004417440 0.003051880 0.004039960 0.005136840 0.004899240 0.002967400 0.001395800 0.002108070 0.003576590 0.002286000 0.001847800 0.004260990 0.004365510 0.004413720 0.005009370 0.004466140 0.001482280 0.002844790 0.003027510 0.001557800 0.001831010 0.008480330 
19     0.004296950 0.005359800 0.005618950 0.005379590 0.004816000 0.004002620 0.003126470 0.003661160 0.002790120 0.002301090 0.000852860 0.000055300 0.001436090 0.001930450 0.001211860 0.000102740 0.000452000 0.000000000 0.000367100 0.000990130 0.001412200 0.001336760 0.002090160 0.002100700 0.001980170 0.000540390 0.002295800 0.003628680 0.004097790 0.004397490 0.003441150 0.004429230 0.005526110 0.005288510 0.004553490 0.004687040 0.004729890 0.005445920 0.004823830 0.004822680 0.004650260 0.004754780 0.004802990 0.005398640 0.004993240 0.005145050 0.005933070 0.005928980 0.006291740 0.005710750 0.008706340 
26     0.003433010 0.004495860 0.003991980 0.003333860 0.003350900 0.002411980 0.002352050 0.002235340 0.002769200 0.002161720 0.002464690 0.001612990 0.001484180 0.001577340 0.001534830 0.000677150 0.000597090 0.000367100 0.000000000 0.000084020 0.001129310 0.001196160 0.001226220 0.001236760 0.001116230 0.000757640 0.001431860 0.001874150 0.003198540 0.004094060 0.002577210 0.003565290 0.004662170 0.004424570 0.002995910 0.001424310 0.002136580 0.003605100 0.002314510 0.001876310 0.003786320 0.003890840 0.003939050 0.004534700 0.004093990 0.001510790 0.002873300 0.003056020 0.001586310 0.001859520 0.007807090 
28     0.003247510 0.004310360 0.004362320 0.003704200 0.003721240 0.002782320 0.002722390 0.002605680 0.002790990 0.001976220 0.002279190 0.001831820 0.001303560 0.001391840 0.001349330 0.001015110 0.000967430 0.000990130 0.000084020 0.000000000 0.000943810 0.000014130 0.001040720 0.001051260 0.000930730 0.001000660 0.001246360 0.003437220 0.003488870 0.003909500 0.002391710 0.003379790 0.004476670 0.004239070 0.003366250 0.001794650 0.002506920 0.003975440 0.002684850 0.002246650 0.003600820 0.003705340 0.003753550 0.004349200 0.004801780 0.001881130 0.003243640 0.003426360 0.001956650 0.002229860 0.008106620 
9     0.003298740 0.004361590 0.004728110 0.004556090 0.002195590 0.003411790 0.003033930 0.001716350 0.002476040 0.002027450 0.002072630 0.001194590 0.001312300 0.001276320 0.001206710 0.001397890 0.002015220 0.001412200 0.001129310 0.000943810 0.000000000 0.000007270 0.001091950 0.001102490 0.000981960 0.001051890 0.001297590 0.002311030 0.002780140 0.003675660 0.002274200 0.003431020 0.004527900 0.004019350 0.003555280 0.003601140 0.003731680 0.004447710 0.003825620 0.003824470 0.003652050 0.003756570 0.003804780 0.004383070 0.003675590 0.003687620 0.004615420 0.004611330 0.003763140 0.004036350 0.007388690 
20     0.003365590 0.004428440 0.004575660 0.004292140 0.003345900 0.003259340 0.003100780 0.002729800 0.002426840 0.002094300 0.001955700 0.001042140 0.001159850 0.001123870 0.001054260 0.001464740 0.001574010 0.001336760 0.001196160 0.000014130 0.000007270 0.000000000 0.001158800 0.001169340 0.001048810 0.001118740 0.001364440 0.002158580 0.002627690 0.003523210 0.002121750 0.003497870 0.004594750 0.003866900 0.003622130 0.002382590 0.003094860 0.004390730 0.003272790 0.002834590 0.003642240 0.003823420 0.003871630 0.004230620 0.003523140 0.002469070 0.003831580 0.004014300 0.002544590 0.002817800 0.007236240 
29     0.002900990 0.003963840 0.003734410 0.003495050 0.003765690 0.003124280 0.002636180 0.002265200 0.002444470 0.001629700 0.001932670 0.001485300 0.000957040 0.001045320 0.001002810 0.001083560 0.001700890 0.002090160 0.001226220 0.001040720 0.001091950 0.001158800 0.000000000 0.000030900 0.000374010 0.000613920 0.000899840 0.003219290 0.003142350 0.003562980 0.002045190 0.003033270 0.004130150 0.003892550 0.003157530 0.003291080 0.003333930 0.004049960 0.003427870 0.003426720 0.003254300 0.003358820 0.003407030 0.004002680 0.004545670 0.003581900 0.004944410 0.005008860 0.003657420 0.003930630 0.007760100 
17     0.002911530 0.003974380 0.004479320 0.004239960 0.003776230 0.003134820 0.002646720 0.002275740 0.002455010 0.001640240 0.001943210 0.001495840 0.000967580 0.001055860 0.001013350 0.001094100 0.001711430 0.002100700 0.001236760 0.001051260 0.001102490 0.001169340 0.000030900 0.000000000 0.000436390 0.000628080 0.000910380 0.002980420 0.003152890 0.003573520 0.002055730 0.003043810 0.004140690 0.003903090 0.003168070 0.003301620 0.003344470 0.004060500 0.003438410 0.003437260 0.003264840 0.003369360 0.003417570 0.004013220 0.004344980 0.003759630 0.005024680 0.005019400 0.004474140 0.004747350 0.007770640 
24     0.002791000 0.003853850 0.004334820 0.004095460 0.003655700 0.003014290 0.002526190 0.002155210 0.002334480 0.001519710 0.001822680 0.001375310 0.000847050 0.000935330 0.000892820 0.000973570 0.001590900 0.001980170 0.001116230 0.000930730 0.000981960 0.001048810 0.000374010 0.000436390 0.000000000 0.000359370 0.000789850 0.002890440 0.003032360 0.003452990 0.001935200 0.002923280 0.004020160 0.003782560 0.003047540 0.003181090 0.003223940 0.003939970 0.003317880 0.003316730 0.003144310 0.003248830 0.003297040 0.003892690 0.004255000 0.003345430 0.004707940 0.004890660 0.003420950 0.003694160 0.007650110 
11     0.002860930 0.003923780 0.002857020 0.002617660 0.003606020 0.002439850 0.001942360 0.002225140 0.002399170 0.001589640 0.001316590 0.000519030 0.000916980 0.001005260 0.000962750 0.001043500 0.001137780 0.000540390 0.000757640 0.001000660 0.001051890 0.001118740 0.000613920 0.000628080 0.000359370 0.000000000 0.000859780 0.002418700 0.002887810 0.003522920 0.002005130 0.002993210 0.004090090 0.003852490 0.003117470 0.001946360 0.002658630 0.004009900 0.002836560 0.002398360 0.003214240 0.003318760 0.003366970 0.003962620 0.003783260 0.002032840 0.003395350 0.003578070 0.002108360 0.002381570 0.007496360 
15     0.002419630 0.003482480 0.004154720 0.003982700 0.001138470 0.002642920 0.002154820 0.000162680 0.001963110 0.001681160 0.001984130 0.001536760 0.001008500 0.001096780 0.001054270 0.001289200 0.001906530 0.002295800 0.001431860 0.001246360 0.001297590 0.001364440 0.000899840 0.000910380 0.000789850 0.000859780 0.000000000 0.000001610 0.002206750 0.000336970 0.001563830 0.002551910 0.003648790 0.003411190 0.002181380 0.002539000 0.002852570 0.002500970 0.002946510 0.002639590 0.002772940 0.002877460 0.002925670 0.003521320 0.003102200 0.002625480 0.003987990 0.004037940 0.002701000 0.002974210 0.006815300 
2     0.003846230 0.004176080 0.000449310 0.003555710 0.001135830 0.002978720 0.002954880 0.000285940 0.002408360 0.003781840 0.002914940 0.002001380 0.002289710 0.002253730 0.002184120 0.003136390 0.003402670 0.003628680 0.001874150 0.003437220 0.002311030 0.002158580 0.003219290 0.002980420 0.002890440 0.002418700 0.000001610 0.000000000 0.002347070 0.000334330 0.001841130 0.005021180 0.004427550 0.003586280 0.002178740 0.002633390 0.003234250 0.002498330 0.004192690 0.002636950 0.003361620 0.003886050 0.003420870 0.003950000 0.003242520 0.004340410 0.004182350 0.004178260 0.004541020 0.003960030 0.006946330 
25     0.004199840 0.004529690 0.004648650 0.004476630 0.003093690 0.003332330 0.003216770 0.002896660 0.002545370 0.003923670 0.003384050 0.002470490 0.002758820 0.002722840 0.002653230 0.003531710 0.003871780 0.004097790 0.003198540 0.003488870 0.002780140 0.002627690 0.003142350 0.003152890 0.003032360 0.002887810 0.002206750 0.002347070 0.000000000 0.000136280 0.000205430 0.004566320 0.004430180 0.003588910 0.003982480 0.003929190 0.004264250 0.004112740 0.004195320 0.004330050 0.003364250 0.004222640 0.003766320 0.003952630 0.003245150 0.004343040 0.004184980 0.004180890 0.004543650 0.003962660 0.006958250 
27     0.004680820 0.005425210 0.005544170 0.005372150 0.000801540 0.003911240 0.004007200 0.003636220 0.003440890 0.004344300 0.004279570 0.003366010 0.003654340 0.003618360 0.003548750 0.003952340 0.004417440 0.004397490 0.004094060 0.003909500 0.003675660 0.003523210 0.003562980 0.003573520 0.003452990 0.003522920 0.000336970 0.000334330 0.000136280 0.000000000 0.000950070 0.004344590 0.005040020 0.004484430 0.001845310 0.002299960 0.002900820 0.002164900 0.005090840 0.002303520 0.003554100 0.003552620 0.003087440 0.004848150 0.004140670 0.005085920 0.005080500 0.005076410 0.005161440 0.004858180 0.007853770 
7     0.003516120 0.004023750 0.004142710 0.003970690 0.002912950 0.002826390 0.002489410 0.002118430 0.002039430 0.002826510 0.002878110 0.001964550 0.002153850 0.002216900 0.002147290 0.002434550 0.003051880 0.003441150 0.002577210 0.002391710 0.002274200 0.002121750 0.002045190 0.002055730 0.001935200 0.002005130 0.001563830 0.001841130 0.000205430 0.000950070 0.000000000 0.003469160 0.003924240 0.003082970 0.003476540 0.003423250 0.003758310 0.003606800 0.003689380 0.003824110 0.002858310 0.003716700 0.003260380 0.003446690 0.002739210 0.003837100 0.003679040 0.003674950 0.004037710 0.003456720 0.006452310 
49     0.004504200 0.005567050 0.006261800 0.006721060 0.002097330 0.002283660 0.004060150 0.003689170 0.003868440 0.003814590 0.004117560 0.003670190 0.003141930 0.003230210 0.003187700 0.003422630 0.004039960 0.004429230 0.003565290 0.003379790 0.003431020 0.003497870 0.003033270 0.003043810 0.002923280 0.002993210 0.002551910 0.005021180 0.004566320 0.004344590 0.003469160 0.000000000 0.002467980 0.002230380 0.001032900 0.001628910 0.001671760 0.002387790 0.001765700 0.001764550 0.001592130 0.001433780 0.001429900 0.001433070 0.000731850 0.002086920 0.003351970 0.003346690 0.004046760 0.003465970 0.006249900 
42     0.005601080 0.006610170 0.006729130 0.006557110 0.003013780 0.005412810 0.005108720 0.003788180 0.004625850 0.004911470 0.005214440 0.004550970 0.004238810 0.004327090 0.004270960 0.004519510 0.005136840 0.005526110 0.004662170 0.004476670 0.004527900 0.004594750 0.004130150 0.004140690 0.004020160 0.004090090 0.003648790 0.004427550 0.004430180 0.005040020 0.003924240 0.002467980 0.000000000 0.000019160 0.002286740 0.002420290 0.002463140 0.003179170 0.002557080 0.002555930 0.000924280 0.002488030 0.002536240 0.003131890 0.002279870 0.002741380 0.002992260 0.003992720 0.003624290 0.003092960 0.007633480 
44     0.005363480 0.004596640 0.004776860 0.003260450 0.002737860 0.004571540 0.004455980 0.003661380 0.003784580 0.004673870 0.004623260 0.003709700 0.003998030 0.003962050 0.003892440 0.004281910 0.004899240 0.005288510 0.004424570 0.004239070 0.004019350 0.003866900 0.003892550 0.003903090 0.003782560 0.003852490 0.003411190 0.003586280 0.003588910 0.004484430 0.003082970 0.002230380 0.000019160 0.000000000 0.002049140 0.002182690 0.002225540 0.002941570 0.002319480 0.002318330 0.000797480 0.002250430 0.002298640 0.002894290 0.002254430 0.002614580 0.002865460 0.003310380 0.003497490 0.002966160 0.003599540 
34     0.004628460 0.005263750 0.005443970 0.003927560 0.002646810 0.004566870 0.004184410 0.003813430 0.003992700 0.003938850 0.004241820 0.003794450 0.003266190 0.003354470 0.003311960 0.003047460 0.002967400 0.004553490 0.002995910 0.003366250 0.003555280 0.003622130 0.003157530 0.003168070 0.003047540 0.003117470 0.002181380 0.002178740 0.003982480 0.001845310 0.003476540 0.001032900 0.002286740 0.002049140 0.000000000 0.000454650 0.000591670 0.000319590 0.000917690 0.000458210 0.001325050 0.001081960 0.001078080 0.001081250 0.000380030 0.001819840 0.003016480 0.003012390 0.003375150 0.002794160 0.004266650 
48     0.004762010 0.005824860 0.004575270 0.003917150 0.003101460 0.002995270 0.002937460 0.002820750 0.003354610 0.004072400 0.004375370 0.003928000 0.003399740 0.003488020 0.003445510 0.001475860 0.001395800 0.004687040 0.001424310 0.001794650 0.003601140 0.002382590 0.003291080 0.003301620 0.003181090 0.001946360 0.002539000 0.002633390 0.003929190 0.002299960 0.003423250 0.001628910 0.002420290 0.002182690 0.000454650 0.000000000 0.000079840 0.000212600 0.000196060 0.000004900 0.001512480 0.001617000 0.001665210 0.002189580 0.001488360 0.002007270 0.002963190 0.002959100 0.002139800 0.002413010 0.004913160 
47     0.004804860 0.005852180 0.005287540 0.004515990 0.003702320 0.003707540 0.003649730 0.003533020 0.004066880 0.004115250 0.004418220 0.003970850 0.003442590 0.003530870 0.003488360 0.002188130 0.002108070 0.004729890 0.002136580 0.002506920 0.003731680 0.003094860 0.003333930 0.003344470 0.003223940 0.002658630 0.002852570 0.003234250 0.004264250 0.002900820 0.003758310 0.001671760 0.002463140 0.002225540 0.000591670 0.000079840 0.000000000 0.000000120 0.000137980 0.000526670 0.001555330 0.001659850 0.001708060 0.002303710 0.001695420 0.002050120 0.003298250 0.003294160 0.002852070 0.003075930 0.004855080 
40     0.005520890 0.006292730 0.006411690 0.005064530 0.002966400 0.005095370 0.004979810 0.004659700 0.004308410 0.004831280 0.005134250 0.004233530 0.004158620 0.004246900 0.004204390 0.003656650 0.003576590 0.005445920 0.003605100 0.003975440 0.004447710 0.004390730 0.004049960 0.004060500 0.003939970 0.004009900 0.002500970 0.002498330 0.004112740 0.002164900 0.003606800 0.002387790 0.003179170 0.002941570 0.000319590 0.000212600 0.000000120 0.000000000 0.000597620 0.000216160 0.002029940 0.002028460 0.001563280 0.002914390 0.002168490 0.002766150 0.003146740 0.003142650 0.003505410 0.002924420 0.005403620 
50     0.004898800 0.005926780 0.005465470 0.004590590 0.004068000 0.003885470 0.003827660 0.003710950 0.004244810 0.004209190 0.004512160 0.004064790 0.003536530 0.003624810 0.003582300 0.002366060 0.002286000 0.004823830 0.002314510 0.002684850 0.003825620 0.003272790 0.003427870 0.003438410 0.003317880 0.002836560 0.002946510 0.004192690 0.004195320 0.005090840 0.003689380 0.001765700 0.002557080 0.002319480 0.000917690 0.000196060 0.000137980 0.000597620 0.000000000 0.000000350 0.001649270 0.001753790 0.001802000 0.002397650 0.001586500 0.002144060 0.003229320 0.003225230 0.003030000 0.001810580 0.004929680 
32     0.004897650 0.005960500 0.005027270 0.004369150 0.003105020 0.003447270 0.003389460 0.003272750 0.003806610 0.004208040 0.004511010 0.004063640 0.003535380 0.003623660 0.003581150 0.001927860 0.001847800 0.004822680 0.001876310 0.002246650 0.003824470 0.002834590 0.003426720 0.003437260 0.003316730 0.002398360 0.002639590 0.002636950 0.004330050 0.002303520 0.003824110 0.001764550 0.002555930 0.002318330 0.000458210 0.000004900 0.000526670 0.000216160 0.000000350 0.000000000 0.001648120 0.001752640 0.001701900 0.002396500 0.001986900 0.002142910 0.003364050 0.003359960 0.002591800 0.001557410 0.008206880 
38     0.004725230 0.005544240 0.005663200 0.005491180 0.002764740 0.004346880 0.004231320 0.003539140 0.003559920 0.004035620 0.004338590 0.003485040 0.003362960 0.003451240 0.003408730 0.003643660 0.004260990 0.004650260 0.003786320 0.003600820 0.003652050 0.003642240 0.003254300 0.003264840 0.003144310 0.003214240 0.002772940 0.003361620 0.003364250 0.003554100 0.002858310 0.001592130 0.000924280 0.000797480 0.001325050 0.001512480 0.001555330 0.002029940 0.001649270 0.001648120 0.000000000 0.000003260 0.000426160 0.000869520 0.000944040 0.001866950 0.002330530 0.002326440 0.002204610 0.001529410 0.007269600 
41     0.004829750 0.005892600 0.006521590 0.006349570 0.004013140 0.004199470 0.004385700 0.004014720 0.004193990 0.004140140 0.004443110 0.003995740 0.003467480 0.003555760 0.003513250 0.003748180 0.004365510 0.004754780 0.003890840 0.003705340 0.003756570 0.003823420 0.003358820 0.003369360 0.003248830 0.003318760 0.002877460 0.003886050 0.004222640 0.003552620 0.003716700 0.001433780 0.002488030 0.002250430 0.001081960 0.001617000 0.001659850 0.002028460 0.001753790 0.001752640 0.000003260 0.000000000 0.000004420 0.000007590 0.000723970 0.001971470 0.003188920 0.003184830 0.003547590 0.002966600 0.008127990 
33     0.004877960 0.003904260 0.004084480 0.002568070 0.002045480 0.004748950 0.004433910 0.004062930 0.003961990 0.004188350 0.004491320 0.003887110 0.003515690 0.003603970 0.003561460 0.003796390 0.004413720 0.004802990 0.003939050 0.003753550 0.003804780 0.003871630 0.003407030 0.003417570 0.003297040 0.003366970 0.002925670 0.003420870 0.003766320 0.003087440 0.003260380 0.001429900 0.002536240 0.002298640 0.001078080 0.001665210 0.001708060 0.001563280 0.001802000 0.001701900 0.000426160 0.000004420 0.000000000 0.000003450 0.000720090 0.002019680 0.002732600 0.002728510 0.002982730 0.002510280 0.002907160 
43     0.005209960 0.003091720 0.003271940 0.001755530 0.001232940 0.004533780 0.004819700 0.004499590 0.004148300 0.004784000 0.004986980 0.004073420 0.004111340 0.004199620 0.004157110 0.004392040 0.005009370 0.005398640 0.004534700 0.004349200 0.004383070 0.004230620 0.004002680 0.004013220 0.003892690 0.003962620 0.003521320 0.003950000 0.003952630 0.004848150 0.003446690 0.001433070 0.003131890 0.002894290 0.001081250 0.002189580 0.002303710 0.002914390 0.002397650 0.002396500 0.000869520 0.000007590 0.000003450 0.000000000 0.000723260 0.002615330 0.002918910 0.002914820 0.003151430 0.002696590 0.002094620 
36     0.005095290 0.005425140 0.005544100 0.005338280 0.004314340 0.004227780 0.004112220 0.003792110 0.003440820 0.005204910 0.004279500 0.003365940 0.003654270 0.003618290 0.003548680 0.004500950 0.004466140 0.004993240 0.004093990 0.004801780 0.003675590 0.003523140 0.004545670 0.004344980 0.004255000 0.003783260 0.003102200 0.003242520 0.003245150 0.004140670 0.002739210 0.000731850 0.002279870 0.002254430 0.000380030 0.001488360 0.001695420 0.002168490 0.001586500 0.001986900 0.000944040 0.000723970 0.000720090 0.000723260 0.000000000 0.002369490 0.002143940 0.002207340 0.001976470 0.000648960 0.005677370 
45     0.005220020 0.005995200 0.004661750 0.004003630 0.003726460 0.003081750 0.003023940 0.002907230 0.003441090 0.004530410 0.004833380 0.004214640 0.003857750 0.003946030 0.003903520 0.001562340 0.001482280 0.005145050 0.001510790 0.001881130 0.003687620 0.002469070 0.003581900 0.003759630 0.003345430 0.002032840 0.002625480 0.004340410 0.004343040 0.005085920 0.003837100 0.002086920 0.002741380 0.002614580 0.001819840 0.002007270 0.002050120 0.002766150 0.002144060 0.002142910 0.001866950 0.001971470 0.002019680 0.002615330 0.002369490 0.000000000 0.001385610 0.001476410 0.000098620 0.000371830 0.006075080 
37     0.006035120 0.005168340 0.005348560 0.003832150 0.003309560 0.004444260 0.004386450 0.004269740 0.004380650 0.005795460 0.005219330 0.004305770 0.004594100 0.004558120 0.004488510 0.002924850 0.002844790 0.005933070 0.002873300 0.003243640 0.004615420 0.003831580 0.004944410 0.005024680 0.004707940 0.003395350 0.003987990 0.004182350 0.004184980 0.005080500 0.003679040 0.003351970 0.002992260 0.002865460 0.003016480 0.002963190 0.003298250 0.003146740 0.003229320 0.003364050 0.002330530 0.003188920 0.002732600 0.002918910 0.002143940 0.001385610 0.000000000 0.000012580 0.000240680 0.000489640 0.004171240 
39     0.006031030 0.005342250 0.005522470 0.004006060 0.003483470 0.004626980 0.004569170 0.004452460 0.004376560 0.005790180 0.005215240 0.004301680 0.004590010 0.004554030 0.004484420 0.003107570 0.003027510 0.005928980 0.003056020 0.003426360 0.004611330 0.004014300 0.005008860 0.005019400 0.004890660 0.003578070 0.004037940 0.004178260 0.004180890 0.005076410 0.003674950 0.003346690 0.003992720 0.003310380 0.003012390 0.002959100 0.003294160 0.003142650 0.003225230 0.003359960 0.002326440 0.003184830 0.002728510 0.002914820 0.002207340 0.001476410 0.000012580 0.000000000 0.000243170 0.000484360 0.004345150 
46     0.005506470 0.004791690 0.004737270 0.003455500 0.002932910 0.003157270 0.003099460 0.002982750 0.003516610 0.006084290 0.005578000 0.004290160 0.004952770 0.004916790 0.004847180 0.001637860 0.001557800 0.006291740 0.001586310 0.001956650 0.003763140 0.002544590 0.003657420 0.004474140 0.003420950 0.002108360 0.002701000 0.004541020 0.004543650 0.005161440 0.004037710 0.004046760 0.003624290 0.003497490 0.003375150 0.002139800 0.002852070 0.003505410 0.003030000 0.002591800 0.002204610 0.003547590 0.002982730 0.003151430 0.001976470 0.000098620 0.000240680 0.000243170 0.000000000 0.000001290 0.003794590 
35     0.005779680 0.006142650 0.005010480 0.004352360 0.004078040 0.003430480 0.003372670 0.003255960 0.003789820 0.005909460 0.004997010 0.004083450 0.004371780 0.004335800 0.004266190 0.001911070 0.001831010 0.005710750 0.001859520 0.002229860 0.004036350 0.002817800 0.003930630 0.004747350 0.003694160 0.002381570 0.002974210 0.003960030 0.003962660 0.004858180 0.003456720 0.003465970 0.003092960 0.002966160 0.002794160 0.002413010 0.003075930 0.002924420 0.001810580 0.001557410 0.001529410 0.002966600 0.002510280 0.002696590 0.000648960 0.000371830 0.000489640 0.000484360 0.000001290 0.000000000 0.007868010 
0     0.005317320 0.003199080 0.003379300 0.001862890 0.001340300 0.004641140 0.007825320 0.006718150 0.007153920 0.007835080 0.005838200 0.005388540 0.007367370 0.007331390 0.007261780 0.008149460 0.008480330 0.008706340 0.007807090 0.008106620 0.007388690 0.007236240 0.007760100 0.007770640 0.007650110 0.007496360 0.006815300 0.006946330 0.006958250 0.007853770 0.006452310 0.006249900 0.007633480 0.003599540 0.004266650 0.004913160 0.004855080 0.005403620 0.004929680 0.008206880 0.007269600 0.008127990 0.002907160 0.002094620 0.005677370 0.006075080 0.004171240 0.004345150 0.003794590 0.007868010 0.000000000 
