51
37     0.000000000 0.000038440 0.000261640 0.000354600 0.000455720 0.000383640 0.000395610 0.000481870 0.000430970 0.000421910 0.000460130 0.000441850 0.000421380 0.000440720 0.000489370 0.000465230 0.000391830 0.000409670 0.000434220 0.000432530 0.000401650 0.000386700 0.000575130 0.000482830 0.000564060 0.000522920 0.000537860 0.000591310 0.000512690 0.000579990 0.000489610 0.000626220 0.000876220 0.000923420 0.000936320 0.000910960 0.000898960 0.000953870 0.000917680 0.000945820 0.000714630 0.000716090 0.000710660 0.000705590 0.000667070 0.000685070 0.000733760 0.000709150 0.000733150 0.000744120 0.001454750 
21     0.000038440 0.000000000 0.000261790 0.000354750 0.000455870 0.000383790 0.000395760 0.000482020 0.000431120 0.000422060 0.000460280 0.000442000 0.000421530 0.000440870 0.000489520 0.000465380 0.000391980 0.000409820 0.000434370 0.000432680 0.000401800 0.000386850 0.000575280 0.000482980 0.000557970 0.000516830 0.000531770 0.000585220 0.000512840 0.000580140 0.000487260 0.000626370 0.000876370 0.000912820 0.000925720 0.000900360 0.000888360 0.000943270 0.000907080 0.000935220 0.000708540 0.000712640 0.000710810 0.000699810 0.000660980 0.000681770 0.000733910 0.000709300 0.000727060 0.000744270 0.001444150 
11     0.000261640 0.000261790 0.000000000 0.000366400 0.000467520 0.000395440 0.000407410 0.000493670 0.000442770 0.000433710 0.000471930 0.000453650 0.000433180 0.000452520 0.000501170 0.000477030 0.000403630 0.000421470 0.000446020 0.000444330 0.000413450 0.000398500 0.000586930 0.000494630 0.000588100 0.000588620 0.000598260 0.000654040 0.000524490 0.000591790 0.000501410 0.000638020 0.000888020 0.000951270 0.000963450 0.000989910 0.000959030 0.000977560 0.001051480 0.001014150 0.000729190 0.000727890 0.000722460 0.000717390 0.000743540 0.000696870 0.000745560 0.000720950 0.000771690 0.000755920 0.001546610 
31     0.000354600 0.000354750 0.000366400 0.000000000 0.000213260 0.000141180 0.000178350 0.000239410 0.000213710 0.000204650 0.000242870 0.000224590 0.000233920 0.000251200 0.000281370 0.000275710 0.000202310 0.000220150 0.000244700 0.000243010 0.000212130 0.000197180 0.000312370 0.000245170 0.000316030 0.000274890 0.000289830 0.000343280 0.000319150 0.000386450 0.000276380 0.000432680 0.000682680 0.000745930 0.000758110 0.000771240 0.000753690 0.000772220 0.000777960 0.000777460 0.000523850 0.000522550 0.000517120 0.000512050 0.000495940 0.000491530 0.000540220 0.000515610 0.000562020 0.000550580 0.001315030 
9     0.000455720 0.000455870 0.000467520 0.000213260 0.000000000 0.000042860 0.000224090 0.000244230 0.000238410 0.000246120 0.000304870 0.000284120 0.000335040 0.000352320 0.000399230 0.000376830 0.000303430 0.000321270 0.000345820 0.000344130 0.000313250 0.000298300 0.000430230 0.000343570 0.000414430 0.000373290 0.000388230 0.000441680 0.000420270 0.000487570 0.000374780 0.000533800 0.000783800 0.000804670 0.000817570 0.000792210 0.000780210 0.000835120 0.000798930 0.000827070 0.000624970 0.000623670 0.000618240 0.000613170 0.000594340 0.000592650 0.000641340 0.000616730 0.000660420 0.000651700 0.001336000 
19     0.000383640 0.000383790 0.000395440 0.000141180 0.000042860 0.000000000 0.000126120 0.000111630 0.000140440 0.000148150 0.000206900 0.000186150 0.000262960 0.000280240 0.000301260 0.000304750 0.000231350 0.000249190 0.000273740 0.000265720 0.000241170 0.000226220 0.000332260 0.000245600 0.000316460 0.000275320 0.000290260 0.000343710 0.000329430 0.000404420 0.000276810 0.000461720 0.000711720 0.000765310 0.000782660 0.000763800 0.000751800 0.000801260 0.000770520 0.000777890 0.000543930 0.000548030 0.000546160 0.000535200 0.000496370 0.000517160 0.000569260 0.000544650 0.000562450 0.000579620 0.001307590 
27     0.000395610 0.000395760 0.000407410 0.000178350 0.000224090 0.000126120 0.000000000 0.000274790 0.000186280 0.000193990 0.000241100 0.000222820 0.000274930 0.000292210 0.000340860 0.000316720 0.000243320 0.000261160 0.000285710 0.000284020 0.000253140 0.000238190 0.000378100 0.000291440 0.000362300 0.000321160 0.000336100 0.000389550 0.000360160 0.000427460 0.000322650 0.000473690 0.000723690 0.000786940 0.000799120 0.000779680 0.000767680 0.000813230 0.000786400 0.000814540 0.000564860 0.000563560 0.000558130 0.000553060 0.000542210 0.000532540 0.000581230 0.000556620 0.000607360 0.000591590 0.001323470 
28     0.000481870 0.000482020 0.000493670 0.000239410 0.000244230 0.000111630 0.000274790 0.000000000 0.000000000 0.000331920 0.000370140 0.000351860 0.000361190 0.000378470 0.000427120 0.000402980 0.000329580 0.000347420 0.000371970 0.000370280 0.000339400 0.000324450 0.000475970 0.000408770 0.000479630 0.000438490 0.000453430 0.000506880 0.000446420 0.000513720 0.000423340 0.000559950 0.000809950 0.000820830 0.000833730 0.000808370 0.000796370 0.000851280 0.000815090 0.000843230 0.000651120 0.000649820 0.000644390 0.000639320 0.000659540 0.000618800 0.000667490 0.000642880 0.000693620 0.000677850 0.001352160 
30     0.000430970 0.000431120 0.000442770 0.000213710 0.000238410 0.000140440 0.000186280 0.000000000 0.000000000 0.000053920 0.000171360 0.000031570 0.000310290 0.000327570 0.000357700 0.000352080 0.000278680 0.000296520 0.000321070 0.000319380 0.000288500 0.000273550 0.000388700 0.000302040 0.000372900 0.000331760 0.000346700 0.000400150 0.000385870 0.000460860 0.000333250 0.000509050 0.000759050 0.000821750 0.000834480 0.000847180 0.000827690 0.000848590 0.000881850 0.000834330 0.000600220 0.000598920 0.000593490 0.000588420 0.000552810 0.000567900 0.000616590 0.000591980 0.000618890 0.000626950 0.001417640 
18     0.000421910 0.000422060 0.000433710 0.000204650 0.000246120 0.000148150 0.000193990 0.000331920 0.000053920 0.000000000 0.000139910 0.000119160 0.000301230 0.000318510 0.000365410 0.000343020 0.000269620 0.000287460 0.000312010 0.000310320 0.000279440 0.000264490 0.000396410 0.000309750 0.000380610 0.000339470 0.000354410 0.000407860 0.000386460 0.000453760 0.000340960 0.000499990 0.000749990 0.000813240 0.000825420 0.000851880 0.000821000 0.000839530 0.000892000 0.000842040 0.000591160 0.000589860 0.000584430 0.000579360 0.000560520 0.000558840 0.000607530 0.000582920 0.000626600 0.000617890 0.001408580 
32     0.000460130 0.000460280 0.000471930 0.000242870 0.000304870 0.000206900 0.000241100 0.000370140 0.000171360 0.000139910 0.000000000 0.000064700 0.000339450 0.000356730 0.000405380 0.000381240 0.000307840 0.000325680 0.000350230 0.000348540 0.000317660 0.000302710 0.000455160 0.000368500 0.000439360 0.000398220 0.000413160 0.000466610 0.000424680 0.000491980 0.000399710 0.000538210 0.000788210 0.000851460 0.000863640 0.000890100 0.000859220 0.000877750 0.000951670 0.000900790 0.000629380 0.000628080 0.000622650 0.000617580 0.000619270 0.000597060 0.000645750 0.000621140 0.000671880 0.000656110 0.001446800 
2     0.000441850 0.000442000 0.000453650 0.000224590 0.000284120 0.000186150 0.000222820 0.000351860 0.000031570 0.000119160 0.000064700 0.000000000 0.000321170 0.000338450 0.000387100 0.000362960 0.000289560 0.000307400 0.000331950 0.000330260 0.000299380 0.000284430 0.000434410 0.000347750 0.000418610 0.000377470 0.000392410 0.000445860 0.000406400 0.000473700 0.000378960 0.000519930 0.000769930 0.000833180 0.000845360 0.000871820 0.000840940 0.000859470 0.000929360 0.000880040 0.000611100 0.000609800 0.000604370 0.000599300 0.000598520 0.000578780 0.000627470 0.000602860 0.000653600 0.000637830 0.001428520 
8     0.000421380 0.000421530 0.000433180 0.000233920 0.000335040 0.000262960 0.000274930 0.000361190 0.000310290 0.000301230 0.000339450 0.000321170 0.000000000 0.000320040 0.000368690 0.000344550 0.000271150 0.000288990 0.000313540 0.000311850 0.000280970 0.000266020 0.000430830 0.000344170 0.000415030 0.000373890 0.000388830 0.000442280 0.000392010 0.000459310 0.000368930 0.000505540 0.000755540 0.000735520 0.000748420 0.000723060 0.000711060 0.000765970 0.000729780 0.000757920 0.000596710 0.000595410 0.000589980 0.000584910 0.000594940 0.000564390 0.000613080 0.000588470 0.000639210 0.000623440 0.001266850 
35     0.000440720 0.000440870 0.000452520 0.000251200 0.000352320 0.000280240 0.000292210 0.000378470 0.000327570 0.000318510 0.000356730 0.000338450 0.000320040 0.000000000 0.000255270 0.000231130 0.000123290 0.000288970 0.000302930 0.000283480 0.000296790 0.000238340 0.000375040 0.000357620 0.000428480 0.000387340 0.000402280 0.000455730 0.000409290 0.000476590 0.000386210 0.000522820 0.000772820 0.000836070 0.000848250 0.000874710 0.000843830 0.000862360 0.000884830 0.000889910 0.000613990 0.000612690 0.000607260 0.000602190 0.000608390 0.000581670 0.000630360 0.000605750 0.000656490 0.000640720 0.001421900 
5     0.000489370 0.000489520 0.000501170 0.000281370 0.000399230 0.000301260 0.000340860 0.000427120 0.000357700 0.000365410 0.000405380 0.000387100 0.000368690 0.000255270 0.000000000 0.000076910 0.000148150 0.000312290 0.000296510 0.000277060 0.000311350 0.000286990 0.000368620 0.000351200 0.000422060 0.000380920 0.000395860 0.000449310 0.000435030 0.000510020 0.000382410 0.000571470 0.000821470 0.000870910 0.000888260 0.000878770 0.000866770 0.000911010 0.000885490 0.000883490 0.000649530 0.000653630 0.000655910 0.000640800 0.000601970 0.000622760 0.000679010 0.000654400 0.000668050 0.000689370 0.001422560 
40     0.000465230 0.000465380 0.000477030 0.000275710 0.000376830 0.000304750 0.000316720 0.000402980 0.000352080 0.000343020 0.000381240 0.000362960 0.000344550 0.000231130 0.000076910 0.000000000 0.000173580 0.000313480 0.000321940 0.000302490 0.000321300 0.000262850 0.000394050 0.000376630 0.000447490 0.000406350 0.000421290 0.000474740 0.000433800 0.000501100 0.000407840 0.000547330 0.000797330 0.000860580 0.000872760 0.000899220 0.000868340 0.000886870 0.000960790 0.000908920 0.000638500 0.000637200 0.000631770 0.000626700 0.000627400 0.000606180 0.000654870 0.000630260 0.000681000 0.000665230 0.001455920 
3     0.000391830 0.000391980 0.000403630 0.000202310 0.000303430 0.000231350 0.000243320 0.000329580 0.000278680 0.000269620 0.000307840 0.000289560 0.000271150 0.000123290 0.000148150 0.000173580 0.000000000 0.000240080 0.000236840 0.000217390 0.000247900 0.000189450 0.000308950 0.000291530 0.000362390 0.000321250 0.000336190 0.000389640 0.000360400 0.000427700 0.000322740 0.000473930 0.000723930 0.000787180 0.000799360 0.000777440 0.000765440 0.000813470 0.000784160 0.000812300 0.000565100 0.000563800 0.000558370 0.000553300 0.000542300 0.000532780 0.000581470 0.000556860 0.000607600 0.000591830 0.001321230 
25     0.000409670 0.000409820 0.000421470 0.000220150 0.000321270 0.000249190 0.000261160 0.000347420 0.000296520 0.000287460 0.000325680 0.000307400 0.000288990 0.000288970 0.000312290 0.000313480 0.000240080 0.000000000 0.000078950 0.000000000 0.000265740 0.000234950 0.000351710 0.000334290 0.000405150 0.000364010 0.000378950 0.000432400 0.000378240 0.000445540 0.000355160 0.000491770 0.000741770 0.000805020 0.000817200 0.000843660 0.000812780 0.000831310 0.000853570 0.000866580 0.000582940 0.000581640 0.000576210 0.000571140 0.000585060 0.000550620 0.000599310 0.000574700 0.000625440 0.000609670 0.001390640 
34     0.000434220 0.000434370 0.000446020 0.000244700 0.000345820 0.000273740 0.000285710 0.000371970 0.000321070 0.000312010 0.000350230 0.000331950 0.000313540 0.000302930 0.000296510 0.000321940 0.000236840 0.000078950 0.000000000 0.000129890 0.000290290 0.000259500 0.000352530 0.000335110 0.000405970 0.000364830 0.000379770 0.000433220 0.000402790 0.000470090 0.000366320 0.000516320 0.000766320 0.000829570 0.000841750 0.000868210 0.000837330 0.000855860 0.000929780 0.000867400 0.000607490 0.000606190 0.000600760 0.000595690 0.000585880 0.000575170 0.000623860 0.000599250 0.000649990 0.000634220 0.001424910 
39     0.000432530 0.000432680 0.000444330 0.000243010 0.000344130 0.000265720 0.000284020 0.000370280 0.000319380 0.000310320 0.000348540 0.000330260 0.000311850 0.000283480 0.000277060 0.000302490 0.000217390 0.000000000 0.000129890 0.000000000 0.000275810 0.000257810 0.000333080 0.000315660 0.000386520 0.000345380 0.000360320 0.000413770 0.000399490 0.000468400 0.000346870 0.000514630 0.000764630 0.000827880 0.000840060 0.000860800 0.000835640 0.000854170 0.000917610 0.000847950 0.000605800 0.000604500 0.000599070 0.000594000 0.000566430 0.000573480 0.000622170 0.000597560 0.000632510 0.000632530 0.001423220 
38     0.000401650 0.000401800 0.000413450 0.000212130 0.000313250 0.000241170 0.000253140 0.000339400 0.000288500 0.000279440 0.000317660 0.000299380 0.000280970 0.000296790 0.000311350 0.000321300 0.000247900 0.000265740 0.000290290 0.000275810 0.000000000 0.000150520 0.000294190 0.000333350 0.000404210 0.000363070 0.000378010 0.000431460 0.000370220 0.000437520 0.000347140 0.000483750 0.000733750 0.000797000 0.000809180 0.000793260 0.000781260 0.000823290 0.000799980 0.000828120 0.000574920 0.000573620 0.000568190 0.000563120 0.000584120 0.000542600 0.000591290 0.000566680 0.000617420 0.000601650 0.001337050 
33     0.000386700 0.000386850 0.000398500 0.000197180 0.000298300 0.000226220 0.000238190 0.000324450 0.000273550 0.000264490 0.000302710 0.000284430 0.000266020 0.000238340 0.000286990 0.000262850 0.000189450 0.000234950 0.000259500 0.000257810 0.000150520 0.000000000 0.000086250 0.000325410 0.000409410 0.000368270 0.000383210 0.000436660 0.000355270 0.000422570 0.000332190 0.000468800 0.000718800 0.000782050 0.000794230 0.000820690 0.000789810 0.000808340 0.000882260 0.000844930 0.000559970 0.000558670 0.000553240 0.000548170 0.000589320 0.000527650 0.000576340 0.000551730 0.000602470 0.000586700 0.001377390 
23     0.000575130 0.000575280 0.000586930 0.000312370 0.000430230 0.000332260 0.000378100 0.000475970 0.000388700 0.000396410 0.000455160 0.000434410 0.000430830 0.000375040 0.000368620 0.000394050 0.000308950 0.000351710 0.000352530 0.000333080 0.000294190 0.000086250 0.000000000 0.000382200 0.000453060 0.000411920 0.000426860 0.000480310 0.000466030 0.000541020 0.000413410 0.000657230 0.000907230 0.000901910 0.000919260 0.000927340 0.000907850 0.000971080 0.000934890 0.000914490 0.000680530 0.000684630 0.000741670 0.000671800 0.000632970 0.000653760 0.000739000 0.000722040 0.000699050 0.000741260 0.001471960 
13     0.000482830 0.000482980 0.000494630 0.000245170 0.000343570 0.000245600 0.000291440 0.000408770 0.000302040 0.000309750 0.000368500 0.000347750 0.000344170 0.000357620 0.000351200 0.000376630 0.000291530 0.000334290 0.000335110 0.000315660 0.000333350 0.000325410 0.000382200 0.000000000 0.000013900 0.000164640 0.000179580 0.000233030 0.000091120 0.000444220 0.000316610 0.000391830 0.000706970 0.000770220 0.000782400 0.000808860 0.000777980 0.000796510 0.000816920 0.000817690 0.000548140 0.000546840 0.000541410 0.000536340 0.000536170 0.000515820 0.000564510 0.000539900 0.000590640 0.000574870 0.001353990 
22     0.000564060 0.000557970 0.000588100 0.000316030 0.000414430 0.000316460 0.000362300 0.000479630 0.000372900 0.000380610 0.000439360 0.000418610 0.000415030 0.000428480 0.000422060 0.000447490 0.000362390 0.000405150 0.000405970 0.000386520 0.000404210 0.000409410 0.000453060 0.000013900 0.000000000 0.000235500 0.000250440 0.000303890 0.000096460 0.000515080 0.000387470 0.000485300 0.000800440 0.000863690 0.000875870 0.000901400 0.000871450 0.000889980 0.000921510 0.000888550 0.000641610 0.000640310 0.000634880 0.000629810 0.000607030 0.000609290 0.000657980 0.000633370 0.000673110 0.000668340 0.001458580 
15     0.000522920 0.000516830 0.000588620 0.000274890 0.000373290 0.000275320 0.000321160 0.000438490 0.000331760 0.000339470 0.000398220 0.000377470 0.000373890 0.000387340 0.000380920 0.000406350 0.000321250 0.000364010 0.000364830 0.000345380 0.000363070 0.000368270 0.000411920 0.000164640 0.000235500 0.000000000 0.000043610 0.000153330 0.000238310 0.000473940 0.000346330 0.000485820 0.000800960 0.000834830 0.000852180 0.000860260 0.000840770 0.000890500 0.000917070 0.000847410 0.000613450 0.000617550 0.000635400 0.000604720 0.000565890 0.000586680 0.000658500 0.000633890 0.000631970 0.000668860 0.001459550 
10     0.000537860 0.000531770 0.000598260 0.000289830 0.000388230 0.000290260 0.000336100 0.000453430 0.000346700 0.000354410 0.000413160 0.000392410 0.000388830 0.000402280 0.000395860 0.000421290 0.000336190 0.000378950 0.000379770 0.000360320 0.000378010 0.000383210 0.000426860 0.000179580 0.000250440 0.000043610 0.000000000 0.000168270 0.000247950 0.000488880 0.000361270 0.000495460 0.000810600 0.000849770 0.000867120 0.000875200 0.000855710 0.000900140 0.000932010 0.000862350 0.000628390 0.000632490 0.000645040 0.000619660 0.000580830 0.000601620 0.000668140 0.000643530 0.000646910 0.000678500 0.001469190 
7     0.000591310 0.000585220 0.000654040 0.000343280 0.000441680 0.000343710 0.000389550 0.000506880 0.000400150 0.000407860 0.000466610 0.000445860 0.000442280 0.000455730 0.000449310 0.000474740 0.000389640 0.000432400 0.000433220 0.000413770 0.000431460 0.000436660 0.000480310 0.000233030 0.000303890 0.000153330 0.000168270 0.000000000 0.000303730 0.000542330 0.000414720 0.000551240 0.000866380 0.000903220 0.000920570 0.000928650 0.000909160 0.000955920 0.000985460 0.000915800 0.000681840 0.000685940 0.000700820 0.000673110 0.000634280 0.000655070 0.000723920 0.000699310 0.000700360 0.000734280 0.001524970 
12     0.000512690 0.000512840 0.000524490 0.000319150 0.000420270 0.000329430 0.000360160 0.000446420 0.000385870 0.000386460 0.000424680 0.000406400 0.000392010 0.000409290 0.000435030 0.000433800 0.000360400 0.000378240 0.000402790 0.000399490 0.000370220 0.000355270 0.000466030 0.000091120 0.000096460 0.000238310 0.000247950 0.000303730 0.000000000 0.000496890 0.000369280 0.000421690 0.000736830 0.000800080 0.000812260 0.000827590 0.000807840 0.000826370 0.000834310 0.000862450 0.000578000 0.000576700 0.000571270 0.000566200 0.000588940 0.000545680 0.000594370 0.000569760 0.000620500 0.000604730 0.001371380 
6     0.000579990 0.000580140 0.000591790 0.000386450 0.000487570 0.000404420 0.000427460 0.000513720 0.000460860 0.000453760 0.000491980 0.000473700 0.000459310 0.000476590 0.000510020 0.000501100 0.000427700 0.000445540 0.000470090 0.000468400 0.000437520 0.000422570 0.000541020 0.000444220 0.000515080 0.000473940 0.000488880 0.000542330 0.000496890 0.000000000 0.000302300 0.000000170 0.000867130 0.000930380 0.000942560 0.000950440 0.000938140 0.000956670 0.000957160 0.000945450 0.000708300 0.000707000 0.000701570 0.000696500 0.000663930 0.000675980 0.000724670 0.000700060 0.000730010 0.000735030 0.001494230 
16     0.000489610 0.000487260 0.000501410 0.000276380 0.000374780 0.000276810 0.000322650 0.000423340 0.000333250 0.000340960 0.000399710 0.000378960 0.000368930 0.000386210 0.000382410 0.000407840 0.000322740 0.000355160 0.000366320 0.000346870 0.000347140 0.000332190 0.000413410 0.000316610 0.000387470 0.000346330 0.000361270 0.000414720 0.000369280 0.000302300 0.000000000 0.000526750 0.000776750 0.000805260 0.000822610 0.000830690 0.000811200 0.000866290 0.000887500 0.000817840 0.000583880 0.000587980 0.000611190 0.000575150 0.000536320 0.000557110 0.000634290 0.000609680 0.000602400 0.000644610 0.001435340 
1     0.000626220 0.000626370 0.000638020 0.000432680 0.000533800 0.000461720 0.000473690 0.000559950 0.000509050 0.000499990 0.000538210 0.000519930 0.000505540 0.000522820 0.000571470 0.000547330 0.000473930 0.000491770 0.000516320 0.000514630 0.000483750 0.000468800 0.000657230 0.000391830 0.000485300 0.000485820 0.000495460 0.000551240 0.000421690 0.000000170 0.000526750 0.000000000 0.000850360 0.000913610 0.000925790 0.000952250 0.000921370 0.000939900 0.000978800 0.000976490 0.000691530 0.000690230 0.000684800 0.000679730 0.000756790 0.000659210 0.000707900 0.000683290 0.000734030 0.000718260 0.001508950 
20     0.000876220 0.000876370 0.000888020 0.000682680 0.000783800 0.000711720 0.000723690 0.000809950 0.000759050 0.000749990 0.000788210 0.000769930 0.000755540 0.000772820 0.000821470 0.000797330 0.000723930 0.000741770 0.000766320 0.000764630 0.000733750 0.000718800 0.000907230 0.000706970 0.000800440 0.000800960 0.000810600 0.000866380 0.000736830 0.000867130 0.000776750 0.000850360 0.000000000 0.000345210 0.000679190 0.000714270 0.000683390 0.000701920 0.000775840 0.000709870 0.000799250 0.000797950 0.000792520 0.000787450 0.000864510 0.000766930 0.000815620 0.000791010 0.000841750 0.000825980 0.001432690 
14     0.000923420 0.000912820 0.000951270 0.000745930 0.000804670 0.000765310 0.000786940 0.000820830 0.000821750 0.000813240 0.000851460 0.000833180 0.000735520 0.000836070 0.000870910 0.000860580 0.000787180 0.000805020 0.000829570 0.000827880 0.000797000 0.000782050 0.000901910 0.000770220 0.000863690 0.000834830 0.000849770 0.000903220 0.000800080 0.000930380 0.000805260 0.000913610 0.000345210 0.000000000 0.000069460 0.000104500 0.000089280 0.000297490 0.000393790 0.000356460 0.000862500 0.000861200 0.000855770 0.000850700 0.000892220 0.000830180 0.000878870 0.000854260 0.000905000 0.000889230 0.001495940 
17     0.000936320 0.000925720 0.000963450 0.000758110 0.000817570 0.000782660 0.000799120 0.000833730 0.000834480 0.000825420 0.000863640 0.000845360 0.000748420 0.000848250 0.000888260 0.000872760 0.000799360 0.000817200 0.000841750 0.000840060 0.000809180 0.000794230 0.000919260 0.000782400 0.000875870 0.000852180 0.000867120 0.000920570 0.000812260 0.000942560 0.000822610 0.000925790 0.000679190 0.000069460 0.000000000 0.000102900 0.000000290 0.000310390 0.000405970 0.000368640 0.000874680 0.000873380 0.000867950 0.000862880 0.000909570 0.000842360 0.000891050 0.000866440 0.000917180 0.000901410 0.001508120 
29     0.000910960 0.000900360 0.000989910 0.000771240 0.000792210 0.000763800 0.000779680 0.000808370 0.000847180 0.000851880 0.000890100 0.000871820 0.000723060 0.000874710 0.000878770 0.000899220 0.000777440 0.000843660 0.000868210 0.000860800 0.000793260 0.000820690 0.000927340 0.000808860 0.000901400 0.000860260 0.000875200 0.000928650 0.000827590 0.000950440 0.000830690 0.000952250 0.000714270 0.000104500 0.000102900 0.000000000 0.000032600 0.000285030 0.000432430 0.000395100 0.000901140 0.000899840 0.000894410 0.000889340 0.000917650 0.000868820 0.000917510 0.000892900 0.000943640 0.000927870 0.001521130 
4     0.000898960 0.000888360 0.000959030 0.000753690 0.000780210 0.000751800 0.000767680 0.000796370 0.000827690 0.000821000 0.000859220 0.000840940 0.000711060 0.000843830 0.000866770 0.000868340 0.000765440 0.000812780 0.000837330 0.000835640 0.000781260 0.000789810 0.000907850 0.000777980 0.000871450 0.000840770 0.000855710 0.000909160 0.000807840 0.000938140 0.000811200 0.000921370 0.000683390 0.000089280 0.000000290 0.000032600 0.000000000 0.000273030 0.000401550 0.000364220 0.000870260 0.000868960 0.000863530 0.000858460 0.000898160 0.000837940 0.000886630 0.000862020 0.000912760 0.000896990 0.001503700 
24     0.000953870 0.000943270 0.000977560 0.000772220 0.000835120 0.000801260 0.000813230 0.000851280 0.000848590 0.000839530 0.000877750 0.000859470 0.000765970 0.000862360 0.000911010 0.000886870 0.000813470 0.000831310 0.000855860 0.000854170 0.000823290 0.000808340 0.000971080 0.000796510 0.000889980 0.000890500 0.000900140 0.000955920 0.000826370 0.000956670 0.000866290 0.000939900 0.000701920 0.000297490 0.000310390 0.000285030 0.000273030 0.000000000 0.000246200 0.000208870 0.000888790 0.000887490 0.000882060 0.000876990 0.000954050 0.000856470 0.000905160 0.000880550 0.000931290 0.000915520 0.001522230 
26     0.000917680 0.000907080 0.001051480 0.000777960 0.000798930 0.000770520 0.000786400 0.000815090 0.000881850 0.000892000 0.000951670 0.000929360 0.000729780 0.000884830 0.000885490 0.000960790 0.000784160 0.000853570 0.000929780 0.000917610 0.000799980 0.000882260 0.000934890 0.000816920 0.000921510 0.000917070 0.000932010 0.000985460 0.000834310 0.000957160 0.000887500 0.000978800 0.000775840 0.000393790 0.000405970 0.000432430 0.000401550 0.000246200 0.000000000 0.000113650 0.000932160 0.000951220 0.000945160 0.000936710 0.000974460 0.000930390 0.000979080 0.000954470 0.001005210 0.000957690 0.001527850 
36     0.000945820 0.000935220 0.001014150 0.000777460 0.000827070 0.000777890 0.000814540 0.000843230 0.000834330 0.000842040 0.000900790 0.000880040 0.000757920 0.000889910 0.000883490 0.000908920 0.000812300 0.000866580 0.000867400 0.000847950 0.000828120 0.000844930 0.000914490 0.000817690 0.000888550 0.000847410 0.000862350 0.000915800 0.000862450 0.000945450 0.000817840 0.000976490 0.000709870 0.000356460 0.000368640 0.000395100 0.000364220 0.000208870 0.000113650 0.000000000 0.000925380 0.000924080 0.000918650 0.000913580 0.000904800 0.000893060 0.000941750 0.000917140 0.000967880 0.000952110 0.001555990 
48     0.000714630 0.000708540 0.000729190 0.000523850 0.000624970 0.000543930 0.000564860 0.000651120 0.000600220 0.000591160 0.000629380 0.000611100 0.000596710 0.000613990 0.000649530 0.000638500 0.000565100 0.000582940 0.000607490 0.000605800 0.000574920 0.000559970 0.000680530 0.000548140 0.000641610 0.000613450 0.000628390 0.000681840 0.000578000 0.000708300 0.000583880 0.000691530 0.000799250 0.000862500 0.000874680 0.000901140 0.000870260 0.000888790 0.000932160 0.000925380 0.000000000 0.000091180 0.000114870 0.000109800 0.000406580 0.000566130 0.000636130 0.000611520 0.000611420 0.000646490 0.001444490 
42     0.000716090 0.000712640 0.000727890 0.000522550 0.000623670 0.000548030 0.000563560 0.000649820 0.000598920 0.000589860 0.000628080 0.000609800 0.000595410 0.000612690 0.000653630 0.000637200 0.000563800 0.000581640 0.000606190 0.000604500 0.000573620 0.000558670 0.000684630 0.000546840 0.000640310 0.000617550 0.000632490 0.000685940 0.000576700 0.000707000 0.000587980 0.000690230 0.000797950 0.000861200 0.000873380 0.000899840 0.000868960 0.000887490 0.000951220 0.000924080 0.000091180 0.000000000 0.000003270 0.000088470 0.000410680 0.000570230 0.000634830 0.000610220 0.000615520 0.000645190 0.001456540 
46     0.000710660 0.000710810 0.000722460 0.000517120 0.000618240 0.000546160 0.000558130 0.000644390 0.000593490 0.000584430 0.000622650 0.000604370 0.000589980 0.000607260 0.000655910 0.000631770 0.000558370 0.000576210 0.000600760 0.000599070 0.000568190 0.000553240 0.000741670 0.000541410 0.000634880 0.000635400 0.000645040 0.000700820 0.000571270 0.000701570 0.000611190 0.000684800 0.000792520 0.000855770 0.000867950 0.000894410 0.000863530 0.000882060 0.000945160 0.000918650 0.000114870 0.000003270 0.000000000 0.000035770 0.000460410 0.000580710 0.000629400 0.000604790 0.000655530 0.000639760 0.001451110 
50     0.000705590 0.000699810 0.000717390 0.000512050 0.000613170 0.000535200 0.000553060 0.000639320 0.000588420 0.000579360 0.000617580 0.000599300 0.000584910 0.000602190 0.000640800 0.000626700 0.000553300 0.000571140 0.000595690 0.000594000 0.000563120 0.000548170 0.000671800 0.000536340 0.000629810 0.000604720 0.000619660 0.000673110 0.000566200 0.000696500 0.000575150 0.000679730 0.000787450 0.000850700 0.000862880 0.000889340 0.000858460 0.000876990 0.000936710 0.000913580 0.000109800 0.000088470 0.000035770 0.000000000 0.000397850 0.000557400 0.000624330 0.000599720 0.000602690 0.000634690 0.001446040 
41     0.000667070 0.000660980 0.000743540 0.000495940 0.000594340 0.000496370 0.000542210 0.000659540 0.000552810 0.000560520 0.000619270 0.000598520 0.000594940 0.000608390 0.000601970 0.000627400 0.000542300 0.000585060 0.000585880 0.000566430 0.000584120 0.000589320 0.000632970 0.000536170 0.000607030 0.000565890 0.000580830 0.000634280 0.000588940 0.000663930 0.000536320 0.000756790 0.000864510 0.000892220 0.000909570 0.000917650 0.000898160 0.000954050 0.000974460 0.000904800 0.000406580 0.000410680 0.000460410 0.000397850 0.000000000 0.000518570 0.000603810 0.000586850 0.000563860 0.000606070 0.001523100 
45     0.000685070 0.000681770 0.000696870 0.000491530 0.000592650 0.000517160 0.000532540 0.000618800 0.000567900 0.000558840 0.000597060 0.000578780 0.000564390 0.000581670 0.000622760 0.000606180 0.000532780 0.000550620 0.000575170 0.000573480 0.000542600 0.000527650 0.000653760 0.000515820 0.000609290 0.000586680 0.000601620 0.000655070 0.000545680 0.000675980 0.000557110 0.000659210 0.000766930 0.000830180 0.000842360 0.000868820 0.000837940 0.000856470 0.000930390 0.000893060 0.000566130 0.000570230 0.000580710 0.000557400 0.000518570 0.000000000 0.000232550 0.000207940 0.000254430 0.000242910 0.001425520 
47     0.000733760 0.000733910 0.000745560 0.000540220 0.000641340 0.000569260 0.000581230 0.000667490 0.000616590 0.000607530 0.000645750 0.000627470 0.000613080 0.000630360 0.000679010 0.000654870 0.000581470 0.000599310 0.000623860 0.000622170 0.000591290 0.000576340 0.000739000 0.000564510 0.000657980 0.000658500 0.000668140 0.000723920 0.000594370 0.000724670 0.000634290 0.000707900 0.000815620 0.000878870 0.000891050 0.000917510 0.000886630 0.000905160 0.000979080 0.000941750 0.000636130 0.000634830 0.000629400 0.000624330 0.000603810 0.000232550 0.000000000 0.000011870 0.000290210 0.000274440 0.001474210 
43     0.000709150 0.000709300 0.000720950 0.000515610 0.000616730 0.000544650 0.000556620 0.000642880 0.000591980 0.000582920 0.000621140 0.000602860 0.000588470 0.000605750 0.000654400 0.000630260 0.000556860 0.000574700 0.000599250 0.000597560 0.000566680 0.000551730 0.000722040 0.000539900 0.000633370 0.000633890 0.000643530 0.000699310 0.000569760 0.000700060 0.000609680 0.000683290 0.000791010 0.000854260 0.000866440 0.000892900 0.000862020 0.000880550 0.000954470 0.000917140 0.000611520 0.000610220 0.000604790 0.000599720 0.000586850 0.000207940 0.000011870 0.000000000 0.000265600 0.000249830 0.001449600 
44     0.000733150 0.000727060 0.000771690 0.000562020 0.000660420 0.000562450 0.000607360 0.000693620 0.000618890 0.000626600 0.000671880 0.000653600 0.000639210 0.000656490 0.000668050 0.000681000 0.000607600 0.000625440 0.000649990 0.000632510 0.000617420 0.000602470 0.000699050 0.000590640 0.000673110 0.000631970 0.000646910 0.000700360 0.000620500 0.000730010 0.000602400 0.000734030 0.000841750 0.000905000 0.000917180 0.000943640 0.000912760 0.000931290 0.001005210 0.000967880 0.000611420 0.000615520 0.000655530 0.000602690 0.000563860 0.000254430 0.000290210 0.000265600 0.000000000 0.000000290 0.001500340 
49     0.000744120 0.000744270 0.000755920 0.000550580 0.000651700 0.000579620 0.000591590 0.000677850 0.000626950 0.000617890 0.000656110 0.000637830 0.000623440 0.000640720 0.000689370 0.000665230 0.000591830 0.000609670 0.000634220 0.000632530 0.000601650 0.000586700 0.000741260 0.000574870 0.000668340 0.000668860 0.000678500 0.000734280 0.000604730 0.000735030 0.000644610 0.000718260 0.000825980 0.000889230 0.000901410 0.000927870 0.000896990 0.000915520 0.000957690 0.000952110 0.000646490 0.000645190 0.000639760 0.000634690 0.000606070 0.000242910 0.000274440 0.000249830 0.000000290 0.000000000 0.001470020 
0     0.001454750 0.001444150 0.001546610 0.001315030 0.001336000 0.001307590 0.001323470 0.001352160 0.001417640 0.001408580 0.001446800 0.001428520 0.001266850 0.001421900 0.001422560 0.001455920 0.001321230 0.001390640 0.001424910 0.001423220 0.001337050 0.001377390 0.001471960 0.001353990 0.001458580 0.001459550 0.001469190 0.001524970 0.001371380 0.001494230 0.001435340 0.001508950 0.001432690 0.001495940 0.001508120 0.001521130 0.001503700 0.001522230 0.001527850 0.001555990 0.001444490 0.001456540 0.001451110 0.001446040 0.001523100 0.001425520 0.001474210 0.001449600 0.001500340 0.001470020 0.000000000 
