51
37     0.000000000 0.060744054 0.276992484 0.405058063 0.481027563 0.400923201 0.448129067 0.527767617 0.465083163 0.456872903 0.495690541 0.474362833 0.505688159 0.519977602 0.520786884 0.516703765 0.451228681 0.454693453 0.479931805 0.483667555 0.444624764 0.473920595 0.524517585 0.495093973 0.564747177 0.536939993 0.548942166 0.569161761 0.481684831 0.628091223 0.529036631 0.753474488 0.889859974 0.820497176 0.849431562 0.838169150 0.826443878 0.866852913 0.940525480 0.896018228 0.832245735 0.820713430 0.835389796 0.823959122 0.810227523 0.756281052 0.841186904 0.834590865 0.826785901 0.833519784 1.603662391 
21     0.060744054 0.000000000 0.269284613 0.397670840 0.473640340 0.393535978 0.440741844 0.520380394 0.457695940 0.449485680 0.488303318 0.466975610 0.498300935 0.512590378 0.513399661 0.509316542 0.443841458 0.447306230 0.472544581 0.476280332 0.437237541 0.466533371 0.517130362 0.487706749 0.557359953 0.529552769 0.541554943 0.561774538 0.474297608 0.620704000 0.521649407 0.746087265 0.882472751 0.813109953 0.842044339 0.830781927 0.819056655 0.859465689 0.933138257 0.888631004 0.824858511 0.813326207 0.828002573 0.816571898 0.802840300 0.748893829 0.833799681 0.827203642 0.819398677 0.826132561 1.596275167 
11     0.276992484 0.269284613 0.000000000 0.403527950 0.479569527 0.399470201 0.446671031 0.526314618 0.463630163 0.455419903 0.494237541 0.472909834 0.504269893 0.518550131 0.519359414 0.515276295 0.449801211 0.453268456 0.478506808 0.482242558 0.443305947 0.473993855 0.524590845 0.495811280 0.565467360 0.537561280 0.549563453 0.569783049 0.482303744 0.626841191 0.527755668 0.752140891 0.889572349 0.820244846 0.849179232 0.837916820 0.826191549 0.866600583 0.940273150 0.895765898 0.831958109 0.820425804 0.835102170 0.823671496 0.809939897 0.755993426 0.840899279 0.834303240 0.826498275 0.833232158 1.603133512 
31     0.405058063 0.397670840 0.403527950 0.000000000 0.243717638 0.163492651 0.210465899 0.290424227 0.228111708 0.219377080 0.258531937 0.237278875 0.316078685 0.333391639 0.333678032 0.329632321 0.264192382 0.267543750 0.292678496 0.296534157 0.258319476 0.289497263 0.340271177 0.325856526 0.395512605 0.367669235 0.379670914 0.399891003 0.312464354 0.461509051 0.362801461 0.584785948 0.722800922 0.653451463 0.682385849 0.671123437 0.659398165 0.699807118 0.773225855 0.728972433 0.663033935 0.651501630 0.666177996 0.654747322 0.640806458 0.587849201 0.672731743 0.666164375 0.658359410 0.665069846 1.435705399 
9     0.481027563 0.473640340 0.479569527 0.243717638 0.000000000 0.181166624 0.228556608 0.315931284 0.261881385 0.253324086 0.292880404 0.271008019 0.393137799 0.412180379 0.412480068 0.408460268 0.343153518 0.346358496 0.371474182 0.375346428 0.337193357 0.367422779 0.418021733 0.402437000 0.472107212 0.444263841 0.456265521 0.476485610 0.389046032 0.538105739 0.439398149 0.660939656 0.799728806 0.730379347 0.759313733 0.748051321 0.736326049 0.776735002 0.850060027 0.805900317 0.741604441 0.730072136 0.744748503 0.733317828 0.719586229 0.665318801 0.750169988 0.741403598 0.735968353 0.742678788 1.512795012 
19     0.400923201 0.393535978 0.399470201 0.163492651 0.181166624 0.000000000 0.144237941 0.234276505 0.180040222 0.171829508 0.210638630 0.189311313 0.313151413 0.332165780 0.332465469 0.328445668 0.263138918 0.266395363 0.291511049 0.295383295 0.257216440 0.287399528 0.337998482 0.322359300 0.392029511 0.364186141 0.376187820 0.396407909 0.308968332 0.458032651 0.359325061 0.580866567 0.719655717 0.650306259 0.679240644 0.667978232 0.656252961 0.696661914 0.770080651 0.725827228 0.661531353 0.649999048 0.664675414 0.653244740 0.639513141 0.585245625 0.670096900 0.661330510 0.655895265 0.662605700 1.432721924 
27     0.448129067 0.440741844 0.446671031 0.210465899 0.228556608 0.144237941 0.000000000 0.283066741 0.227209737 0.218830209 0.258418156 0.237319020 0.360437098 0.379511097 0.379810786 0.375790985 0.310484235 0.313476355 0.338856211 0.342728457 0.304626903 0.334816340 0.385415294 0.369405625 0.439075837 0.411232467 0.423234146 0.443454235 0.356027586 0.505229741 0.406522151 0.628076533 0.766789650 0.697440192 0.726374577 0.715112165 0.703386894 0.743795847 0.817123577 0.772961161 0.708665286 0.697132981 0.711809347 0.700378673 0.686647074 0.632379558 0.717230833 0.708464443 0.703029198 0.709739633 1.479855857 
28     0.527767617 0.520380394 0.526314618 0.290424227 0.315931284 0.234276505 0.283066741 0.000000000 0.307040564 0.299484824 0.338769161 0.316961171 0.439680592 0.458696364 0.458954211 0.454934410 0.389627660 0.392648338 0.417764024 0.421640321 0.383782975 0.414014119 0.464621384 0.449091896 0.518762107 0.490918737 0.502920416 0.523140505 0.435700928 0.584679941 0.485963618 0.707569773 0.846358579 0.777009121 0.805943506 0.794681094 0.782955823 0.823364776 0.896516057 0.852530090 0.788234215 0.776701910 0.791378276 0.779947602 0.766216003 0.711948487 0.796799762 0.788033372 0.782598127 0.789308562 1.559424786 
30     0.465083163 0.457695940 0.463630163 0.228111708 0.261881385 0.180040222 0.227209737 0.307040564 0.000000000 0.105121049 0.189535231 0.167491278 0.377726767 0.396578630 0.396836477 0.392816676 0.327509926 0.330767103 0.355882789 0.359755036 0.321304906 0.351642041 0.402420203 0.386750350 0.456420561 0.428577191 0.440578870 0.460798960 0.373359382 0.521700236 0.422995317 0.644549699 0.783627254 0.714277795 0.743212181 0.731949769 0.720224498 0.760633451 0.834052188 0.789798765 0.725502890 0.713970585 0.728646951 0.717216277 0.703484678 0.649180384 0.734031659 0.725265269 0.719830024 0.726540459 1.496792644 
18     0.456872903 0.449485680 0.455419903 0.219377080 0.253324086 0.171829508 0.218830209 0.299484824 0.105121049 0.000000000 0.178043639 0.155142742 0.369494624 0.387916797 0.388174644 0.384154843 0.318848093 0.322105270 0.347220956 0.351093202 0.312910589 0.343091991 0.393870153 0.378344587 0.448014799 0.420171428 0.432173108 0.452393197 0.364953619 0.513431654 0.414726734 0.636281117 0.775308195 0.705958736 0.734893122 0.723630710 0.711905439 0.752314391 0.825733129 0.781479706 0.717183831 0.705651526 0.720327892 0.708897218 0.695165619 0.640861325 0.725712600 0.716946210 0.711510965 0.718221400 1.488473584 
32     0.495690541 0.488303318 0.494237541 0.258531937 0.292880404 0.210638630 0.258418156 0.338769161 0.189535231 0.178043639 0.000000000 0.130791525 0.408418029 0.426756395 0.427056085 0.423036284 0.357729534 0.360943002 0.386058688 0.389930934 0.351794402 0.381999671 0.432777696 0.417111878 0.486782089 0.458938719 0.470940398 0.491160487 0.403720910 0.552291237 0.453586318 0.675140700 0.814081105 0.744731646 0.773666032 0.762403620 0.750678349 0.791087301 0.864506039 0.820252616 0.755461276 0.743742746 0.758419112 0.746988438 0.733464089 0.679439415 0.764290690 0.755524299 0.750089054 0.756799490 1.527221925 
2     0.474362833 0.466975610 0.472909834 0.237278875 0.271008019 0.189311313 0.237319020 0.316961171 0.167491278 0.155142742 0.130791525 0.000000000 0.386665657 0.405433634 0.405733323 0.401713523 0.336406773 0.339620240 0.364735926 0.368608173 0.330446297 0.360649923 0.411427947 0.395675234 0.465345445 0.437502075 0.449503754 0.469723844 0.382284266 0.530810916 0.432105997 0.653660379 0.792606432 0.723256973 0.752191359 0.740928947 0.729203675 0.769612628 0.843031365 0.798777943 0.733986603 0.722268073 0.736944439 0.725513765 0.711989416 0.657964741 0.742816017 0.734049626 0.728614381 0.735324817 1.505747252 
8     0.505688159 0.498300935 0.504269893 0.316078685 0.393137799 0.313151413 0.360437098 0.439680592 0.377726767 0.369494624 0.408418029 0.386665657 0.000000000 0.432402940 0.432744403 0.428676217 0.362918020 0.365563902 0.390871044 0.394492584 0.357341588 0.388807285 0.439495098 0.432973640 0.502629719 0.474814913 0.486816593 0.507036682 0.419570771 0.563080036 0.464317155 0.689666463 0.825866681 0.754132017 0.783066403 0.771803991 0.760078719 0.800600876 0.874070900 0.829766190 0.767796636 0.756264331 0.770940697 0.759510022 0.745778424 0.691804755 0.776594483 0.770072051 0.762294542 0.769024705 1.538567634 
35     0.519977602 0.512590378 0.518550131 0.333391639 0.412180379 0.332165780 0.379511097 0.458696364 0.396578630 0.387916797 0.426756395 0.405433634 0.432402940 0.000000000 0.257255059 0.252593614 0.193787025 0.313522070 0.338213962 0.342478326 0.330137678 0.359364318 0.409959260 0.446282190 0.515952401 0.488052322 0.500054002 0.520274091 0.432783898 0.578351222 0.479581972 0.704346719 0.841667280 0.772344704 0.801279090 0.790016678 0.778291406 0.818700359 0.892158611 0.847865674 0.783433736 0.771901431 0.786577797 0.775147123 0.761184342 0.707902788 0.792765465 0.786198097 0.778393132 0.785103568 1.550896300 
5     0.520786884 0.513399661 0.519359414 0.333678032 0.412480068 0.332465469 0.379810786 0.458954211 0.396836477 0.388174644 0.427056085 0.405733323 0.432744403 0.257255059 0.000000000 0.129710789 0.191419804 0.313567256 0.338019842 0.343471676 0.330572021 0.359509579 0.410011921 0.446769731 0.516439942 0.488539863 0.500541542 0.520761632 0.433271439 0.578886129 0.480116879 0.704835822 0.842377983 0.773055407 0.801989793 0.790727381 0.779002109 0.819411062 0.892869314 0.848576377 0.784144439 0.772612134 0.787288500 0.775857826 0.761895045 0.708613491 0.793476168 0.786908800 0.779103835 0.785814271 1.555382891 
40     0.516703765 0.509316542 0.515276295 0.329632321 0.408460268 0.328445668 0.375790985 0.454934410 0.392816676 0.384154843 0.423036284 0.401713523 0.428676217 0.252593614 0.129710789 0.000000000 0.189971887 0.309397187 0.333850481 0.339300790 0.326467752 0.355461735 0.405966095 0.442667229 0.512337440 0.484437361 0.496439040 0.516659130 0.429168937 0.574783627 0.476014377 0.700733320 0.838275481 0.768952905 0.797887291 0.786624879 0.774899607 0.815308560 0.888766812 0.844473875 0.780041937 0.768509632 0.783185998 0.771755324 0.757792543 0.704510989 0.789373666 0.782806298 0.775001333 0.781711769 1.551280389 
3     0.451228681 0.443841458 0.449801211 0.264192382 0.343153518 0.263138918 0.310484235 0.389627660 0.327509926 0.318848093 0.357729534 0.336406773 0.362918020 0.193787025 0.191419804 0.189971887 0.000000000 0.243665965 0.268196602 0.272936791 0.261528823 0.289716020 0.340328085 0.377310643 0.446966723 0.419066644 0.431068323 0.451288412 0.363798220 0.509214982 0.410445732 0.635145739 0.772820106 0.703497530 0.732431916 0.721169504 0.709444232 0.749853185 0.823311437 0.779018500 0.714586562 0.703054257 0.717730623 0.706299949 0.692337168 0.639055614 0.723918291 0.717350923 0.709545958 0.716256394 1.485825014 
25     0.454693453 0.447306230 0.453268456 0.267543750 0.346358496 0.266395363 0.313476355 0.392648338 0.330767103 0.322105270 0.360943002 0.339620240 0.365563902 0.313522070 0.313567256 0.309397187 0.243665965 0.000000000 0.147986521 0.152442994 0.264363666 0.294408019 0.344607281 0.380505040 0.450161119 0.422261040 0.434262720 0.454482809 0.366991871 0.512340279 0.413559626 0.638457231 0.775111057 0.706862474 0.735796860 0.724534448 0.712809176 0.753218129 0.826676381 0.782383444 0.718349634 0.706817329 0.721493695 0.710063020 0.696331422 0.642442948 0.727293468 0.720726100 0.712921135 0.719631571 1.489289127 
34     0.479931805 0.472544581 0.478506808 0.292678496 0.371474182 0.291511049 0.338856211 0.417764024 0.355882789 0.347220956 0.386058688 0.364735926 0.390871044 0.338213962 0.338019842 0.333850481 0.268196602 0.147986521 0.000000000 0.175785321 0.289491890 0.319388898 0.369936014 0.405892478 0.475548558 0.447648479 0.459650159 0.479870248 0.392379310 0.537611363 0.438830710 0.663728315 0.800455230 0.732206647 0.761141033 0.749878621 0.738153349 0.778562302 0.852020554 0.807727617 0.743693807 0.732161502 0.746837868 0.735407193 0.721675595 0.667787121 0.752637641 0.746070273 0.738265308 0.744975744 1.514633300 
39     0.483667555 0.476280332 0.482242558 0.296534157 0.375346428 0.295383295 0.342728457 0.421640321 0.359755036 0.351093202 0.389930934 0.368608173 0.394492584 0.342478326 0.343471676 0.339300790 0.272936791 0.152442994 0.175785321 0.000000000 0.293157600 0.323870215 0.374343681 0.410159007 0.479835146 0.451940359 0.463942038 0.484162127 0.396671189 0.541724266 0.442943612 0.667841217 0.803451190 0.735202608 0.764136993 0.752874581 0.741149310 0.781558263 0.855048100 0.810723577 0.746291659 0.734759354 0.749435720 0.738005046 0.724273447 0.669990440 0.754780091 0.748212723 0.740139478 0.746929464 1.517711457 
38     0.444624764 0.437237541 0.443305947 0.258319476 0.337193357 0.257216440 0.304626903 0.383782975 0.321304906 0.312910589 0.351794402 0.330446297 0.357341588 0.330137678 0.330572021 0.326467752 0.261528823 0.264363666 0.289491890 0.293157600 0.000000000 0.247514382 0.298650743 0.371543355 0.441199434 0.413392432 0.425394111 0.445614200 0.358136936 0.503103638 0.404322984 0.629596060 0.764588703 0.696482604 0.725416990 0.714154578 0.702429306 0.742838259 0.816293983 0.772003574 0.707921080 0.696388775 0.711065141 0.699634467 0.685902868 0.631289861 0.716587578 0.709991539 0.701982194 0.708692630 1.479164783 
33     0.473920595 0.466533371 0.473993855 0.289497263 0.367422779 0.287399528 0.334816340 0.414014119 0.351642041 0.343091991 0.381999671 0.360649923 0.388807285 0.359364318 0.359509579 0.355461735 0.289716020 0.294408019 0.319388898 0.323870215 0.247514382 0.000000000 0.227014203 0.398271647 0.467927726 0.440134444 0.452136123 0.472356212 0.384878948 0.531522259 0.432727358 0.657371841 0.794659849 0.725288513 0.754222899 0.742960487 0.731235216 0.771644168 0.845100050 0.800809483 0.736411104 0.724878799 0.739555165 0.728124491 0.714392892 0.660391757 0.745383609 0.738787570 0.730982606 0.737693041 1.507727650 
23     0.524517585 0.517130362 0.524590845 0.340271177 0.418021733 0.337998482 0.385415294 0.464621384 0.402420203 0.393870153 0.432777696 0.411427947 0.439495098 0.409959260 0.410011921 0.405966095 0.340328085 0.344607281 0.369936014 0.374343681 0.298650743 0.227014203 0.000000000 0.447978551 0.517634631 0.489841348 0.501843027 0.522063116 0.434585107 0.580481360 0.482101462 0.707032857 0.844441228 0.775069893 0.804004279 0.792741867 0.781016595 0.821425548 0.894878708 0.850590863 0.786191991 0.774659686 0.789336052 0.777905378 0.764173779 0.710184801 0.795164496 0.788568457 0.780763492 0.787473928 1.557722675 
13     0.495093973 0.487706749 0.495811280 0.325856526 0.402437000 0.322359300 0.369405625 0.449091896 0.386750350 0.378344587 0.417111878 0.395675234 0.432973640 0.446282190 0.446769731 0.442667229 0.377310643 0.380505040 0.405892478 0.410159007 0.371543355 0.398271647 0.447978551 0.000000000 0.176080470 0.221021319 0.233165647 0.250869247 0.167284054 0.503570329 0.405228468 0.632929434 0.768000300 0.698640045 0.727574431 0.716312019 0.704586748 0.744995700 0.818506545 0.774161015 0.710519223 0.698986919 0.713663285 0.702232610 0.688819649 0.634340821 0.719218396 0.712513043 0.704846064 0.711551213 1.482325920 
22     0.564747177 0.557359953 0.565467360 0.395512605 0.472107212 0.392029511 0.439075837 0.518762107 0.456420561 0.448014799 0.486782089 0.465345445 0.502629719 0.515952401 0.516439942 0.512337440 0.446966723 0.450161119 0.475548558 0.479835146 0.441199434 0.467927726 0.517634631 0.176080470 0.000000000 0.290777282 0.303193500 0.320639588 0.236600664 0.573316880 0.474975020 0.702675985 0.837764726 0.768404472 0.797338857 0.786076445 0.774351174 0.814760127 0.888270972 0.843925441 0.780283650 0.768751345 0.783427711 0.771997036 0.758584076 0.704105248 0.788982823 0.782277469 0.774610490 0.781315640 1.552090346 
15     0.536939993 0.529552769 0.537561280 0.367669235 0.444263841 0.364186141 0.411232467 0.490918737 0.428577191 0.420171428 0.458938719 0.437502075 0.474814913 0.488052322 0.488539863 0.484437361 0.419066644 0.422261040 0.447648479 0.451940359 0.413392432 0.440134444 0.489841348 0.221021319 0.290777282 0.000000000 0.140990349 0.193384144 0.208438533 0.545874735 0.447499568 0.674781440 0.810236062 0.740875808 0.769810194 0.758547782 0.746822510 0.787231463 0.860742308 0.816396778 0.752715457 0.741183152 0.755859518 0.744428843 0.731024741 0.676564923 0.761442135 0.754660323 0.747069802 0.753774952 1.524565569 
10     0.548942166 0.541554943 0.549563453 0.379670914 0.456265521 0.376187820 0.423234146 0.502920416 0.440578870 0.432173108 0.470940398 0.449503754 0.486816593 0.500054002 0.500541542 0.496439040 0.431068323 0.434262720 0.459650159 0.463942038 0.425394111 0.452136123 0.501843027 0.233165647 0.303193500 0.140990349 0.000000000 0.204663458 0.219995829 0.557875514 0.459500346 0.686782218 0.822236841 0.752876587 0.781810972 0.770548560 0.758823289 0.799232242 0.872743087 0.828397556 0.764716235 0.753183930 0.767860296 0.756429622 0.743025520 0.688565701 0.773442913 0.766661101 0.759070581 0.765775731 1.536566348 
7     0.569161761 0.561774538 0.569783049 0.399891003 0.476485610 0.396407909 0.443454235 0.523140505 0.460798960 0.452393197 0.491160487 0.469723844 0.507036682 0.520274091 0.520761632 0.516659130 0.451288412 0.454482809 0.479870248 0.484162127 0.445614200 0.472356212 0.522063116 0.250869247 0.320639588 0.193384144 0.204663458 0.000000000 0.240032898 0.578020923 0.479645755 0.706927627 0.842381487 0.773021232 0.801955618 0.790693206 0.778967935 0.819376887 0.892887732 0.848542202 0.784860881 0.773328576 0.788004942 0.776574268 0.763170165 0.708710347 0.793587559 0.786824924 0.779215226 0.785920376 1.556710994 
12     0.481684831 0.474297608 0.482303744 0.312464354 0.389046032 0.308968332 0.356027586 0.435700928 0.373359382 0.364953619 0.403720910 0.382284266 0.419570771 0.432783898 0.433271439 0.429168937 0.363798220 0.366991871 0.392379310 0.396671189 0.358136936 0.384878948 0.434585107 0.167284054 0.236600664 0.208438533 0.219995829 0.240032898 0.000000000 0.490119195 0.391744921 0.619281398 0.754559056 0.685198802 0.714133187 0.702870775 0.691145504 0.731554457 0.805065302 0.760719771 0.697077980 0.685545675 0.700222041 0.688791367 0.675378406 0.620899578 0.705777153 0.699109665 0.691404820 0.698103793 1.468884676 
6     0.628091223 0.620704000 0.626841191 0.461509051 0.538105739 0.458032651 0.505229741 0.584679941 0.521700236 0.513431654 0.552291237 0.530810916 0.563080036 0.578351222 0.578886129 0.574783627 0.509214982 0.512340279 0.537611363 0.541724266 0.503103638 0.531522259 0.580481360 0.503570329 0.573316880 0.545874735 0.557875514 0.578020923 0.490119195 0.000000000 0.373317531 0.701115106 0.869313415 0.798083695 0.827018080 0.815755668 0.804030397 0.844516062 0.918193831 0.873681376 0.812863203 0.801330898 0.816007264 0.804576590 0.791011818 0.736735832 0.821390620 0.815107301 0.806807972 0.813741124 1.583774638 
16     0.529036631 0.521649407 0.527755668 0.362801461 0.439398149 0.359325061 0.406522151 0.485963618 0.422995317 0.414726734 0.453586318 0.432105997 0.464317155 0.479581972 0.480116879 0.476014377 0.410445732 0.413559626 0.438830710 0.442943612 0.404322984 0.432727358 0.482101462 0.405228468 0.474975020 0.447499568 0.459500346 0.479645755 0.391744921 0.373317531 0.000000000 0.600029886 0.771103751 0.701445553 0.730379939 0.719117527 0.707392256 0.747813912 0.821491681 0.776979226 0.714775564 0.703243259 0.717919625 0.706488951 0.692924179 0.639027296 0.723690112 0.717406793 0.709224310 0.716093232 1.485662782 
1     0.753474488 0.746087265 0.752140891 0.584785948 0.660939656 0.580866567 0.628076533 0.707569773 0.644549699 0.636281117 0.675140700 0.653660379 0.689666463 0.704346719 0.704835822 0.700733320 0.635145739 0.638457231 0.663728315 0.667841217 0.629596060 0.657371841 0.707032857 0.632929434 0.702675985 0.674781440 0.686782218 0.706927627 0.619281398 0.701115106 0.600029886 0.000000000 0.997811077 0.928290703 0.957225089 0.945962677 0.934237405 0.974659062 1.048210832 1.003824376 0.940650656 0.929118351 0.943794717 0.932364042 0.918799271 0.865211776 0.949999408 0.943450702 0.935550898 0.942337511 1.712425696 
20     0.889859974 0.882472751 0.889572349 0.722800922 0.799728806 0.719655717 0.766789650 0.846358579 0.783627254 0.775308195 0.814081105 0.792606432 0.825866681 0.841667280 0.842377983 0.838275481 0.772820106 0.775111057 0.800455230 0.803451190 0.764588703 0.794659849 0.844441228 0.768000300 0.837764726 0.810236062 0.822236841 0.842381487 0.754559056 0.869313415 0.771103751 0.997811077 0.000000000 0.745312568 0.774291592 0.762984542 0.751259271 0.790859367 0.864753945 0.819908256 0.882570367 0.871038062 0.885714428 0.874283753 0.860738181 0.806520162 0.889946663 0.885111811 0.877386081 0.883615077 1.647931745 
14     0.820497176 0.813109953 0.820244846 0.653451463 0.730379347 0.650306259 0.697440192 0.777009121 0.714277795 0.705958736 0.744731646 0.723256973 0.754132017 0.772344704 0.773055407 0.768952905 0.703497530 0.706862474 0.732206647 0.735202608 0.696482604 0.725288513 0.775069893 0.698640045 0.768404472 0.740875808 0.752876587 0.773021232 0.685198802 0.798083695 0.701445553 0.928290703 0.745312568 0.000000000 0.136593462 0.123138707 0.114278026 0.339981083 0.415776084 0.370588672 0.809483908 0.797951603 0.812627969 0.801197295 0.787639340 0.733128269 0.816936780 0.811482090 0.803846805 0.810075801 1.577978907 
17     0.849431562 0.842044339 0.849179232 0.682385849 0.759313733 0.679240644 0.726374577 0.805943506 0.743212181 0.734893122 0.773666032 0.752191359 0.783066403 0.801279090 0.801989793 0.797887291 0.732431916 0.735796860 0.761141033 0.764136993 0.725416990 0.754222899 0.804004279 0.727574431 0.797338857 0.769810194 0.781810972 0.801955618 0.714133187 0.827018080 0.730379939 0.957225089 0.774291592 0.136593462 0.000000000 0.145334149 0.131265608 0.369492457 0.446016691 0.400829279 0.838418294 0.826885989 0.841562355 0.830131681 0.816573725 0.762062655 0.845871166 0.840416476 0.832781191 0.839010187 1.606913293 
29     0.838169150 0.830781927 0.837916820 0.671123437 0.748051321 0.667978232 0.715112165 0.794681094 0.731949769 0.723630710 0.762403620 0.740928947 0.771803991 0.790016678 0.790727381 0.786624879 0.721169504 0.724534448 0.749878621 0.752874581 0.714154578 0.742960487 0.792741867 0.716312019 0.786076445 0.758547782 0.770548560 0.790693206 0.702870775 0.815755668 0.719117527 0.945962677 0.762984542 0.123138707 0.145334149 0.000000000 0.077968027 0.357459655 0.432934705 0.387747293 0.827155882 0.815623577 0.830299943 0.818869269 0.805311313 0.750800243 0.834608754 0.829154064 0.821518779 0.827747775 1.595650881 
4     0.826443878 0.819056655 0.826191549 0.659398165 0.736326049 0.656252961 0.703386894 0.782955823 0.720224498 0.711905439 0.750678349 0.729203675 0.760078719 0.778291406 0.779002109 0.774899607 0.709444232 0.712809176 0.738153349 0.741149310 0.702429306 0.731235216 0.781016595 0.704586748 0.774351174 0.746822510 0.758823289 0.778967935 0.691145504 0.804030397 0.707392256 0.934237405 0.751259271 0.114278026 0.131265608 0.077968027 0.000000000 0.345121029 0.420580495 0.375393082 0.815430610 0.803898305 0.818574672 0.807143997 0.793586042 0.739074971 0.822883483 0.817428792 0.809793507 0.816022503 1.583925609 
24     0.866852913 0.859465689 0.866600583 0.699807118 0.776735002 0.696661914 0.743795847 0.823364776 0.760633451 0.752314391 0.791087301 0.769612628 0.800600876 0.818700359 0.819411062 0.815308560 0.749853185 0.753218129 0.778562302 0.781558263 0.742838259 0.771644168 0.821425548 0.744995700 0.814760127 0.787231463 0.799232242 0.819376887 0.731554457 0.844516062 0.747813912 0.974659062 0.790859367 0.339981083 0.369492457 0.357459655 0.345121029 0.000000000 0.373725998 0.327710232 0.855599558 0.844067253 0.858743619 0.847312945 0.833689758 0.779425910 0.863234197 0.857779731 0.850080453 0.856309449 1.624275781 
26     0.940525480 0.933138257 0.940273150 0.773225855 0.850060027 0.770080651 0.817123577 0.896516057 0.834052188 0.825733129 0.864506039 0.843031365 0.874070900 0.892158611 0.892869314 0.888766812 0.823311437 0.826676381 0.852020554 0.855048100 0.816293983 0.845100050 0.894878708 0.818506545 0.888270972 0.860742308 0.872743087 0.892887732 0.805065302 0.918193831 0.821491681 1.048210832 0.864753945 0.415776084 0.446016691 0.432934705 0.420580495 0.373725998 0.000000000 0.185416426 0.929268991 0.917736686 0.932413052 0.920982377 0.907424422 0.853095343 0.936728628 0.931449164 0.923775331 0.930004327 1.697956204 
36     0.896018228 0.888631004 0.895765898 0.728972433 0.805900317 0.725827228 0.772961161 0.852530090 0.789798765 0.781479706 0.820252616 0.798777943 0.829766190 0.847865674 0.848576377 0.844473875 0.779018500 0.782383444 0.807727617 0.810723577 0.772003574 0.800809483 0.850590863 0.774161015 0.843925441 0.816396778 0.828397556 0.848542202 0.760719771 0.873681376 0.776979226 1.003824376 0.819908256 0.370588672 0.400829279 0.387747293 0.375393082 0.327710232 0.185416426 0.000000000 0.884615815 0.873083510 0.887759876 0.876329202 0.862771246 0.808442167 0.892075452 0.886795988 0.879122155 0.885351151 1.653299839 
48     0.832245735 0.824858511 0.831958109 0.663033935 0.741604441 0.661531353 0.708665286 0.788234215 0.725502890 0.717183831 0.755461276 0.733986603 0.767796636 0.783433736 0.784144439 0.780041937 0.714586562 0.718349634 0.743693807 0.746291659 0.707921080 0.736411104 0.786191991 0.710519223 0.780283650 0.752715457 0.764716235 0.784860881 0.697077980 0.812863203 0.714775564 0.940650656 0.882570367 0.809483908 0.838418294 0.827155882 0.815430610 0.855599558 0.929268991 0.884615815 0.000000000 0.171354824 0.189049855 0.177151366 0.428890068 0.581624132 0.668109950 0.661976903 0.653017535 0.659485987 1.586624457 
42     0.820713430 0.813326207 0.820425804 0.651501630 0.730072136 0.649999048 0.697132981 0.776701910 0.713970585 0.705651526 0.743742746 0.722268073 0.756264331 0.771901431 0.772612134 0.768509632 0.703054257 0.706817329 0.732161502 0.734759354 0.696388775 0.724878799 0.774659686 0.698986919 0.768751345 0.741183152 0.753183930 0.773328576 0.685545675 0.801330898 0.703243259 0.929118351 0.871038062 0.797951603 0.826885989 0.815623577 0.803898305 0.844067253 0.917736686 0.873083510 0.171354824 0.000000000 0.120606524 0.106726470 0.417360206 0.570178691 0.656577645 0.650444598 0.641485230 0.647953682 1.575092152 
46     0.835389796 0.828002573 0.835102170 0.666177996 0.744748503 0.664675414 0.711809347 0.791378276 0.728646951 0.720327892 0.758419112 0.736944439 0.770940697 0.786577797 0.787288500 0.783185998 0.717730623 0.721493695 0.746837868 0.749435720 0.711065141 0.739555165 0.789336052 0.713663285 0.783427711 0.755859518 0.767860296 0.788004942 0.700222041 0.816007264 0.717919625 0.943794717 0.885714428 0.812627969 0.841562355 0.830299943 0.818574672 0.858743619 0.932413052 0.887759876 0.189049855 0.120606524 0.000000000 0.109654483 0.432148064 0.584855057 0.671254011 0.665120964 0.656161596 0.662630048 1.589768518 
50     0.823959122 0.816571898 0.823671496 0.654747322 0.733317828 0.653244740 0.700378673 0.779947602 0.717216277 0.708897218 0.746988438 0.725513765 0.759510022 0.775147123 0.775857826 0.771755324 0.706299949 0.710063020 0.735407193 0.738005046 0.699634467 0.728124491 0.777905378 0.702232610 0.771997036 0.744428843 0.756429622 0.776574268 0.688791367 0.804576590 0.706488951 0.932364042 0.874283753 0.801197295 0.830131681 0.818869269 0.807143997 0.847312945 0.920982377 0.876329202 0.177151366 0.106726470 0.109654483 0.000000000 0.420870671 0.573424382 0.659823337 0.653690290 0.644730921 0.651199374 1.578337844 
41     0.810227523 0.802840300 0.809939897 0.640806458 0.719586229 0.639513141 0.686647074 0.766216003 0.703484678 0.695165619 0.733464089 0.711989416 0.745778424 0.761184342 0.761895045 0.757792543 0.692337168 0.696331422 0.721675595 0.724273447 0.685902868 0.714392892 0.764173779 0.688819649 0.758584076 0.731024741 0.743025520 0.763170165 0.675378406 0.791011818 0.692924179 0.918799271 0.860738181 0.787639340 0.816573725 0.805311313 0.793586042 0.833689758 0.907424422 0.862771246 0.428890068 0.417360206 0.432148064 0.420870671 0.000000000 0.559918473 0.645574964 0.639425754 0.630357562 0.636816966 1.564694552 
45     0.756281052 0.748893829 0.755993426 0.587849201 0.665318801 0.585245625 0.632379558 0.711948487 0.649180384 0.640861325 0.679439415 0.657964741 0.691804755 0.707902788 0.708613491 0.704510989 0.639055614 0.642442948 0.667787121 0.669990440 0.631289861 0.660391757 0.710184801 0.634340821 0.704105248 0.676564923 0.688565701 0.708710347 0.620899578 0.736735832 0.639027296 0.865211776 0.806520162 0.733128269 0.762062655 0.750800243 0.739074971 0.779425910 0.853095343 0.808442167 0.581624132 0.570178691 0.584855057 0.573424382 0.559918473 0.000000000 0.345839952 0.338986323 0.321075202 0.329993922 1.499925452 
47     0.841186904 0.833799681 0.840899279 0.672731743 0.750169988 0.670096900 0.717230833 0.796799762 0.734031659 0.725712600 0.764290690 0.742816017 0.776594483 0.792765465 0.793476168 0.789373666 0.723918291 0.727293468 0.752637641 0.754780091 0.716587578 0.745383609 0.795164496 0.719218396 0.788982823 0.761442135 0.773442913 0.793587559 0.705777153 0.821390620 0.723690112 0.949999408 0.889946663 0.816936780 0.845871166 0.834608754 0.822883483 0.863234197 0.936728628 0.892075452 0.668109950 0.656577645 0.671254011 0.659823337 0.645574964 0.345839952 0.000000000 0.287633055 0.388062200 0.395801625 1.588440809 
43     0.834590865 0.827203642 0.834303240 0.666164375 0.741403598 0.661330510 0.708464443 0.788033372 0.725265269 0.716946210 0.755524299 0.734049626 0.770072051 0.786198097 0.786908800 0.782806298 0.717350923 0.720726100 0.746070273 0.748212723 0.709991539 0.738787570 0.788568457 0.712513043 0.782277469 0.754660323 0.766661101 0.786824924 0.699109665 0.815107301 0.717406793 0.943450702 0.885111811 0.811482090 0.840416476 0.829154064 0.817428792 0.857779731 0.931449164 0.886795988 0.661976903 0.650444598 0.665120964 0.653690290 0.639425754 0.338986323 0.287633055 0.000000000 0.382542903 0.390738587 1.582379485 
44     0.826785901 0.819398677 0.826498275 0.658359410 0.735968353 0.655895265 0.703029198 0.782598127 0.719830024 0.711510965 0.750089054 0.728614381 0.762294542 0.778393132 0.779103835 0.775001333 0.709545958 0.712921135 0.738265308 0.740139478 0.701982194 0.730982606 0.780763492 0.704846064 0.774610490 0.747069802 0.759070581 0.779215226 0.691404820 0.806807972 0.709224310 0.935550898 0.877386081 0.803846805 0.832781191 0.821518779 0.809793507 0.850080453 0.923775331 0.879122155 0.653017535 0.641485230 0.656161596 0.644730921 0.630357562 0.321075202 0.388062200 0.382542903 0.000000000 0.246219819 1.573850417 
49     0.833519784 0.826132561 0.833232158 0.665069846 0.742678788 0.662605700 0.709739633 0.789308562 0.726540459 0.718221400 0.756799490 0.735324817 0.769024705 0.785103568 0.785814271 0.781711769 0.716256394 0.719631571 0.744975744 0.746929464 0.708692630 0.737693041 0.787473928 0.711551213 0.781315640 0.753774952 0.765775731 0.785920376 0.698103793 0.813741124 0.716093232 0.942337511 0.883615077 0.810075801 0.839010187 0.827747775 0.816022503 0.856309449 0.930004327 0.885351151 0.659485987 0.647953682 0.662630048 0.651199374 0.636816966 0.329993922 0.395801625 0.390738587 0.246219819 0.000000000 1.580381328 
0     1.603662391 1.596275167 1.603133512 1.435705399 1.512795012 1.432721924 1.479855857 1.559424786 1.496792644 1.488473584 1.527221925 1.505747252 1.538567634 1.550896300 1.555382891 1.551280389 1.485825014 1.489289127 1.514633300 1.517711457 1.479164783 1.507727650 1.557722675 1.482325920 1.552090346 1.524565569 1.536566348 1.556710994 1.468884676 1.583774638 1.485662782 1.712425696 1.647931745 1.577978907 1.606913293 1.595650881 1.583925609 1.624275781 1.697956204 1.653299839 1.586624457 1.575092152 1.589768518 1.578337844 1.564694552 1.499925452 1.588440809 1.582379485 1.573850417 1.580381328 0.000000000 
