51
4     0.000000000 0.002559241 0.002415153 0.002572033 0.002694951 0.002735724 0.004107168 0.006662020 0.007733109 0.007324873 0.007041386 0.006979692 0.007587039 0.007463013 0.006942200 0.006916185 0.006608308 0.005679892 0.005897887 0.006027523 0.008102061 0.008060037 0.008232336 0.007863492 0.007496708 0.007528335 0.008272305 0.007335822 0.006214747 0.006572426 0.007108262 0.005899088 0.005868670 0.005612639 0.005605403 0.005496046 0.005558983 0.005575795 0.006909848 0.006787323 0.007145365 0.007344774 0.007258807 0.007392481 0.006582737 0.006494367 0.006510505 0.007387519 0.006437579 0.006694454 0.017360385 
7     0.002559241 0.000000000 0.002646756 0.002798233 0.002919517 0.002961563 0.004329465 0.006882633 0.007953747 0.007545486 0.007261998 0.007200304 0.007807651 0.007683626 0.007162812 0.007136798 0.006828921 0.005900578 0.006116958 0.006248208 0.008322746 0.008280722 0.008453021 0.008084177 0.007717394 0.007749020 0.008492990 0.007556507 0.006435432 0.006793112 0.007328947 0.006119773 0.006089355 0.005833324 0.005826088 0.005716731 0.005779668 0.005796480 0.007130534 0.007008008 0.007366050 0.007565460 0.007479492 0.007613167 0.006803422 0.006715052 0.006731190 0.007608204 0.006659061 0.006915836 0.017580971 
5     0.002415153 0.002646756 0.000000000 0.001688708 0.001799445 0.001846439 0.003773156 0.006329529 0.007400625 0.006992381 0.006708894 0.006647200 0.007254547 0.007130522 0.006609708 0.006583694 0.006275816 0.005347571 0.005570770 0.005695202 0.007764801 0.007722777 0.007895956 0.007527112 0.007160962 0.007192589 0.007936559 0.007000076 0.005881545 0.006239225 0.006775060 0.005564219 0.005533869 0.005278525 0.005271289 0.005161932 0.005224896 0.005241708 0.006576771 0.006454245 0.006812287 0.007011697 0.006925730 0.007059404 0.006249659 0.006161289 0.006177427 0.007054442 0.006105615 0.006362390 0.017026450 
6     0.002572033 0.002798233 0.001688708 0.000000000 0.001055375 0.001108295 0.003947526 0.006505760 0.007576783 0.007168613 0.006885126 0.006823432 0.007430779 0.007306753 0.006785940 0.006759925 0.006452048 0.005523716 0.005746916 0.005871347 0.007945885 0.007903861 0.008076159 0.007707316 0.007340532 0.007372159 0.008116129 0.007179646 0.006058623 0.006416303 0.006952139 0.005742965 0.005712546 0.005456516 0.005449280 0.005339923 0.005402860 0.005419672 0.006753672 0.006631147 0.006989189 0.007188598 0.007102631 0.007236305 0.006426561 0.006338191 0.006354329 0.007231343 0.006282200 0.006538975 0.017202013 
2     0.002694951 0.002919517 0.001799445 0.001055375 0.000000000 0.000908067 0.004065746 0.006621842 0.007692670 0.007284488 0.007001021 0.006939327 0.007546684 0.007422659 0.006901845 0.006875831 0.006568060 0.005640185 0.005863384 0.005987815 0.008060647 0.008018623 0.008190845 0.007822001 0.007455064 0.007486691 0.008230783 0.007292540 0.006174903 0.006532583 0.007068418 0.005859244 0.005828826 0.005572795 0.005565559 0.005456203 0.005519140 0.005535951 0.006870021 0.006747496 0.007105538 0.007304947 0.007218980 0.007352654 0.006542910 0.006454540 0.006470678 0.007347692 0.006398831 0.006655606 0.017318648 
1     0.002735724 0.002961563 0.001846439 0.001108295 0.000908067 0.000000000 0.004105408 0.006662479 0.007733502 0.007325331 0.007041844 0.006980150 0.007587497 0.007463472 0.006942658 0.006916644 0.006608767 0.005680272 0.005903471 0.006027903 0.008100731 0.008058707 0.008230928 0.007862085 0.007495148 0.007526774 0.008270866 0.007332623 0.006214991 0.006572671 0.007108506 0.005899332 0.005868914 0.005612883 0.005605647 0.005496291 0.005559227 0.005576039 0.006910109 0.006787584 0.007145626 0.007345035 0.007259068 0.007392742 0.006582998 0.006494627 0.006510766 0.007387780 0.006438918 0.006695694 0.017358731 
3     0.004107168 0.004329465 0.003773156 0.003947526 0.004065746 0.004105408 0.000000000 0.006497097 0.007569899 0.007161593 0.006878106 0.006816412 0.007423759 0.007299734 0.006778920 0.006752929 0.006443543 0.005520228 0.005744623 0.005867858 0.007940697 0.007898673 0.008070972 0.007702128 0.007335344 0.007366971 0.008110941 0.007174458 0.006067264 0.006425057 0.006960893 0.005750980 0.005720562 0.005464531 0.005457295 0.005347939 0.005410876 0.005427687 0.006752937 0.006630411 0.006988453 0.007187863 0.007101896 0.007235570 0.006425825 0.006337455 0.006353593 0.007230105 0.006286727 0.006543477 0.017180527 
26     0.006662020 0.006882633 0.006329529 0.006505760 0.006621842 0.006662479 0.006497097 0.000000000 0.005898568 0.005490558 0.005217240 0.005154754 0.005753874 0.005629554 0.005111631 0.005091139 0.004785564 0.005843449 0.006068124 0.006190779 0.008281600 0.008239577 0.008411875 0.008043031 0.007674339 0.007705965 0.008449104 0.007511282 0.006405653 0.006758724 0.007294893 0.006108045 0.006077626 0.005824741 0.005817505 0.005708148 0.005771085 0.005786833 0.007067226 0.006935142 0.007303967 0.007503377 0.007417363 0.007551037 0.006740695 0.006652325 0.006668463 0.007534395 0.006597719 0.006856115 0.017831140 
37     0.007733109 0.007953747 0.007400625 0.007576783 0.007692670 0.007733502 0.007569899 0.005898568 0.000000000 0.002492564 0.002258235 0.002212056 0.003472463 0.003390812 0.003065986 0.004618377 0.005820604 0.006913211 0.007137885 0.007258100 0.009342276 0.009300252 0.009472550 0.009103707 0.008734198 0.008765824 0.009509780 0.008571958 0.007454116 0.007807186 0.008343356 0.007151051 0.007120633 0.006871154 0.006863918 0.006754561 0.006817498 0.006833246 0.008144512 0.008013169 0.008381947 0.008581357 0.008495390 0.008629064 0.007819127 0.007730756 0.007746895 0.008610841 0.007672142 0.007930400 0.018962012 
38     0.007324873 0.007545486 0.006992381 0.007168613 0.007284488 0.007325331 0.007161593 0.005490558 0.002492564 0.000000000 0.001738882 0.001646402 0.003051919 0.002941612 0.002671428 0.004210773 0.005414379 0.006504531 0.006729205 0.006848270 0.008933630 0.008891606 0.009063904 0.008695061 0.008325551 0.008357178 0.009101134 0.008163312 0.007045436 0.007398507 0.007934676 0.006742371 0.006711953 0.006462474 0.006455238 0.006345881 0.006408818 0.006424566 0.007735724 0.007604381 0.007973159 0.008172569 0.008086602 0.008220276 0.007410339 0.007321968 0.007338107 0.008202053 0.007260701 0.007517377 0.018553650 
25     0.007041386 0.007261998 0.006708894 0.006885126 0.007001021 0.007041844 0.006878106 0.005217240 0.002258235 0.001738882 0.000000000 0.000600622 0.002783555 0.002677145 0.002410253 0.003953637 0.005140579 0.006220980 0.006445655 0.006565281 0.008650079 0.008608055 0.008780353 0.008411510 0.008042000 0.008073627 0.008817583 0.007879761 0.006761163 0.007114233 0.007650403 0.006458884 0.006428466 0.006178987 0.006171751 0.006062394 0.006125331 0.006141079 0.007444294 0.007315092 0.007683870 0.007883280 0.007797313 0.007930987 0.007121050 0.007032679 0.007048818 0.007915078 0.006976428 0.007233235 0.018270163 
10     0.006979692 0.007200304 0.006647200 0.006823432 0.006939327 0.006980150 0.006816412 0.005154754 0.002212056 0.001646402 0.000600622 0.000000000 0.002694208 0.002606427 0.002321765 0.003888237 0.005079474 0.006159286 0.006383961 0.006503587 0.008588385 0.008546361 0.008718659 0.008349816 0.007980306 0.008011933 0.008755889 0.007818067 0.006699469 0.007052539 0.007588709 0.006397190 0.006366772 0.006117293 0.006110057 0.006000700 0.006063637 0.006079385 0.007382600 0.007253398 0.007622176 0.007821586 0.007735619 0.007869293 0.007059356 0.006970985 0.006987124 0.007853384 0.006914734 0.007171541 0.018208469 
43     0.007587039 0.007807651 0.007254547 0.007430779 0.007546684 0.007587497 0.007423759 0.005753874 0.003472463 0.003051919 0.002783555 0.002694208 0.000000000 0.003019330 0.002947482 0.004468337 0.005674772 0.006767053 0.006991728 0.007111757 0.009196152 0.009154128 0.009326426 0.008957583 0.008588074 0.008619700 0.009363656 0.008425834 0.007307958 0.007661029 0.008197198 0.007004894 0.006974475 0.006724996 0.006717760 0.006608403 0.006671340 0.006687088 0.007999239 0.007867895 0.008236674 0.008436083 0.008350116 0.008483790 0.007673853 0.007585483 0.007601621 0.008467148 0.007525955 0.007784156 0.018815816 
39     0.007463013 0.007683626 0.007130522 0.007306753 0.007422659 0.007463472 0.007299734 0.005629554 0.003390812 0.002941612 0.002677145 0.002606427 0.003019330 0.000000000 0.002782922 0.004357361 0.005550283 0.006643028 0.006867702 0.006987593 0.009072127 0.009030103 0.009202401 0.008833557 0.008464048 0.008495674 0.009239630 0.008301808 0.007183933 0.007537003 0.008073173 0.006880868 0.006850450 0.006600971 0.006593735 0.006484378 0.006547315 0.006563063 0.007875213 0.007743870 0.008112648 0.008312058 0.008226091 0.008359765 0.007549828 0.007461457 0.007477595 0.008343123 0.007401930 0.007660055 0.018691791 
21     0.006942200 0.007162812 0.006609708 0.006785940 0.006901845 0.006942658 0.006778920 0.005111631 0.003065986 0.002671428 0.002410253 0.002321765 0.002947482 0.002782922 0.000000000 0.003825657 0.005022956 0.006121760 0.006346435 0.006466496 0.008550366 0.008508342 0.008680640 0.008311797 0.007942288 0.007973914 0.008717870 0.007780048 0.006662172 0.007015243 0.007551412 0.006359108 0.006328689 0.006079210 0.006071974 0.005962618 0.006025554 0.006041302 0.007354891 0.007223548 0.007592326 0.007791736 0.007705769 0.007839443 0.007029506 0.006941135 0.006957274 0.007822801 0.006882039 0.007140086 0.018171444 
28     0.006916185 0.007136798 0.006583694 0.006759925 0.006875831 0.006916644 0.006752929 0.005091139 0.004618377 0.004210773 0.003953637 0.003888237 0.004468337 0.004357361 0.003825657 0.000000000 0.004992645 0.006099747 0.006324422 0.006445200 0.008518812 0.008476788 0.008649086 0.008280243 0.007910848 0.007942474 0.008686316 0.007748494 0.006634771 0.006987842 0.007524011 0.006333621 0.006303203 0.006052802 0.006045566 0.005936210 0.005999146 0.006014894 0.007319653 0.007190160 0.007559197 0.007758606 0.007672639 0.007806313 0.006995279 0.006907082 0.006923220 0.007790790 0.006848191 0.007106643 0.018141963 
44     0.006608308 0.006828921 0.006275816 0.006452048 0.006568060 0.006608767 0.006443543 0.004785564 0.005820604 0.005414379 0.005140579 0.005079474 0.005674772 0.005550283 0.005022956 0.004992645 0.000000000 0.005798440 0.006023114 0.006145770 0.008213683 0.008171659 0.008343957 0.007975114 0.007606041 0.007637667 0.008381187 0.007443365 0.006337361 0.006690431 0.007226601 0.006043109 0.006012691 0.005759836 0.005752600 0.005643243 0.005706180 0.005721928 0.007022892 0.006890397 0.007259328 0.007458737 0.007372770 0.007506445 0.006696507 0.006608137 0.006624275 0.007489795 0.006555798 0.006815759 0.017842361 
31     0.005679892 0.005900578 0.005347571 0.005523716 0.005640185 0.005680272 0.005520228 0.005843449 0.006913211 0.006504531 0.006220980 0.006159286 0.006767053 0.006643028 0.006121760 0.006099747 0.005798440 0.000000000 0.001454569 0.001516662 0.006468197 0.006426173 0.006600226 0.006231251 0.005847463 0.005879089 0.006621054 0.005685702 0.004666793 0.005021757 0.005557911 0.004366068 0.004335650 0.004076206 0.004068970 0.003959613 0.004022550 0.004034440 0.005690824 0.005570711 0.005924535 0.006123945 0.006037978 0.006171652 0.005361586 0.005273215 0.005289353 0.006162179 0.005184870 0.005442179 0.016892443 
46     0.005897887 0.006116958 0.005570770 0.005746916 0.005863384 0.005903471 0.005744623 0.006068124 0.007137885 0.006729205 0.006445655 0.006383961 0.006991728 0.006867702 0.006346435 0.006324422 0.006023114 0.001454569 0.000000000 0.001474631 0.006693066 0.006651043 0.006825095 0.006456120 0.006082306 0.006113932 0.006855898 0.005920545 0.004901914 0.005256878 0.005793032 0.004601352 0.004570933 0.004311490 0.004304254 0.004194897 0.004257834 0.004270305 0.005915713 0.005795600 0.006149424 0.006348834 0.006262867 0.006396541 0.005586474 0.005498104 0.005514242 0.006387068 0.005409477 0.005666785 0.017126066 
15     0.006027523 0.006248208 0.005695202 0.005871347 0.005987815 0.006027903 0.005867858 0.006190779 0.007258100 0.006848270 0.006565281 0.006503587 0.007111757 0.006987593 0.006466496 0.006445200 0.006145770 0.001516662 0.001474631 0.000000000 0.006816011 0.006773987 0.006948040 0.006579065 0.006194645 0.006226272 0.006968237 0.006032885 0.005014328 0.005369293 0.005905447 0.004713769 0.004683351 0.004423907 0.004416671 0.004307315 0.004370252 0.004382678 0.006038657 0.005918544 0.006272368 0.006471778 0.006385811 0.006519485 0.005709418 0.005621048 0.005637186 0.006510012 0.005531632 0.005789271 0.017248990 
24     0.008102061 0.008322746 0.007764801 0.007945885 0.008060647 0.008100731 0.007940697 0.008281600 0.009342276 0.008933630 0.008650079 0.008588385 0.009196152 0.009072127 0.008550366 0.008518812 0.008213683 0.006468197 0.006693066 0.006816011 0.000000000 0.001120180 0.004271365 0.003893299 0.005022924 0.005053834 0.005847324 0.004881512 0.007048979 0.007408072 0.007943643 0.006763808 0.006733390 0.006469402 0.006462166 0.006352809 0.006415746 0.006430292 0.008066648 0.007946591 0.008300444 0.008499853 0.008413886 0.008547560 0.007738938 0.007650568 0.007666706 0.008551943 0.007632580 0.007885908 0.019309598 
9     0.008060037 0.008280722 0.007722777 0.007903861 0.008018623 0.008058707 0.007898673 0.008239577 0.009300252 0.008891606 0.008608055 0.008546361 0.009154128 0.009030103 0.008508342 0.008476788 0.008171659 0.006426173 0.006651043 0.006773987 0.001120180 0.000000000 0.004229750 0.003851684 0.004987152 0.005018062 0.005811617 0.004845805 0.007006955 0.007366048 0.007901619 0.006721784 0.006691366 0.006427378 0.006420142 0.006310785 0.006373722 0.006388268 0.008024624 0.007904567 0.008258420 0.008457829 0.008371862 0.008505536 0.007696914 0.007608544 0.007624682 0.008509919 0.007590556 0.007843884 0.019267574 
22     0.008232336 0.008453021 0.007895956 0.008076159 0.008190845 0.008230928 0.008070972 0.008411875 0.009472550 0.009063904 0.008780353 0.008718659 0.009326426 0.009202401 0.008680640 0.008649086 0.008343957 0.006600226 0.006825095 0.006948040 0.004271365 0.004229750 0.000000000 0.001954975 0.005141505 0.005172305 0.005952320 0.004989743 0.007179170 0.007538169 0.008073740 0.006895794 0.006865376 0.006603103 0.006595867 0.006486510 0.006549447 0.006563994 0.008197582 0.008077525 0.008431378 0.008630787 0.008544820 0.008678494 0.007869872 0.007781502 0.007797640 0.008682877 0.007762352 0.008016083 0.019439648 
13     0.007863492 0.008084177 0.007527112 0.007707316 0.007822001 0.007862085 0.007702128 0.008043031 0.009103707 0.008695061 0.008411510 0.008349816 0.008957583 0.008833557 0.008311797 0.008280243 0.007975114 0.006231251 0.006456120 0.006579065 0.003893299 0.003851684 0.001954975 0.000000000 0.004780192 0.004810992 0.005593887 0.004622789 0.006810327 0.007169326 0.007704897 0.006526878 0.006496460 0.006234187 0.006226951 0.006117595 0.006180531 0.006195078 0.007828738 0.007708681 0.008062534 0.008261944 0.008175976 0.008309651 0.007501029 0.007412658 0.007428796 0.008314033 0.007393508 0.007647240 0.019070804 
33     0.007496708 0.007717394 0.007160962 0.007340532 0.007455064 0.007495148 0.007335344 0.007674339 0.008734198 0.008325551 0.008042000 0.007980306 0.008588074 0.008464048 0.007942288 0.007910848 0.007606041 0.005847463 0.006082306 0.006194645 0.005022924 0.004987152 0.005141505 0.004780192 0.000000000 0.000696785 0.004404387 0.003416152 0.006435905 0.006795005 0.007330576 0.006142775 0.006112357 0.005851343 0.005844107 0.005734750 0.005797687 0.005812233 0.007462472 0.007342415 0.007696267 0.007895677 0.007809710 0.007943384 0.007134762 0.007046392 0.007062530 0.007943056 0.007024890 0.007280696 0.018705086 
35     0.007528335 0.007749020 0.007192589 0.007372159 0.007486691 0.007526774 0.007366971 0.007705965 0.008765824 0.008357178 0.008073627 0.008011933 0.008619700 0.008495674 0.007973914 0.007942474 0.007637667 0.005879089 0.006113932 0.006226272 0.005053834 0.005018062 0.005172305 0.004810992 0.000696785 0.000000000 0.004437148 0.003448913 0.006467531 0.006826631 0.007362203 0.006174402 0.006143983 0.005882969 0.005875733 0.005766376 0.005829313 0.005843860 0.007494098 0.007374041 0.007727894 0.007927303 0.007841336 0.007975010 0.007166388 0.007078018 0.007094156 0.007974682 0.007056516 0.007312322 0.018736713 
8     0.008272305 0.008492990 0.007936559 0.008116129 0.008230783 0.008270866 0.008110941 0.008449104 0.009509780 0.009101134 0.008817583 0.008755889 0.009363656 0.009239630 0.008717870 0.008686316 0.008381187 0.006621054 0.006855898 0.006968237 0.005847324 0.005811617 0.005952320 0.005593887 0.004404387 0.004437148 0.000000000 0.003059753 0.007211128 0.007566421 0.008106460 0.006921099 0.006890681 0.006630351 0.006623115 0.006513758 0.006576695 0.006591241 0.008240922 0.008120865 0.008474718 0.008674127 0.008588160 0.008721834 0.007913212 0.007824842 0.007840980 0.008721506 0.007796694 0.008050692 0.019437418 
32     0.007335822 0.007556507 0.007000076 0.007179646 0.007292540 0.007332623 0.007174458 0.007511282 0.008571958 0.008163312 0.007879761 0.007818067 0.008425834 0.008301808 0.007780048 0.007748494 0.007443365 0.005685702 0.005920545 0.006032885 0.004881512 0.004845805 0.004989743 0.004622789 0.003416152 0.003448913 0.003059753 0.000000000 0.006278167 0.006637267 0.007172838 0.005984688 0.005954270 0.005693940 0.005686704 0.005577347 0.005640284 0.005654830 0.007303374 0.007183317 0.007537169 0.007736579 0.007650612 0.007784286 0.006975664 0.006887294 0.006903432 0.007783958 0.006862016 0.007116014 0.018543735 
47     0.006214747 0.006435432 0.005881545 0.006058623 0.006174903 0.006214991 0.006067264 0.006405653 0.007454116 0.007045436 0.006761163 0.006699469 0.007307958 0.007183933 0.006662172 0.006634771 0.006337361 0.004666793 0.004901914 0.005014328 0.007048979 0.007006955 0.007179170 0.006810327 0.006435905 0.006467531 0.007211128 0.006278167 0.000000000 0.003129372 0.003654414 0.004396630 0.004366163 0.004104792 0.004097556 0.003988199 0.004051100 0.004066493 0.006220804 0.006081183 0.006454515 0.006653925 0.006567958 0.006701632 0.005893039 0.005804669 0.005820807 0.006700063 0.005753317 0.006011499 0.017439674 
29     0.006572426 0.006793112 0.006239225 0.006416303 0.006532583 0.006572671 0.006425057 0.006758724 0.007807186 0.007398507 0.007114233 0.007052539 0.007661029 0.007537003 0.007015243 0.006987842 0.006690431 0.005021757 0.005256878 0.005369293 0.007408072 0.007366048 0.007538169 0.007169326 0.006795005 0.006826631 0.007566421 0.006637267 0.003129372 0.000000000 0.002428589 0.004755894 0.004725427 0.004464056 0.004456820 0.004347463 0.004410364 0.004425757 0.006583015 0.006442389 0.006816726 0.007016136 0.006930169 0.007063843 0.006255250 0.006166880 0.006183018 0.007062275 0.006115494 0.006373676 0.017797377 
19     0.007108262 0.007328947 0.006775060 0.006952139 0.007068418 0.007108506 0.006960893 0.007294893 0.008343356 0.007934676 0.007650403 0.007588709 0.008197198 0.008073173 0.007551412 0.007524011 0.007226601 0.005557911 0.005793032 0.005905447 0.007943643 0.007901619 0.008073740 0.007704897 0.007330576 0.007362203 0.008106460 0.007172838 0.003654414 0.002428589 0.000000000 0.005291652 0.005261185 0.004999814 0.004992579 0.004883222 0.004946123 0.004961515 0.007119169 0.006978543 0.007352881 0.007552290 0.007466323 0.007599997 0.006791405 0.006703034 0.006719172 0.007598429 0.006651736 0.006909918 0.018333508 
11     0.005899088 0.006119773 0.005564219 0.005742965 0.005859244 0.005899332 0.005750980 0.006108045 0.007151051 0.006742371 0.006458884 0.006397190 0.007004894 0.006880868 0.006359108 0.006333621 0.006043109 0.004366068 0.004601352 0.004713769 0.006763808 0.006721784 0.006895794 0.006526878 0.006142775 0.006174402 0.006921099 0.005984688 0.004396630 0.004755894 0.005291652 0.000000000 0.001733767 0.002132747 0.002123550 0.002018793 0.002080158 0.002099116 0.005907907 0.005787850 0.006141703 0.006341113 0.006255146 0.006388820 0.005580281 0.005491910 0.005508049 0.006387475 0.005453487 0.005711459 0.017131164 
45     0.005868670 0.006089355 0.005533869 0.005712546 0.005828826 0.005868914 0.005720562 0.006077626 0.007120633 0.006711953 0.006428466 0.006366772 0.006974475 0.006850450 0.006328689 0.006303203 0.006012691 0.004335650 0.004570933 0.004683351 0.006733390 0.006691366 0.006865376 0.006496460 0.006112357 0.006143983 0.006890681 0.005954270 0.004366163 0.004725427 0.005261185 0.001733767 0.000000000 0.002105292 0.002096785 0.001990873 0.002054454 0.002073688 0.005877489 0.005757432 0.006111285 0.006310694 0.006224727 0.006358401 0.005549862 0.005461492 0.005477630 0.006357056 0.005423069 0.005681041 0.017100745 
18     0.005612639 0.005833324 0.005278525 0.005456516 0.005572795 0.005612883 0.005464531 0.005824741 0.006871154 0.006462474 0.006178987 0.006117293 0.006724996 0.006600971 0.006079210 0.006052802 0.005759836 0.004076206 0.004311490 0.004423907 0.006469402 0.006427378 0.006603103 0.006234187 0.005851343 0.005882969 0.006630351 0.005693940 0.004104792 0.004464056 0.004999814 0.002132747 0.002105292 0.000000000 0.000741828 0.000992725 0.001141493 0.001167256 0.005621969 0.005501912 0.005855765 0.006055175 0.005969207 0.006102882 0.005294343 0.005205972 0.005222110 0.006101537 0.005167569 0.005425541 0.016844715 
48     0.005605403 0.005826088 0.005271289 0.005449280 0.005565559 0.005605647 0.005457295 0.005817505 0.006863918 0.006455238 0.006171751 0.006110057 0.006717760 0.006593735 0.006071974 0.006045566 0.005752600 0.004068970 0.004304254 0.004416671 0.006462166 0.006420142 0.006595867 0.006226951 0.005844107 0.005875733 0.006623115 0.005686704 0.004097556 0.004456820 0.004992579 0.002123550 0.002096785 0.000741828 0.000000000 0.000990254 0.001148292 0.001164147 0.005614733 0.005494676 0.005848529 0.006047939 0.005961972 0.006095646 0.005287107 0.005198736 0.005214874 0.006094301 0.005160333 0.005418305 0.016837479 
42     0.005496046 0.005716731 0.005161932 0.005339923 0.005456203 0.005496291 0.005347939 0.005708148 0.006754561 0.006345881 0.006062394 0.006000700 0.006608403 0.006484378 0.005962618 0.005936210 0.005643243 0.003959613 0.004194897 0.004307315 0.006352809 0.006310785 0.006486510 0.006117595 0.005734750 0.005766376 0.006513758 0.005577347 0.003988199 0.004347463 0.004883222 0.002018793 0.001990873 0.000992725 0.000990254 0.000000000 0.001014784 0.001034138 0.005505377 0.005385320 0.005739172 0.005938582 0.005852615 0.005986289 0.005177750 0.005089380 0.005105518 0.005984944 0.005050977 0.005308949 0.016728122 
40     0.005558983 0.005779668 0.005224896 0.005402860 0.005519140 0.005559227 0.005410876 0.005771085 0.006817498 0.006408818 0.006125331 0.006063637 0.006671340 0.006547315 0.006025554 0.005999146 0.005706180 0.004022550 0.004257834 0.004370252 0.006415746 0.006373722 0.006549447 0.006180531 0.005797687 0.005829313 0.006576695 0.005640284 0.004051100 0.004410364 0.004946123 0.002080158 0.002054454 0.001141493 0.001148292 0.001014784 0.000000000 0.001064498 0.005568314 0.005448256 0.005802109 0.006001519 0.005915552 0.006049226 0.005240687 0.005152317 0.005168455 0.006047881 0.005113913 0.005371885 0.016791059 
14     0.005575795 0.005796480 0.005241708 0.005419672 0.005535951 0.005576039 0.005427687 0.005786833 0.006833246 0.006424566 0.006141079 0.006079385 0.006687088 0.006563063 0.006041302 0.006014894 0.005721928 0.004034440 0.004270305 0.004382678 0.006430292 0.006388268 0.006563994 0.006195078 0.005812233 0.005843860 0.006591241 0.005654830 0.004066493 0.004425757 0.004961515 0.002099116 0.002073688 0.001167256 0.001164147 0.001034138 0.001064498 0.000000000 0.005586074 0.005466017 0.005819870 0.006019280 0.005933312 0.006066987 0.005258448 0.005170077 0.005186215 0.006065642 0.005131674 0.005389646 0.016807871 
27     0.006909848 0.007130534 0.006576771 0.006753672 0.006870021 0.006910109 0.006752937 0.007067226 0.008144512 0.007735724 0.007444294 0.007382600 0.007999239 0.007875213 0.007354891 0.007319653 0.007022892 0.005690824 0.005915713 0.006038657 0.008066648 0.008024624 0.008197582 0.007828738 0.007462472 0.007494098 0.008240922 0.007303374 0.006220804 0.006583015 0.007119169 0.005907907 0.005877489 0.005621969 0.005614733 0.005505377 0.005568314 0.005586074 0.000000000 0.002271835 0.002833874 0.003044572 0.002952169 0.003079257 0.002478497 0.002356758 0.002376884 0.005063651 0.006204649 0.006463965 0.018138421 
16     0.006787323 0.007008008 0.006454245 0.006631147 0.006747496 0.006787584 0.006630411 0.006935142 0.008013169 0.007604381 0.007315092 0.007253398 0.007867895 0.007743870 0.007223548 0.007190160 0.006890397 0.005570711 0.005795600 0.005918544 0.007946591 0.007904567 0.008077525 0.007708681 0.007342415 0.007374041 0.008120865 0.007183317 0.006081183 0.006442389 0.006978543 0.005787850 0.005757432 0.005501912 0.005494676 0.005385320 0.005448256 0.005466017 0.002271835 0.000000000 0.002679906 0.002894214 0.002797385 0.002940025 0.002341463 0.002218622 0.002240501 0.004941616 0.006084397 0.006343713 0.018012349 
12     0.007145365 0.007366050 0.006812287 0.006989189 0.007105538 0.007145626 0.006988453 0.007303967 0.008381947 0.007973159 0.007683870 0.007622176 0.008236674 0.008112648 0.007592326 0.007559197 0.007259328 0.005924535 0.006149424 0.006272368 0.008300444 0.008258420 0.008431378 0.008062534 0.007696267 0.007727894 0.008474718 0.007537169 0.006454515 0.006816726 0.007352881 0.006141703 0.006111285 0.005855765 0.005848529 0.005739172 0.005802109 0.005819870 0.002833874 0.002679906 0.000000000 0.001609235 0.001503002 0.001632836 0.002703069 0.002589198 0.002606743 0.005301614 0.006437711 0.006697027 0.018373305 
50     0.007344774 0.007565460 0.007011697 0.007188598 0.007304947 0.007345035 0.007187863 0.007503377 0.008581357 0.008172569 0.007883280 0.007821586 0.008436083 0.008312058 0.007791736 0.007758606 0.007458737 0.006123945 0.006348834 0.006471778 0.008499853 0.008457829 0.008630787 0.008261944 0.007895677 0.007927303 0.008674127 0.007736579 0.006653925 0.007016136 0.007552290 0.006341113 0.006310694 0.006055175 0.006047939 0.005938582 0.006001519 0.006019280 0.003044572 0.002894214 0.001609235 0.000000000 0.001225029 0.001348960 0.002907840 0.002796130 0.002813810 0.005495930 0.006637120 0.006896437 0.018572715 
41     0.007258807 0.007479492 0.006925730 0.007102631 0.007218980 0.007259068 0.007101896 0.007417363 0.008495390 0.008086602 0.007797313 0.007735619 0.008350116 0.008226091 0.007705769 0.007672639 0.007372770 0.006037978 0.006262867 0.006385811 0.008413886 0.008371862 0.008544820 0.008175976 0.007809710 0.007841336 0.008588160 0.007650612 0.006567958 0.006930169 0.007466323 0.006255146 0.006224727 0.005969207 0.005961972 0.005852615 0.005915552 0.005933312 0.002952169 0.002797385 0.001503002 0.001225029 0.000000000 0.001147134 0.002819015 0.002705913 0.002722430 0.005408892 0.006551153 0.006810469 0.018486743 
34     0.007392481 0.007613167 0.007059404 0.007236305 0.007352654 0.007392742 0.007235570 0.007551037 0.008629064 0.008220276 0.007930987 0.007869293 0.008483790 0.008359765 0.007839443 0.007806313 0.007506445 0.006171652 0.006396541 0.006519485 0.008547560 0.008505536 0.008678494 0.008309651 0.007943384 0.007975010 0.008721834 0.007784286 0.006701632 0.007063843 0.007599997 0.006388820 0.006358401 0.006102882 0.006095646 0.005986289 0.006049226 0.006066987 0.003079257 0.002940025 0.001632836 0.001348960 0.001147134 0.000000000 0.002968920 0.002853942 0.002871518 0.005548092 0.006684827 0.006944144 0.018620417 
23     0.006582737 0.006803422 0.006249659 0.006426561 0.006542910 0.006582998 0.006425825 0.006740695 0.007819127 0.007410339 0.007121050 0.007059356 0.007673853 0.007549828 0.007029506 0.006995279 0.006696507 0.005361586 0.005586474 0.005709418 0.007738938 0.007696914 0.007869872 0.007501029 0.007134762 0.007166388 0.007913212 0.006975664 0.005893039 0.006255250 0.006791405 0.005580281 0.005549862 0.005294343 0.005287107 0.005177750 0.005240687 0.005258448 0.002478497 0.002341463 0.002703069 0.002907840 0.002819015 0.002968920 0.000000000 0.001132613 0.001172757 0.004738383 0.005876405 0.006135721 0.017810572 
20     0.006494367 0.006715052 0.006161289 0.006338191 0.006454540 0.006494627 0.006337455 0.006652325 0.007730756 0.007321968 0.007032679 0.006970985 0.007585483 0.007461457 0.006941135 0.006907082 0.006608137 0.005273215 0.005498104 0.005621048 0.007650568 0.007608544 0.007781502 0.007412658 0.007046392 0.007078018 0.007824842 0.006887294 0.005804669 0.006166880 0.006703034 0.005491910 0.005461492 0.005205972 0.005198736 0.005089380 0.005152317 0.005170077 0.002356758 0.002218622 0.002589198 0.002796130 0.002705913 0.002853942 0.001132613 0.000000000 0.000778259 0.004650088 0.005788035 0.006047351 0.017722202 
17     0.006510505 0.006731190 0.006177427 0.006354329 0.006470678 0.006510766 0.006353593 0.006668463 0.007746895 0.007338107 0.007048818 0.006987124 0.007601621 0.007477595 0.006957274 0.006923220 0.006624275 0.005289353 0.005514242 0.005637186 0.007666706 0.007624682 0.007797640 0.007428796 0.007062530 0.007094156 0.007840980 0.006903432 0.005820807 0.006183018 0.006719172 0.005508049 0.005477630 0.005222110 0.005214874 0.005105518 0.005168455 0.005186215 0.002376884 0.002240501 0.002606743 0.002813810 0.002722430 0.002871518 0.001172757 0.000778259 0.000000000 0.004666351 0.005804173 0.006063489 0.017738340 
30     0.007387519 0.007608204 0.007054442 0.007231343 0.007347692 0.007387780 0.007230105 0.007534395 0.008610841 0.008202053 0.007915078 0.007853384 0.008467148 0.008343123 0.007822801 0.007790790 0.007489795 0.006162179 0.006387068 0.006510012 0.008551943 0.008509919 0.008682877 0.008314033 0.007943056 0.007974682 0.008721506 0.007783958 0.006700063 0.007062275 0.007598429 0.006387475 0.006357056 0.006101537 0.006094301 0.005984944 0.006047881 0.006065642 0.005063651 0.004941616 0.005301614 0.005495930 0.005408892 0.005548092 0.004738383 0.004650088 0.004666351 0.000000000 0.006670339 0.006929655 0.018608620 
49     0.006437579 0.006659061 0.006105615 0.006282200 0.006398831 0.006438918 0.006286727 0.006597719 0.007672142 0.007260701 0.006976428 0.006914734 0.007525955 0.007401930 0.006882039 0.006848191 0.006555798 0.005184870 0.005409477 0.005531632 0.007632580 0.007590556 0.007762352 0.007393508 0.007024890 0.007056516 0.007796694 0.006862016 0.005753317 0.006115494 0.006651736 0.005453487 0.005423069 0.005167569 0.005160333 0.005050977 0.005113913 0.005131674 0.006204649 0.006084397 0.006437711 0.006637120 0.006551153 0.006684827 0.005876405 0.005788035 0.005804173 0.006670339 0.000000000 0.002738006 0.017673447 
36     0.006694454 0.006915836 0.006362390 0.006538975 0.006655606 0.006695694 0.006543477 0.006856115 0.007930400 0.007517377 0.007233235 0.007171541 0.007784156 0.007660055 0.007140086 0.007106643 0.006815759 0.005442179 0.005666785 0.005789271 0.007885908 0.007843884 0.008016083 0.007647240 0.007280696 0.007312322 0.008050692 0.007116014 0.006011499 0.006373676 0.006909918 0.005711459 0.005681041 0.005425541 0.005418305 0.005308949 0.005371885 0.005389646 0.006463965 0.006343713 0.006697027 0.006896437 0.006810469 0.006944144 0.006135721 0.006047351 0.006063489 0.006929655 0.002738006 0.000000000 0.017929997 
0     0.017360385 0.017580971 0.017026450 0.017202013 0.017318648 0.017358731 0.017180527 0.017831140 0.018962012 0.018553650 0.018270163 0.018208469 0.018815816 0.018691791 0.018171444 0.018141963 0.017842361 0.016892443 0.017126066 0.017248990 0.019309598 0.019267574 0.019439648 0.019070804 0.018705086 0.018736713 0.019437418 0.018543735 0.017439674 0.017797377 0.018333508 0.017131164 0.017100745 0.016844715 0.016837479 0.016728122 0.016791059 0.016807871 0.018138421 0.018012349 0.018373305 0.018572715 0.018486743 0.018620417 0.017810572 0.017722202 0.017738340 0.018608620 0.017673447 0.017929997 0.000000000 
