51
4     0.000000000 0.000001850 0.000001880 0.000002150 0.000002290 0.000002320 0.000003790 0.000007090 0.000007370 0.000007040 0.000006650 0.000006590 0.000007680 0.000006720 0.000006640 0.000006400 0.000006680 0.000005520 0.000005880 0.000005840 0.000007190 0.000007240 0.000008530 0.000007400 0.000006660 0.000006700 0.000008150 0.000006490 0.000005960 0.000006590 0.000008120 0.000004620 0.000004480 0.000004480 0.000004310 0.000004180 0.000004190 0.000004620 0.000006180 0.000006820 0.000006910 0.000006930 0.000006670 0.000006790 0.000006840 0.000006120 0.000006230 0.000006020 0.000007230 0.000007020 0.000013420 
7     0.000001850 0.000000000 0.000002030 0.000002300 0.000002440 0.000002470 0.000003940 0.000007240 0.000007520 0.000007190 0.000006800 0.000006740 0.000007830 0.000006870 0.000006790 0.000006550 0.000006830 0.000005670 0.000006030 0.000005990 0.000007340 0.000007390 0.000008680 0.000007550 0.000006810 0.000006850 0.000008300 0.000006640 0.000006110 0.000006740 0.000008270 0.000004770 0.000004630 0.000004630 0.000004460 0.000004330 0.000004340 0.000004770 0.000006330 0.000006970 0.000007060 0.000007080 0.000006820 0.000006940 0.000006990 0.000006270 0.000006380 0.000006170 0.000007380 0.000007170 0.000013570 
5     0.000001880 0.000002030 0.000000000 0.000001430 0.000001570 0.000001600 0.000003470 0.000006770 0.000007050 0.000006720 0.000006330 0.000006270 0.000007360 0.000006400 0.000006320 0.000006080 0.000006360 0.000005200 0.000005560 0.000005520 0.000006870 0.000006920 0.000008210 0.000007080 0.000006340 0.000006380 0.000007830 0.000006170 0.000005640 0.000006270 0.000007800 0.000004300 0.000004160 0.000004160 0.000003990 0.000003860 0.000003870 0.000004300 0.000005860 0.000006500 0.000006590 0.000006610 0.000006350 0.000006470 0.000006520 0.000005800 0.000005910 0.000005700 0.000006910 0.000006700 0.000013100 
6     0.000002150 0.000002300 0.000001430 0.000000000 0.000000620 0.000001020 0.000003740 0.000007040 0.000007320 0.000006990 0.000006600 0.000006540 0.000007630 0.000006670 0.000006590 0.000006350 0.000006630 0.000005470 0.000005830 0.000005790 0.000007140 0.000007190 0.000008480 0.000007350 0.000006610 0.000006650 0.000008100 0.000006440 0.000005910 0.000006540 0.000008070 0.000004570 0.000004430 0.000004430 0.000004260 0.000004130 0.000004140 0.000004570 0.000006130 0.000006770 0.000006860 0.000006880 0.000006620 0.000006740 0.000006790 0.000006070 0.000006180 0.000005970 0.000007180 0.000006970 0.000013370 
2     0.000002290 0.000002440 0.000001570 0.000000620 0.000000000 0.000001210 0.000003880 0.000007180 0.000007460 0.000007130 0.000006740 0.000006680 0.000007770 0.000006810 0.000006730 0.000006490 0.000006770 0.000005610 0.000005970 0.000005930 0.000007280 0.000007330 0.000008620 0.000007490 0.000006750 0.000006790 0.000008240 0.000006580 0.000006050 0.000006680 0.000008210 0.000004710 0.000004570 0.000004570 0.000004400 0.000004270 0.000004280 0.000004710 0.000006270 0.000006910 0.000007000 0.000007020 0.000006760 0.000006880 0.000006930 0.000006210 0.000006320 0.000006110 0.000007320 0.000007110 0.000013510 
1     0.000002320 0.000002470 0.000001600 0.000001020 0.000001210 0.000000000 0.000003910 0.000007210 0.000007490 0.000007160 0.000006770 0.000006710 0.000007800 0.000006840 0.000006760 0.000006520 0.000006800 0.000005640 0.000006000 0.000005960 0.000007310 0.000007360 0.000008650 0.000007520 0.000006780 0.000006820 0.000008270 0.000006610 0.000006080 0.000006710 0.000008240 0.000004740 0.000004600 0.000004600 0.000004430 0.000004300 0.000004310 0.000004740 0.000006300 0.000006940 0.000007030 0.000007050 0.000006790 0.000006910 0.000006960 0.000006240 0.000006350 0.000006140 0.000007350 0.000007140 0.000013540 
3     0.000003790 0.000003940 0.000003470 0.000003740 0.000003880 0.000003910 0.000000000 0.000006800 0.000007080 0.000006750 0.000006360 0.000006300 0.000007390 0.000006430 0.000006350 0.000006110 0.000006390 0.000005230 0.000005590 0.000005550 0.000006900 0.000006950 0.000008240 0.000007110 0.000006370 0.000006410 0.000007860 0.000006200 0.000005670 0.000006300 0.000007830 0.000004330 0.000004190 0.000004190 0.000004020 0.000003890 0.000003900 0.000004330 0.000005890 0.000006530 0.000006620 0.000006640 0.000006380 0.000006500 0.000006550 0.000005830 0.000005940 0.000005730 0.000006940 0.000006730 0.000013130 
26     0.000007090 0.000007240 0.000006770 0.000007040 0.000007180 0.000007210 0.000006800 0.000000000 0.000007360 0.000007030 0.000006640 0.000006580 0.000000330 0.000006710 0.000006630 0.000006390 0.000007190 0.000007950 0.000008310 0.000008270 0.000009620 0.000009670 0.000010960 0.000009830 0.000009090 0.000009130 0.000010580 0.000008920 0.000008390 0.000009020 0.000010550 0.000007130 0.000006990 0.000006990 0.000006820 0.000006690 0.000006700 0.000007130 0.000008610 0.000009250 0.000009340 0.000009360 0.000009100 0.000009220 0.000009270 0.000008550 0.000008660 0.000008450 0.000009660 0.000009450 0.000015850 
37     0.000007370 0.000007520 0.000007050 0.000007320 0.000007460 0.000007490 0.000007080 0.000007360 0.000000000 0.000002210 0.000001820 0.000001760 0.000002850 0.000001490 0.000003670 0.000005310 0.000005950 0.000008230 0.000008590 0.000008550 0.000009900 0.000009950 0.000011240 0.000010110 0.000009370 0.000009410 0.000010860 0.000009200 0.000008670 0.000009300 0.000010830 0.000007410 0.000007270 0.000007270 0.000007100 0.000006970 0.000006980 0.000007410 0.000008890 0.000009530 0.000009620 0.000009640 0.000009380 0.000009500 0.000009550 0.000008830 0.000008940 0.000008730 0.000009940 0.000009730 0.000016130 
38     0.000007040 0.000007190 0.000006720 0.000006990 0.000007130 0.000007160 0.000006750 0.000007030 0.000002210 0.000000000 0.000001210 0.000001150 0.000002420 0.000001460 0.000003340 0.000004980 0.000007140 0.000007900 0.000008260 0.000008220 0.000009570 0.000009620 0.000010910 0.000009780 0.000009040 0.000009080 0.000010530 0.000008870 0.000008340 0.000008970 0.000010500 0.000007080 0.000006940 0.000006940 0.000006770 0.000006640 0.000006650 0.000007080 0.000008560 0.000009200 0.000009290 0.000009310 0.000009050 0.000009170 0.000009220 0.000008500 0.000008610 0.000008400 0.000009610 0.000009400 0.000015800 
25     0.000006650 0.000006800 0.000006330 0.000006600 0.000006740 0.000006770 0.000006360 0.000006640 0.000001820 0.000001210 0.000000000 0.000000240 0.000002030 0.000001070 0.000002950 0.000004590 0.000006750 0.000007510 0.000007870 0.000007830 0.000009180 0.000009230 0.000010520 0.000009390 0.000008650 0.000008690 0.000010140 0.000008480 0.000007950 0.000008580 0.000010110 0.000006690 0.000006550 0.000006550 0.000006380 0.000006250 0.000006260 0.000006690 0.000008170 0.000008810 0.000008900 0.000008920 0.000008660 0.000008780 0.000008830 0.000008110 0.000008220 0.000008010 0.000009220 0.000009010 0.000015410 
10     0.000006590 0.000006740 0.000006270 0.000006540 0.000006680 0.000006710 0.000006300 0.000006580 0.000001760 0.000001150 0.000000240 0.000000000 0.000001970 0.000001010 0.000002890 0.000004530 0.000006690 0.000007450 0.000007810 0.000007770 0.000009120 0.000009170 0.000010460 0.000009330 0.000008590 0.000008630 0.000010080 0.000008420 0.000007890 0.000008520 0.000010050 0.000006630 0.000006490 0.000006490 0.000006320 0.000006190 0.000006200 0.000006630 0.000008110 0.000008750 0.000008840 0.000008860 0.000008600 0.000008720 0.000008770 0.000008050 0.000008160 0.000007950 0.000009160 0.000008950 0.000015350 
43     0.000007680 0.000007830 0.000007360 0.000007630 0.000007770 0.000007800 0.000007390 0.000000330 0.000002850 0.000002420 0.000002030 0.000001970 0.000000000 0.000002000 0.000003980 0.000005620 0.000007780 0.000008540 0.000008900 0.000008860 0.000010210 0.000010260 0.000011550 0.000010420 0.000009680 0.000009720 0.000011170 0.000009510 0.000008980 0.000009610 0.000011140 0.000007720 0.000007580 0.000007580 0.000007410 0.000007280 0.000007290 0.000007720 0.000009200 0.000009840 0.000009930 0.000009950 0.000009690 0.000009810 0.000009860 0.000009140 0.000009250 0.000009040 0.000010250 0.000010040 0.000016440 
39     0.000006720 0.000006870 0.000006400 0.000006670 0.000006810 0.000006840 0.000006430 0.000006710 0.000001490 0.000001460 0.000001070 0.000001010 0.000002000 0.000000000 0.000003020 0.000004660 0.000006460 0.000007580 0.000007940 0.000007900 0.000009250 0.000009300 0.000010590 0.000009460 0.000008720 0.000008760 0.000010210 0.000008550 0.000008020 0.000008650 0.000010180 0.000006760 0.000006620 0.000006620 0.000006450 0.000006320 0.000006330 0.000006760 0.000008240 0.000008880 0.000008970 0.000008990 0.000008730 0.000008850 0.000008900 0.000008180 0.000008290 0.000008080 0.000009290 0.000009080 0.000015480 
21     0.000006640 0.000006790 0.000006320 0.000006590 0.000006730 0.000006760 0.000006350 0.000006630 0.000003670 0.000003340 0.000002950 0.000002890 0.000003980 0.000003020 0.000000000 0.000004580 0.000006740 0.000007500 0.000007860 0.000007820 0.000009170 0.000009220 0.000010510 0.000009380 0.000008640 0.000008680 0.000010130 0.000008470 0.000007940 0.000008570 0.000010100 0.000006680 0.000006540 0.000006540 0.000006370 0.000006240 0.000006250 0.000006680 0.000008160 0.000008800 0.000008890 0.000008910 0.000008650 0.000008770 0.000008820 0.000008100 0.000008210 0.000008000 0.000009210 0.000009000 0.000015400 
28     0.000006400 0.000006550 0.000006080 0.000006350 0.000006490 0.000006520 0.000006110 0.000006390 0.000005310 0.000004980 0.000004590 0.000004530 0.000005620 0.000004660 0.000004580 0.000000000 0.000006500 0.000007260 0.000007620 0.000007580 0.000008930 0.000008980 0.000010270 0.000009140 0.000008400 0.000008440 0.000009890 0.000008230 0.000007700 0.000008330 0.000009860 0.000006440 0.000006300 0.000006300 0.000006130 0.000006000 0.000006010 0.000006440 0.000007920 0.000008560 0.000008650 0.000008670 0.000008410 0.000008530 0.000008580 0.000007860 0.000007970 0.000007760 0.000008970 0.000008760 0.000015160 
44     0.000006680 0.000006830 0.000006360 0.000006630 0.000006770 0.000006800 0.000006390 0.000007190 0.000005950 0.000007140 0.000006750 0.000006690 0.000007780 0.000006460 0.000006740 0.000006500 0.000000000 0.000007540 0.000007900 0.000007860 0.000009210 0.000009260 0.000010550 0.000009420 0.000008680 0.000008720 0.000010170 0.000008510 0.000007980 0.000008610 0.000010140 0.000006720 0.000006580 0.000006580 0.000006410 0.000006280 0.000006290 0.000006720 0.000008200 0.000008840 0.000008930 0.000008950 0.000008690 0.000008810 0.000008860 0.000008140 0.000008250 0.000008040 0.000009250 0.000009040 0.000015440 
31     0.000005520 0.000005670 0.000005200 0.000005470 0.000005610 0.000005640 0.000005230 0.000007950 0.000008230 0.000007900 0.000007510 0.000007450 0.000008540 0.000007580 0.000007500 0.000007260 0.000007540 0.000000000 0.000001260 0.000001220 0.000006250 0.000006300 0.000007590 0.000006460 0.000005720 0.000005760 0.000007210 0.000005550 0.000004560 0.000005190 0.000006720 0.000005560 0.000005420 0.000005420 0.000005250 0.000005120 0.000005130 0.000005560 0.000005240 0.000005880 0.000005970 0.000005990 0.000005730 0.000005850 0.000005900 0.000005180 0.000005290 0.000005080 0.000006290 0.000006080 0.000013780 
46     0.000005880 0.000006030 0.000005560 0.000005830 0.000005970 0.000006000 0.000005590 0.000008310 0.000008590 0.000008260 0.000007870 0.000007810 0.000008900 0.000007940 0.000007860 0.000007620 0.000007900 0.000001260 0.000000000 0.000001360 0.000006610 0.000006660 0.000007950 0.000006820 0.000006080 0.000006120 0.000007570 0.000005910 0.000004920 0.000005550 0.000007080 0.000005920 0.000005780 0.000005780 0.000005610 0.000005480 0.000005490 0.000005920 0.000005600 0.000006240 0.000006330 0.000006350 0.000006090 0.000006210 0.000006260 0.000005540 0.000005650 0.000005440 0.000006650 0.000006440 0.000014140 
15     0.000005840 0.000005990 0.000005520 0.000005790 0.000005930 0.000005960 0.000005550 0.000008270 0.000008550 0.000008220 0.000007830 0.000007770 0.000008860 0.000007900 0.000007820 0.000007580 0.000007860 0.000001220 0.000001360 0.000000000 0.000006570 0.000006620 0.000007910 0.000006780 0.000006040 0.000006080 0.000007530 0.000005870 0.000004880 0.000005510 0.000007040 0.000005880 0.000005740 0.000005740 0.000005570 0.000005440 0.000005450 0.000005880 0.000005560 0.000006200 0.000006290 0.000006310 0.000006050 0.000006170 0.000006220 0.000005500 0.000005610 0.000005400 0.000006610 0.000006400 0.000014100 
24     0.000007190 0.000007340 0.000006870 0.000007140 0.000007280 0.000007310 0.000006900 0.000009620 0.000009900 0.000009570 0.000009180 0.000009120 0.000010210 0.000009250 0.000009170 0.000008930 0.000009210 0.000006250 0.000006610 0.000006570 0.000000000 0.000000410 0.000004320 0.000003190 0.000003650 0.000003690 0.000005140 0.000003480 0.000006690 0.000007320 0.000008850 0.000007230 0.000007090 0.000007090 0.000006920 0.000006790 0.000006800 0.000007230 0.000006710 0.000007350 0.000007440 0.000007460 0.000007200 0.000007320 0.000007370 0.000006650 0.000006760 0.000006550 0.000007760 0.000007550 0.000015450 
9     0.000007240 0.000007390 0.000006920 0.000007190 0.000007330 0.000007360 0.000006950 0.000009670 0.000009950 0.000009620 0.000009230 0.000009170 0.000010260 0.000009300 0.000009220 0.000008980 0.000009260 0.000006300 0.000006660 0.000006620 0.000000410 0.000000000 0.000004370 0.000003240 0.000003700 0.000003740 0.000005190 0.000003530 0.000006740 0.000007370 0.000008900 0.000007280 0.000007140 0.000007140 0.000006970 0.000006840 0.000006850 0.000007280 0.000006760 0.000007400 0.000007490 0.000007510 0.000007250 0.000007370 0.000007420 0.000006700 0.000006810 0.000006600 0.000007810 0.000007600 0.000015500 
22     0.000008530 0.000008680 0.000008210 0.000008480 0.000008620 0.000008650 0.000008240 0.000010960 0.000011240 0.000010910 0.000010520 0.000010460 0.000011550 0.000010590 0.000010510 0.000010270 0.000010550 0.000007590 0.000007950 0.000007910 0.000004320 0.000004370 0.000000000 0.000001300 0.000004990 0.000005030 0.000006480 0.000004820 0.000008030 0.000008660 0.000010190 0.000008570 0.000008430 0.000008430 0.000008260 0.000008130 0.000008140 0.000008570 0.000008050 0.000008690 0.000008780 0.000008800 0.000008540 0.000008660 0.000008710 0.000007990 0.000008100 0.000007890 0.000009100 0.000008890 0.000016790 
13     0.000007400 0.000007550 0.000007080 0.000007350 0.000007490 0.000007520 0.000007110 0.000009830 0.000010110 0.000009780 0.000009390 0.000009330 0.000010420 0.000009460 0.000009380 0.000009140 0.000009420 0.000006460 0.000006820 0.000006780 0.000003190 0.000003240 0.000001300 0.000000000 0.000003860 0.000003900 0.000005350 0.000003690 0.000006900 0.000007530 0.000009060 0.000007440 0.000007300 0.000007300 0.000007130 0.000007000 0.000007010 0.000007440 0.000006920 0.000007560 0.000007650 0.000007670 0.000007410 0.000007530 0.000007580 0.000006860 0.000006970 0.000006760 0.000007970 0.000007760 0.000015660 
33     0.000006660 0.000006810 0.000006340 0.000006610 0.000006750 0.000006780 0.000006370 0.000009090 0.000009370 0.000009040 0.000008650 0.000008590 0.000009680 0.000008720 0.000008640 0.000008400 0.000008680 0.000005720 0.000006080 0.000006040 0.000003650 0.000003700 0.000004990 0.000003860 0.000000000 0.000000420 0.000003790 0.000002130 0.000006160 0.000006790 0.000008320 0.000006700 0.000006560 0.000006560 0.000006390 0.000006260 0.000006270 0.000006700 0.000006180 0.000006820 0.000006910 0.000006930 0.000006670 0.000006790 0.000006840 0.000006120 0.000006230 0.000006020 0.000007230 0.000007020 0.000014920 
35     0.000006700 0.000006850 0.000006380 0.000006650 0.000006790 0.000006820 0.000006410 0.000009130 0.000009410 0.000009080 0.000008690 0.000008630 0.000009720 0.000008760 0.000008680 0.000008440 0.000008720 0.000005760 0.000006120 0.000006080 0.000003690 0.000003740 0.000005030 0.000003900 0.000000420 0.000000000 0.000003830 0.000002170 0.000006200 0.000006830 0.000008360 0.000006740 0.000006600 0.000006600 0.000006430 0.000006300 0.000006310 0.000006740 0.000006220 0.000006860 0.000006950 0.000006970 0.000006710 0.000006830 0.000006880 0.000006160 0.000006270 0.000006060 0.000007270 0.000007060 0.000014960 
8     0.000008150 0.000008300 0.000007830 0.000008100 0.000008240 0.000008270 0.000007860 0.000010580 0.000010860 0.000010530 0.000010140 0.000010080 0.000011170 0.000010210 0.000010130 0.000009890 0.000010170 0.000007210 0.000007570 0.000007530 0.000005140 0.000005190 0.000006480 0.000005350 0.000003790 0.000003830 0.000000000 0.000000340 0.000007650 0.000008280 0.000009810 0.000008190 0.000008050 0.000008050 0.000007880 0.000007750 0.000007760 0.000008190 0.000007670 0.000008310 0.000008400 0.000008420 0.000008160 0.000008280 0.000008330 0.000007610 0.000007720 0.000007510 0.000008720 0.000008510 0.000016410 
32     0.000006490 0.000006640 0.000006170 0.000006440 0.000006580 0.000006610 0.000006200 0.000008920 0.000009200 0.000008870 0.000008480 0.000008420 0.000009510 0.000008550 0.000008470 0.000008230 0.000008510 0.000005550 0.000005910 0.000005870 0.000003480 0.000003530 0.000004820 0.000003690 0.000002130 0.000002170 0.000000340 0.000000000 0.000005990 0.000006620 0.000008150 0.000006530 0.000006390 0.000006390 0.000006220 0.000006090 0.000006100 0.000006530 0.000006010 0.000006650 0.000006740 0.000006760 0.000006500 0.000006620 0.000006670 0.000005950 0.000006060 0.000005850 0.000007060 0.000006850 0.000014750 
47     0.000005960 0.000006110 0.000005640 0.000005910 0.000006050 0.000006080 0.000005670 0.000008390 0.000008670 0.000008340 0.000007950 0.000007890 0.000008980 0.000008020 0.000007940 0.000007700 0.000007980 0.000004560 0.000004920 0.000004880 0.000006690 0.000006740 0.000008030 0.000006900 0.000006160 0.000006200 0.000007650 0.000005990 0.000000000 0.000003390 0.000004920 0.000006000 0.000005860 0.000005860 0.000005690 0.000005560 0.000005570 0.000006000 0.000005680 0.000006320 0.000006410 0.000006430 0.000006170 0.000006290 0.000006340 0.000005620 0.000005730 0.000005520 0.000006730 0.000006520 0.000014220 
29     0.000006590 0.000006740 0.000006270 0.000006540 0.000006680 0.000006710 0.000006300 0.000009020 0.000009300 0.000008970 0.000008580 0.000008520 0.000009610 0.000008650 0.000008570 0.000008330 0.000008610 0.000005190 0.000005550 0.000005510 0.000007320 0.000007370 0.000008660 0.000007530 0.000006790 0.000006830 0.000008280 0.000006620 0.000003390 0.000000000 0.000001530 0.000006630 0.000006490 0.000006490 0.000006320 0.000006190 0.000006200 0.000006630 0.000006310 0.000006950 0.000007040 0.000007060 0.000006800 0.000006920 0.000006970 0.000006250 0.000006360 0.000006150 0.000007360 0.000007150 0.000014850 
19     0.000008120 0.000008270 0.000007800 0.000008070 0.000008210 0.000008240 0.000007830 0.000010550 0.000010830 0.000010500 0.000010110 0.000010050 0.000011140 0.000010180 0.000010100 0.000009860 0.000010140 0.000006720 0.000007080 0.000007040 0.000008850 0.000008900 0.000010190 0.000009060 0.000008320 0.000008360 0.000009810 0.000008150 0.000004920 0.000001530 0.000000000 0.000008160 0.000008020 0.000008020 0.000007850 0.000007720 0.000007730 0.000008160 0.000007840 0.000008480 0.000008570 0.000008590 0.000008330 0.000008450 0.000008500 0.000007780 0.000007890 0.000007680 0.000008890 0.000008680 0.000016380 
11     0.000004620 0.000004770 0.000004300 0.000004570 0.000004710 0.000004740 0.000004330 0.000007130 0.000007410 0.000007080 0.000006690 0.000006630 0.000007720 0.000006760 0.000006680 0.000006440 0.000006720 0.000005560 0.000005920 0.000005880 0.000007230 0.000007280 0.000008570 0.000007440 0.000006700 0.000006740 0.000008190 0.000006530 0.000006000 0.000006630 0.000008160 0.000000000 0.000002060 0.000002000 0.000001830 0.000001700 0.000001710 0.000002140 0.000006220 0.000006860 0.000006950 0.000006970 0.000006710 0.000006830 0.000006880 0.000006160 0.000006270 0.000006060 0.000007270 0.000007060 0.000013460 
45     0.000004480 0.000004630 0.000004160 0.000004430 0.000004570 0.000004600 0.000004190 0.000006990 0.000007270 0.000006940 0.000006550 0.000006490 0.000007580 0.000006620 0.000006540 0.000006300 0.000006580 0.000005420 0.000005780 0.000005740 0.000007090 0.000007140 0.000008430 0.000007300 0.000006560 0.000006600 0.000008050 0.000006390 0.000005860 0.000006490 0.000008020 0.000002060 0.000000000 0.000001920 0.000001750 0.000001620 0.000001630 0.000002060 0.000006080 0.000006720 0.000006810 0.000006830 0.000006570 0.000006690 0.000006740 0.000006020 0.000006130 0.000005920 0.000007130 0.000006920 0.000013320 
18     0.000004480 0.000004630 0.000004160 0.000004430 0.000004570 0.000004600 0.000004190 0.000006990 0.000007270 0.000006940 0.000006550 0.000006490 0.000007580 0.000006620 0.000006540 0.000006300 0.000006580 0.000005420 0.000005780 0.000005740 0.000007090 0.000007140 0.000008430 0.000007300 0.000006560 0.000006600 0.000008050 0.000006390 0.000005860 0.000006490 0.000008020 0.000002000 0.000001920 0.000000000 0.000000770 0.000000680 0.000000910 0.000001500 0.000006080 0.000006720 0.000006810 0.000006830 0.000006570 0.000006690 0.000006740 0.000006020 0.000006130 0.000005920 0.000007130 0.000006920 0.000013320 
48     0.000004310 0.000004460 0.000003990 0.000004260 0.000004400 0.000004430 0.000004020 0.000006820 0.000007100 0.000006770 0.000006380 0.000006320 0.000007410 0.000006450 0.000006370 0.000006130 0.000006410 0.000005250 0.000005610 0.000005570 0.000006920 0.000006970 0.000008260 0.000007130 0.000006390 0.000006430 0.000007880 0.000006220 0.000005690 0.000006320 0.000007850 0.000001830 0.000001750 0.000000770 0.000000000 0.000000510 0.000000740 0.000001330 0.000005910 0.000006550 0.000006640 0.000006660 0.000006400 0.000006520 0.000006570 0.000005850 0.000005960 0.000005750 0.000006960 0.000006750 0.000013150 
42     0.000004180 0.000004330 0.000003860 0.000004130 0.000004270 0.000004300 0.000003890 0.000006690 0.000006970 0.000006640 0.000006250 0.000006190 0.000007280 0.000006320 0.000006240 0.000006000 0.000006280 0.000005120 0.000005480 0.000005440 0.000006790 0.000006840 0.000008130 0.000007000 0.000006260 0.000006300 0.000007750 0.000006090 0.000005560 0.000006190 0.000007720 0.000001700 0.000001620 0.000000680 0.000000510 0.000000000 0.000000610 0.000000000 0.000005780 0.000006420 0.000006510 0.000006530 0.000006270 0.000006390 0.000006440 0.000005720 0.000005830 0.000005620 0.000006830 0.000006620 0.000013020 
40     0.000004190 0.000004340 0.000003870 0.000004140 0.000004280 0.000004310 0.000003900 0.000006700 0.000006980 0.000006650 0.000006260 0.000006200 0.000007290 0.000006330 0.000006250 0.000006010 0.000006290 0.000005130 0.000005490 0.000005450 0.000006800 0.000006850 0.000008140 0.000007010 0.000006270 0.000006310 0.000007760 0.000006100 0.000005570 0.000006200 0.000007730 0.000001710 0.000001630 0.000000910 0.000000740 0.000000610 0.000000000 0.000001210 0.000005790 0.000006430 0.000006520 0.000006540 0.000006280 0.000006400 0.000006450 0.000005730 0.000005840 0.000005630 0.000006840 0.000006630 0.000013030 
14     0.000004620 0.000004770 0.000004300 0.000004570 0.000004710 0.000004740 0.000004330 0.000007130 0.000007410 0.000007080 0.000006690 0.000006630 0.000007720 0.000006760 0.000006680 0.000006440 0.000006720 0.000005560 0.000005920 0.000005880 0.000007230 0.000007280 0.000008570 0.000007440 0.000006700 0.000006740 0.000008190 0.000006530 0.000006000 0.000006630 0.000008160 0.000002140 0.000002060 0.000001500 0.000001330 0.000000000 0.000001210 0.000000000 0.000006220 0.000006860 0.000006950 0.000006970 0.000006710 0.000006830 0.000006880 0.000006160 0.000006270 0.000006060 0.000007270 0.000007060 0.000013460 
27     0.000006180 0.000006330 0.000005860 0.000006130 0.000006270 0.000006300 0.000005890 0.000008610 0.000008890 0.000008560 0.000008170 0.000008110 0.000009200 0.000008240 0.000008160 0.000007920 0.000008200 0.000005240 0.000005600 0.000005560 0.000006710 0.000006760 0.000008050 0.000006920 0.000006180 0.000006220 0.000007670 0.000006010 0.000005680 0.000006310 0.000007840 0.000006220 0.000006080 0.000006080 0.000005910 0.000005780 0.000005790 0.000006220 0.000000000 0.000000000 0.000002190 0.000002210 0.000001950 0.000002070 0.000002080 0.000001360 0.000001470 0.000003500 0.000006430 0.000006220 0.000014440 
16     0.000006820 0.000006970 0.000006500 0.000006770 0.000006910 0.000006940 0.000006530 0.000009250 0.000009530 0.000009200 0.000008810 0.000008750 0.000009840 0.000008880 0.000008800 0.000008560 0.000008840 0.000005880 0.000006240 0.000006200 0.000007350 0.000007400 0.000008690 0.000007560 0.000006820 0.000006860 0.000008310 0.000006650 0.000006320 0.000006950 0.000008480 0.000006860 0.000006720 0.000006720 0.000006550 0.000006420 0.000006430 0.000006860 0.000000000 0.000000000 0.000003490 0.000003510 0.000003250 0.000003370 0.000003400 0.000002700 0.000002810 0.000004140 0.000007070 0.000006860 0.000015080 
12     0.000006910 0.000007060 0.000006590 0.000006860 0.000007000 0.000007030 0.000006620 0.000009340 0.000009620 0.000009290 0.000008900 0.000008840 0.000009930 0.000008970 0.000008890 0.000008650 0.000008930 0.000005970 0.000006330 0.000006290 0.000007440 0.000007490 0.000008780 0.000007650 0.000006910 0.000006950 0.000008400 0.000006740 0.000006410 0.000007040 0.000008570 0.000006950 0.000006810 0.000006810 0.000006640 0.000006510 0.000006520 0.000006950 0.000002190 0.000003490 0.000000000 0.000000000 0.000001990 0.000002440 0.000002850 0.000002130 0.000002240 0.000004230 0.000007160 0.000006950 0.000015170 
50     0.000006930 0.000007080 0.000006610 0.000006880 0.000007020 0.000007050 0.000006640 0.000009360 0.000009640 0.000009310 0.000008920 0.000008860 0.000009950 0.000008990 0.000008910 0.000008670 0.000008950 0.000005990 0.000006350 0.000006310 0.000007460 0.000007510 0.000008800 0.000007670 0.000006930 0.000006970 0.000008420 0.000006760 0.000006430 0.000007060 0.000008590 0.000006970 0.000006830 0.000006830 0.000006660 0.000006530 0.000006540 0.000006970 0.000002210 0.000003510 0.000000000 0.000000000 0.000000330 0.000001520 0.000002870 0.000002150 0.000002260 0.000004250 0.000007180 0.000006970 0.000015190 
41     0.000006670 0.000006820 0.000006350 0.000006620 0.000006760 0.000006790 0.000006380 0.000009100 0.000009380 0.000009050 0.000008660 0.000008600 0.000009690 0.000008730 0.000008650 0.000008410 0.000008690 0.000005730 0.000006090 0.000006050 0.000007200 0.000007250 0.000008540 0.000007410 0.000006670 0.000006710 0.000008160 0.000006500 0.000006170 0.000006800 0.000008330 0.000006710 0.000006570 0.000006570 0.000006400 0.000006270 0.000006280 0.000006710 0.000001950 0.000003250 0.000001990 0.000000330 0.000000000 0.000000240 0.000002610 0.000001890 0.000002000 0.000003990 0.000006920 0.000006710 0.000014930 
34     0.000006790 0.000006940 0.000006470 0.000006740 0.000006880 0.000006910 0.000006500 0.000009220 0.000009500 0.000009170 0.000008780 0.000008720 0.000009810 0.000008850 0.000008770 0.000008530 0.000008810 0.000005850 0.000006210 0.000006170 0.000007320 0.000007370 0.000008660 0.000007530 0.000006790 0.000006830 0.000008280 0.000006620 0.000006290 0.000006920 0.000008450 0.000006830 0.000006690 0.000006690 0.000006520 0.000006390 0.000006400 0.000006830 0.000002070 0.000003370 0.000002440 0.000001520 0.000000240 0.000000000 0.000002730 0.000002010 0.000002120 0.000004110 0.000007040 0.000006830 0.000015050 
23     0.000006840 0.000006990 0.000006520 0.000006790 0.000006930 0.000006960 0.000006550 0.000009270 0.000009550 0.000009220 0.000008830 0.000008770 0.000009860 0.000008900 0.000008820 0.000008580 0.000008860 0.000005900 0.000006260 0.000006220 0.000007370 0.000007420 0.000008710 0.000007580 0.000006840 0.000006880 0.000008330 0.000006670 0.000006340 0.000006970 0.000008500 0.000006880 0.000006740 0.000006740 0.000006570 0.000006440 0.000006450 0.000006880 0.000002080 0.000003400 0.000002850 0.000002870 0.000002610 0.000002730 0.000000000 0.000000400 0.000001990 0.000004160 0.000007090 0.000006880 0.000015100 
20     0.000006120 0.000006270 0.000005800 0.000006070 0.000006210 0.000006240 0.000005830 0.000008550 0.000008830 0.000008500 0.000008110 0.000008050 0.000009140 0.000008180 0.000008100 0.000007860 0.000008140 0.000005180 0.000005540 0.000005500 0.000006650 0.000006700 0.000007990 0.000006860 0.000006120 0.000006160 0.000007610 0.000005950 0.000005620 0.000006250 0.000007780 0.000006160 0.000006020 0.000006020 0.000005850 0.000005720 0.000005730 0.000006160 0.000001360 0.000002700 0.000002130 0.000002150 0.000001890 0.000002010 0.000000400 0.000000000 0.000000390 0.000003440 0.000006370 0.000006160 0.000014380 
17     0.000006230 0.000006380 0.000005910 0.000006180 0.000006320 0.000006350 0.000005940 0.000008660 0.000008940 0.000008610 0.000008220 0.000008160 0.000009250 0.000008290 0.000008210 0.000007970 0.000008250 0.000005290 0.000005650 0.000005610 0.000006760 0.000006810 0.000008100 0.000006970 0.000006230 0.000006270 0.000007720 0.000006060 0.000005730 0.000006360 0.000007890 0.000006270 0.000006130 0.000006130 0.000005960 0.000005830 0.000005840 0.000006270 0.000001470 0.000002810 0.000002240 0.000002260 0.000002000 0.000002120 0.000001990 0.000000390 0.000000000 0.000003550 0.000006480 0.000006270 0.000014490 
30     0.000006020 0.000006170 0.000005700 0.000005970 0.000006110 0.000006140 0.000005730 0.000008450 0.000008730 0.000008400 0.000008010 0.000007950 0.000009040 0.000008080 0.000008000 0.000007760 0.000008040 0.000005080 0.000005440 0.000005400 0.000006550 0.000006600 0.000007890 0.000006760 0.000006020 0.000006060 0.000007510 0.000005850 0.000005520 0.000006150 0.000007680 0.000006060 0.000005920 0.000005920 0.000005750 0.000005620 0.000005630 0.000006060 0.000003500 0.000004140 0.000004230 0.000004250 0.000003990 0.000004110 0.000004160 0.000003440 0.000003550 0.000000000 0.000006270 0.000006060 0.000014280 
49     0.000007230 0.000007380 0.000006910 0.000007180 0.000007320 0.000007350 0.000006940 0.000009660 0.000009940 0.000009610 0.000009220 0.000009160 0.000010250 0.000009290 0.000009210 0.000008970 0.000009250 0.000006290 0.000006650 0.000006610 0.000007760 0.000007810 0.000009100 0.000007970 0.000007230 0.000007270 0.000008720 0.000007060 0.000006730 0.000007360 0.000008890 0.000007270 0.000007130 0.000007130 0.000006960 0.000006830 0.000006840 0.000007270 0.000006430 0.000007070 0.000007160 0.000007180 0.000006920 0.000007040 0.000007090 0.000006370 0.000006480 0.000006270 0.000000000 0.000002650 0.000015490 
36     0.000007020 0.000007170 0.000006700 0.000006970 0.000007110 0.000007140 0.000006730 0.000009450 0.000009730 0.000009400 0.000009010 0.000008950 0.000010040 0.000009080 0.000009000 0.000008760 0.000009040 0.000006080 0.000006440 0.000006400 0.000007550 0.000007600 0.000008890 0.000007760 0.000007020 0.000007060 0.000008510 0.000006850 0.000006520 0.000007150 0.000008680 0.000007060 0.000006920 0.000006920 0.000006750 0.000006620 0.000006630 0.000007060 0.000006220 0.000006860 0.000006950 0.000006970 0.000006710 0.000006830 0.000006880 0.000006160 0.000006270 0.000006060 0.000002650 0.000000000 0.000015280 
0     0.000013420 0.000013570 0.000013100 0.000013370 0.000013510 0.000013540 0.000013130 0.000015850 0.000016130 0.000015800 0.000015410 0.000015350 0.000016440 0.000015480 0.000015400 0.000015160 0.000015440 0.000013780 0.000014140 0.000014100 0.000015450 0.000015500 0.000016790 0.000015660 0.000014920 0.000014960 0.000016410 0.000014750 0.000014220 0.000014850 0.000016380 0.000013460 0.000013320 0.000013320 0.000013150 0.000013020 0.000013030 0.000013460 0.000014440 0.000015080 0.000015170 0.000015190 0.000014930 0.000015050 0.000015100 0.000014380 0.000014490 0.000014280 0.000015490 0.000015280 0.000000000 
