51
14     0.000000000 0.000410220 0.000106350 0.002395440 0.002236310 0.002189880 0.001574270 0.002028040 0.001927730 0.002650200 0.004368660 0.004433910 0.004715350 0.005157480 0.005014880 0.004208960 0.004227200 0.004673300 0.007380470 0.008420800 0.008186650 0.008420950 0.009787250 0.009722050 0.008022410 0.007538510 0.008089980 0.008777510 0.009220800 0.012001200 0.008164030 0.008187880 0.009358410 0.009767290 0.009581910 0.009978090 0.009828810 0.009621490 0.011096800 0.009855910 0.010010560 0.007065920 0.010779120 0.009216950 0.010121050 0.009239520 0.010432720 0.000441620 0.007289850 0.007000720 0.026791200 
9     0.000410220 0.000000000 0.000000000 0.002255210 0.001681870 0.001429270 0.001434040 0.001887810 0.001787500 0.002089720 0.004228430 0.004293680 0.004575120 0.005017250 0.004874650 0.004068730 0.004086970 0.004533070 0.007240240 0.008280570 0.008046420 0.008280720 0.009647020 0.009581820 0.007882180 0.007398280 0.007949750 0.008637280 0.009080570 0.011860970 0.008023800 0.008047650 0.009218180 0.009627060 0.009441680 0.009837860 0.009688580 0.009481260 0.010956570 0.009715680 0.009870330 0.006925690 0.011208860 0.009076720 0.009980820 0.009099290 0.010292490 0.000059260 0.007149620 0.006860490 0.021720310 
5     0.000106350 0.000000000 0.000000000 0.002446420 0.002678230 0.002631800 0.002016190 0.002469960 0.002369650 0.003092120 0.004810580 0.004875830 0.005157270 0.005599400 0.005456800 0.004650880 0.004669120 0.005115220 0.007822390 0.008862720 0.008628570 0.008862870 0.010229170 0.010163970 0.008464330 0.007980430 0.003821200 0.009219430 0.009662720 0.012443120 0.008605950 0.008629800 0.009800330 0.010209210 0.010023830 0.010420010 0.010270730 0.010063410 0.011538720 0.010297830 0.010452480 0.007507840 0.011208860 0.009658870 0.010562970 0.009681440 0.010874640 0.004728820 0.007731770 0.007442640 0.029947530 
3     0.002395440 0.002255210 0.002446420 0.000000000 0.000635790 0.003204080 0.000624210 0.001362550 0.000566550 0.003664400 0.005058840 0.005448110 0.005729550 0.006171680 0.006029080 0.005223160 0.005241400 0.005687500 0.008394670 0.009435000 0.009200850 0.009435150 0.010801450 0.010736250 0.009036610 0.008552710 0.004759960 0.009791710 0.010235000 0.013015400 0.009178230 0.009202080 0.010372610 0.010781490 0.010596110 0.010992290 0.010843010 0.010635690 0.012111000 0.010870110 0.011024760 0.008080120 0.012893740 0.010231150 0.011135250 0.010253720 0.011446920 0.014350750 0.008304050 0.008014920 0.007079970 
6     0.002236310 0.001681870 0.002678230 0.000635790 0.000000000 0.000010650 0.001008100 0.002883110 0.000950440 0.001360150 0.005223730 0.005025800 0.005307240 0.005749370 0.005606770 0.004800850 0.004819090 0.005265190 0.007972360 0.009012690 0.008778540 0.009012840 0.010379140 0.010313940 0.008614300 0.008130400 0.008681870 0.009369400 0.009812690 0.012593090 0.008755920 0.008779770 0.009950300 0.010359180 0.010173800 0.010569980 0.010420700 0.010213380 0.010562630 0.010447800 0.010602450 0.007657810 0.002867410 0.002866730 0.002868110 0.002866610 0.011024610 0.013928440 0.007881740 0.003092240 0.007363560 
11     0.002189880 0.001429270 0.002631800 0.003204080 0.000010650 0.000000000 0.002382910 0.002836680 0.000247160 0.001313720 0.002064640 0.004979370 0.005260810 0.005702940 0.005560340 0.004754420 0.004772660 0.005218760 0.007925930 0.008966260 0.008732110 0.008966410 0.010332710 0.010267510 0.008567870 0.008083970 0.008635440 0.009322970 0.009766260 0.012546660 0.008709490 0.008733340 0.009903870 0.010312750 0.010127370 0.010523550 0.010374270 0.010166950 0.010551980 0.010401370 0.010556020 0.007611380 0.002856760 0.002856080 0.002857460 0.002855960 0.010978180 0.013882010 0.007835310 0.003081590 0.011480290 
17     0.001574270 0.001434040 0.002016190 0.000624210 0.001008100 0.002382910 0.000000000 0.000680910 0.000143880 0.002843230 0.003843230 0.004626940 0.004908380 0.005350510 0.005207910 0.004401990 0.004420230 0.004866330 0.007573500 0.008613830 0.008379680 0.008613980 0.009980280 0.009915080 0.008215440 0.007731540 0.008283010 0.008970540 0.009413830 0.012194230 0.008357060 0.008380910 0.009551440 0.009960320 0.009774940 0.010171120 0.010021840 0.009814520 0.011289830 0.010048940 0.010203590 0.007258950 0.012072570 0.009409980 0.010314080 0.009432550 0.010625750 0.013529580 0.007482880 0.007193750 0.007452280 
4     0.002028040 0.001887810 0.002469960 0.001362550 0.002883110 0.002836680 0.000680910 0.000000000 0.001942710 0.003297000 0.004297000 0.005080710 0.005362150 0.005804280 0.005661680 0.004855760 0.004874000 0.005320100 0.008027270 0.009067600 0.008833450 0.009067750 0.010434050 0.010368850 0.008669210 0.008185310 0.008736780 0.009424310 0.009867600 0.012648000 0.008810830 0.008834680 0.010005210 0.010414090 0.010228710 0.010624890 0.010475610 0.010268290 0.011743600 0.010502710 0.010657360 0.007712720 0.012526340 0.009863750 0.010767850 0.009886320 0.011079520 0.013983350 0.007936650 0.007647520 0.018684550 
16     0.001927730 0.001787500 0.002369650 0.000566550 0.000950440 0.000247160 0.000143880 0.001942710 0.000000000 0.002385390 0.002079630 0.004980400 0.005261840 0.005703970 0.005561370 0.004755450 0.004773690 0.005219790 0.007926960 0.008967290 0.008733140 0.008967440 0.010333740 0.010268540 0.008568900 0.008085000 0.008636470 0.009324000 0.009767290 0.012547690 0.008710520 0.008734370 0.009904900 0.010313780 0.010128400 0.010524580 0.010375300 0.010167980 0.011643290 0.010402400 0.010557050 0.007612410 0.012426030 0.009763440 0.010667540 0.009786010 0.010979210 0.013883040 0.007836340 0.007547210 0.007394620 
7     0.002650200 0.002089720 0.003092120 0.003664400 0.001360150 0.001313720 0.002843230 0.003297000 0.002385390 0.000000000 0.001391820 0.005439690 0.005721130 0.006163260 0.006020660 0.005214740 0.005232980 0.005679080 0.008386250 0.009426580 0.009192430 0.009426730 0.010793030 0.010727830 0.009028190 0.008544290 0.009095760 0.009783290 0.010226580 0.013006980 0.009169810 0.009193660 0.010364190 0.010773070 0.010587690 0.010983870 0.010834590 0.010627270 0.012102580 0.010861690 0.011016340 0.008071700 0.012885320 0.010222730 0.011126830 0.010245300 0.011438500 0.014342330 0.008295630 0.008006500 0.010758560 
15     0.004368660 0.004228430 0.004810580 0.005058840 0.005223730 0.002064640 0.003843230 0.004297000 0.002079630 0.001391820 0.000000000 0.007421330 0.007702770 0.008144900 0.008002300 0.007196380 0.007214620 0.004882070 0.010367890 0.011408220 0.011174070 0.011408370 0.012774670 0.012709470 0.011009830 0.010525930 0.011077400 0.011764930 0.012208220 0.014988620 0.011151450 0.011175300 0.012345830 0.012754710 0.012569330 0.012965510 0.012816230 0.012608910 0.014084220 0.012843330 0.012997980 0.010053340 0.014866960 0.012204370 0.013108470 0.012226940 0.013420140 0.016323970 0.010277270 0.009988140 0.019806490 
1     0.004433910 0.004293680 0.004875830 0.005448110 0.005025800 0.004979370 0.004626940 0.005080710 0.004980400 0.005439690 0.007421330 0.000000000 0.001645120 0.002509000 0.001097200 0.000479210 0.000557130 0.002511660 0.008848180 0.002261700 0.009654360 0.009888660 0.011254960 0.011189760 0.009490120 0.009006220 0.009557690 0.010245220 0.010688510 0.013468910 0.009631740 0.009655590 0.010826120 0.011235000 0.011049620 0.011445800 0.011296520 0.011089200 0.012564510 0.011323620 0.011478270 0.008533630 0.013347250 0.010684660 0.011588760 0.010707230 0.011900430 0.014804260 0.008757560 0.008468430 0.030973320 
13     0.004715350 0.004575120 0.005157270 0.005729550 0.005307240 0.005260810 0.004908380 0.005362150 0.005261840 0.005721130 0.007702770 0.001645120 0.000000000 0.001728050 0.001771300 0.003089290 0.003107530 0.003553630 0.009129620 0.010169950 0.009935800 0.010170100 0.011536400 0.011471200 0.009771560 0.009287660 0.009839130 0.010526660 0.010969950 0.013750350 0.009913180 0.009937030 0.011107560 0.011516440 0.011331060 0.011727240 0.011577960 0.011370640 0.012845950 0.011605060 0.011759710 0.008815070 0.010607100 0.010966100 0.010567310 0.010988670 0.010607160 0.015085700 0.009039000 0.008749870 0.031254760 
8     0.005157480 0.005017250 0.005599400 0.006171680 0.005749370 0.005702940 0.005350510 0.005804280 0.005703970 0.006163260 0.008144900 0.002509000 0.001728050 0.000000000 0.000183490 0.003120060 0.003138300 0.003584400 0.009571750 0.010612080 0.010377930 0.010612230 0.011978530 0.011913330 0.010213690 0.009729790 0.010281260 0.010968790 0.011412080 0.014192480 0.010355310 0.010379160 0.011549690 0.011958570 0.011773190 0.012169370 0.012020090 0.011812770 0.013288080 0.012047190 0.012201840 0.009257200 0.014070820 0.011408230 0.012312330 0.011430800 0.012624000 0.015527830 0.009481130 0.009192000 0.019620200 
10     0.005014880 0.004874650 0.005456800 0.006029080 0.005606770 0.005560340 0.005207910 0.005661680 0.005561370 0.006020660 0.008002300 0.001097200 0.001771300 0.000183490 0.000000000 0.002977460 0.002995700 0.003441800 0.009429150 0.010469480 0.010235330 0.010469630 0.011835930 0.011770730 0.010071090 0.009587190 0.010138660 0.010826190 0.011269480 0.014049880 0.010212710 0.010236560 0.011407090 0.011815970 0.011630590 0.012026770 0.011877490 0.011670170 0.013145480 0.011904590 0.012059240 0.009114600 0.013902930 0.011265630 0.012169730 0.011288200 0.012481400 0.015385230 0.009338530 0.009049400 0.026784820 
2     0.004208960 0.004068730 0.004650880 0.005223160 0.004800850 0.004754420 0.004401990 0.004855760 0.004755450 0.005214740 0.007196380 0.000479210 0.003089290 0.003120060 0.002977460 0.000000000 0.000042900 0.000139290 0.008623230 0.009663560 0.009429410 0.009663710 0.011030010 0.010964810 0.009265170 0.008781270 0.009332740 0.010020270 0.010463560 0.013243960 0.009406790 0.009430640 0.010601170 0.011010050 0.010824670 0.011220850 0.011071570 0.010864250 0.012339560 0.011098670 0.011253320 0.008308680 0.013122300 0.010459710 0.011363810 0.010482280 0.011675480 0.014579310 0.008532610 0.008243480 0.030748370 
12     0.004227200 0.004086970 0.004669120 0.005241400 0.004819090 0.004772660 0.004420230 0.004874000 0.004773690 0.005232980 0.007214620 0.000557130 0.003107530 0.003138300 0.002995700 0.000042900 0.000000000 0.000127710 0.008641470 0.009681800 0.009447650 0.009681950 0.011048250 0.010983050 0.009283410 0.008799510 0.009350980 0.010038510 0.010481800 0.013262200 0.009425030 0.009448880 0.010619410 0.011028290 0.010842910 0.011239090 0.011089810 0.010882490 0.012357800 0.011116910 0.011271560 0.008326920 0.013140540 0.010477950 0.011382050 0.010500520 0.011693720 0.014597550 0.008550850 0.008261720 0.017365660 
18     0.004673300 0.004533070 0.005115220 0.005687500 0.005265190 0.005218760 0.004866330 0.005320100 0.005219790 0.005679080 0.004882070 0.002511660 0.003553630 0.003584400 0.003441800 0.000139290 0.000127710 0.000000000 0.009087570 0.010127900 0.009893750 0.010128050 0.011494350 0.011429150 0.009729510 0.009245610 0.009797080 0.010484610 0.010927900 0.013708300 0.009871130 0.009894980 0.011065510 0.011474390 0.011289010 0.011685190 0.011535910 0.005572440 0.012803900 0.010059690 0.011717660 0.008773020 0.013586640 0.010924050 0.011828150 0.010946620 0.012139820 0.014548510 0.008996950 0.008707820 0.007609720 
40     0.007380470 0.007240240 0.007822390 0.008394670 0.007972360 0.007925930 0.007573500 0.008027270 0.007926960 0.008386250 0.010367890 0.008848180 0.009129620 0.009571750 0.009429150 0.008623230 0.008641470 0.009087570 0.000000000 0.007169950 0.000218500 0.000104940 0.007626270 0.000585860 0.008681820 0.008197920 0.008749390 0.009562860 0.010006150 0.012786550 0.008949380 0.008973230 0.010143760 0.010552640 0.010367260 0.010763440 0.010614160 0.010406840 0.011882150 0.010641260 0.010795910 0.007851270 0.012664890 0.010002300 0.010906400 0.010024870 0.011218070 0.014121900 0.008075200 0.007786070 0.015156000 
44     0.008420800 0.008280570 0.008862720 0.009435000 0.009012690 0.008966260 0.008613830 0.009067600 0.008967290 0.009426580 0.011408220 0.002261700 0.010169950 0.010612080 0.010469480 0.009663560 0.009681800 0.010127900 0.007169950 0.000000000 0.003856050 0.004815270 0.011486990 0.011053140 0.008456640 0.009238250 0.009789720 0.010603190 0.011046480 0.013826880 0.009989710 0.010013560 0.011184090 0.011592970 0.011407590 0.011803770 0.011654490 0.010295750 0.012922480 0.011681590 0.011836240 0.008891600 0.013705220 0.011042630 0.011946730 0.011065200 0.012258400 0.015162230 0.009115530 0.008826400 0.031990990 
20     0.008186650 0.008046420 0.008628570 0.009200850 0.008778540 0.008732110 0.008379680 0.008833450 0.008733140 0.009192430 0.011174070 0.009654360 0.009935800 0.010377930 0.010235330 0.009429410 0.009447650 0.009893750 0.000218500 0.003856050 0.000000000 0.000000190 0.009107470 0.002067060 0.007774150 0.009004100 0.009555570 0.010369040 0.010812330 0.013592730 0.009755560 0.009779410 0.010949940 0.011358820 0.011173440 0.011569620 0.011420340 0.011213020 0.012688330 0.011447440 0.011602090 0.008657450 0.013471070 0.010808480 0.011712580 0.010831050 0.012024250 0.014928080 0.008881380 0.008592250 0.031756840 
39     0.008420950 0.008280720 0.008862870 0.009435150 0.009012840 0.008966410 0.008613980 0.009067750 0.008967440 0.009426730 0.011408370 0.009888660 0.010170100 0.010612230 0.010469630 0.009663710 0.009681950 0.010128050 0.000104940 0.004815270 0.000000190 0.000000000 0.007731150 0.000690740 0.009722300 0.009238400 0.009789870 0.010603340 0.011046630 0.013827030 0.009989860 0.010013710 0.011184240 0.011593120 0.011407740 0.011803920 0.011654640 0.011447320 0.012922630 0.011681740 0.011836390 0.008891750 0.013705370 0.011042780 0.011946880 0.011065350 0.012258550 0.015162380 0.009115680 0.008826550 0.031991140 
46     0.009787250 0.009647020 0.010229170 0.010801450 0.010379140 0.010332710 0.009980280 0.010434050 0.010333740 0.010793030 0.012774670 0.011254960 0.011536400 0.011978530 0.011835930 0.011030010 0.011048250 0.011494350 0.007626270 0.011486990 0.009107470 0.007731150 0.000000000 0.001077250 0.006652660 0.008219120 0.008486050 0.011969640 0.012412930 0.015193330 0.011356160 0.011380010 0.012550540 0.012959420 0.012774040 0.013170220 0.013020940 0.012813620 0.014288930 0.013048040 0.013202690 0.010258050 0.014447970 0.012409080 0.013313180 0.012431650 0.013624850 0.016528680 0.010481980 0.009120760 0.025974900 
22     0.009722050 0.009581820 0.010163970 0.010736250 0.010313940 0.010267510 0.009915080 0.010368850 0.010268540 0.010727830 0.012709470 0.011189760 0.011471200 0.011913330 0.011770730 0.010964810 0.010983050 0.011429150 0.000585860 0.011053140 0.002067060 0.000690740 0.001077250 0.000000000 0.006587460 0.008153920 0.005329180 0.011904440 0.012347730 0.015128130 0.011290960 0.011314810 0.012485340 0.012894220 0.012708840 0.013105020 0.012955740 0.012748420 0.014223730 0.012982840 0.013137490 0.010192850 0.015006470 0.012343880 0.013247980 0.012366450 0.013559650 0.016463480 0.010416780 0.005963890 0.033292240 
41     0.008022410 0.007882180 0.008464330 0.009036610 0.008614300 0.008567870 0.008215440 0.008669210 0.008568900 0.009028190 0.011009830 0.009490120 0.009771560 0.010213690 0.010071090 0.009265170 0.009283410 0.009729510 0.008681820 0.008456640 0.007774150 0.009722300 0.006652660 0.006587460 0.000000000 0.006454280 0.007005750 0.010204800 0.010648090 0.013428490 0.009591320 0.009615170 0.010785700 0.011194580 0.011009200 0.011405380 0.011256100 0.011048780 0.012524090 0.011283200 0.011437850 0.005828410 0.006864110 0.010644240 0.011548340 0.010666810 0.011860010 0.012079940 0.008717140 0.008428010 0.031592600 
34     0.007538510 0.007398280 0.007980430 0.008552710 0.008130400 0.008083970 0.007731540 0.008185310 0.008085000 0.008544290 0.010525930 0.009006220 0.009287660 0.009729790 0.009587190 0.008781270 0.008799510 0.009245610 0.008197920 0.009238250 0.009004100 0.009238400 0.008219120 0.008153920 0.006454280 0.000000000 0.003142650 0.009720900 0.010164190 0.012944590 0.009107420 0.009131270 0.010301800 0.010710680 0.010525300 0.010921480 0.010772200 0.010564880 0.012040190 0.010799300 0.010953950 0.008009310 0.007128720 0.010160340 0.011064440 0.010182910 0.011376110 0.014279940 0.008233240 0.007944110 0.009305330 
24     0.008089980 0.007949750 0.003821200 0.004759960 0.008681870 0.008635440 0.008283010 0.008736780 0.008636470 0.009095760 0.011077400 0.009557690 0.009839130 0.010281260 0.010138660 0.009332740 0.009350980 0.009797080 0.008749390 0.009789720 0.009555570 0.009789870 0.008486050 0.005329180 0.007005750 0.003142650 0.000000000 0.010272370 0.010715660 0.013496060 0.009658890 0.009682740 0.010853270 0.011262150 0.011076770 0.011472950 0.011323670 0.011116350 0.012591660 0.011350770 0.011505420 0.008560780 0.013374400 0.010711810 0.011615910 0.010734380 0.011927580 0.014831410 0.008784710 0.005475310 0.015751500 
31     0.008777510 0.008637280 0.009219430 0.009791710 0.009369400 0.009322970 0.008970540 0.009424310 0.009324000 0.009783290 0.011764930 0.010245220 0.010526660 0.010968790 0.010826190 0.010020270 0.010038510 0.010484610 0.009562860 0.010603190 0.010369040 0.010603340 0.011969640 0.011904440 0.010204800 0.009720900 0.010272370 0.000000000 0.000718710 0.006683910 0.003244980 0.003268830 0.001984740 0.005268320 0.005082940 0.005479120 0.005329840 0.005122520 0.006597830 0.005356940 0.005511590 0.002566950 0.002647960 0.005895340 0.006799440 0.005917910 0.007111110 0.010014940 0.003968240 0.002724540 0.030500230 
25     0.009220800 0.009080570 0.009662720 0.010235000 0.009812690 0.009766260 0.009413830 0.009867600 0.009767290 0.010226580 0.012208220 0.010688510 0.010969950 0.011412080 0.011269480 0.010463560 0.010481800 0.010927900 0.010006150 0.011046480 0.010812330 0.011046630 0.012412930 0.012347730 0.010648090 0.010164190 0.010715660 0.000718710 0.000000000 0.003059490 0.003688270 0.003712120 0.000043270 0.005711610 0.005526230 0.005922410 0.005773130 0.005565810 0.007041120 0.005800230 0.005954880 0.002684700 0.000706490 0.006338630 0.007242730 0.006361200 0.007554400 0.010458230 0.004411530 0.000783070 0.028558760 
35     0.012001200 0.011860970 0.012443120 0.013015400 0.012593090 0.012546660 0.012194230 0.012648000 0.012547690 0.013006980 0.014988620 0.013468910 0.013750350 0.014192480 0.014049880 0.013243960 0.013262200 0.013708300 0.012786550 0.013826880 0.013592730 0.013827030 0.015193330 0.015128130 0.013428490 0.012944590 0.013496060 0.006683910 0.003059490 0.000000000 0.005648110 0.005234890 0.008083130 0.008492010 0.008306630 0.008702810 0.008553530 0.008346210 0.009821520 0.008580630 0.008735280 0.005790640 0.010540030 0.009119030 0.010023130 0.009141600 0.010334800 0.013238630 0.007191930 0.006902800 0.035571390 
21     0.008164030 0.008023800 0.008605950 0.009178230 0.008755920 0.008709490 0.008357060 0.008810830 0.008710520 0.009169810 0.011151450 0.009631740 0.009913180 0.010355310 0.010212710 0.009406790 0.009425030 0.009871130 0.008949380 0.009989710 0.009755560 0.009989860 0.011356160 0.011290960 0.009591320 0.009107420 0.009658890 0.003244980 0.003688270 0.005648110 0.000000000 0.000172630 0.004245960 0.004654840 0.004469460 0.004865640 0.004716360 0.004509040 0.005984350 0.004743460 0.004898110 0.001953470 0.007944450 0.005281860 0.006185960 0.005304430 0.006497630 0.009401460 0.003354760 0.003065630 0.031734220 
29     0.008187880 0.008047650 0.008629800 0.009202080 0.008779770 0.008733340 0.008380910 0.008834680 0.008734370 0.009193660 0.011175300 0.009655590 0.009937030 0.010379160 0.010236560 0.009430640 0.009448880 0.009894980 0.008973230 0.010013560 0.009779410 0.010013710 0.011380010 0.011314810 0.009615170 0.009131270 0.009682740 0.003268830 0.003712120 0.005234890 0.000172630 0.000000000 0.004269810 0.004678690 0.004493310 0.004889490 0.004740210 0.004532890 0.006008200 0.004767310 0.004921960 0.001977320 0.006036000 0.005305710 0.006209810 0.005328280 0.006521480 0.009425310 0.003378610 0.003089480 0.031758070 
28     0.009358410 0.009218180 0.009800330 0.010372610 0.009950300 0.009903870 0.009551440 0.010005210 0.009904900 0.010364190 0.012345830 0.010826120 0.011107560 0.011549690 0.011407090 0.010601170 0.010619410 0.011065510 0.010143760 0.011184090 0.010949940 0.011184240 0.012550540 0.012485340 0.010785700 0.010301800 0.010853270 0.001984740 0.000043270 0.008083130 0.004245960 0.004269810 0.000000000 0.002742860 0.000002440 0.005925160 0.005775880 0.004587590 0.007043870 0.005802980 0.005957630 0.001393110 0.000726080 0.006476240 0.007380340 0.006498810 0.007692010 0.010595840 0.004549140 0.000802660 0.028578350 
27     0.009767290 0.009627060 0.010209210 0.010781490 0.010359180 0.010312750 0.009960320 0.010414090 0.010313780 0.010773070 0.012754710 0.011235000 0.011516440 0.011958570 0.011815970 0.011010050 0.011028290 0.011474390 0.010552640 0.011592970 0.011358820 0.011593120 0.012959420 0.012894220 0.011194580 0.010710680 0.011262150 0.005268320 0.005711610 0.008492010 0.004654840 0.004678690 0.002742860 0.000000000 0.000192110 0.006334040 0.006184760 0.005977440 0.007452750 0.006211860 0.006366510 0.003343890 0.006743680 0.006885120 0.007789220 0.006907690 0.008100890 0.011004720 0.004958020 0.004668890 0.033337480 
42     0.009581910 0.009441680 0.010023830 0.010596110 0.010173800 0.010127370 0.009774940 0.010228710 0.010128400 0.010587690 0.012569330 0.011049620 0.011331060 0.011773190 0.011630590 0.010824670 0.010842910 0.011289010 0.010367260 0.011407590 0.011173440 0.011407740 0.012774040 0.012708840 0.011009200 0.010525300 0.011076770 0.005082940 0.005526230 0.008306630 0.004469460 0.004493310 0.000002440 0.000192110 0.000000000 0.006148660 0.005999380 0.005792060 0.007267370 0.006026480 0.006181130 0.002766610 0.009362330 0.006699740 0.007603840 0.006722310 0.007915510 0.010819340 0.004772640 0.004483510 0.033152100 
33     0.009978090 0.009837860 0.010420010 0.010992290 0.010569980 0.010523550 0.010171120 0.010624890 0.010524580 0.010983870 0.012965510 0.011445800 0.011727240 0.012169370 0.012026770 0.011220850 0.011239090 0.011685190 0.010763440 0.011803770 0.011569620 0.011803920 0.013170220 0.013105020 0.011405380 0.010921480 0.011472950 0.005479120 0.005922410 0.008702810 0.004865640 0.004889490 0.005925160 0.006334040 0.006148660 0.000000000 0.000004410 0.003064420 0.000870220 0.002261420 0.002416070 0.003632670 0.009758510 0.007095920 0.008000020 0.007118490 0.008311690 0.011215520 0.005168820 0.004879690 0.033548280 
45     0.009828810 0.009688580 0.010270730 0.010843010 0.010420700 0.010374270 0.010021840 0.010475610 0.010375300 0.010834590 0.012816230 0.011296520 0.011577960 0.012020090 0.011877490 0.011071570 0.011089810 0.011535910 0.010614160 0.011654490 0.011420340 0.011654640 0.013020940 0.012955740 0.011256100 0.010772200 0.011323670 0.005329840 0.005773130 0.008553530 0.004716360 0.004740210 0.005775880 0.006184760 0.005999380 0.000004410 0.000000000 0.002654650 0.002780820 0.002112140 0.002228250 0.003483390 0.009609230 0.006946640 0.007850740 0.006969210 0.008162410 0.011066240 0.005019540 0.004730410 0.033399000 
47     0.009621490 0.009481260 0.010063410 0.010635690 0.010213380 0.010166950 0.009814520 0.010268290 0.010167980 0.010627270 0.012608910 0.011089200 0.011370640 0.011812770 0.011670170 0.010864250 0.010882490 0.005572440 0.010406840 0.010295750 0.011213020 0.011447320 0.012813620 0.012748420 0.011048780 0.010564880 0.011116350 0.005122520 0.005565810 0.008346210 0.004509040 0.004532890 0.004587590 0.005977440 0.005792060 0.003064420 0.002654650 0.000000000 0.003330040 0.001501290 0.001003820 0.001566410 0.009156210 0.006739320 0.007643420 0.006761890 0.007955090 0.010858920 0.004812220 0.004523090 0.033191680 
43     0.011096800 0.010956570 0.011538720 0.012111000 0.010562630 0.010551980 0.011289830 0.011743600 0.011643290 0.012102580 0.014084220 0.012564510 0.012845950 0.013288080 0.013145480 0.012339560 0.012357800 0.012803900 0.011882150 0.012922480 0.012688330 0.012922630 0.014288930 0.014223730 0.012524090 0.012040190 0.012591660 0.006597830 0.007041120 0.009821520 0.005984350 0.006008200 0.007043870 0.007452750 0.007267370 0.000870220 0.002780820 0.003330040 0.000000000 0.001606610 0.002039220 0.002853280 0.010128960 0.008214630 0.009118730 0.008237200 0.009430400 0.012334230 0.006287530 0.005998400 0.034666990 
48     0.009855910 0.009715680 0.010297830 0.010870110 0.010447800 0.010401370 0.010048940 0.010502710 0.010402400 0.010861690 0.012843330 0.011323620 0.011605060 0.012047190 0.011904590 0.011098670 0.011116910 0.010059690 0.010641260 0.011681590 0.011447440 0.011681740 0.013048040 0.012982840 0.011283200 0.010799300 0.011350770 0.005356940 0.005800230 0.008580630 0.004743460 0.004767310 0.005802980 0.006211860 0.006026480 0.002261420 0.002112140 0.001501290 0.001606610 0.000000000 0.000666810 0.003510490 0.009636330 0.006973740 0.007877840 0.006996310 0.008189510 0.011093340 0.005046640 0.004757510 0.033426100 
23     0.010010560 0.009870330 0.010452480 0.011024760 0.010602450 0.010556020 0.010203590 0.010657360 0.010557050 0.011016340 0.012997980 0.011478270 0.011759710 0.012201840 0.012059240 0.011253320 0.011271560 0.011717660 0.010795910 0.011836240 0.011602090 0.011836390 0.013202690 0.013137490 0.011437850 0.010953950 0.011505420 0.005511590 0.005954880 0.008735280 0.004898110 0.004921960 0.005957630 0.006366510 0.006181130 0.002416070 0.002228250 0.001003820 0.002039220 0.000666810 0.000000000 0.003665140 0.009790980 0.007128390 0.008032490 0.007150960 0.008344160 0.011247990 0.005201290 0.004912160 0.033580750 
37     0.007065920 0.006925690 0.007507840 0.008080120 0.007657810 0.007611380 0.007258950 0.007712720 0.007612410 0.008071700 0.010053340 0.008533630 0.008815070 0.009257200 0.009114600 0.008308680 0.008326920 0.008773020 0.007851270 0.008891600 0.008657450 0.008891750 0.010258050 0.010192850 0.005828410 0.008009310 0.008560780 0.002566950 0.002684700 0.005790640 0.001953470 0.001977320 0.001393110 0.003343890 0.002766610 0.003632670 0.003483390 0.001566410 0.002853280 0.003510490 0.003665140 0.000000000 0.001079860 0.004183750 0.005087850 0.004206320 0.005399520 0.006301390 0.002256650 0.001967520 0.029449110 
32     0.010779120 0.011208860 0.011208860 0.012893740 0.002867410 0.002856760 0.012072570 0.012526340 0.012426030 0.012885320 0.014866960 0.013347250 0.010607100 0.014070820 0.013902930 0.013122300 0.013140540 0.013586640 0.012664890 0.013705220 0.013471070 0.013705370 0.014447970 0.015006470 0.006864110 0.007128720 0.013374400 0.002647960 0.000706490 0.010540030 0.007944450 0.006036000 0.000726080 0.006743680 0.009362330 0.009758510 0.009609230 0.009156210 0.010128960 0.009636330 0.009790980 0.001079860 0.000000000 0.000006720 0.000008100 0.000006600 0.001680960 0.007337090 0.006761750 0.000232230 0.015218190 
30     0.009216950 0.009076720 0.009658870 0.010231150 0.002866730 0.002856080 0.009409980 0.009863750 0.009763440 0.010222730 0.012204370 0.010684660 0.010966100 0.011408230 0.011265630 0.010459710 0.010477950 0.010924050 0.010002300 0.011042630 0.010808480 0.011042780 0.012409080 0.012343880 0.010644240 0.010160340 0.010711810 0.005895340 0.006338630 0.009119030 0.005281860 0.005305710 0.006476240 0.006885120 0.006699740 0.007095920 0.006946640 0.006739320 0.008214630 0.006973740 0.007128390 0.004183750 0.000006720 0.000000000 0.000001400 0.000005920 0.000775080 0.010145860 0.004099160 0.000231550 0.032787140 
26     0.010121050 0.009980820 0.010562970 0.011135250 0.002868110 0.002857460 0.010314080 0.010767850 0.010667540 0.011126830 0.013108470 0.011588760 0.010567310 0.012312330 0.012169730 0.011363810 0.011382050 0.011828150 0.010906400 0.011946730 0.011712580 0.011946880 0.013313180 0.013247980 0.011548340 0.011064440 0.011615910 0.006799440 0.007242730 0.010023130 0.006185960 0.006209810 0.007380340 0.007789220 0.007603840 0.008000020 0.007850740 0.007643420 0.009118730 0.007877840 0.008032490 0.005087850 0.000008100 0.000001400 0.000000000 0.000007300 0.000077990 0.011049960 0.005003260 0.000232930 0.033691240 
49     0.009239520 0.009099290 0.009681440 0.010253720 0.002866610 0.002855960 0.009432550 0.009886320 0.009786010 0.010245300 0.012226940 0.010707230 0.010988670 0.011430800 0.011288200 0.010482280 0.010500520 0.010946620 0.010024870 0.011065200 0.010831050 0.011065350 0.012431650 0.012366450 0.010666810 0.010182910 0.010734380 0.005917910 0.006361200 0.009141600 0.005304430 0.005328280 0.006498810 0.006907690 0.006722310 0.007118490 0.006969210 0.006761890 0.008237200 0.006996310 0.007150960 0.004206320 0.000006600 0.000005920 0.000007300 0.000000000 0.001937170 0.010168430 0.004121730 0.000231430 0.023189280 
19     0.010432720 0.010292490 0.010874640 0.011446920 0.011024610 0.010978180 0.010625750 0.011079520 0.010979210 0.011438500 0.013420140 0.011900430 0.010607160 0.012624000 0.012481400 0.011675480 0.011693720 0.012139820 0.011218070 0.012258400 0.012024250 0.012258550 0.013624850 0.013559650 0.011860010 0.011376110 0.011927580 0.007111110 0.007554400 0.010334800 0.006497630 0.006521480 0.007692010 0.008100890 0.007915510 0.008311690 0.008162410 0.007955090 0.009430400 0.008189510 0.008344160 0.005399520 0.001680960 0.000775080 0.000077990 0.001937170 0.000000000 0.011361630 0.005314930 0.005025800 0.034002910 
50     0.000441620 0.000059260 0.004728820 0.014350750 0.013928440 0.013882010 0.013529580 0.013983350 0.013883040 0.014342330 0.016323970 0.014804260 0.015085700 0.015527830 0.015385230 0.014579310 0.014597550 0.014548510 0.014121900 0.015162230 0.014928080 0.015162380 0.016528680 0.016463480 0.012079940 0.014279940 0.014831410 0.010014940 0.010458230 0.013238630 0.009401460 0.009425310 0.010595840 0.011004720 0.010819340 0.011215520 0.011066240 0.010858920 0.012334230 0.011093340 0.011247990 0.006301390 0.007337090 0.010145860 0.011049960 0.010168430 0.011361630 0.000000000 0.002170050 0.007874970 0.028813660 
36     0.007289850 0.007149620 0.007731770 0.008304050 0.007881740 0.007835310 0.007482880 0.007936650 0.007836340 0.008295630 0.010277270 0.008757560 0.009039000 0.009481130 0.009338530 0.008532610 0.008550850 0.008996950 0.008075200 0.009115530 0.008881380 0.009115680 0.010481980 0.010416780 0.008717140 0.008233240 0.008784710 0.003968240 0.004411530 0.007191930 0.003354760 0.003378610 0.004549140 0.004958020 0.004772640 0.005168820 0.005019540 0.004812220 0.006287530 0.005046640 0.005201290 0.002256650 0.006761750 0.004099160 0.005003260 0.004121730 0.005314930 0.002170050 0.000000000 0.001714310 0.030860040 
38     0.007000720 0.006860490 0.007442640 0.008014920 0.003092240 0.003081590 0.007193750 0.007647520 0.007547210 0.008006500 0.009988140 0.008468430 0.008749870 0.009192000 0.009049400 0.008243480 0.008261720 0.008707820 0.007786070 0.008826400 0.008592250 0.008826550 0.009120760 0.005963890 0.008428010 0.007944110 0.005475310 0.002724540 0.000783070 0.006902800 0.003065630 0.003089480 0.000802660 0.004668890 0.004483510 0.004879690 0.004730410 0.004523090 0.005998400 0.004757510 0.004912160 0.001967520 0.000232230 0.000231550 0.000232930 0.000231430 0.005025800 0.007874970 0.001714310 0.000000000 0.019762780 
0     0.026791200 0.021720310 0.029947530 0.007079970 0.007363560 0.011480290 0.007452280 0.018684550 0.007394620 0.010758560 0.019806490 0.030973320 0.031254760 0.019620200 0.026784820 0.030748370 0.017365660 0.007609720 0.015156000 0.031990990 0.031756840 0.031991140 0.025974900 0.033292240 0.031592600 0.009305330 0.015751500 0.030500230 0.028558760 0.035571390 0.031734220 0.031758070 0.028578350 0.033337480 0.033152100 0.033548280 0.033399000 0.033191680 0.034666990 0.033426100 0.033580750 0.029449110 0.015218190 0.032787140 0.033691240 0.023189280 0.034002910 0.028813660 0.030860040 0.019762780 0.000000000 
