51
9     0.000000000 0.459641532 0.613268001 0.467274327 0.821098678 0.808117354 0.826260298 0.746538157 0.726894209 0.790853232 0.755767207 0.842600418 1.048727437 1.063738623 0.929443438 0.930120655 0.956846223 0.955841197 0.874232090 0.935937734 0.958242574 0.974818993 0.917008248 0.985330164 0.965184818 0.982596489 0.921541802 1.141532498 0.944356579 0.967256093 0.950425099 1.041602020 1.075020277 0.891001109 0.920350235 0.953883483 0.889160104 0.909465671 0.963375763 0.968249811 0.922806439 0.982429491 0.934708520 0.895446390 0.947967408 0.925304008 0.928139439 0.922526102 0.923273670 0.925995646 1.884559342 
8     0.459641532 0.000000000 0.653346051 0.509251444 0.861804986 0.847192672 0.865567279 0.784411673 0.766130636 0.829166568 0.794304075 0.885265535 1.088971526 1.104156681 0.969787959 0.970847824 0.996741136 0.997186026 0.914638476 0.977984560 0.998220380 1.017036697 0.959271526 1.027687844 1.007526163 1.024938618 0.964061080 1.183898311 0.986415844 1.008063614 0.991589055 1.079417260 1.112652216 0.929057533 0.958413238 0.991940163 0.929780016 0.950243129 1.003830935 1.008589263 0.963043102 1.023379436 0.975597434 0.936335304 0.988806490 0.965984116 0.969422662 0.963679353 0.964426921 0.967148897 1.922958886 
22     0.613268001 0.653346051 0.000000000 0.486559239 0.880513163 0.866102875 0.884286447 0.803580139 0.787839564 0.852195518 0.817311144 0.902056019 1.108189674 1.123170867 0.988222012 0.988840003 1.015626991 1.014843179 0.932925192 0.992742448 1.014899837 1.031424912 0.974335999 1.042814830 1.022620099 1.039635170 0.978679019 1.198662635 1.001151549 1.022453767 1.005564672 1.096282489 1.129476984 0.947565516 0.975323207 1.008849429 0.945397372 0.966027815 1.019397972 1.024184532 0.978922974 1.038024948 0.990490035 0.951370943 1.003662082 0.980897584 0.984375372 0.978724208 0.979471777 0.982193752 1.943500566 
31     0.467274327 0.509251444 0.486559239 0.000000000 0.745337958 0.730909396 0.748456786 0.669259827 0.651755378 0.714906756 0.679999340 0.763768636 0.970013913 0.984961646 0.849830900 0.851084840 0.878023727 0.877252874 0.795095536 0.857485558 0.879882897 0.896407972 0.839514153 0.907456710 0.887295029 0.904707484 0.843829946 1.063931385 0.865914855 0.887771101 0.870840103 0.957131635 0.990866492 0.808467977 0.838714325 0.872242521 0.804390536 0.824342915 0.878417542 0.881784583 0.836536099 0.897889464 0.850019878 0.810757748 0.863228934 0.840500692 0.844357759 0.838413481 0.839204878 0.842103227 1.804502172 
11     0.821098678 0.861804986 0.880513163 0.745337958 0.000000000 0.354844240 0.374172274 0.775866736 0.755165580 0.821667753 0.787094829 0.997326928 1.203614744 1.219820289 1.085767044 1.084295565 1.113600858 1.113537527 1.031983922 1.093215137 1.116272209 1.132984244 1.074952003 1.143139631 1.123387397 1.141012414 1.079323117 1.299327751 1.101603295 1.125849328 1.109592891 1.195547719 1.229026236 1.046182353 1.076453360 1.109085826 1.044344423 1.065406902 1.118338208 1.122900028 1.078018859 1.138011852 1.089465090 1.050972840 1.103557190 1.080655892 1.084750998 1.078260526 1.079008095 1.081730070 2.044978199 
18     0.808117354 0.847192672 0.866102875 0.730909396 0.354844240 0.000000000 0.207668403 0.759118090 0.740234451 0.806793006 0.772220081 0.983490310 1.189747722 1.206132413 1.072283279 1.071256363 1.100413466 1.099768722 1.018215116 1.079281531 1.102505142 1.119217177 1.061085575 1.129869776 1.110084641 1.127530294 1.065670799 1.285500871 1.088048819 1.112198527 1.095938289 1.182042289 1.215055350 1.032225585 1.062655481 1.095326142 1.030143311 1.050876855 1.104108376 1.108714974 1.063756223 1.123459872 1.074676749 1.036142440 1.089005210 1.065945943 1.070468470 1.063977998 1.064725567 1.067447542 2.031312111 
19     0.826260298 0.865567279 0.884286447 0.748456786 0.374172274 0.207668403 0.000000000 0.776942295 0.758060870 0.824617210 0.790044285 1.002057529 1.208710252 1.225089529 1.091592432 1.090148097 1.119348896 1.118765111 1.037211506 1.098264489 1.121376772 1.138072893 1.080068533 1.148805777 1.129080504 1.146513253 1.084535338 1.304483829 1.107031777 1.131197740 1.114937502 1.201050166 1.234019774 1.051233287 1.081663183 1.114333845 1.048856685 1.069736549 1.122758120 1.127496886 1.082531607 1.142396139 1.093613016 1.055078707 1.107941478 1.085019178 1.089258239 1.082767767 1.083515336 1.086237311 2.049954360 
26     0.746538157 0.784411673 0.803580139 0.669259827 0.775866736 0.759118090 0.776942295 0.000000000 0.587673973 0.649863007 0.614865463 0.922699005 1.128593862 1.143340255 1.010661854 1.011406593 1.038617103 1.037578923 0.955424417 1.017184287 1.038305200 1.054787711 0.997061266 1.066331948 1.046203148 1.063299742 1.002584448 1.221680205 1.023137273 1.050637884 1.033808078 1.121023872 1.154210751 0.971222807 1.001010863 1.033818810 0.968269718 0.988899950 1.042378016 1.047395652 1.001935791 1.062237602 1.012663199 0.975386200 1.026479113 1.004600976 1.009008716 1.002721582 1.003450470 1.006172445 1.965208721 
16     0.726894209 0.766130636 0.787839564 0.651755378 0.755165580 0.740234451 0.758060870 0.587673973 0.000000000 0.432181007 0.397880430 0.907494250 1.116422518 1.131277043 0.998323290 0.998279070 1.026693543 1.025890377 0.943872997 1.005063057 1.027434039 1.044296097 0.986839904 1.055632558 1.035503758 1.052848369 0.990973688 1.211787951 1.012723976 1.037248024 1.020418218 1.107723430 1.140864551 0.957374445 0.987431430 1.019725064 0.957172783 0.977464773 1.030256408 1.035619121 0.990512767 1.050810361 1.003788888 0.964474992 1.016057121 0.993454401 0.997272737 0.990402904 0.991150473 0.993872448 1.952434870 
20     0.790853232 0.829166568 0.852195518 0.714906756 0.821667753 0.806793006 0.824617210 0.649863007 0.432181007 0.000000000 0.215850215 0.972649298 1.181100054 1.195954579 1.062969131 1.062775492 1.091042680 1.090232011 1.008478596 1.070338690 1.092643065 1.109558420 1.052079621 1.121114916 1.100986116 1.118418897 1.056752481 1.276838264 1.077840578 1.102543550 1.085713743 1.174045581 1.207386822 1.023170795 1.054281538 1.086399618 1.023270686 1.043558257 1.096664203 1.101678616 1.056555597 1.116855472 1.069317967 1.030004071 1.082102232 1.058789032 1.063001418 1.056142312 1.056889880 1.059611856 2.016857821 
28     0.755767207 0.794304075 0.817311144 0.679999340 0.787094829 0.772220081 0.790044285 0.614865463 0.397880430 0.215850215 0.000000000 0.937735519 1.145932689 1.160787214 1.027801766 1.027614627 1.055875315 1.055064646 0.973311231 1.035171325 1.057467792 1.074391055 1.016912255 1.085947550 1.065818751 1.083251531 1.021585116 1.241670898 1.042647094 1.067376185 1.050546378 1.138491588 1.171832829 0.987511701 1.018727545 1.050845626 0.987893917 1.008181487 1.061262668 1.066275101 1.021154859 1.081454734 1.033917228 0.994603333 1.046471093 1.023232588 1.027811101 1.020951994 1.021699563 1.024421538 1.981698190 
12     0.842600418 0.885265535 0.902056019 0.763768636 0.997326928 0.983490310 1.002057529 0.922699005 0.907494250 0.972649298 0.937735519 0.000000000 1.088620961 1.103749271 0.971699561 0.971706317 1.000430187 0.997954052 0.916272088 0.980315200 1.004217904 1.020711883 0.960445163 1.030549054 1.010285339 1.028791197 0.968771057 1.187760474 0.990595161 1.011456193 0.994934112 1.081188857 1.115504902 0.932166434 0.962441386 0.996894947 0.931621974 0.952065642 1.007095948 1.011495880 0.965966948 1.025828371 0.978362658 0.939024173 0.991620718 0.968500506 0.972927968 0.967696058 0.968443627 0.971165602 1.932947396 
2     1.048727437 1.088971526 1.108189674 0.970013913 1.203614744 1.189747722 1.208710252 1.128593862 1.116422518 1.181100054 1.145932689 1.088620961 0.000000000 0.306396890 0.708500741 0.713964416 0.736148616 0.732933168 0.657242854 0.904052411 0.927751692 0.944227515 0.889645776 0.958867952 0.939164138 0.952589175 0.895336041 1.115717350 0.920242131 0.936089207 0.918784869 1.147888615 1.182602563 0.997089216 1.029676669 1.064214357 0.997935388 1.018938213 1.072093431 1.076914405 1.032228212 1.092495103 1.045167709 1.005719383 1.058179665 1.032353625 1.038685141 1.033482610 1.034279337 1.036626856 2.003018899 
4     1.063738623 1.104156681 1.123170867 0.984961646 1.219820289 1.206132413 1.225089529 1.143340255 1.131277043 1.195954579 1.160787214 1.103749271 0.306396890 0.000000000 0.720302291 0.725915515 0.747761624 0.744752263 0.669280086 0.917457878 0.941157160 0.957632983 0.902468141 0.971583871 0.951986502 0.965723459 0.908175615 1.128646608 0.933220504 0.949474906 0.932170569 1.162702140 1.197292304 1.012032215 1.044549810 1.079091403 1.012450828 1.033211092 1.086656347 1.091410978 1.046724784 1.107010544 1.059683150 1.020234824 1.072695106 1.046857948 1.052813220 1.047610689 1.048407416 1.050754935 2.016910793 
27     0.929443438 0.969787959 0.988222012 0.849830900 1.085767044 1.072283279 1.091592432 1.010661854 0.998323290 1.062969131 1.027801766 0.971699561 0.708500741 0.720302291 0.000000000 0.544094819 0.596469090 0.621885355 0.538461125 0.786800118 0.811028106 0.827536083 0.772974712 0.843225974 0.823024116 0.838035378 0.779848478 0.998840240 0.803592592 0.819580663 0.802276326 1.024949615 1.059733829 0.873907160 0.906412267 0.941080983 0.877217186 0.899221959 0.951030494 0.956031498 0.911098674 0.971364101 0.924036707 0.884603446 0.937048663 0.913150782 0.916575490 0.911320788 0.912169686 0.914562654 1.881253004 
24     0.930120655 0.970847824 0.988840003 0.851084840 1.084295565 1.071256363 1.090148097 1.011406593 0.998279070 1.062775492 1.027614627 0.971706317 0.713964416 0.725915515 0.544094819 0.000000000 0.603100262 0.621410660 0.538774971 0.787431238 0.810942500 0.827352331 0.773650255 0.843618720 0.823272526 0.838544291 0.780124258 0.999484044 0.803865541 0.819833561 0.802529224 1.030395134 1.065203813 0.879822498 0.912387147 0.946818807 0.878379571 0.899883331 0.951736177 0.957486445 0.912227587 0.972154571 0.924800615 0.885367354 0.937812571 0.913687615 0.919082051 0.913827349 0.914676247 0.917069215 1.884550439 
30     0.956846223 0.996741136 1.015626991 0.878023727 1.113600858 1.100413466 1.119348896 1.038617103 1.026693543 1.091042680 1.055875315 1.000430187 0.736148616 0.747761624 0.596469090 0.603100262 0.000000000 0.643333422 0.559302579 0.809896157 0.832816191 0.848937128 0.796919756 0.866669309 0.846134205 0.859857731 0.802937773 1.022444687 0.827323258 0.843963241 0.826581780 1.054127267 1.091267056 0.905039548 0.937490363 0.971821704 0.905227101 0.926502774 0.979206210 0.984628956 0.939489422 0.999405270 0.952077876 0.912565663 0.965089832 0.941191951 0.945163872 0.939961341 0.940758068 0.943151036 1.912710435 
17     0.955841197 0.997186026 1.014843179 0.877252874 1.113537527 1.099768722 1.118765111 1.037578923 1.025890377 1.090232011 1.055064646 0.997954052 0.732933168 0.744752263 0.621885355 0.621410660 0.643333422 0.000000000 0.481460628 0.809571502 0.832605176 0.849048633 0.794442972 0.863457761 0.843450553 0.858026149 0.799987299 1.020287986 0.825263961 0.842209100 0.824904762 1.054875779 1.089696626 0.904074550 0.934876411 0.971318944 0.902964099 0.923522418 0.976397653 0.982156514 0.936435315 0.997327256 0.950152190 0.910633798 0.963011818 0.938966396 0.943164059 0.938015762 0.938864659 0.941212177 1.908273393 
10     0.874232090 0.914638476 0.932925192 0.795095536 1.031983922 1.018215116 1.037211506 0.955424417 0.943872997 1.008478596 0.973311231 0.916272088 0.657242854 0.669280086 0.538461125 0.538774971 0.559302579 0.481460628 0.000000000 0.725561565 0.748167808 0.764611265 0.712470012 0.781869933 0.761416038 0.776362155 0.718319545 0.937918349 0.742120641 0.758798695 0.741454190 0.971756278 1.006937745 0.820895601 0.853144430 0.887949915 0.820995097 0.841839432 0.893666275 0.899627995 0.854194539 0.914626966 0.867830974 0.828222297 0.880774720 0.857217550 0.861272594 0.855934003 0.856782900 0.859130419 1.825954793 
14     0.935937734 0.977984560 0.992742448 0.857485558 1.093215137 1.079281531 1.098264489 1.017184287 1.005063057 1.070338690 1.035171325 0.980315200 0.904052411 0.917457878 0.786800118 0.787431238 0.809896157 0.809571502 0.725561565 0.000000000 0.401877026 0.417067398 0.479466408 0.548645457 0.527823394 0.545055336 0.483242563 0.703697819 0.509396828 0.736573149 0.719513127 1.029540837 1.064603514 0.879942573 0.911516278 0.945502694 0.879616856 0.899544527 0.954137203 0.958476936 0.911486837 0.973486967 0.926600726 0.887185223 0.939323613 0.914071008 0.919161828 0.913979203 0.914799536 0.916958624 1.886762826 
15     0.958242574 0.998220380 1.014899837 0.879882897 1.116272209 1.102505142 1.121376772 1.038305200 1.027434039 1.092643065 1.057467792 1.004217904 0.927751692 0.941157160 0.811028106 0.810942500 0.832816191 0.832605176 0.748167808 0.401877026 0.000000000 0.104294656 0.503076946 0.570040820 0.549427938 0.564609378 0.504522529 0.725671308 0.533248408 0.759534632 0.742261248 1.054192579 1.089329606 0.903400972 0.934149062 0.968679098 0.901359352 0.921872493 0.976017863 0.980592319 0.934346497 0.994768136 0.947975939 0.908560437 0.960887752 0.936314693 0.942708053 0.937525429 0.938298480 0.940457569 1.905163911 
3     0.974818993 1.017036697 1.031424912 0.896407972 1.132984244 1.119217177 1.138072893 1.054787711 1.044296097 1.109558420 1.074391055 1.020711883 0.944227515 0.957632983 0.827536083 0.827352331 0.848937128 0.849048633 0.764611265 0.417067398 0.104294656 0.000000000 0.519492647 0.586611182 0.566030190 0.581097538 0.520927804 0.741823841 0.549393030 0.775169605 0.757888386 1.071941039 1.107078065 0.922068351 0.952754054 0.987334423 0.917803094 0.938316235 0.992461605 0.997036062 0.950790239 1.011211878 0.964419682 0.925004179 0.977331494 0.952758435 0.959170293 0.953987668 0.954763500 0.956922588 1.921594485 
6     0.917008248 0.959271526 0.974335999 0.839514153 1.074952003 1.061085575 1.080068533 0.997061266 0.986839904 1.052079621 1.016912255 0.960445163 0.889645776 0.902468141 0.772974712 0.773650255 0.796919756 0.794442972 0.712470012 0.479466408 0.503076946 0.519492647 0.000000000 0.434765717 0.414290659 0.428640761 0.369585396 0.590633146 0.431639397 0.718000244 0.701168776 1.014992360 1.050199099 0.864830868 0.896820132 0.930820955 0.859263162 0.880680086 0.934872647 0.939662421 0.893282971 0.954345649 0.906734126 0.867318623 0.919340992 0.895315707 0.900773954 0.895644026 0.896343372 0.898367862 1.866943321 
13     0.985330164 1.027687844 1.042814830 0.907456710 1.143139631 1.129869776 1.148805777 1.066331948 1.055632558 1.121114916 1.085947550 1.030549054 0.958867952 0.971583871 0.843225974 0.843618720 0.866669309 0.863457761 0.781869933 0.548645457 0.570040820 0.586611182 0.434765717 0.000000000 0.228321727 0.342960299 0.294555297 0.597837725 0.495538371 0.788736734 0.771667087 1.084674681 1.119865838 0.934578381 0.966333393 1.000428679 0.929442398 0.952069302 1.005350961 1.010815958 0.964348855 1.025250561 0.978128399 0.938712896 0.990810443 0.966859571 0.971929949 0.966813439 0.967700449 0.969603952 1.937235119 
29     0.965184818 1.007526163 1.022620099 0.887295029 1.123387397 1.110084641 1.129080504 1.046203148 1.035503758 1.100986116 1.065818751 1.010285339 0.939164138 0.951986502 0.823024116 0.823272526 0.846134205 0.843450553 0.761416038 0.527823394 0.549427938 0.566030190 0.414290659 0.228321727 0.000000000 0.321803223 0.273078702 0.575970327 0.474367132 0.768231651 0.751162003 1.064112101 1.099303258 0.914015801 0.945770813 0.979866099 0.907861533 0.931028504 0.984700547 0.989978534 0.943511431 1.004571572 0.957503510 0.918088007 0.970029077 0.946172798 0.951086111 0.945969601 0.946856610 0.948760114 1.918992523 
7     0.982596489 1.024938618 1.039635170 0.904707484 1.141012414 1.127530294 1.146513253 1.063299742 1.052848369 1.118418897 1.083251531 1.028791197 0.952589175 0.965723459 0.838035378 0.838544291 0.859857731 0.858026149 0.776362155 0.545055336 0.564609378 0.581097538 0.428640761 0.342960299 0.321803223 0.000000000 0.287216435 0.587775778 0.493542184 0.782958947 0.765889299 1.080182449 1.115582218 0.930150387 0.961946393 0.996041679 0.926310412 0.948168747 1.001803985 1.006978818 0.960511715 1.021687244 0.974589102 0.935173599 0.987217047 0.963258390 0.967977947 0.962861437 0.963748447 0.965067909 1.935166994 
25     0.921541802 0.964061080 0.978679019 0.843829946 1.079323117 1.065670799 1.084535338 1.002584448 0.990973688 1.056752481 1.021585116 0.968771057 0.895336041 0.908175615 0.779848478 0.780124258 0.802937773 0.799987299 0.718319545 0.483242563 0.504522529 0.520927804 0.369585396 0.294555297 0.273078702 0.287216435 0.000000000 0.529284419 0.428980527 0.725328323 0.708261862 1.020373817 1.055826141 0.870074350 0.902033736 0.936129022 0.865983053 0.887845244 0.941485217 0.945615625 0.899817710 0.961491874 0.914393731 0.874978228 0.927021676 0.903085968 0.907297010 0.901557642 0.902444652 0.904348155 1.875622123 
23     1.141532498 1.183898311 1.198662635 1.063931385 1.299327751 1.285500871 1.304483829 1.221680205 1.211787951 1.276838264 1.241670898 1.187760474 1.115717350 1.128646608 0.998840240 0.999484044 1.022444687 1.020287986 0.937918349 0.703697819 0.725671308 0.741823841 0.590633146 0.597837725 0.575970327 0.587775778 0.529284419 0.000000000 0.652352478 0.944646403 0.927689555 1.239250461 1.274441618 1.089468566 1.120686590 1.154548901 1.085182588 1.107630560 1.161280347 1.166440632 1.119995206 1.181149058 1.134050915 1.094635413 1.146678860 1.122520517 1.127032219 1.122323251 1.123143584 1.125047087 2.085297551 
1     0.944356579 0.986415844 1.001151549 0.865914855 1.101603295 1.088048819 1.107031777 1.023137273 1.012723976 1.077840578 1.042647094 0.990595161 0.920242131 0.933220504 0.803592592 0.803865541 0.827323258 0.825263961 0.742120641 0.509396828 0.533248408 0.549393030 0.431639397 0.495538371 0.474367132 0.493542184 0.428980527 0.652352478 0.000000000 0.750336242 0.733188106 1.042480177 1.078501474 0.894421131 0.926061669 0.959767401 0.889797316 0.910626027 0.964063497 0.970529527 0.923406801 0.984723441 0.937625298 0.898209795 0.950213417 0.926355221 0.931372428 0.926238435 0.927058768 0.928846049 1.899099180 
21     0.967256093 1.008063614 1.022453767 0.887771101 1.125849328 1.112198527 1.131197740 1.050637884 1.037248024 1.102543550 1.067376185 1.011456193 0.936089207 0.949474906 0.819580663 0.819833561 0.843963241 0.842209100 0.758798695 0.736573149 0.759534632 0.775169605 0.718000244 0.788736734 0.768231651 0.782958947 0.725328323 0.944646403 0.750336242 0.000000000 0.164514483 1.060751748 1.096001935 0.909435551 0.942154715 0.976195896 0.907452466 0.927860461 0.982111985 0.986316509 0.940194565 1.000823780 0.953736666 0.914321163 0.967035747 0.943280908 0.947923504 0.942186330 0.943540454 0.945788798 1.917130804 
5     0.950425099 0.991589055 1.005564672 0.870840103 1.109592891 1.095938289 1.114937502 1.033808078 1.020418218 1.085713743 1.050546378 0.994934112 0.918784869 0.932170569 0.802276326 0.802529224 0.826581780 0.824904762 0.741454190 0.719513127 0.742261248 0.757888386 0.701168776 0.771667087 0.751162003 0.765889299 0.708261862 0.927689555 0.733188106 0.164514483 0.000000000 1.043455078 1.078705265 0.892052881 0.924765270 0.959235300 0.890397071 0.910805066 0.965056590 0.969320175 0.923198231 0.983913563 0.936650368 0.897234865 0.950050856 0.926107995 0.930579115 0.924988323 0.926347986 0.928596330 1.901202848 
37     1.041602020 1.079417260 1.096282489 0.957131635 1.195547719 1.182042289 1.201050166 1.121023872 1.107723430 1.174045581 1.138491588 1.081188857 1.147888615 1.162702140 1.024949615 1.030395134 1.054127267 1.054875779 0.971756278 1.029540837 1.054192579 1.071941039 1.014992360 1.084674681 1.064112101 1.080182449 1.020373817 1.239250461 1.042480177 1.060751748 1.043455078 0.000000000 0.364172803 0.456750530 0.479811540 0.516670681 0.840365762 0.863250301 0.914020065 0.916747537 0.870568359 0.929298236 0.882899819 0.843580212 0.896752790 0.873941570 0.876170144 0.870890312 0.871169505 0.874021595 1.939651128 
41     1.075020277 1.112652216 1.129476984 0.990866492 1.229026236 1.215055350 1.234019774 1.154210751 1.140864551 1.207386822 1.171832829 1.115504902 1.182602563 1.197292304 1.059733829 1.065203813 1.091267056 1.089696626 1.006937745 1.064603514 1.089329606 1.107078065 1.050199099 1.119865838 1.099303258 1.115582218 1.055826141 1.274441618 1.078501474 1.096001935 1.078705265 0.364172803 0.000000000 0.486652583 0.509858216 0.547395348 0.873044555 0.896157913 0.947017366 0.949194550 0.903015372 0.961664535 0.915224330 0.875904723 0.929119090 0.906307869 0.908785216 0.903663850 0.903943042 0.906795133 1.972753432 
43     0.891001109 0.929057533 0.947565516 0.808467977 1.046182353 1.032225585 1.051233287 0.971222807 0.957374445 1.023170795 0.987511701 0.932166434 0.997089216 1.012032215 0.873907160 0.879822498 0.905039548 0.904074550 0.820895601 0.879942573 0.903400972 0.922068351 0.864830868 0.934578381 0.914015801 0.930150387 0.870074350 1.089468566 0.894421131 0.909435551 0.892052881 0.456750530 0.486652583 0.000000000 0.230599305 0.266667329 0.692715737 0.715739554 0.766077713 0.768191424 0.721934619 0.781584186 0.734483259 0.695046037 0.747285396 0.725669847 0.729192952 0.723804135 0.724083328 0.726935418 1.789971569 
47     0.920350235 0.958413238 0.975323207 0.838714325 1.076453360 1.062655481 1.081663183 1.001010863 0.987431430 1.054281538 1.018727545 0.962441386 1.029676669 1.044549810 0.906412267 0.912387147 0.937490363 0.934876411 0.853144430 0.911516278 0.934149062 0.952754054 0.896820132 0.966333393 0.945770813 0.961946393 0.902033736 1.120686590 0.926061669 0.942154715 0.924765270 0.479811540 0.509858216 0.230599305 0.000000000 0.137848573 0.720498598 0.743504764 0.794461117 0.796184684 0.749899289 0.808748873 0.762348772 0.722882560 0.775232919 0.753346288 0.757592830 0.752073911 0.752353104 0.755205195 1.820332286 
49     0.953883483 0.991940163 1.008849429 0.872242521 1.109085826 1.095326142 1.114333845 1.033818810 1.019725064 1.086399618 1.050845626 0.996894947 1.064214357 1.079091403 0.941080983 0.946818807 0.971821704 0.971318944 0.887949915 0.945502694 0.968679098 0.987334423 0.930820955 1.000428679 0.979866099 0.996041679 0.936129022 1.154548901 0.959767401 0.976195896 0.959235300 0.516670681 0.547395348 0.266667329 0.137848573 0.000000000 0.753932950 0.776753397 0.827310311 0.829835793 0.783550398 0.841984904 0.795392690 0.756115400 0.808810644 0.786855599 0.791262065 0.785763204 0.786042397 0.788894488 1.854649937 
32     0.889160104 0.929780016 0.945397372 0.804390536 1.044344423 1.030143311 1.048856685 0.968269718 0.957172783 1.023270686 0.987893917 0.931621974 0.997935388 1.012450828 0.877217186 0.878379571 0.905227101 0.902964099 0.820995097 0.879616856 0.901359352 0.917803094 0.859263162 0.929442398 0.907861533 0.926310412 0.865983053 1.085182588 0.889797316 0.907452466 0.890397071 0.840365762 0.873044555 0.692715737 0.720498598 0.753932950 0.000000000 0.310324525 0.472000382 0.510875443 0.466077682 0.525270207 0.479432954 0.439535578 0.490501257 0.467319748 0.631275098 0.627381086 0.627646674 0.630532633 1.790711218 
38     0.909465671 0.950243129 0.966027815 0.824342915 1.065406902 1.050876855 1.069736549 0.988899950 0.977464773 1.043558257 1.008181487 0.952065642 1.018938213 1.033211092 0.899221959 0.899883331 0.926502774 0.923522418 0.841839432 0.899544527 0.921872493 0.938316235 0.880680086 0.952069302 0.931028504 0.948168747 0.887845244 1.107630560 0.910626027 0.927860461 0.910805066 0.863250301 0.896157913 0.715739554 0.743504764 0.776753397 0.310324525 0.000000000 0.496287030 0.534227914 0.489069824 0.547849856 0.501929622 0.462035562 0.513419381 0.490047857 0.653745534 0.649919583 0.650185172 0.653071130 1.812302211 
36     0.963375763 1.003830935 1.019397972 0.878417542 1.118338208 1.104108376 1.122758120 1.042378016 1.030256408 1.096664203 1.061262668 1.007095948 1.072093431 1.086656347 0.951030494 0.951736177 0.979206210 0.976397653 0.893666275 0.954137203 0.976017863 0.992461605 0.934872647 1.005350961 0.984700547 1.001803985 0.941485217 1.161280347 0.964063497 0.982111985 0.965056590 0.914020065 0.947017366 0.766077713 0.794461117 0.827310311 0.472000382 0.496287030 0.000000000 0.587678193 0.542570710 0.602969524 0.557359127 0.517214629 0.568828751 0.545884326 0.704853796 0.700543993 0.700795571 0.703681530 1.861647626 
34     0.968249811 1.008589263 1.024184532 0.881784583 1.122900028 1.108714974 1.127496886 1.047395652 1.035619121 1.101678616 1.066275101 1.011495880 1.076914405 1.091410978 0.956031498 0.957486445 0.984628956 0.982156514 0.899627995 0.958476936 0.980592319 0.997036062 0.939662421 1.010815958 0.989978534 1.006978818 0.945615625 1.166440632 0.970529527 0.986316509 0.969320175 0.916747537 0.949194550 0.768191424 0.796184684 0.829835793 0.510875443 0.534227914 0.587678193 0.000000000 0.300246951 0.564491344 0.519215395 0.479173795 0.530914198 0.509261886 0.708269306 0.703358969 0.703939922 0.706825881 1.868172023 
44     0.922806439 0.963043102 0.978922974 0.836536099 1.078018859 1.063756223 1.082531607 1.001935791 0.990512767 1.056555597 1.021154859 0.965966948 1.032228212 1.046724784 0.911098674 0.912227587 0.939489422 0.936435315 0.854194539 0.911486837 0.934346497 0.950790239 0.893282971 0.964348855 0.943511431 0.960511715 0.899817710 1.119995206 0.923406801 0.940194565 0.923198231 0.870568359 0.903015372 0.721934619 0.749899289 0.783550398 0.466077682 0.489069824 0.542570710 0.300246951 0.000000000 0.519652999 0.474120242 0.434091547 0.485506536 0.463654915 0.660916150 0.655718270 0.656427502 0.659313460 1.818329199 
40     0.982429491 1.023379436 1.038024948 0.897889464 1.138011852 1.123459872 1.142396139 1.062237602 1.050810361 1.116855472 1.081454734 1.025828371 1.092495103 1.107010544 0.971364101 0.972154571 0.999405270 0.997327256 0.914626966 0.973486967 0.994768136 1.011211878 0.954345649 1.025250561 1.004571572 1.021687244 0.961491874 1.181149058 0.984723441 1.000823780 0.983913563 0.929298236 0.961664535 0.781584186 0.808748873 0.841984904 0.525270207 0.547849856 0.602969524 0.564491344 0.519652999 0.000000000 0.341617925 0.301244610 0.362650597 0.350389709 0.722565948 0.718227133 0.718738451 0.721624409 1.883007581 
50     0.934708520 0.975597434 0.990490035 0.850019878 1.089465090 1.074676749 1.093613016 1.012663199 1.003788888 1.069317967 1.033917228 0.978362658 1.045167709 1.059683150 0.924036707 0.924800615 0.952077876 0.950152190 0.867830974 0.926600726 0.947975939 0.964419682 0.906734126 0.978128399 0.957503510 0.974589102 0.914393731 1.134050915 0.937625298 0.953736666 0.936650368 0.882899819 0.915224330 0.734483259 0.762348772 0.795392690 0.479432954 0.501929622 0.557359127 0.519215395 0.474120242 0.341617925 0.000000000 0.140521320 0.315393405 0.300435199 0.676381977 0.672067094 0.672564746 0.675450705 1.831817216 
33     0.895446390 0.936335304 0.951370943 0.810757748 1.050972840 1.036142440 1.055078707 0.975386200 0.964474992 1.030004071 0.994603333 0.939024173 1.005719383 1.020234824 0.884603446 0.885367354 0.912565663 0.910633798 0.828222297 0.887185223 0.908560437 0.925004179 0.867318623 0.938712896 0.918088007 0.935173599 0.874978228 1.094635413 0.898209795 0.914321163 0.897234865 0.843580212 0.875904723 0.695046037 0.722882560 0.756115400 0.439535578 0.462035562 0.517214629 0.479173795 0.434091547 0.301244610 0.140521320 0.000000000 0.273820736 0.260810574 0.636552551 0.632237669 0.632735320 0.635621279 1.792209165 
39     0.947967408 0.988806490 1.003662082 0.863228934 1.103557190 1.089005210 1.107941478 1.026479113 1.016057121 1.082102232 1.046471093 0.991620718 1.058179665 1.072695106 0.937048663 0.937812571 0.965089832 0.963011818 0.880774720 0.939323613 0.960887752 0.977331494 0.919340992 0.990810443 0.970029077 0.987217047 0.927021676 1.146678860 0.950213417 0.967035747 0.950050856 0.896752790 0.929119090 0.747285396 0.775232919 0.808810644 0.490501257 0.513419381 0.568828751 0.530914198 0.485506536 0.362650597 0.315393405 0.273820736 0.000000000 0.310290236 0.688208035 0.684078009 0.684589327 0.687475285 1.848854852 
45     0.925304008 0.965984116 0.980897584 0.840500692 1.080655892 1.065945943 1.085019178 1.004600976 0.993454401 1.058789032 1.023232588 0.968500506 1.032353625 1.046857948 0.913150782 0.913687615 0.941191951 0.938966396 0.857217550 0.914071008 0.936314693 0.952758435 0.895315707 0.966859571 0.946172798 0.963258390 0.903085968 1.122520517 0.926355221 0.943280908 0.926107995 0.873941570 0.906307869 0.725669847 0.753346288 0.786855599 0.467319748 0.490047857 0.545884326 0.509261886 0.463654915 0.350389709 0.300435199 0.260810574 0.310290236 0.000000000 0.665792927 0.661381367 0.661892685 0.664778643 1.825719913 
46     0.928139439 0.969422662 0.984375372 0.844357759 1.084750998 1.070468470 1.089258239 1.009008716 0.997272737 1.063001418 1.027811101 0.972927968 1.038685141 1.052813220 0.916575490 0.919082051 0.945163872 0.943164059 0.861272594 0.919161828 0.942708053 0.959170293 0.900773954 0.971929949 0.951086111 0.967977947 0.907297010 1.127032219 0.931372428 0.947923504 0.930579115 0.876170144 0.908785216 0.729192952 0.757592830 0.791262065 0.631275098 0.653745534 0.704853796 0.708269306 0.660916150 0.722565948 0.676381977 0.636552551 0.688208035 0.665792927 0.000000000 0.207063773 0.206368730 0.211526349 1.832774769 
42     0.922526102 0.963679353 0.978724208 0.838413481 1.078260526 1.063977998 1.082767767 1.002721582 0.990402904 1.056142312 1.020951994 0.967696058 1.033482610 1.047610689 0.911320788 0.913827349 0.939961341 0.938015762 0.855934003 0.913979203 0.937525429 0.953987668 0.895644026 0.966813439 0.945969601 0.962861437 0.901557642 1.122323251 0.926238435 0.942186330 0.924988323 0.870890312 0.903663850 0.723804135 0.752073911 0.785763204 0.627381086 0.649919583 0.700543993 0.703358969 0.655718270 0.718227133 0.672067094 0.632237669 0.684078009 0.661381367 0.207063773 0.000000000 0.114349927 0.115992116 1.827451027 
35     0.923273670 0.964426921 0.979471777 0.839204878 1.079008095 1.064725567 1.083515336 1.003450470 0.991150473 1.056889880 1.021699563 0.968443627 1.034279337 1.048407416 0.912169686 0.914676247 0.940758068 0.938864659 0.856782900 0.914799536 0.938298480 0.954763500 0.896343372 0.967700449 0.946856610 0.963748447 0.902444652 1.123143584 0.927058768 0.943540454 0.926347986 0.871169505 0.903943042 0.724083328 0.752353104 0.786042397 0.627646674 0.650185172 0.700795571 0.703939922 0.656427502 0.718738451 0.672564746 0.632735320 0.684589327 0.661892685 0.206368730 0.114349927 0.000000000 0.096365948 1.828095175 
48     0.925995646 0.967148897 0.982193752 0.842103227 1.081730070 1.067447542 1.086237311 1.006172445 0.993872448 1.059611856 1.024421538 0.971165602 1.036626856 1.050754935 0.914562654 0.917069215 0.943151036 0.941212177 0.859130419 0.916958624 0.940457569 0.956922588 0.898367862 0.969603952 0.948760114 0.965067909 0.904348155 1.125047087 0.928846049 0.945788798 0.928596330 0.874021595 0.906795133 0.726935418 0.755205195 0.788894488 0.630532633 0.653071130 0.703681530 0.706825881 0.659313460 0.721624409 0.675450705 0.635621279 0.687475285 0.664778643 0.211526349 0.115992116 0.096365948 0.000000000 1.830817150 
0     1.884559342 1.922958886 1.943500566 1.804502172 2.044978199 2.031312111 2.049954360 1.965208721 1.952434870 2.016857821 1.981698190 1.932947396 2.003018899 2.016910793 1.881253004 1.884550439 1.912710435 1.908273393 1.825954793 1.886762826 1.905163911 1.921594485 1.866943321 1.937235119 1.918992523 1.935166994 1.875622123 2.085297551 1.899099180 1.917130804 1.901202848 1.939651128 1.972753432 1.789971569 1.820332286 1.854649937 1.790711218 1.812302211 1.861647626 1.868172023 1.818329199 1.883007581 1.831817216 1.792209165 1.848854852 1.825719913 1.832774769 1.827451027 1.828095175 1.830817150 0.000000000 
