51
9     0.000000000 0.005443550 0.008636140 0.000125140 0.024560070 0.025472380 0.025422370 0.019972490 0.029533680 0.020134010 0.019669020 0.020394050 0.020448900 0.018862720 0.037772060 0.024156830 0.045695120 0.027922070 0.020435180 0.027220650 0.028795190 0.029343620 0.022045810 0.027009980 0.028519850 0.033880210 0.026650720 0.026763680 0.022216130 0.028432600 0.029355840 0.034670130 0.021609760 0.017285610 0.017551120 0.017849920 0.023581570 0.020680690 0.020030000 0.023451760 0.024059690 0.011056430 0.021724960 0.021400290 0.018153670 0.019758800 0.029089780 0.029203120 0.030733810 0.029080670 0.078858830 
8     0.005443550 0.000000000 0.013433000 0.002761530 0.021499520 0.022411830 0.022361820 0.016911940 0.026938800 0.017073460 0.016608470 0.026901680 0.017388350 0.015802170 0.034711510 0.021096280 0.020939780 0.024861520 0.017374630 0.024160100 0.025734640 0.026283070 0.018985260 0.023949430 0.025459300 0.039370510 0.023590170 0.023703130 0.019155580 0.004726020 0.026295290 0.031609580 0.018549210 0.014225060 0.014490570 0.014789370 0.020521020 0.017620140 0.016969450 0.020391210 0.020999140 0.019410120 0.018664410 0.018339740 0.015093120 0.016698250 0.026029230 0.026142570 0.027673260 0.026020120 0.075798280 
22     0.008636140 0.013433000 0.000000000 0.004220070 0.011156500 0.029512500 0.022211910 0.025049760 0.022886870 0.025211280 0.024191940 0.044436200 0.025526170 0.023939990 0.042849330 0.029234100 0.050772390 0.032999340 0.025512450 0.032297920 0.033872460 0.030924000 0.027123080 0.032087250 0.033597120 0.047508330 0.031727990 0.005306620 0.027293400 0.027531040 0.029518340 0.039747400 0.026687030 0.022362880 0.022628390 0.022927190 0.028658840 0.025757960 0.025107270 0.028529030 0.029136960 0.003381990 0.026802230 0.026477560 0.023230940 0.024836070 0.034167050 0.034280390 0.035811080 0.034157940 0.083936100 
31     0.000125140 0.002761530 0.004220070 0.000000000 0.019172670 0.015922230 0.020034970 0.014585090 0.024611950 0.014746610 0.014281620 0.004887420 0.015061500 0.013475320 0.032384660 0.018769430 0.040307720 0.022534670 0.015047780 0.021833250 0.023407790 0.022307810 0.016658410 0.021622580 0.023132450 0.037043660 0.021263320 0.021376280 0.016828730 0.018914850 0.020902150 0.029282730 0.016222360 0.011898210 0.012163720 0.012462520 0.018194170 0.015293290 0.014642600 0.018064360 0.018672290 0.017083270 0.016337560 0.016012890 0.012766270 0.014371400 0.023702380 0.023815720 0.025346410 0.023693270 0.073471430 
11     0.024560070 0.021499520 0.011156500 0.019172670 0.000000000 0.001809890 0.001759880 0.001362610 0.022426040 0.012560700 0.012095710 0.032791900 0.029018310 0.027432130 0.040905860 0.032726240 0.044507130 0.036491480 0.029004590 0.033391190 0.037364600 0.030416070 0.030615220 0.035579390 0.037089260 0.049536680 0.035220130 0.011047680 0.030785540 0.023726590 0.025506560 0.043239540 0.030179170 0.025855020 0.026120530 0.014934880 0.032150980 0.029250100 0.028599410 0.032021170 0.032629100 0.031040080 0.030294370 0.029969700 0.026723080 0.028328210 0.028487840 0.037772530 0.039303220 0.037650080 0.087428240 
18     0.025472380 0.022411830 0.029512500 0.015922230 0.001809890 0.000000000 0.000680820 0.013311490 0.023338350 0.013473010 0.013008020 0.033506900 0.029930620 0.028344440 0.047253780 0.033638550 0.055176840 0.037403790 0.029916900 0.036702370 0.038276910 0.038825340 0.031527530 0.036491700 0.038001570 0.051912780 0.036132440 0.029403680 0.031697850 0.042082590 0.038837560 0.013348780 0.031091480 0.026767330 0.027032840 0.027331640 0.033063290 0.030162410 0.029511720 0.032933480 0.033541410 0.031952390 0.031206680 0.030882010 0.027635390 0.029240520 0.038571500 0.038684840 0.040215530 0.038562390 0.088340550 
19     0.025422370 0.022361820 0.022211910 0.020034970 0.001759880 0.000680820 0.000000000 0.013261480 0.023288340 0.013423000 0.012958010 0.031321060 0.029880610 0.028294430 0.047203770 0.033588540 0.055126830 0.037353780 0.029866890 0.036652360 0.033355890 0.023934440 0.031477520 0.006487560 0.037951560 0.051862770 0.028876340 0.022103090 0.031647840 0.034782000 0.036561970 0.031308560 0.031041470 0.026717320 0.026982830 0.027281630 0.006179970 0.030112400 0.029461710 0.032883470 0.033491400 0.031902380 0.031156670 0.030832000 0.027585380 0.029190510 0.038521490 0.038634830 0.040165520 0.038512380 0.088290540 
26     0.019972490 0.016911940 0.025049760 0.014585090 0.001362610 0.013311490 0.013261480 0.000000000 0.007299990 0.002254460 0.000909890 0.040281160 0.024430730 0.022844550 0.041753890 0.028138660 0.049676950 0.031903900 0.024417010 0.031202480 0.032777020 0.033325450 0.026027640 0.030991810 0.032501680 0.046412890 0.030632550 0.030745510 0.026197960 0.036615890 0.033337670 0.038651960 0.025591590 0.021267440 0.021532950 0.021831750 0.027563400 0.024662520 0.024011830 0.027433590 0.028041520 0.026452500 0.025706790 0.025382120 0.022135500 0.023740630 0.033071610 0.033184950 0.034715640 0.033062500 0.082840660 
16     0.029533680 0.026938800 0.022886870 0.024611950 0.022426040 0.023338350 0.023288340 0.007299990 0.000000000 0.005472610 0.002629250 0.036549650 0.034457590 0.032871410 0.051780750 0.038165520 0.059703810 0.041930760 0.034443870 0.041229340 0.042803880 0.043352310 0.036054500 0.041018670 0.042528540 0.056439750 0.040659410 0.040772370 0.036224820 0.046642750 0.043364530 0.048113130 0.035618450 0.031294300 0.031559810 0.030443670 0.037590260 0.034689380 0.034038690 0.037460450 0.038068380 0.036479360 0.035733650 0.035408980 0.032162360 0.033767490 0.043098470 0.043211810 0.044742500 0.043089360 0.092867520 
20     0.020134010 0.017073460 0.025211280 0.014746610 0.012560700 0.013473010 0.013423000 0.002254460 0.005472610 0.000000000 0.001459330 0.032902330 0.024592250 0.023006070 0.041915410 0.028300180 0.049838470 0.032065420 0.024578530 0.031364000 0.032938540 0.033486970 0.026189160 0.031153330 0.032663200 0.046574410 0.030794070 0.030907030 0.026359480 0.036777410 0.033499190 0.038813480 0.025753110 0.021428960 0.021694470 0.021993270 0.027724920 0.024824040 0.024173350 0.027595110 0.028203040 0.026614020 0.025868310 0.025543640 0.022297020 0.023902150 0.033233130 0.033346470 0.034877160 0.033224020 0.083002180 
28     0.019669020 0.016608470 0.024191940 0.014281620 0.012095710 0.013008020 0.012958010 0.000909890 0.002629250 0.001459330 0.000000000 0.037854720 0.024127260 0.022541080 0.041450420 0.027835190 0.049373480 0.031600430 0.024113540 0.030899010 0.032473550 0.033021980 0.025724170 0.030688340 0.032198210 0.046109420 0.030329080 0.030442040 0.025894490 0.036312420 0.033034200 0.038348490 0.025288120 0.017242800 0.021229480 0.021528280 0.027259930 0.024359050 0.019072600 0.027130120 0.027738050 0.026149030 0.025403320 0.025078650 0.021832030 0.023437160 0.032768140 0.032881480 0.034412170 0.032759030 0.082537190 
12     0.020394050 0.026901680 0.044436200 0.004887420 0.032791900 0.033506900 0.031321060 0.040281160 0.036549650 0.032902330 0.037854720 0.000000000 0.044011790 0.042425610 0.028983310 0.042265770 0.046994600 0.046393380 0.043998070 0.020782070 0.043023830 0.037424400 0.018864640 0.045546750 0.052082740 0.034556080 0.032413640 0.050326570 0.018893300 0.030247420 0.028035560 0.028218860 0.007517040 0.015863060 0.014693840 0.014474090 0.041956430 0.044243580 0.034245110 0.047014650 0.046104440 0.046033560 0.040456980 0.044963180 0.040720670 0.043321690 0.030597520 0.026081250 0.025148940 0.025311430 0.086455300 
2     0.020448900 0.017388350 0.025526170 0.015061500 0.029018310 0.029930620 0.029880610 0.024430730 0.034457590 0.024592250 0.024127260 0.044011790 0.000000000 0.001275160 0.016606110 0.012224670 0.005726400 0.015989910 0.008503020 0.017617590 0.019192130 0.019740560 0.012442750 0.017406920 0.018916790 0.032828000 0.017047660 0.017160620 0.012613070 0.017220360 0.019000330 0.031280010 0.018219640 0.007753690 0.014161000 0.014459800 0.020191450 0.017290570 0.016639880 0.020061640 0.020669570 0.019080550 0.018334840 0.018010170 0.014763550 0.016368680 0.025699660 0.025813000 0.027343690 0.025690550 0.078825230 
4     0.018862720 0.015802170 0.023939990 0.013475320 0.027432130 0.028344440 0.028294430 0.022844550 0.032871410 0.023006070 0.022541080 0.042425610 0.001275160 0.000000000 0.009806590 0.009328540 0.004126540 0.003031820 0.006916840 0.005813110 0.013707860 0.016928960 0.010856570 0.015820740 0.017330610 0.014599540 0.015461480 0.014673230 0.011026890 0.010420840 0.012200810 0.029693830 0.016633460 0.012309310 0.012574820 0.012873620 0.018605270 0.009325470 0.015053700 0.018475460 0.019083390 0.017494370 0.016748660 0.016423990 0.013177370 0.014782500 0.024113480 0.024226820 0.025757510 0.024104370 0.077239050 
27     0.037772060 0.034711510 0.042849330 0.032384660 0.040905860 0.047253780 0.047203770 0.041753890 0.051780750 0.041915410 0.041450420 0.028983310 0.016606110 0.009806590 0.000000000 0.000764460 0.001095160 0.004921810 0.004599190 0.022326800 0.018037810 0.024452030 0.020409370 0.034730080 0.036239950 0.036100810 0.033958370 0.034483780 0.020438030 0.017943910 0.017432190 0.046318310 0.035542800 0.031218650 0.031484160 0.031782960 0.036257260 0.034613730 0.033963040 0.037384800 0.037992730 0.036403710 0.035658000 0.035333330 0.032086710 0.033691840 0.034801920 0.043136160 0.044666850 0.043013710 0.079442350 
24     0.024156830 0.021096280 0.029234100 0.018769430 0.032726240 0.033638550 0.033588540 0.028138660 0.038165520 0.028300180 0.027835190 0.042265770 0.012224670 0.009328540 0.000764460 0.000000000 0.008650660 0.011824570 0.008758690 0.014605860 0.022500610 0.023448490 0.016150680 0.021114850 0.022624720 0.031196550 0.020755590 0.020868550 0.016321000 0.026738930 0.016670510 0.034987940 0.021927570 0.017603420 0.017868930 0.018167730 0.023899380 0.020998500 0.020347810 0.023769570 0.024377500 0.022788480 0.022042770 0.021718100 0.018471480 0.020076610 0.029407590 0.029520930 0.031051620 0.029398480 0.075452280 
30     0.045695120 0.020939780 0.050772390 0.040307720 0.044507130 0.055176840 0.055126830 0.049676950 0.059703810 0.049838470 0.049373480 0.046994600 0.005726400 0.004126540 0.001095160 0.008650660 0.000000000 0.001317720 0.016622330 0.004138070 0.012032820 0.016199590 0.037688970 0.026322500 0.021099060 0.020728760 0.021779110 0.042406840 0.016917930 0.046219100 0.031992420 0.056526230 0.043465860 0.039141710 0.039407220 0.039706020 0.045437670 0.042536790 0.041886100 0.045307860 0.045915790 0.044326770 0.043581060 0.043256390 0.040009770 0.041614900 0.050945880 0.051059220 0.052589910 0.050936770 0.091155090 
17     0.027922070 0.024861520 0.032999340 0.022534670 0.036491480 0.037403790 0.037353780 0.031903900 0.041930760 0.032065420 0.031600430 0.046393380 0.015989910 0.003031820 0.004921810 0.011824570 0.001317720 0.000000000 0.012523930 0.003043350 0.010938100 0.015104870 0.019915920 0.024880090 0.020004340 0.019634040 0.020684390 0.024633790 0.015823210 0.030504170 0.027225950 0.038753180 0.025692810 0.021368660 0.021634170 0.021932970 0.027664620 0.024763740 0.024113050 0.027534810 0.028142740 0.026553720 0.025808010 0.025483340 0.022236720 0.023841850 0.033172830 0.033286170 0.034816860 0.033163720 0.086298400 
10     0.020435180 0.017374630 0.025512450 0.015047780 0.029004590 0.029916900 0.029866890 0.024417010 0.034443870 0.024578530 0.024113540 0.043998070 0.008503020 0.006916840 0.004599190 0.008758690 0.016622330 0.012523930 0.000000000 0.017603870 0.019178410 0.019726840 0.012429030 0.017393200 0.018903070 0.025301040 0.017033940 0.017146900 0.012599350 0.023017280 0.019739060 0.031266290 0.018205920 0.013881770 0.014009210 0.014446080 0.020177730 0.017276850 0.016626160 0.020047920 0.020655850 0.019066830 0.018321120 0.017996450 0.014749830 0.016354960 0.025685940 0.025799280 0.027329970 0.025676830 0.078811510 
14     0.027220650 0.024160100 0.032297920 0.021833250 0.033391190 0.036702370 0.036652360 0.031202480 0.041229340 0.031364000 0.030899010 0.020782070 0.017617590 0.005813110 0.022326800 0.014605860 0.004138070 0.003043350 0.017603870 0.000000000 0.008070870 0.002978380 0.005825390 0.012355490 0.013865360 0.013273030 0.011996230 0.011296400 0.003164950 0.010429240 0.012209210 0.038051760 0.024991390 0.020667240 0.020932750 0.021231550 0.026963200 0.024062320 0.023411630 0.015585730 0.027441320 0.025852300 0.025106590 0.024781920 0.021535300 0.010805500 0.027287250 0.032584750 0.034115440 0.032462300 0.085596980 
15     0.028795190 0.025734640 0.033872460 0.023407790 0.037364600 0.038276910 0.033355890 0.032777020 0.042803880 0.032938540 0.032473550 0.043023830 0.019192130 0.013707860 0.018037810 0.022500610 0.012032820 0.010938100 0.019178410 0.008070870 0.000000000 0.000074510 0.005606840 0.013930030 0.015109960 0.005766600 0.013570770 0.013683730 0.007724920 0.023606790 0.025386760 0.039626300 0.026565930 0.022241780 0.022507290 0.022806090 0.028537740 0.025636860 0.024986170 0.028407930 0.029015860 0.027426840 0.026681130 0.026356460 0.023109840 0.024714970 0.034045950 0.034159290 0.011383730 0.010672580 0.087171520 
3     0.029343620 0.026283070 0.030924000 0.022307810 0.030416070 0.038825340 0.023934440 0.033325450 0.043352310 0.033486970 0.033021980 0.037424400 0.019740560 0.016928960 0.024452030 0.023448490 0.016199590 0.015104870 0.019726840 0.002978380 0.000074510 0.000000000 0.008103030 0.014478460 0.015988330 0.020682790 0.014119200 0.014232160 0.000518440 0.007454120 0.009234090 0.040174730 0.027114360 0.022790210 0.023055720 0.023354520 0.029086170 0.026185290 0.025534600 0.028956360 0.029564290 0.027975270 0.027229560 0.026904890 0.023658270 0.025263400 0.024312130 0.034707720 0.017491140 0.016779990 0.087719950 
6     0.022045810 0.018985260 0.027123080 0.016658410 0.030615220 0.031527530 0.031477520 0.026027640 0.036054500 0.026189160 0.025724170 0.018864640 0.012442750 0.010856570 0.020409370 0.016150680 0.037688970 0.019915920 0.012429030 0.005825390 0.005606840 0.008103030 0.000000000 0.007180650 0.008690520 0.008175460 0.006821390 0.006934350 0.000858440 0.024484170 0.021205950 0.032876920 0.019816550 0.015492400 0.015757910 0.016056710 0.021788360 0.018887480 0.018236790 0.021658550 0.022266480 0.020677460 0.019931750 0.019607080 0.016360460 0.017965590 0.027296570 0.027409910 0.028940600 0.027287460 0.080422140 
13     0.027009980 0.023949430 0.032087250 0.021622580 0.035579390 0.036491700 0.006487560 0.030991810 0.041018670 0.031153330 0.030688340 0.045546750 0.017406920 0.015820740 0.034730080 0.021114850 0.026322500 0.024880090 0.017393200 0.012355490 0.013930030 0.014478460 0.007180650 0.000000000 0.001563150 0.005284120 0.002284440 0.003344580 0.007350970 0.029448340 0.026170120 0.037841090 0.024780720 0.020456570 0.020722080 0.021020880 0.026752530 0.023851650 0.023200960 0.026622720 0.027230650 0.025641630 0.024895920 0.024571250 0.021324630 0.022929760 0.032260740 0.032374080 0.033904770 0.032251630 0.085386310 
29     0.028519850 0.025459300 0.033597120 0.023132450 0.037089260 0.038001570 0.037951560 0.032501680 0.042528540 0.032663200 0.032198210 0.052082740 0.018916790 0.017330610 0.036239950 0.022624720 0.021099060 0.020004340 0.018903070 0.013865360 0.015109960 0.015988330 0.008690520 0.001563150 0.000000000 0.007991640 0.003794310 0.004854450 0.004181370 0.030958210 0.027679990 0.039350960 0.026290590 0.021966440 0.022231950 0.022530750 0.028262400 0.025361520 0.024710830 0.028132590 0.028740520 0.027151500 0.026405790 0.026081120 0.003714110 0.024439630 0.033770610 0.033883950 0.035414640 0.033761500 0.086896180 
7     0.033880210 0.039370510 0.047508330 0.037043660 0.049536680 0.051912780 0.051862770 0.046412890 0.056439750 0.046574410 0.046109420 0.034556080 0.032828000 0.014599540 0.036100810 0.031196550 0.020728760 0.019634040 0.025301040 0.013273030 0.005766600 0.020682790 0.008175460 0.005284120 0.007991640 0.000000000 0.001549190 0.014011070 0.003811070 0.026574730 0.028354700 0.053262170 0.040201800 0.035877650 0.036143160 0.036441960 0.042173610 0.039272730 0.038622040 0.042043800 0.042651730 0.041062710 0.040317000 0.039992330 0.036745710 0.038350840 0.043432740 0.047795160 0.049325850 0.030488180 0.100807390 
25     0.026650720 0.023590170 0.031727990 0.021263320 0.035220130 0.036132440 0.028876340 0.030632550 0.040659410 0.030794070 0.030329080 0.032413640 0.017047660 0.015461480 0.033958370 0.020755590 0.021779110 0.020684390 0.017033940 0.011996230 0.013570770 0.014119200 0.006821390 0.002284440 0.003794310 0.001549190 0.000000000 0.002985320 0.004861420 0.021685170 0.023465140 0.037481830 0.024421460 0.011191480 0.020362820 0.020661620 0.026393270 0.023492390 0.022841700 0.026263460 0.026871390 0.025282370 0.024536660 0.024211990 0.020965370 0.022570500 0.031901480 0.032014820 0.033545510 0.031892370 0.085027050 
23     0.026763680 0.023703130 0.005306620 0.021376280 0.011047680 0.029403680 0.022103090 0.030745510 0.040772370 0.030907030 0.030442040 0.050326570 0.017160620 0.014673230 0.034483780 0.020868550 0.042406840 0.024633790 0.017146900 0.011296400 0.013683730 0.014232160 0.006934350 0.003344580 0.004854450 0.014011070 0.002985320 0.000000000 0.007104670 0.015299150 0.025923820 0.037594790 0.024534420 0.020210270 0.020475780 0.020774580 0.026506230 0.023605350 0.022954660 0.026376420 0.026984350 0.025395330 0.024649620 0.024324950 0.021078330 0.022683460 0.032014440 0.032127780 0.033658470 0.032005330 0.085140010 
1     0.022216130 0.019155580 0.027293400 0.016828730 0.030785540 0.031697850 0.031647840 0.026197960 0.036224820 0.026359480 0.025894490 0.018893300 0.012613070 0.011026890 0.020438030 0.016321000 0.016917930 0.015823210 0.012599350 0.003164950 0.007724920 0.000518440 0.000858440 0.007350970 0.004181370 0.003811070 0.004861420 0.007104670 0.000000000 0.007945920 0.009725890 0.022608630 0.019986870 0.015662720 0.015928230 0.016227030 0.021958680 0.019057800 0.018407110 0.021828870 0.022436800 0.020847780 0.020102070 0.019777400 0.016530780 0.018135910 0.024803930 0.027580230 0.029110920 0.027457780 0.080592460 
21     0.028432600 0.004726020 0.027531040 0.018914850 0.023726590 0.042082590 0.034782000 0.036615890 0.046642750 0.036777410 0.036312420 0.030247420 0.017220360 0.010420840 0.017943910 0.026738930 0.046219100 0.030504170 0.023017280 0.010429240 0.023606790 0.007454120 0.024484170 0.029448340 0.030958210 0.026574730 0.021685170 0.015299150 0.007945920 0.000000000 0.001795750 0.043465170 0.030404800 0.026080650 0.026346160 0.026644960 0.032376610 0.029475730 0.028825040 0.032246800 0.032854730 0.031265710 0.030520000 0.030195330 0.026948710 0.028553840 0.017622650 0.037276540 0.039174550 0.029277420 0.089810770 
5     0.029355840 0.026295290 0.029518340 0.020902150 0.025506560 0.038837560 0.036561970 0.033337670 0.043364530 0.033499190 0.033034200 0.028035560 0.019000330 0.012200810 0.017432190 0.016670510 0.031992420 0.027225950 0.019739060 0.012209210 0.025386760 0.009234090 0.021205950 0.026170120 0.027679990 0.028354700 0.023465140 0.025923820 0.009725890 0.001795750 0.000000000 0.040186950 0.027126580 0.007945260 0.023067940 0.023366740 0.029098390 0.026197510 0.025546820 0.028968580 0.029576510 0.027987490 0.027241780 0.026917110 0.023670490 0.025275620 0.016419710 0.034719940 0.036250630 0.027065560 0.087732170 
37     0.034670130 0.031609580 0.039747400 0.029282730 0.043239540 0.013348780 0.031308560 0.038651960 0.048113130 0.038813480 0.038348490 0.028218860 0.031280010 0.029693830 0.046318310 0.034987940 0.056526230 0.038753180 0.031266290 0.038051760 0.039626300 0.040174730 0.032876920 0.037841090 0.039350960 0.053262170 0.037481830 0.037594790 0.022608630 0.043465170 0.040186950 0.000000000 0.004361440 0.004567420 0.022527200 0.023642590 0.034250500 0.031349620 0.030698930 0.034120690 0.034728620 0.033139600 0.032393890 0.032069220 0.028822600 0.030427730 0.039758710 0.039872050 0.041402740 0.039749600 0.085003790 
41     0.021609760 0.018549210 0.026687030 0.016222360 0.030179170 0.031091480 0.031041470 0.025591590 0.035618450 0.025753110 0.025288120 0.007517040 0.018219640 0.016633460 0.035542800 0.021927570 0.043465860 0.025692810 0.018205920 0.024991390 0.026565930 0.027114360 0.019816550 0.024780720 0.026290590 0.040201800 0.024421460 0.024534420 0.019986870 0.030404800 0.027126580 0.004361440 0.000000000 0.002895490 0.008154040 0.007934290 0.021190130 0.018289250 0.017638560 0.021060320 0.021668250 0.020079230 0.019333520 0.019008850 0.015762230 0.017367360 0.026698340 0.019550590 0.018618280 0.018780770 0.079986090 
43     0.017285610 0.014225060 0.022362880 0.011898210 0.025855020 0.026767330 0.026717320 0.021267440 0.031294300 0.021428960 0.017242800 0.015863060 0.007753690 0.012309310 0.031218650 0.017603420 0.039141710 0.021368660 0.013881770 0.020667240 0.022241780 0.022790210 0.015492400 0.020456570 0.021966440 0.035877650 0.011191480 0.020210270 0.015662720 0.026080650 0.007945260 0.004567420 0.002895490 0.000000000 0.000855220 0.001565880 0.016865980 0.013965100 0.013314410 0.016736170 0.017344100 0.015755080 0.015009370 0.014684700 0.011438080 0.013043210 0.022374190 0.022487530 0.024018220 0.022365080 0.074678740 
47     0.017551120 0.014490570 0.022628390 0.012163720 0.026120530 0.027032840 0.026982830 0.021532950 0.031559810 0.021694470 0.021229480 0.014693840 0.014161000 0.012574820 0.031484160 0.017868930 0.039407220 0.021634170 0.014009210 0.020932750 0.022507290 0.023055720 0.015757910 0.020722080 0.022231950 0.036143160 0.020362820 0.020475780 0.015928230 0.026346160 0.023067940 0.022527200 0.008154040 0.000855220 0.000000000 0.000000740 0.017131490 0.014230610 0.013579920 0.017001680 0.017609610 0.016020590 0.015274880 0.014950210 0.011703590 0.013308720 0.022639700 0.022644060 0.024283730 0.020527820 0.071082260 
49     0.017849920 0.014789370 0.022927190 0.012462520 0.014934880 0.027331640 0.027281630 0.021831750 0.030443670 0.021993270 0.021528280 0.014474090 0.014459800 0.012873620 0.031782960 0.018167730 0.039706020 0.021932970 0.014446080 0.021231550 0.022806090 0.023354520 0.016056710 0.021020880 0.022530750 0.036441960 0.020661620 0.020774580 0.016227030 0.026644960 0.023366740 0.023642590 0.007934290 0.001565880 0.000000740 0.000000000 0.017430290 0.014529410 0.013878720 0.017300480 0.017908410 0.016319390 0.015573680 0.015249010 0.012002390 0.013607520 0.022938500 0.023051840 0.024582530 0.022929390 0.076029540 
32     0.023581570 0.020521020 0.028658840 0.018194170 0.032150980 0.033063290 0.006179970 0.027563400 0.037590260 0.027724920 0.027259930 0.041956430 0.020191450 0.018605270 0.036257260 0.023899380 0.045437670 0.027664620 0.020177730 0.026963200 0.028537740 0.029086170 0.021788360 0.026752530 0.028262400 0.042173610 0.026393270 0.026506230 0.021958680 0.032376610 0.029098390 0.034250500 0.021190130 0.016865980 0.017131490 0.017430290 0.000000000 0.003063800 0.005704310 0.013934370 0.009931400 0.012953280 0.012207570 0.011882900 0.008636280 0.010241410 0.022572470 0.022685810 0.024216500 0.022563360 0.075189980 
38     0.020680690 0.017620140 0.025757960 0.015293290 0.029250100 0.030162410 0.030112400 0.024662520 0.034689380 0.024824040 0.024359050 0.044243580 0.017290570 0.009325470 0.034613730 0.020998500 0.042536790 0.024763740 0.017276850 0.024062320 0.025636860 0.026185290 0.018887480 0.023851650 0.025361520 0.039272730 0.023492390 0.023605350 0.019057800 0.029475730 0.026197510 0.031349620 0.018289250 0.013965100 0.014230610 0.014529410 0.003063800 0.000000000 0.003922290 0.001468180 0.002233300 0.010052400 0.009306690 0.008982020 0.004802410 0.007340530 0.019671590 0.019784930 0.020983840 0.019662480 0.079057020 
36     0.020030000 0.016969450 0.025107270 0.014642600 0.028599410 0.029511720 0.029461710 0.024011830 0.034038690 0.024173350 0.019072600 0.034245110 0.016639880 0.015053700 0.033963040 0.020347810 0.041886100 0.024113050 0.016626160 0.023411630 0.024986170 0.025534600 0.018236790 0.023200960 0.024710830 0.038622040 0.022841700 0.022954660 0.018407110 0.028825040 0.025546820 0.030698930 0.017638560 0.013314410 0.013579920 0.013878720 0.005704310 0.003922290 0.000000000 0.010382800 0.010990730 0.009401710 0.006360450 0.008331330 0.005084710 0.006689840 0.019020900 0.019134240 0.020664930 0.019011790 0.078406330 
34     0.023451760 0.020391210 0.028529030 0.018064360 0.032021170 0.032933480 0.032883470 0.027433590 0.037460450 0.027595110 0.027130120 0.047014650 0.020061640 0.018475460 0.037384800 0.023769570 0.045307860 0.027534810 0.020047920 0.015585730 0.028407930 0.028956360 0.021658550 0.026622720 0.028132590 0.042043800 0.026263460 0.026376420 0.021828870 0.032246800 0.028968580 0.034120690 0.021060320 0.016736170 0.017001680 0.017300480 0.013934370 0.001468180 0.010382800 0.000000000 0.000835750 0.001046110 0.010227220 0.009902550 0.006655930 0.008261060 0.022442660 0.022556000 0.024086690 0.022433550 0.079183800 
44     0.024059690 0.020999140 0.029136960 0.018672290 0.032629100 0.033541410 0.033491400 0.028041520 0.038068380 0.028203040 0.027738050 0.046104440 0.020669570 0.019083390 0.037992730 0.024377500 0.045915790 0.028142740 0.020655850 0.027441320 0.029015860 0.029564290 0.022266480 0.027230650 0.028740520 0.042651730 0.026871390 0.026984350 0.022436800 0.032854730 0.029576510 0.034728620 0.021668250 0.017344100 0.017609610 0.017908410 0.009931400 0.002233300 0.010990730 0.000835750 0.000000000 0.011580860 0.010835150 0.010510480 0.007263860 0.008868990 0.023050590 0.003446400 0.024694620 0.023041480 0.081804470 
40     0.011056430 0.019410120 0.003381990 0.017083270 0.031040080 0.031952390 0.031902380 0.026452500 0.036479360 0.026614020 0.026149030 0.046033560 0.019080550 0.017494370 0.036403710 0.022788480 0.044326770 0.026553720 0.019066830 0.025852300 0.027426840 0.027975270 0.020677460 0.025641630 0.027151500 0.041062710 0.025282370 0.025395330 0.020847780 0.031265710 0.027987490 0.033139600 0.020079230 0.015755080 0.016020590 0.016319390 0.012953280 0.010052400 0.009401710 0.001046110 0.011580860 0.000000000 0.004686610 0.004654320 0.000057210 0.002870030 0.021461570 0.021574910 0.023105600 0.021452460 0.080847000 
50     0.021724960 0.018664410 0.026802230 0.016337560 0.030294370 0.031206680 0.031156670 0.025706790 0.035733650 0.025868310 0.025403320 0.040456980 0.018334840 0.016748660 0.035658000 0.022042770 0.043581060 0.025808010 0.018321120 0.025106590 0.026681130 0.027229560 0.019931750 0.024895920 0.026405790 0.040317000 0.024536660 0.024649620 0.020102070 0.030520000 0.027241780 0.032393890 0.019333520 0.015009370 0.015274880 0.015573680 0.012207570 0.009306690 0.006360450 0.010227220 0.010835150 0.004686610 0.000000000 0.001486430 0.000291670 0.000602050 0.020715860 0.020829200 0.022359890 0.020706750 0.080101290 
33     0.021400290 0.018339740 0.026477560 0.016012890 0.029969700 0.030882010 0.030832000 0.025382120 0.035408980 0.025543640 0.025078650 0.044963180 0.018010170 0.016423990 0.035333330 0.021718100 0.043256390 0.025483340 0.017996450 0.024781920 0.026356460 0.026904890 0.019607080 0.024571250 0.026081120 0.039992330 0.024211990 0.024324950 0.019777400 0.030195330 0.026917110 0.032069220 0.019008850 0.014684700 0.014950210 0.015249010 0.011882900 0.008982020 0.008331330 0.009902550 0.010510480 0.004654320 0.001486430 0.000000000 0.000703530 0.001942450 0.020391190 0.020504530 0.022035220 0.020382080 0.071741920 
39     0.018153670 0.015093120 0.023230940 0.012766270 0.026723080 0.027635390 0.027585380 0.022135500 0.032162360 0.022297020 0.021832030 0.040720670 0.014763550 0.013177370 0.032086710 0.018471480 0.040009770 0.022236720 0.014749830 0.021535300 0.023109840 0.023658270 0.016360460 0.021324630 0.003714110 0.036745710 0.020965370 0.021078330 0.016530780 0.026948710 0.023670490 0.028822600 0.015762230 0.011438080 0.011703590 0.012002390 0.008636280 0.004802410 0.005084710 0.006655930 0.007263860 0.000057210 0.000291670 0.000703530 0.000000000 0.002045330 0.017144570 0.017257910 0.018788600 0.017135460 0.074268320 
45     0.019758800 0.016698250 0.024836070 0.014371400 0.028328210 0.029240520 0.029190510 0.023740630 0.033767490 0.023902150 0.023437160 0.043321690 0.016368680 0.014782500 0.033691840 0.020076610 0.041614900 0.023841850 0.016354960 0.010805500 0.024714970 0.025263400 0.017965590 0.022929760 0.024439630 0.038350840 0.022570500 0.022683460 0.018135910 0.028553840 0.025275620 0.030427730 0.017367360 0.013043210 0.013308720 0.013607520 0.010241410 0.007340530 0.006689840 0.008261060 0.008868990 0.002870030 0.000602050 0.001942450 0.002045330 0.000000000 0.018749700 0.018863040 0.020393730 0.018740590 0.078135130 
46     0.029089780 0.026029230 0.034167050 0.023702380 0.028487840 0.038571500 0.038521490 0.033071610 0.043098470 0.033233130 0.032768140 0.030597520 0.025699660 0.024113480 0.034801920 0.029407590 0.050945880 0.033172830 0.025685940 0.027287250 0.034045950 0.024312130 0.027296570 0.032260740 0.033770610 0.043432740 0.031901480 0.032014440 0.024803930 0.017622650 0.016419710 0.039758710 0.026698340 0.022374190 0.022639700 0.022938500 0.022572470 0.019671590 0.019020900 0.022442660 0.023050590 0.021461570 0.020715860 0.020391190 0.017144570 0.018749700 0.000000000 0.000000660 0.001783090 0.000129950 0.068385910 
42     0.029203120 0.026142570 0.034280390 0.023815720 0.037772530 0.038684840 0.038634830 0.033184950 0.043211810 0.033346470 0.032881480 0.026081250 0.025813000 0.024226820 0.043136160 0.029520930 0.051059220 0.033286170 0.025799280 0.032584750 0.034159290 0.034707720 0.027409910 0.032374080 0.033883950 0.047795160 0.032014820 0.032127780 0.027580230 0.037276540 0.034719940 0.039872050 0.019550590 0.022487530 0.022644060 0.023051840 0.022685810 0.019784930 0.019134240 0.022556000 0.003446400 0.021574910 0.020829200 0.020504530 0.017257910 0.018863040 0.000000660 0.000000000 0.001827270 0.001023880 0.087579450 
35     0.030733810 0.027673260 0.035811080 0.025346410 0.039303220 0.040215530 0.040165520 0.034715640 0.044742500 0.034877160 0.034412170 0.025148940 0.027343690 0.025757510 0.044666850 0.031051620 0.052589910 0.034816860 0.027329970 0.034115440 0.011383730 0.017491140 0.028940600 0.033904770 0.035414640 0.049325850 0.033545510 0.033658470 0.029110920 0.039174550 0.036250630 0.041402740 0.018618280 0.024018220 0.024283730 0.024582530 0.024216500 0.020983840 0.020664930 0.024086690 0.024694620 0.023105600 0.022359890 0.022035220 0.018788600 0.020393730 0.001783090 0.001827270 0.000000000 0.000074810 0.089110140 
48     0.029080670 0.026020120 0.034157940 0.023693270 0.037650080 0.038562390 0.038512380 0.033062500 0.043089360 0.033224020 0.032759030 0.025311430 0.025690550 0.024104370 0.043013710 0.029398480 0.050936770 0.033163720 0.025676830 0.032462300 0.010672580 0.016779990 0.027287460 0.032251630 0.033761500 0.030488180 0.031892370 0.032005330 0.027457780 0.029277420 0.027065560 0.039749600 0.018780770 0.022365080 0.020527820 0.022929390 0.022563360 0.019662480 0.019011790 0.022433550 0.023041480 0.021452460 0.020706750 0.020382080 0.017135460 0.018740590 0.000129950 0.001023880 0.000074810 0.000000000 0.087457000 
0     0.078858830 0.075798280 0.083936100 0.073471430 0.087428240 0.088340550 0.088290540 0.082840660 0.092867520 0.083002180 0.082537190 0.086455300 0.078825230 0.077239050 0.079442350 0.075452280 0.091155090 0.086298400 0.078811510 0.085596980 0.087171520 0.087719950 0.080422140 0.085386310 0.086896180 0.100807390 0.085027050 0.085140010 0.080592460 0.089810770 0.087732170 0.085003790 0.079986090 0.074678740 0.071082260 0.076029540 0.075189980 0.079057020 0.078406330 0.079183800 0.081804470 0.080847000 0.080101290 0.071741920 0.074268320 0.078135130 0.068385910 0.087579450 0.089110140 0.087457000 0.000000000 
