51
20     0.000000000 0.001172780 0.000005430 0.008046240 0.008616220 0.000936950 0.001113700 0.000170390 0.000260960 0.003795740 0.009052970 0.014945910 0.014750030 0.012753970 0.015690410 0.013079230 0.010468320 0.013726200 0.011776720 0.012986610 0.013015520 0.013305400 0.005690120 0.007318610 0.007321970 0.008653600 0.007040820 0.012617230 0.011006170 0.007245200 0.008892370 0.012633690 0.012666780 0.004734050 0.003921830 0.015236150 0.003609170 0.008998350 0.005141330 0.011537990 0.010650320 0.012502040 0.002269190 0.013184960 0.004872030 0.017311210 0.017285740 0.017359670 0.016871270 0.016737820 0.027226800 
3     0.001172780 0.000000000 0.000482520 0.011356150 0.009974960 0.011087210 0.011444590 0.012338320 0.010504190 0.010370480 0.007530930 0.010070530 0.012605200 0.011231930 0.014222860 0.009476500 0.011144820 0.009082720 0.010254680 0.003180860 0.003577680 0.006985900 0.009525480 0.007896930 0.010772630 0.009254260 0.014894100 0.009888420 0.009484130 0.007037720 0.007370330 0.016678090 0.017191960 0.013852370 0.012959660 0.013714110 0.015095070 0.002776310 0.007761110 0.002072040 0.013744760 0.013464260 0.011240160 0.018293460 0.017656990 0.017586410 0.016781390 0.010328130 0.004614850 0.003529120 0.028107490 
7     0.000005430 0.000482520 0.000000000 0.010500480 0.008642770 0.010291440 0.011647590 0.012541320 0.010707190 0.010573480 0.006198740 0.009301270 0.012155000 0.009899740 0.014213230 0.009466870 0.009681550 0.008543590 0.008922490 0.005791760 0.006188580 0.009596800 0.008193290 0.007127670 0.009440440 0.008485000 0.015152860 0.009307350 0.008151940 0.005705530 0.006038140 0.016643260 0.017394960 0.012520180 0.010183290 0.012381920 0.013762880 0.003543330 0.008476630 0.010952430 0.013814780 0.013667260 0.011230530 0.014069770 0.015670320 0.016485190 0.012604110 0.011961380 0.006248100 0.002636530 0.027955040 
10     0.008046240 0.011356150 0.010500480 0.000000000 0.000074940 0.001471940 0.000594140 0.001007150 0.004197770 0.004002730 0.010060780 0.012504740 0.012936250 0.010641250 0.012919270 0.011446880 0.002645040 0.011947880 0.010570990 0.009825560 0.010574350 0.010864230 0.010362750 0.008608580 0.010179790 0.008455360 0.011589690 0.011301610 0.011894940 0.009448530 0.009781140 0.014560390 0.015074260 0.009373690 0.010514960 0.014956130 0.015282200 0.013863610 0.004386520 0.010640840 0.010581490 0.011346560 0.013437780 0.017285500 0.017536380 0.007539430 0.007416070 0.014737620 0.014249220 0.014115770 0.003116650 
5     0.008616220 0.009974960 0.008642770 0.000074940 0.000000000 0.000067880 0.000084780 0.001481140 0.003046620 0.002851580 0.007346770 0.008504450 0.010609410 0.009857250 0.012488690 0.010382820 0.007980230 0.011187330 0.009348140 0.001934110 0.002409330 0.007320330 0.005599780 0.005762470 0.006512130 0.003821760 0.012071610 0.011504200 0.010037230 0.007590820 0.001467380 0.008374800 0.011356810 0.009400390 0.012221720 0.008827100 0.013492890 0.012074300 0.005195570 0.008851530 0.008792180 0.009898630 0.011759390 0.016524950 0.015017890 0.007640960 0.007517600 0.013977070 0.013488670 0.013355220 0.023734880 
18     0.000936950 0.011087210 0.010291440 0.001471940 0.000067880 0.000000000 0.000028660 0.000804260 0.000712730 0.002478500 0.010052850 0.011845440 0.011503880 0.010554290 0.012774730 0.009284720 0.008874700 0.011473370 0.010242610 0.006938150 0.009157770 0.008963030 0.007621220 0.008647140 0.008661220 0.007980850 0.012357650 0.011790240 0.012164990 0.011428710 0.011761320 0.012984360 0.014599750 0.009414750 0.012236080 0.004548300 0.012394790 0.010976200 0.007607240 0.007753430 0.007694080 0.009227950 0.010661290 0.013860250 0.013858550 0.007631480 0.007508120 0.014263110 0.013774710 0.013641260 0.023342760 
15     0.001113700 0.011444590 0.011647590 0.000594140 0.000084780 0.000028660 0.000000000 0.000981010 0.000889480 0.002706800 0.009607040 0.012387610 0.011757340 0.010048150 0.013132110 0.009773460 0.010157760 0.011830750 0.011312750 0.007426890 0.009646510 0.009451770 0.008529190 0.008651550 0.009149960 0.003895450 0.005418530 0.009831740 0.009713750 0.012869400 0.009630910 0.011868730 0.014850740 0.009431650 0.009144340 0.010772500 0.012883530 0.011464940 0.013897580 0.008242170 0.008182820 0.009716690 0.011150030 0.014037000 0.014035300 0.015169060 0.014546560 0.014620490 0.014132090 0.008920790 0.002492900 
13     0.000170390 0.012338320 0.012541320 0.001007150 0.001481140 0.000804260 0.000981010 0.000000000 0.000128270 0.000624760 0.011303960 0.006731710 0.013712850 0.011047430 0.014025840 0.010531250 0.008085780 0.012724480 0.013444760 0.011322040 0.011350950 0.011640830 0.010012680 0.009262080 0.010079490 0.009231960 0.013608760 0.013041350 0.008609170 0.013763130 0.007556440 0.011339890 0.010386540 0.007603370 0.002117580 0.004587530 0.015865080 0.013734100 0.006635700 0.007772510 0.012120770 0.007753790 0.003191390 0.013093690 0.013091990 0.010588760 0.015440290 0.015514220 0.012987150 0.013611570 0.002423010 
16     0.000260960 0.010504190 0.010707190 0.004197770 0.003046620 0.000712730 0.000889480 0.000128270 0.000000000 0.000221000 0.005341330 0.009501510 0.006212160 0.002970950 0.012191710 0.010389350 0.008557160 0.010890350 0.008372750 0.008247920 0.009516820 0.009806700 0.004849990 0.007438740 0.000893820 0.007397830 0.008164850 0.011207220 0.011135260 0.010007110 0.010339720 0.013502860 0.014016730 0.013487780 0.013644100 0.007048820 0.005652830 0.003743190 0.007172460 0.005775660 0.006366110 0.004227230 0.010691270 0.013184260 0.001744180 0.011125520 0.013606160 0.013680090 0.013191690 0.013058240 0.017374870 
1     0.003795740 0.010370480 0.010573480 0.004002730 0.002851580 0.002478500 0.002706800 0.000624760 0.000221000 0.000000000 0.007257560 0.011313500 0.010300780 0.000314400 0.012058000 0.010087230 0.007641760 0.010756640 0.009086460 0.007747690 0.009383110 0.009672990 0.008938610 0.007813640 0.000753270 0.007264120 0.011640920 0.011073510 0.011448260 0.011285550 0.011618160 0.013369150 0.013883020 0.013584160 0.013510390 0.006700460 0.005677790 0.003768150 0.006902300 0.008039110 0.008503620 0.008020390 0.010421110 0.013407150 0.001549300 0.010855360 0.013472450 0.013546380 0.013057980 0.002821290 0.016732450 
4     0.009052970 0.007530930 0.006198740 0.010060780 0.007346770 0.010052850 0.009607040 0.011303960 0.005341330 0.007257560 0.000000000 0.000466950 0.001460000 0.004981110 0.006779170 0.004343690 0.006722610 0.009914860 0.001774590 0.003647270 0.004375810 0.003492070 0.000995760 0.004485000 0.002201910 0.000972090 0.006294010 0.006704820 0.007712240 0.005265830 0.005598440 0.006016570 0.010454260 0.012080480 0.011187770 0.011942220 0.008896670 0.008643130 0.011728740 0.005201250 0.005791700 0.003652820 0.007271270 0.009327100 0.001140860 0.009680790 0.012004670 0.007507260 0.011724920 0.008282380 0.017352110 
9     0.014945910 0.010070530 0.009301270 0.012504740 0.008504450 0.011845440 0.012387610 0.006731710 0.009501510 0.011313500 0.000466950 0.000000000 0.000084270 0.011157000 0.010532820 0.006747810 0.006367000 0.011436140 0.000984830 0.001554960 0.005846570 0.001781670 0.005097120 0.006242420 0.009144560 0.001353100 0.001939110 0.015325470 0.011173440 0.011511390 0.011844000 0.017621110 0.018134980 0.017936480 0.017433330 0.018016850 0.010716770 0.010463230 0.013965870 0.009361430 0.009951880 0.007813000 0.009675390 0.016570790 0.020071860 0.018529430 0.017724410 0.011923660 0.017309940 0.017176490 0.019327030 
19     0.014750030 0.012605200 0.012155000 0.012936250 0.010609410 0.011503880 0.011757340 0.013712850 0.006212160 0.010300780 0.001460000 0.000084270 0.000000000 0.007157150 0.009384300 0.005599290 0.008751620 0.012973430 0.010119530 0.011332310 0.010461010 0.012219490 0.005247290 0.008949270 0.008803000 0.002227690 0.005378960 0.012544040 0.007241490 0.011222090 0.011554700 0.013267240 0.017704930 0.018036740 0.017144030 0.017898480 0.009184140 0.009592110 0.014670860 0.006072080 0.006662530 0.004523650 0.008526870 0.012279570 0.012277870 0.003919800 0.004972320 0.005602060 0.005234280 0.009969360 0.029693110 
11     0.012753970 0.011231930 0.009899740 0.010641250 0.009857250 0.010554290 0.010048150 0.011047430 0.002970950 0.000314400 0.004981110 0.011157000 0.007157150 0.000000000 0.000117340 0.001059870 0.000020100 0.005559530 0.002239840 0.002553190 0.002576180 0.001349110 0.000924970 0.004375700 0.006320500 0.004766700 0.013474160 0.013849530 0.011294200 0.008847790 0.009096490 0.012044390 0.013866170 0.015662440 0.014769730 0.015524180 0.010410040 0.013890240 0.016819910 0.012358220 0.012581710 0.012931340 0.013392010 0.009697170 0.009695470 0.017053490 0.016248470 0.016322400 0.015834000 0.008699750 0.001766500 
6     0.015690410 0.014222860 0.014213230 0.012919270 0.012488690 0.012774730 0.013132110 0.014025840 0.012191710 0.012058000 0.006779170 0.010532820 0.009384300 0.000117340 0.000000000 0.000367060 0.001069050 0.007380510 0.002327700 0.004054440 0.003494990 0.004987380 0.002291270 0.005938580 0.006459170 0.005996030 0.012119370 0.011831290 0.012178030 0.014787380 0.015003270 0.016506260 0.017630870 0.010926220 0.011777620 0.016356970 0.019479170 0.018753570 0.016713270 0.012496890 0.012720380 0.013615510 0.013530680 0.017280250 0.017211310 0.003625790 0.006291110 0.003056120 0.007220110 0.006286540 0.026141760 
26     0.013079230 0.009476500 0.009466870 0.011446880 0.010382820 0.009284720 0.009773460 0.010531250 0.010389350 0.010087230 0.004343690 0.006747810 0.005599290 0.001059870 0.000367060 0.000000000 0.001309020 0.008725980 0.006727660 0.007279190 0.007352450 0.007642330 0.006319390 0.005425430 0.006290350 0.003440240 0.014835020 0.014267610 0.005995450 0.009173050 0.009505660 0.009724590 0.006014790 0.015987700 0.015094990 0.015849440 0.012183310 0.011711370 0.013138970 0.011778910 0.011719560 0.011830050 0.009456300 0.019288360 0.003214650 0.017471570 0.016666550 0.016740480 0.016252080 0.016118630 0.013736110 
12     0.010468320 0.011144820 0.009681550 0.002645040 0.007980230 0.008874700 0.010157760 0.008085780 0.008557160 0.007641760 0.006722610 0.006367000 0.008751620 0.000020100 0.001069050 0.001309020 0.000000000 0.007171210 0.004302690 0.001708510 0.004639030 0.003411960 0.005554460 0.001148260 0.004786910 0.002688880 0.011940570 0.013016930 0.001116690 0.008184560 0.013331010 0.014834000 0.013598530 0.015133400 0.015626460 0.014684710 0.010473750 0.004990240 0.017361760 0.010824630 0.011048120 0.013217280 0.005319700 0.015607990 0.015539050 0.016745520 0.015685470 0.014893020 0.016599840 0.012140680 0.022384560 
17     0.013726200 0.009082720 0.008543590 0.011947880 0.011187330 0.011473370 0.011830750 0.012724480 0.010890350 0.010756640 0.009914860 0.011436140 0.012973430 0.005559530 0.007380510 0.008725980 0.007171210 0.000000000 0.001435660 0.002195720 0.004256540 0.004034330 0.006270720 0.005281410 0.005506600 0.006994060 0.013643370 0.014719730 0.012266430 0.009820020 0.010152630 0.007978640 0.017578120 0.016634670 0.015741960 0.016387510 0.017877370 0.017588180 0.019459940 0.012527430 0.012750920 0.013850420 0.013561220 0.017310790 0.017241850 0.017972570 0.017167550 0.016595820 0.016753080 0.005512420 0.026172300 
23     0.011776720 0.010254680 0.008922490 0.010570990 0.009348140 0.010242610 0.011312750 0.013444760 0.008372750 0.009086460 0.001774590 0.000984830 0.010119530 0.002239840 0.002327700 0.006727660 0.004302690 0.001435660 0.000000000 0.000673890 0.002138580 0.000900600 0.000037570 0.004112030 0.002653400 0.003504290 0.012793700 0.013870060 0.010316950 0.007870540 0.008203150 0.015687130 0.016811740 0.014685190 0.013792480 0.014546930 0.015927890 0.017020630 0.017704300 0.006227510 0.002707160 0.010115700 0.011129850 0.016461120 0.016392180 0.010241920 0.009249800 0.007332180 0.004012060 0.000251520 0.025322630 
8     0.012986610 0.003180860 0.005791760 0.009825560 0.001934110 0.006938150 0.007426890 0.011322040 0.008247920 0.007747690 0.003647270 0.001554960 0.011332310 0.002553190 0.004054440 0.007279190 0.001708510 0.002195720 0.000673890 0.000000000 0.000023010 0.000177420 0.005255220 0.004946320 0.004526080 0.004501420 0.010900810 0.011977170 0.012468920 0.011177710 0.011510320 0.013794240 0.014918850 0.014093640 0.014586700 0.013644950 0.014073700 0.012655110 0.015087750 0.009432340 0.009372990 0.010196750 0.010818660 0.014568230 0.014499290 0.012758100 0.012887280 0.012134210 0.010970710 0.011105920 0.023429740 
14     0.013015520 0.003577680 0.006188580 0.010574350 0.002409330 0.009157770 0.009646510 0.011350950 0.009516820 0.009383110 0.004375810 0.005846570 0.010461010 0.002576180 0.003494990 0.007352450 0.004639030 0.004256540 0.002138580 0.000023010 0.000000000 0.000219570 0.004669800 0.004746130 0.004971320 0.004850550 0.011273470 0.012349830 0.012841580 0.010970380 0.011302990 0.014166900 0.015291510 0.014446960 0.014905520 0.014017610 0.016293320 0.014874730 0.016228200 0.010157530 0.010381020 0.009868150 0.011191320 0.014940890 0.014871950 0.013044690 0.013173870 0.012420800 0.011257300 0.011392510 0.023802400 
2     0.013305400 0.006985900 0.009596800 0.010864230 0.007320330 0.008963030 0.009451770 0.011640830 0.009806700 0.009672990 0.003492070 0.001781670 0.012219490 0.001349110 0.004987380 0.007642330 0.003411960 0.004034330 0.000900600 0.000177420 0.000219570 0.000000000 0.004601680 0.002511720 0.000672420 0.005221770 0.011836090 0.012912450 0.013404200 0.010995000 0.011327610 0.014729520 0.015854130 0.015028920 0.015521980 0.014580230 0.016098580 0.014679990 0.017112630 0.010720150 0.010943640 0.010234560 0.011753940 0.015503510 0.015434570 0.013334510 0.013463690 0.012710620 0.011547120 0.011196870 0.024365020 
21     0.005690120 0.009525480 0.008193290 0.010362750 0.005599780 0.007621220 0.008529190 0.010012680 0.004849990 0.008938610 0.000995760 0.005097120 0.005247290 0.000924970 0.002291270 0.006319390 0.005554460 0.006270720 0.000037570 0.005255220 0.004669800 0.004601680 0.000000000 0.003393720 0.004391290 0.004101100 0.007199980 0.011282750 0.009587750 0.007141340 0.007473950 0.016410530 0.016924400 0.013955990 0.013063280 0.013817730 0.004860500 0.014719160 0.011140060 0.004810790 0.005401240 0.003262360 0.010169490 0.009180120 0.009178420 0.015093120 0.016513830 0.016587760 0.016099360 0.012821970 0.026195600 
24     0.007318610 0.007896930 0.007127670 0.008608580 0.005762470 0.008647140 0.008651550 0.009262080 0.007438740 0.007813640 0.004485000 0.006242420 0.008949270 0.004375700 0.005938580 0.005425430 0.001148260 0.005281410 0.004112030 0.004946320 0.004746130 0.002511720 0.003393720 0.000000000 0.000234990 0.000421900 0.008973800 0.008669480 0.008596550 0.006150140 0.006482750 0.006210200 0.011427330 0.009161820 0.009941110 0.009470460 0.009014050 0.008747170 0.011242420 0.009846800 0.010437250 0.008298370 0.011807860 0.015557430 0.004209440 0.015480450 0.014675430 0.014749360 0.014260960 0.007012800 0.021923810 
22     0.007321970 0.010772630 0.009440440 0.010179790 0.006512130 0.008661220 0.009149960 0.010079490 0.000893820 0.000753270 0.002201910 0.009144560 0.008803000 0.006320500 0.006459170 0.006290350 0.004786910 0.005506600 0.002653400 0.004526080 0.004971320 0.000672420 0.004391290 0.000234990 0.000000000 0.000564000 0.009992390 0.008753340 0.010834900 0.008388490 0.008245450 0.014642580 0.014582420 0.009958710 0.010548720 0.012882910 0.012374350 0.012452930 0.012328190 0.004519410 0.003736720 0.002549140 0.006516230 0.014963110 0.012896790 0.013179910 0.012757060 0.013271850 0.012653130 0.012374070 0.024939530 
25     0.008653600 0.009254260 0.008485000 0.008455360 0.003821760 0.007980850 0.003895450 0.009231960 0.007397830 0.007264120 0.000972090 0.001353100 0.002227690 0.004766700 0.005996030 0.003440240 0.002688880 0.006994060 0.003504290 0.004501420 0.004850550 0.005221770 0.004101100 0.000421900 0.000564000 0.000000000 0.008095830 0.007791510 0.010426200 0.008501350 0.008833960 0.013571730 0.014085600 0.010456440 0.011235730 0.010765080 0.010308670 0.010041790 0.011163860 0.007405670 0.007996120 0.003404300 0.007771940 0.004268920 0.014954150 0.014480050 0.013675030 0.013748960 0.013260560 0.012865440 0.018811750 
31     0.007040820 0.014894100 0.015152860 0.011589690 0.012071610 0.012357650 0.005418530 0.013608760 0.008164850 0.011640920 0.006294010 0.001939110 0.005378960 0.013474160 0.012119370 0.014835020 0.011940570 0.013643370 0.012793700 0.010900810 0.011273470 0.011836090 0.007199980 0.008973800 0.009992390 0.008095830 0.000000000 0.000016480 0.006489950 0.008098920 0.006525310 0.007909610 0.015542990 0.012369720 0.014940520 0.015848240 0.013447760 0.013832590 0.011679060 0.007991630 0.008582080 0.006443200 0.013021950 0.013633650 0.009771330 0.016547790 0.015742770 0.015816700 0.015328300 0.015194850 0.011486070 
44     0.012617230 0.009888420 0.009307350 0.011301610 0.011504200 0.011790240 0.009831740 0.013041350 0.011207220 0.011073510 0.006704820 0.015325470 0.012544040 0.013849530 0.011831290 0.014267610 0.013016930 0.014719730 0.013870060 0.011977170 0.012349830 0.012912450 0.011282750 0.008669480 0.008753340 0.007791510 0.000016480 0.000000000 0.005797490 0.006376680 0.004532560 0.003250080 0.013423750 0.013698890 0.012338940 0.015467800 0.012464590 0.012849420 0.010724170 0.010349260 0.011564270 0.010525970 0.012230290 0.008799110 0.008788160 0.013529130 0.012679020 0.015249290 0.014477410 0.014627440 0.020982500 
48     0.011006170 0.009484130 0.008151940 0.011894940 0.010037230 0.012164990 0.009713750 0.008609170 0.011135260 0.011448260 0.007712240 0.011173440 0.007241490 0.011294200 0.012178030 0.005995450 0.001116690 0.012266430 0.010316950 0.012468920 0.012841580 0.013404200 0.009587750 0.008596550 0.010834900 0.010426200 0.006489950 0.005797490 0.000000000 0.000071500 0.005117260 0.008804170 0.011068420 0.006598560 0.009745810 0.009684700 0.012842000 0.007553300 0.011064640 0.005459970 0.009550230 0.004355680 0.003414670 0.010587520 0.009452340 0.010045260 0.010051940 0.013152190 0.010165260 0.011843670 0.016623060 
40     0.007245200 0.007037720 0.005705530 0.009448530 0.007590820 0.011428710 0.012869400 0.013763130 0.010007110 0.011285550 0.005265830 0.011511390 0.011222090 0.008847790 0.014787380 0.009173050 0.008184560 0.009820020 0.007870540 0.011177710 0.010970380 0.010995000 0.007141340 0.006150140 0.008388490 0.008501350 0.008098920 0.006376680 0.000071500 0.000000000 0.002670850 0.010533400 0.011517830 0.009152890 0.008260180 0.009014630 0.010395590 0.014640170 0.007787840 0.007585140 0.008840910 0.010221300 0.010089260 0.012316750 0.011181570 0.011774490 0.011781170 0.014714510 0.011894490 0.013433090 0.017250900 
30     0.008892370 0.007370330 0.006038140 0.009781140 0.001467380 0.011761320 0.009630910 0.007556440 0.010339720 0.011618160 0.005598440 0.011844000 0.011554700 0.009096490 0.015003270 0.009505660 0.013331010 0.010152630 0.008203150 0.011510320 0.011302990 0.011327610 0.007473950 0.006482750 0.008245450 0.008833960 0.006525310 0.004532560 0.005117260 0.002670850 0.000000000 0.000289410 0.002595790 0.001129510 0.004530810 0.000652490 0.002178810 0.004474310 0.000881960 0.003563520 0.003092440 0.006786450 0.000337830 0.002251420 0.001116240 0.001709160 0.001715840 0.011412020 0.001829160 0.015425510 0.021616380 
27     0.012633690 0.016678090 0.016643260 0.014560390 0.008374800 0.012984360 0.011868730 0.011339890 0.013502860 0.013369150 0.006016570 0.017621110 0.013267240 0.012044390 0.016506260 0.009724590 0.014834000 0.007978640 0.015687130 0.013794240 0.014166900 0.014729520 0.016410530 0.006210200 0.014642580 0.013571730 0.007909610 0.003250080 0.008804170 0.010533400 0.000289410 0.000000000 0.000415810 0.004860320 0.006995000 0.004333920 0.004985550 0.002131870 0.004665410 0.003835650 0.003364570 0.008803810 0.000609960 0.002523550 0.001388370 0.001981290 0.001987970 0.011684150 0.002101290 0.002792730 0.021452570 
37     0.012666780 0.017191960 0.017394960 0.015074260 0.011356810 0.014599750 0.014850740 0.010386540 0.014016730 0.013883020 0.010454260 0.018134980 0.017704930 0.013866170 0.017630870 0.006014790 0.013598530 0.017578120 0.016811740 0.014918850 0.015291510 0.015854130 0.016924400 0.011427330 0.014582420 0.014085600 0.015542990 0.013423750 0.011068420 0.011517830 0.002595790 0.000415810 0.000000000 0.003906970 0.006542570 0.007183420 0.002324590 0.003846970 0.003712060 0.009626270 0.009546390 0.006742370 0.006900030 0.007096380 0.007678440 0.008271360 0.008278040 0.016725780 0.008391360 0.004334030 0.001389320 
33     0.004734050 0.013852370 0.012520180 0.009373690 0.009400390 0.009414750 0.009431650 0.007603370 0.013487780 0.013584160 0.012080480 0.017936480 0.018036740 0.015662440 0.010926220 0.015987700 0.015133400 0.016634670 0.014685190 0.014093640 0.014446960 0.015028920 0.013955990 0.009161820 0.009958710 0.010456440 0.012369720 0.013698890 0.006598560 0.009152890 0.001129510 0.004860320 0.003906970 0.000000000 0.000125860 0.000572010 0.007433850 0.000862430 0.000928890 0.008784420 0.009044860 0.009119180 0.009564030 0.012865400 0.012792170 0.011575270 0.011531940 0.007819120 0.008803990 0.009491450 0.022538390 
49     0.003921830 0.012959660 0.010183290 0.010514960 0.012221720 0.012236080 0.009144340 0.002117580 0.013644100 0.013510390 0.011187770 0.017433330 0.017144030 0.014769730 0.011777620 0.015094990 0.015626460 0.015741960 0.013792480 0.014586700 0.014905520 0.015521980 0.013063280 0.009941110 0.010548720 0.011235730 0.014940520 0.012338940 0.009745810 0.008260180 0.004530810 0.006995000 0.006542570 0.000125860 0.000000000 0.000770050 0.006202640 0.005506650 0.003867480 0.007541620 0.007802060 0.008945050 0.008321230 0.011505450 0.010898040 0.007533000 0.007489670 0.003776850 0.004761720 0.005449180 0.021762240 
39     0.015236150 0.013714110 0.012381920 0.014956130 0.008827100 0.004548300 0.010772500 0.004587530 0.007048820 0.006700460 0.011942220 0.018016850 0.017898480 0.015524180 0.016356970 0.015849440 0.014684710 0.016387510 0.014546930 0.013644950 0.014017610 0.014580230 0.013817730 0.009470460 0.012882910 0.010765080 0.015848240 0.015467800 0.009684700 0.009014630 0.000652490 0.004333920 0.007183420 0.000572010 0.000770050 0.000000000 0.002867000 0.002845570 0.007194520 0.010758280 0.011018720 0.009199550 0.011537890 0.014832490 0.009412640 0.017338740 0.016533720 0.016607650 0.016119250 0.015985800 0.025371290 
43     0.003609170 0.015095070 0.013762880 0.015282200 0.013492890 0.012394790 0.012883530 0.015865080 0.005652830 0.005677790 0.008896670 0.010716770 0.009184140 0.010410040 0.019479170 0.012183310 0.010473750 0.017877370 0.015927890 0.014073700 0.016293320 0.016098580 0.004860500 0.009014050 0.012374350 0.010308670 0.013447760 0.012464590 0.012842000 0.010395590 0.002178810 0.004985550 0.002324590 0.007433850 0.006202640 0.002867000 0.000000000 0.000690580 0.008230360 0.004758760 0.004756550 0.007114930 0.006000300 0.018480610 0.010587350 0.018056560 0.017209030 0.017325470 0.016837070 0.016703620 0.019410110 
41     0.008998350 0.002776310 0.003543330 0.013863610 0.012074300 0.010976200 0.011464940 0.013734100 0.003743190 0.003768150 0.008643130 0.010463230 0.009592110 0.013890240 0.018753570 0.011711370 0.004990240 0.017588180 0.017020630 0.012655110 0.014874730 0.014679990 0.014719160 0.008747170 0.012452930 0.010041790 0.013832590 0.012849420 0.007553300 0.014640170 0.004474310 0.002131870 0.003846970 0.000862430 0.005506650 0.002845570 0.000690580 0.000000000 0.008615190 0.005631600 0.005892040 0.007499760 0.006411210 0.016255830 0.010972180 0.017466930 0.015258360 0.008857120 0.006490030 0.014190970 0.019861590 
34     0.005141330 0.007761110 0.008476630 0.004386520 0.005195570 0.007607240 0.013897580 0.006635700 0.007172460 0.006902300 0.011728740 0.013965870 0.014670860 0.016819910 0.016713270 0.013138970 0.017361760 0.019459940 0.017704300 0.015087750 0.016228200 0.017112630 0.011140060 0.011242420 0.012328190 0.011163860 0.011679060 0.010724170 0.011064640 0.007787840 0.000881960 0.004665410 0.003712060 0.000928890 0.003867480 0.007194520 0.008230360 0.008615190 0.000000000 0.001147690 0.005495950 0.001128970 0.003529690 0.010531130 0.009988230 0.003963940 0.010587830 0.011380720 0.006362330 0.006986750 0.028357950 
35     0.011537990 0.002072040 0.010952430 0.010640840 0.008851530 0.007753430 0.008242170 0.007772510 0.005775660 0.008039110 0.005201250 0.009361430 0.006072080 0.012358220 0.012496890 0.011778910 0.010824630 0.012527430 0.006227510 0.009432340 0.010157530 0.010720150 0.004810790 0.009846800 0.004519410 0.007405670 0.007991630 0.010349260 0.005459970 0.007585140 0.003563520 0.003835650 0.009626270 0.008784420 0.007541620 0.010758280 0.004758760 0.005631600 0.001147690 0.000000000 0.000002270 0.000032780 0.001369520 0.005622420 0.004487240 0.005080160 0.005086840 0.013186210 0.005200160 0.008123100 0.012958460 
32     0.010650320 0.013744760 0.013814780 0.010581490 0.008792180 0.007694080 0.008182820 0.012120770 0.006366110 0.008503620 0.005791700 0.009951880 0.006662530 0.012581710 0.012720380 0.011719560 0.011048120 0.012750920 0.002707160 0.009372990 0.010381020 0.010943640 0.005401240 0.010437250 0.003736720 0.007996120 0.008582080 0.011564270 0.009550230 0.008840910 0.003092440 0.003364570 0.009546390 0.009044860 0.007802060 0.011018720 0.004756550 0.005892040 0.005495950 0.000002270 0.000000000 0.001804850 0.001700130 0.005151340 0.001293180 0.004609080 0.004615760 0.012592990 0.004729080 0.011318470 0.013089720 
46     0.012502040 0.013464260 0.013667260 0.011346560 0.009898630 0.009227950 0.009716690 0.007753790 0.004227230 0.008020390 0.003652820 0.007813000 0.004523650 0.012931340 0.013615510 0.011830050 0.013217280 0.013850420 0.010115700 0.010196750 0.009868150 0.010234560 0.003262360 0.008298370 0.002549140 0.003404300 0.006443200 0.010525970 0.004355680 0.010221300 0.006786450 0.008803810 0.006742370 0.009119180 0.008945050 0.009199550 0.007114930 0.007499760 0.001128970 0.000032780 0.001804850 0.000000000 0.000061750 0.011091080 0.012037760 0.005081570 0.011309090 0.012754970 0.007479960 0.008104380 0.010698790 
28     0.002269190 0.011240160 0.011230530 0.013437780 0.011759390 0.010661290 0.011150030 0.003191390 0.010691270 0.010421110 0.007271270 0.009675390 0.008526870 0.013392010 0.013530680 0.009456300 0.005319700 0.013561220 0.011129850 0.010818660 0.011191320 0.011753940 0.010169490 0.011807860 0.006516230 0.007771940 0.013021950 0.012230290 0.003414670 0.010089260 0.000337830 0.000609960 0.006900030 0.009564030 0.008321230 0.011537890 0.006000300 0.006411210 0.003529690 0.001369520 0.001700130 0.000061750 0.000000000 0.002396730 0.001261550 0.001854470 0.001861150 0.011557330 0.001974470 0.010505100 0.024728760 
38     0.013184960 0.018293460 0.014069770 0.017285500 0.016524950 0.013860250 0.014037000 0.013093690 0.013184260 0.013407150 0.009327100 0.016570790 0.012279570 0.009697170 0.017280250 0.019288360 0.015607990 0.017310790 0.016461120 0.014568230 0.014940890 0.015503510 0.009180120 0.015557430 0.014963110 0.004268920 0.013633650 0.008799110 0.010587520 0.012316750 0.002251420 0.002523550 0.007096380 0.012865400 0.011505450 0.014832490 0.018480610 0.016255830 0.010531130 0.005622420 0.005151340 0.011091080 0.002396730 0.000000000 0.000001700 0.003733360 0.001505780 0.003362410 0.003853360 0.000971230 0.024204570 
47     0.004872030 0.017656990 0.015670320 0.017536380 0.015017890 0.013858550 0.014035300 0.013091990 0.001744180 0.001549300 0.001140860 0.020071860 0.012277870 0.009695470 0.017211310 0.003214650 0.015539050 0.017241850 0.016392180 0.014499290 0.014871950 0.015434570 0.009178420 0.004209440 0.012896790 0.014954150 0.009771330 0.008788160 0.009452340 0.011181570 0.001116240 0.001388370 0.007678440 0.012792170 0.010898040 0.009412640 0.010587350 0.010972180 0.009988230 0.004487240 0.001293180 0.012037760 0.001261550 0.000001700 0.000000000 0.002454450 0.002604860 0.006019880 0.002718180 0.001965850 0.021515480 
29     0.017311210 0.017586410 0.016485190 0.007539430 0.007640960 0.007631480 0.015169060 0.010588760 0.011125520 0.010855360 0.009680790 0.018529430 0.003919800 0.017053490 0.003625790 0.017471570 0.016745520 0.017972570 0.010241920 0.012758100 0.013044690 0.013334510 0.015093120 0.015480450 0.013179910 0.014480050 0.016547790 0.013529130 0.010045260 0.011774490 0.001709160 0.001981290 0.008271360 0.011575270 0.007533000 0.017338740 0.018056560 0.017466930 0.003963940 0.005080160 0.004609080 0.005081570 0.001854470 0.003733360 0.002454450 0.000000000 0.000006700 0.000815020 0.000281740 0.001488880 0.017755990 
36     0.017285740 0.016781390 0.012604110 0.007416070 0.007517600 0.007508120 0.014546560 0.015440290 0.013606160 0.013472450 0.012004670 0.017724410 0.004972320 0.016248470 0.006291110 0.016666550 0.015685470 0.017167550 0.009249800 0.012887280 0.013173870 0.013463690 0.016513830 0.014675430 0.012757060 0.013675030 0.015742770 0.012679020 0.010051940 0.011781170 0.001715840 0.001987970 0.008278040 0.011531940 0.007489670 0.016533720 0.017209030 0.015258360 0.010587830 0.005086840 0.004615760 0.011309090 0.001861150 0.001505780 0.002604860 0.000006700 0.000000000 0.001620480 0.000288420 0.000534550 0.018129600 
45     0.017359670 0.010328130 0.011961380 0.014737620 0.013977070 0.014263110 0.014620490 0.015514220 0.013680090 0.013546380 0.007507260 0.011923660 0.005602060 0.016322400 0.003056120 0.016740480 0.014893020 0.016595820 0.007332180 0.012134210 0.012420800 0.012710620 0.016587760 0.014749360 0.013271850 0.013748960 0.015816700 0.015249290 0.013152190 0.014714510 0.011412020 0.011684150 0.016725780 0.007819120 0.003776850 0.016607650 0.017325470 0.008857120 0.011380720 0.013186210 0.012592990 0.012754970 0.011557330 0.003362410 0.006019880 0.000815020 0.001620480 0.000000000 0.000220790 0.000380940 0.016069390 
42     0.016871270 0.004614850 0.006248100 0.014249220 0.013488670 0.013774710 0.014132090 0.012987150 0.013191690 0.013057980 0.011724920 0.017309940 0.005234280 0.015834000 0.007220110 0.016252080 0.016599840 0.016753080 0.004012060 0.010970710 0.011257300 0.011547120 0.016099360 0.014260960 0.012653130 0.013260560 0.015328300 0.014477410 0.010165260 0.011894490 0.001829160 0.002101290 0.008391360 0.008803990 0.004761720 0.016119250 0.016837070 0.006490030 0.006362330 0.005200160 0.004729080 0.007479960 0.001974470 0.003853360 0.002718180 0.000281740 0.000288420 0.000220790 0.000000000 0.000627480 0.016529640 
50     0.016737820 0.003529120 0.002636530 0.014115770 0.013355220 0.013641260 0.008920790 0.013611570 0.013058240 0.002821290 0.008282380 0.017176490 0.009969360 0.008699750 0.006286540 0.016118630 0.012140680 0.005512420 0.000251520 0.011105920 0.011392510 0.011196870 0.012821970 0.007012800 0.012374070 0.012865440 0.015194850 0.014627440 0.011843670 0.013433090 0.015425510 0.002792730 0.004334030 0.009491450 0.005449180 0.015985800 0.016703620 0.014190970 0.006986750 0.008123100 0.011318470 0.008104380 0.010505100 0.000971230 0.001965850 0.001488880 0.000534550 0.000380940 0.000627480 0.000000000 0.015607840 
0     0.027226800 0.028107490 0.027955040 0.003116650 0.023734880 0.023342760 0.002492900 0.002423010 0.017374870 0.016732450 0.017352110 0.019327030 0.029693110 0.001766500 0.026141760 0.013736110 0.022384560 0.026172300 0.025322630 0.023429740 0.023802400 0.024365020 0.026195600 0.021923810 0.024939530 0.018811750 0.011486070 0.020982500 0.016623060 0.017250900 0.021616380 0.021452570 0.001389320 0.022538390 0.021762240 0.025371290 0.019410110 0.019861590 0.028357950 0.012958460 0.013089720 0.010698790 0.024728760 0.024204570 0.021515480 0.017755990 0.018129600 0.016069390 0.016529640 0.015607840 0.000000000 
