51
2     0.000000000 0.008603170 0.009009940 0.000244280 0.005216790 0.011046170 0.008340550 0.004954230 0.009238380 0.002229130 0.003622580 0.015777940 0.009957930 0.010656110 0.014522360 0.008494270 0.023722340 0.000676900 0.007610630 0.010198050 0.015533760 0.031155010 0.008729300 0.001694570 0.009397140 0.016993000 0.004203490 0.009426060 0.014225890 0.011534820 0.001854970 0.008574100 0.001839100 0.003587840 0.009696910 0.003415210 0.013828660 0.000072110 0.005955610 0.029935170 0.009120530 0.006767500 0.006854410 0.007017490 0.007746590 0.001809690 0.005600720 0.008592960 0.008600620 0.003330330 0.003349580 
4     0.008603170 0.000000000 0.007123930 0.004363390 0.002012270 0.030839200 0.002959100 0.011116490 0.006499410 0.004790260 0.012560820 0.012579570 0.040153300 0.002895510 0.008303780 0.041637660 0.002837400 0.000646650 0.007853610 0.003177580 0.008589210 0.011749020 0.003127900 0.001472300 0.010021900 0.010207640 0.006895550 0.005273710 0.026657440 0.006039420 0.013965210 0.013791000 0.016960980 0.012341320 0.010274470 0.004380740 0.010742620 0.000713710 0.014102060 0.014503930 0.006010640 0.003513680 0.003940890 0.016454010 0.015863710 0.000102680 0.003871610 0.008749440 0.018660120 0.007873540 0.014142670 
1     0.009009940 0.007123930 0.000000000 0.000368750 0.005650640 0.006860260 0.015014110 0.008762140 0.020822570 0.012246320 0.006547780 0.014620030 0.015557030 0.004798550 0.006256150 0.005294490 0.001795800 0.021685800 0.007820480 0.014678710 0.008879110 0.005874230 0.012172310 0.005941920 0.004530970 0.022989400 0.007244590 0.004707780 0.035105780 0.029879660 0.005268040 0.016664670 0.009255330 0.018644150 0.008061690 0.022745620 0.000466910 0.008942690 0.017693950 0.011275740 0.009631950 0.015362260 0.011647140 0.010622620 0.006675590 0.003607750 0.015845150 0.015066920 0.010557250 0.017975230 0.016026280 
3     0.000244280 0.004363390 0.000368750 0.000000000 0.001367550 0.003569920 0.009849350 0.015773210 0.005419680 0.009037250 0.003612140 0.006029220 0.019033390 0.014279320 0.002709570 0.006013580 0.011833620 0.011459240 0.003049290 0.008389100 0.008088360 0.005903070 0.006928830 0.006360590 0.002475800 0.016093450 0.008719830 0.015206320 0.002455580 0.005353890 0.010168080 0.007497050 0.003359150 0.022477230 0.014902130 0.007071810 0.001096690 0.017325640 0.007024410 0.011221180 0.015383870 0.014322580 0.013672470 0.005831150 0.010432650 0.006352960 0.002740390 0.006536900 0.007254330 0.005622290 0.005170760 
5     0.005216790 0.002012270 0.005650640 0.001367550 0.000000000 0.010895060 0.004796780 0.006679930 0.003992110 0.005302470 0.006715050 0.015555390 0.003704430 0.010000290 0.018681230 0.002024660 0.001485140 0.002658920 0.012273920 0.005189850 0.010709920 0.010728940 0.005140170 0.003306830 0.018472340 0.005701190 0.002310350 0.001723460 0.019874590 0.023796500 0.012101980 0.017574780 0.006387150 0.010384890 0.011717940 0.003514800 0.011203280 0.020638490 0.000198730 0.005128850 0.024047170 0.000868090 0.001474920 0.013089010 0.011505660 0.001934130 0.003161830 0.008955770 0.004732960 0.000844670 0.010276910 
37     0.011046170 0.030839200 0.006860260 0.003569920 0.010895060 0.000000000 0.006550840 0.000189510 0.013478090 0.008896440 0.018796460 0.011933560 0.006074740 0.015489940 0.009834170 0.006495090 0.007891570 0.013549670 0.006456730 0.007014830 0.007451240 0.008914400 0.005530470 0.012626960 0.012961780 0.009103190 0.014743520 0.012655880 0.010842550 0.010290700 0.022587890 0.007064060 0.000094490 0.011683340 0.014632620 0.016468340 0.013414320 0.003358600 0.008426370 0.008636570 0.005131970 0.006477140 0.003686420 0.015533850 0.019197080 0.000789690 0.004852780 0.009487390 0.017716410 0.011476290 0.000660640 
34     0.008340550 0.002959100 0.015014110 0.009849350 0.004796780 0.006550840 0.000000000 0.001544370 0.006800250 0.000680050 0.007349540 0.001706630 0.009154430 0.015728020 0.008626340 0.011625490 0.004540690 0.009606270 0.012334130 0.004300260 0.010972800 0.006969980 0.004849250 0.014762740 0.001561560 0.005105870 0.007641010 0.013648330 0.003990990 0.009365410 0.013275190 0.006996060 0.002889530 0.001508870 0.003004710 0.003481740 0.009779550 0.014740620 0.006200690 0.004283050 0.007602370 0.011122380 0.009131130 0.019141210 0.007912170 0.012839380 0.013876530 0.010127640 0.006031590 0.011989080 0.006840510 
33     0.004954230 0.011116490 0.008762140 0.015773210 0.006679930 0.000189510 0.001544370 0.000000000 0.010659980 0.008883410 0.010032990 0.004165480 0.000728080 0.004740320 0.006899600 0.002287280 0.011987950 0.001972300 0.009865600 0.002525350 0.002017340 0.007802580 0.004776040 0.008017630 0.004267670 0.009072630 0.002075110 0.006398730 0.027288540 0.031455500 0.004218550 0.002367110 0.004049310 0.007663830 0.010495840 0.011476540 0.011267900 0.004955930 0.003820060 0.006326860 0.009550940 0.009244800 0.006454080 0.014372900 0.016160890 0.002610540 0.004024770 0.011246880 0.008574740 0.011957230 0.002566130 
11     0.009238380 0.006499410 0.020822570 0.005419680 0.003992110 0.013478090 0.006800250 0.010659980 0.000000000 0.017066850 0.022455030 0.022683960 0.004720690 0.011611080 0.004608860 0.003988350 0.010611090 0.005507390 0.011044930 0.003303410 0.007423140 0.008463300 0.012191530 0.008638270 0.005723550 0.006419880 0.006471810 0.008763960 0.011141000 0.008703770 0.008258240 0.012559770 0.017061350 0.006960150 0.004882280 0.002201100 0.001765820 0.009571610 0.005215560 0.013560890 0.010414460 0.004222840 0.004253560 0.005625090 0.011885590 0.012992200 0.006572630 0.006810720 0.002401370 0.009459920 0.003988390 
7     0.002229130 0.004790260 0.012246320 0.009037250 0.005302470 0.008896440 0.000680050 0.008883410 0.017066850 0.000000000 0.000203010 0.000079000 0.004074670 0.006681280 0.002078240 0.001569370 0.008932770 0.001578110 0.003970390 0.009913350 0.003391930 0.013653300 0.020248170 0.006355980 0.015323960 0.010798400 0.015771480 0.002025380 0.001574140 0.001268000 0.000938200 0.001744480 0.002997340 0.013393670 0.017978400 0.019383440 0.005074330 0.013759250 0.002519740 0.012973510 0.021030150 0.019749830 0.019637410 0.004892500 0.005318540 0.013935020 0.004251830 0.000876650 0.014991870 0.001744520 0.006431190 
19     0.003622580 0.012560820 0.006547780 0.003612140 0.006715050 0.018796460 0.007349540 0.010032990 0.022455030 0.000203010 0.000000000 0.000978260 0.003501340 0.006394570 0.013667470 0.012394050 0.009054810 0.000594720 0.003471900 0.009640350 0.027129310 0.011513110 0.007331930 0.005734570 0.006618780 0.008217790 0.004205690 0.007325040 0.001658010 0.001351870 0.003321760 0.009074320 0.005462490 0.011506670 0.014284080 0.012487500 0.024733050 0.002554660 0.004474570 0.015258820 0.019278140 0.016771760 0.012110830 0.018833750 0.019675710 0.016661490 0.012973640 0.011648800 0.010251350 0.002247630 0.011494520 
22     0.015777940 0.012579570 0.014620030 0.006029220 0.015555390 0.011933560 0.001706630 0.004165480 0.022683960 0.000079000 0.000978260 0.000000000 0.006129100 0.006591170 0.010519370 0.013959230 0.009969260 0.003072160 0.007748340 0.012699660 0.027997350 0.020685670 0.001311940 0.002319430 0.022727320 0.003604220 0.005382570 0.011158300 0.008074450 0.013547730 0.007797540 0.015329080 0.022573570 0.000569550 0.004619260 0.012929710 0.009248070 0.006782100 0.002825830 0.005121310 0.013665270 0.025522870 0.025763410 0.003106180 0.009639660 0.010763640 0.007341540 0.013479920 0.004238700 0.002963670 0.021001580 
50     0.009957930 0.040153300 0.015557030 0.019033390 0.003704430 0.006074740 0.009154430 0.000728080 0.004720690 0.004074670 0.003501340 0.006129100 0.000000000 0.006388140 0.002727930 0.002461200 0.011879280 0.002146220 0.002454160 0.006265610 0.017344730 0.007354120 0.021011090 0.005879260 0.008266820 0.000752750 0.002627990 0.003722210 0.001688800 0.011877230 0.022549920 0.002541030 0.002433920 0.008733460 0.003572150 0.008198750 0.004058620 0.008872620 0.010359780 0.006119160 0.019235990 0.009114250 0.008786040 0.004754710 0.012283990 0.015801050 0.001355190 0.008298290 0.014029130 0.004562690 0.023322760 
32     0.010656110 0.002895510 0.004798550 0.014279320 0.010000290 0.015489940 0.015728020 0.004740320 0.011611080 0.006681280 0.006394570 0.006591170 0.006388140 0.000000000 0.001450900 0.002965420 0.015633780 0.011888880 0.003837670 0.014863570 0.009913560 0.013101990 0.016774870 0.010970410 0.011498620 0.003229830 0.004551440 0.003071290 0.016958340 0.003700210 0.002724310 0.000805910 0.017895010 0.007085310 0.005544080 0.004751770 0.003282810 0.013231870 0.005832540 0.004473330 0.011253940 0.009986780 0.013810700 0.002282410 0.004189870 0.009550430 0.006091160 0.008197790 0.004697790 0.008134810 0.002027190 
6     0.014522360 0.008303780 0.006256150 0.002709570 0.018681230 0.009834170 0.008626340 0.006899600 0.004608860 0.002078240 0.013667470 0.010519370 0.002727930 0.001450900 0.000000000 0.000147590 0.010043750 0.002741400 0.000695980 0.006144840 0.001278640 0.005400490 0.001295290 0.011048590 0.009204650 0.010115770 0.006120860 0.012684640 0.016086720 0.014374780 0.012573260 0.006109880 0.022262050 0.010367090 0.009972680 0.008982390 0.006741380 0.012868630 0.002396430 0.010052990 0.002621780 0.022763610 0.021459350 0.017471710 0.021731110 0.008541890 0.010493000 0.012626390 0.012663520 0.009200460 0.013422610 
30     0.008494270 0.041637660 0.005294490 0.006013580 0.002024660 0.006495090 0.011625490 0.002287280 0.003988350 0.001569370 0.012394050 0.013959230 0.002461200 0.002965420 0.000147590 0.000000000 0.002845400 0.000183720 0.005294110 0.014796170 0.022034760 0.011630670 0.004599610 0.002795840 0.005001270 0.015588900 0.003626100 0.007865250 0.009908650 0.002637790 0.013231310 0.000081910 0.008991750 0.011595960 0.012530520 0.012898490 0.007113420 0.013104490 0.004170180 0.001728890 0.016741960 0.007465880 0.006020830 0.020434460 0.022438440 0.012930210 0.006289620 0.009957140 0.005787240 0.007277400 0.014144370 
17     0.023722340 0.002837400 0.001795800 0.011833620 0.001485140 0.007891570 0.004540690 0.011987950 0.010611090 0.008932770 0.009054810 0.009969260 0.011879280 0.015633780 0.010043750 0.002845400 0.000000000 0.001568190 0.005908420 0.002647360 0.013275580 0.012731060 0.005270310 0.006400520 0.007977680 0.008205190 0.005748270 0.008841060 0.016929210 0.016072560 0.015631810 0.000147450 0.009672860 0.007672300 0.015583750 0.013142850 0.021885480 0.007613350 0.004980130 0.000631550 0.004095160 0.006986060 0.009749490 0.014287000 0.002959750 0.018063180 0.001764580 0.013714160 0.040809140 0.016251560 0.003938130 
24     0.000676900 0.000646650 0.021685800 0.011459240 0.002658920 0.013549670 0.009606270 0.001972300 0.005507390 0.001578110 0.000594720 0.003072160 0.002146220 0.011888880 0.002741400 0.000183720 0.001568190 0.000000000 0.011321860 0.002656730 0.003182960 0.010285280 0.003747970 0.000537710 0.006042840 0.025414880 0.012575620 0.003123810 0.018712280 0.015281270 0.010673650 0.000626270 0.004929690 0.011141500 0.011477200 0.004725920 0.007067970 0.007144600 0.004941730 0.002349120 0.001249780 0.017004170 0.015337930 0.009815930 0.011023690 0.000749330 0.021054040 0.009642160 0.006438430 0.006980040 0.004930820 
10     0.007610630 0.007853610 0.007820480 0.003049290 0.012273920 0.006456730 0.012334130 0.009865600 0.011044930 0.003970390 0.003471900 0.007748340 0.002454160 0.003837670 0.000695980 0.005294110 0.005908420 0.011321860 0.000000000 0.011064180 0.015435210 0.012347630 0.000911280 0.003765800 0.011970510 0.003194320 0.005996690 0.004407010 0.019978370 0.003406780 0.004984360 0.000548750 0.008474960 0.014025510 0.002100000 0.001840920 0.014156030 0.000634020 0.003537350 0.006641020 0.006584010 0.007286610 0.019204460 0.002822030 0.005229950 0.013571890 0.003133920 0.004164030 0.001235590 0.003353410 0.010496010 
29     0.010198050 0.003177580 0.014678710 0.008389100 0.005189850 0.007014830 0.004300260 0.002525350 0.003303410 0.009913350 0.009640350 0.012699660 0.006265610 0.014863570 0.006144840 0.014796170 0.002647360 0.002656730 0.011064180 0.000000000 0.000252060 0.007969910 0.006278900 0.004623300 0.011598700 0.006602340 0.000693040 0.011372880 0.002611050 0.010206730 0.000772910 0.000605230 0.000614810 0.005027050 0.003795540 0.001240710 0.018555250 0.012084840 0.012425430 0.014927450 0.009781270 0.022373950 0.020117530 0.015052370 0.016520530 0.003280260 0.008069640 0.001240280 0.003908130 0.001033450 0.018433590 
41     0.015533760 0.008589210 0.008879110 0.008088360 0.010709920 0.007451240 0.010972800 0.002017340 0.007423140 0.003391930 0.027129310 0.027997350 0.017344730 0.009913560 0.001278640 0.022034760 0.013275580 0.003182960 0.015435210 0.000252060 0.000000000 0.000030380 0.007882770 0.007177390 0.011713920 0.007029310 0.011117300 0.015110380 0.006328170 0.010997860 0.001002710 0.000835030 0.012117630 0.005880210 0.004536660 0.009724730 0.011738760 0.019102880 0.015071240 0.001435250 0.001361260 0.020988150 0.009017690 0.005430500 0.005351370 0.008648330 0.010447100 0.022206240 0.009571930 0.024648360 0.016995730 
46     0.031155010 0.011749020 0.005874230 0.005903070 0.010728940 0.008914400 0.006969980 0.007802580 0.008463300 0.013653300 0.011513110 0.020685670 0.007354120 0.013101990 0.005400490 0.011630670 0.012731060 0.010285280 0.012347630 0.007969910 0.000030380 0.000000000 0.007466280 0.001595120 0.018767240 0.022223000 0.013816860 0.010353890 0.007494070 0.009051230 0.008720560 0.008552880 0.018322490 0.010046760 0.000289510 0.006836690 0.009632830 0.011082020 0.006470850 0.019006670 0.005101820 0.017459720 0.007690740 0.004103550 0.004024420 0.015800000 0.011182870 0.010027290 0.010459240 0.017898090 0.002289560 
15     0.008729300 0.003127900 0.012172310 0.006928830 0.005140170 0.005530470 0.004849250 0.004776040 0.012191530 0.020248170 0.007331930 0.001311940 0.021011090 0.016774870 0.001295290 0.004599610 0.005270310 0.003747970 0.000911280 0.006278900 0.007882770 0.007466280 0.000000000 0.000385230 0.006525180 0.015693280 0.008591180 0.006372750 0.001958660 0.010204150 0.002436120 0.001443380 0.007895780 0.011101340 0.001016480 0.013522910 0.019989030 0.005457020 0.004329910 0.001442490 0.006415730 0.005640370 0.005902990 0.005776940 0.009442090 0.003230580 0.003385420 0.007996340 0.000909750 0.004891800 0.016693600 
44     0.001694570 0.001472300 0.005941920 0.006360590 0.003306830 0.012626960 0.014762740 0.008017630 0.008638270 0.006355980 0.005734570 0.002319430 0.005879260 0.010970410 0.011048590 0.002795840 0.006400520 0.000537710 0.003765800 0.004623300 0.007177390 0.001595120 0.000385230 0.000000000 0.006883980 0.009678090 0.003990700 0.003293060 0.003080840 0.005292360 0.003460080 0.006807720 0.009723200 0.005765240 0.004560580 0.003319960 0.009246190 0.016746600 0.005115740 0.032751560 0.001758490 0.012647980 0.012910600 0.015614220 0.015535090 0.001574980 0.003337910 0.002788090 0.013048620 0.005699640 0.018809920 
26     0.009397140 0.010021900 0.004530970 0.002475800 0.018472340 0.012961780 0.001561560 0.004267670 0.005723550 0.015323960 0.006618780 0.022727320 0.008266820 0.011498620 0.009204650 0.005001270 0.007977680 0.006042840 0.011970510 0.011598700 0.011713920 0.018767240 0.006525180 0.006883980 0.000000000 0.001534090 0.010288820 0.008420100 0.004235390 0.001070120 0.003347200 0.001911640 0.002583210 0.003707460 0.006765810 0.003337020 0.007954580 0.004208120 0.007893710 0.006661110 0.008435600 0.006901400 0.007376570 0.005000840 0.005091290 0.000668870 0.006328390 0.010435520 0.014785670 0.001431530 0.005813510 
25     0.016993000 0.010207640 0.022989400 0.016093450 0.005701190 0.009103190 0.005105870 0.009072630 0.006419880 0.010798400 0.008217790 0.003604220 0.000752750 0.003229830 0.010115770 0.015588900 0.008205190 0.025414880 0.003194320 0.006602340 0.007029310 0.022223000 0.015693280 0.009678090 0.001534090 0.000000000 0.005122000 0.006348030 0.002992510 0.007585940 0.007625810 0.006489470 0.007316950 0.006527020 0.009160750 0.007968210 0.012033270 0.001360360 0.009975490 0.021198180 0.005567100 0.010718930 0.011566490 0.005710160 0.001185830 0.003435210 0.005621560 0.004485990 0.025153450 0.005569100 0.005309710 
38     0.004203490 0.006895550 0.007244590 0.008719830 0.002310350 0.014743520 0.007641010 0.002075110 0.006471810 0.015771480 0.004205690 0.005382570 0.002627990 0.004551440 0.006120860 0.003626100 0.005748270 0.012575620 0.005996690 0.000693040 0.011117300 0.013816860 0.008591180 0.003990700 0.010288820 0.005122000 0.000000000 0.000018040 0.005881450 0.008804890 0.008381520 0.000910490 0.004853940 0.001198780 0.021324450 0.010302830 0.013098970 0.004419910 0.011710600 0.011467530 0.003794510 0.005978650 0.012060560 0.006692680 0.011488610 0.012443290 0.003246050 0.009749390 0.003884850 0.013001760 0.016946770 
23     0.009426060 0.005273710 0.004707780 0.015206320 0.001723460 0.012655880 0.013648330 0.006398730 0.008763960 0.002025380 0.007325040 0.011158300 0.003722210 0.003071290 0.012684640 0.007865250 0.008841060 0.003123810 0.004407010 0.011372880 0.015110380 0.010353890 0.006372750 0.003293060 0.008420100 0.006348030 0.000018040 0.000000000 0.002738500 0.012244720 0.003498750 0.004943170 0.010131240 0.008960940 0.011690320 0.000998760 0.020117150 0.008683320 0.007595550 0.011786710 0.003854030 0.019597310 0.019620510 0.000296550 0.005092480 0.014948950 0.004057490 0.019363210 0.006374770 0.011821840 0.007090760 
14     0.014225890 0.026657440 0.035105780 0.002455580 0.019874590 0.010842550 0.003990990 0.027288540 0.011141000 0.001574140 0.001658010 0.008074450 0.001688800 0.016958340 0.016086720 0.009908650 0.016929210 0.018712280 0.019978370 0.002611050 0.006328170 0.007494070 0.001958660 0.003080840 0.004235390 0.002992510 0.005881450 0.002738500 0.000000000 0.000176980 0.002281050 0.004006370 0.004508760 0.008142250 0.005089750 0.015824880 0.013547270 0.005879680 0.003198730 0.005115080 0.022900860 0.012566850 0.011551340 0.012839380 0.012760250 0.013815520 0.005475600 0.008468210 0.017033160 0.006657110 0.028764010 
21     0.011534820 0.006039420 0.029879660 0.005353890 0.023796500 0.010290700 0.009365410 0.031455500 0.008703770 0.001268000 0.001351870 0.013547730 0.011877230 0.003700210 0.014374780 0.002637790 0.016072560 0.015281270 0.003406780 0.010206730 0.010997860 0.009051230 0.010204150 0.005292360 0.001070120 0.007585940 0.008804890 0.012244720 0.000176980 0.000000000 0.004509810 0.004119690 0.000394830 0.000825620 0.004892430 0.014731250 0.022787980 0.019794720 0.030278280 0.003555610 0.021341390 0.004435150 0.007774540 0.006514580 0.005452680 0.008053690 0.004148140 0.016268670 0.002879320 0.002604590 0.027850950 
49     0.001854970 0.013965210 0.005268040 0.010168080 0.012101980 0.022587890 0.013275190 0.004218550 0.008258240 0.000938200 0.003321760 0.007797540 0.022549920 0.002724310 0.012573260 0.013231310 0.015631810 0.010673650 0.004984360 0.000772910 0.001002710 0.008720560 0.002436120 0.003460080 0.003347200 0.007625810 0.008381520 0.003498750 0.002281050 0.004509810 0.000000000 0.000884660 0.003237790 0.004940060 0.026185510 0.007730840 0.001382130 0.001942060 0.006787770 0.010874370 0.018689210 0.011029150 0.009116980 0.005440480 0.005747670 0.005847490 0.002563110 0.011221390 0.021577460 0.005793030 0.017156920 
9     0.008574100 0.013791000 0.016664670 0.007497050 0.017574780 0.007064060 0.006996060 0.002367110 0.012559770 0.001744480 0.009074320 0.015329080 0.002541030 0.000805910 0.006109880 0.000081910 0.000147450 0.000626270 0.000548750 0.000605230 0.000835030 0.008552880 0.001443380 0.006807720 0.001911640 0.006489470 0.000910490 0.004943170 0.004006370 0.004119690 0.000884660 0.000000000 0.001573930 0.001802020 0.014312130 0.003122200 0.011402290 0.013994570 0.004982450 0.000813330 0.017226020 0.004683520 0.004530470 0.019070680 0.023675640 0.012456310 0.003232250 0.009709970 0.007572850 0.010183570 0.012365640 
16     0.001839100 0.016960980 0.009255330 0.003359150 0.006387150 0.000094490 0.002889530 0.004049310 0.017061350 0.002997340 0.005462490 0.022573570 0.002433920 0.017895010 0.022262050 0.008991750 0.009672860 0.004929690 0.008474960 0.000614810 0.012117630 0.018322490 0.007895780 0.009723200 0.002583210 0.007316950 0.004853940 0.010131240 0.004508760 0.000394830 0.003237790 0.001573930 0.000000000 0.000315520 0.005719750 0.014873130 0.008256920 0.003924700 0.004771530 0.018107340 0.018383340 0.011507840 0.010959250 0.004662000 0.002797880 0.012518790 0.005666530 0.015288590 0.007668050 0.011183720 0.010727570 
48     0.003587840 0.012341320 0.018644150 0.022477230 0.010384890 0.011683340 0.001508870 0.007663830 0.006960150 0.013393670 0.011506670 0.000569550 0.008733460 0.007085310 0.010367090 0.011595960 0.007672300 0.011141500 0.014025510 0.005027050 0.005880210 0.010046760 0.011101340 0.005765240 0.003707460 0.006527020 0.001198780 0.008960940 0.008142250 0.000825620 0.004940060 0.001802020 0.000315520 0.000000000 0.006147710 0.000805850 0.000207670 0.021034800 0.002712650 0.008228680 0.009510780 0.002423940 0.002544250 0.000759310 0.023962630 0.024231340 0.011811190 0.004892430 0.015241080 0.005681560 0.017742570 
12     0.009696910 0.010274470 0.008061690 0.014902130 0.011717940 0.014632620 0.003004710 0.010495840 0.004882280 0.017978400 0.014284080 0.004619260 0.003572150 0.005544080 0.009972680 0.012530520 0.015583750 0.011477200 0.002100000 0.003795540 0.004536660 0.000289510 0.001016480 0.004560580 0.006765810 0.009160750 0.021324450 0.011690320 0.005089750 0.004892430 0.026185510 0.014312130 0.005719750 0.006147710 0.000000000 0.006121870 0.001806600 0.004297770 0.006014910 0.010386320 0.014858330 0.008383980 0.008600900 0.011958700 0.016797530 0.013137120 0.012787380 0.003264290 0.003283210 0.004572630 0.008220620 
20     0.003415210 0.004380740 0.022745620 0.007071810 0.003514800 0.016468340 0.003481740 0.011476540 0.002201100 0.019383440 0.012487500 0.012929710 0.008198750 0.004751770 0.008982390 0.012898490 0.013142850 0.004725920 0.001840920 0.001240710 0.009724730 0.006836690 0.013522910 0.003319960 0.003337020 0.007968210 0.010302830 0.000998760 0.015824880 0.014731250 0.007730840 0.003122200 0.014873130 0.000805850 0.006121870 0.000000000 0.000107150 0.002372450 0.009123820 0.009505820 0.012051950 0.000836250 0.015816990 0.006256490 0.007017910 0.001743190 0.017445140 0.010749490 0.017441560 0.015277990 0.003928760 
47     0.013828660 0.010742620 0.000466910 0.001096690 0.011203280 0.013414320 0.009779550 0.011267900 0.001765820 0.005074330 0.024733050 0.009248070 0.004058620 0.003282810 0.006741380 0.007113420 0.021885480 0.007067970 0.014156030 0.018555250 0.011738760 0.009632830 0.019989030 0.009246190 0.007954580 0.012033270 0.013098970 0.020117150 0.013547270 0.022787980 0.001382130 0.011402290 0.008256920 0.000207670 0.001806600 0.000107150 0.000000000 0.000964880 0.012266900 0.007729020 0.012001750 0.010585710 0.021999200 0.014793370 0.013326230 0.019647800 0.017900240 0.010315700 0.006426860 0.015985150 0.016902690 
45     0.000072110 0.000713710 0.008942690 0.017325640 0.020638490 0.003358600 0.014740620 0.004955930 0.009571610 0.013759250 0.002554660 0.006782100 0.008872620 0.013231870 0.012868630 0.013104490 0.007613350 0.007144600 0.000634020 0.012084840 0.019102880 0.011082020 0.005457020 0.016746600 0.004208120 0.001360360 0.004419910 0.008683320 0.005879680 0.019794720 0.001942060 0.013994570 0.003924700 0.021034800 0.004297770 0.002372450 0.000964880 0.000000000 0.008021730 0.006922520 0.001467160 0.015077080 0.012286360 0.003292650 0.019894360 0.019565850 0.003432160 0.009927840 0.006372460 0.016565460 0.011161100 
13     0.005955610 0.014102060 0.017693950 0.007024410 0.000198730 0.008426370 0.006200690 0.003820060 0.005215560 0.002519740 0.004474570 0.002825830 0.010359780 0.005832540 0.002396430 0.004170180 0.004980130 0.004941730 0.003537350 0.012425430 0.015071240 0.006470850 0.004329910 0.005115740 0.007893710 0.009975490 0.011710600 0.007595550 0.003198730 0.030278280 0.006787770 0.004982450 0.004771530 0.002712650 0.006014910 0.009123820 0.012266900 0.008021730 0.000000000 0.004439310 0.005196640 0.011115120 0.011634470 0.002016490 0.006855320 0.002700080 0.008063570 0.001230140 0.013313440 0.008735140 0.008609670 
27     0.029935170 0.014503930 0.011275740 0.011221180 0.005128850 0.008636570 0.004283050 0.006326860 0.013560890 0.012973510 0.015258820 0.005121310 0.006119160 0.004473330 0.010052990 0.001728890 0.000631550 0.002349120 0.006641020 0.014927450 0.001435250 0.019006670 0.001442490 0.032751560 0.006661110 0.021198180 0.011467530 0.011786710 0.005115080 0.003555610 0.010874370 0.000813330 0.018107340 0.008228680 0.010386320 0.009505820 0.007729020 0.006922520 0.004439310 0.000000000 0.000034460 0.007677750 0.007659980 0.003554820 0.004762580 0.011502860 0.004098680 0.010359800 0.004790400 0.017271890 0.008178800 
28     0.009120530 0.006010640 0.009631950 0.015383870 0.024047170 0.005131970 0.007602370 0.009550940 0.010414460 0.021030150 0.019278140 0.013665270 0.019235990 0.011253940 0.002621780 0.016741960 0.004095160 0.001249780 0.006584010 0.009781270 0.001361260 0.005101820 0.006415730 0.001758490 0.008435600 0.005567100 0.003794510 0.003854030 0.022900860 0.021341390 0.018689210 0.017226020 0.018383340 0.009510780 0.014858330 0.012051950 0.012001750 0.001467160 0.005196640 0.000034460 0.000000000 0.004361070 0.004880420 0.004369910 0.000101270 0.005896200 0.020262390 0.005951860 0.010799620 0.006549530 0.012299840 
35     0.006767500 0.003513680 0.015362260 0.014322580 0.000868090 0.006477140 0.011122380 0.009244800 0.004222840 0.019749830 0.016771760 0.025522870 0.009114250 0.009986780 0.022763610 0.007465880 0.006986060 0.017004170 0.007286610 0.022373950 0.020988150 0.017459720 0.005640370 0.012647980 0.006901400 0.010718930 0.005978650 0.019597310 0.012566850 0.004435150 0.011029150 0.004683520 0.011507840 0.002423940 0.008383980 0.000836250 0.010585710 0.015077080 0.011115120 0.007677750 0.004361070 0.000000000 0.000017770 0.000660600 0.000646950 0.013902100 0.010261430 0.001688290 0.019362300 0.011160850 0.002852080 
40     0.006854410 0.003940890 0.011647140 0.013672470 0.001474920 0.003686420 0.009131130 0.006454080 0.004253560 0.019637410 0.012110830 0.025763410 0.008786040 0.013810700 0.021459350 0.006020830 0.009749490 0.015337930 0.019204460 0.020117530 0.009017690 0.007690740 0.005902990 0.012910600 0.007376570 0.011566490 0.012060560 0.019620510 0.011551340 0.007774540 0.009116980 0.004530470 0.010959250 0.002544250 0.008600900 0.015816990 0.021999200 0.012286360 0.011634470 0.007659980 0.004880420 0.000017770 0.000000000 0.000101240 0.000287260 0.015412770 0.009702070 0.001077300 0.009338540 0.011021880 0.002803630 
39     0.007017490 0.016454010 0.010622620 0.005831150 0.013089010 0.015533850 0.019141210 0.014372900 0.005625090 0.004892500 0.018833750 0.003106180 0.004754710 0.002282410 0.017471710 0.020434460 0.014287000 0.009815930 0.002822030 0.015052370 0.005430500 0.004103550 0.005776940 0.015614220 0.005000840 0.005710160 0.006692680 0.000296550 0.012839380 0.006514580 0.005440480 0.019070680 0.004662000 0.000759310 0.011958700 0.006256490 0.014793370 0.003292650 0.002016490 0.003554820 0.004369910 0.000660600 0.000101240 0.000000000 0.000018920 0.005082560 0.009803310 0.010580310 0.007783210 0.004678290 0.010520400 
18     0.007746590 0.015863710 0.006675590 0.010432650 0.011505660 0.019197080 0.007912170 0.016160890 0.011885590 0.005318540 0.019675710 0.009639660 0.012283990 0.004189870 0.021731110 0.022438440 0.002959750 0.011023690 0.005229950 0.016520530 0.005351370 0.004024420 0.009442090 0.015535090 0.005091290 0.001185830 0.011488610 0.005092480 0.012760250 0.005452680 0.005747670 0.023675640 0.002797880 0.023962630 0.016797530 0.007017910 0.013326230 0.019894360 0.006855320 0.004762580 0.000101270 0.000646950 0.000287260 0.000018920 0.000000000 0.003781090 0.009859630 0.010487540 0.006269000 0.008429020 0.015359230 
42     0.001809690 0.000102680 0.003607750 0.006352960 0.001934130 0.000789690 0.012839380 0.002610540 0.012992200 0.013935020 0.016661490 0.010763640 0.015801050 0.009550430 0.008541890 0.012930210 0.018063180 0.000749330 0.013571890 0.003280260 0.008648330 0.015800000 0.003230580 0.001574980 0.000668870 0.003435210 0.012443290 0.014948950 0.013815520 0.008053690 0.005847490 0.012456310 0.012518790 0.024231340 0.013137120 0.001743190 0.019647800 0.019565850 0.002700080 0.011502860 0.005896200 0.013902100 0.015412770 0.005082560 0.003781090 0.000000000 0.006679410 0.006671410 0.004770450 0.003754940 0.007317310 
8     0.005600720 0.003871610 0.015845150 0.002740390 0.003161830 0.004852780 0.013876530 0.004024770 0.006572630 0.004251830 0.012973640 0.007341540 0.001355190 0.006091160 0.010493000 0.006289620 0.001764580 0.021054040 0.003133920 0.008069640 0.010447100 0.011182870 0.003385420 0.003337910 0.006328390 0.005621560 0.003246050 0.004057490 0.005475600 0.004148140 0.002563110 0.003232250 0.005666530 0.011811190 0.012787380 0.017445140 0.017900240 0.003432160 0.008063570 0.004098680 0.020262390 0.010261430 0.009702070 0.009803310 0.009859630 0.006679410 0.000000000 0.004285840 0.002070170 0.003599810 0.002469210 
31     0.008592960 0.008749440 0.015066920 0.006536900 0.008955770 0.009487390 0.010127640 0.011246880 0.006810720 0.000876650 0.011648800 0.013479920 0.008298290 0.008197790 0.012626390 0.009957140 0.013714160 0.009642160 0.004164030 0.001240280 0.022206240 0.010027290 0.007996340 0.002788090 0.010435520 0.004485990 0.009749390 0.019363210 0.008468210 0.016268670 0.011221390 0.009709970 0.015288590 0.004892430 0.003264290 0.010749490 0.010315700 0.009927840 0.001230140 0.010359800 0.005951860 0.001688290 0.001077300 0.010580310 0.010487540 0.006671410 0.004285840 0.000000000 0.000287750 0.001823230 0.011410410 
36     0.008600620 0.018660120 0.010557250 0.007254330 0.004732960 0.017716410 0.006031590 0.008574740 0.002401370 0.014991870 0.010251350 0.004238700 0.014029130 0.004697790 0.012663520 0.005787240 0.040809140 0.006438430 0.001235590 0.003908130 0.009571930 0.010459240 0.000909750 0.013048620 0.014785670 0.025153450 0.003884850 0.006374770 0.017033160 0.002879320 0.021577460 0.007572850 0.007668050 0.015241080 0.003283210 0.017441560 0.006426860 0.006372460 0.013313440 0.004790400 0.010799620 0.019362300 0.009338540 0.007783210 0.006269000 0.004770450 0.002070170 0.000287750 0.000000000 0.007265230 0.003049380 
43     0.003330330 0.007873540 0.017975230 0.005622290 0.000844670 0.011476290 0.011989080 0.011957230 0.009459920 0.001744520 0.002247630 0.002963670 0.004562690 0.008134810 0.009200460 0.007277400 0.016251560 0.006980040 0.003353410 0.001033450 0.024648360 0.017898090 0.004891800 0.005699640 0.001431530 0.005569100 0.013001760 0.011821840 0.006657110 0.002604590 0.005793030 0.010183570 0.011183720 0.005681560 0.004572630 0.015277990 0.015985150 0.016565460 0.008735140 0.017271890 0.006549530 0.011160850 0.011021880 0.004678290 0.008429020 0.003754940 0.003599810 0.001823230 0.007265230 0.000000000 0.002472810 
0     0.003349580 0.014142670 0.016026280 0.005170760 0.010276910 0.000660640 0.006840510 0.002566130 0.003988390 0.006431190 0.011494520 0.021001580 0.023322760 0.002027190 0.013422610 0.014144370 0.003938130 0.004930820 0.010496010 0.018433590 0.016995730 0.002289560 0.016693600 0.018809920 0.005813510 0.005309710 0.016946770 0.007090760 0.028764010 0.027850950 0.017156920 0.012365640 0.010727570 0.017742570 0.008220620 0.003928760 0.016902690 0.011161100 0.008609670 0.008178800 0.012299840 0.002852080 0.002803630 0.010520400 0.015359230 0.007317310 0.002469210 0.011410410 0.003049380 0.002472810 0.000000000 
