51
2     0.000000000 0.217674830 0.219691180 0.216722464 0.219983123 0.244049839 0.233575342 0.238556135 0.239264918 0.225842431 0.229889074 0.230281331 0.234820602 0.234671205 0.235616588 0.235503822 0.233363883 0.235634354 0.225663091 0.226458837 0.229861561 0.231432939 0.231635941 0.233958335 0.226802539 0.229070001 0.234088511 0.234063944 0.231178745 0.231104565 0.232096381 0.227493529 0.228743396 0.227237008 0.244535282 0.238240780 0.238949055 0.239685570 0.241702280 0.233272220 0.233285974 0.232325171 0.231736566 0.230540240 0.229708194 0.229715749 0.229861097 0.228469063 0.233273729 0.233600551 0.292444643 
4     0.217674830 0.000000000 0.181653336 0.177022894 0.183272270 0.257648613 0.244531189 0.247427547 0.247463960 0.235868568 0.240021782 0.239072859 0.245766605 0.245431166 0.245314799 0.245170416 0.239991715 0.244026310 0.234858525 0.233668540 0.239695951 0.241002169 0.241709911 0.243004173 0.235883670 0.236307870 0.244306191 0.243510201 0.242071553 0.241654665 0.241769798 0.235682105 0.238141696 0.236780424 0.254802524 0.245174776 0.245679490 0.247988423 0.253271077 0.242469067 0.243762695 0.243041218 0.242511026 0.242159580 0.241758115 0.236331843 0.239923567 0.236553256 0.242825334 0.239525172 0.307956669 
1     0.219691180 0.181653336 0.000000000 0.082648991 0.153584413 0.260203980 0.248571299 0.250930654 0.251727784 0.239770643 0.244089669 0.243937706 0.250179508 0.249664563 0.249847102 0.249278389 0.248574753 0.251345964 0.237800756 0.238415245 0.243883872 0.245178043 0.244423541 0.246387431 0.241098842 0.243072880 0.251244468 0.248995445 0.248596383 0.248241210 0.246860581 0.242156767 0.244485394 0.243078359 0.263050473 0.252164109 0.252031938 0.253893808 0.258220559 0.246528191 0.246252498 0.246659933 0.246112392 0.244509687 0.244249926 0.243001885 0.247239220 0.244160676 0.250180384 0.247430070 0.310716829 
3     0.216722464 0.177022894 0.082648991 0.000000000 0.150731981 0.255683439 0.244930144 0.246840888 0.247544018 0.235640626 0.241172210 0.240200113 0.246459967 0.247533195 0.247165155 0.246743652 0.243515346 0.246949088 0.234223604 0.234762491 0.239982700 0.241063485 0.241811307 0.243518520 0.236228077 0.236909595 0.244948456 0.244289979 0.242984163 0.242503825 0.242058039 0.236935824 0.239393467 0.237959020 0.257466348 0.247242640 0.247370756 0.249361161 0.253467823 0.241361995 0.241370060 0.241807012 0.241297342 0.240139384 0.240344986 0.238430005 0.241886680 0.237927484 0.243595260 0.243302807 0.305543628 
5     0.219983123 0.183272270 0.153584413 0.150731981 0.000000000 0.258761746 0.244647603 0.249314273 0.248231340 0.237940592 0.241148231 0.241355092 0.246831565 0.246548507 0.247619184 0.247183560 0.243763478 0.247327085 0.235766701 0.236534368 0.242777580 0.243804085 0.244447954 0.245132264 0.238363698 0.237148495 0.247026536 0.245702596 0.246154733 0.245295246 0.243012432 0.236883887 0.240634369 0.239276882 0.259382109 0.250624693 0.250990067 0.252115192 0.254757131 0.244711424 0.245067534 0.246064557 0.245561162 0.244574552 0.244082283 0.240728291 0.242729782 0.238530002 0.244576805 0.245755602 0.310396278 
37     0.244049839 0.257648613 0.260203980 0.255683439 0.258761746 0.000000000 0.162864184 0.166996613 0.210148061 0.219526820 0.223896790 0.223749711 0.226234183 0.230236736 0.223725927 0.223588027 0.226485588 0.227164138 0.218857987 0.219189695 0.221871642 0.223110307 0.222495975 0.223811368 0.217363623 0.222243474 0.226951310 0.225633970 0.223090808 0.223310595 0.222745467 0.218360699 0.220351183 0.220373904 0.236730798 0.231964978 0.232440595 0.230789118 0.235262110 0.221769497 0.224143495 0.224807122 0.224316609 0.221726181 0.221962569 0.221621892 0.220174910 0.221089422 0.227159018 0.226762538 0.311201127 
34     0.233575342 0.244531189 0.248571299 0.244930144 0.244647603 0.162864184 0.000000000 0.152633653 0.197097695 0.208108272 0.212761559 0.212206372 0.215547892 0.217742713 0.213323477 0.213405816 0.214765075 0.215868638 0.207941418 0.206533064 0.211043553 0.212363492 0.212822489 0.214518994 0.205859650 0.208847021 0.215581903 0.213786343 0.211105206 0.211282824 0.210978482 0.206874418 0.209493559 0.208895629 0.225730034 0.221455702 0.221235187 0.221148472 0.224839682 0.212226692 0.214135231 0.215083229 0.214401780 0.211849090 0.211943522 0.210885179 0.208405527 0.211212405 0.217289996 0.217045285 0.302230268 
33     0.238556135 0.247427547 0.250930654 0.246840888 0.249314273 0.166996613 0.152633653 0.000000000 0.201811050 0.211407654 0.215946698 0.216916107 0.221024048 0.222850969 0.217430885 0.217322970 0.220768607 0.221269907 0.212587094 0.209552383 0.216740782 0.217382947 0.216512717 0.217934738 0.209095981 0.213366276 0.219273709 0.216815105 0.215830779 0.215753134 0.213803175 0.209508620 0.212697675 0.211324726 0.230545969 0.223255859 0.223792828 0.222605359 0.229643137 0.216075887 0.218177261 0.218464619 0.217903938 0.215743719 0.215951587 0.212754473 0.213540981 0.214064754 0.219428528 0.219493809 0.307956847 
11     0.239264918 0.247463960 0.251727784 0.247544018 0.248231340 0.210148061 0.197097695 0.201811050 0.000000000 0.212962863 0.216137653 0.216007402 0.220137674 0.221106303 0.214389171 0.214516247 0.219299083 0.218785301 0.209434500 0.208410623 0.213247562 0.215437219 0.214902262 0.216349206 0.208298999 0.211978031 0.218448366 0.215768727 0.215009031 0.214488786 0.214923071 0.208752034 0.211641140 0.210294976 0.228377252 0.223908321 0.225235198 0.223286026 0.228648524 0.215637286 0.215954098 0.215342691 0.215024380 0.212970445 0.213114672 0.215086379 0.211615359 0.212165084 0.218997656 0.220738213 0.305816567 
7     0.225842431 0.235868568 0.239770643 0.235640626 0.237940592 0.219526820 0.208108272 0.211407654 0.212962863 0.000000000 0.086899107 0.085155633 0.143593731 0.142611287 0.151708502 0.151901071 0.154085538 0.152150209 0.142254483 0.181403754 0.185186102 0.186714651 0.187924406 0.190061260 0.180587903 0.184584926 0.187762675 0.186031536 0.188391019 0.188017700 0.184875674 0.181462180 0.182950219 0.183431373 0.209169710 0.209382790 0.210381166 0.208411241 0.213967446 0.198468579 0.199968052 0.203754129 0.202941213 0.199715652 0.199700040 0.200386621 0.197596189 0.196176593 0.202487531 0.203049161 0.293385118 
19     0.229889074 0.240021782 0.244089669 0.241172210 0.241148231 0.223896790 0.212761559 0.215946698 0.216137653 0.086899107 0.000000000 0.046243162 0.148231741 0.147737716 0.156779273 0.157126081 0.161180647 0.158834510 0.146558128 0.183770209 0.189135819 0.190142039 0.190916638 0.192799857 0.184058414 0.188615537 0.192694272 0.190842960 0.192252776 0.192364332 0.190275874 0.186497497 0.185744596 0.185156363 0.213002591 0.212317572 0.213520350 0.211465786 0.218106590 0.202762846 0.203066348 0.207791491 0.206853247 0.203814475 0.203779190 0.203580382 0.203076761 0.200180978 0.205086283 0.206273802 0.297662496 
22     0.230281331 0.239072859 0.243937706 0.240200113 0.241355092 0.223749711 0.212206372 0.216916107 0.216007402 0.085155633 0.046243162 0.000000000 0.148825969 0.147719253 0.157245848 0.157658146 0.160142812 0.158348037 0.146459723 0.183386895 0.188294338 0.189422187 0.190690536 0.192721798 0.184843383 0.188711366 0.192611789 0.190743518 0.192405557 0.192763538 0.189989766 0.186206428 0.185622244 0.185310413 0.212476968 0.213079392 0.214133640 0.211483278 0.217911344 0.201518677 0.202252194 0.207532797 0.206604896 0.203119981 0.203227990 0.203390883 0.201882422 0.199920602 0.205042020 0.206564408 0.297973112 
50     0.234820602 0.245766605 0.250179508 0.246459967 0.246831565 0.226234183 0.215547892 0.221024048 0.220137674 0.143593731 0.148231741 0.148825969 0.000000000 0.150344996 0.161855192 0.161968433 0.163205299 0.162218776 0.151836871 0.189779886 0.194523520 0.195929577 0.197968122 0.200034815 0.190429141 0.195764281 0.198171741 0.196723582 0.196684833 0.197247702 0.193955443 0.192220975 0.193393007 0.193731656 0.217426560 0.217788166 0.218582809 0.217957848 0.221694184 0.206258410 0.207811249 0.212125540 0.211410151 0.208518114 0.208606830 0.206291204 0.204912927 0.202396711 0.207365267 0.208421191 0.303841109 
32     0.234671205 0.245431166 0.249664563 0.247533195 0.246548507 0.230236736 0.217742713 0.222850969 0.221106303 0.142611287 0.147737716 0.147719253 0.150344996 0.000000000 0.160070237 0.160209958 0.163251753 0.161974222 0.150710876 0.189795953 0.192680599 0.193983495 0.195942580 0.198774155 0.190122840 0.194190866 0.197597843 0.194696342 0.195096206 0.194871553 0.193643649 0.189386382 0.190721482 0.191109246 0.216303021 0.218258933 0.219297441 0.216787825 0.221304407 0.205602178 0.207971916 0.209891942 0.209168842 0.206187643 0.206120253 0.207818328 0.204912448 0.203980027 0.209069991 0.210869194 0.302867405 
6     0.235616588 0.245314799 0.249847102 0.247165155 0.247619184 0.223725927 0.213323477 0.217430885 0.214389171 0.151708502 0.156779273 0.157245848 0.161855192 0.160070237 0.000000000 0.029393360 0.160165982 0.159439309 0.145526305 0.185108929 0.190407682 0.191514678 0.191916472 0.194755834 0.185644949 0.189901940 0.193919302 0.191015077 0.193140028 0.193275423 0.190144970 0.184958774 0.187543053 0.186461286 0.213250411 0.214776849 0.215860023 0.212025152 0.218686692 0.203661761 0.205099675 0.209245844 0.208603113 0.205629189 0.205933149 0.204813233 0.203514360 0.202783992 0.207635862 0.208875623 0.301465207 
30     0.235503822 0.245170416 0.249278389 0.246743652 0.247183560 0.223588027 0.213405816 0.217322970 0.214516247 0.151901071 0.157126081 0.157658146 0.161968433 0.160209958 0.029393360 0.000000000 0.160155225 0.159657381 0.145764697 0.185122259 0.190616984 0.191715419 0.192128965 0.194810460 0.185512166 0.189680473 0.193957678 0.190991748 0.193075022 0.193211783 0.190079099 0.185169460 0.187556542 0.186337679 0.213497237 0.215089814 0.216146728 0.212141261 0.218838494 0.203288760 0.204984254 0.209206829 0.208564097 0.205617009 0.205920970 0.204883123 0.203533401 0.202952620 0.207803754 0.208931337 0.301677698 
17     0.233363883 0.239991715 0.248574753 0.243515346 0.243763478 0.226485588 0.214765075 0.220768607 0.219299083 0.154085538 0.161180647 0.160142812 0.163205299 0.163251753 0.160165982 0.160155225 0.000000000 0.093049360 0.144607328 0.187499718 0.192818878 0.194009343 0.194572395 0.197810744 0.187580954 0.193051463 0.195635343 0.193459750 0.196052727 0.196329477 0.194507643 0.187958410 0.190145162 0.189710513 0.214748564 0.215405163 0.215745833 0.216164057 0.219055511 0.205764005 0.206286944 0.209789029 0.208936300 0.205201578 0.204849045 0.206327361 0.204704534 0.200230231 0.208145133 0.208320515 0.298030606 
24     0.235634354 0.244026310 0.251345964 0.246949088 0.247327085 0.227164138 0.215868638 0.221269907 0.218785301 0.152150209 0.158834510 0.158348037 0.162218776 0.161974222 0.159439309 0.159657381 0.093049360 0.000000000 0.144216912 0.188546182 0.192955246 0.194460258 0.195724141 0.198989389 0.187554941 0.193527008 0.197634271 0.195526720 0.197264455 0.197672934 0.195425161 0.190229484 0.191219792 0.191333318 0.215759749 0.216043779 0.216575994 0.216419702 0.219871820 0.205390228 0.206162310 0.210481305 0.209606450 0.206002217 0.205805283 0.207017734 0.204214785 0.201034420 0.207705406 0.209001725 0.301042281 
10     0.225663091 0.234858525 0.237800756 0.234223604 0.235766701 0.218857987 0.207941418 0.212587094 0.209434500 0.142254483 0.146558128 0.146459723 0.151836871 0.150710876 0.145526305 0.145764697 0.144607328 0.144216912 0.000000000 0.177491532 0.182170270 0.183691324 0.184410080 0.186122886 0.179652694 0.184483350 0.186427883 0.184512667 0.186658894 0.186765421 0.183446004 0.178085342 0.180264514 0.180589655 0.204694748 0.207439527 0.208836833 0.206094641 0.210554362 0.197161646 0.197650362 0.201184538 0.200645034 0.197440150 0.197650782 0.198570603 0.196079954 0.193844404 0.199185863 0.202139758 0.290582270 
29     0.226458837 0.233668540 0.238415245 0.234762491 0.236534368 0.219189695 0.206533064 0.209552383 0.208410623 0.181403754 0.183770209 0.183386895 0.189779886 0.189795953 0.185108929 0.185122259 0.187499718 0.188546182 0.177491532 0.000000000 0.176071481 0.177156679 0.176648953 0.178408795 0.169000807 0.173974911 0.179179333 0.175121374 0.177596622 0.177309500 0.174701217 0.170828308 0.171437555 0.171588534 0.205214996 0.207436914 0.208323141 0.205080165 0.208097849 0.196590085 0.198688399 0.201026948 0.200277896 0.197231051 0.197633196 0.197425339 0.196516767 0.193852107 0.200896524 0.200814468 0.293290570 
41     0.229861561 0.239695951 0.243883872 0.239982700 0.242777580 0.221871642 0.211043553 0.216740782 0.213247562 0.185186102 0.189135819 0.188294338 0.194523520 0.192680599 0.190407682 0.190616984 0.192818878 0.192955246 0.182170270 0.176071481 0.000000000 0.041935626 0.121110577 0.122860517 0.170226950 0.173862998 0.177645158 0.173504143 0.176155978 0.176117910 0.175458849 0.170742162 0.172302276 0.172896687 0.212746263 0.215280681 0.215320196 0.211798351 0.215772043 0.202032340 0.204751238 0.206570712 0.205735848 0.202803852 0.203441760 0.203073719 0.200712687 0.198941814 0.204850767 0.208825467 0.298804965 
46     0.231432939 0.241002169 0.245178043 0.241063485 0.243804085 0.223110307 0.212363492 0.217382947 0.215437219 0.186714651 0.190142039 0.189422187 0.195929577 0.193983495 0.191514678 0.191715419 0.194009343 0.194460258 0.183691324 0.177156679 0.041935626 0.000000000 0.122638684 0.124141859 0.171824518 0.175267360 0.178852152 0.174421294 0.176948140 0.177401978 0.177012261 0.172142569 0.174149941 0.174854561 0.214227210 0.216758020 0.217008388 0.213453133 0.217063603 0.202976683 0.205642198 0.207527980 0.206693117 0.203534302 0.204183460 0.204742268 0.202068632 0.200640029 0.206240762 0.210049794 0.300410599 
15     0.231635941 0.241709911 0.244423541 0.241811307 0.244447954 0.222495975 0.212822489 0.216512717 0.214902262 0.187924406 0.190916638 0.190690536 0.197968122 0.195942580 0.191916472 0.192128965 0.194572395 0.195724141 0.184410080 0.176648953 0.121110577 0.122638684 0.000000000 0.059226446 0.171162480 0.175156301 0.180180402 0.174488862 0.178409507 0.178632729 0.177857203 0.172912391 0.173034193 0.175657858 0.213562803 0.215718349 0.216247711 0.212778022 0.217572738 0.205154781 0.206824266 0.208447318 0.207612454 0.205135218 0.205656769 0.206884695 0.205286253 0.200266552 0.207131800 0.210439714 0.297456725 
44     0.233958335 0.243004173 0.246387431 0.243518520 0.245132264 0.223811368 0.214518994 0.217934738 0.216349206 0.190061260 0.192799857 0.192721798 0.200034815 0.198774155 0.194755834 0.194810460 0.197810744 0.198989389 0.186122886 0.178408795 0.122860517 0.124141859 0.059226446 0.000000000 0.172688793 0.176342680 0.183215463 0.177003007 0.179529066 0.180161725 0.179237672 0.174853859 0.174918471 0.177467137 0.214669337 0.217248385 0.217463251 0.214101209 0.218838016 0.206910003 0.208583906 0.210079940 0.209393295 0.207037910 0.207398627 0.207201994 0.205966272 0.202733063 0.210139857 0.212749271 0.299298319 
26     0.226802539 0.235883670 0.241098842 0.236228077 0.238363698 0.217363623 0.205859650 0.209095981 0.208298999 0.180587903 0.184058414 0.184843383 0.190429141 0.190122840 0.185644949 0.185512166 0.187580954 0.187554941 0.179652694 0.169000807 0.170226950 0.171824518 0.171162480 0.172688793 0.000000000 0.069098580 0.131728105 0.129606082 0.136971251 0.136152120 0.135244311 0.131293896 0.135545787 0.136897946 0.206805706 0.205918539 0.206517922 0.203926367 0.209519448 0.196879922 0.198968160 0.202359220 0.201501416 0.198889753 0.198998698 0.198474246 0.195565359 0.191818869 0.198397779 0.203424968 0.293054428 
25     0.229070001 0.236307870 0.243072880 0.236909595 0.237148495 0.222243474 0.208847021 0.213366276 0.211978031 0.184584926 0.188615537 0.188711366 0.195764281 0.194190866 0.189901940 0.189680473 0.193051463 0.193527008 0.184483350 0.173974911 0.173862998 0.175267360 0.175156301 0.176342680 0.069098580 0.000000000 0.138070392 0.135066581 0.142384058 0.141765164 0.139834310 0.136817661 0.139507817 0.141305943 0.209964225 0.210376002 0.211445270 0.208648804 0.214185999 0.199953757 0.202586368 0.205507739 0.204646697 0.202294722 0.202458469 0.200341894 0.199249690 0.194459180 0.199891854 0.205324969 0.295505852 
38     0.234088511 0.244306191 0.251244468 0.244948456 0.247026536 0.226951310 0.215581903 0.219273709 0.218448366 0.187762675 0.192694272 0.192611789 0.198171741 0.197597843 0.193919302 0.193957678 0.195635343 0.197634271 0.186427883 0.179179333 0.177645158 0.178852152 0.180180402 0.183215463 0.131728105 0.138070392 0.000000000 0.114410464 0.144652319 0.144499362 0.142480572 0.137842845 0.141246456 0.141627258 0.215406221 0.215588495 0.216458921 0.212965830 0.217311740 0.204552840 0.208069243 0.209972140 0.209240249 0.206709489 0.207019677 0.207315627 0.203635050 0.200542263 0.204839250 0.209254205 0.302734408 
23     0.234063944 0.243510201 0.248995445 0.244289979 0.245702596 0.225633970 0.213786343 0.216815105 0.215768727 0.186031536 0.190842960 0.190743518 0.196723582 0.194696342 0.191015077 0.190991748 0.193459750 0.195526720 0.184512667 0.175121374 0.173504143 0.174421294 0.174488862 0.177003007 0.129606082 0.135066581 0.114410464 0.000000000 0.141263611 0.140693095 0.137630345 0.135123689 0.138507675 0.139652308 0.212376074 0.216193841 0.217211998 0.212109627 0.216386007 0.202239764 0.205067115 0.207570087 0.206671916 0.203953424 0.204163491 0.204518911 0.203086183 0.198628587 0.203025230 0.207514678 0.300934712 
14     0.231178745 0.242071553 0.248596383 0.242984163 0.246154733 0.223090808 0.211105206 0.215830779 0.215009031 0.188391019 0.192252776 0.192405557 0.196684833 0.195096206 0.193140028 0.193075022 0.196052727 0.197264455 0.186658894 0.177596622 0.176155978 0.176948140 0.178409507 0.179529066 0.136971251 0.142384058 0.144652319 0.141263611 0.000000000 0.039276488 0.116366531 0.142211513 0.142623906 0.142818944 0.213220643 0.214275537 0.214994526 0.210596218 0.216164484 0.204693992 0.205358053 0.207999038 0.207064635 0.204413080 0.204559960 0.202891188 0.199909186 0.196547491 0.202493954 0.207476554 0.301772279 
21     0.231104565 0.241654665 0.248241210 0.242503825 0.245295246 0.223310595 0.211282824 0.215753134 0.214488786 0.188017700 0.192364332 0.192763538 0.197247702 0.194871553 0.193275423 0.193211783 0.196329477 0.197672934 0.186765421 0.177309500 0.176117910 0.177401978 0.178632729 0.180161725 0.136152120 0.141765164 0.144499362 0.140693095 0.039276488 0.000000000 0.116727600 0.141601233 0.141983740 0.141971349 0.213091517 0.214385695 0.215230822 0.211135838 0.216367204 0.205579684 0.205995802 0.208293353 0.207433289 0.204825032 0.204970542 0.203666827 0.201027402 0.197577238 0.203240924 0.208288311 0.303006936 
49     0.232096381 0.241769798 0.246860581 0.242058039 0.243012432 0.222745467 0.210978482 0.213803175 0.214923071 0.184875674 0.190275874 0.189989766 0.193955443 0.193643649 0.190144970 0.190079099 0.194507643 0.195425161 0.183446004 0.174701217 0.175458849 0.177012261 0.177857203 0.179237672 0.135244311 0.139834310 0.142480572 0.137630345 0.116366531 0.116727600 0.000000000 0.139101910 0.140005501 0.141181295 0.211515910 0.213930054 0.214876017 0.211518160 0.215808557 0.203918882 0.206563274 0.207200855 0.206502511 0.204260811 0.204530857 0.203216410 0.201724284 0.198020434 0.204519571 0.207816380 0.300695805 
9     0.227493529 0.235682105 0.242156767 0.236935824 0.236883887 0.218360699 0.206874418 0.209508620 0.208752034 0.181462180 0.186497497 0.186206428 0.192220975 0.189386382 0.184958774 0.185169460 0.187958410 0.190229484 0.178085342 0.170828308 0.170742162 0.172142569 0.172912391 0.174853859 0.131293896 0.136817661 0.137842845 0.135123689 0.142211513 0.141601233 0.139101910 0.000000000 0.099835741 0.100653918 0.205742361 0.209544724 0.209576127 0.205280862 0.210276354 0.196550151 0.200036209 0.200420750 0.199581993 0.197703522 0.198115117 0.198085569 0.195844932 0.191907177 0.197911327 0.199955907 0.292267595 
16     0.228743396 0.238141696 0.244485394 0.239393467 0.240634369 0.220351183 0.209493559 0.212697675 0.211641140 0.182950219 0.185744596 0.185622244 0.193393007 0.190721482 0.187543053 0.187556542 0.190145162 0.191219792 0.180264514 0.171437555 0.172302276 0.174149941 0.173034193 0.174918471 0.135545787 0.139507817 0.141246456 0.138507675 0.142623906 0.141983740 0.140005501 0.099835741 0.000000000 0.071223556 0.207171836 0.210922642 0.210507908 0.207285652 0.212010619 0.198215503 0.200919011 0.201653920 0.200736804 0.198328215 0.198719398 0.200349375 0.196851934 0.193418218 0.198728389 0.203261252 0.293905964 
48     0.227237008 0.236780424 0.243078359 0.237959020 0.239276882 0.220373904 0.208895629 0.211324726 0.210294976 0.183431373 0.185156363 0.185310413 0.193731656 0.191109246 0.186461286 0.186337679 0.189710513 0.191333318 0.180589655 0.171588534 0.172896687 0.174854561 0.175657858 0.177467137 0.136897946 0.141305943 0.141627258 0.139652308 0.142818944 0.141971349 0.141181295 0.100653918 0.071223556 0.000000000 0.208265804 0.210842606 0.210812545 0.207496934 0.212216359 0.197713268 0.201668946 0.202993751 0.202016411 0.199649358 0.200202355 0.201002122 0.197709109 0.193896620 0.199864122 0.202518901 0.294574633 
12     0.244535282 0.254802524 0.263050473 0.257466348 0.259382109 0.236730798 0.225730034 0.230545969 0.228377252 0.209169710 0.213002591 0.212476968 0.217426560 0.216303021 0.213250411 0.213497237 0.214748564 0.215759749 0.204694748 0.205214996 0.212746263 0.214227210 0.213562803 0.214669337 0.206805706 0.209964225 0.215406221 0.212376074 0.213220643 0.213091517 0.211515910 0.205742361 0.207171836 0.208265804 0.000000000 0.228324641 0.229201012 0.227092603 0.231708817 0.218714085 0.219535547 0.220655914 0.220440533 0.217600846 0.217881363 0.220636465 0.215227628 0.215836028 0.221668184 0.224035338 0.313922982 
20     0.238240780 0.245174776 0.252164109 0.247242640 0.250624693 0.231964978 0.221455702 0.223255859 0.223908321 0.209382790 0.212317572 0.213079392 0.217788166 0.218258933 0.214776849 0.215089814 0.215405163 0.216043779 0.207439527 0.207436914 0.215280681 0.216758020 0.215718349 0.217248385 0.205918539 0.210376002 0.215588495 0.216193841 0.214275537 0.214385695 0.213930054 0.209544724 0.210922642 0.210842606 0.228324641 0.000000000 0.056284388 0.164551249 0.203424624 0.207290320 0.209140321 0.210362745 0.209965697 0.207207841 0.206909417 0.204639389 0.206325934 0.202761327 0.208814697 0.209797748 0.306957196 
47     0.238949055 0.245679490 0.252031938 0.247370756 0.250990067 0.232440595 0.221235187 0.223792828 0.225235198 0.210381166 0.213520350 0.214133640 0.218582809 0.219297441 0.215860023 0.216146728 0.215745833 0.216575994 0.208836833 0.208323141 0.215320196 0.217008388 0.216247711 0.217463251 0.206517922 0.211445270 0.216458921 0.217211998 0.214994526 0.215230822 0.214876017 0.209576127 0.210507908 0.210812545 0.229201012 0.056284388 0.000000000 0.163841438 0.203942272 0.208458725 0.210481303 0.211520264 0.211089981 0.208377336 0.208085467 0.206106114 0.207019115 0.203913649 0.210163957 0.210320273 0.308811600 
45     0.239685570 0.247988423 0.253893808 0.249361161 0.252115192 0.230789118 0.221148472 0.222605359 0.223286026 0.208411241 0.211465786 0.211483278 0.217957848 0.216787825 0.212025152 0.212141261 0.216164057 0.216419702 0.206094641 0.205080165 0.211798351 0.213453133 0.212778022 0.214101209 0.203926367 0.208648804 0.212965830 0.212109627 0.210596218 0.211135838 0.211518160 0.205280862 0.207285652 0.207496934 0.227092603 0.164551249 0.163841438 0.000000000 0.203662038 0.207180560 0.208096232 0.210002452 0.209578771 0.205700517 0.205615722 0.206531872 0.206921272 0.203265956 0.210666372 0.210498942 0.308351164 
13     0.241702280 0.253271077 0.258220559 0.253467823 0.254757131 0.235262110 0.224839682 0.229643137 0.228648524 0.213967446 0.218106590 0.217911344 0.221694184 0.221304407 0.218686692 0.218838494 0.219055511 0.219871820 0.210554362 0.208097849 0.215772043 0.217063603 0.217572738 0.218838016 0.209519448 0.214185999 0.217311740 0.216386007 0.216164484 0.216367204 0.215808557 0.210276354 0.212010619 0.212216359 0.231708817 0.203424624 0.203942272 0.203662038 0.000000000 0.210612112 0.212666558 0.213544462 0.213151415 0.209238687 0.209610624 0.208509231 0.208392030 0.207913080 0.214547606 0.214480497 0.307690218 
27     0.233272220 0.242469067 0.246528191 0.241361995 0.244711424 0.221769497 0.212226692 0.216075887 0.215637286 0.198468579 0.202762846 0.201518677 0.206258410 0.205602178 0.203661761 0.203288760 0.205764005 0.205390228 0.197161646 0.196590085 0.202032340 0.202976683 0.205154781 0.206910003 0.196879922 0.199953757 0.204552840 0.202239764 0.204693992 0.205579684 0.203918882 0.196550151 0.198215503 0.197713268 0.218714085 0.207290320 0.208458725 0.207180560 0.210612112 0.000000000 0.101347096 0.128513958 0.128203650 0.125997877 0.126473878 0.188611550 0.185340714 0.184795987 0.190345481 0.191108738 0.293745162 
28     0.233285974 0.243762695 0.246252498 0.241370060 0.245067534 0.224143495 0.214135231 0.218177261 0.215954098 0.199968052 0.203066348 0.202252194 0.207811249 0.207971916 0.205099675 0.204984254 0.206286944 0.206162310 0.197650362 0.198688399 0.204751238 0.205642198 0.206824266 0.208583906 0.198968160 0.202586368 0.208069243 0.205067115 0.205358053 0.205995802 0.206563274 0.200036209 0.200919011 0.201668946 0.219535547 0.209140321 0.210481303 0.208096232 0.212666558 0.101347096 0.000000000 0.129252051 0.129145637 0.127067026 0.126824649 0.190159249 0.188733579 0.185990524 0.192313505 0.193267388 0.293626437 
35     0.232325171 0.243041218 0.246659933 0.241807012 0.246064557 0.224807122 0.215083229 0.218464619 0.215342691 0.203754129 0.207791491 0.207532797 0.212125540 0.209891942 0.209245844 0.209206829 0.209789029 0.210481305 0.201184538 0.201026948 0.206570712 0.207527980 0.208447318 0.210079940 0.202359220 0.205507739 0.209972140 0.207570087 0.207999038 0.208293353 0.207200855 0.200420750 0.201653920 0.202993751 0.220655914 0.210362745 0.211520264 0.210002452 0.213544462 0.128513958 0.129252051 0.000000000 0.022808426 0.051976689 0.053024393 0.191788534 0.189340553 0.188249897 0.195281909 0.195908743 0.293577284 
40     0.231736566 0.242511026 0.246112392 0.241297342 0.245561162 0.224316609 0.214401780 0.217903938 0.215024380 0.202941213 0.206853247 0.206604896 0.211410151 0.209168842 0.208603113 0.208564097 0.208936300 0.209606450 0.200645034 0.200277896 0.205735848 0.206693117 0.207612454 0.209393295 0.201501416 0.204646697 0.209240249 0.206671916 0.207064635 0.207433289 0.206502511 0.199581993 0.200736804 0.202016411 0.220440533 0.209965697 0.211089981 0.209578771 0.213151415 0.128203650 0.129145637 0.022808426 0.000000000 0.052183368 0.052610436 0.191440383 0.188708989 0.187881691 0.194599653 0.195403211 0.293034483 
39     0.230540240 0.242159580 0.244509687 0.240139384 0.244574552 0.221726181 0.211849090 0.215743719 0.212970445 0.199715652 0.203814475 0.203119981 0.208518114 0.206187643 0.205629189 0.205617009 0.205201578 0.206002217 0.197440150 0.197231051 0.202803852 0.203534302 0.205135218 0.207037910 0.198889753 0.202294722 0.206709489 0.203953424 0.204413080 0.204825032 0.204260811 0.197703522 0.198328215 0.199649358 0.217600846 0.207207841 0.208377336 0.205700517 0.209238687 0.125997877 0.127067026 0.051976689 0.052183368 0.000000000 0.023762262 0.189337087 0.186657420 0.186180671 0.192951238 0.193144832 0.291349667 
18     0.229708194 0.241758115 0.244249926 0.240344986 0.244082283 0.221962569 0.211943522 0.215951587 0.213114672 0.199700040 0.203779190 0.203227990 0.208606830 0.206120253 0.205933149 0.205920970 0.204849045 0.205805283 0.197650782 0.197633196 0.203441760 0.204183460 0.205656769 0.207398627 0.198998698 0.202458469 0.207019677 0.204163491 0.204559960 0.204970542 0.204530857 0.198115117 0.198719398 0.200202355 0.217881363 0.206909417 0.208085467 0.205615722 0.209610624 0.126473878 0.126824649 0.053024393 0.052610436 0.023762262 0.000000000 0.189167371 0.187033640 0.186496677 0.193197069 0.192637509 0.291025587 
42     0.229715749 0.236331843 0.243001885 0.238430005 0.240728291 0.221621892 0.210885179 0.212754473 0.215086379 0.200386621 0.203580382 0.203390883 0.206291204 0.207818328 0.204813233 0.204883123 0.206327361 0.207017734 0.198570603 0.197425339 0.203073719 0.204742268 0.206884695 0.207201994 0.198474246 0.200341894 0.207315627 0.204518911 0.202891188 0.203666827 0.203216410 0.198085569 0.200349375 0.201002122 0.220636465 0.204639389 0.206106114 0.206531872 0.208509231 0.188611550 0.190159249 0.191788534 0.191440383 0.189337087 0.189167371 0.000000000 0.157175994 0.159886906 0.167340606 0.166888458 0.291827264 
8     0.229861097 0.239923567 0.247239220 0.241886680 0.242729782 0.220174910 0.208405527 0.213540981 0.211615359 0.197596189 0.203076761 0.201882422 0.204912927 0.204912448 0.203514360 0.203533401 0.204704534 0.204214785 0.196079954 0.196516767 0.200712687 0.202068632 0.205286253 0.205966272 0.195565359 0.199249690 0.203635050 0.203086183 0.199909186 0.201027402 0.201724284 0.195844932 0.196851934 0.197709109 0.215227628 0.206325934 0.207019115 0.206921272 0.208392030 0.185340714 0.188733579 0.189340553 0.188708989 0.186657420 0.187033640 0.157175994 0.000000000 0.156754445 0.164995211 0.164946491 0.290425962 
31     0.228469063 0.236553256 0.244160676 0.237927484 0.238530002 0.221089422 0.211212405 0.214064754 0.212165084 0.196176593 0.200180978 0.199920602 0.202396711 0.203980027 0.202783992 0.202952620 0.200230231 0.201034420 0.193844404 0.193852107 0.198941814 0.200640029 0.200266552 0.202733063 0.191818869 0.194459180 0.200542263 0.198628587 0.196547491 0.197577238 0.198020434 0.191907177 0.193418218 0.193896620 0.215836028 0.202761327 0.203913649 0.203265956 0.207913080 0.184795987 0.185990524 0.188249897 0.187881691 0.186180671 0.186496677 0.159886906 0.156754445 0.000000000 0.096201217 0.138713423 0.296645367 
36     0.233273729 0.242825334 0.250180384 0.243595260 0.244576805 0.227159018 0.217289996 0.219428528 0.218997656 0.202487531 0.205086283 0.205042020 0.207365267 0.209069991 0.207635862 0.207803754 0.208145133 0.207705406 0.199185863 0.200896524 0.204850767 0.206240762 0.207131800 0.210139857 0.198397779 0.199891854 0.204839250 0.203025230 0.202493954 0.203240924 0.204519571 0.197911327 0.198728389 0.199864122 0.221668184 0.208814697 0.210163957 0.210666372 0.214547606 0.190345481 0.192313505 0.195281909 0.194599653 0.192951238 0.193197069 0.167340606 0.164995211 0.096201217 0.000000000 0.146940959 0.300333504 
43     0.233600551 0.239525172 0.247430070 0.243302807 0.245755602 0.226762538 0.217045285 0.219493809 0.220738213 0.203049161 0.206273802 0.206564408 0.208421191 0.210869194 0.208875623 0.208931337 0.208320515 0.209001725 0.202139758 0.200814468 0.208825467 0.210049794 0.210439714 0.212749271 0.203424968 0.205324969 0.209254205 0.207514678 0.207476554 0.208288311 0.207816380 0.199955907 0.203261252 0.202518901 0.224035338 0.209797748 0.210320273 0.210498942 0.214480497 0.191108738 0.193267388 0.195908743 0.195403211 0.193144832 0.192637509 0.166888458 0.164946491 0.138713423 0.146940959 0.000000000 0.297924319 
0     0.292444643 0.307956669 0.310716829 0.305543628 0.310396278 0.311201127 0.302230268 0.307956847 0.305816567 0.293385118 0.297662496 0.297973112 0.303841109 0.302867405 0.301465207 0.301677698 0.298030606 0.301042281 0.290582270 0.293290570 0.298804965 0.300410599 0.297456725 0.299298319 0.293054428 0.295505852 0.302734408 0.300934712 0.301772279 0.303006936 0.300695805 0.292267595 0.293905964 0.294574633 0.313922982 0.306957196 0.308811600 0.308351164 0.307690218 0.293745162 0.293626437 0.293577284 0.293034483 0.291349667 0.291025587 0.291827264 0.290425962 0.296645367 0.300333504 0.297924319 0.000000000 
