51
3     0.000000000 0.000076030 0.000050440 0.000434180 0.000137850 0.000004500 0.000475310 0.001763580 0.000450760 0.001141800 0.001131350 0.001563690 0.001299510 0.000001560 0.000532730 0.000531630 0.000563880 0.000944530 0.001094400 0.000529730 0.001167970 0.001297390 0.001480520 0.001627390 0.001067260 0.000407650 0.000266180 0.000625060 0.000777920 0.000213400 0.000617150 0.001117040 0.000490920 0.000800490 0.001615670 0.000733070 0.000101330 0.001923830 0.001286910 0.000038360 0.001059370 0.001010550 0.000238490 0.000494280 0.000781240 0.001165930 0.000785640 0.000885380 0.001165840 0.000321460 0.000562620 
1     0.000076030 0.000000000 0.000020450 0.000921130 0.000646970 0.000602680 0.000044830 0.000384960 0.000183130 0.001011130 0.000956690 0.001036890 0.000565290 0.000979700 0.001162880 0.001442330 0.001144030 0.001561650 0.000845840 0.000607680 0.000893550 0.000212960 0.001687840 0.000487950 0.000709550 0.000689420 0.000557960 0.001521940 0.000032710 0.000322440 0.000042550 0.000124060 0.000520280 0.000750390 0.000156420 0.000684850 0.000332650 0.000129290 0.001368350 0.001661280 0.000296530 0.000398880 0.000450420 0.001230210 0.000151540 0.001814220 0.001417520 0.000028150 0.000940930 0.000157510 0.000927550 
2     0.000050440 0.000020450 0.000000000 0.000694370 0.000528160 0.001413210 0.000016970 0.000215740 0.000342230 0.000362900 0.000406150 0.001021520 0.000598040 0.000487960 0.000475290 0.000481790 0.000709880 0.000887090 0.000886540 0.000472290 0.000044090 0.000699950 0.001445690 0.001035880 0.001036720 0.000602150 0.000262490 0.001519770 0.000315870 0.000438660 0.000155100 0.000721750 0.000036320 0.000731900 0.000248440 0.000664480 0.000878820 0.001368890 0.000456900 0.000081590 0.000241650 0.000660820 0.000874440 0.000694570 0.000723800 0.000459040 0.000121600 0.000206730 0.000755260 0.000264020 0.000689770 
31     0.000434180 0.000921130 0.000694370 0.000000000 0.000016500 0.000251310 0.000149830 0.000851340 0.000977830 0.000230510 0.000429750 0.000494380 0.000542880 0.000446900 0.000710410 0.001539230 0.000974720 0.000317450 0.001311850 0.000721700 0.001007940 0.001096530 0.000415320 0.000429020 0.000814350 0.000232770 0.000516340 0.000997360 0.000221370 0.000549920 0.000400840 0.000417270 0.000769110 0.000849240 0.000832120 0.001914410 0.001363560 0.001139200 0.000720450 0.000400430 0.000509630 0.000280620 0.000582080 0.000204350 0.000261490 0.000970330 0.000237630 0.000661030 0.000958840 0.000304820 0.000591210 
8     0.000137850 0.000646970 0.000528160 0.000016500 0.000000000 0.000269460 0.000336980 0.000394530 0.001012060 0.000692890 0.000901240 0.000763560 0.000968590 0.000676300 0.000514350 0.000288650 0.000972090 0.000795720 0.001688370 0.000719070 0.001035190 0.000398840 0.001017430 0.001852250 0.000708130 0.000799150 0.000789870 0.000682100 0.001922330 0.000962940 0.000714340 0.000451500 0.001091060 0.000951970 0.000866350 0.001184370 0.000546750 0.000609140 0.000739990 0.000397800 0.000524170 0.000238390 0.000579450 0.000869090 0.000258860 0.000808390 0.000155720 0.000695260 0.000808300 0.000438690 0.000625440 
5     0.000004500 0.000602680 0.001413210 0.000251310 0.000269460 0.000000000 0.000789410 0.000224690 0.000679880 0.001224120 0.001260450 0.001058830 0.000952020 0.001092480 0.000859950 0.001133560 0.001541000 0.000578090 0.000494640 0.000824780 0.000744270 0.001193880 0.001640490 0.001583970 0.001850580 0.001787610 0.000678540 0.000362080 0.001435370 0.000468490 0.001484750 0.000849490 0.001303620 0.001156220 0.001267880 0.000536760 0.000514270 0.000739410 0.000054950 0.002080140 0.001409380 0.002241550 0.001716000 0.001994230 0.001093940 0.000769310 0.000116640 0.000475090 0.000334400 0.000677010 0.001161510 
44     0.000475310 0.000044830 0.000016970 0.000149830 0.000336980 0.000789410 0.000000000 0.000484650 0.000611140 0.000729500 0.000675060 0.000651910 0.000868730 0.000756870 0.001912930 0.000873820 0.000914000 0.000806110 0.001287450 0.001131280 0.000923020 0.000783800 0.001512920 0.001009490 0.000062360 0.000704620 0.000767770 0.000165490 0.001045150 0.000809570 0.000884380 0.000050580 0.000648340 0.000756280 0.000465430 0.000306640 0.001095810 0.001469730 0.000573820 0.001432410 0.000458640 0.000476020 0.001309650 0.000685840 0.000426550 0.000491160 0.000312850 0.000294340 0.000150780 0.000271260 0.000224520 
42     0.001763580 0.000384960 0.000215740 0.000851340 0.000394530 0.000224690 0.000484650 0.000000000 0.000022030 0.000244930 0.000190490 0.000213130 0.000270390 0.000272300 0.000544810 0.001117560 0.000279830 0.000015010 0.000578690 0.000678630 0.000096700 0.000056910 0.000769930 0.001285910 0.000789360 0.000436380 0.000514800 0.000280880 0.000864320 0.000736020 0.000217860 0.000529300 0.000912330 0.000434750 0.000032800 0.001372340 0.000114930 0.000426780 0.000602170 0.000894390 0.000026010 0.000771000 0.000912650 0.000478930 0.001326500 0.001111700 0.000797260 0.000778750 0.000328330 0.000355910 0.000474130 
19     0.000450760 0.000183130 0.000342230 0.000977830 0.001012060 0.000679880 0.000611140 0.000022030 0.000000000 0.000371420 0.000316980 0.000822300 0.000510650 0.000398790 0.000622380 0.000329570 0.000665950 0.000194080 0.000047200 0.000180970 0.000141320 0.000698830 0.000190680 0.000710850 0.000496030 0.000420510 0.000199810 0.000267090 0.000541180 0.000580380 0.000603110 0.000647630 0.000782840 0.000516090 0.000159290 0.002050620 0.000789670 0.000386790 0.000725450 0.001033380 0.000152500 0.000757210 0.001039140 0.000605420 0.001456420 0.000834960 0.000923750 0.000905240 0.000890910 0.000068190 0.000600620 
29     0.001141800 0.001011130 0.000362900 0.000230510 0.000692890 0.001224120 0.000729500 0.000244930 0.000371420 0.000000000 0.000015210 0.000188690 0.000183320 0.000013770 0.000652950 0.000770450 0.000955330 0.000896820 0.000444680 0.000444190 0.000425190 0.000315850 0.000321980 0.000524990 0.000323170 0.000345730 0.000250730 0.001066530 0.000478100 0.000628570 0.000812740 0.000273340 0.000443900 0.000662850 0.000277650 0.000408740 0.000360860 0.000823080 0.000680500 0.000642830 0.000270860 0.000439960 0.001157500 0.000723780 0.000842990 0.001211260 0.001018000 0.000102280 0.000502480 0.000677950 0.000718980 
37     0.001131350 0.000956690 0.000406150 0.000429750 0.000901240 0.001260450 0.000675060 0.000190490 0.000316980 0.000015210 0.000000000 0.000159640 0.000209510 0.000105710 0.000433730 0.000553240 0.000987250 0.000724520 0.000463120 0.000700830 0.000528310 0.000480550 0.000227310 0.000659470 0.000568800 0.000793270 0.000070400 0.001244650 0.000308660 0.000529550 0.000713720 0.000392170 0.000298660 0.000660430 0.000223210 0.000445070 0.000530640 0.000653640 0.000511060 0.000636580 0.000216420 0.000592480 0.001103060 0.000669340 0.000606040 0.001302110 0.000987670 0.000078640 0.000565840 0.000741310 0.000664540 
12     0.001563690 0.001036890 0.001021520 0.000494380 0.000763560 0.001058830 0.000651910 0.000213130 0.000822300 0.000188690 0.000159640 0.000000000 0.000073430 0.000392410 0.000626380 0.000657030 0.000166030 0.000670250 0.000330230 0.000782710 0.000673290 0.000126830 0.000046640 0.000272920 0.000200840 0.000127750 0.000400690 0.000444440 0.000600840 0.000370070 0.000962550 0.000392140 0.001405830 0.001692470 0.000799310 0.001513610 0.000643680 0.001335700 0.000781250 0.000480230 0.000095070 0.001246230 0.001297460 0.000031150 0.000652220 0.000706860 0.000933930 0.001306460 0.000796040 0.000248310 0.000975960 
25     0.001299510 0.000565290 0.000598040 0.000542880 0.000968590 0.000952020 0.000868730 0.000270390 0.000510650 0.000183320 0.000209510 0.000073430 0.000000000 0.000230990 0.000696610 0.000727260 0.000479180 0.000881170 0.000847100 0.000850970 0.000894810 0.000993930 0.000668000 0.000490410 0.000649540 0.000443380 0.000523340 0.000248060 0.000227990 0.000088930 0.000760820 0.000357160 0.000553580 0.001682400 0.000416880 0.001749260 0.000782530 0.000757490 0.000762950 0.001479870 0.000410090 0.001236160 0.001296730 0.000863010 0.000925440 0.000949700 0.000685720 0.000964620 0.002357960 0.000652250 0.000100530 
24     0.000001560 0.000979700 0.000487960 0.000446900 0.000676300 0.001092480 0.000756870 0.000272300 0.000398790 0.000013770 0.000105710 0.000392410 0.000230990 0.000000000 0.000377350 0.000367240 0.000557040 0.000242840 0.000826770 0.000264540 0.000559090 0.000424250 0.000518420 0.000493090 0.000969460 0.000222970 0.000475790 0.000051480 0.000944440 0.001010830 0.000969900 0.000340580 0.000626870 0.000836500 0.000305020 0.001678510 0.000525670 0.001028630 0.000874390 0.001702850 0.000096790 0.000365990 0.001184870 0.000751150 0.000233940 0.001383920 0.001069480 0.000364260 0.000927070 0.001027890 0.000466310 
15     0.000532730 0.001162880 0.000475290 0.000710410 0.000514350 0.000859950 0.001912930 0.000544810 0.000622380 0.000652950 0.000433730 0.000626380 0.000696610 0.000377350 0.000000000 0.000184500 0.000072880 0.000206810 0.000020910 0.000175640 0.000432990 0.000356390 0.000693400 0.000517870 0.000409880 0.000467580 0.000444940 0.000420590 0.001394840 0.000569280 0.000246540 0.000985540 0.001089630 0.000634260 0.000688330 0.000825760 0.001329990 0.000862670 0.000392550 0.000194430 0.000223970 0.000850440 0.001074720 0.001026960 0.000098210 0.000196170 0.000408350 0.001503550 0.001789480 0.000020630 0.000240350 
26     0.000531630 0.001442330 0.000481790 0.001539230 0.000288650 0.001133560 0.000873820 0.001117560 0.000329570 0.000770450 0.000553240 0.000657030 0.000727260 0.000367240 0.000184500 0.000000000 0.000003340 0.000001270 0.000069660 0.000097620 0.000071110 0.000706650 0.000782730 0.000976840 0.000896280 0.000698750 0.000224020 0.000213720 0.000291260 0.001548370 0.001372530 0.000612690 0.001408470 0.000275700 0.000899470 0.000647890 0.001075950 0.001751820 0.000771240 0.001172900 0.000650920 0.001070490 0.001717090 0.000807130 0.000908800 0.000774620 0.000884030 0.001094010 0.002541800 0.001096460 0.000158390 
40     0.000563880 0.001144030 0.000709880 0.000974720 0.000972090 0.001541000 0.000914000 0.000279830 0.000665950 0.000955330 0.000987250 0.000166030 0.000479180 0.000557040 0.000072880 0.000003340 0.000000000 0.000003130 0.000095390 0.000425360 0.000485770 0.000502390 0.000336270 0.000465620 0.000316940 0.000356170 0.000912560 0.000100660 0.001414990 0.000503900 0.001204790 0.000816990 0.001843080 0.001089260 0.001439040 0.001280760 0.001921500 0.000778870 0.000196000 0.000804140 0.000225940 0.000624230 0.000796460 0.001014590 0.000092230 0.000041540 0.000259980 0.000637100 0.000756260 0.000308340 0.000134600 
7     0.000944530 0.001561650 0.000887090 0.000317450 0.000795720 0.000578090 0.000806110 0.000015010 0.000194080 0.000896820 0.000724520 0.000670250 0.000881170 0.000242840 0.000206810 0.000001270 0.000003130 0.000000000 0.000022610 0.000287770 0.000074290 0.000492210 0.000694150 0.000116220 0.000321620 0.000309150 0.000885170 0.000366800 0.001480540 0.000934470 0.000941080 0.000937260 0.000546510 0.000617660 0.001441830 0.000141830 0.001400560 0.000912170 0.000490090 0.000817490 0.000671590 0.000741460 0.001354440 0.000277340 0.000475230 0.000552540 0.000661950 0.000653840 0.001403930 0.000706150 0.000521120 
18     0.001094400 0.000845840 0.000886540 0.001311850 0.001688370 0.000494640 0.001287450 0.000578690 0.000047200 0.000444680 0.000463120 0.000330230 0.000847100 0.000826770 0.000020910 0.000069660 0.000095390 0.000022610 0.000000000 0.000002090 0.000012610 0.000266460 0.000237700 0.000554800 0.000534250 0.000441830 0.000135500 0.000749670 0.000686320 0.000547570 0.000515430 0.000540320 0.001578640 0.001764490 0.000835600 0.001955990 0.001263430 0.000854270 0.000565550 0.000692080 0.000799360 0.000936420 0.001168320 0.000479280 0.001093080 0.000672410 0.000781820 0.000325400 0.000536280 0.001376950 0.000697510 
6     0.000529730 0.000607680 0.000472290 0.000721700 0.000719070 0.000824780 0.001131280 0.000678630 0.000180970 0.000444190 0.000700830 0.000782710 0.000850970 0.000264540 0.000175640 0.000097620 0.000425360 0.000287770 0.000002090 0.000000000 0.000008840 0.000871310 0.000371470 0.000670110 0.000593580 0.000441340 0.000139370 0.000108900 0.000818100 0.000724580 0.000827940 0.000920650 0.001202750 0.001343560 0.000831830 0.001535060 0.001121090 0.000445920 0.000275150 0.000548390 0.000755270 0.000687520 0.000841610 0.000835050 0.000751130 0.000305740 0.000673560 0.000150610 0.000017890 0.000291350 0.000900500 
50     0.001167970 0.000893550 0.000044090 0.001007940 0.001035190 0.000744270 0.000923020 0.000096700 0.000141320 0.000425190 0.000528310 0.000673290 0.000894810 0.000559090 0.000432990 0.000071110 0.000485770 0.000074290 0.000012610 0.000008840 0.000000000 0.000438030 0.000273590 0.000226680 0.000206130 0.000422340 0.000183210 0.000274290 0.000510750 0.000372000 0.000339860 0.001342940 0.001237190 0.000987020 0.000663750 0.000817090 0.000379650 0.000291820 0.001043400 0.001078850 0.000723140 0.000671950 0.000713720 0.000725470 0.000929320 0.001919550 0.000716210 0.000835190 0.001302380 0.000385550 0.000140600 
9     0.001297390 0.000212960 0.000699950 0.001096530 0.000398840 0.001193880 0.000783800 0.000056910 0.000698830 0.000315850 0.000480550 0.000126830 0.000993930 0.000424250 0.000356390 0.000706650 0.000502390 0.000492210 0.000266460 0.000871310 0.000438030 0.000000000 0.000000260 0.000097370 0.000427360 0.000489210 0.000514760 0.000949420 0.000698210 0.000660240 0.000796980 0.001666650 0.000211910 0.000421540 0.000796880 0.001461600 0.001642490 0.001671600 0.001104040 0.001905940 0.000062230 0.000582440 0.001406600 0.001027750 0.001557600 0.001326840 0.001436250 0.000092830 0.001068190 0.001860390 0.000185420 
4     0.001480520 0.001687840 0.001445690 0.000415320 0.001017430 0.001640490 0.001512920 0.000769930 0.000190680 0.000321980 0.000227310 0.000046640 0.000668000 0.000518420 0.000693400 0.000782730 0.000336270 0.000694150 0.000237700 0.000371470 0.000273590 0.000000260 0.000000000 0.000175360 0.000454100 0.000493220 0.000889700 0.000140120 0.001568060 0.001114730 0.001089640 0.001164140 0.000012820 0.000222450 0.000597790 0.001295010 0.001438320 0.001802910 0.000901270 0.001704060 0.001302850 0.001234250 0.000196970 0.000765810 0.001139770 0.000372610 0.000893330 0.001845100 0.001419790 0.001197730 0.000550380 
32     0.001627390 0.000487950 0.001035880 0.000429020 0.001852250 0.001583970 0.001009490 0.001285910 0.000710850 0.000524990 0.000659470 0.000272920 0.000490410 0.000493090 0.000517870 0.000976840 0.000465620 0.000116220 0.000554800 0.000670110 0.000226680 0.000097370 0.000175360 0.000000000 0.000013800 0.000290170 0.000742000 0.000969510 0.001009070 0.000917610 0.000453320 0.000438780 0.001633520 0.000598580 0.001429860 0.001866820 0.000975050 0.000520670 0.000772120 0.000789750 0.000974470 0.000234260 0.001379250 0.001660890 0.000851700 0.000211360 0.000755890 0.000413250 0.000705770 0.001273360 0.000288040 
10     0.001067260 0.000709550 0.001036720 0.000814350 0.000708130 0.001850580 0.000062360 0.000789360 0.000496030 0.000323170 0.000568800 0.000200840 0.000649540 0.000969460 0.000409880 0.000896280 0.000316940 0.000321620 0.000534250 0.000593580 0.000206130 0.000427360 0.000454100 0.000013800 0.000000000 0.000524600 0.000461650 0.000381210 0.001001540 0.000919700 0.001195830 0.000370920 0.000553210 0.000618050 0.000277790 0.000302520 0.000978460 0.000399930 0.000666860 0.000581040 0.000467280 0.000444340 0.000588540 0.000926710 0.000776560 0.000500400 0.000592120 0.000004890 0.000836470 0.000363850 0.001782970 
39     0.000407650 0.000689420 0.000602150 0.000232770 0.000799150 0.001787610 0.000704620 0.000436380 0.000420510 0.000345730 0.000793270 0.000127750 0.000443380 0.000222970 0.000467580 0.000698750 0.000356170 0.000309150 0.000441830 0.000441340 0.000422340 0.000489210 0.000493220 0.000290170 0.000524600 0.000000000 0.000078860 0.001173650 0.000799200 0.000619510 0.000583850 0.000245590 0.001024590 0.001020200 0.000942030 0.000708370 0.001293180 0.001264710 0.001852880 0.001214580 0.001276720 0.000965580 0.001277110 0.001729640 0.001252510 0.001537570 0.000948580 0.000888720 0.000575590 0.000783120 0.001069220 
35     0.000266180 0.000557960 0.000262490 0.000516340 0.000789870 0.000678540 0.000767770 0.000514800 0.000199810 0.000250730 0.000070400 0.000400690 0.000523340 0.000475790 0.000444940 0.000224020 0.000912560 0.000885170 0.000135500 0.000139370 0.000183210 0.000514760 0.000889700 0.000742000 0.000461650 0.000078860 0.000000000 0.000765480 0.000767250 0.000458200 0.000777090 0.000635160 0.000511020 0.001094310 0.000987610 0.000753950 0.000974480 0.001003580 0.001012760 0.000511200 0.001678090 0.000788620 0.000193830 0.000731890 0.000724460 0.000468060 0.000231620 0.001292600 0.000161790 0.000194980 0.002299440 
36     0.000625060 0.001521940 0.001519770 0.000997360 0.000682100 0.000362080 0.000165490 0.000280880 0.000267090 0.001066530 0.001244650 0.000444440 0.000248060 0.000051480 0.000420590 0.000213720 0.000100660 0.000366800 0.000749670 0.000108900 0.000274290 0.000949420 0.000140120 0.000969510 0.000381210 0.001173650 0.000765480 0.000000000 0.000460700 0.000476140 0.000582820 0.000567210 0.000898450 0.001143040 0.001531270 0.001723960 0.002110530 0.000353810 0.001628790 0.001144820 0.001083790 0.000696800 0.000888790 0.001693610 0.000433270 0.000864580 0.002154500 0.001143190 0.000292220 0.000401010 0.000123080 
16     0.000777920 0.000032710 0.000315870 0.000221370 0.001922330 0.001435370 0.001045150 0.000864320 0.000541180 0.000478100 0.000308660 0.000600840 0.000227990 0.000944440 0.001394840 0.000291260 0.001414990 0.001480540 0.000686320 0.000818100 0.000510750 0.000698210 0.001568060 0.001009070 0.001001540 0.000799200 0.000767250 0.000460700 0.000000000 0.000023350 0.000009860 0.001107710 0.000948660 0.001473740 0.001187660 0.001182770 0.000785340 0.000265220 0.000189450 0.000402590 0.000686850 0.001081950 0.000613690 0.001040190 0.000928250 0.000841450 0.000597970 0.001331810 0.000445600 0.000230120 0.001326210 
43     0.000213400 0.000322440 0.000438660 0.000549920 0.000962940 0.000468490 0.000809570 0.000736020 0.000580380 0.000628570 0.000529550 0.000370070 0.000088930 0.001010830 0.000569280 0.001548370 0.000503900 0.000934470 0.000547570 0.000724580 0.000372000 0.000660240 0.001114730 0.000917610 0.000919700 0.000619510 0.000458200 0.000476140 0.000023350 0.000000000 0.000001000 0.001055550 0.000875380 0.000927210 0.000771310 0.001123560 0.001401690 0.000222990 0.000911830 0.000937930 0.000570690 0.000989020 0.001259110 0.000200260 0.001190050 0.000875910 0.001062620 0.000562930 0.000881320 0.000321000 0.001002440 
41     0.000617150 0.000042550 0.000155100 0.000400840 0.000714340 0.001484750 0.000884380 0.000217860 0.000603110 0.000812740 0.000713720 0.000962550 0.000760820 0.000969900 0.000246540 0.001372530 0.001204790 0.000941080 0.000515430 0.000827940 0.000339860 0.000796980 0.001089640 0.000453320 0.001195830 0.000583850 0.000777090 0.000582820 0.000009860 0.000001000 0.000000000 0.000946940 0.000724930 0.001368530 0.001082450 0.001077560 0.001547320 0.000874140 0.000801930 0.000943400 0.000665750 0.000983960 0.001298410 0.001032270 0.000966790 0.000957450 0.001144160 0.000325680 0.001105990 0.000213970 0.001157900 
27     0.001117040 0.000124060 0.000721750 0.000417270 0.000451500 0.000849490 0.000050580 0.000529300 0.000647630 0.000273340 0.000392170 0.000392140 0.000357160 0.000340580 0.000985540 0.000612690 0.000816990 0.000937260 0.000540320 0.000920650 0.001342940 0.001666650 0.001164140 0.000438780 0.000370920 0.000245590 0.000635160 0.000567210 0.001107710 0.001055550 0.000946940 0.000000000 0.000584980 0.001827090 0.000515870 0.002566420 0.001132510 0.001797330 0.001035930 0.000016250 0.000107790 0.000326770 0.000219330 0.000444290 0.000250330 0.000677730 0.000363290 0.000344780 0.001060530 0.000321700 0.000274960 
38     0.000490920 0.000520280 0.000036320 0.000769110 0.001091060 0.001303620 0.000648340 0.000912330 0.000782840 0.000443900 0.000298660 0.001405830 0.000553580 0.000626870 0.001089630 0.001408470 0.001843080 0.000546510 0.001578640 0.001202750 0.001237190 0.000211910 0.000012820 0.001633520 0.000553210 0.001024590 0.000511020 0.000898450 0.000948660 0.000875380 0.000724930 0.000584980 0.000000000 0.000112320 0.000271220 0.000044900 0.000188150 0.000671770 0.001271600 0.000581940 0.000754020 0.001256550 0.001202570 0.000337230 0.001573110 0.000347020 0.000738420 0.001705460 0.000316090 0.000484460 0.000510980 
45     0.000800490 0.000750390 0.000731900 0.000849240 0.000951970 0.001156220 0.000756280 0.000434750 0.000516090 0.000662850 0.000660430 0.001692470 0.001682400 0.000836500 0.000634260 0.000275700 0.001089260 0.000617660 0.001764490 0.001343560 0.000987020 0.000421540 0.000222450 0.000598580 0.000618050 0.001020200 0.001094310 0.001143040 0.001473740 0.000927210 0.001368530 0.001827090 0.000112320 0.000000000 0.000201120 0.000067460 0.000094470 0.000891750 0.000909940 0.000107630 0.000956870 0.000410450 0.001206930 0.001770170 0.000295850 0.000834930 0.000760790 0.001456520 0.000854450 0.000685170 0.000493610 
13     0.001615670 0.000156420 0.000248440 0.000832120 0.000866350 0.001267880 0.000465430 0.000032800 0.000159290 0.000277650 0.000223210 0.000799310 0.000416880 0.000305020 0.000688330 0.000899470 0.001439040 0.001441830 0.000835600 0.000831830 0.000663750 0.000796880 0.000597790 0.001429860 0.000277790 0.000942030 0.000987610 0.001531270 0.001187660 0.000771310 0.001082450 0.000515870 0.000271220 0.000201120 0.000000000 0.000027510 0.000643200 0.001006420 0.000159220 0.000650700 0.000006790 0.000447690 0.000892670 0.000458950 0.000608880 0.000454990 0.000711550 0.000274460 0.000629490 0.000635930 0.000454910 
34     0.000733070 0.000684850 0.000664480 0.001914410 0.001184370 0.000536760 0.000306640 0.001372340 0.002050620 0.000408740 0.000445070 0.001513610 0.001749260 0.001678510 0.000825760 0.000647890 0.001280760 0.000141830 0.001955990 0.001535060 0.000817090 0.001461600 0.001295010 0.001866820 0.000302520 0.000708370 0.000753950 0.001723960 0.001182770 0.001123560 0.001077560 0.002566420 0.000044900 0.000067460 0.000027510 0.000000000 0.001086310 0.000799320 0.001097750 0.002064940 0.000580990 0.000890880 0.001787660 0.002017700 0.001227550 0.000554380 0.000703790 0.000299190 0.000807470 0.001008140 0.001686810 
17     0.000101330 0.000332650 0.000878820 0.001363560 0.000546750 0.000514270 0.001095810 0.000114930 0.000789670 0.000360860 0.000530640 0.000643680 0.000782530 0.000525670 0.001329990 0.001075950 0.001921500 0.001400560 0.001263430 0.001121090 0.000379650 0.001642490 0.001438320 0.000975050 0.000978460 0.001293180 0.000974480 0.002110530 0.000785340 0.001401690 0.001547320 0.001132510 0.000188150 0.000094470 0.000643200 0.001086310 0.000000000 0.000014040 0.000031400 0.000321520 0.000131010 0.000016280 0.000032920 0.000204550 0.000384790 0.001363460 0.001408420 0.000914900 0.001746150 0.001366830 0.000268090 
33     0.001923830 0.000129290 0.001368890 0.001139200 0.000609140 0.000739410 0.001469730 0.000426780 0.000386790 0.000823080 0.000653640 0.001335700 0.000757490 0.001028630 0.000862670 0.001751820 0.000778870 0.000912170 0.000854270 0.000445920 0.000291820 0.001671600 0.001802910 0.000520670 0.000399930 0.001264710 0.001003580 0.000353810 0.000265220 0.000222990 0.000874140 0.001797330 0.000671770 0.000891750 0.001006420 0.000799320 0.000014040 0.000000000 0.000094290 0.000397720 0.000167730 0.000133610 0.000226830 0.000210780 0.000177950 0.001170740 0.001120860 0.000262210 0.001890910 0.000779010 0.000230750 
22     0.001286910 0.001368350 0.000456900 0.000720450 0.000739990 0.000054950 0.000573820 0.000602170 0.000725450 0.000680500 0.000511060 0.000781250 0.000762950 0.000874390 0.000392550 0.000771240 0.000196000 0.000490090 0.000565550 0.000275150 0.001043400 0.001104040 0.000901270 0.000772120 0.000666860 0.001852880 0.001012760 0.001628790 0.000189450 0.000911830 0.000801930 0.001035930 0.001271600 0.000909940 0.000159220 0.001097750 0.000031400 0.000094290 0.000000000 0.000002700 0.000121760 0.000219310 0.000295690 0.000541900 0.000269230 0.001245750 0.000803060 0.000054770 0.000578600 0.000160310 0.000949510 
21     0.000038360 0.001661280 0.000081590 0.000400430 0.000397800 0.002080140 0.001432410 0.000894390 0.001033380 0.000642830 0.000636580 0.000480230 0.001479870 0.001702850 0.000194430 0.001172900 0.000804140 0.000817490 0.000692080 0.000548390 0.001078850 0.001905940 0.001704060 0.000789750 0.000581040 0.001214580 0.000511200 0.001144820 0.000402590 0.000937930 0.000943400 0.000016250 0.000581940 0.000107630 0.000650700 0.002064940 0.000321520 0.000397720 0.000002700 0.000000000 0.000230440 0.000269620 0.000128810 0.000579870 0.000079150 0.000214360 0.000099850 0.000184980 0.001310710 0.000279440 0.002036750 
11     0.001059370 0.000296530 0.000241650 0.000509630 0.000524170 0.001409380 0.000458640 0.000026010 0.000152500 0.000270860 0.000216420 0.000095070 0.000410090 0.000096790 0.000223970 0.000650920 0.000225940 0.000671590 0.000799360 0.000755270 0.000723140 0.000062230 0.001302850 0.000974470 0.000467280 0.001276720 0.001678090 0.001083790 0.000686850 0.000570690 0.000665750 0.000107790 0.000754020 0.000956870 0.000006790 0.000580990 0.000131010 0.000167730 0.000121760 0.000230440 0.000000000 0.000017380 0.000283820 0.000452920 0.000383650 0.000801830 0.000625700 0.000594250 0.000378170 0.000149440 0.000190860 
47     0.001010550 0.000398880 0.000660820 0.000280620 0.000238390 0.002241550 0.000476020 0.000771000 0.000757210 0.000439960 0.000592480 0.001246230 0.001236160 0.000365990 0.000850440 0.001070490 0.000624230 0.000741460 0.000936420 0.000687520 0.000671950 0.000582440 0.001234250 0.000234260 0.000444340 0.000965580 0.000788620 0.000696800 0.001081950 0.000989020 0.000983960 0.000326770 0.001256550 0.000410450 0.000447690 0.000890880 0.000016280 0.000133610 0.000219310 0.000269620 0.000017380 0.000000000 0.000260880 0.000130610 0.000716130 0.001178300 0.000602760 0.000640680 0.000690240 0.000126500 0.001862980 
14     0.000238490 0.000450420 0.000874440 0.000582080 0.000579450 0.001716000 0.001309650 0.000912650 0.001039140 0.001157500 0.001103060 0.001297460 0.001296730 0.001184870 0.001074720 0.001717090 0.000796460 0.001354440 0.001168320 0.000841610 0.000713720 0.001406600 0.000196970 0.001379250 0.000588540 0.001277110 0.000193830 0.000888790 0.000613690 0.001259110 0.001298410 0.000219330 0.001202570 0.001206930 0.000892670 0.001787660 0.000032920 0.000226830 0.000295690 0.000128810 0.000283820 0.000260880 0.000000000 0.000143040 0.000063830 0.000613890 0.000374070 0.000175090 0.001072910 0.000270680 0.000486570 
49     0.000494280 0.001230210 0.000694570 0.000204350 0.000869090 0.001994230 0.000685840 0.000478930 0.000605420 0.000723780 0.000669340 0.000031150 0.000863010 0.000751150 0.001026960 0.000807130 0.001014590 0.000277340 0.000479280 0.000835050 0.000725470 0.001027750 0.000765810 0.001660890 0.000926710 0.001729640 0.000731890 0.001693610 0.001040190 0.000200260 0.001032270 0.000444290 0.000337230 0.001770170 0.000458950 0.002017700 0.000204550 0.000210780 0.000541900 0.000579870 0.000452920 0.000130610 0.000143040 0.000000000 0.000090490 0.001538610 0.001085110 0.000827850 0.000323930 0.000608850 0.000621890 
28     0.000781240 0.000151540 0.000723800 0.000261490 0.000258860 0.001093940 0.000426550 0.001326500 0.001456420 0.000842990 0.000606040 0.000652220 0.000925440 0.000233940 0.000098210 0.000908800 0.000092230 0.000475230 0.001093080 0.000751130 0.000929320 0.001557600 0.001139770 0.000851700 0.000776560 0.001252510 0.000724460 0.000433270 0.000928250 0.001190050 0.000966790 0.000250330 0.001573110 0.000295850 0.000608880 0.001227550 0.000384790 0.000177950 0.000269230 0.000079150 0.000383650 0.000716130 0.000063830 0.000090490 0.000000000 0.001263520 0.000588440 0.000230800 0.000913730 0.000439480 0.000980730 
46     0.001165930 0.001814220 0.000459040 0.000970330 0.000808390 0.000769310 0.000491160 0.001111700 0.000834960 0.001211260 0.001302110 0.000706860 0.000949700 0.001383920 0.000196170 0.000774620 0.000041540 0.000552540 0.000672410 0.000305740 0.001919550 0.001326840 0.000372610 0.000211360 0.000500400 0.001537570 0.000468060 0.000864580 0.000841450 0.000875910 0.000957450 0.000677730 0.000347020 0.000834930 0.000454990 0.000554380 0.001363460 0.001170740 0.001245750 0.000214360 0.000801830 0.001178300 0.000613890 0.001538610 0.001263520 0.000000000 0.000035400 0.000150170 0.000000130 0.000097200 0.000851570 
20     0.000785640 0.001417520 0.000121600 0.000237630 0.000155720 0.000116640 0.000312850 0.000797260 0.000923750 0.001018000 0.000987670 0.000933930 0.000685720 0.001069480 0.000408350 0.000884030 0.000259980 0.000661950 0.000781820 0.000673560 0.000716210 0.001436250 0.000893330 0.000755890 0.000592120 0.000948580 0.000231620 0.002154500 0.000597970 0.001062620 0.001144160 0.000363290 0.000738420 0.000760790 0.000711550 0.000703790 0.001408420 0.001120860 0.000803060 0.000099850 0.000625700 0.000602760 0.000374070 0.001085110 0.000588440 0.000035400 0.000000000 0.000018530 0.000269050 0.000133430 0.000537130 
48     0.000885380 0.000028150 0.000206730 0.000661030 0.000695260 0.000475090 0.000294340 0.000778750 0.000905240 0.000102280 0.000078640 0.001306460 0.000964620 0.000364260 0.001503550 0.001094010 0.000637100 0.000653840 0.000325400 0.000150610 0.000835190 0.000092830 0.001845100 0.000413250 0.000004890 0.000888720 0.001292600 0.001143190 0.001331810 0.000562930 0.000325680 0.000344780 0.001705460 0.001456520 0.000274460 0.000299190 0.000914900 0.000262210 0.000054770 0.000184980 0.000594250 0.000640680 0.000175090 0.000827850 0.000230800 0.000150170 0.000018530 0.000000000 0.000208830 0.000114920 0.000518620 
30     0.001165840 0.000940930 0.000755260 0.000958840 0.000808300 0.000334400 0.000150780 0.000328330 0.000890910 0.000502480 0.000565840 0.000796040 0.002357960 0.000927070 0.001789480 0.002541800 0.000756260 0.001403930 0.000536280 0.000017890 0.001302380 0.001068190 0.001419790 0.000705770 0.000836470 0.000575590 0.000161790 0.000292220 0.000445600 0.000881320 0.001105990 0.001060530 0.000316090 0.000854450 0.000629490 0.000807470 0.001746150 0.001890910 0.000578600 0.001310710 0.000378170 0.000690240 0.001072910 0.000323930 0.000913730 0.000000130 0.000269050 0.000208830 0.000000000 0.000097110 0.000528000 
23     0.000321460 0.000157510 0.000264020 0.000304820 0.000438690 0.000677010 0.000271260 0.000355910 0.000068190 0.000677950 0.000741310 0.000248310 0.000652250 0.001027890 0.000020630 0.001096460 0.000308340 0.000706150 0.001376950 0.000291350 0.000385550 0.001860390 0.001197730 0.001273360 0.000363850 0.000783120 0.000194980 0.000401010 0.000230120 0.000321000 0.000213970 0.000321700 0.000484460 0.000685170 0.000635930 0.001008140 0.001366830 0.000779010 0.000160310 0.000279440 0.000149440 0.000126500 0.000270680 0.000608850 0.000439480 0.000097200 0.000133430 0.000114920 0.000097110 0.000000000 0.000495540 
0     0.000562620 0.000927550 0.000689770 0.000591210 0.000625440 0.001161510 0.000224520 0.000474130 0.000600620 0.000718980 0.000664540 0.000975960 0.000100530 0.000466310 0.000240350 0.000158390 0.000134600 0.000521120 0.000697510 0.000900500 0.000140600 0.000185420 0.000550380 0.000288040 0.001782970 0.001069220 0.002299440 0.000123080 0.001326210 0.001002440 0.001157900 0.000274960 0.000510980 0.000493610 0.000454910 0.001686810 0.000268090 0.000230750 0.000949510 0.002036750 0.000190860 0.001862980 0.000486570 0.000621890 0.000980730 0.000851570 0.000537130 0.000518620 0.000528000 0.000495540 0.000000000 
