51
3     0.000000000 0.003342773 0.003250277 0.011524844 0.011777393 0.012445935 0.011409047 0.011660725 0.012500060 0.011833670 0.011844792 0.011765266 0.011592318 0.011580377 0.012115708 0.012353900 0.012111875 0.012254903 0.012175662 0.012430769 0.012258428 0.012433005 0.012580447 0.012396624 0.012158738 0.012066351 0.012140319 0.011511704 0.011342829 0.011321660 0.011325951 0.012609073 0.012818407 0.012680181 0.012824495 0.013060861 0.012208420 0.011926954 0.011943093 0.011941250 0.011527571 0.011521840 0.011927916 0.011909061 0.011933030 0.011487460 0.011559668 0.011363515 0.011817662 0.011781227 0.018596214 
1     0.003342773 0.000000000 0.002907075 0.011834968 0.012068788 0.012780277 0.011711146 0.011871868 0.012715236 0.012085154 0.012096276 0.012006188 0.011829988 0.011818787 0.012402728 0.012633495 0.012385510 0.012518676 0.012452353 0.012708030 0.012533203 0.012673307 0.012830065 0.012635535 0.012411034 0.012314647 0.012384087 0.011802062 0.011602155 0.011609171 0.011612434 0.012861071 0.013093029 0.013013171 0.013155209 0.013375361 0.012504797 0.012228811 0.012257152 0.012302798 0.011850604 0.011846014 0.012229909 0.012227911 0.012256237 0.011746864 0.011816115 0.011599339 0.012052055 0.012065513 0.018930242 
2     0.003250277 0.002907075 0.000000000 0.011786729 0.012018365 0.012719248 0.011654652 0.011871027 0.012696641 0.012003010 0.012014132 0.011951657 0.011774310 0.011783060 0.012320197 0.012553209 0.012308082 0.012442026 0.012378905 0.012632793 0.012445215 0.012607376 0.012753263 0.012565277 0.012359278 0.012238065 0.012304275 0.011743479 0.011509050 0.011499713 0.011509081 0.012795160 0.013061603 0.012964886 0.013100746 0.013304557 0.012425133 0.012149843 0.012146867 0.012189850 0.011759622 0.011759183 0.012149494 0.012152046 0.012175733 0.011646857 0.011721672 0.011516419 0.011975481 0.011996084 0.018873308 
31     0.011524844 0.011834968 0.011786729 0.000000000 0.005481626 0.007822063 0.009096223 0.012210273 0.013077326 0.012421416 0.012450730 0.012335056 0.012212500 0.012233498 0.012793364 0.012972377 0.012843306 0.012947585 0.012768978 0.013065663 0.012896888 0.013055373 0.013206929 0.013030425 0.012724750 0.012716354 0.012789533 0.012126690 0.011965021 0.011862459 0.011913001 0.013298584 0.013941352 0.013908788 0.014013902 0.014250964 0.013395976 0.013066775 0.013147852 0.013195537 0.012714062 0.012672765 0.013087296 0.013079831 0.013065261 0.012609155 0.012651426 0.012486502 0.012975077 0.012921624 0.020226571 
8     0.011777393 0.012068788 0.012018365 0.005481626 0.000000000 0.008077731 0.009401552 0.012534286 0.013402570 0.012750071 0.012765806 0.012674242 0.012517596 0.012573092 0.013071504 0.013261616 0.013126476 0.013232844 0.013097000 0.013392781 0.013216847 0.013331691 0.013493600 0.013336372 0.013021513 0.013030246 0.013102553 0.012439346 0.012282668 0.012170427 0.012215233 0.013583055 0.014118085 0.014097875 0.014204141 0.014441628 0.013560305 0.013245773 0.013339675 0.013397352 0.012927070 0.012863579 0.013267878 0.013270321 0.013277458 0.012829167 0.012872309 0.012691081 0.013178704 0.013158512 0.020490808 
5     0.012445935 0.012780277 0.012719248 0.007822063 0.008077731 0.000000000 0.010195749 0.013315273 0.014197552 0.013515347 0.013532485 0.013454643 0.013301831 0.013319596 0.013815929 0.014001089 0.013853739 0.013979462 0.013803615 0.014122086 0.013945799 0.014110853 0.014275552 0.014078784 0.013837140 0.013844642 0.013899578 0.013210583 0.012998810 0.012904615 0.012932137 0.014350096 0.014889554 0.014855422 0.014960769 0.015186505 0.014377999 0.014080340 0.014113466 0.014175884 0.013689588 0.013624122 0.014106292 0.014094658 0.014074749 0.013469217 0.013528620 0.013315640 0.013849624 0.013844435 0.020989424 
44     0.011409047 0.011711146 0.011654652 0.009096223 0.009401552 0.010195749 0.000000000 0.012024840 0.012934818 0.012243491 0.012256321 0.012099478 0.011967364 0.012035420 0.012531236 0.012734031 0.012570826 0.012697557 0.012538287 0.012826694 0.012672803 0.012804972 0.012973265 0.012764871 0.012456925 0.012455502 0.012527347 0.011860845 0.011758311 0.011730242 0.011751988 0.013129427 0.013769926 0.013723727 0.013805401 0.014043391 0.013231515 0.012946997 0.013004301 0.013028924 0.012538353 0.012521521 0.012982358 0.012980675 0.012959029 0.012489715 0.012559629 0.012340005 0.012851449 0.012792453 0.019881619 
42     0.011660725 0.011871868 0.011871027 0.012210273 0.012534286 0.013315273 0.012024840 0.000000000 0.006047614 0.008674955 0.008688609 0.008520157 0.008470650 0.008451520 0.009038374 0.009189599 0.008974346 0.009090649 0.009003568 0.009299419 0.009085788 0.009164392 0.009342531 0.009181509 0.009061315 0.008989193 0.009030014 0.008788093 0.008913844 0.008944471 0.008959030 0.010396803 0.013783574 0.013722113 0.013880271 0.014120084 0.013147242 0.012886764 0.013012517 0.012977943 0.012501532 0.012535923 0.012904959 0.012899581 0.012888785 0.012449427 0.012533710 0.012266156 0.012753068 0.012751151 0.019565617 
19     0.012500060 0.012715236 0.012696641 0.013077326 0.013402570 0.014197552 0.012934818 0.006047614 0.000000000 0.009512648 0.009526317 0.009317260 0.009324460 0.009317069 0.009786272 0.009979688 0.009718315 0.009829354 0.009754111 0.010047538 0.009852124 0.009954005 0.010109875 0.009906573 0.009826784 0.009770027 0.009804728 0.009592536 0.009694602 0.009689352 0.009707695 0.011217331 0.014751287 0.014725313 0.014827686 0.015063625 0.014175188 0.013893455 0.014008092 0.013981733 0.013525192 0.013562003 0.013935074 0.013927484 0.013914727 0.013405208 0.013470337 0.013219378 0.013753051 0.013743308 0.020605434 
29     0.011833670 0.012085154 0.012003010 0.012421416 0.012750071 0.013515347 0.012243491 0.008674955 0.009512648 0.000000000 0.001432334 0.006098235 0.005969196 0.006099691 0.008066115 0.008269045 0.008020622 0.008115724 0.007957946 0.008257415 0.008090661 0.008256932 0.008339687 0.008222099 0.008053892 0.008004197 0.008055841 0.008866258 0.008960094 0.008963799 0.008992088 0.010338616 0.014065928 0.014029203 0.014148071 0.014376553 0.013444109 0.013210469 0.013332919 0.013292290 0.012869927 0.012851547 0.013163254 0.013180429 0.013144817 0.012751683 0.012822872 0.012565058 0.013101932 0.013074250 0.020071966 
37     0.011844792 0.012096276 0.012014132 0.012450730 0.012765806 0.013532485 0.012256321 0.008688609 0.009526317 0.001432334 0.000000000 0.006117700 0.005988129 0.006116556 0.008042090 0.008250535 0.007998669 0.008088419 0.007946276 0.008256927 0.008081237 0.008262494 0.008334979 0.008216004 0.008034425 0.008002023 0.008044417 0.008871227 0.008969662 0.008972409 0.009000699 0.010328969 0.014086698 0.014044230 0.014165169 0.014393392 0.013449781 0.013214488 0.013339335 0.013298707 0.012876002 0.012857622 0.013161129 0.013179763 0.013141600 0.012765926 0.012837928 0.012580641 0.013114803 0.013084306 0.020081706 
12     0.011765266 0.012006188 0.011951657 0.012335056 0.012674242 0.013454643 0.012099478 0.008520157 0.009317260 0.006098235 0.006117700 0.000000000 0.003119095 0.005344695 0.007861063 0.008113182 0.007853609 0.007971861 0.007781173 0.008058371 0.007893176 0.008064355 0.008216212 0.008010085 0.007865548 0.007772522 0.007821258 0.008624907 0.008872433 0.008858932 0.008893941 0.010204793 0.013936540 0.013927630 0.014044178 0.014260946 0.013376934 0.013120090 0.013209345 0.013162984 0.012783913 0.012773614 0.013076661 0.013104630 0.013080306 0.012610870 0.012691907 0.012426296 0.012952379 0.012941202 0.019863259 
25     0.011592318 0.011829988 0.011774310 0.012212500 0.012517596 0.013301831 0.011967364 0.008470650 0.009324460 0.005969196 0.005988129 0.003119095 0.000000000 0.005205524 0.007721602 0.007975866 0.007704915 0.007811234 0.007630401 0.007914855 0.007733523 0.007940081 0.008088086 0.007889343 0.007748813 0.007627229 0.007673469 0.008558160 0.008740445 0.008734596 0.008763922 0.010121773 0.013721127 0.013707845 0.013849375 0.014065044 0.013230867 0.012974433 0.013069174 0.013038545 0.012661499 0.012640153 0.012904516 0.012930503 0.012910579 0.012478307 0.012556570 0.012309680 0.012824824 0.012815128 0.019844590 
24     0.011580377 0.011818787 0.011783060 0.012233498 0.012573092 0.013319596 0.012035420 0.008451520 0.009317069 0.006099691 0.006116556 0.005344695 0.005205524 0.000000000 0.007805116 0.008049747 0.007782977 0.007861571 0.007730108 0.008031697 0.007861216 0.008038444 0.008194628 0.007863793 0.007915631 0.007719331 0.007776237 0.008570368 0.008783696 0.008777311 0.008797187 0.010136420 0.013865192 0.013845164 0.013964810 0.014186888 0.013189849 0.012924588 0.013052438 0.013013027 0.012570561 0.012546979 0.012830137 0.012861651 0.012823851 0.012533090 0.012613374 0.012327423 0.012859085 0.012911344 0.019744767 
15     0.012115708 0.012402728 0.012320197 0.012793364 0.013071504 0.013815929 0.012531236 0.009038374 0.009786272 0.008066115 0.008042090 0.007861063 0.007721602 0.007805116 0.000000000 0.004372469 0.004087822 0.004158315 0.004808707 0.005109112 0.005051292 0.006867814 0.007063031 0.006777461 0.006748497 0.007990940 0.008036721 0.009202339 0.009334886 0.009304258 0.009335136 0.010707549 0.014368822 0.014313685 0.014441728 0.014650477 0.013714299 0.013439221 0.013548604 0.013468416 0.013064679 0.013102411 0.013392682 0.013444005 0.013403402 0.013012367 0.013103032 0.012798250 0.013377250 0.013355679 0.020177632 
26     0.012353900 0.012633495 0.012553209 0.012972377 0.013261616 0.014001089 0.012734031 0.009189599 0.009979688 0.008269045 0.008250535 0.008113182 0.007975866 0.008049747 0.004372469 0.000000000 0.003930562 0.004026958 0.005077820 0.005448214 0.005316409 0.007143604 0.007297002 0.007070075 0.006994698 0.008228148 0.008257541 0.009419410 0.009562278 0.009525757 0.009557371 0.010938991 0.014526045 0.014454678 0.014607115 0.014824971 0.013990945 0.013722875 0.013808956 0.013763728 0.013345848 0.013398912 0.013641776 0.013699683 0.013666682 0.013241303 0.013331720 0.013026574 0.013593929 0.013570297 0.020388789 
40     0.012111875 0.012385510 0.012308082 0.012843306 0.013126476 0.013853739 0.012570826 0.008974346 0.009718315 0.008020622 0.007998669 0.007853609 0.007704915 0.007782977 0.004087822 0.003930562 0.000000000 0.003034774 0.004827822 0.005146009 0.005018986 0.006763579 0.006938152 0.006705100 0.006684884 0.007936119 0.007992534 0.009179947 0.009328571 0.009284196 0.009331365 0.010743575 0.014288857 0.014238803 0.014365101 0.014586510 0.013769756 0.013494512 0.013595276 0.013564851 0.013110347 0.013170728 0.013418944 0.013469808 0.013432071 0.013028428 0.013118144 0.012790949 0.013370332 0.013414586 0.020233724 
7     0.012254903 0.012518676 0.012442026 0.012947585 0.013232844 0.013979462 0.012697557 0.009090649 0.009829354 0.008115724 0.008088419 0.007971861 0.007811234 0.007861571 0.004158315 0.004026958 0.003034774 0.000000000 0.004867914 0.005232288 0.005101455 0.006875721 0.007038710 0.006798375 0.006766418 0.008031843 0.008059413 0.009291799 0.009443925 0.009395036 0.009446077 0.010813082 0.014398805 0.014342357 0.014475213 0.014683383 0.013869231 0.013595154 0.013686470 0.013658633 0.013219406 0.013276025 0.013547682 0.013589489 0.013567490 0.013142292 0.013231418 0.012888066 0.013471527 0.013485069 0.020304008 
18     0.012175662 0.012452353 0.012378905 0.012768978 0.013097000 0.013803615 0.012538287 0.009003568 0.009754111 0.007957946 0.007946276 0.007781173 0.007630401 0.007730108 0.004808707 0.005077820 0.004827822 0.004867914 0.000000000 0.002743580 0.003003334 0.006767136 0.006943491 0.006669722 0.006619823 0.007842651 0.007885667 0.009126070 0.009268027 0.009252959 0.009276201 0.010676605 0.014360384 0.014337397 0.014469011 0.014686220 0.013777229 0.013499651 0.013560491 0.013521908 0.013073093 0.013123408 0.013409371 0.013445060 0.013449903 0.012995103 0.013081444 0.012793655 0.013345066 0.013298527 0.020234766 
6     0.012430769 0.012708030 0.012632793 0.013065663 0.013392781 0.014122086 0.012826694 0.009299419 0.010047538 0.008257415 0.008256927 0.008058371 0.007914855 0.008031697 0.005109112 0.005448214 0.005146009 0.005232288 0.002743580 0.000000000 0.003338352 0.007103831 0.007283025 0.007025797 0.006940221 0.008166398 0.008214738 0.009385433 0.009552365 0.009528390 0.009550665 0.010973076 0.014633255 0.014604753 0.014731318 0.014948899 0.014024978 0.013745765 0.013803031 0.013767917 0.013319521 0.013369481 0.013679357 0.013722371 0.013729849 0.013218000 0.013307018 0.012991703 0.013574435 0.013536227 0.020500976 
50     0.012258428 0.012533203 0.012445215 0.012896888 0.013216847 0.013945799 0.012672803 0.009085788 0.009852124 0.008090661 0.008081237 0.007893176 0.007733523 0.007861216 0.005051292 0.005316409 0.005018986 0.005101455 0.003003334 0.003338352 0.000000000 0.006903818 0.007075438 0.006788008 0.006793046 0.007973407 0.008020346 0.009219232 0.009381996 0.009373568 0.009392894 0.010827529 0.014441678 0.014399674 0.014534631 0.014755536 0.013890017 0.013613376 0.013690654 0.013632638 0.013195252 0.013237685 0.013557925 0.013608058 0.013588856 0.013112374 0.013195839 0.012881787 0.013460870 0.013397973 0.020319152 
9     0.012433005 0.012673307 0.012607376 0.013055373 0.013331691 0.014110853 0.012804972 0.009164392 0.009954005 0.008256932 0.008262494 0.008064355 0.007940081 0.008038444 0.006867814 0.007143604 0.006763579 0.006875721 0.006767136 0.007103831 0.006903818 0.000000000 0.002768320 0.006365301 0.006692111 0.008140329 0.008184020 0.009422197 0.009596637 0.009582863 0.009607468 0.010923244 0.014582747 0.014573366 0.014692786 0.014928472 0.014020358 0.013736988 0.013841109 0.013805254 0.013350836 0.013376245 0.013734115 0.013747397 0.013713652 0.013294126 0.013382463 0.013064540 0.013631782 0.013658630 0.020502336 
4     0.012580447 0.012830065 0.012753263 0.013206929 0.013493600 0.014275552 0.012973265 0.009342531 0.010109875 0.008339687 0.008334979 0.008216212 0.008088086 0.008194628 0.007063031 0.007297002 0.006938152 0.007038710 0.006943491 0.007283025 0.007075438 0.002768320 0.000000000 0.006522043 0.006879127 0.008277007 0.008323355 0.009594115 0.009766307 0.009743047 0.009770523 0.011075425 0.014757213 0.014734698 0.014854296 0.015086169 0.014157969 0.013875223 0.013977464 0.013939882 0.013484846 0.013513366 0.013906552 0.013902500 0.013875111 0.013419178 0.013504852 0.013203294 0.013764847 0.013737644 0.020665966 
32     0.012396624 0.012635535 0.012565277 0.013030425 0.013336372 0.014078784 0.012764871 0.009181509 0.009906573 0.008222099 0.008216004 0.008010085 0.007889343 0.007863793 0.006777461 0.007070075 0.006705100 0.006798375 0.006669722 0.007025797 0.006788008 0.006365301 0.006522043 0.000000000 0.006688096 0.008115926 0.008164316 0.009323949 0.009501165 0.009479895 0.009501412 0.010896331 0.014613111 0.014562814 0.014687900 0.014924474 0.013875724 0.013579586 0.013676193 0.013651863 0.013248048 0.013262099 0.013543302 0.013583752 0.013541557 0.013289929 0.013359238 0.013073360 0.013628740 0.013595648 0.020309355 
10     0.012158738 0.012411034 0.012359278 0.012724750 0.013021513 0.013837140 0.012456925 0.009061315 0.009826784 0.008053892 0.008034425 0.007865548 0.007748813 0.007915631 0.006748497 0.006994698 0.006684884 0.006766418 0.006619823 0.006940221 0.006793046 0.006692111 0.006879127 0.006688096 0.000000000 0.008083108 0.008118329 0.009223584 0.009388558 0.009357576 0.009369958 0.010765894 0.014327343 0.014274516 0.014400583 0.014624244 0.013751518 0.013463182 0.013564195 0.013494886 0.013060216 0.013067916 0.013452772 0.013444412 0.013405817 0.013040818 0.013146677 0.012842084 0.013381088 0.013288812 0.020196650 
39     0.012066351 0.012314647 0.012238065 0.012716354 0.013030246 0.013844642 0.012455502 0.008989193 0.009770027 0.008004197 0.008002023 0.007772522 0.007627229 0.007719331 0.007990940 0.008228148 0.007936119 0.008031843 0.007842651 0.008166398 0.007973407 0.008140329 0.008277007 0.008115926 0.008083108 0.000000000 0.002653174 0.009081157 0.009233106 0.009219266 0.009249964 0.010652979 0.014302546 0.014328164 0.014433697 0.014647082 0.013664548 0.013397576 0.013533316 0.013476552 0.013062293 0.013072938 0.013372661 0.013409191 0.013367873 0.012929284 0.013016383 0.012720071 0.013249760 0.013283755 0.020345708 
35     0.012140319 0.012384087 0.012304275 0.012789533 0.013102553 0.013899578 0.012527347 0.009030014 0.009804728 0.008055841 0.008044417 0.007821258 0.007673469 0.007776237 0.008036721 0.008257541 0.007992534 0.008059413 0.007885667 0.008214738 0.008020346 0.008184020 0.008323355 0.008164316 0.008118329 0.002653174 0.000000000 0.009108353 0.009251330 0.009241095 0.009271697 0.010710448 0.014353958 0.014356803 0.014473164 0.014678854 0.013754730 0.013484480 0.013578248 0.013524547 0.013169186 0.013164062 0.013431949 0.013474412 0.013433903 0.013011076 0.013097920 0.012792133 0.013329193 0.013326187 0.020397843 
36     0.011511704 0.011802062 0.011743479 0.012126690 0.012439346 0.013210583 0.011860845 0.008788093 0.009592536 0.008866258 0.008871227 0.008624907 0.008558160 0.008570368 0.009202339 0.009419410 0.009179947 0.009291799 0.009126070 0.009385433 0.009219232 0.009422197 0.009594115 0.009323949 0.009223584 0.009081157 0.009108353 0.000000000 0.008724517 0.008747583 0.008755287 0.010308137 0.013696829 0.013663309 0.013804473 0.014023766 0.013214566 0.012947255 0.012986681 0.012974513 0.012547821 0.012565933 0.012869411 0.012884981 0.012880243 0.012411078 0.012494832 0.012253053 0.012753912 0.012802973 0.019757309 
16     0.011342829 0.011602155 0.011509050 0.011965021 0.012282668 0.012998810 0.011758311 0.008913844 0.009694602 0.008960094 0.008969662 0.008872433 0.008740445 0.008783696 0.009334886 0.009562278 0.009328571 0.009443925 0.009268027 0.009552365 0.009381996 0.009596637 0.009766307 0.009501165 0.009388558 0.009233106 0.009251330 0.008724517 0.000000000 0.002239252 0.002212655 0.010077915 0.013616224 0.013570834 0.013659461 0.013894278 0.012955138 0.012670072 0.012755676 0.012736247 0.012357544 0.012359858 0.012702053 0.012666757 0.012662128 0.012354217 0.012413111 0.012189649 0.012655296 0.012630304 0.019458937 
43     0.011321660 0.011609171 0.011499713 0.011862459 0.012170427 0.012904615 0.011730242 0.008944471 0.009689352 0.008963799 0.008972409 0.008858932 0.008734596 0.008777311 0.009304258 0.009525757 0.009284196 0.009395036 0.009252959 0.009528390 0.009373568 0.009582863 0.009743047 0.009479895 0.009357576 0.009219266 0.009241095 0.008747583 0.002239252 0.000000000 0.001734095 0.010080211 0.013591709 0.013544157 0.013630127 0.013866719 0.012975377 0.012693561 0.012768537 0.012761306 0.012366337 0.012370403 0.012689210 0.012687658 0.012671550 0.012336834 0.012404696 0.012167196 0.012647828 0.012621618 0.019511080 
41     0.011325951 0.011612434 0.011509081 0.011913001 0.012215233 0.012932137 0.011751988 0.008959030 0.009707695 0.008992088 0.009000699 0.008893941 0.008763922 0.008797187 0.009335136 0.009557371 0.009331365 0.009446077 0.009276201 0.009550665 0.009392894 0.009607468 0.009770523 0.009501412 0.009369958 0.009249964 0.009271697 0.008755287 0.002212655 0.001734095 0.000000000 0.010105640 0.013616769 0.013571895 0.013658072 0.013892889 0.012997384 0.012715924 0.012785811 0.012782279 0.012394115 0.012398763 0.012723202 0.012713899 0.012696038 0.012358527 0.012426390 0.012186545 0.012670258 0.012635882 0.019514412 
27     0.012609073 0.012861071 0.012795160 0.013298584 0.013583055 0.014350096 0.013129427 0.010396803 0.011217331 0.010338616 0.010328969 0.010204793 0.010121773 0.010136420 0.010707549 0.010938991 0.010743575 0.010813082 0.010676605 0.010973076 0.010827529 0.010923244 0.011075425 0.010896331 0.010765894 0.010652979 0.010710448 0.010308137 0.010077915 0.010080211 0.010105640 0.000000000 0.014855147 0.014833878 0.014926063 0.015161397 0.014201988 0.013934477 0.013990605 0.013922482 0.013591693 0.013623202 0.013874165 0.013900793 0.013882465 0.013572307 0.013602827 0.013407986 0.013884668 0.013879607 0.020863760 
38     0.012818407 0.013093029 0.013061603 0.013941352 0.014118085 0.014889554 0.013769926 0.013783574 0.014751287 0.014065928 0.014086698 0.013936540 0.013721127 0.013865192 0.014368822 0.014526045 0.014288857 0.014398805 0.014360384 0.014633255 0.014441678 0.014582747 0.014757213 0.014613111 0.014327343 0.014302546 0.014353958 0.013696829 0.013616224 0.013591709 0.013616769 0.014855147 0.000000000 0.005923589 0.005937113 0.006156506 0.013847361 0.013518924 0.013604689 0.013598393 0.013219268 0.013257935 0.013622521 0.013629307 0.013603911 0.013210987 0.013308410 0.013059182 0.013477488 0.013504891 0.020879584 
45     0.012680181 0.013013171 0.012964886 0.013908788 0.014097875 0.014855422 0.013723727 0.013722113 0.014725313 0.014029203 0.014044230 0.013927630 0.013707845 0.013845164 0.014313685 0.014454678 0.014238803 0.014342357 0.014337397 0.014604753 0.014399674 0.014573366 0.014734698 0.014562814 0.014274516 0.014328164 0.014356803 0.013663309 0.013570834 0.013544157 0.013571895 0.014833878 0.005923589 0.000000000 0.003459010 0.003678386 0.013689985 0.013348928 0.013470646 0.013439468 0.013079874 0.013110376 0.013475091 0.013469576 0.013438639 0.013171473 0.013270030 0.012980401 0.013413534 0.013490934 0.020860012 
13     0.012824495 0.013155209 0.013100746 0.014013902 0.014204141 0.014960769 0.013805401 0.013880271 0.014827686 0.014148071 0.014165169 0.014044178 0.013849375 0.013964810 0.014441728 0.014607115 0.014365101 0.014475213 0.014469011 0.014731318 0.014534631 0.014692786 0.014854296 0.014687900 0.014400583 0.014433697 0.014473164 0.013804473 0.013659461 0.013630127 0.013658072 0.014926063 0.005937113 0.003459010 0.000000000 0.002399970 0.013805104 0.013456531 0.013575291 0.013557017 0.013194949 0.013229886 0.013618722 0.013626207 0.013560326 0.013278990 0.013379081 0.013111130 0.013545611 0.013591129 0.020924739 
34     0.013060861 0.013375361 0.013304557 0.014250964 0.014441628 0.015186505 0.014043391 0.014120084 0.015063625 0.014376553 0.014393392 0.014260946 0.014065044 0.014186888 0.014650477 0.014824971 0.014586510 0.014683383 0.014686220 0.014948899 0.014755536 0.014928472 0.015086169 0.014924474 0.014624244 0.014647082 0.014678854 0.014023766 0.013894278 0.013866719 0.013892889 0.015161397 0.006156506 0.003678386 0.002399970 0.000000000 0.014023075 0.013675485 0.013782358 0.013760628 0.013394551 0.013429026 0.013822357 0.013827477 0.013770540 0.013486228 0.013584516 0.013327078 0.013762634 0.013808878 0.021193860 
17     0.012208420 0.012504797 0.012425133 0.013395976 0.013560305 0.014377999 0.013231515 0.013147242 0.014175188 0.013444109 0.013449781 0.013376934 0.013230867 0.013189849 0.013714299 0.013990945 0.013769756 0.013869231 0.013777229 0.014024978 0.013890017 0.014020358 0.014157969 0.013875724 0.013751518 0.013664548 0.013754730 0.013214566 0.012955138 0.012975377 0.012997384 0.014201988 0.013847361 0.013689985 0.013805104 0.014023075 0.000000000 0.002693625 0.005841732 0.005856229 0.005883724 0.005927544 0.008396334 0.008325567 0.008397166 0.012246531 0.012331079 0.012056058 0.012570401 0.012609023 0.020432295 
33     0.011926954 0.012228811 0.012149843 0.013066775 0.013245773 0.014080340 0.012946997 0.012886764 0.013893455 0.013210469 0.013214488 0.013120090 0.012974433 0.012924588 0.013439221 0.013722875 0.013494512 0.013595154 0.013499651 0.013745765 0.013613376 0.013736988 0.013875223 0.013579586 0.013463182 0.013397576 0.013484480 0.012947255 0.012670072 0.012693561 0.012715924 0.013934477 0.013518924 0.013348928 0.013456531 0.013675485 0.002693625 0.000000000 0.005551510 0.005579758 0.005528282 0.005593726 0.008072184 0.007990810 0.008064333 0.011962542 0.012039624 0.011763162 0.012288318 0.012305314 0.020135685 
22     0.011943093 0.012257152 0.012146867 0.013147852 0.013339675 0.014113466 0.013004301 0.013012517 0.014008092 0.013332919 0.013339335 0.013209345 0.013069174 0.013052438 0.013548604 0.013808956 0.013595276 0.013686470 0.013560491 0.013803031 0.013690654 0.013841109 0.013977464 0.013676193 0.013564195 0.013533316 0.013578248 0.012986681 0.012755676 0.012768537 0.012785811 0.013990605 0.013604689 0.013470646 0.013575291 0.013782358 0.005841732 0.005551510 0.000000000 0.003327972 0.005697481 0.005766690 0.008172556 0.008134280 0.008199168 0.011965666 0.012052220 0.011799735 0.012273189 0.012339070 0.020105216 
21     0.011941250 0.012302798 0.012189850 0.013195537 0.013397352 0.014175884 0.013028924 0.012977943 0.013981733 0.013292290 0.013298707 0.013162984 0.013038545 0.013013027 0.013468416 0.013763728 0.013564851 0.013658633 0.013521908 0.013767917 0.013632638 0.013805254 0.013939882 0.013651863 0.013494886 0.013476552 0.013524547 0.012974513 0.012736247 0.012761306 0.012782279 0.013922482 0.013598393 0.013439468 0.013557017 0.013760628 0.005856229 0.005579758 0.003327972 0.000000000 0.005691745 0.005774890 0.008215466 0.008146584 0.008215648 0.011939333 0.012046562 0.011780133 0.012269876 0.012303182 0.020151203 
11     0.011527571 0.011850604 0.011759622 0.012714062 0.012927070 0.013689588 0.012538353 0.012501532 0.013525192 0.012869927 0.012876002 0.012783913 0.012661499 0.012570561 0.013064679 0.013345848 0.013110347 0.013219406 0.013073093 0.013319521 0.013195252 0.013350836 0.013484846 0.013248048 0.013060216 0.013062293 0.013169186 0.012547821 0.012357544 0.012366337 0.012394115 0.013591693 0.013219268 0.013079874 0.013194949 0.013394551 0.005883724 0.005528282 0.005697481 0.005691745 0.000000000 0.003080751 0.007866266 0.007780659 0.007833736 0.011565708 0.011664080 0.011404442 0.011913449 0.011939066 0.019747961 
47     0.011521840 0.011846014 0.011759183 0.012672765 0.012863579 0.013624122 0.012521521 0.012535923 0.013562003 0.012851547 0.012857622 0.012773614 0.012640153 0.012546979 0.013102411 0.013398912 0.013170728 0.013276025 0.013123408 0.013369481 0.013237685 0.013376245 0.013513366 0.013262099 0.013067916 0.013072938 0.013164062 0.012565933 0.012359858 0.012370403 0.012398763 0.013623202 0.013257935 0.013110376 0.013229886 0.013429026 0.005927544 0.005593726 0.005766690 0.005774890 0.003080751 0.000000000 0.007868093 0.007765244 0.007811257 0.011551501 0.011632525 0.011373777 0.011890303 0.011938990 0.019822861 
14     0.011927916 0.012229909 0.012149494 0.013087296 0.013267878 0.014106292 0.012982358 0.012904959 0.013935074 0.013163254 0.013161129 0.013076661 0.012904516 0.012830137 0.013392682 0.013641776 0.013418944 0.013547682 0.013409371 0.013679357 0.013557925 0.013734115 0.013906552 0.013543302 0.013452772 0.013372661 0.013431949 0.012869411 0.012702053 0.012689210 0.012723202 0.013874165 0.013622521 0.013475091 0.013618722 0.013822357 0.008396334 0.008072184 0.008172556 0.008215466 0.007866266 0.007868093 0.000000000 0.003493001 0.003589225 0.011933493 0.011985654 0.011750065 0.012277828 0.012313391 0.020038630 
49     0.011909061 0.012227911 0.012152046 0.013079831 0.013270321 0.014094658 0.012980675 0.012899581 0.013927484 0.013180429 0.013179763 0.013104630 0.012930503 0.012861651 0.013444005 0.013699683 0.013469808 0.013589489 0.013445060 0.013722371 0.013608058 0.013747397 0.013902500 0.013583752 0.013444412 0.013409191 0.013474412 0.012884981 0.012666757 0.012687658 0.012713899 0.013900793 0.013629307 0.013469576 0.013626207 0.013827477 0.008325567 0.007990810 0.008134280 0.008146584 0.007780659 0.007765244 0.003493001 0.000000000 0.003433439 0.011940389 0.011997145 0.011747363 0.012300718 0.012315774 0.020077946 
28     0.011933030 0.012256237 0.012175733 0.013065261 0.013277458 0.014074749 0.012959029 0.012888785 0.013914727 0.013144817 0.013141600 0.013080306 0.012910579 0.012823851 0.013403402 0.013666682 0.013432071 0.013567490 0.013449903 0.013729849 0.013588856 0.013713652 0.013875111 0.013541557 0.013405817 0.013367873 0.013433903 0.012880243 0.012662128 0.012671550 0.012696038 0.013882465 0.013603911 0.013438639 0.013560326 0.013770540 0.008397166 0.008064333 0.008199168 0.008215648 0.007833736 0.007811257 0.003589225 0.003433439 0.000000000 0.011997423 0.012059311 0.011791043 0.012354485 0.012328508 0.019996334 
46     0.011487460 0.011746864 0.011646857 0.012609155 0.012829167 0.013469217 0.012489715 0.012449427 0.013405208 0.012751683 0.012765926 0.012610870 0.012478307 0.012533090 0.013012367 0.013241303 0.013028428 0.013142292 0.012995103 0.013218000 0.013112374 0.013294126 0.013419178 0.013289929 0.013040818 0.012929284 0.013011076 0.012411078 0.012354217 0.012336834 0.012358527 0.013572307 0.013210987 0.013171473 0.013278990 0.013486228 0.012246531 0.011962542 0.011965666 0.011939333 0.011565708 0.011551501 0.011933493 0.011940389 0.011997423 0.000000000 0.002245478 0.005252718 0.005541097 0.008461173 0.019907154 
20     0.011559668 0.011816115 0.011721672 0.012651426 0.012872309 0.013528620 0.012559629 0.012533710 0.013470337 0.012822872 0.012837928 0.012691907 0.012556570 0.012613374 0.013103032 0.013331720 0.013118144 0.013231418 0.013081444 0.013307018 0.013195839 0.013382463 0.013504852 0.013359238 0.013146677 0.013016383 0.013097920 0.012494832 0.012413111 0.012404696 0.012426390 0.013602827 0.013308410 0.013270030 0.013379081 0.013584516 0.012331079 0.012039624 0.012052220 0.012046562 0.011664080 0.011632525 0.011985654 0.011997145 0.012059311 0.002245478 0.000000000 0.005256622 0.005610065 0.008550917 0.019995067 
48     0.011363515 0.011599339 0.011516419 0.012486502 0.012691081 0.013315640 0.012340005 0.012266156 0.013219378 0.012565058 0.012580641 0.012426296 0.012309680 0.012327423 0.012798250 0.013026574 0.012790949 0.012888066 0.012793655 0.012991703 0.012881787 0.013064540 0.013203294 0.013073360 0.012842084 0.012720071 0.012792133 0.012253053 0.012189649 0.012167196 0.012186545 0.013407986 0.013059182 0.012980401 0.013111130 0.013327078 0.012056058 0.011763162 0.011799735 0.011780133 0.011404442 0.011373777 0.011750065 0.011747363 0.011791043 0.005252718 0.005256622 0.000000000 0.005643949 0.008437292 0.019816746 
30     0.011817662 0.012052055 0.011975481 0.012975077 0.013178704 0.013849624 0.012851449 0.012753068 0.013753051 0.013101932 0.013114803 0.012952379 0.012824824 0.012859085 0.013377250 0.013593929 0.013370332 0.013471527 0.013345066 0.013574435 0.013460870 0.013631782 0.013764847 0.013628740 0.013381088 0.013249760 0.013329193 0.012753912 0.012655296 0.012647828 0.012670258 0.013884668 0.013477488 0.013413534 0.013545611 0.013762634 0.012570401 0.012288318 0.012273189 0.012269876 0.011913449 0.011890303 0.012277828 0.012300718 0.012354485 0.005541097 0.005610065 0.005643949 0.000000000 0.008741895 0.020202290 
23     0.011781227 0.012065513 0.011996084 0.012921624 0.013158512 0.013844435 0.012792453 0.012751151 0.013743308 0.013074250 0.013084306 0.012941202 0.012815128 0.012911344 0.013355679 0.013570297 0.013414586 0.013485069 0.013298527 0.013536227 0.013397973 0.013658630 0.013737644 0.013595648 0.013288812 0.013283755 0.013326187 0.012802973 0.012630304 0.012621618 0.012635882 0.013879607 0.013504891 0.013490934 0.013591129 0.013808878 0.012609023 0.012305314 0.012339070 0.012303182 0.011939066 0.011938990 0.012313391 0.012315774 0.012328508 0.008461173 0.008550917 0.008437292 0.008741895 0.000000000 0.020083022 
0     0.018596214 0.018930242 0.018873308 0.020226571 0.020490808 0.020989424 0.019881619 0.019565617 0.020605434 0.020071966 0.020081706 0.019863259 0.019844590 0.019744767 0.020177632 0.020388789 0.020233724 0.020304008 0.020234766 0.020500976 0.020319152 0.020502336 0.020665966 0.020309355 0.020196650 0.020345708 0.020397843 0.019757309 0.019458937 0.019511080 0.019514412 0.020863760 0.020879584 0.020860012 0.020924739 0.021193860 0.020432295 0.020135685 0.020105216 0.020151203 0.019747961 0.019822861 0.020038630 0.020077946 0.019996334 0.019907154 0.019995067 0.019816746 0.020202290 0.020083022 0.000000000 
