51
1     0.000000000 0.037680310 0.037242640 0.053156690 0.062426190 0.047851530 0.050580830 0.050695090 0.054579230 0.056113450 0.059329210 0.061281750 0.064982020 0.059158340 0.066842710 0.081692600 0.010618470 0.017397290 0.020730400 0.170089060 0.134706090 0.077934910 0.015320430 0.084344070 0.083648900 0.008747420 0.051940660 0.059190490 0.064673240 0.096146290 0.087156420 0.052544210 0.090475780 0.049109640 0.072262330 0.072810550 0.017128650 0.104018070 0.076274040 0.101374590 0.037756350 0.033700900 0.066860210 0.043635880 0.040669990 0.035102050 0.066162840 0.034714790 0.077894030 0.034873810 0.117541850 
19     0.037680310 0.000000000 0.000002930 0.000846810 0.000674310 0.000812680 0.000614180 0.000615870 0.000734380 0.000614100 0.005051390 0.045987400 0.021712410 0.003827130 0.037712340 0.036628180 0.013317130 0.014634350 0.014210650 0.143438100 0.074020490 0.093505380 0.049342110 0.038844280 0.042706760 0.042049500 0.091124210 0.090536680 0.093925770 0.089507600 0.091543800 0.095843640 0.041818190 0.092409070 0.115561760 0.121189620 0.084254250 0.133037400 0.124455170 0.110554800 0.014170890 0.105364520 0.098536470 0.086935310 0.103143430 0.083021290 0.063308880 0.099509320 0.100875400 0.093080590 0.245596940 
17     0.037242640 0.000002930 0.000000000 0.000849740 0.000677240 0.000815610 0.000617110 0.000618800 0.000737310 0.000617030 0.002165520 0.050989460 0.021715340 0.003830060 0.005491940 0.040394570 0.022895730 0.024212950 0.023789250 0.161395600 0.150515450 0.146353270 0.058920710 0.079996910 0.077171550 0.049869310 0.066258880 0.064159080 0.030240910 0.146576350 0.117684150 0.132555380 0.090107280 0.148983620 0.140430690 0.137167130 0.128130130 0.160167950 0.140630620 0.160285250 0.090802440 0.133568660 0.133471310 0.133393380 0.144806760 0.141490760 0.076181550 0.140088640 0.142843020 0.141901110 0.250599000 
26     0.053156690 0.000846810 0.000849740 0.000000000 0.000172880 0.000311250 0.000232810 0.000186190 0.000353010 0.000232730 0.014928000 0.048341070 0.022559220 0.004673940 0.020596460 0.041238450 0.034951720 0.036268940 0.035845240 0.169874970 0.084275200 0.103760090 0.070976700 0.092052900 0.089227540 0.064683720 0.108767120 0.109611110 0.112260780 0.116524010 0.112735730 0.093054650 0.060545830 0.122217010 0.112657280 0.114034670 0.099906690 0.125882450 0.120699760 0.132931450 0.018306160 0.097195370 0.159993200 0.087899390 0.092544320 0.077503870 0.097304160 0.104327650 0.102533120 0.082481480 0.216585500 
32     0.062426190 0.000674310 0.000677240 0.000172880 0.000000000 0.000138370 0.000060310 0.000062000 0.000180510 0.000060230 0.024295560 0.077508710 0.022386720 0.004501440 0.020943650 0.041065950 0.037857830 0.040998090 0.040574390 0.188105710 0.153038910 0.160119740 0.019819240 0.096782050 0.093956690 0.069412870 0.124120490 0.124964480 0.127614150 0.129756070 0.040538530 0.137714370 0.141030380 0.149887810 0.128010650 0.129388040 0.082783160 0.141235820 0.136053130 0.148284820 0.046511990 0.123498270 0.147237780 0.121699480 0.118847220 0.103806770 0.097326460 0.138442980 0.128836020 0.108784380 0.295159200 
45     0.047851530 0.000812680 0.000815610 0.000311250 0.000138370 0.000000000 0.000198680 0.000200370 0.000318880 0.000198600 0.030735310 0.069322520 0.022525090 0.004639810 0.051102200 0.041204320 0.039657090 0.041623210 0.041199510 0.163273170 0.127529180 0.147014070 0.076330970 0.097407170 0.094581810 0.070037990 0.115912310 0.116756300 0.119405970 0.126598660 0.119880920 0.133883940 0.087075260 0.130449370 0.119802470 0.121179860 0.081443120 0.133027640 0.127844950 0.140076640 0.086991960 0.127329110 0.141646990 0.122385900 0.122678060 0.107637610 0.086599560 0.129081160 0.128754230 0.112615220 0.265941150 
18     0.050580830 0.000614180 0.000617110 0.000232810 0.000060310 0.000198680 0.000000000 0.000001810 0.000120360 0.000000080 0.014853620 0.060642020 0.022326590 0.004441310 0.043463770 0.041005820 0.057141080 0.111177560 0.113657240 0.152713220 0.178327330 0.132697230 0.086706580 0.134395390 0.142521450 0.086262700 0.125312350 0.128453270 0.124048680 0.143352680 0.126288110 0.123873000 0.140294080 0.147803240 0.132063990 0.133441380 0.099254990 0.145289160 0.139450240 0.151602870 0.016286330 0.124024040 0.160801950 0.111520510 0.119372990 0.104332540 0.105619460 0.127948770 0.113871970 0.109310150 0.235977820 
36     0.050695090 0.000615870 0.000618800 0.000186190 0.000062000 0.000200370 0.000001810 0.000000000 0.000122050 0.000001770 0.018200400 0.055404770 0.022328280 0.004443000 0.020777210 0.041007510 0.053816590 0.097341400 0.099821080 0.168336280 0.110328520 0.116139810 0.083816340 0.126856780 0.134982840 0.067794820 0.109705950 0.110549940 0.111430250 0.128547860 0.113674560 0.111966000 0.108663690 0.139772040 0.113596110 0.114973500 0.094457860 0.126821280 0.121638590 0.133870280 0.100512380 0.110187880 0.153111270 0.094963090 0.105536830 0.090496380 0.083639090 0.111391350 0.076118920 0.073216320 0.240551970 
12     0.054579230 0.000734380 0.000737310 0.000353010 0.000180510 0.000318880 0.000120360 0.000122050 0.000000000 0.000120280 0.017211760 0.067070130 0.022446790 0.004561510 0.041008480 0.041126020 0.067606220 0.088656790 0.088233090 0.170503300 0.123698910 0.127805170 0.073309430 0.110213950 0.118340010 0.073609580 0.115520710 0.116364700 0.115735800 0.132853410 0.119489320 0.116271550 0.119596630 0.141850920 0.119410870 0.120788260 0.084447300 0.132636040 0.127453350 0.139685040 0.096775670 0.114728390 0.153740890 0.106628450 0.110382930 0.095342480 0.074729100 0.123056710 0.077050630 0.074148030 0.227767390 
48     0.056113450 0.000614100 0.000617030 0.000232730 0.000060230 0.000198600 0.000000080 0.000001770 0.000120280 0.000000000 0.025302310 0.070931690 0.022326510 0.004441230 0.037697200 0.041005740 0.037260460 0.094008480 0.080601910 0.149345740 0.085753490 0.105238380 0.130639170 0.107929170 0.116055230 0.070463110 0.112374240 0.113218230 0.115867900 0.136249890 0.116342850 0.120505520 0.099832730 0.141551220 0.116264400 0.117641790 0.083474910 0.129489570 0.124306880 0.136538570 0.098058490 0.116921250 0.168047230 0.115122460 0.112270200 0.097229750 0.094853990 0.128875810 0.084909310 0.082006710 0.228960820 
14     0.059329210 0.005051390 0.002165520 0.014928000 0.024295560 0.030735310 0.014853620 0.018200400 0.017211760 0.025302310 0.000000000 0.049668860 0.055767000 0.033373940 0.003646730 0.038655760 0.047560570 0.101810930 0.101387230 0.211427090 0.148197690 0.167682580 0.013509280 0.129135390 0.137261450 0.099972050 0.121143970 0.124841460 0.125100650 0.105816820 0.101583750 0.152597420 0.162424490 0.174104950 0.146477510 0.140088390 0.144656640 0.155566460 0.143930170 0.165109140 0.072946740 0.096663420 0.096565820 0.125566900 0.104798450 0.162307800 0.134133530 0.165209970 0.108330670 0.100557840 0.173630750 
20     0.061281750 0.045987400 0.050989460 0.048341070 0.077508710 0.069322520 0.060642020 0.055404770 0.067070130 0.070931690 0.049668860 0.000000000 0.000047530 0.049501530 0.045016070 0.042202650 0.111399920 0.035770110 0.035506600 0.216715420 0.051912060 0.095001580 0.140276510 0.180095570 0.173116560 0.110031480 0.150679010 0.148908360 0.126643810 0.143761420 0.148188680 0.127179560 0.149454840 0.161233420 0.052658120 0.047659970 0.088570710 0.169057940 0.163875250 0.168906430 0.120306810 0.131649260 0.182502460 0.073824860 0.086217080 0.073435590 0.083229630 0.090253120 0.094506820 0.086499540 0.281814440 
31     0.064982020 0.021712410 0.021715340 0.022559220 0.022386720 0.022525090 0.022326590 0.022328280 0.022446790 0.022326510 0.055767000 0.000047530 0.000000000 0.007045430 0.037362060 0.036680460 0.092079100 0.037698820 0.037435310 0.229775580 0.185583100 0.122091850 0.125166110 0.148745410 0.162235960 0.078681320 0.120592450 0.121436440 0.093300750 0.110418360 0.124561060 0.093836500 0.158131280 0.138883490 0.124482610 0.125860000 0.086640060 0.025737140 0.132525090 0.135563370 0.086963750 0.145848850 0.178733510 0.100915130 0.113307350 0.100525860 0.110319900 0.117343390 0.121597090 0.107477660 0.266704040 
46     0.059158340 0.003827130 0.003830060 0.004673940 0.004501440 0.004639810 0.004441310 0.004443000 0.004561510 0.004441230 0.033373940 0.049501530 0.007045430 0.000000000 0.004187630 0.000727130 0.063528330 0.118080410 0.120560090 0.200388790 0.185230180 0.176172930 0.029477040 0.166851900 0.172276120 0.096787810 0.138698940 0.139542930 0.142192600 0.150255530 0.039060420 0.144298080 0.048649820 0.160511050 0.142589100 0.143966490 0.103745020 0.155814270 0.150631580 0.162863270 0.138960780 0.130926890 0.196840000 0.129128100 0.025263120 0.111235390 0.131370720 0.145871600 0.136264640 0.116213000 0.270204200 
15     0.066842710 0.037712340 0.005491940 0.020596460 0.020943650 0.051102200 0.043463770 0.020777210 0.041008480 0.037697200 0.003646730 0.045016070 0.037362060 0.004187630 0.000000000 0.000601110 0.089880900 0.149196760 0.137562380 0.203704730 0.197032060 0.125131480 0.075112630 0.190420740 0.190158870 0.135719100 0.147789270 0.144018960 0.149190150 0.151641650 0.156798970 0.162180830 0.167406760 0.203213070 0.181520390 0.182897780 0.117280870 0.194745560 0.189562870 0.201794560 0.174767700 0.160637670 0.112249520 0.168536850 0.072694220 0.153937410 0.142016700 0.146203990 0.130508700 0.158915020 0.297027520 
30     0.081692600 0.036628180 0.040394570 0.041238450 0.041065950 0.041204320 0.041005820 0.041007510 0.041126020 0.041005740 0.038655760 0.042202650 0.036680460 0.000727130 0.000601110 0.000000000 0.060681480 0.135490940 0.137703000 0.213025780 0.191334280 0.175595680 0.035156350 0.165455990 0.180188280 0.095391900 0.137303030 0.138147020 0.140796690 0.171591140 0.141271640 0.156149870 0.174841860 0.174124840 0.141193190 0.142570580 0.126601920 0.154418360 0.149235670 0.161467360 0.137564870 0.154606710 0.162713720 0.152001970 0.030020280 0.140873870 0.125481820 0.129669110 0.113973820 0.145851480 0.272455220 
3     0.010618470 0.013317130 0.022895730 0.034951720 0.037857830 0.039657090 0.057141080 0.053816590 0.067606220 0.037260460 0.047560570 0.111399920 0.092079100 0.063528330 0.089880900 0.060681480 0.000000000 0.011658260 0.011234560 0.110748880 0.149944520 0.086533020 0.015140530 0.067442220 0.064616860 0.037709680 0.058881600 0.062579090 0.062838280 0.030434130 0.026201060 0.085746650 0.100162120 0.115386550 0.084008140 0.077826020 0.082394270 0.093304090 0.068547480 0.089726450 0.015134770 0.021280730 0.021183130 0.088531730 0.029415760 0.105118080 0.058750840 0.111561440 0.032947980 0.025175150 0.163663660 
2     0.017397290 0.014634350 0.024212950 0.036268940 0.040998090 0.041623210 0.111177560 0.097341400 0.088656790 0.094008480 0.101810930 0.035770110 0.037698820 0.118080410 0.149196760 0.135490940 0.011658260 0.000000000 0.000027040 0.032123250 0.030511650 0.026104400 0.002115860 0.049800170 0.065724020 0.020439710 0.086923870 0.083153560 0.088324750 0.090776250 0.095933570 0.104750090 0.115180690 0.109197500 0.115905090 0.119360920 0.097209390 0.117177750 0.127419260 0.118735980 0.057210920 0.020495750 0.051384120 0.090148610 0.027464840 0.021896900 0.072303310 0.021509640 0.072303320 0.021668660 0.132237920 
22     0.020730400 0.014210650 0.023789250 0.035845240 0.040574390 0.041199510 0.113657240 0.099821080 0.088233090 0.080601910 0.101387230 0.035506600 0.037435310 0.120560090 0.137562380 0.137703000 0.011234560 0.000027040 0.000000000 0.014437950 0.030588080 0.025713210 0.005448970 0.059523420 0.060969870 0.019615040 0.075289490 0.071519180 0.076690370 0.079141870 0.084299190 0.091458250 0.107879330 0.112638630 0.119238200 0.122279860 0.099689070 0.120510860 0.130481750 0.119188120 0.060544030 0.023828860 0.039749740 0.092628290 0.030797950 0.025230010 0.075636420 0.024842750 0.075636430 0.025001770 0.126877750 
42     0.170089060 0.143438100 0.161395600 0.169874970 0.188105710 0.163273170 0.152713220 0.168336280 0.170503300 0.149345740 0.211427090 0.216715420 0.229775580 0.200388790 0.203704730 0.213025780 0.110748880 0.032123250 0.014437950 0.000000000 0.011705190 0.003735720 0.121503710 0.046359290 0.045788020 0.093209740 0.109714870 0.112855790 0.108451200 0.155592980 0.110690630 0.062317820 0.124696600 0.140836180 0.193230930 0.173015080 0.192628830 0.149668930 0.199643850 0.136005390 0.112894890 0.145299880 0.147372690 0.005735340 0.104933440 0.116973260 0.054868940 0.085698890 0.085079760 0.145888430 0.345665670 
23     0.134706090 0.074020490 0.150515450 0.084275200 0.153038910 0.127529180 0.178327330 0.110328520 0.123698910 0.085753490 0.148197690 0.051912060 0.185583100 0.185230180 0.197032060 0.191334280 0.149944520 0.030511650 0.030588080 0.011705190 0.000000000 0.002805910 0.127138850 0.163590550 0.080528490 0.137433760 0.139908460 0.137515030 0.143732390 0.166976340 0.175636590 0.144104300 0.196137220 0.188681330 0.158219910 0.156424680 0.156834150 0.155330200 0.165822320 0.176167260 0.142310910 0.159097170 0.194951180 0.157298380 0.154446120 0.139405670 0.159541000 0.174041880 0.164434920 0.144383280 0.281776020 
50     0.077934910 0.093505380 0.146353270 0.103760090 0.160119740 0.147014070 0.132697230 0.116139810 0.127805170 0.105238380 0.167682580 0.095001580 0.122091850 0.176172930 0.125131480 0.175595680 0.086533020 0.026104400 0.025713210 0.003735720 0.002805910 0.000000000 0.099130000 0.064075180 0.063835560 0.072413070 0.062858590 0.059088280 0.064259470 0.066710970 0.071868290 0.139977150 0.166561880 0.183238320 0.154092760 0.152297530 0.152707000 0.151203050 0.161695170 0.172040110 0.118649410 0.153654160 0.027318840 0.083737490 0.103324120 0.090542630 0.100336670 0.107360160 0.081871280 0.103606580 0.282268110 
33     0.015320430 0.049342110 0.058920710 0.070976700 0.019819240 0.076330970 0.086706580 0.083816340 0.073309430 0.130639170 0.013509280 0.140276510 0.125166110 0.029477040 0.075112630 0.035156350 0.015140530 0.002115860 0.005448970 0.121503710 0.127138850 0.099130000 0.000000000 0.010648840 0.093055420 0.018263770 0.097372450 0.100477980 0.089405940 0.015307780 0.011074710 0.097976000 0.133151850 0.094541430 0.068881790 0.069083480 0.071396210 0.098487140 0.053421130 0.074600100 0.000008420 0.018419470 0.035467420 0.077612010 0.025388560 0.019820620 0.070227030 0.019433360 0.047232270 0.019592380 0.162327440 
6     0.084344070 0.038844280 0.079996910 0.092052900 0.096782050 0.097407170 0.134395390 0.126856780 0.110213950 0.107929170 0.129135390 0.180095570 0.148745410 0.166851900 0.190420740 0.165455990 0.067442220 0.049800170 0.059523420 0.046359290 0.163590550 0.064075180 0.010648840 0.000000000 0.000045700 0.013052720 0.123714160 0.129638940 0.120627780 0.135687850 0.146852250 0.089029110 0.162308350 0.144322870 0.135769940 0.132506380 0.129549690 0.023053420 0.135969870 0.161070420 0.118653690 0.134134830 0.166662340 0.128732630 0.095723530 0.129421040 0.110301830 0.135427890 0.133147050 0.078734560 0.322920550 
43     0.083648900 0.042706760 0.077171550 0.089227540 0.093956690 0.094581810 0.142521450 0.134982840 0.118340010 0.116055230 0.137261450 0.173116560 0.162235960 0.172276120 0.190158870 0.180188280 0.064616860 0.065724020 0.060969870 0.045788020 0.080528490 0.063835560 0.093055420 0.000045700 0.000000000 0.021178780 0.132459540 0.131182920 0.119394080 0.155146950 0.146157080 0.070283080 0.161613180 0.143627700 0.135074770 0.131811210 0.128854520 0.010058530 0.135274700 0.160375250 0.130219570 0.112825640 0.168540230 0.128037460 0.138372550 0.146738790 0.126909020 0.134732720 0.137487100 0.142318980 0.320095190 
37     0.008747420 0.042049500 0.049869310 0.064683720 0.069412870 0.070037990 0.086262700 0.067794820 0.073609580 0.070463110 0.099972050 0.110031480 0.078681320 0.096787810 0.135719100 0.095391900 0.037709680 0.020439710 0.019615040 0.093209740 0.137433760 0.072413070 0.018263770 0.013052720 0.021178780 0.000000000 0.047596540 0.051294030 0.051553220 0.076937670 0.044790810 0.080190740 0.063977690 0.060260870 0.072930080 0.066540960 0.007212650 0.077012660 0.087086060 0.045335880 0.086282600 0.096781400 0.065952330 0.083969000 0.084934140 0.102005470 0.103376960 0.076674400 0.078040480 0.087979980 0.217335180 
21     0.051940660 0.091124210 0.066258880 0.108767120 0.124120490 0.115912310 0.125312350 0.109705950 0.115520710 0.112374240 0.121143970 0.150679010 0.120592450 0.138698940 0.147789270 0.137303030 0.058881600 0.086923870 0.075289490 0.109714870 0.139908460 0.062858590 0.097372450 0.123714160 0.132459540 0.047596540 0.000000000 0.000438650 0.000654850 0.004572490 0.011549400 0.019447750 0.023503470 0.021339960 0.004959720 0.008415550 0.018197790 0.006232380 0.016473890 0.007790610 0.018002250 0.087482420 0.047195110 0.041947120 0.059306070 0.038033100 0.062718290 0.062031700 0.058590160 0.053720030 0.324987710 
9     0.059190490 0.090536680 0.064159080 0.109611110 0.124964480 0.116756300 0.128453270 0.110549940 0.116364700 0.113218230 0.124841460 0.148908360 0.121436440 0.139542930 0.144018960 0.138147020 0.062579090 0.083153560 0.071519180 0.112855790 0.137515030 0.059088280 0.100477980 0.129638940 0.131182920 0.051294030 0.000438650 0.000000000 0.000799270 0.004051590 0.003772290 0.018939930 0.011782120 0.028589790 0.003682830 0.007138660 0.016920900 0.004955490 0.015197000 0.006513720 0.025252080 0.082723950 0.043424800 0.049196950 0.057720990 0.045282930 0.062644220 0.062388570 0.058947030 0.064686170 0.213944430 
38     0.064673240 0.093925770 0.030240910 0.112260780 0.127614150 0.119405970 0.124048680 0.111430250 0.115735800 0.115867900 0.125100650 0.126643810 0.093300750 0.142192600 0.149190150 0.140796690 0.062838280 0.088324750 0.076690370 0.108451200 0.143732390 0.064259470 0.089405940 0.120627780 0.119394080 0.051553220 0.000654850 0.000799270 0.000000000 0.001912590 0.000454190 0.014846580 0.008747460 0.015928090 0.039331230 0.028399740 0.023629780 0.030307170 0.039511680 0.026433460 0.030734830 0.080325170 0.048595990 0.054679700 0.058364350 0.050765680 0.060947010 0.060188960 0.056747420 0.062486560 0.328204960 
40     0.096146290 0.089507600 0.146576350 0.116524010 0.129756070 0.126598660 0.143352680 0.128547860 0.132853410 0.136249890 0.105816820 0.143761420 0.110418360 0.150255530 0.151641650 0.171591140 0.030434130 0.090776250 0.079141870 0.155592980 0.166976340 0.066710970 0.015307780 0.135687850 0.155146950 0.076937670 0.004572490 0.004051590 0.001912590 0.000000000 0.016559040 0.033078650 0.020363070 0.017936650 0.039065280 0.021899740 0.025739450 0.040337940 0.046693730 0.041896170 0.015300420 0.050858620 0.050761020 0.065409000 0.058993650 0.077783860 0.074753270 0.081031190 0.062525870 0.054753040 0.362422940 
35     0.087156420 0.091543800 0.117684150 0.112735730 0.040538530 0.119880920 0.126288110 0.113674560 0.119489320 0.116342850 0.101583750 0.148188680 0.124561060 0.039060420 0.156798970 0.141271640 0.026201060 0.095933570 0.084299190 0.110690630 0.175636590 0.071868290 0.011074710 0.146852250 0.146157080 0.044790810 0.011549400 0.003772290 0.000454190 0.016559040 0.000000000 0.022368410 0.001949980 0.018292980 0.021902330 0.028506230 0.032128690 0.035394590 0.025943200 0.038794510 0.011067350 0.046625550 0.046527950 0.071013140 0.054760580 0.082564480 0.076217880 0.072042930 0.058292800 0.050519970 0.332428110 
49     0.052544210 0.095843640 0.132555380 0.093054650 0.137714370 0.133883940 0.123873000 0.111966000 0.116271550 0.120505520 0.152597420 0.127179560 0.093836500 0.144298080 0.162180830 0.156149870 0.085746650 0.104750090 0.091458250 0.062317820 0.144104300 0.139977150 0.097976000 0.089029110 0.070283080 0.080190740 0.019447750 0.018939930 0.014846580 0.033078650 0.022368410 0.000000000 0.021812480 0.012957860 0.044266450 0.033334960 0.028565000 0.030726220 0.031993220 0.018092850 0.018605800 0.076051190 0.063759910 0.042550670 0.064316500 0.038636650 0.067684920 0.055011510 0.056377590 0.066317090 0.265780400 
8     0.090475780 0.041818190 0.090107280 0.060545830 0.141030380 0.087075260 0.140294080 0.108663690 0.119596630 0.099832730 0.162424490 0.149454840 0.158131280 0.048649820 0.167406760 0.174841860 0.100162120 0.115180690 0.107879330 0.124696600 0.196137220 0.166561880 0.133151850 0.162308350 0.161613180 0.063977690 0.023503470 0.011782120 0.008747460 0.020363070 0.001949980 0.021812480 0.000000000 0.002302790 0.028381930 0.046032970 0.030914310 0.035396620 0.024380680 0.045408030 0.021902870 0.094813860 0.051766180 0.075173280 0.076414720 0.063157600 0.091133590 0.087157950 0.087475520 0.078602560 0.298087240 
11     0.049109640 0.092409070 0.148983620 0.122217010 0.149887810 0.130449370 0.147803240 0.139772040 0.141850920 0.141551220 0.174104950 0.161233420 0.138883490 0.160511050 0.203213070 0.174124840 0.115386550 0.109197500 0.112638630 0.140836180 0.188681330 0.183238320 0.094541430 0.144322870 0.143627700 0.060260870 0.021339960 0.028589790 0.015928090 0.017936650 0.018292980 0.012957860 0.002302790 0.000000000 0.032455230 0.038237570 0.042512180 0.046911470 0.039560650 0.034432110 0.015171230 0.071884070 0.061681160 0.039116100 0.062237750 0.035202080 0.064814790 0.052066340 0.052383910 0.059121680 0.267767200 
27     0.072262330 0.115561760 0.140430690 0.112657280 0.128010650 0.119802470 0.132063990 0.113596110 0.119410870 0.116264400 0.146477510 0.052658120 0.124482610 0.142589100 0.181520390 0.141193190 0.084008140 0.115905090 0.119238200 0.193230930 0.158219910 0.154092760 0.068881790 0.135769940 0.135074770 0.072930080 0.004959720 0.003682830 0.039331230 0.039065280 0.021902330 0.044266450 0.028381930 0.032455230 0.000000000 0.000025200 0.004292790 0.002070600 0.006556950 0.003059750 0.018525590 0.094279120 0.075832490 0.057186340 0.037487960 0.036924300 0.075320150 0.072866370 0.055214800 0.039038980 0.329935120 
47     0.072810550 0.121189620 0.137167130 0.114034670 0.129388040 0.121179860 0.133441380 0.114973500 0.120788260 0.117641790 0.140088390 0.047659970 0.125860000 0.143966490 0.182897780 0.142570580 0.077826020 0.119360920 0.122279860 0.173015080 0.156424680 0.152297530 0.069083480 0.132506380 0.131811210 0.066540960 0.008415550 0.007138660 0.028399740 0.021899740 0.028506230 0.033334960 0.046032970 0.038237570 0.000025200 0.000000000 0.008400600 0.005526430 0.012938060 0.005977760 0.026855970 0.077475720 0.061319380 0.050546800 0.040273600 0.039709940 0.050861840 0.061934880 0.058493340 0.046930630 0.312680640 
29     0.017128650 0.084254250 0.128130130 0.099906690 0.082783160 0.081443120 0.099254990 0.094457860 0.084447300 0.083474910 0.144656640 0.088570710 0.086640060 0.103745020 0.117280870 0.126601920 0.082394270 0.097209390 0.099689070 0.192628830 0.156834150 0.152707000 0.071396210 0.129549690 0.128854520 0.007212650 0.018197790 0.016920900 0.023629780 0.025739450 0.032128690 0.028565000 0.030914310 0.042512180 0.004292790 0.008400600 0.000000000 0.000364590 0.014089090 0.007684040 0.018362220 0.083052160 0.067883850 0.059191330 0.062775880 0.062212220 0.030903720 0.057164920 0.053723380 0.038436880 0.278611850 
16     0.104018070 0.133037400 0.160167950 0.125882450 0.141235820 0.133027640 0.145289160 0.126821280 0.132636040 0.129489570 0.155566460 0.169057940 0.025737140 0.155814270 0.194745560 0.154418360 0.093304090 0.117177750 0.120510860 0.149668930 0.155330200 0.151203050 0.098487140 0.023053420 0.010058530 0.077012660 0.006232380 0.004955490 0.030307170 0.040337940 0.035394590 0.030726220 0.035396620 0.046911470 0.002070600 0.005526430 0.000364590 0.000000000 0.013584770 0.004901490 0.016365030 0.057373510 0.075314340 0.054599610 0.060659320 0.081447050 0.077847170 0.057653070 0.052615510 0.036439690 0.318038250 
44     0.076274040 0.124455170 0.140630620 0.120699760 0.136053130 0.127844950 0.139450240 0.121638590 0.127453350 0.124306880 0.143930170 0.163875250 0.132525090 0.150631580 0.189562870 0.149235670 0.068547480 0.127419260 0.130481750 0.199643850 0.165822320 0.161695170 0.053421130 0.135969870 0.135274700 0.087086060 0.016473890 0.015197000 0.039511680 0.046693730 0.025943200 0.031993220 0.024380680 0.039560650 0.006556950 0.012938060 0.014089090 0.013584770 0.000000000 0.003808220 0.044442270 0.088971970 0.069521270 0.060881460 0.060783960 0.060220300 0.075500600 0.073046820 0.069605280 0.075344420 0.355938240 
39     0.101374590 0.110554800 0.160285250 0.132931450 0.148284820 0.140076640 0.151602870 0.133870280 0.139685040 0.136538570 0.165109140 0.168906430 0.135563370 0.162863270 0.201794560 0.161467360 0.089726450 0.118735980 0.119188120 0.136005390 0.176167260 0.172040110 0.074600100 0.161070420 0.160375250 0.045335880 0.007790610 0.006513720 0.026433460 0.041896170 0.038794510 0.018092850 0.045408030 0.034432110 0.003059750 0.005977760 0.007684040 0.004901490 0.003808220 0.000000000 0.040994530 0.081474700 0.078883560 0.067729620 0.079440150 0.096879410 0.097521900 0.060435020 0.061801100 0.071740600 0.356927410 
10     0.037756350 0.014170890 0.090802440 0.018306160 0.046511990 0.086991960 0.016286330 0.100512380 0.096775670 0.098058490 0.072946740 0.120306810 0.086963750 0.138960780 0.174767700 0.137564870 0.015134770 0.057210920 0.060544030 0.112894890 0.142310910 0.118649410 0.000008420 0.118653690 0.130219570 0.086282600 0.018002250 0.025252080 0.030734830 0.015300420 0.011067350 0.018605800 0.021902870 0.015171230 0.018525590 0.026855970 0.018362220 0.016365030 0.044442270 0.040994530 0.000000000 0.035559260 0.035461660 0.025809370 0.043694290 0.023848790 0.051094320 0.041894980 0.036633120 0.019811000 0.325586510 
24     0.033700900 0.105364520 0.133568660 0.097195370 0.123498270 0.127329110 0.124024040 0.110187880 0.114728390 0.116921250 0.096663420 0.131649260 0.145848850 0.130926890 0.160637670 0.154606710 0.021280730 0.020495750 0.023828860 0.145299880 0.159097170 0.153654160 0.018419470 0.134134830 0.112825640 0.096781400 0.087482420 0.082723950 0.080325170 0.050858620 0.046625550 0.076051190 0.094813860 0.071884070 0.094279120 0.077475720 0.083052160 0.057373510 0.088971970 0.081474700 0.035559260 0.000000000 0.000100080 0.033775580 0.008329810 0.005567070 0.037664890 0.005179810 0.011862030 0.004092100 0.189481250 
34     0.066860210 0.098536470 0.133471310 0.159993200 0.147237780 0.141646990 0.160801950 0.153111270 0.153740890 0.168047230 0.096565820 0.182502460 0.178733510 0.196840000 0.112249520 0.162713720 0.021183130 0.051384120 0.039749740 0.147372690 0.194951180 0.027318840 0.035467420 0.166662340 0.168540230 0.065952330 0.047195110 0.043424800 0.048595990 0.050761020 0.046527950 0.063759910 0.051766180 0.061681160 0.075832490 0.061319380 0.067883850 0.075314340 0.069521270 0.078883560 0.035461660 0.000100080 0.000000000 0.016701990 0.008235110 0.048289860 0.037570190 0.066673870 0.011767330 0.003993540 0.143419090 
25     0.043635880 0.086935310 0.133393380 0.087899390 0.121699480 0.122385900 0.111520510 0.094963090 0.106628450 0.115122460 0.125566900 0.073824860 0.100915130 0.129128100 0.168536850 0.152001970 0.088531730 0.090148610 0.092628290 0.005735340 0.157298380 0.083737490 0.077612010 0.128732630 0.128037460 0.083969000 0.041947120 0.049196950 0.054679700 0.065409000 0.071013140 0.042550670 0.075173280 0.039116100 0.057186340 0.050546800 0.059191330 0.054599610 0.060881460 0.067729620 0.025809370 0.033775580 0.016701990 0.000000000 0.000572090 0.000672850 0.004232660 0.010096800 0.010800110 0.011395760 0.219469220 
41     0.040669990 0.103143430 0.144806760 0.092544320 0.118847220 0.122678060 0.119372990 0.105536830 0.110382930 0.112270200 0.104798450 0.086217080 0.113307350 0.025263120 0.072694220 0.030020280 0.029415760 0.027464840 0.030797950 0.104933440 0.154446120 0.103324120 0.025388560 0.095723530 0.138372550 0.084934140 0.059306070 0.057720990 0.058364350 0.058993650 0.054760580 0.064316500 0.076414720 0.062237750 0.037487960 0.040273600 0.062775880 0.060659320 0.060783960 0.079440150 0.043694290 0.008329810 0.008235110 0.000572090 0.000000000 0.001570210 0.022503530 0.005955200 0.003645800 0.012023900 0.362989910 
7     0.035102050 0.083021290 0.141490760 0.077503870 0.103806770 0.107637610 0.104332540 0.090496380 0.095342480 0.097229750 0.162307800 0.073435590 0.100525860 0.111235390 0.153937410 0.140873870 0.105118080 0.021896900 0.025230010 0.116973260 0.139405670 0.090542630 0.019820620 0.129421040 0.146738790 0.102005470 0.038033100 0.045282930 0.050765680 0.077783860 0.082564480 0.038636650 0.063157600 0.035202080 0.036924300 0.039709940 0.062212220 0.081447050 0.060220300 0.096879410 0.023848790 0.005567070 0.048289860 0.000672850 0.001570210 0.000000000 0.004734010 0.000387260 0.011341240 0.006455960 0.342322970 
4     0.066162840 0.063308880 0.076181550 0.097304160 0.097326460 0.086599560 0.105619460 0.083639090 0.074729100 0.094853990 0.134133530 0.083229630 0.110319900 0.131370720 0.142016700 0.125481820 0.058750840 0.072303310 0.075636420 0.054868940 0.159541000 0.100336670 0.070227030 0.110301830 0.126909020 0.103376960 0.062718290 0.062644220 0.060947010 0.074753270 0.076217880 0.067684920 0.091133590 0.064814790 0.075320150 0.050861840 0.030903720 0.077847170 0.075500600 0.097521900 0.051094320 0.037664890 0.037570190 0.004232660 0.022503530 0.004734010 0.000000000 0.001070560 0.000000010 0.023055790 0.334283400 
13     0.034714790 0.099509320 0.140088640 0.104327650 0.138442980 0.129081160 0.127948770 0.111391350 0.123056710 0.128875810 0.165209970 0.090253120 0.117343390 0.145871600 0.146203990 0.129669110 0.111561440 0.021509640 0.024842750 0.085698890 0.174041880 0.107360160 0.019433360 0.135427890 0.134732720 0.076674400 0.062031700 0.062388570 0.060188960 0.081031190 0.072042930 0.055011510 0.087157950 0.052066340 0.072866370 0.061934880 0.057164920 0.057653070 0.073046820 0.060435020 0.041894980 0.005179810 0.066673870 0.010096800 0.005955200 0.000387260 0.001070560 0.000000000 0.000705750 0.006068700 0.314089300 
28     0.077894030 0.100875400 0.142843020 0.102533120 0.128836020 0.128754230 0.113871970 0.076118920 0.077050630 0.084909310 0.108330670 0.094506820 0.121597090 0.136264640 0.130508700 0.113973820 0.032947980 0.072303320 0.075636430 0.085079760 0.164434920 0.081871280 0.047232270 0.133147050 0.137487100 0.078040480 0.058590160 0.058947030 0.056747420 0.062525870 0.058292800 0.056377590 0.087475520 0.052383910 0.055214800 0.058493340 0.053723380 0.052615510 0.069605280 0.061801100 0.036633120 0.011862030 0.011767330 0.010800110 0.003645800 0.011341240 0.000000010 0.000705750 0.000000000 0.015759350 0.314406870 
5     0.034873810 0.093080590 0.141901110 0.082481480 0.108784380 0.112615220 0.109310150 0.073216320 0.074148030 0.082006710 0.100557840 0.086499540 0.107477660 0.116213000 0.158915020 0.145851480 0.025175150 0.021668660 0.025001770 0.145888430 0.144383280 0.103606580 0.019592380 0.078734560 0.142318980 0.087979980 0.053720030 0.064686170 0.062486560 0.054753040 0.050519970 0.066317090 0.078602560 0.059121680 0.039038980 0.046930630 0.038436880 0.036439690 0.075344420 0.071740600 0.019811000 0.004092100 0.003993540 0.011395760 0.012023900 0.006455960 0.023055790 0.006068700 0.015759350 0.000000000 0.286582130 
0     0.117541850 0.245596940 0.250599000 0.216585500 0.295159200 0.265941150 0.235977820 0.240551970 0.227767390 0.228960820 0.173630750 0.281814440 0.266704040 0.270204200 0.297027520 0.272455220 0.163663660 0.132237920 0.126877750 0.345665670 0.281776020 0.282268110 0.162327440 0.322920550 0.320095190 0.217335180 0.324987710 0.213944430 0.328204960 0.362422940 0.332428110 0.265780400 0.298087240 0.267767200 0.329935120 0.312680640 0.278611850 0.318038250 0.355938240 0.356927410 0.325586510 0.189481250 0.143419090 0.219469220 0.362989910 0.342322970 0.334283400 0.314089300 0.314406870 0.286582130 0.000000000 
