51
1     0.000000000 0.509709264 0.584131769 0.556974095 0.604142634 0.561908173 0.592766613 0.551958192 0.563522337 0.563290880 0.659811311 0.808392244 0.818322887 0.728789522 0.787245100 0.766286525 0.593006906 0.665973196 0.663508107 1.039748652 1.017719285 1.000576597 1.031676852 0.845865182 0.841419495 0.514647642 0.619883686 0.620104894 0.615028191 0.687491384 0.731732752 0.740505868 0.794960091 0.730589901 0.688328361 0.678659967 0.652943281 0.724292619 0.710599572 0.769119904 0.651618826 0.893916101 0.873727887 0.655401991 0.721446761 0.731422256 0.657318413 0.694409383 0.686763638 0.787797153 4.021256301 
19     0.509709264 0.000000000 0.153974804 0.122342509 0.171306238 0.128124565 0.158419773 0.118323287 0.129438857 0.128841110 0.283972073 0.467092027 0.476684512 0.392072204 0.451089237 0.430048666 0.553820245 0.691298340 0.688833250 1.064592009 1.042466156 1.025419955 1.057106347 0.872343956 0.867896873 0.539801275 0.645890704 0.646111911 0.641035208 0.713498401 0.757407607 0.766256157 0.819916137 0.756180288 0.714009064 0.704340670 0.678852825 0.749829861 0.736606590 0.795126921 0.675126030 0.922124229 0.901045607 0.682903961 0.748486328 0.758635739 0.684342046 0.721622866 0.713948025 0.815772507 4.157443484 
17     0.584131769 0.153974804 0.000000000 0.194232491 0.243432964 0.200368220 0.233095432 0.192291494 0.203463100 0.202906883 0.358428999 0.541975076 0.551532589 0.465965070 0.524630172 0.503709527 0.629420389 0.767115052 0.764649962 1.140408721 1.118282868 1.101236667 1.132005005 0.947945717 0.943500030 0.613981469 0.720139647 0.720360855 0.715244867 0.787807907 0.832183288 0.840647612 0.894062762 0.830664817 0.788387424 0.778719030 0.753406600 0.824208222 0.810984950 0.869505281 0.749878757 0.996173620 0.975342792 0.757542780 0.823125146 0.833274558 0.758973886 0.796261685 0.788586844 0.890411326 4.232439874 
26     0.556974095 0.122342509 0.194232491 0.000000000 0.157975124 0.114012001 0.173429213 0.133435253 0.143958631 0.143855222 0.328483668 0.515557804 0.525117157 0.437885456 0.496884299 0.475959437 0.601441175 0.739604790 0.737139700 1.112898460 1.090772606 1.073726406 1.105501828 0.921348855 0.916903168 0.588310776 0.694420572 0.694641779 0.689565076 0.762028269 0.805937475 0.814704105 0.868544270 0.804804373 0.762538932 0.752870538 0.727379694 0.798359729 0.785136457 0.843656789 0.723703810 0.970654097 0.949592324 0.731433829 0.797016195 0.807165607 0.732851394 0.770152734 0.762477893 0.864302375 4.205215046 
32     0.604142634 0.171306238 0.243432964 0.157975124 0.000000000 0.098884394 0.222969865 0.182237472 0.192988243 0.192779170 0.377850635 0.563625517 0.573430796 0.486519709 0.545518551 0.524477980 0.649402882 0.786580643 0.784115554 1.159874313 1.137748459 1.120702259 1.152050835 0.968489498 0.964043811 0.635320493 0.740630654 0.740851862 0.735775159 0.808238352 0.851663346 0.860998248 0.914796219 0.851056322 0.808790881 0.799122487 0.773631644 0.844611678 0.831388407 0.889908738 0.770200653 1.017916293 0.996854520 0.777951177 0.843533544 0.853682955 0.779368742 0.816670082 0.808995241 0.910819723 4.241530447 
45     0.561908173 0.128124565 0.200368220 0.114012001 0.098884394 0.000000000 0.179360638 0.138801015 0.149449322 0.149181084 0.334494062 0.520264208 0.530069488 0.442922738 0.501921580 0.480996719 0.606626421 0.744702436 0.742237346 1.117996105 1.095870252 1.078824051 1.110599473 0.926446501 0.922000814 0.593408421 0.699518217 0.699739424 0.694662721 0.767125914 0.811035121 0.819843944 0.873641915 0.809902018 0.767636577 0.757968183 0.732477340 0.803457375 0.790234103 0.848754434 0.728787522 0.975751742 0.954689970 0.736531474 0.802113841 0.812263252 0.737949039 0.775250379 0.767575538 0.869400020 4.199084240 
18     0.592766613 0.158419773 0.233095432 0.173429213 0.222969865 0.179360638 0.000000000 0.104201199 0.116823470 0.114102845 0.368652599 0.551300590 0.560859943 0.475063415 0.534062257 0.513021686 0.637139279 0.775086875 0.772621785 1.148380545 1.126254691 1.109208491 1.140931336 0.956668973 0.952223286 0.623630894 0.729464022 0.729685229 0.724608526 0.797071719 0.840980926 0.849787001 0.903587720 0.839847823 0.797582382 0.787913988 0.762423145 0.833403180 0.820179908 0.878700239 0.758720372 1.003989760 0.983535626 0.765517172 0.831066824 0.841216236 0.766921302 0.804203363 0.796491546 0.898339817 4.241018525 
36     0.551958192 0.118323287 0.192291494 0.133435253 0.182237472 0.138801015 0.104201199 0.000000000 0.071598473 0.070937122 0.327983956 0.511070319 0.520629672 0.434912188 0.493911030 0.472870459 0.596557366 0.734354682 0.731889592 1.107648351 1.085522498 1.068476297 1.100307161 0.916044797 0.911599110 0.583006718 0.688839846 0.689061054 0.683984351 0.756447544 0.800356750 0.809162826 0.862963545 0.799223648 0.756958207 0.747289812 0.721798969 0.792779004 0.779555732 0.838076064 0.718096197 0.963365584 0.942911451 0.724892997 0.790442649 0.800592060 0.726297127 0.763579187 0.755867370 0.857715642 4.200313635 
12     0.563522337 0.129438857 0.203463100 0.143958631 0.192988243 0.149449322 0.116823470 0.071598473 0.000000000 0.073369530 0.338997032 0.522003209 0.531562563 0.445836597 0.504835440 0.483794868 0.607895002 0.745842599 0.743377509 1.119136268 1.097010414 1.079964214 1.111687060 0.927424696 0.922979009 0.594386617 0.700219745 0.700440953 0.695364250 0.767827443 0.811736649 0.820542725 0.874343444 0.810603547 0.768338106 0.758669711 0.733178868 0.804158903 0.790935631 0.849455963 0.729476096 0.974745483 0.954291350 0.736272896 0.801822548 0.811971959 0.737677026 0.774959086 0.767247269 0.869095541 4.211774248 
48     0.563290880 0.128841110 0.202906883 0.143855222 0.192779170 0.149181084 0.114102845 0.070937122 0.073369530 0.000000000 0.338918502 0.521759729 0.531319082 0.445522554 0.504521396 0.483480825 0.607649211 0.745596807 0.743131717 1.118890476 1.096764623 1.079718422 1.111441268 0.927178905 0.922733218 0.594140825 0.699973953 0.700195161 0.695118458 0.767581651 0.811490857 0.820296933 0.874097652 0.810357755 0.768092314 0.758423920 0.732933076 0.803913111 0.790689839 0.849210171 0.729230304 0.974499691 0.954045558 0.736027104 0.801576756 0.811726168 0.737431234 0.774713294 0.767001477 0.868849749 4.211528456 
14     0.659811311 0.283972073 0.358428999 0.328483668 0.377850635 0.334494062 0.368652599 0.327983956 0.338997032 0.338918502 0.000000000 0.621358808 0.631200591 0.542132362 0.600639833 0.579631525 0.704969440 0.842980760 0.840515670 1.216274430 1.194148576 1.177102376 1.209398537 1.026577696 1.022132009 0.693539616 0.799875732 0.800096939 0.795020236 0.867483429 0.910601846 0.920321119 0.974044220 0.910262802 0.867994092 0.858325698 0.833004619 0.903926747 0.890591618 0.949111949 0.829798410 1.074146285 1.053104523 0.834822561 0.900605691 0.910755103 0.836348169 0.873621658 0.865946817 0.967863905 4.308532481 
20     0.808392244 0.467092027 0.541975076 0.515557804 0.563625517 0.520264208 0.551300590 0.511070319 0.522003209 0.521759729 0.621358808 0.000000000 0.265127262 0.481142253 0.541750893 0.520151372 0.850356837 0.986684686 0.984219597 1.359978356 1.337049459 1.320806302 1.355703491 1.171103699 1.166658012 0.838065878 0.943462208 0.943683416 0.938606713 1.011069906 1.055254783 1.063905108 1.117784549 1.053792767 1.011283367 1.001614972 0.976265676 1.047038577 1.034178094 1.092698426 0.973326612 1.219788618 1.197853136 0.980544263 1.046068301 1.056179585 0.981939216 1.019172502 1.011497661 1.112776628 4.455121861 
31     0.818322887 0.476684512 0.551532589 0.525117157 0.573430796 0.530069488 0.560859943 0.520629672 0.531562563 0.531319082 0.631200591 0.265127262 0.000000000 0.490668602 0.552029177 0.529807302 0.860287480 0.996668672 0.994203583 1.369962342 1.347575729 1.330790288 1.365687477 1.181087685 1.176641998 0.848049864 0.953566258 0.953787466 0.948710763 1.021173956 1.065358833 1.074009158 1.127888599 1.063896817 1.021659584 1.011991190 0.986475118 1.056834369 1.044282144 1.102802476 0.983434899 1.230011708 1.208060078 0.990796721 1.056332949 1.066444234 0.992203864 1.029437150 1.021762310 1.123189098 4.465052503 
46     0.728789522 0.392072204 0.465965070 0.437885456 0.486519709 0.442922738 0.475063415 0.434912188 0.445836597 0.445522554 0.542132362 0.481142253 0.490668602 0.000000000 0.251147485 0.233095980 0.770673410 0.909325970 0.906860880 1.282688435 1.260520854 1.243516381 1.276673695 1.093512856 1.089067169 0.760474777 0.865484650 0.865705858 0.860629155 0.933092348 0.976898340 0.985927550 1.039623149 0.975631367 0.933588272 0.923919877 0.898482675 0.969535666 0.956200536 1.014720868 0.896225169 1.139593302 1.118203804 0.900612145 0.966096216 0.976446695 0.902114294 0.939433821 0.931758981 1.033181873 4.375580094 
15     0.787245100 0.451089237 0.524630172 0.496884299 0.545518551 0.501921580 0.534062257 0.493911030 0.504835440 0.504521396 0.600639833 0.541750893 0.552029177 0.251147485 0.000000000 0.148320896 0.828937495 0.967862444 0.965397354 1.341224908 1.319057327 1.302052854 1.334987479 1.152193195 1.147747508 0.819155115 0.924654734 0.924875941 0.919799238 0.992262431 1.036447308 1.045097633 1.098977074 1.034985292 0.992758355 0.983089961 0.957680301 1.028705749 1.015370619 1.073890951 0.954647098 1.198671555 1.176928499 0.959297794 1.024792062 1.035131613 0.960780559 0.998063987 0.990389146 1.091894505 4.434222347 
30     0.766286525 0.430048666 0.503709527 0.475959437 0.524477980 0.480996719 0.513021686 0.472870459 0.483794868 0.483480825 0.579631525 0.520151372 0.529807302 0.233095980 0.148320896 0.000000000 0.807978920 0.946903868 0.944438779 1.320266333 1.298098752 1.281094279 1.314028904 1.131234620 1.126788933 0.798196540 0.903696158 0.903917366 0.898840663 0.971303856 1.015488732 1.024139058 1.078018499 1.014026717 0.971799779 0.962131385 0.936721725 1.007747174 0.994412044 1.052932376 0.933688522 1.177712980 1.155969924 0.938339219 1.003833487 1.014173037 0.939821984 0.977105412 0.969430571 1.070935929 4.413263771 
3     0.593006906 0.553820245 0.629420389 0.601441175 0.649402882 0.606626421 0.637139279 0.596557366 0.607895002 0.607649211 0.704969440 0.850356837 0.860287480 0.770673410 0.828937495 0.807978920 0.000000000 0.781610951 0.779145862 1.155153081 1.133242556 1.115981027 1.147004287 0.966094220 0.961648533 0.632288798 0.731318785 0.731539993 0.726463290 0.798926483 0.843231189 0.851959624 0.906634337 0.842417211 0.798900080 0.789231686 0.764742756 0.836489042 0.822034671 0.880555003 0.762003898 1.004140489 0.983803411 0.765103352 0.830877153 0.840861322 0.766712198 0.803839625 0.796164784 0.898083086 4.240235681 
2     0.665973196 0.691298340 0.767115052 0.739604790 0.786580643 0.744702436 0.775086875 0.734354682 0.745842599 0.745596807 0.842980760 0.986684686 0.996668672 0.909325970 0.967862444 0.946903868 0.781610951 0.000000000 0.019757595 0.582008823 0.559202087 0.542781295 1.048368138 0.879877336 0.874979990 0.543337345 0.693656091 0.693877299 0.688800595 0.761253918 0.806069653 0.814050641 0.871182508 0.804612116 0.762245993 0.752577599 0.727258671 0.799107478 0.784449223 0.842969554 0.725056533 0.968619820 0.947917131 0.734407223 0.800248509 0.810316192 0.736427662 0.773110934 0.765837808 0.867596294 4.285559728 
22     0.663508107 0.688833250 0.764649962 0.737139700 0.784115554 0.742237346 0.772621785 0.731889592 0.743377509 0.743131717 0.840515670 0.984219597 0.994203583 0.906860880 0.965397354 0.944438779 0.779145862 0.019757595 0.000000000 0.579517080 0.556710344 0.540289553 1.045903049 0.877412246 0.872514900 0.540872255 0.691191001 0.691412209 0.686335506 0.758788828 0.803604563 0.811585551 0.868717418 0.802147026 0.759780904 0.750112509 0.724793581 0.796642389 0.781984133 0.840504465 0.722591443 0.966154730 0.945452042 0.731942133 0.797783419 0.807851102 0.733962572 0.770645844 0.763372718 0.865131204 4.283094638 
42     1.039748652 1.064592009 1.140408721 1.112898460 1.159874313 1.117996105 1.148380545 1.107648351 1.119136268 1.118890476 1.216274430 1.359978356 1.369962342 1.282688435 1.341224908 1.320266333 1.155153081 0.582008823 0.579517080 0.000000000 0.272468912 0.249735980 1.420820438 1.253005769 1.247548980 0.916799446 1.070193720 1.070414928 1.065338225 1.137801418 1.182607282 1.190102460 1.247648326 1.181077934 1.138785576 1.129117182 1.103798254 1.175652036 1.160988806 1.219509138 1.102594651 1.341759072 1.321125765 1.108085589 1.174058079 1.184125761 1.110193870 1.146877142 1.139604016 1.241440951 4.678069376 
23     1.017719285 1.042466156 1.118282868 1.090772606 1.137748459 1.095870252 1.126254691 1.085522498 1.097010414 1.096764623 1.194148576 1.337049459 1.347575729 1.260520854 1.319057327 1.298098752 1.133242556 0.559202087 0.556710344 0.272468912 0.000000000 0.194050802 1.398980265 1.231138181 1.225742507 0.894931858 1.048439659 1.048660867 1.043584163 1.116047356 1.160853221 1.168558158 1.225968029 1.159397637 1.117031515 1.107363121 1.082044193 1.153897975 1.139234745 1.197755076 1.080914354 1.320284496 1.299651190 1.086850930 1.152692216 1.162759899 1.088871369 1.125554642 1.118281515 1.220040002 4.656158852 
50     1.000576597 1.025419955 1.101236667 1.073726406 1.120702259 1.078824051 1.109208491 1.068476297 1.079964214 1.079718422 1.177102376 1.320806302 1.330790288 1.243516381 1.302052854 1.281094279 1.115981027 0.542781295 0.540289553 0.249735980 0.194050802 0.000000000 1.381636081 1.213856073 1.208823988 0.877649750 1.031090387 1.031311594 1.026234891 1.098698084 1.143503948 1.151208886 1.208618757 1.142048365 1.099682243 1.090013849 1.064694920 1.136548703 1.121885473 1.180405804 1.063565082 1.303017690 1.282384384 1.069584124 1.135425410 1.145493093 1.071604563 1.108287836 1.101014709 1.202773195 4.638897322 
33     1.031676852 1.057106347 1.132005005 1.105501828 1.152050835 1.110599473 1.140931336 1.100307161 1.111687060 1.111441268 1.209398537 1.355703491 1.365687477 1.276673695 1.334987479 1.314028904 1.147004287 1.048368138 1.045903049 1.420820438 1.398980265 1.381636081 0.000000000 1.244917172 1.240429680 0.914379583 1.065067264 1.065288471 1.060211768 1.132674961 1.176748876 1.185602822 1.242036381 1.175700823 1.133271824 1.123603430 1.098224071 1.169102121 1.155818453 1.214338785 1.098761256 1.340132067 1.320115894 1.105848805 1.171450715 1.181496468 1.107799424 1.144350333 1.137158622 1.238465604 4.670846309 
6     0.845865182 0.872343956 0.947945717 0.921348855 0.968489498 0.926446501 0.956668973 0.916044797 0.927424696 0.927178905 1.026577696 1.171103699 1.181087685 1.093512856 1.152193195 1.131234620 0.966094220 0.879877336 0.877412246 1.253005769 1.231138181 1.213856073 1.244917172 0.000000000 0.131426107 0.472343036 0.887575461 0.887796669 0.882719965 0.955183158 0.999354572 1.006924630 1.064101780 0.997766223 0.955845210 0.946176815 0.920528459 0.991517975 0.978293325 1.036813656 0.919683723 1.158880517 1.138050942 0.922777317 0.988521275 0.998563215 0.924130874 0.960814146 0.953541020 1.055533991 4.489928215 
43     0.841419495 0.867896873 0.943500030 0.916903168 0.964043811 0.922000814 0.952223286 0.911599110 0.922979009 0.922733218 1.022132009 1.166658012 1.176641998 1.089067169 1.147747508 1.126788933 0.961648533 0.874979990 0.872514900 1.247548980 1.225742507 1.208823988 1.240429680 0.131426107 0.000000000 0.468073336 0.883129774 0.883350982 0.878274279 0.950737472 0.994908885 1.002478943 1.059742405 0.993406848 0.951399523 0.941731129 0.916082772 0.987045224 0.973847638 1.032367969 0.915238036 1.154434831 1.133605255 0.918331630 0.984075588 0.994117528 0.919685187 0.956368460 0.949095333 1.051088304 4.485482528 
37     0.514647642 0.539801275 0.613981469 0.588310776 0.635320493 0.593408421 0.623630894 0.583006718 0.594386617 0.594140825 0.693539616 0.838065878 0.848049864 0.760474777 0.819155115 0.798196540 0.632288798 0.543337345 0.540872255 0.916799446 0.894931858 0.877649750 0.914379583 0.472343036 0.468073336 0.000000000 0.550941996 0.551163204 0.546086501 0.618549694 0.662721107 0.671159881 0.727778952 0.661443395 0.619092136 0.609423293 0.583720049 0.655575331 0.641626001 0.699891016 0.583337744 0.824298197 0.803407057 0.588460467 0.654204425 0.664246365 0.589998531 0.626681804 0.619408677 0.721111307 4.154666569 
21     0.619883686 0.645890704 0.720139647 0.694420572 0.740630654 0.699518217 0.729464022 0.688839846 0.700219745 0.699973953 0.799875732 0.943462208 0.953566258 0.865484650 0.924654734 0.903696158 0.731318785 0.693656091 0.691191001 1.070193720 1.048439659 1.031090387 1.065067264 0.887575461 0.883129774 0.550941996 0.000000000 0.034040076 0.054592676 0.128021722 0.227653802 0.268028100 0.325463971 0.258724961 0.217365983 0.207742126 0.182202849 0.255253676 0.237775306 0.296385173 0.271448830 0.672606260 0.655451535 0.436098029 0.499502095 0.510202619 0.436197918 0.473124354 0.465445752 0.567240485 4.261431721 
9     0.620104894 0.646111911 0.720360855 0.694641779 0.740851862 0.699739424 0.729685229 0.689061054 0.700440953 0.700195161 0.800096939 0.943683416 0.953787466 0.865705858 0.924875941 0.903917366 0.731539993 0.693877299 0.691412209 1.070414928 1.048660867 1.031311594 1.065288471 0.887796669 0.883350982 0.551163204 0.034040076 0.000000000 0.055329877 0.128712374 0.226590435 0.268669544 0.326222573 0.259542388 0.217514727 0.207890870 0.182375569 0.255432045 0.237951230 0.296561097 0.271363906 0.672910573 0.655755848 0.436402341 0.499806408 0.510506932 0.436502231 0.473428667 0.465750065 0.567544797 4.261652929 
38     0.615028191 0.641035208 0.715244867 0.689565076 0.735775159 0.694662721 0.724608526 0.683984351 0.695364250 0.695118458 0.795020236 0.938606713 0.948710763 0.860629155 0.919799238 0.898840663 0.726463290 0.688800595 0.686335506 1.065338225 1.043584163 1.026234891 1.060211768 0.882719965 0.878274279 0.546086501 0.054592676 0.055329877 0.000000000 0.114558576 0.222392696 0.262917938 0.321150414 0.254392410 0.212307779 0.202684793 0.177034323 0.250207328 0.233010543 0.291342880 0.266674102 0.667714709 0.650559983 0.431206477 0.494610543 0.505311068 0.431306367 0.468232803 0.460554201 0.562348933 4.256576226 
40     0.687491384 0.713498401 0.787807907 0.762028269 0.808238352 0.767125914 0.797071719 0.756447544 0.767827443 0.767581651 0.867483429 1.011069906 1.021173956 0.933092348 0.992262431 0.971303856 0.798926483 0.761253918 0.758788828 1.137801418 1.116047356 1.098698084 1.132674961 0.955183158 0.950737472 0.618549694 0.128021722 0.128712374 0.114558576 0.000000000 0.295593101 0.335622116 0.393603507 0.326789117 0.285040520 0.275555198 0.250150539 0.323184822 0.305748261 0.364338853 0.339112049 0.740177902 0.723023176 0.503669670 0.567073736 0.577774261 0.503769560 0.540695996 0.533017394 0.634812126 4.329039419 
35     0.731732752 0.757407607 0.832183288 0.805937475 0.851663346 0.811035121 0.840980926 0.800356750 0.811736649 0.811490857 0.910601846 1.055254783 1.065358833 0.976898340 1.036447308 1.015488732 0.843231189 0.806069653 0.803604563 1.182607282 1.160853221 1.143503948 1.176748876 0.999354572 0.994908885 0.662721107 0.227653802 0.226590435 0.222392696 0.295593101 0.000000000 0.378779107 0.436968363 0.370046229 0.328988073 0.319335034 0.294655409 0.367267776 0.350533909 0.408734738 0.384140961 0.784843595 0.767725419 0.548443523 0.611961246 0.622661771 0.548544993 0.585471429 0.577792827 0.679522493 4.373280787 
49     0.740505868 0.766256157 0.840647612 0.814704105 0.860998248 0.819843944 0.849787001 0.809162826 0.820542725 0.820296933 0.920321119 1.063905108 1.074009158 0.985927550 1.045097633 1.024139058 0.851959624 0.814050641 0.811585551 1.190102460 1.168558158 1.151208886 1.185602822 1.006924630 1.002478943 0.671159881 0.268028100 0.268669544 0.262917938 0.335622116 0.378779107 0.000000000 0.428209144 0.362420203 0.338947127 0.329377692 0.305209920 0.377477429 0.361768576 0.419825280 0.392634260 0.794561000 0.777523030 0.558954247 0.622480279 0.633180803 0.559055717 0.595982154 0.588303552 0.689738299 4.382053903 
8     0.794960091 0.819916137 0.894062762 0.868544270 0.914796219 0.873641915 0.903587720 0.862963545 0.874343444 0.874097652 0.974044220 1.117784549 1.127888599 1.039623149 1.098977074 1.078018499 0.906634337 0.871182508 0.868717418 1.247648326 1.225968029 1.208618757 1.242036381 1.064101780 1.059742405 0.727778952 0.325463971 0.326222573 0.321150414 0.393603507 0.436968363 0.428209144 0.000000000 0.322523279 0.395463444 0.385811136 0.361646848 0.433684479 0.417628348 0.476043028 0.451069283 0.852938168 0.835670317 0.616038844 0.679683888 0.690384412 0.616254427 0.653180864 0.645502262 0.746856232 4.437757886 
11     0.730589901 0.756180288 0.830664817 0.804804373 0.851056322 0.809902018 0.839847823 0.799223648 0.810603547 0.810357755 0.910262802 1.053792767 1.063896817 0.975631367 1.034985292 1.014026717 0.842417211 0.804612116 0.802147026 1.181077934 1.159397637 1.142048365 1.175700823 0.997766223 0.993406848 0.661443395 0.258724961 0.259542388 0.254392410 0.326789117 0.370046229 0.362420203 0.322523279 0.000000000 0.329079637 0.319526622 0.295382776 0.367487614 0.351339320 0.409754858 0.384113493 0.785609456 0.768138638 0.548890328 0.612524632 0.623225157 0.549095172 0.586021608 0.578343006 0.679662706 4.372476221 
27     0.688328361 0.714009064 0.788387424 0.762538932 0.808790881 0.767636577 0.797582382 0.756958207 0.768338106 0.768092314 0.867994092 1.011283367 1.021659584 0.933588272 0.992758355 0.971799779 0.798900080 0.762245993 0.759780904 1.138785576 1.117031515 1.099682243 1.133271824 0.955845210 0.951399523 0.619092136 0.217365983 0.217514727 0.212307779 0.285040520 0.328988073 0.338947127 0.395463444 0.329079637 0.000000000 0.072742221 0.166302407 0.237269578 0.223061813 0.281017307 0.341060816 0.742125151 0.724768905 0.505707249 0.569192553 0.579893077 0.505808719 0.542735155 0.535056553 0.636690923 4.329888794 
47     0.678659967 0.704340670 0.778719030 0.752870538 0.799122487 0.757968183 0.787913988 0.747289812 0.758669711 0.758423920 0.858325698 1.001614972 1.011991190 0.923919877 0.983089961 0.962131385 0.789231686 0.752577599 0.750112509 1.129117182 1.107363121 1.090013849 1.123603430 0.946176815 0.941731129 0.609423293 0.207742126 0.207890870 0.202684793 0.275555198 0.319335034 0.329377692 0.385811136 0.319526622 0.072742221 0.000000000 0.156212178 0.226842122 0.213013857 0.270379910 0.331392421 0.732456756 0.715100511 0.496038854 0.559524159 0.570224683 0.496140324 0.533066761 0.525388159 0.627022529 4.320220400 
29     0.652943281 0.678852825 0.753406600 0.727379694 0.773631644 0.732477340 0.762423145 0.721798969 0.733178868 0.732933076 0.833004619 0.976265676 0.986475118 0.898482675 0.957680301 0.936721725 0.764742756 0.727258671 0.724793581 1.103798254 1.082044193 1.064694920 1.098224071 0.920528459 0.916082772 0.583720049 0.182202849 0.182375569 0.177034323 0.250150539 0.294655409 0.305209920 0.361646848 0.295382776 0.166302407 0.156212178 0.000000000 0.150760444 0.185816517 0.245110718 0.306660273 0.705935953 0.688668102 0.469979195 0.532786961 0.543487486 0.469135908 0.506283088 0.498604486 0.600368205 4.294728153 
16     0.724292619 0.749829861 0.824208222 0.798359729 0.844611678 0.803457375 0.833403180 0.792779004 0.804158903 0.803913111 0.903926747 1.047038577 1.056834369 0.969535666 1.028705749 1.007747174 0.836489042 0.799107478 0.796642389 1.175652036 1.153897975 1.136548703 1.169102121 0.991517975 0.987045224 0.655575331 0.255253676 0.255432045 0.250207328 0.323184822 0.367267776 0.377477429 0.433684479 0.367487614 0.237269578 0.226842122 0.150760444 0.000000000 0.259982571 0.321152664 0.378744611 0.777952555 0.761706961 0.540722606 0.603897440 0.614692475 0.540940701 0.577859892 0.570188535 0.671954019 4.366114775 
44     0.710599572 0.736606590 0.810984950 0.785136457 0.831388407 0.790234103 0.820179908 0.779555732 0.790935631 0.790689839 0.890591618 1.034178094 1.044282144 0.956200536 1.015370619 0.994412044 0.822034671 0.784449223 0.781984133 1.160988806 1.139234745 1.121885473 1.155818453 0.978293325 0.973847638 0.641626001 0.237775306 0.237951230 0.233010543 0.305748261 0.350533909 0.361768576 0.417628348 0.351339320 0.223061813 0.213013857 0.185816517 0.259982571 0.000000000 0.191637010 0.363007121 0.763262583 0.745994732 0.526844681 0.590327808 0.601028332 0.526946151 0.563872587 0.556193985 0.657828356 4.352147607 
39     0.769119904 0.795126921 0.869505281 0.843656789 0.889908738 0.848754434 0.878700239 0.838076064 0.849455963 0.849210171 0.949111949 1.092698426 1.102802476 1.014720868 1.073890951 1.052932376 0.880555003 0.842969554 0.840504465 1.219509138 1.197755076 1.180405804 1.214338785 1.036813656 1.032367969 0.699891016 0.296385173 0.296561097 0.291342880 0.364338853 0.408734738 0.419825280 0.476043028 0.409754858 0.281017307 0.270379910 0.245110718 0.321152664 0.191637010 0.000000000 0.421599007 0.821862384 0.804594534 0.585365013 0.648848140 0.659548664 0.585466483 0.622392919 0.614714317 0.716428157 4.410667939 
10     0.651618826 0.675126030 0.749878757 0.723703810 0.770200653 0.728787522 0.758720372 0.718096197 0.729476096 0.729230304 0.829798410 0.973326612 0.983434899 0.896225169 0.954647098 0.933688522 0.762003898 0.725056533 0.722591443 1.102594651 1.080914354 1.063565082 1.098761256 0.919683723 0.915238036 0.583337744 0.271448830 0.271363906 0.266674102 0.339112049 0.384140961 0.392634260 0.451069283 0.384113493 0.341060816 0.331392421 0.306660273 0.378744611 0.363007121 0.421599007 0.000000000 0.710147449 0.691219673 0.469754088 0.537318346 0.548018870 0.474196972 0.511123408 0.503444806 0.603864049 4.292441088 
24     0.893916101 0.922124229 0.996173620 0.970654097 1.017916293 0.975751742 1.003989760 0.963365584 0.974745483 0.974499691 1.074146285 1.219788618 1.230011708 1.139593302 1.198671555 1.177712980 1.004140489 0.968619820 0.966154730 1.341759072 1.320284496 1.303017690 1.340132067 1.158880517 1.154434831 0.824298197 0.672606260 0.672910573 0.667714709 0.740177902 0.784843595 0.794561000 0.852938168 0.785609456 0.742125151 0.732456756 0.705935953 0.777952555 0.763262583 0.821862384 0.710147449 0.000000000 0.567253521 0.549574501 0.613575764 0.624140820 0.550016777 0.587502018 0.579738763 0.680734117 4.535473259 
34     0.873727887 0.901045607 0.975342792 0.949592324 0.996854520 0.954689970 0.983535626 0.942911451 0.954291350 0.954045558 1.053104523 1.197853136 1.208060078 1.118203804 1.176928499 1.155969924 0.983803411 0.947917131 0.945452042 1.321125765 1.299651190 1.282384384 1.320115894 1.138050942 1.133605255 0.803407057 0.655451535 0.655755848 0.650559983 0.723023176 0.767725419 0.777523030 0.835670317 0.768138638 0.724768905 0.715100511 0.688668102 0.761706961 0.745994732 0.804594534 0.691219673 0.567253521 0.000000000 0.534824439 0.599659956 0.610262547 0.536708447 0.574071257 0.566308002 0.665534575 4.515061433 
25     0.655401991 0.682903961 0.757542780 0.731433829 0.777951177 0.736531474 0.765517172 0.724892997 0.736272896 0.736027104 0.834822561 0.980544263 0.990796721 0.900612145 0.959297794 0.938339219 0.765103352 0.734407223 0.731942133 1.108085589 1.086850930 1.069584124 1.105848805 0.922777317 0.918331630 0.588460467 0.436098029 0.436402341 0.431206477 0.503669670 0.548443523 0.558954247 0.616038844 0.548890328 0.505707249 0.496038854 0.469979195 0.540722606 0.526844681 0.585365013 0.469754088 0.549574501 0.534824439 0.000000000 0.242394593 0.251560180 0.181424230 0.218456641 0.211331211 0.362169360 4.289672182 
41     0.721446761 0.748486328 0.823125146 0.797016195 0.843533544 0.802113841 0.831066824 0.790442649 0.801822548 0.801576756 0.900605691 1.046068301 1.056332949 0.966096216 1.024792062 1.003833487 0.830877153 0.800248509 0.797783419 1.174058079 1.152692216 1.135425410 1.171450715 0.988521275 0.984075588 0.654204425 0.499502095 0.499806408 0.494610543 0.567073736 0.611961246 0.622480279 0.679683888 0.612524632 0.569192553 0.559524159 0.532786961 0.603897440 0.590327808 0.648848140 0.537318346 0.613575764 0.599659956 0.242394593 0.000000000 0.126760366 0.207702221 0.243528905 0.237208588 0.431436723 4.355700258 
7     0.731422256 0.758635739 0.833274558 0.807165607 0.853682955 0.812263252 0.841216236 0.800592060 0.811971959 0.811726168 0.910755103 1.056179585 1.066444234 0.976446695 1.035131613 1.014173037 0.840861322 0.810316192 0.807851102 1.184125761 1.162759899 1.145493093 1.181496468 0.998563215 0.994117528 0.664246365 0.510202619 0.510506932 0.505311068 0.577774261 0.622661771 0.633180803 0.690384412 0.623225157 0.579893077 0.570224683 0.543487486 0.614692475 0.601028332 0.659548664 0.548018870 0.624140820 0.610262547 0.251560180 0.126760366 0.000000000 0.217591896 0.253529191 0.247211358 0.440282839 4.365675754 
4     0.657318413 0.684342046 0.758973886 0.732851394 0.779368742 0.737949039 0.766921302 0.726297127 0.737677026 0.737431234 0.836348169 0.981939216 0.992203864 0.902114294 0.960780559 0.939821984 0.766712198 0.736427662 0.733962572 1.110193870 1.088871369 1.071604563 1.107799424 0.924130874 0.919685187 0.589998531 0.436197918 0.436502231 0.431306367 0.503769560 0.548544993 0.559055717 0.616254427 0.549095172 0.505808719 0.496140324 0.469135908 0.540940701 0.526946151 0.585466483 0.474196972 0.550016777 0.536708447 0.181424230 0.207702221 0.217591896 0.000000000 0.135470292 0.127263721 0.369176098 4.291587307 
13     0.694409383 0.721622866 0.796261685 0.770152734 0.816670082 0.775250379 0.804203363 0.763579187 0.774959086 0.774713294 0.873621658 1.019172502 1.029437150 0.939433821 0.998063987 0.977105412 0.803839625 0.773110934 0.770645844 1.146877142 1.125554642 1.108287836 1.144350333 0.960814146 0.956368460 0.626681804 0.473124354 0.473428667 0.468232803 0.540695996 0.585471429 0.595982154 0.653180864 0.586021608 0.542735155 0.533066761 0.506283088 0.577859892 0.563872587 0.622392919 0.511123408 0.587502018 0.574071257 0.218456641 0.243528905 0.253529191 0.135470292 0.000000000 0.096284601 0.405595140 4.328662880 
28     0.686763638 0.713948025 0.788586844 0.762477893 0.808995241 0.767575538 0.796491546 0.755867370 0.767247269 0.767001477 0.865946817 1.011497661 1.021762310 0.931758981 0.990389146 0.969430571 0.796164784 0.765837808 0.763372718 1.139604016 1.118281515 1.101014709 1.137158622 0.953541020 0.949095333 0.619408677 0.465445752 0.465750065 0.460554201 0.533017394 0.577792827 0.588303552 0.645502262 0.578343006 0.535056553 0.525388159 0.498604486 0.570188535 0.556193985 0.614714317 0.503444806 0.579738763 0.566308002 0.211331211 0.237208588 0.247211358 0.127263721 0.096284601 0.000000000 0.397370254 4.321032532 
5     0.787797153 0.815772507 0.890411326 0.864302375 0.910819723 0.869400020 0.898339817 0.857715642 0.869095541 0.868849749 0.967863905 1.112776628 1.123189098 1.033181873 1.091894505 1.070935929 0.898083086 0.867596294 0.865131204 1.241440951 1.220040002 1.202773195 1.238465604 1.055533991 1.051088304 0.721111307 0.567240485 0.567544797 0.562348933 0.634812126 0.679522493 0.689738299 0.746856232 0.679662706 0.636690923 0.627022529 0.600368205 0.671954019 0.657828356 0.716428157 0.603864049 0.680734117 0.665534575 0.362169360 0.431436723 0.440282839 0.369176098 0.405595140 0.397370254 0.000000000 4.435054288 
0     4.021256301 4.157443484 4.232439874 4.205215046 4.241530447 4.199084240 4.241018525 4.200313635 4.211774248 4.211528456 4.308532481 4.455121861 4.465052503 4.375580094 4.434222347 4.413263771 4.240235681 4.285559728 4.283094638 4.678069376 4.656158852 4.638897322 4.670846309 4.489928215 4.485482528 4.154666569 4.261431721 4.261652929 4.256576226 4.329039419 4.373280787 4.382053903 4.437757886 4.372476221 4.329888794 4.320220400 4.294728153 4.366114775 4.352147607 4.410667939 4.292441088 4.535473259 4.515061433 4.289672182 4.355700258 4.365675754 4.291587307 4.328662880 4.321032532 4.435054288 0.000000000 
