51
4     0.000000000 0.275662901 0.238034884 0.263024489 0.252008295 0.243511631 0.239411843 0.282698103 0.287176597 0.261199241 0.271860686 0.397297439 0.374154002 0.373815786 0.370590726 0.236277783 0.254915122 0.234663644 0.292936967 0.266572846 0.252552569 0.260032924 0.304013213 0.290921708 0.259959446 0.240551292 0.266894768 0.269535112 0.225976629 0.268589420 0.284274638 0.327717142 0.239113446 0.240632278 0.238746193 0.326277811 0.269549029 0.277202301 0.274423158 0.297402682 0.292196581 0.401089479 0.410882290 0.385159353 0.386546120 0.426143817 0.393246725 0.392178306 0.398091228 0.373746278 0.783314135 
5     0.275662901 0.000000000 0.125924899 0.154239172 0.139621729 0.142635548 0.260150409 0.303453363 0.307931857 0.281819966 0.292334517 0.418540309 0.394402485 0.394359029 0.391378142 0.256845097 0.274888692 0.255656407 0.312790783 0.286863581 0.272859588 0.280318866 0.324341760 0.311326098 0.280597762 0.261416279 0.287628169 0.290268512 0.246781977 0.289209242 0.304846605 0.348424862 0.259990119 0.261075061 0.259590719 0.347488580 0.290796353 0.297787341 0.295008198 0.318223852 0.312984269 0.421129776 0.431325516 0.405621599 0.407008366 0.446599274 0.413509100 0.412434775 0.418402070 0.393946222 0.802235297 
27     0.238034884 0.125924899 0.000000000 0.067572140 0.056184172 0.104840607 0.222951693 0.266275659 0.270754153 0.244452327 0.255064478 0.378938288 0.355031247 0.354890455 0.351758677 0.219476346 0.237716667 0.218271454 0.275221555 0.249548836 0.235508718 0.242896511 0.286959617 0.273987885 0.242971412 0.223928429 0.250140319 0.252780662 0.209294127 0.251872424 0.267509786 0.310918233 0.222487965 0.223572906 0.221906362 0.310022417 0.253336350 0.260225177 0.257446034 0.280778262 0.275664786 0.383424711 0.393680040 0.367976123 0.369362890 0.408821517 0.375900412 0.374826087 0.380745277 0.356278044 0.764769466 
14     0.263024489 0.154239172 0.067572140 0.000000000 0.085129616 0.132327970 0.247553449 0.291131742 0.295610236 0.269088796 0.279700948 0.403091665 0.379242931 0.379038907 0.376149968 0.244305146 0.262552247 0.243173298 0.300120273 0.274466768 0.260426650 0.267819909 0.311878213 0.298906481 0.267751336 0.248651265 0.274863155 0.277503498 0.234016963 0.276411080 0.291982850 0.335363708 0.247040202 0.248115459 0.246500608 0.334863645 0.278177578 0.285023805 0.282244662 0.305573315 0.300459839 0.408944082 0.419168942 0.393465025 0.394851792 0.434411090 0.401329230 0.400254905 0.406174096 0.381722485 0.791667980 
33     0.252008295 0.139621729 0.056184172 0.085129616 0.000000000 0.118093318 0.237360454 0.280684420 0.285162914 0.258861088 0.269473240 0.393317566 0.369480402 0.369339610 0.366183290 0.233940352 0.252195097 0.232768014 0.289659655 0.264002561 0.249962443 0.257355038 0.301413342 0.288441610 0.257403700 0.238373731 0.264585622 0.267225965 0.223739430 0.266117766 0.281755128 0.325177200 0.236746932 0.237779525 0.236195958 0.324261553 0.267575485 0.274477649 0.271698507 0.295011353 0.289897878 0.398156196 0.408381055 0.382677138 0.384063905 0.423659925 0.390578065 0.389503741 0.395422931 0.371054901 0.779021627 
24     0.243511631 0.142635548 0.104840607 0.132327970 0.118093318 0.000000000 0.227824351 0.271236557 0.275715051 0.249394617 0.259992185 0.386166844 0.362338339 0.362072272 0.358956580 0.224360524 0.242685531 0.223219896 0.280338210 0.254438770 0.240565595 0.247946395 0.291963125 0.278856355 0.248193701 0.228898131 0.254991278 0.257631621 0.214263830 0.256667040 0.272304402 0.315373605 0.227438447 0.228527305 0.226735921 0.314646530 0.257813937 0.264881360 0.262102217 0.285431642 0.280318167 0.388130163 0.398425942 0.372697718 0.374084485 0.413221263 0.380192940 0.379118615 0.385037806 0.360519790 0.769563132 
15     0.239411843 0.260150409 0.222951693 0.247553449 0.237360454 0.227824351 0.000000000 0.102823917 0.107336599 0.108019788 0.118444682 0.268955082 0.245164665 0.244585647 0.240787355 0.144255370 0.162441805 0.142838192 0.200942485 0.174975463 0.160777030 0.168625710 0.212536957 0.199299378 0.167799846 0.147974276 0.174069446 0.176740174 0.132540447 0.198607746 0.213946358 0.255507994 0.168954412 0.170265301 0.168124764 0.256571646 0.200202039 0.207220504 0.204409885 0.227025644 0.221516906 0.330032357 0.339753258 0.314352517 0.315739285 0.354449941 0.322346232 0.321309190 0.327104312 0.303058249 0.708916086 
17     0.282698103 0.303453363 0.266275659 0.291131742 0.280684420 0.271236557 0.102823917 0.000000000 0.037444930 0.151127221 0.161465609 0.312466890 0.288616850 0.288040101 0.284262162 0.187287881 0.205450801 0.185815302 0.244082495 0.217793768 0.203684175 0.211576198 0.255390899 0.242313632 0.211071660 0.191218099 0.217168970 0.219839699 0.175812916 0.242178278 0.257536869 0.298924881 0.212478205 0.213789094 0.211642479 0.300604760 0.244069340 0.251106805 0.248296185 0.270833742 0.265402295 0.372445646 0.382119593 0.356740036 0.358126803 0.397719532 0.365251479 0.364207740 0.370011886 0.345748444 0.753188679 
19     0.287176597 0.307931857 0.270754153 0.295610236 0.285162914 0.275715051 0.107336599 0.037444930 0.000000000 0.155529788 0.165868176 0.316948370 0.293098331 0.292521582 0.288733959 0.191734876 0.209897796 0.190247404 0.248540207 0.222259216 0.208141887 0.216033910 0.259848612 0.246779080 0.215631465 0.195777905 0.221813423 0.224484152 0.180396319 0.246645337 0.262003928 0.303449042 0.216945264 0.218256153 0.216109538 0.305130135 0.248594715 0.255632179 0.252821560 0.275359116 0.269927669 0.377940056 0.387614002 0.362191255 0.363578022 0.402984975 0.370626166 0.369582426 0.375386573 0.351123131 0.757677887 
8     0.261199241 0.281819966 0.244452327 0.269088796 0.258861088 0.249394617 0.108019788 0.151127221 0.155529788 0.000000000 0.035347707 0.290905400 0.267087580 0.266478611 0.262373943 0.166076939 0.184176955 0.164573342 0.222688765 0.196337239 0.182471678 0.190238694 0.234144781 0.221178796 0.189655381 0.169829810 0.195839916 0.198510645 0.154477612 0.220813023 0.236207084 0.277844334 0.191156366 0.192447989 0.190666280 0.278655286 0.221887905 0.229540091 0.226765442 0.249336179 0.243877159 0.351558661 0.361330583 0.335785059 0.337171827 0.376627593 0.344392765 0.343349025 0.349177499 0.324733640 0.733420638 
25     0.271860686 0.292334517 0.255064478 0.279700948 0.269473240 0.259992185 0.118444682 0.161465609 0.165868176 0.035347707 0.000000000 0.301547929 0.277730110 0.277121141 0.273016472 0.176811204 0.194911220 0.175307607 0.233344463 0.207352183 0.193227301 0.200999825 0.244887820 0.231863216 0.200415366 0.180589795 0.206599901 0.209270629 0.165237596 0.231504975 0.246899036 0.288589404 0.201988396 0.203299285 0.201400376 0.289249268 0.232481886 0.240171315 0.237386185 0.259956923 0.254497902 0.362234524 0.372006446 0.346465764 0.347852531 0.387303456 0.355068628 0.354024888 0.359853362 0.335490221 0.744101677 
1     0.397297439 0.418540309 0.378938288 0.403091665 0.393317566 0.386166844 0.268955082 0.312466890 0.316948370 0.290905400 0.301547929 0.000000000 0.078778776 0.077005893 0.240056331 0.302817536 0.320764111 0.301115618 0.359361231 0.333160774 0.318858573 0.327088526 0.371082500 0.357786545 0.325834871 0.306025554 0.332140210 0.334810939 0.290765528 0.357227377 0.372636160 0.414287143 0.327287753 0.327674585 0.326394324 0.415078612 0.358119579 0.365548284 0.362737245 0.385615087 0.379566699 0.486770260 0.496525853 0.471211508 0.472598275 0.512246234 0.479761413 0.478813653 0.484327064 0.461060400 0.865135564 
22     0.374154002 0.394402485 0.355031247 0.379242931 0.369480402 0.362338339 0.245164665 0.288616850 0.293098331 0.267087580 0.277730110 0.078778776 0.000000000 0.034199452 0.216026889 0.279288000 0.297234576 0.277718124 0.335777053 0.309576597 0.295274396 0.303504349 0.347498322 0.334202368 0.302240808 0.282465764 0.308608565 0.311279294 0.267191395 0.333549348 0.348958131 0.390626609 0.303595943 0.304105381 0.302568436 0.391388140 0.334384563 0.342039440 0.339228401 0.362106243 0.356057855 0.463339095 0.473094688 0.447780343 0.449167110 0.488810716 0.456475885 0.455432146 0.460910650 0.437415698 0.841485380 
7     0.373815786 0.394359029 0.354890455 0.379038907 0.369339610 0.362072272 0.244585647 0.288040101 0.292521582 0.266478611 0.277121141 0.077005893 0.034199452 0.000000000 0.214784001 0.278847222 0.296784111 0.277282721 0.335307128 0.309106672 0.294804471 0.303034424 0.347028398 0.333732443 0.301815073 0.282005755 0.308132821 0.310803550 0.266725539 0.333239009 0.348647791 0.390316270 0.303378584 0.303795042 0.302347020 0.390923908 0.333920332 0.341575209 0.338764170 0.361642012 0.355593624 0.462876426 0.472632018 0.447317674 0.448704441 0.488348047 0.456013216 0.454969476 0.460442596 0.436953029 0.841035497 
29     0.370590726 0.391378142 0.351758677 0.376149968 0.366183290 0.358956580 0.240787355 0.284262162 0.288733959 0.262373943 0.273016472 0.240056331 0.216026889 0.214784001 0.000000000 0.275420293 0.293452240 0.273689435 0.331510743 0.305594946 0.291141689 0.299461937 0.343354718 0.330239396 0.298241787 0.278432470 0.304559536 0.307230265 0.263052749 0.329950863 0.345351365 0.386184319 0.300097029 0.300762070 0.299169428 0.387990912 0.330946307 0.338645536 0.335834497 0.358558323 0.352611062 0.460460154 0.470215747 0.444901403 0.446288170 0.485860678 0.453473372 0.452429632 0.457954062 0.434279129 0.839996000 
16     0.236277783 0.256845097 0.219476346 0.244305146 0.233940352 0.224360524 0.144255370 0.187287881 0.191734876 0.166076939 0.176811204 0.302817536 0.279288000 0.278847222 0.275420293 0.000000000 0.077262652 0.058194263 0.152336827 0.125860094 0.111496174 0.119529637 0.163703640 0.150331319 0.154555105 0.134646225 0.160733425 0.163420204 0.119401510 0.196486080 0.211871596 0.254099205 0.166944432 0.168539540 0.165778808 0.253606266 0.197384617 0.204021321 0.201190078 0.223818260 0.218570346 0.327219154 0.337067104 0.311310459 0.312748856 0.352414754 0.319923814 0.318826428 0.324724696 0.300568926 0.707438649 
12     0.254915122 0.274888692 0.237716667 0.262552247 0.252195097 0.242685531 0.162441805 0.205450801 0.209897796 0.184176955 0.194911220 0.320764111 0.297234576 0.296784111 0.293452240 0.077262652 0.000000000 0.076081289 0.170501897 0.144299775 0.129778762 0.137873061 0.182042318 0.168624324 0.173021421 0.153112542 0.179239087 0.181925866 0.137822665 0.214797341 0.230211039 0.272331542 0.185310385 0.186848841 0.184151331 0.271941893 0.215683593 0.222313325 0.219482082 0.242110264 0.236862350 0.345532110 0.355395353 0.329577382 0.331074579 0.370738772 0.338234935 0.337137549 0.343035817 0.318894649 0.725681918 
9     0.234663644 0.255656407 0.218271454 0.243173298 0.232768014 0.223219896 0.142838192 0.185815302 0.190247404 0.164573342 0.175307607 0.301115618 0.277718124 0.277282721 0.273689435 0.058194263 0.076081289 0.000000000 0.151246883 0.124969783 0.110461128 0.118428854 0.162625764 0.149334654 0.153626159 0.133717280 0.159832263 0.162519041 0.118498752 0.194596042 0.209999040 0.252142670 0.165244301 0.166777666 0.164135089 0.252367215 0.195958613 0.202521871 0.199690629 0.222304180 0.217070897 0.326013621 0.335858886 0.309957412 0.311497066 0.351211798 0.318703986 0.317606600 0.323504868 0.299367674 0.706069070 
35     0.292936967 0.312790783 0.275221555 0.300120273 0.289659655 0.280338210 0.200942485 0.244082495 0.248540207 0.222688765 0.233344463 0.359361231 0.335777053 0.335307128 0.331510743 0.152336827 0.170501897 0.151246883 0.000000000 0.160188632 0.146822871 0.153878090 0.198047609 0.184505066 0.210875671 0.190985254 0.217173256 0.219860035 0.175801899 0.253179688 0.268612262 0.310867602 0.223710923 0.225217341 0.222697372 0.310421320 0.253724642 0.260403342 0.257526094 0.280156801 0.274792873 0.383691276 0.393551030 0.367836109 0.369274506 0.408616464 0.376303159 0.375196200 0.381098687 0.356927822 0.764652406 
6     0.266572846 0.286863581 0.249548836 0.274466768 0.264002561 0.254438770 0.174975463 0.217793768 0.222259216 0.196337239 0.207352183 0.333160774 0.309576597 0.309106672 0.305594946 0.125860094 0.144299775 0.124969783 0.160188632 0.000000000 0.097087907 0.104308724 0.149441158 0.135768763 0.184977114 0.165048527 0.191158292 0.193818417 0.149222725 0.226651709 0.242050766 0.284238889 0.197183239 0.198710949 0.195916585 0.284109125 0.227885344 0.234157794 0.231326551 0.254045709 0.249090102 0.357231159 0.367028664 0.341464038 0.342902436 0.382819785 0.349983812 0.348913542 0.354818287 0.330613504 0.739608650 
11     0.252552569 0.272859588 0.235508718 0.260426650 0.249962443 0.240565595 0.160777030 0.203684175 0.208141887 0.182471678 0.193227301 0.318858573 0.295274396 0.294804471 0.291141689 0.111496174 0.129778762 0.110461128 0.146822871 0.097087907 0.000000000 0.090672139 0.135305924 0.120868459 0.171105902 0.151160099 0.177375048 0.180035173 0.135924640 0.212582800 0.227982956 0.270321089 0.183018881 0.184558427 0.181852029 0.269645488 0.213459373 0.219937991 0.217048514 0.239796434 0.234854147 0.342459680 0.352573681 0.326913075 0.328351473 0.368273620 0.335290584 0.334314443 0.340260905 0.316101199 0.725393958 
31     0.260032924 0.280318866 0.242896511 0.267819909 0.257355038 0.247946395 0.168625710 0.211576198 0.216033910 0.190238694 0.200999825 0.327088526 0.303504349 0.303034424 0.299461937 0.119529637 0.137873061 0.118428854 0.153878090 0.104308724 0.090672139 0.000000000 0.091509617 0.102115121 0.178624771 0.158576504 0.184974708 0.187634833 0.143467739 0.220078141 0.235501604 0.277779945 0.190640293 0.192189054 0.189324366 0.277580058 0.221483860 0.227954035 0.225050004 0.247780109 0.242714210 0.350918535 0.360456720 0.334770522 0.336208919 0.376033832 0.343323911 0.342217453 0.348202899 0.323926955 0.733177580 
30     0.304013213 0.324341760 0.286959617 0.311878213 0.301413342 0.291963125 0.212536957 0.255390899 0.259848612 0.234144781 0.244887820 0.371082500 0.347498322 0.347028398 0.343354718 0.163703640 0.182042318 0.162625764 0.198047609 0.149441158 0.135305924 0.091509617 0.000000000 0.145818850 0.222431953 0.202429008 0.228817005 0.231477130 0.187420107 0.264128318 0.279547972 0.321796791 0.234725994 0.236190171 0.233334482 0.321585032 0.265445149 0.271937366 0.268936111 0.291767404 0.286786668 0.393780896 0.403838632 0.378121570 0.379559968 0.419755593 0.386938305 0.385837449 0.391816410 0.367661419 0.776328184 
18     0.290921708 0.311326098 0.273987885 0.298906481 0.288441610 0.278856355 0.199299378 0.242313632 0.246779080 0.221178796 0.231863216 0.357786545 0.334202368 0.333732443 0.330239396 0.150331319 0.168624324 0.149334654 0.184505066 0.135768763 0.120868459 0.102115121 0.145818850 0.000000000 0.208926482 0.188899518 0.215263714 0.217923838 0.173766237 0.250603169 0.265980365 0.308100532 0.221396324 0.222860501 0.219810521 0.308132880 0.252219893 0.258696246 0.255802637 0.278570700 0.273480358 0.381634218 0.391742165 0.366083493 0.367521890 0.407366654 0.374583795 0.373485019 0.379462782 0.355291918 0.762475062 
20     0.259959446 0.280597762 0.242971412 0.267751336 0.257403700 0.248193701 0.167799846 0.211071660 0.215631465 0.189655381 0.200415366 0.325834871 0.302240808 0.301815073 0.298241787 0.154555105 0.173021421 0.153626159 0.210875671 0.184977114 0.171105902 0.178624771 0.222431953 0.208926482 0.000000000 0.074942589 0.120116447 0.122853788 0.089449301 0.219468361 0.234973300 0.277067741 0.190074750 0.191497301 0.188982393 0.277967761 0.221729165 0.228795003 0.225927084 0.248502097 0.243245536 0.351507951 0.361235401 0.335605048 0.336991815 0.376505808 0.343879601 0.342826705 0.348663097 0.324504581 0.731311967 
3     0.240551292 0.261416279 0.223928429 0.248651265 0.238373731 0.228898131 0.147974276 0.191218099 0.195777905 0.169829810 0.180589795 0.306025554 0.282465764 0.282005755 0.278432470 0.134646225 0.153112542 0.133717280 0.190985254 0.165048527 0.151160099 0.158576504 0.202429008 0.188899518 0.074942589 0.000000000 0.100359120 0.103018834 0.069579329 0.199579670 0.215083340 0.257277769 0.170284778 0.171707329 0.169052625 0.258159703 0.202134633 0.209072191 0.206206994 0.228790344 0.223533784 0.332333366 0.342078396 0.316448042 0.317834810 0.357103311 0.324752701 0.323706948 0.329570022 0.305339226 0.711764259 
21     0.266894768 0.287628169 0.250140319 0.274863155 0.264585622 0.254991278 0.174069446 0.217168970 0.221813423 0.195839916 0.206599901 0.332140210 0.308608565 0.308132821 0.304559536 0.160733425 0.179239087 0.159832263 0.217173256 0.191158292 0.177375048 0.184974708 0.228817005 0.215263714 0.120116447 0.100359120 0.000000000 0.039079885 0.095470374 0.225900861 0.241405799 0.283565780 0.196570433 0.197954346 0.195478072 0.284431223 0.228323928 0.235259719 0.232404749 0.254979762 0.249723202 0.357885429 0.367651669 0.341975725 0.343362492 0.382876060 0.350536812 0.349718569 0.355354132 0.331140942 0.737723968 
32     0.269535112 0.290268512 0.252780662 0.277503498 0.267225965 0.257631621 0.176740174 0.219839699 0.224484152 0.198510645 0.209270629 0.334810939 0.311279294 0.310803550 0.307230265 0.163420204 0.181925866 0.162519041 0.219860035 0.193818417 0.180035173 0.187634833 0.231477130 0.217923838 0.122853788 0.103018834 0.039079885 0.000000000 0.098216674 0.228545149 0.244050088 0.286210069 0.199214721 0.200598635 0.198122361 0.286835420 0.230767222 0.237703013 0.234848044 0.257423057 0.252166496 0.359313228 0.369079468 0.343476881 0.344863648 0.385536184 0.351946633 0.351128390 0.356774426 0.332446462 0.740313643 
26     0.225976629 0.246781977 0.209294127 0.234016963 0.223739430 0.214263830 0.132540447 0.175812916 0.180396319 0.154477612 0.165237596 0.290765528 0.267191395 0.266725539 0.263052749 0.119401510 0.137822665 0.118498752 0.175801899 0.149222725 0.135924640 0.143467739 0.187420107 0.173766237 0.089449301 0.069579329 0.095470374 0.098216674 0.000000000 0.185133922 0.200638861 0.242266130 0.155869049 0.157331709 0.154803455 0.243799446 0.187542870 0.194372189 0.191519100 0.214093541 0.208859108 0.316060228 0.325805258 0.300174905 0.301561672 0.340924234 0.308404977 0.307359224 0.313222298 0.289018571 0.694174694 
2     0.268589420 0.289209242 0.251872424 0.276411080 0.266117766 0.256667040 0.198607746 0.242178278 0.246645337 0.220813023 0.231504975 0.357227377 0.333549348 0.333239009 0.329950863 0.196486080 0.214797341 0.194596042 0.253179688 0.226651709 0.212582800 0.220078141 0.264128318 0.250603169 0.219468361 0.199579670 0.225900861 0.228545149 0.185133922 0.000000000 0.088413087 0.210984986 0.123320069 0.124294080 0.128258999 0.288110562 0.231465437 0.238867003 0.236144561 0.258731466 0.253928531 0.361724729 0.371540359 0.346052722 0.347439489 0.387032897 0.354206762 0.353133068 0.359222481 0.334980271 0.745281093 
10     0.284274638 0.304846605 0.267509786 0.291982850 0.281755128 0.272304402 0.213946358 0.257536869 0.262003928 0.236207084 0.246899036 0.372636160 0.348958131 0.348647791 0.345351365 0.211871596 0.230211039 0.209999040 0.268612262 0.242050766 0.227982956 0.235501604 0.279547972 0.265980365 0.234973300 0.215083340 0.241405799 0.244050088 0.200638861 0.088413087 0.000000000 0.227044612 0.139323253 0.140196815 0.144303540 0.303318651 0.246848723 0.254388910 0.251666468 0.274264635 0.269450438 0.377021770 0.386837400 0.361352021 0.362738789 0.402334111 0.369471045 0.368365546 0.374432051 0.350281485 0.760890109 
13     0.327717142 0.348424862 0.310918233 0.335363708 0.325177200 0.315373605 0.255507994 0.298924881 0.303449042 0.277844334 0.288589404 0.414287143 0.390626609 0.390316270 0.386184319 0.254099205 0.272331542 0.252142670 0.310867602 0.284238889 0.270321089 0.277779945 0.321796791 0.308100532 0.277067741 0.257277769 0.283565780 0.286210069 0.242266130 0.210984986 0.227044612 0.000000000 0.180458277 0.181351048 0.187457358 0.347098213 0.290231266 0.297798733 0.295076291 0.317671635 0.312873397 0.420824381 0.431077942 0.405526127 0.406912895 0.445976817 0.413568891 0.412363536 0.418465679 0.394199053 0.801702007 
28     0.239113446 0.259990119 0.222487965 0.247040202 0.236746932 0.227438447 0.168954412 0.212478205 0.216945264 0.191156366 0.201988396 0.327287753 0.303595943 0.303378584 0.300097029 0.166944432 0.185310385 0.165244301 0.223710923 0.197183239 0.183018881 0.190640293 0.234725994 0.221396324 0.190074750 0.170284778 0.196570433 0.199214721 0.155869049 0.123320069 0.139323253 0.180458277 0.000000000 0.028596098 0.099037106 0.259036205 0.202516882 0.209807695 0.207085253 0.229328234 0.224869223 0.333227576 0.343055379 0.317419931 0.318806698 0.358334389 0.325622664 0.324416846 0.330521913 0.306232758 0.716039459 
23     0.240632278 0.261075061 0.223572906 0.248115459 0.237779525 0.228527305 0.170265301 0.213789094 0.218256153 0.192447989 0.203299285 0.327674585 0.304105381 0.303795042 0.300762070 0.168539540 0.186848841 0.166777666 0.225217341 0.198710949 0.184558427 0.192189054 0.236190171 0.222860501 0.191497301 0.171707329 0.197954346 0.200598635 0.157331709 0.124294080 0.140196815 0.181351048 0.028596098 0.000000000 0.100113589 0.260102970 0.203656701 0.210876423 0.208156826 0.230561516 0.225961525 0.334412776 0.344240578 0.318605130 0.319991898 0.359519589 0.326807864 0.325604861 0.331707113 0.307417958 0.717362146 
34     0.238746193 0.259590719 0.221906362 0.246500608 0.236195958 0.226735921 0.168124764 0.211642479 0.216109538 0.190666280 0.201400376 0.326394324 0.302568436 0.302347020 0.299169428 0.165778808 0.184151331 0.164135089 0.222697372 0.195916585 0.181852029 0.189324366 0.233334482 0.219810521 0.188982393 0.169052625 0.195478072 0.198122361 0.154803455 0.128258999 0.144303540 0.187457358 0.099037106 0.100113589 0.000000000 0.257969710 0.201320571 0.208452246 0.205729804 0.228422939 0.223513774 0.332329115 0.342167100 0.316451564 0.317838332 0.357493433 0.324872330 0.323661909 0.329759669 0.305492088 0.712543695 
46     0.326277811 0.347488580 0.310022417 0.334863645 0.324261553 0.314646530 0.256571646 0.300604760 0.305130135 0.278655286 0.289249268 0.415078612 0.391388140 0.390923908 0.387990912 0.253606266 0.271941893 0.252367215 0.310421320 0.284109125 0.269645488 0.277580058 0.321585032 0.308132880 0.277967761 0.258159703 0.284431223 0.286835420 0.243799446 0.288110562 0.303318651 0.347098213 0.259036205 0.260102970 0.257969710 0.000000000 0.149359020 0.217288215 0.214746434 0.237599222 0.232086236 0.403299491 0.413031780 0.387316957 0.388607961 0.428435748 0.395453977 0.394178696 0.400335910 0.375935456 0.801804682 
36     0.269549029 0.290796353 0.253336350 0.278177578 0.267575485 0.257813937 0.200202039 0.244069340 0.248594715 0.221887905 0.232481886 0.358119579 0.334384563 0.333920332 0.330946307 0.197384617 0.215683593 0.195958613 0.253724642 0.227885344 0.213459373 0.221483860 0.265445149 0.252219893 0.221729165 0.202134633 0.228323928 0.230767222 0.187542870 0.231465437 0.246848723 0.290231266 0.202516882 0.203656701 0.201320571 0.149359020 0.000000000 0.161153911 0.158623444 0.181441442 0.175958744 0.345771458 0.355503746 0.329699507 0.331092410 0.370994134 0.337911204 0.336635923 0.342793137 0.318344133 0.745339205 
38     0.277202301 0.297787341 0.260225177 0.285023805 0.274477649 0.264881360 0.207220504 0.251106805 0.255632179 0.229540091 0.240171315 0.365548284 0.342039440 0.341575209 0.338645536 0.204021321 0.222313325 0.202521871 0.260403342 0.234157794 0.219937991 0.227954035 0.271937366 0.258696246 0.228795003 0.209072191 0.235259719 0.237703013 0.194372189 0.238867003 0.254388910 0.297798733 0.209807695 0.210876423 0.208452246 0.217288215 0.161153911 0.000000000 0.053109054 0.099676492 0.093452520 0.354321302 0.364053591 0.338175247 0.339562014 0.379457792 0.346557713 0.345200594 0.351483818 0.326937750 0.752420775 
37     0.274423158 0.295008198 0.257446034 0.282244662 0.271698507 0.262102217 0.204409885 0.248296185 0.252821560 0.226765442 0.237386185 0.362737245 0.339228401 0.338764170 0.335834497 0.201190078 0.219482082 0.199690629 0.257526094 0.231326551 0.217048514 0.225050004 0.268936111 0.255802637 0.225927084 0.206206994 0.232404749 0.234848044 0.191519100 0.236144561 0.251666468 0.295076291 0.207085253 0.208156826 0.205729804 0.214746434 0.158623444 0.053109054 0.000000000 0.097352058 0.091560761 0.350442997 0.360175285 0.334220036 0.335606803 0.375612942 0.342526707 0.341312348 0.347537033 0.323069933 0.749601679 
45     0.297402682 0.318223852 0.280778262 0.305573315 0.295011353 0.285431642 0.227025644 0.270833742 0.275359116 0.249336179 0.259956923 0.385615087 0.362106243 0.361642012 0.358558323 0.223818260 0.242110264 0.222304180 0.280156801 0.254045709 0.239796434 0.247780109 0.291767404 0.278570700 0.248502097 0.228790344 0.254979762 0.257423057 0.214093541 0.258731466 0.274264635 0.317671635 0.229328234 0.230561516 0.228422939 0.237599222 0.181441442 0.099676492 0.097352058 0.000000000 0.113728139 0.373959257 0.383819173 0.357969083 0.359355850 0.399119101 0.365974602 0.364830294 0.371083819 0.346592181 0.770621184 
50     0.292196581 0.312984269 0.275664786 0.300459839 0.289897878 0.280318167 0.221516906 0.265402295 0.269927669 0.243877159 0.254497902 0.379566699 0.356057855 0.355593624 0.352611062 0.218570346 0.236862350 0.217070897 0.274792873 0.249090102 0.234854147 0.242714210 0.286786668 0.273480358 0.243245536 0.223533784 0.249723202 0.252166496 0.208859108 0.253928531 0.269450438 0.312873397 0.224869223 0.225961525 0.223513774 0.232086236 0.175958744 0.093452520 0.091560761 0.113728139 0.000000000 0.368066350 0.377791224 0.351963437 0.353350205 0.392836236 0.360261949 0.358918917 0.365123291 0.340695843 0.767282959 
42     0.401089479 0.421129776 0.383424711 0.408944082 0.398156196 0.388130163 0.330032357 0.372445646 0.377940056 0.351558661 0.362234524 0.486770260 0.463339095 0.462876426 0.460460154 0.327219154 0.345532110 0.326013621 0.383691276 0.357231159 0.342459680 0.350918535 0.393780896 0.381634218 0.351507951 0.332333366 0.357885429 0.359313228 0.316060228 0.361724729 0.377021770 0.420824381 0.333227576 0.334412776 0.332329115 0.403299491 0.345771458 0.354321302 0.350442997 0.373959257 0.368066350 0.000000000 0.078450971 0.092571827 0.094196348 0.202233246 0.179313535 0.177143882 0.184738738 0.161461159 0.873244244 
44     0.410882290 0.431325516 0.393680040 0.419168942 0.408381055 0.398425942 0.339753258 0.382119593 0.387614002 0.361330583 0.372006446 0.496525853 0.473094688 0.472632018 0.470215747 0.337067104 0.355395353 0.335858886 0.393551030 0.367028664 0.352573681 0.360456720 0.403838632 0.391742165 0.361235401 0.342078396 0.367651669 0.369079468 0.325805258 0.371540359 0.386837400 0.431077942 0.343055379 0.344240578 0.342167100 0.413031780 0.355503746 0.364053591 0.360175285 0.383819173 0.377791224 0.078450971 0.000000000 0.097937505 0.098907409 0.208353301 0.186453779 0.184284126 0.191888297 0.168242068 0.883024672 
48     0.385159353 0.405621599 0.367976123 0.393465025 0.382677138 0.372697718 0.314352517 0.356740036 0.362191255 0.335785059 0.346465764 0.471211508 0.447780343 0.447317674 0.444901403 0.311310459 0.329577382 0.309957412 0.367836109 0.341464038 0.326913075 0.334770522 0.378121570 0.366083493 0.335605048 0.316448042 0.341975725 0.343476881 0.300174905 0.346052722 0.361352021 0.405526127 0.317419931 0.318605130 0.316451564 0.387316957 0.329699507 0.338175247 0.334220036 0.357969083 0.351963437 0.092571827 0.097937505 0.000000000 0.018692291 0.183240334 0.158936643 0.156638466 0.164361842 0.140581521 0.857503889 
39     0.386546120 0.407008366 0.369362890 0.394851792 0.384063905 0.374084485 0.315739285 0.358126803 0.363578022 0.337171827 0.347852531 0.472598275 0.449167110 0.448704441 0.446288170 0.312748856 0.331074579 0.311497066 0.369274506 0.342902436 0.328351473 0.336208919 0.379559968 0.367521890 0.336991815 0.317834810 0.343362492 0.344863648 0.301561672 0.347439489 0.362738789 0.406912895 0.318806698 0.319991898 0.317838332 0.388607961 0.331092410 0.339562014 0.335606803 0.359355850 0.353350205 0.094196348 0.098907409 0.018692291 0.000000000 0.184812461 0.159805794 0.157564018 0.165287394 0.141641083 0.858890657 
47     0.426143817 0.446599274 0.408821517 0.434411090 0.423659925 0.413221263 0.354449941 0.397719532 0.402984975 0.376627593 0.387303456 0.512246234 0.488810716 0.488348047 0.485860678 0.352414754 0.370738772 0.351211798 0.408616464 0.382819785 0.368273620 0.376033832 0.419755593 0.407366654 0.376505808 0.357103311 0.382876060 0.385536184 0.340924234 0.387032897 0.402334111 0.445976817 0.358334389 0.359519589 0.357493433 0.428435748 0.370994134 0.379457792 0.375612942 0.399119101 0.392836236 0.202233246 0.208353301 0.183240334 0.184812461 0.000000000 0.196285821 0.195512526 0.201842888 0.179248076 0.898177753 
49     0.393246725 0.413509100 0.375900412 0.401329230 0.390578065 0.380192940 0.322346232 0.365251479 0.370626166 0.344392765 0.355068628 0.479761413 0.456475885 0.456013216 0.453473372 0.319923814 0.338234935 0.318703986 0.376303159 0.349983812 0.335290584 0.343323911 0.386938305 0.374583795 0.343879601 0.324752701 0.350536812 0.351946633 0.308404977 0.354206762 0.369471045 0.413568891 0.325622664 0.326807864 0.324872330 0.395453977 0.337911204 0.346557713 0.342526707 0.365974602 0.360261949 0.179313535 0.186453779 0.158936643 0.159805794 0.196285821 0.000000000 0.046260085 0.060377625 0.109333397 0.864681718 
43     0.392178306 0.412434775 0.374826087 0.400254905 0.389503741 0.379118615 0.321309190 0.364207740 0.369582426 0.343349025 0.354024888 0.478813653 0.455432146 0.454969476 0.452429632 0.318826428 0.337137549 0.317606600 0.375196200 0.348913542 0.334314443 0.342217453 0.385837449 0.373485019 0.342826705 0.323706948 0.349718569 0.351128390 0.307359224 0.353133068 0.368365546 0.412363536 0.324416846 0.325604861 0.323661909 0.394178696 0.336635923 0.345200594 0.341312348 0.364830294 0.358918917 0.177143882 0.184284126 0.156638466 0.157564018 0.195512526 0.046260085 0.000000000 0.059465116 0.107404922 0.863758345 
41     0.398091228 0.418402070 0.380745277 0.406174096 0.395422931 0.385037806 0.327104312 0.370011886 0.375386573 0.349177499 0.359853362 0.484327064 0.460910650 0.460442596 0.457954062 0.324724696 0.343035817 0.323504868 0.381098687 0.354818287 0.340260905 0.348202899 0.391816410 0.379462782 0.348663097 0.329570022 0.355354132 0.356774426 0.313222298 0.359222481 0.374432051 0.418465679 0.330521913 0.331707113 0.329759669 0.400335910 0.342793137 0.351483818 0.347537033 0.371083819 0.365123291 0.184738738 0.191888297 0.164361842 0.165287394 0.201842888 0.060377625 0.059465116 0.000000000 0.113953398 0.867406366 
40     0.373746278 0.393946222 0.356278044 0.381722485 0.371054901 0.360519790 0.303058249 0.345748444 0.351123131 0.324733640 0.335490221 0.461060400 0.437415698 0.436953029 0.434279129 0.300568926 0.318894649 0.299367674 0.356927822 0.330613504 0.316101199 0.323926955 0.367661419 0.355291918 0.324504581 0.305339226 0.331140942 0.332446462 0.289018571 0.334980271 0.350281485 0.394199053 0.306232758 0.307417958 0.305492088 0.375935456 0.318344133 0.326937750 0.323069933 0.346592181 0.340695843 0.161461159 0.168242068 0.140581521 0.141641083 0.179248076 0.109333397 0.107404922 0.113953398 0.000000000 0.845423343 
0     0.783314135 0.802235297 0.764769466 0.791667980 0.779021627 0.769563132 0.708916086 0.753188679 0.757677887 0.733420638 0.744101677 0.865135564 0.841485380 0.841035497 0.839996000 0.707438649 0.725681918 0.706069070 0.764652406 0.739608650 0.725393958 0.733177580 0.776328184 0.762475062 0.731311967 0.711764259 0.737723968 0.740313643 0.694174694 0.745281093 0.760890109 0.801702007 0.716039459 0.717362146 0.712543695 0.801804682 0.745339205 0.752420775 0.749601679 0.770621184 0.767282959 0.873244244 0.883024672 0.857503889 0.858890657 0.898177753 0.864681718 0.863758345 0.867406366 0.845423343 0.000000000 
