51
1     0.000000000 0.000052740 0.060529420 0.029703460 0.002158860 0.035416730 0.012297130 0.190168230 0.123963230 0.127490730 0.181987780 0.225190320 0.232237870 0.157436420 0.131382520 0.193529390 0.246396410 0.253364670 0.233998990 0.225174020 0.295454370 0.273200470 0.167873080 0.307034490 0.231125790 0.242179350 0.250001840 0.247680250 0.266205530 0.268593250 0.257820300 0.274181300 0.257717370 0.236960690 0.233730780 0.204507370 0.263918600 0.226529540 0.311911010 0.316464690 0.248204120 0.254194930 0.245592730 0.266919550 0.196960830 0.189751280 0.198153200 0.276896510 0.198274440 0.199147710 0.132802390 
7     0.000052740 0.000000000 0.033224120 0.014736650 0.083350230 0.081267410 0.025500670 0.117116040 0.105756120 0.109283620 0.344184030 0.328678690 0.289574550 0.295207730 0.276223900 0.196485450 0.275077950 0.313021980 0.346860270 0.289093940 0.413251550 0.390997650 0.276512410 0.337298740 0.264659890 0.228232950 0.238595910 0.215887870 0.224452030 0.267352140 0.236558970 0.306605570 0.283668810 0.211630320 0.211712080 0.227594790 0.380520630 0.343131570 0.329762700 0.319010950 0.241752080 0.247742890 0.239140690 0.266071110 0.208422860 0.305572340 0.268291380 0.276048070 0.242036540 0.242511960 0.190139070 
8     0.060529420 0.033224120 0.000000000 0.001656780 0.015677940 0.034520520 0.012885720 0.187673250 0.107671540 0.111199040 0.241725690 0.255914100 0.259374740 0.317954860 0.307477560 0.282607430 0.249022800 0.255991060 0.236625380 0.296878980 0.298080760 0.275826860 0.221566770 0.309660880 0.311288930 0.365864750 0.334473050 0.288639160 0.274695010 0.362393890 0.354950620 0.336773910 0.334714880 0.288611890 0.276192790 0.269328980 0.498317620 0.418174700 0.403476250 0.402927060 0.341087020 0.318482600 0.317761670 0.356190050 0.223495990 0.250029000 0.302500600 0.355334020 0.317946230 0.317985690 0.420117720 
5     0.029703460 0.014736650 0.001656780 0.000000000 0.010732060 0.010256370 0.001432690 0.248282390 0.223111490 0.222998740 0.286598470 0.311576570 0.315037210 0.298484630 0.320941510 0.254190260 0.241247670 0.311653530 0.292287850 0.257858640 0.353743230 0.331489330 0.177786520 0.361357950 0.291786660 0.328385530 0.387965360 0.308341120 0.330357480 0.346852980 0.337225970 0.361293870 0.370466280 0.297621560 0.294391650 0.267008730 0.420458430 0.384409380 0.372571880 0.383271030 0.275517760 0.277524010 0.263536560 0.269728300 0.279158460 0.305691470 0.314781950 0.322538640 0.288527110 0.289002530 0.368903010 
6     0.002158860 0.083350230 0.015677940 0.010732060 0.000000000 0.000217950 0.024277530 0.279422920 0.255779170 0.259306670 0.235415660 0.347483430 0.314616300 0.287402710 0.341630950 0.252055280 0.195790380 0.382299320 0.260873080 0.258469710 0.407055600 0.364933410 0.060121250 0.254687380 0.244719490 0.148469900 0.195642100 0.105038440 0.082361720 0.139887300 0.161876080 0.088680620 0.091719260 0.094421420 0.083959760 0.074197160 0.137872210 0.176776830 0.079865530 0.061725590 0.168064380 0.167984420 0.168437100 0.070391610 0.361612240 0.093158940 0.291472590 0.254711970 0.248571890 0.262529600 0.427429090 
3     0.035416730 0.081267410 0.034520520 0.010256370 0.000217950 0.000000000 0.029248990 0.304042940 0.255303480 0.258830980 0.226338640 0.357866000 0.333450810 0.296070630 0.350298870 0.260723200 0.186713360 0.381417850 0.251796060 0.249392690 0.449478930 0.361201400 0.051044230 0.323382800 0.323375470 0.139392880 0.186565080 0.095961420 0.073284700 0.130810280 0.152799060 0.079603600 0.082642240 0.085344400 0.074882740 0.065120140 0.128795190 0.167699810 0.070788510 0.052648570 0.158987360 0.158907400 0.159360080 0.061314590 0.342527940 0.084081920 0.310307100 0.245634950 0.239494870 0.253452580 0.337840050 
10     0.012297130 0.025500670 0.012885720 0.001432690 0.024277530 0.029248990 0.000000000 0.120529310 0.040527600 0.044055100 0.150418280 0.176457430 0.170539560 0.181596720 0.209669460 0.191051550 0.180570170 0.272957120 0.239499330 0.209630470 0.383772350 0.367864240 0.235814000 0.188163290 0.181667050 0.182577080 0.183351020 0.178701850 0.188984140 0.227290960 0.175764960 0.230738200 0.186366100 0.164619620 0.166051490 0.256652990 0.292656270 0.289920970 0.216151690 0.205399940 0.207592260 0.190014580 0.171109090 0.175957650 0.113495870 0.247979890 0.304389260 0.324800740 0.327344440 0.338730620 0.309157790 
4     0.190168230 0.117116040 0.187673250 0.248282390 0.279422920 0.304042940 0.120529310 0.000000000 0.018396300 0.016882480 0.183589710 0.253798020 0.294031170 0.280343400 0.308416140 0.176216610 0.165009470 0.191130670 0.234196810 0.147950010 0.386229050 0.299427210 0.119695420 0.179694950 0.212072440 0.159899570 0.147445960 0.158863870 0.151402570 0.179237180 0.178124550 0.257084140 0.231081360 0.143489970 0.149273130 0.110530080 0.264469400 0.227080340 0.301967740 0.291111360 0.110038690 0.129088330 0.128291790 0.156215270 0.130796120 0.207841030 0.152803400 0.163736250 0.227266550 0.227102970 0.328058820 
2     0.123963230 0.105756120 0.107671540 0.223111490 0.255779170 0.255303480 0.040527600 0.018396300 0.000000000 0.000000190 0.223316810 0.274145300 0.316529780 0.148283350 0.122229450 0.188417560 0.151127480 0.203331620 0.233328840 0.216020950 0.347859230 0.257537420 0.133160160 0.171266230 0.106308900 0.147433050 0.081456540 0.112475010 0.122168780 0.100047950 0.089275000 0.105636000 0.089172070 0.089892520 0.069026340 0.119845020 0.095373300 0.057984240 0.191563900 0.147919390 0.134786620 0.120659610 0.170048190 0.147786550 0.122367400 0.197194150 0.144374680 0.155307530 0.189121370 0.189994640 0.345388450 
9     0.127490730 0.109283620 0.111199040 0.222998740 0.259306670 0.258830980 0.044055100 0.016882480 0.000000190 0.000000000 0.219256440 0.302155180 0.313193280 0.254532910 0.279298020 0.144111920 0.132904780 0.159025980 0.260425860 0.246701630 0.351386730 0.273384960 0.133018580 0.155621860 0.174986320 0.135826480 0.123372870 0.134790780 0.127329480 0.155164090 0.154051460 0.174313420 0.157849490 0.119416880 0.125200040 0.185591480 0.164050720 0.126661660 0.260241320 0.216596810 0.119142250 0.105015240 0.154403820 0.132142180 0.106723030 0.220259370 0.128730310 0.139663160 0.203193460 0.203029880 0.324480060 
43     0.181987780 0.344184030 0.241725690 0.286598470 0.235415660 0.226338640 0.150418280 0.183589710 0.223316810 0.219256440 0.000000000 0.029168910 0.032629550 0.052674110 0.003127500 0.004339870 0.026764390 0.005183140 0.059986110 0.050621580 0.074906320 0.049947750 0.003352360 0.079306960 0.079306970 0.101799930 0.063104090 0.110282490 0.073515180 0.033692620 0.029265240 0.045039530 0.036414280 0.013624210 0.010395560 0.017882350 0.095344280 0.202596760 0.148339230 0.148344770 0.134223380 0.135465340 0.079493310 0.112542100 0.066278820 0.060044680 0.118266210 0.198116850 0.160729060 0.160768520 0.285676090 
40     0.225190320 0.328678690 0.255914100 0.311576570 0.347483430 0.357866000 0.176457430 0.253798020 0.274145300 0.302155180 0.029168910 0.000000000 0.001184900 0.000020310 0.017128330 0.110440080 0.054138350 0.093540200 0.074174520 0.118925660 0.135629900 0.113376000 0.072871670 0.152912400 0.136911090 0.129073250 0.168186020 0.124466600 0.154131030 0.138407430 0.136784540 0.152848320 0.162020730 0.122638560 0.123442790 0.144542480 0.300508940 0.178816160 0.200986690 0.190234940 0.161785520 0.158361490 0.102874730 0.133181930 0.080467230 0.103247220 0.159471840 0.186140720 0.173958590 0.172896260 0.251990920 
24     0.232237870 0.289574550 0.259374740 0.315037210 0.314616300 0.333450810 0.170539560 0.294031170 0.316529780 0.313193280 0.032629550 0.001184900 0.000000000 0.016468910 0.018170760 0.016494080 0.072117000 0.055118430 0.077635160 0.031190390 0.137114020 0.116836640 0.076332310 0.152931380 0.146718860 0.142484230 0.136728510 0.137877580 0.147139600 0.107317040 0.102889660 0.118663950 0.110038700 0.087248630 0.084019980 0.091506770 0.168968700 0.156473050 0.181203500 0.170451750 0.161547810 0.138578300 0.083091540 0.113398740 0.083927870 0.110460880 0.162932480 0.215765900 0.178378110 0.178417570 0.101712580 
27     0.157436420 0.295207730 0.317954860 0.298484630 0.287402710 0.296070630 0.181596720 0.280343400 0.148283350 0.254532910 0.052674110 0.000020310 0.016468910 0.000000000 0.003707870 0.050758980 0.051667900 0.051602250 0.143195420 0.087884500 0.121325430 0.116228930 0.042641460 0.125726070 0.125726080 0.133941120 0.109523200 0.144478100 0.119934290 0.080111730 0.075684350 0.091458640 0.082833390 0.060043320 0.056814670 0.064301460 0.141763390 0.247095220 0.167515730 0.156763980 0.125918370 0.123283320 0.069403770 0.099710970 0.103869110 0.090711140 0.105061480 0.113266640 0.105182720 0.106055990 0.158406690 
37     0.131382520 0.276223900 0.307477560 0.320941510 0.341630950 0.350298870 0.209669460 0.308416140 0.122229450 0.279298020 0.003127500 0.017128330 0.018170760 0.003707870 0.000000000 0.001212370 0.023636890 0.002055640 0.081440590 0.047494080 0.071778820 0.066682320 0.000224860 0.076179460 0.076179470 0.088213960 0.059976590 0.083607310 0.070387680 0.030565120 0.026137740 0.041912030 0.033286780 0.010496710 0.007268060 0.014754850 0.092216780 0.219591660 0.145211730 0.145217270 0.120926230 0.131913140 0.097476510 0.127783710 0.077815210 0.114634650 0.079007580 0.135434420 0.079128820 0.080002090 0.274880460 
47     0.193529390 0.196485450 0.282607430 0.254190260 0.252055280 0.260723200 0.191051550 0.176216610 0.188417560 0.144111920 0.004339870 0.110440080 0.016494080 0.050758980 0.001212370 0.000000000 0.019016560 0.000843270 0.048435220 0.016012310 0.070566450 0.038819180 0.000996610 0.077009490 0.077009500 0.097002460 0.060806620 0.092395810 0.071217710 0.031395150 0.026967770 0.042742060 0.034116810 0.011326740 0.008098090 0.015584880 0.093046810 0.123946960 0.146041760 0.143694470 0.128757610 0.127920250 0.105199820 0.162793230 0.100800830 0.116317220 0.142932810 0.159837850 0.147655720 0.146593390 0.086535660 
36     0.246396410 0.275077950 0.249022800 0.241247670 0.195790380 0.186713360 0.180570170 0.165009470 0.151127480 0.132904780 0.026764390 0.054138350 0.072117000 0.051667900 0.023636890 0.019016560 0.000000000 0.009158710 0.028669270 0.042045680 0.056744720 0.054242580 0.023421130 0.099434010 0.083338300 0.075824630 0.049956990 0.061382380 0.075327510 0.053819670 0.049392290 0.065166580 0.056541330 0.033751260 0.030522610 0.038009400 0.088928780 0.129744360 0.158464000 0.141217510 0.097811860 0.096974500 0.067833480 0.098684420 0.073575930 0.084217190 0.068585370 0.125671560 0.122049810 0.123391300 0.170493380 
46     0.253364670 0.313021980 0.255991060 0.311653530 0.382299320 0.381417850 0.272957120 0.191130670 0.203331620 0.159025980 0.005183140 0.093540200 0.055118430 0.051602250 0.002055640 0.000843270 0.009158710 0.000000000 0.038494200 0.045459240 0.071232880 0.060182220 0.001839880 0.077852760 0.077852770 0.135664100 0.061649890 0.086823740 0.072060980 0.032238420 0.027811040 0.043585330 0.034960080 0.012170010 0.008941360 0.016428150 0.093890080 0.109118260 0.146885030 0.128865770 0.127135710 0.127025980 0.093274840 0.173118480 0.080544190 0.107077200 0.094026730 0.133860060 0.121677930 0.120615600 0.125160010 
29     0.233998990 0.346860270 0.236625380 0.292287850 0.260873080 0.251796060 0.239499330 0.234196810 0.233328840 0.260425860 0.059986110 0.074174520 0.077635160 0.143195420 0.081440590 0.048435220 0.028669270 0.038494200 0.000000000 0.002296420 0.068692660 0.034372640 0.053582950 0.119397700 0.107348510 0.099510670 0.084567460 0.094904020 0.085532860 0.108844850 0.100043720 0.097343530 0.093738800 0.076338410 0.078175080 0.081591840 0.185483250 0.229481500 0.175424180 0.169147910 0.108017210 0.107179850 0.109013400 0.158001820 0.061178510 0.087711520 0.130052490 0.145324260 0.133142130 0.132079800 0.234555810 
39     0.225174020 0.289093940 0.296878980 0.257858640 0.258469710 0.249392690 0.209630470 0.147950010 0.216020950 0.246701630 0.050621580 0.118925660 0.031190390 0.087884500 0.047494080 0.016012310 0.042045680 0.045459240 0.002296420 0.000000000 0.101048650 0.047214300 0.047278320 0.119975600 0.103974290 0.096136450 0.078290080 0.089715470 0.103723420 0.077676860 0.073249480 0.089023770 0.080398520 0.057608450 0.054379800 0.061866590 0.139328520 0.229023730 0.172049960 0.165773690 0.128848720 0.129917710 0.096166570 0.164928720 0.126501980 0.100003130 0.096918460 0.154004650 0.145378720 0.144316390 0.101231970 
41     0.295454370 0.413251550 0.298080760 0.353743230 0.407055600 0.449478930 0.383772350 0.386229050 0.347859230 0.351386730 0.074906320 0.135629900 0.137114020 0.121325430 0.071778820 0.070566450 0.056744720 0.071232880 0.068692660 0.101048650 0.000000000 0.005096900 0.071563060 0.147575940 0.147575950 0.205308760 0.131373070 0.210241840 0.141784160 0.101961600 0.097534220 0.113308510 0.104683260 0.081893190 0.078664540 0.086151330 0.163613260 0.422300360 0.216608210 0.216613750 0.216295750 0.216310350 0.201785330 0.263323270 0.122633890 0.149166900 0.201638500 0.254471920 0.217084130 0.217123590 0.342031160 
49     0.273200470 0.390997650 0.275826860 0.331489330 0.364933410 0.361201400 0.367864240 0.299427210 0.257537420 0.273384960 0.049947750 0.113376000 0.116836640 0.116228930 0.066682320 0.038819180 0.054242580 0.060182220 0.034372640 0.047214300 0.005096900 0.000000000 0.066466560 0.136926520 0.120925210 0.113087370 0.126276570 0.108480720 0.136687660 0.096865100 0.092437720 0.108212010 0.099586760 0.076796690 0.073568040 0.081054830 0.158516760 0.253690080 0.189000880 0.182724610 0.145799640 0.156786550 0.122590100 0.217842030 0.100379990 0.126913000 0.154261070 0.169532840 0.157350710 0.156288380 0.319777260 
50     0.167873080 0.276512410 0.221566770 0.177786520 0.060121250 0.051044230 0.235814000 0.119695420 0.133160160 0.133018580 0.003352360 0.072871670 0.076332310 0.042641460 0.000224860 0.000996610 0.023421130 0.001839880 0.053582950 0.047278320 0.071563060 0.066466560 0.000000000 0.076021980 0.067768460 0.059930620 0.059819110 0.044917930 0.022241210 0.030407640 0.025980260 0.028560110 0.031598750 0.010339230 0.007110580 0.014597370 0.080017600 0.118922220 0.022010920 0.003870980 0.084438810 0.089805260 0.067936170 0.012537000 0.046119900 0.032597460 0.102023100 0.123711650 0.123149970 0.125948980 0.259270550 
25     0.307034490 0.337298740 0.309660880 0.361357950 0.254687380 0.323382800 0.188163290 0.179694950 0.171266230 0.155621860 0.079306960 0.152912400 0.152931380 0.125726070 0.076179460 0.077009490 0.099434010 0.077852760 0.119397700 0.119975600 0.147575940 0.136926520 0.076021980 0.000000000 0.000000010 0.001875060 0.026029370 0.028908900 0.023028400 0.006010760 0.025976980 0.038206600 0.023802260 0.003950190 0.015314950 0.007081770 0.102185750 0.105537390 0.030794070 0.021600190 0.132583050 0.118456040 0.119914760 0.145582980 0.107098040 0.111410620 0.142171110 0.153103960 0.203536380 0.204877870 0.246269090 
17     0.231125790 0.264659890 0.311288930 0.291786660 0.244719490 0.323375470 0.181667050 0.212072440 0.106308900 0.174986320 0.079306970 0.136911090 0.146718860 0.125726080 0.076179470 0.077009500 0.083338300 0.077852770 0.107348510 0.103974290 0.147575950 0.120925210 0.067768460 0.000000010 0.000000000 0.003068920 0.009513000 0.013087950 0.024687530 0.011430090 0.011063890 0.017449620 0.013744020 0.009369520 0.004399810 0.009606280 0.080161350 0.059708630 0.033318580 0.024124700 0.121348970 0.125534220 0.103913450 0.167509860 0.052232460 0.056545040 0.162323670 0.219409860 0.215015540 0.211446130 0.184495760 
38     0.242179350 0.228232950 0.365864750 0.328385530 0.148469900 0.139392880 0.182577080 0.159899570 0.147433050 0.135826480 0.101799930 0.129073250 0.142484230 0.133941120 0.088213960 0.097002460 0.075824630 0.135664100 0.099510670 0.096136450 0.205308760 0.113087370 0.059930620 0.001875060 0.003068920 0.000000000 0.006882960 0.011941580 0.023961540 0.020366690 0.011937770 0.018323500 0.011284720 0.008829530 0.004180630 0.008238850 0.120036120 0.080746490 0.031951150 0.022757270 0.107149810 0.094403790 0.096075610 0.100885650 0.080685910 0.073778550 0.114126270 0.133308580 0.142305980 0.138736570 0.156495810 
30     0.250001840 0.238595910 0.334473050 0.387965360 0.195642100 0.186565080 0.183351020 0.147445960 0.081456540 0.123372870 0.063104090 0.168186020 0.136728510 0.109523200 0.059976590 0.060806620 0.049956990 0.061649890 0.084567460 0.078290080 0.131373070 0.126276570 0.059819110 0.026029370 0.009513000 0.006882960 0.000000000 0.015070800 0.018363210 0.018453880 0.018605980 0.026061230 0.017443400 0.004889630 0.005779260 0.019200070 0.089456600 0.040894760 0.048070640 0.046552390 0.100334060 0.086207050 0.086206250 0.113333990 0.063881180 0.067752110 0.086958140 0.120854970 0.136279540 0.132710130 0.185963240 
31     0.247680250 0.215887870 0.288639160 0.308341120 0.105038440 0.095961420 0.178701850 0.158863870 0.112475010 0.134790780 0.110282490 0.124466600 0.137877580 0.144478100 0.083607310 0.092395810 0.061382380 0.086823740 0.094904020 0.089715470 0.210241840 0.108480720 0.044917930 0.028908900 0.013087950 0.011941580 0.015070800 0.000000000 0.007082270 0.004181210 0.003674250 0.000877280 0.002902820 0.001383180 0.007251320 0.020274970 0.111225320 0.033600040 0.062692520 0.048788170 0.111751970 0.097624960 0.091468960 0.057454190 0.039626250 0.043938830 0.098383530 0.132272880 0.151847970 0.153189460 0.170505640 
45     0.266205530 0.224452030 0.274695010 0.330357480 0.082361720 0.073284700 0.188984140 0.151402570 0.122168780 0.127329480 0.073515180 0.154131030 0.147139600 0.119934290 0.070387680 0.071217710 0.075327510 0.072060980 0.085532860 0.103723420 0.141784160 0.136687660 0.022241210 0.023028400 0.024687530 0.023961540 0.018363210 0.007082270 0.000000000 0.005020950 0.007336500 0.006339100 0.009426220 0.001997130 0.001666740 0.025713600 0.102258070 0.005597890 0.043082860 0.025345400 0.104290670 0.090163660 0.111639590 0.034777470 0.091871450 0.057544800 0.112391480 0.124811580 0.156288610 0.152719200 0.178471410 
42     0.268593250 0.267352140 0.362393890 0.346852980 0.139887300 0.130810280 0.227290960 0.179237180 0.100047950 0.155164090 0.033692620 0.138407430 0.107317040 0.080111730 0.030565120 0.031395150 0.053819670 0.032238420 0.108844850 0.077676860 0.101961600 0.096865100 0.030407640 0.006010760 0.011430090 0.020366690 0.018453880 0.004181210 0.005020950 0.000000000 0.000203720 0.001823570 0.003113820 0.001598820 0.011961610 0.019584950 0.108048010 0.064711860 0.045291050 0.043772800 0.128619330 0.117998270 0.105409790 0.092303050 0.057235690 0.061548270 0.141713340 0.152646190 0.195681830 0.195336200 0.209885840 
19     0.257820300 0.236558970 0.354950620 0.337225970 0.161876080 0.152799060 0.175764960 0.178124550 0.089275000 0.154051460 0.029265240 0.136784540 0.102889660 0.075684350 0.026137740 0.026967770 0.049392290 0.027811040 0.100043720 0.073249480 0.097534220 0.092437720 0.025980260 0.025976980 0.011063890 0.011937770 0.018605980 0.003674250 0.007336500 0.000203720 0.000000000 0.001666850 0.002823540 0.003502590 0.007519320 0.022135920 0.097275060 0.059886000 0.049932350 0.049058020 0.126633410 0.116885640 0.103786900 0.114291830 0.053577250 0.057889830 0.128460870 0.151533560 0.169238080 0.165668670 0.241425640 
28     0.274181300 0.306605570 0.336773910 0.361293870 0.088680620 0.079603600 0.230738200 0.257084140 0.105636000 0.174313420 0.045039530 0.152848320 0.118663950 0.091458640 0.041912030 0.042742060 0.065166580 0.043585330 0.097343530 0.089023770 0.113308510 0.108212010 0.028560110 0.038206600 0.017449620 0.018323500 0.026061230 0.000877280 0.006339100 0.001823570 0.001666850 0.000000000 0.002210260 0.008511400 0.007985640 0.028521650 0.108576970 0.050406510 0.050570290 0.032430350 0.123933220 0.123095860 0.119850680 0.041096370 0.042930340 0.047242920 0.129310290 0.186396480 0.182774730 0.180615100 0.170446020 
12     0.257717370 0.283668810 0.334714880 0.370466280 0.091719260 0.082642240 0.186366100 0.231081360 0.089172070 0.157849490 0.036414280 0.162020730 0.110038700 0.082833390 0.033286780 0.034116810 0.056541330 0.034960080 0.093738800 0.080398520 0.104683260 0.099586760 0.031598750 0.023802260 0.013744020 0.011284720 0.017443400 0.002902820 0.009426220 0.003113820 0.002823540 0.002210260 0.000000000 0.000329450 0.005906130 0.009338150 0.097172130 0.033848980 0.053608930 0.035468990 0.120328490 0.119491130 0.128333400 0.044135010 0.038635190 0.042947770 0.131630960 0.188717150 0.176149700 0.172580290 0.233913130 
14     0.236960690 0.211630320 0.288611890 0.297621560 0.094421420 0.085344400 0.164619620 0.143489970 0.089892520 0.119416880 0.013624210 0.122638560 0.087248630 0.060043320 0.010496710 0.011326740 0.033751260 0.012170010 0.076338410 0.057608450 0.081893190 0.076796690 0.010339230 0.003950190 0.009369520 0.008829530 0.004889630 0.001383180 0.001997130 0.001598820 0.003502590 0.008511400 0.000329450 0.000000000 0.003383070 0.008857900 0.097384070 0.008775690 0.045584870 0.028523200 0.096378070 0.082251060 0.075783080 0.046837170 0.040877140 0.045189720 0.076534970 0.116898980 0.129999410 0.131340900 0.187791830 
18     0.233730780 0.211712080 0.276192790 0.294391650 0.083959760 0.074882740 0.166051490 0.149273130 0.069026340 0.125200040 0.010395560 0.123442790 0.084019980 0.056814670 0.007268060 0.008098090 0.030522610 0.008941360 0.078175080 0.054379800 0.078664540 0.073568040 0.007110580 0.015314950 0.004399810 0.004180630 0.005779260 0.007251320 0.001666740 0.011961610 0.007519320 0.007985640 0.005906130 0.003383070 0.000000000 0.005150370 0.077026400 0.039637340 0.037574220 0.027709490 0.101840420 0.088034220 0.081261270 0.036375510 0.087680150 0.059142840 0.082013160 0.122682140 0.135477600 0.136819090 0.158516640 
48     0.204507370 0.227594790 0.269328980 0.267008730 0.074197160 0.065120140 0.256652990 0.110530080 0.119845020 0.185591480 0.017882350 0.144542480 0.091506770 0.064301460 0.014754850 0.015584880 0.038009400 0.016428150 0.081591840 0.061866590 0.086151330 0.081054830 0.014597370 0.007081770 0.009606280 0.008238850 0.019200070 0.020274970 0.025713600 0.019584950 0.022135920 0.028521650 0.009338150 0.008857900 0.005150370 0.000000000 0.028542040 0.027897540 0.009532170 0.012572130 0.108181530 0.107344170 0.111544840 0.026148210 0.034562650 0.038875230 0.118432730 0.183073580 0.163957920 0.160388510 0.154113820 
26     0.263918600 0.380520630 0.498317620 0.420458430 0.137872210 0.128795190 0.292656270 0.264469400 0.095373300 0.164050720 0.095344280 0.300508940 0.168968700 0.141763390 0.092216780 0.093046810 0.088928780 0.093890080 0.185483250 0.139328520 0.163613260 0.158516760 0.080017600 0.102185750 0.080161350 0.120036120 0.089456600 0.111225320 0.102258070 0.108048010 0.097275060 0.108576970 0.097172130 0.097384070 0.077026400 0.028542040 0.000000000 0.000834440 0.043020130 0.047739110 0.187496030 0.187416070 0.187868750 0.089823260 0.242393270 0.112590590 0.236263870 0.251535640 0.239353510 0.238291180 0.432145400 
35     0.226529540 0.343131570 0.418174700 0.384409380 0.176776830 0.167699810 0.289920970 0.227080340 0.057984240 0.126661660 0.202596760 0.178816160 0.156473050 0.247095220 0.219591660 0.123946960 0.129744360 0.109118260 0.229481500 0.229023730 0.422300360 0.253690080 0.118922220 0.105537390 0.059708630 0.080746490 0.040894760 0.033600040 0.005597890 0.064711860 0.059886000 0.050406510 0.033848980 0.008775690 0.039637340 0.027897540 0.000834440 0.000000000 0.034267440 0.023266930 0.203084030 0.203187340 0.154256670 0.128727880 0.027645190 0.031957770 0.198874810 0.214146580 0.201964450 0.200902120 0.407901750 
21     0.311911010 0.329762700 0.403476250 0.372571880 0.079865530 0.070788510 0.216151690 0.301967740 0.191563900 0.260241320 0.148339230 0.200986690 0.181203500 0.167515730 0.145211730 0.146041760 0.158464000 0.146885030 0.175424180 0.172049960 0.216608210 0.189000880 0.022010920 0.030794070 0.033318580 0.031951150 0.048070640 0.062692520 0.043082860 0.045291050 0.049932350 0.050570290 0.053608930 0.045584870 0.037574220 0.009532170 0.043020130 0.034267440 0.000000000 0.000005540 0.129489350 0.129409390 0.129862070 0.031816580 0.082403850 0.054583910 0.201918800 0.216136940 0.209996860 0.223954570 0.360833160 
16     0.316464690 0.319010950 0.402927060 0.383271030 0.061725590 0.052648570 0.205399940 0.291111360 0.147919390 0.216596810 0.148344770 0.190234940 0.170451750 0.156763980 0.145217270 0.143694470 0.141217510 0.128865770 0.169147910 0.165773690 0.216613750 0.182724610 0.003870980 0.021600190 0.024124700 0.022757270 0.046552390 0.048788170 0.025345400 0.043772800 0.049058020 0.032430350 0.035468990 0.028523200 0.027709490 0.012572130 0.047739110 0.023266930 0.000005540 0.000000000 0.111349410 0.111269450 0.111722130 0.013676640 0.052297660 0.036443970 0.182526710 0.197997000 0.191856920 0.205814630 0.408237140 
15     0.248204120 0.241752080 0.341087020 0.275517760 0.168064380 0.158987360 0.207592260 0.110038690 0.134786620 0.119142250 0.134223380 0.161785520 0.161547810 0.125918370 0.120926230 0.128757610 0.097811860 0.127135710 0.108017210 0.128848720 0.216295750 0.145799640 0.084438810 0.132583050 0.121348970 0.107149810 0.100334060 0.111751970 0.104290670 0.128619330 0.126633410 0.123933220 0.120328490 0.096378070 0.101840420 0.108181530 0.187496030 0.203084030 0.129489350 0.111349410 0.000000000 0.000086560 0.000604080 0.012161430 0.018370980 0.042779850 0.040378260 0.051311110 0.037868550 0.077598940 0.352992300 
13     0.254194930 0.247742890 0.318482600 0.277524010 0.167984420 0.158907400 0.190014580 0.129088330 0.120659610 0.105015240 0.135465340 0.158361490 0.138578300 0.123283320 0.131913140 0.127920250 0.096974500 0.127025980 0.107179850 0.129917710 0.216310350 0.156786550 0.089805260 0.118456040 0.125534220 0.094403790 0.086207050 0.097624960 0.090163660 0.117998270 0.116885640 0.123095860 0.119491130 0.082251060 0.088034220 0.107344170 0.187416070 0.203187340 0.129409390 0.111269450 0.000086560 0.000000000 0.000524120 0.016396690 0.004243970 0.016468330 0.026251250 0.027339120 0.029171940 0.051338430 0.338868990 
22     0.245592730 0.239140690 0.317761670 0.263536560 0.168437100 0.159360080 0.171109090 0.128291790 0.170048190 0.154403820 0.079493310 0.102874730 0.083091540 0.069403770 0.097476510 0.105199820 0.067833480 0.093274840 0.109013400 0.096166570 0.201785330 0.122590100 0.067936170 0.119914760 0.103913450 0.096075610 0.086206250 0.091468960 0.111639590 0.105409790 0.103786900 0.119850680 0.128333400 0.075783080 0.081261270 0.111544840 0.187868750 0.154256670 0.129862070 0.111722130 0.000604080 0.000524120 0.000000000 0.002745050 0.018401030 0.019093080 0.065806350 0.029963870 0.031796690 0.053963180 0.326760760 
34     0.266919550 0.266071110 0.356190050 0.269728300 0.070391610 0.061314590 0.175957650 0.156215270 0.147786550 0.132142180 0.112542100 0.133181930 0.113398740 0.099710970 0.127783710 0.162793230 0.098684420 0.173118480 0.158001820 0.164928720 0.263323270 0.217842030 0.012537000 0.145582980 0.167509860 0.100885650 0.113333990 0.057454190 0.034777470 0.092303050 0.114291830 0.041096370 0.044135010 0.046837170 0.036375510 0.026148210 0.089823260 0.128727880 0.031816580 0.013676640 0.012161430 0.016396690 0.002745050 0.000000000 0.030177980 0.024274590 0.078706630 0.089639480 0.086863910 0.087339330 0.314363560 
23     0.196960830 0.208422860 0.223495990 0.279158460 0.361612240 0.342527940 0.113495870 0.130796120 0.122367400 0.106723030 0.066278820 0.080467230 0.083927870 0.103869110 0.077815210 0.100800830 0.073575930 0.080544190 0.061178510 0.126501980 0.122633890 0.100379990 0.046119900 0.107098040 0.052232460 0.080685910 0.063881180 0.039626250 0.091871450 0.057235690 0.053577250 0.042930340 0.038635190 0.040877140 0.087680150 0.034562650 0.242393270 0.027645190 0.082403850 0.052297660 0.018370980 0.004243970 0.018401030 0.030177980 0.000000000 0.004675520 0.002268670 0.028892940 0.002389910 0.003263180 0.267446390 
11     0.189751280 0.305572340 0.250029000 0.305691470 0.093158940 0.084081920 0.247979890 0.207841030 0.197194150 0.220259370 0.060044680 0.103247220 0.110460880 0.090711140 0.114634650 0.116317220 0.084217190 0.107077200 0.087711520 0.100003130 0.149166900 0.126913000 0.032597460 0.111410620 0.056545040 0.073778550 0.067752110 0.043938830 0.057544800 0.061548270 0.057889830 0.047242920 0.042947770 0.045189720 0.059142840 0.038875230 0.112590590 0.031957770 0.054583910 0.036443970 0.042779850 0.016468330 0.019093080 0.024274590 0.004675520 0.000000000 0.010831330 0.028612630 0.016430500 0.015368170 0.203034610 
32     0.198153200 0.268291380 0.302500600 0.314781950 0.291472590 0.310307100 0.304389260 0.152803400 0.144374680 0.128730310 0.118266210 0.159471840 0.162932480 0.105061480 0.079007580 0.142932810 0.068585370 0.094026730 0.130052490 0.096918460 0.201638500 0.154261070 0.102023100 0.142171110 0.162323670 0.114126270 0.086958140 0.098383530 0.112391480 0.141713340 0.128460870 0.129310290 0.131630960 0.076534970 0.082013160 0.118432730 0.236263870 0.198874810 0.201918800 0.182526710 0.040378260 0.026251250 0.065806350 0.078706630 0.002268670 0.010831330 0.000000000 0.007393730 0.000121960 0.000995230 0.162574350 
20     0.276896510 0.276048070 0.355334020 0.322538640 0.254711970 0.245634950 0.324800740 0.163736250 0.155307530 0.139663160 0.198116850 0.186140720 0.215765900 0.113266640 0.135434420 0.159837850 0.125671560 0.133860060 0.145324260 0.154004650 0.254471920 0.169532840 0.123711650 0.153103960 0.219409860 0.133308580 0.120854970 0.132272880 0.124811580 0.152646190 0.151533560 0.186396480 0.188717150 0.116898980 0.122682140 0.183073580 0.251535640 0.214146580 0.216136940 0.197997000 0.051311110 0.027339120 0.029963870 0.089639480 0.028892940 0.028612630 0.007393730 0.000000000 0.001832820 0.000732310 0.399284420 
44     0.198274440 0.242036540 0.317946230 0.288527110 0.248571890 0.239494870 0.327344440 0.227266550 0.189121370 0.203193460 0.160729060 0.173958590 0.178378110 0.105182720 0.079128820 0.147655720 0.122049810 0.121677930 0.133142130 0.145378720 0.217084130 0.157350710 0.123149970 0.203536380 0.215015540 0.142305980 0.136279540 0.151847970 0.156288610 0.195681830 0.169238080 0.182774730 0.176149700 0.129999410 0.135477600 0.163957920 0.239353510 0.201964450 0.209996860 0.191856920 0.037868550 0.029171940 0.031796690 0.086863910 0.002389910 0.016430500 0.000121960 0.001832820 0.000000000 0.000090410 0.274956210 
33     0.199147710 0.242511960 0.317985690 0.289002530 0.262529600 0.253452580 0.338730620 0.227102970 0.189994640 0.203029880 0.160768520 0.172896260 0.178417570 0.106055990 0.080002090 0.146593390 0.123391300 0.120615600 0.132079800 0.144316390 0.217123590 0.156288380 0.125948980 0.204877870 0.211446130 0.138736570 0.132710130 0.153189460 0.152719200 0.195336200 0.165668670 0.180615100 0.172580290 0.131340900 0.136819090 0.160388510 0.238291180 0.200902120 0.223954570 0.205814630 0.077598940 0.051338430 0.053963180 0.087339330 0.003263180 0.015368170 0.000995230 0.000732310 0.000090410 0.000000000 0.361936090 
0     0.132802390 0.190139070 0.420117720 0.368903010 0.427429090 0.337840050 0.309157790 0.328058820 0.345388450 0.324480060 0.285676090 0.251990920 0.101712580 0.158406690 0.274880460 0.086535660 0.170493380 0.125160010 0.234555810 0.101231970 0.342031160 0.319777260 0.259270550 0.246269090 0.184495760 0.156495810 0.185963240 0.170505640 0.178471410 0.209885840 0.241425640 0.170446020 0.233913130 0.187791830 0.158516640 0.154113820 0.432145400 0.407901750 0.360833160 0.408237140 0.352992300 0.338868990 0.326760760 0.314363560 0.267446390 0.203034610 0.162574350 0.399284420 0.274956210 0.361936090 0.000000000 
