51
1     0.000000000 0.570822521 0.555212499 0.510683458 0.579367526 0.568212954 0.504371310 1.063288222 1.100937168 1.097127026 1.410215364 1.508879849 1.510806406 1.552817753 1.457213946 1.360736782 1.197012680 1.708263588 1.350229356 1.311010826 1.776826210 1.393206073 1.183377284 1.400244164 1.344614506 1.354224073 1.374586536 1.334519640 1.363339254 1.356689320 1.339245665 1.363169996 1.349411754 1.312202488 1.312185820 1.309552939 1.898991312 1.823294043 1.492713083 1.485904397 1.238498539 1.239158248 1.188875936 1.676333460 1.255558949 1.356468639 1.312166853 1.399673935 1.348130096 1.351910578 3.814704100 
7     0.570822521 0.000000000 0.814380525 0.765994963 0.836954009 0.823871922 0.764869746 1.326372653 1.364043922 1.360233779 1.673340956 1.772005441 1.773931999 1.815943346 1.720339538 1.623862375 1.460138273 1.971389180 1.613354949 1.574136419 2.039951803 1.656331665 1.446495753 1.663362632 1.607732975 1.617342542 1.637705004 1.597638109 1.626457723 1.619807789 1.602364133 1.626288465 1.612530223 1.575320957 1.575304289 1.572671408 2.162109781 2.086412511 1.755831552 1.749022866 1.501624132 1.502283840 1.452001528 1.939459053 1.518684542 1.619594232 1.575292446 1.662799528 1.611255689 1.615036170 4.077802352 
8     0.555212499 0.814380525 0.000000000 0.162040237 0.443894359 0.427229216 0.440340263 1.254593009 1.292209587 1.288399445 1.601548768 1.700213253 1.702139811 1.744151158 1.648547350 1.552070187 1.388346085 1.899596992 1.541562761 1.502344231 1.968159615 1.584539478 1.374710689 1.591577568 1.535947911 1.545557478 1.565919940 1.525853044 1.554672659 1.548022725 1.530579069 1.554503401 1.540745159 1.503535893 1.503519225 1.500886344 2.090324717 2.014627447 1.684046488 1.677237802 1.429831944 1.430491653 1.380209341 1.867666865 1.446892354 1.547802044 1.503500258 1.591007340 1.539463501 1.543243982 4.006010164 
5     0.510683458 0.765994963 0.162040237 0.000000000 0.398210320 0.384451685 0.392905709 1.209505620 1.247122199 1.243312056 1.556461380 1.655125865 1.657052422 1.699063770 1.603459962 1.506982798 1.343258697 1.854509604 1.496475372 1.457256842 1.923072226 1.539452089 1.329623300 1.546490180 1.490860522 1.500470090 1.520832552 1.480765656 1.509585270 1.502935337 1.485491681 1.509416012 1.495657770 1.458448504 1.458431836 1.455798956 2.045237328 1.969540059 1.638959099 1.632150414 1.384744555 1.385404264 1.335121952 1.822579476 1.401804966 1.502714656 1.458412869 1.545919951 1.494376113 1.498156594 3.960922776 
6     0.579367526 0.836954009 0.443894359 0.398210320 0.000000000 0.102867075 0.458666634 1.277880521 1.315483234 1.311673092 1.624799912 1.723464397 1.725390955 1.767402302 1.671798494 1.575321331 1.411597229 1.922848136 1.564813905 1.525595375 1.991410759 1.607790622 1.397961833 1.614828712 1.559199055 1.568808622 1.589171084 1.549104188 1.577923803 1.571273869 1.553830213 1.577754545 1.563996303 1.526787037 1.526770369 1.524137488 2.113575861 2.037878591 1.707297632 1.700488946 1.453083088 1.453742797 1.403460485 1.890918009 1.470143498 1.571053188 1.526751402 1.614258484 1.562714645 1.566495126 4.029261308 
3     0.568212954 0.823871922 0.427229216 0.384451685 0.102867075 0.000000000 0.449023058 1.265665192 1.303267906 1.299457763 1.612584584 1.711249069 1.713175626 1.755186973 1.659583166 1.563106002 1.399381901 1.910632808 1.552598576 1.513380046 1.979195430 1.595575293 1.385746504 1.602613384 1.546983726 1.556593293 1.576955756 1.536888860 1.565708474 1.559058541 1.541614885 1.565539216 1.551780974 1.514571708 1.514555040 1.511922160 2.101360532 2.025663263 1.695082303 1.688273617 1.440867759 1.441527468 1.391245156 1.878702680 1.457928170 1.558837860 1.514536073 1.602043155 1.550499317 1.554279798 4.017045980 
10     0.504371310 0.764869746 0.440340263 0.392905709 0.458666634 0.449023058 0.000000000 1.199069615 1.236686193 1.232876051 1.546018369 1.644682854 1.646609411 1.688620758 1.593016951 1.496539787 1.332815686 1.844066593 1.486032361 1.446813831 1.912629215 1.529009078 1.319180289 1.536047169 1.480417511 1.490027079 1.510389541 1.470322645 1.499142259 1.492492326 1.475048670 1.498973001 1.485214759 1.448005493 1.447988825 1.445355945 2.034794317 1.959097048 1.628516088 1.621707402 1.374301544 1.374961253 1.324678941 1.812136465 1.391361955 1.492271645 1.447969858 1.535476940 1.483933102 1.487713583 3.950479765 
4     1.063288222 1.326372653 1.254593009 1.209505620 1.277880521 1.265665192 1.199069615 0.000000000 0.507040868 0.504923526 1.173569789 1.272234274 1.274160832 1.316172179 1.220568371 1.124225723 0.960501622 1.471752529 1.113718297 1.074499767 1.540315151 1.156695014 0.945532376 1.161191458 1.105561801 1.115171368 1.135692647 1.095466935 1.124286549 1.117636615 1.100192959 1.124117291 1.110359049 1.073149783 1.073133115 1.070659359 1.660097423 1.584400154 1.253819194 1.247010508 1.001047721 1.001707430 0.951425118 1.438203897 1.019353046 1.120262736 1.075960950 1.163468032 1.111924193 1.115704674 3.571450687 
2     1.100937168 1.364043922 1.292209587 1.247122199 1.315483234 1.303267906 1.236686193 0.507040868 0.000000000 0.207297065 1.211818950 1.310483435 1.312409993 1.354421340 1.258817532 1.162474438 0.998750337 1.510001244 1.151967012 1.112748482 1.578563866 1.194943729 0.983735401 1.199394535 1.143764877 1.153374444 1.173895723 1.133670011 1.162489625 1.155839691 1.138396036 1.162320367 1.148562125 1.111352859 1.111336191 1.108862435 1.698300499 1.622603230 1.292022270 1.285213584 1.039250351 1.039910060 0.989627748 1.476406527 1.057556123 1.158465813 1.114164026 1.201671108 1.150127270 1.153907751 3.609040854 
9     1.097127026 1.360233779 1.288399445 1.243312056 1.311673092 1.299457763 1.232876051 0.504923526 0.207297065 0.000000000 1.207969355 1.306633840 1.308560397 1.350571744 1.254967936 1.158624842 0.994900741 1.506151648 1.148117417 1.108898886 1.574714270 1.191094133 0.979885805 1.195544939 1.139915281 1.149524848 1.170046127 1.129820415 1.158640029 1.151990096 1.134546440 1.158470771 1.144712529 1.107503263 1.107486595 1.105012839 1.694450903 1.618753634 1.288172675 1.281363989 1.035400755 1.036060464 0.985778152 1.472556931 1.053706527 1.154616217 1.110314430 1.197821512 1.146277674 1.150058155 3.605191259 
43     1.410215364 1.673340956 1.601548768 1.556461380 1.624799912 1.612584584 1.546018369 1.173569789 1.211818950 1.207969355 0.000000000 0.617314859 0.619715769 0.661550449 0.565876434 0.654477306 0.492650866 1.002307159 0.645307369 0.606141517 1.069177644 0.685386940 0.677149031 0.892453384 0.836823726 0.846433293 0.866494838 0.826693571 0.855513185 0.848863252 0.831419596 0.855343927 0.841585686 0.804376420 0.804367951 0.804922194 1.394320640 1.318648641 0.988027074 0.981218388 0.791748328 0.792408037 0.742125725 1.224221735 0.799950499 0.900012514 0.860352914 0.947883677 0.897147008 0.900120320 3.520301467 
40     1.508879849 1.772005441 1.700213253 1.655125865 1.723464397 1.711249069 1.644682854 1.272234274 1.310483435 1.306633840 0.617314859 0.000000000 0.171188178 0.466506707 0.372907767 0.753878919 0.592052479 1.101708772 0.743590988 0.704425136 1.167461263 0.783670559 0.775880481 0.991392505 0.935762847 0.945372414 0.965433958 0.925632692 0.954452306 0.947802373 0.930358717 0.954283048 0.940524807 0.903315541 0.903307072 0.903856798 1.493255244 1.417583245 1.086961678 1.080152992 0.890584910 0.891244619 0.840962307 1.323058317 0.898985335 0.999047350 0.959387750 1.046918513 0.996181844 0.999155156 3.619126752 
24     1.510806406 1.773931999 1.702139811 1.657052422 1.725390955 1.713175626 1.646609411 1.274160832 1.312409993 1.308560397 0.619715769 0.171188178 0.000000000 0.475383456 0.372713738 0.755805477 0.593979037 1.103635330 0.745517546 0.706351694 1.169387821 0.785597117 0.777807038 0.993319062 0.937689405 0.947298972 0.967360516 0.927559250 0.956378864 0.949728930 0.932285274 0.956209606 0.942451364 0.905242098 0.905233630 0.905783356 1.495181802 1.419509803 1.088888235 1.082079549 0.892511468 0.893171177 0.842888865 1.324984874 0.900911892 1.000973907 0.961314308 1.048845070 0.998108401 1.001081713 3.621053309 
27     1.552817753 1.815943346 1.744151158 1.699063770 1.767402302 1.755186973 1.688620758 1.316172179 1.354421340 1.350571744 0.661550449 0.466506707 0.475383456 0.000000000 0.366059509 0.797816824 0.635990384 1.145646677 0.787528893 0.748363041 1.211399168 0.827608464 0.819818386 1.035330409 0.979700752 0.989310319 1.009371863 0.969570597 0.998390211 0.991740278 0.974296622 0.998220953 0.984462711 0.947253445 0.947244977 0.947794703 1.537193149 1.461521150 1.130899583 1.124090897 0.934522815 0.935182524 0.884900212 1.366996222 0.942923240 1.042985254 1.003325655 1.090856418 1.040119748 1.043093060 3.663064656 
37     1.457213946 1.720339538 1.648547350 1.603459962 1.671798494 1.659583166 1.593016951 1.220568371 1.258817532 1.254967936 0.565876434 0.372907767 0.372713738 0.366059509 0.000000000 0.702213016 0.540386576 1.050042869 0.691925085 0.652759233 1.115795360 0.732004656 0.724214578 0.939726602 0.884096944 0.893706511 0.913768055 0.873966789 0.902786403 0.896136470 0.878692814 0.902617145 0.888858903 0.851649637 0.851641169 0.852190895 1.441589341 1.365917342 1.035295775 1.028487089 0.838919007 0.839578716 0.789296404 1.271392414 0.847319432 0.947381447 0.907721847 0.995252610 0.944515940 0.947489252 3.567460848 
47     1.360736782 1.623862375 1.552070187 1.506982798 1.575321331 1.563106002 1.496539787 1.124225723 1.162474438 1.158624842 0.654477306 0.753878919 0.755805477 0.797816824 0.702213016 0.000000000 0.344150584 0.855457135 0.502774441 0.463698904 0.928720129 0.544886410 0.622360080 0.844092378 0.788462720 0.798072287 0.818133832 0.778332565 0.807152180 0.800502246 0.783058590 0.806982921 0.793224680 0.756015414 0.756006946 0.754052733 1.343686695 1.268014696 0.937397756 0.930589070 0.746873200 0.747532909 0.697250597 1.179329337 0.757344424 0.855727570 0.817913559 0.905444321 0.854707652 0.857680964 3.474873388 
36     1.197012680 1.460138273 1.388346085 1.343258697 1.411597229 1.399381901 1.332815686 0.960501622 0.998750337 0.994900741 0.492650866 0.592052479 0.593979037 0.635990384 0.540386576 0.344150584 0.000000000 0.634322977 0.340907575 0.301562425 0.767529689 0.382875033 0.458183450 0.679515928 0.623886270 0.633495838 0.653557382 0.613756115 0.642575730 0.635925796 0.618482140 0.642406471 0.628648230 0.591438964 0.591430496 0.589477418 1.179111380 1.103439381 0.772822441 0.766013755 0.583530726 0.584190435 0.533908123 1.015963193 0.594132597 0.692518612 0.654701732 0.742232495 0.691495825 0.694469137 3.311123524 
46     1.708263588 1.971389180 1.899596992 1.854509604 1.922848136 1.910632808 1.844066593 1.471752529 1.510001244 1.506151648 1.002307159 1.101708772 1.103635330 1.145646677 1.050042869 0.855457135 0.634322977 0.000000000 0.852226913 0.812879703 1.278852841 0.894197293 0.969513963 1.190847309 1.135217652 1.144827219 1.164888763 1.125087497 1.153907111 1.147257177 1.129813521 1.153737853 1.139979611 1.102770345 1.102761877 1.100808799 1.690442761 1.614770762 1.284153822 1.277345136 1.094857566 1.095517275 1.045234963 1.527290033 1.105459437 1.203845452 1.166028572 1.253559335 1.202822666 1.205795978 3.821756811 
29     1.350229356 1.613354949 1.541562761 1.496475372 1.564813905 1.552598576 1.486032361 1.113718297 1.151967012 1.148117417 0.645307369 0.743590988 0.745517546 0.787528893 0.691925085 0.502774441 0.340907575 0.852226913 0.000000000 0.143080081 0.837351940 0.454306967 0.615034179 0.835228328 0.779598670 0.789208238 0.809269782 0.769468516 0.798288130 0.791638196 0.774194540 0.798118872 0.784360630 0.747151364 0.747144343 0.745194758 1.334828720 1.259156721 0.928535154 0.921726468 0.735190944 0.735850653 0.685568341 1.167633864 0.747539577 0.845922724 0.808108610 0.895639373 0.844902704 0.847876016 3.464786778 
39     1.311010826 1.574136419 1.502344231 1.457256842 1.525595375 1.513380046 1.446813831 1.074499767 1.112748482 1.108898886 0.606141517 0.704425136 0.706351694 0.748363041 0.652759233 0.463698904 0.301562425 0.812879703 0.143080081 0.000000000 0.798381474 0.415119012 0.575815649 0.796009798 0.740380140 0.749989708 0.770051252 0.730249985 0.759069600 0.752419666 0.734976010 0.758900342 0.745142100 0.707932834 0.707925813 0.705976228 1.295610190 1.219938191 0.889316624 0.882507938 0.695972414 0.696632123 0.646349811 1.128415334 0.708321047 0.806704194 0.768890080 0.856420843 0.805684173 0.808657486 3.425568248 
41     1.776826210 2.039951803 1.968159615 1.923072226 1.991410759 1.979195430 1.912629215 1.540315151 1.578563866 1.574714270 1.069177644 1.167461263 1.169387821 1.211399168 1.115795360 0.928720129 0.767529689 1.278852841 0.837351940 0.798381474 0.000000000 0.582954845 1.041669202 1.260521929 1.204892271 1.214501839 1.234563383 1.194762117 1.223581731 1.216931797 1.199488141 1.223412473 1.209654231 1.172444965 1.172437944 1.172983334 1.762617295 1.686945296 1.356323729 1.349515043 1.162634049 1.163293758 1.113011446 1.595063108 1.171382068 1.269765214 1.231951203 1.319481965 1.268745296 1.271718608 3.889476429 
49     1.393206073 1.656331665 1.584539478 1.539452089 1.607790622 1.595575293 1.529009078 1.156695014 1.194943729 1.191094133 0.685386940 0.783670559 0.785597117 0.827608464 0.732004656 0.544886410 0.382875033 0.894197293 0.454306967 0.415119012 0.582954845 0.000000000 0.657779422 0.876643923 0.821014265 0.830623832 0.850685376 0.810884110 0.839703724 0.833053791 0.815610135 0.839534466 0.825776224 0.788566958 0.788559938 0.789105327 1.378739289 1.303067290 0.972445723 0.965637037 0.779043970 0.779703678 0.729421366 1.211473028 0.787791988 0.886175134 0.848361123 0.935891886 0.885155216 0.888128528 3.505690019 
50     1.183377284 1.446495753 1.374710689 1.329623300 1.397961833 1.385746504 1.319180289 0.945532376 0.983735401 0.979885805 0.677149031 0.775880481 0.777807038 0.819818386 0.724214578 0.622360080 0.458183450 0.969513963 0.615034179 0.575815649 1.041669202 0.657779422 0.000000000 0.672122014 0.616492357 0.626101924 0.646610377 0.606816822 0.635636437 0.628986503 0.611542847 0.635467178 0.621708937 0.584499671 0.584465580 0.582912399 1.172174451 1.096507824 0.765902466 0.759093780 0.568078499 0.568738208 0.518450507 1.002478578 0.574220059 0.676637243 0.639061469 0.726592232 0.675855562 0.678828874 3.305075292 
25     1.400244164 1.663362632 1.591577568 1.546490180 1.614828712 1.602613384 1.536047169 1.161191458 1.199394535 1.195544939 0.892453384 0.991392505 0.993319062 1.035330409 0.939726602 0.844092378 0.679515928 1.190847309 0.835228328 0.796009798 1.260521929 0.876643923 0.672122014 0.000000000 0.107097430 0.140868074 0.198892895 0.162073917 0.190737758 0.183074952 0.165843427 0.191371681 0.178000990 0.139211700 0.142886046 0.294148792 0.890428369 0.813361124 0.478779613 0.471326159 0.787741735 0.788401443 0.738119131 1.220765042 0.800053041 0.900162610 0.861539191 0.949058461 0.898321791 0.901295103 3.513635677 
17     1.344614506 1.607732975 1.535947911 1.490860522 1.559199055 1.546983726 1.480417511 1.105561801 1.143764877 1.139915281 0.836823726 0.935762847 0.937689405 0.979700752 0.884096944 0.788462720 0.623886270 1.135217652 0.779598670 0.740380140 1.204892271 0.821014265 0.616492357 0.107097430 0.000000000 0.084933882 0.143317473 0.106044049 0.134710639 0.127485253 0.109817396 0.135345468 0.121975121 0.083181703 0.087283571 0.238282670 0.834562248 0.757495002 0.422913491 0.415460038 0.732112077 0.732771786 0.682489474 1.165135384 0.744423384 0.844532953 0.805909533 0.893428803 0.842692134 0.845665446 3.458006020 
38     1.354224073 1.617342542 1.545557478 1.500470090 1.568808622 1.556593293 1.490027079 1.115171368 1.153374444 1.149524848 0.846433293 0.945372414 0.947298972 0.989310319 0.893706511 0.798072287 0.633495838 1.144827219 0.789208238 0.749989708 1.214501839 0.830623832 0.626101924 0.140868074 0.084933882 0.000000000 0.150943961 0.115468192 0.143132822 0.136909340 0.119243187 0.143761939 0.130388055 0.091596564 0.096263281 0.247394807 0.843319885 0.766252639 0.431671129 0.424217675 0.741721644 0.742381353 0.692099041 1.174744951 0.754032951 0.854142520 0.815519100 0.903038370 0.852301701 0.855275013 3.467615587 
30     1.374586536 1.637705004 1.565919940 1.520832552 1.589171084 1.576955756 1.510389541 1.135692647 1.173895723 1.170046127 0.866494838 0.965433958 0.967360516 1.009371863 0.913768055 0.818133832 0.653557382 1.164888763 0.809269782 0.770051252 1.234563383 0.850685376 0.646610377 0.198892895 0.143317473 0.150943961 0.000000000 0.139134884 0.166782026 0.159814806 0.142583558 0.166466364 0.153417718 0.115311237 0.117491174 0.267217873 0.862135050 0.785067015 0.451012723 0.443559269 0.762432707 0.763092416 0.712810104 1.195456014 0.774343407 0.874457142 0.835829556 0.923348826 0.872612157 0.875585469 3.488146787 
31     1.334519640 1.597638109 1.525853044 1.480765656 1.549104188 1.536888860 1.470322645 1.095466935 1.133670011 1.129820415 0.826693571 0.925632692 0.927559250 0.969570597 0.873966789 0.778332565 0.613756115 1.125087497 0.769468516 0.730249985 1.194762117 0.810884110 0.606816822 0.162073917 0.106044049 0.115468192 0.139134884 0.000000000 0.092982302 0.085291160 0.066811019 0.090876121 0.078172371 0.042251172 0.073518517 0.228689139 0.822398496 0.745330461 0.411151961 0.403698508 0.722395266 0.723054975 0.672772663 1.155418573 0.734305965 0.834419701 0.795792115 0.883311385 0.832574715 0.835548028 3.448068072 
45     1.363339254 1.626457723 1.554672659 1.509585270 1.577923803 1.565708474 1.499142259 1.124286549 1.162489625 1.158640029 0.855513185 0.954452306 0.956378864 0.998390211 0.902786403 0.807152180 0.642575730 1.153907111 0.798288130 0.759069600 1.223581731 0.839703724 0.635636437 0.190737758 0.134710639 0.143132822 0.166782026 0.092982302 0.000000000 0.112456181 0.094352621 0.119741879 0.105530862 0.067787620 0.103937048 0.255984366 0.851347876 0.774279841 0.440101342 0.432647888 0.751214880 0.751874589 0.701592277 1.184238187 0.763125580 0.863239315 0.824611729 0.912130999 0.861394330 0.864367642 3.476887686 
42     1.356689320 1.619807789 1.548022725 1.502935337 1.571273869 1.559058541 1.492492326 1.117636615 1.155839691 1.151990096 0.848863252 0.947802373 0.949728930 0.991740278 0.896136470 0.800502246 0.635925796 1.147257177 0.791638196 0.752419666 1.216931797 0.833053791 0.628986503 0.183074952 0.127485253 0.136909340 0.159814806 0.085291160 0.112456181 0.000000000 0.054771209 0.093375292 0.080738089 0.062583764 0.096759034 0.250288005 0.845488952 0.768420917 0.434242417 0.426788964 0.744564946 0.745224655 0.694942343 1.177588254 0.756475646 0.856589381 0.817961795 0.905481066 0.854744396 0.857717708 3.470237752 
19     1.339245665 1.602364133 1.530579069 1.485491681 1.553830213 1.541614885 1.475048670 1.100192959 1.138396036 1.134546440 0.831419596 0.930358717 0.932285274 0.974296622 0.878692814 0.783058590 0.618482140 1.129813521 0.774194540 0.734976010 1.199488141 0.815610135 0.611542847 0.165843427 0.109817396 0.119243187 0.142583558 0.066811019 0.094352621 0.054771209 0.000000000 0.075719720 0.062654438 0.044849392 0.079370619 0.232690522 0.827896567 0.750828532 0.416650033 0.409196579 0.727121291 0.727780999 0.677498687 1.160144598 0.739031990 0.839145725 0.800518140 0.888037410 0.837300740 0.840274052 3.452794096 
28     1.363169996 1.626288465 1.554503401 1.509416012 1.577754545 1.565539216 1.498973001 1.124117291 1.162320367 1.158470771 0.855343927 0.954283048 0.956209606 0.998220953 0.902617145 0.806982921 0.642406471 1.153737853 0.798118872 0.758900342 1.223412473 0.839534466 0.635467178 0.191371681 0.135345468 0.143761939 0.166466364 0.090876121 0.119741879 0.093375292 0.075719720 0.000000000 0.074704392 0.069956140 0.101746391 0.256718446 0.850367920 0.773299884 0.439121385 0.431667931 0.751045622 0.751705331 0.701423019 1.184068929 0.762956322 0.863070057 0.824442471 0.911961741 0.861225072 0.864198384 3.476718428 
12     1.349411754 1.612530223 1.540745159 1.495657770 1.563996303 1.551780974 1.485214759 1.110359049 1.148562125 1.144712529 0.841585686 0.940524807 0.942451364 0.984462711 0.888858903 0.793224680 0.628648230 1.139979611 0.784360630 0.745142100 1.209654231 0.825776224 0.621708937 0.178000990 0.121975121 0.130388055 0.153417718 0.078172371 0.105530862 0.080738089 0.062654438 0.074704392 0.000000000 0.056086928 0.088693887 0.242765384 0.836490532 0.759422496 0.425243997 0.417790543 0.737287380 0.737947089 0.687664777 1.170310687 0.749198080 0.849311815 0.810684229 0.898203499 0.847466830 0.850440142 3.462960186 
14     1.312202488 1.575320957 1.503535893 1.458448504 1.526787037 1.514571708 1.448005493 1.073149783 1.111352859 1.107503263 0.804376420 0.903315541 0.905242098 0.947253445 0.851649637 0.756015414 0.591438964 1.102770345 0.747151364 0.707932834 1.172444965 0.788566958 0.584499671 0.139211700 0.083181703 0.091596564 0.115311237 0.042251172 0.067787620 0.062583764 0.044849392 0.069956140 0.056086928 0.000000000 0.051991472 0.205032592 0.800301485 0.723233449 0.389054950 0.381601497 0.700078114 0.700737823 0.650455511 1.133101421 0.711988814 0.812102549 0.773474963 0.860994233 0.810257564 0.813230876 3.425750920 
18     1.312185820 1.575304289 1.503519225 1.458431836 1.526770369 1.514555040 1.447988825 1.073133115 1.111336191 1.107486595 0.804367951 0.903307072 0.905233630 0.947244977 0.851641169 0.756006946 0.591430496 1.102761877 0.747144343 0.707925813 1.172437944 0.788559938 0.584465580 0.142886046 0.087283571 0.096263281 0.117491174 0.073518517 0.103937048 0.096759034 0.079370619 0.101746391 0.088693887 0.051991472 0.000000000 0.203837157 0.797734131 0.720698098 0.386319937 0.378866483 0.700061446 0.700721155 0.650438843 1.133084753 0.711972146 0.812085881 0.773458295 0.860977565 0.810240896 0.813214208 3.425734252 
48     1.309552939 1.572671408 1.500886344 1.455798956 1.524137488 1.511922160 1.445355945 1.070659359 1.108862435 1.105012839 0.804922194 0.903856798 0.905783356 0.947794703 0.852190895 0.754052733 0.589477418 1.100808799 0.745194758 0.705976228 1.172983334 0.789105327 0.582912399 0.294148792 0.238282670 0.247394807 0.267217873 0.228689139 0.255984366 0.250288005 0.232690522 0.256718446 0.242765384 0.205032592 0.203837157 0.000000000 0.685610387 0.611898023 0.280067265 0.271614995 0.697912144 0.698571853 0.648289541 1.131051737 0.712307448 0.812425951 0.773798365 0.861317635 0.810580966 0.813554278 3.425197400 
26     1.898991312 2.162109781 2.090324717 2.045237328 2.113575861 2.101360532 2.034794317 1.660097423 1.698300499 1.694450903 1.394320640 1.493255244 1.495181802 1.537193149 1.441589341 1.343686695 1.179111380 1.690442761 1.334828720 1.295610190 1.762617295 1.378739289 1.172174451 0.890428369 0.834562248 0.843319885 0.862135050 0.822398496 0.851347876 0.845488952 0.827896567 0.850367920 0.836490532 0.800301485 0.797734131 0.685610387 0.000000000 0.461145019 0.658432807 0.649845366 1.287572446 1.288232155 1.237949843 1.720595753 1.301844621 1.401963124 1.363335538 1.450854809 1.400118139 1.403091451 4.014697823 
35     1.823294043 2.086412511 2.014627447 1.969540059 2.037878591 2.025663263 1.959097048 1.584400154 1.622603230 1.618753634 1.318648641 1.417583245 1.419509803 1.461521150 1.365917342 1.268014696 1.103439381 1.614770762 1.259156721 1.219938191 1.686945296 1.303067290 1.096507824 0.813361124 0.757495002 0.766252639 0.785067015 0.745330461 0.774279841 0.768420917 0.750828532 0.773299884 0.759422496 0.723233449 0.720698098 0.611898023 0.461145019 0.000000000 0.582318652 0.572891442 1.211894571 1.212554280 1.162271968 1.644917878 1.226166746 1.326285249 1.287657663 1.375176934 1.324440264 1.327413576 3.938646837 
21     1.492713083 1.755831552 1.684046488 1.638959099 1.707297632 1.695082303 1.628516088 1.253819194 1.292022270 1.288172675 0.988027074 1.086961678 1.088888235 1.130899583 1.035295775 0.937397756 0.772822441 1.284153822 0.928535154 0.889316624 1.356323729 0.972445723 0.765902466 0.478779613 0.422913491 0.431671129 0.451012723 0.411151961 0.440101342 0.434242417 0.416650033 0.439121385 0.425243997 0.389054950 0.386319937 0.280067265 0.658432807 0.582318652 0.000000000 0.058899522 0.881289449 0.881949158 0.831666846 1.314312756 0.895566392 0.995680127 0.957052542 1.044571812 0.993835142 0.996808454 3.608419594 
16     1.485904397 1.749022866 1.677237802 1.632150414 1.700488946 1.688273617 1.621707402 1.247010508 1.285213584 1.281363989 0.981218388 1.080152992 1.082079549 1.124090897 1.028487089 0.930589070 0.766013755 1.277345136 0.921726468 0.882507938 1.349515043 0.965637037 0.759093780 0.471326159 0.415460038 0.424217675 0.443559269 0.403698508 0.432647888 0.426788964 0.409196579 0.431667931 0.417790543 0.381601497 0.378866483 0.271614995 0.649845366 0.572891442 0.058899522 0.000000000 0.874480763 0.875140472 0.824858160 1.307504070 0.888757706 0.988871441 0.950243856 1.037763126 0.987026456 0.989999768 3.601610908 
15     1.238498539 1.501624132 1.429831944 1.384744555 1.453083088 1.440867759 1.374301544 1.001047721 1.039250351 1.035400755 0.791748328 0.890584910 0.892511468 0.934522815 0.838919007 0.746873200 0.583530726 1.094857566 0.735190944 0.695972414 1.162634049 0.779043970 0.568078499 0.787741735 0.732112077 0.741721644 0.762432707 0.722395266 0.751214880 0.744564946 0.727121291 0.751045622 0.737287380 0.700078114 0.700061446 0.697912144 1.287572446 1.211894571 0.881289449 0.874480763 0.000000000 0.041618960 0.090166808 0.725591768 0.470529757 0.571061121 0.534090254 0.621429435 0.570786931 0.573613262 3.347600233 
13     1.239158248 1.502283840 1.430491653 1.385404264 1.453742797 1.441527468 1.374961253 1.001707430 1.039910060 1.036060464 0.792408037 0.891244619 0.893171177 0.935182524 0.839578716 0.747532909 0.584190435 1.095517275 0.735850653 0.696632123 1.163293758 0.779703678 0.568738208 0.788401443 0.732771786 0.742381353 0.763092416 0.723054975 0.751874589 0.745224655 0.727780999 0.751705331 0.737947089 0.700737823 0.700721155 0.698571853 1.288232155 1.212554280 0.881949158 0.875140472 0.041618960 0.000000000 0.090694595 0.726230785 0.471189466 0.571720830 0.534749963 0.622089144 0.571446639 0.574272971 3.348259942 
22     1.188875936 1.452001528 1.380209341 1.335121952 1.403460485 1.391245156 1.324678941 0.951425118 0.989627748 0.985778152 0.742125725 0.840962307 0.842888865 0.884900212 0.789296404 0.697250597 0.533908123 1.045234963 0.685568341 0.646349811 1.113011446 0.729421366 0.518450507 0.738119131 0.682489474 0.692099041 0.712810104 0.672772663 0.701592277 0.694942343 0.677498687 0.701423019 0.687664777 0.650455511 0.650438843 0.648289541 1.237949843 1.162271968 0.831666846 0.824858160 0.090166808 0.090694595 0.000000000 0.675775288 0.420808578 0.521339942 0.484369075 0.571708256 0.521065752 0.523892083 3.297977630 
34     1.676333460 1.939459053 1.867666865 1.822579476 1.890918009 1.878702680 1.812136465 1.438203897 1.476406527 1.472556931 1.224221735 1.323058317 1.324984874 1.366996222 1.271392414 1.179329337 1.015963193 1.527290033 1.167633864 1.128415334 1.595063108 1.211473028 1.002478578 1.220765042 1.165135384 1.174744951 1.195456014 1.155418573 1.184238187 1.177588254 1.160144598 1.184068929 1.170310687 1.133101421 1.133084753 1.131051737 1.720595753 1.644917878 1.314312756 1.307504070 0.725591768 0.726230785 0.675775288 0.000000000 0.904349372 1.004242858 0.968762863 1.056102044 1.004386089 1.008285871 3.784456370 
23     1.255558949 1.518684542 1.446892354 1.401804966 1.470143498 1.457928170 1.391361955 1.019353046 1.057556123 1.053706527 0.799950499 0.898985335 0.900911892 0.942923240 0.847319432 0.757344424 0.594132597 1.105459437 0.747539577 0.708321047 1.171382068 0.787791988 0.574220059 0.800053041 0.744423384 0.754032951 0.774343407 0.734305965 0.763125580 0.756475646 0.739031990 0.762956322 0.749198080 0.711988814 0.711972146 0.712307448 1.301844621 1.226166746 0.895566392 0.888757706 0.470529757 0.471189466 0.420808578 0.904349372 0.000000000 0.395373726 0.387233536 0.475184753 0.424678879 0.427284276 3.357996291 
11     1.356468639 1.619594232 1.547802044 1.502714656 1.571053188 1.558837860 1.492271645 1.120262736 1.158465813 1.154616217 0.900012514 0.999047350 1.000973907 1.042985254 0.947381447 0.855727570 0.692518612 1.203845452 0.845922724 0.806704194 1.269765214 0.886175134 0.676637243 0.900162610 0.844532953 0.854142520 0.874457142 0.834419701 0.863239315 0.856589381 0.839145725 0.863070057 0.849311815 0.812102549 0.812085881 0.812425951 1.401963124 1.326285249 0.995680127 0.988871441 0.571061121 0.571720830 0.521339942 1.004242858 0.395373726 0.000000000 0.485749399 0.572986519 0.522483684 0.525801914 3.454840872 
32     1.312166853 1.575292446 1.503500258 1.458412869 1.526751402 1.514536073 1.447969858 1.075960950 1.114164026 1.110314430 0.860352914 0.959387750 0.961314308 1.003325655 0.907721847 0.817913559 0.654701732 1.166028572 0.808108610 0.768890080 1.231951203 0.848361123 0.639061469 0.861539191 0.805909533 0.815519100 0.835829556 0.795792115 0.824611729 0.817961795 0.800518140 0.824442471 0.810684229 0.773474963 0.773458295 0.773798365 1.363335538 1.287657663 0.957052542 0.950243856 0.534090254 0.534749963 0.484369075 0.968762863 0.387233536 0.485749399 0.000000000 0.238534915 0.189304902 0.189267519 3.420727992 
20     1.399673935 1.662799528 1.591007340 1.545919951 1.614258484 1.602043155 1.535476940 1.163468032 1.201671108 1.197821512 0.947883677 1.046918513 1.048845070 1.090856418 0.995252610 0.905444321 0.742232495 1.253559335 0.895639373 0.856420843 1.319481965 0.935891886 0.726592232 0.949058461 0.893428803 0.903038370 0.923348826 0.883311385 0.912130999 0.905481066 0.888037410 0.911961741 0.898203499 0.860994233 0.860977565 0.861317635 1.450854809 1.375176934 1.044571812 1.037763126 0.621429435 0.622089144 0.571708256 1.056102044 0.475184753 0.572986519 0.238534915 0.000000000 0.131395419 0.138066453 3.508235074 
44     1.348130096 1.611255689 1.539463501 1.494376113 1.562714645 1.550499317 1.483933102 1.111924193 1.150127270 1.146277674 0.897147008 0.996181844 0.998108401 1.040119748 0.944515940 0.854707652 0.691495825 1.202822666 0.844902704 0.805684173 1.268745296 0.885155216 0.675855562 0.898321791 0.842692134 0.852301701 0.872612157 0.832574715 0.861394330 0.854744396 0.837300740 0.861225072 0.847466830 0.810257564 0.810240896 0.810580966 1.400118139 1.324440264 0.993835142 0.987026456 0.570786931 0.571446639 0.521065752 1.004386089 0.424678879 0.522483684 0.189304902 0.131395419 0.000000000 0.041958144 3.457298513 
33     1.351910578 1.615036170 1.543243982 1.498156594 1.566495126 1.554279798 1.487713583 1.115704674 1.153907751 1.150058155 0.900120320 0.999155156 1.001081713 1.043093060 0.947489252 0.857680964 0.694469137 1.205795978 0.847876016 0.808657486 1.271718608 0.888128528 0.678828874 0.901295103 0.845665446 0.855275013 0.875585469 0.835548028 0.864367642 0.857717708 0.840274052 0.864198384 0.850440142 0.813230876 0.813214208 0.813554278 1.403091451 1.327413576 0.996808454 0.989999768 0.573613262 0.574272971 0.523892083 1.008285871 0.427284276 0.525801914 0.189267519 0.138066453 0.041958144 0.000000000 3.460471717 
0     3.814704100 4.077802352 4.006010164 3.960922776 4.029261308 4.017045980 3.950479765 3.571450687 3.609040854 3.605191259 3.520301467 3.619126752 3.621053309 3.663064656 3.567460848 3.474873388 3.311123524 3.821756811 3.464786778 3.425568248 3.889476429 3.505690019 3.305075292 3.513635677 3.458006020 3.467615587 3.488146787 3.448068072 3.476887686 3.470237752 3.452794096 3.476718428 3.462960186 3.425750920 3.425734252 3.425197400 4.014697823 3.938646837 3.608419594 3.601610908 3.347600233 3.348259942 3.297977630 3.784456370 3.357996291 3.454840872 3.420727992 3.508235074 3.457298513 3.460471717 0.000000000 
