51
29     0.000000000 0.106022796 0.107385442 0.114286171 0.097017914 0.113205623 0.146904383 0.176458091 0.181940794 0.186371438 0.164859453 0.160435428 0.169101205 0.169555266 0.169169692 0.151231321 0.194603978 0.190160483 0.171265332 0.205941451 0.129843493 0.137150596 0.149439578 0.148308728 0.148345987 0.152888851 0.150745891 0.152134724 0.144636689 0.144351952 0.185000447 0.228347456 0.173957520 0.175271981 0.176141071 0.181804389 0.192664015 0.171722763 0.161865261 0.139610363 0.180600343 0.179874818 0.181974786 0.179937705 0.145630331 0.145882714 0.145549470 0.146306414 0.188708134 0.187743465 0.283559493 
10     0.106022796 0.000000000 0.059286565 0.066275459 0.048780813 0.068418785 0.130863643 0.160409458 0.165892160 0.170322805 0.148806463 0.144382438 0.153047674 0.153501735 0.153116161 0.135182914 0.178853492 0.174409997 0.155514846 0.190190965 0.114074614 0.121381717 0.133670699 0.132539849 0.132577108 0.137119972 0.134977012 0.136365845 0.128867810 0.128583073 0.169192992 0.212540002 0.158146171 0.159473203 0.160342292 0.166005611 0.176865236 0.155923985 0.146064470 0.123809572 0.164799552 0.164074027 0.166173995 0.164136914 0.129829540 0.130081923 0.129748679 0.130505623 0.172894276 0.171929607 0.267733824 
27     0.107385442 0.059286565 0.000000000 0.032598123 0.039498181 0.068935784 0.131671029 0.161193481 0.166676184 0.171106829 0.149577938 0.145153913 0.153823767 0.154277827 0.153892254 0.135959007 0.179689931 0.175246435 0.156351284 0.191027404 0.114914543 0.122221645 0.134510627 0.133379777 0.133417036 0.137959901 0.135816940 0.137205774 0.129707739 0.129423001 0.170019517 0.213366527 0.158972696 0.160299728 0.161168817 0.166832136 0.177691761 0.156750510 0.146891324 0.124636425 0.165626405 0.164900880 0.167000849 0.164963768 0.130656393 0.130908776 0.130575532 0.131332476 0.173723477 0.172758807 0.268564221 
23     0.114286171 0.066275459 0.032598123 0.000000000 0.046441314 0.076029910 0.138622135 0.168140661 0.173623364 0.178054009 0.156525118 0.152101093 0.160770947 0.161225007 0.160839434 0.142906187 0.186641037 0.182197542 0.163302391 0.197978511 0.121865649 0.129172752 0.141461734 0.140330884 0.140368143 0.144911007 0.142768047 0.144156880 0.136658845 0.136374108 0.176970624 0.220317633 0.165923803 0.167250834 0.168119924 0.173783242 0.184642868 0.163701616 0.153842430 0.131587532 0.172577512 0.171851987 0.173951956 0.171914874 0.137607500 0.137859883 0.137526639 0.138283583 0.180674583 0.179709914 0.275515327 
26     0.097017914 0.048780813 0.039498181 0.046441314 0.000000000 0.058727339 0.121263263 0.150720374 0.156203077 0.160633721 0.139104063 0.134680038 0.143350659 0.143804720 0.143419146 0.125485899 0.169253544 0.164810048 0.145914897 0.180591017 0.104478156 0.111785258 0.124074240 0.122943390 0.122980649 0.127523514 0.125380553 0.126769387 0.119271352 0.118986614 0.159583130 0.202930140 0.148536309 0.149863340 0.150732430 0.156395748 0.167255374 0.146314123 0.136454937 0.114200038 0.155190018 0.154464493 0.156564462 0.154527381 0.120220006 0.120472389 0.120139145 0.120896089 0.163287090 0.162322420 0.258127834 
25     0.113205623 0.068418785 0.068935784 0.076029910 0.058727339 0.000000000 0.137229677 0.166696984 0.172179687 0.176610331 0.155080080 0.150656055 0.159326827 0.159780887 0.159395314 0.141462067 0.185181039 0.180737543 0.161842393 0.196518512 0.120416885 0.127723988 0.140012970 0.138882120 0.138919379 0.143462243 0.141319283 0.142708116 0.135210081 0.134925344 0.175533721 0.218880730 0.164486899 0.165813931 0.166683021 0.172346339 0.183205965 0.162264713 0.152405198 0.130150300 0.171140280 0.170414755 0.172514724 0.170477642 0.136170268 0.136422651 0.136089407 0.136846351 0.179238058 0.178273389 0.274076282 
9     0.146904383 0.130863643 0.131671029 0.138622135 0.121263263 0.137229677 0.000000000 0.148853108 0.154373319 0.158803964 0.137200117 0.132776092 0.141389173 0.141842125 0.141527148 0.123617645 0.174964472 0.170520083 0.151625826 0.186267750 0.110168866 0.117475969 0.129764951 0.128634101 0.128671360 0.133214224 0.131071264 0.132460097 0.124962771 0.124678034 0.165534726 0.208881587 0.154475301 0.155806939 0.156676029 0.162339347 0.173198973 0.152257722 0.142403976 0.120149078 0.161141642 0.160416117 0.162516086 0.160479004 0.126162256 0.126414639 0.126081395 0.126838339 0.169145977 0.168181308 0.264037628 
3     0.176458091 0.160409458 0.161193481 0.168140661 0.150720374 0.166696984 0.148853108 0.000000000 0.083358039 0.087523385 0.139329135 0.134908111 0.144417492 0.144875665 0.145419830 0.127084687 0.204070392 0.199626338 0.180731745 0.215390903 0.139640565 0.146947668 0.159236650 0.158105800 0.158143059 0.162685923 0.160542963 0.161931796 0.154434470 0.154149733 0.194750329 0.238098909 0.183701286 0.185028176 0.185897266 0.191560584 0.202420210 0.181478958 0.171621227 0.149366329 0.190356309 0.189630784 0.191730752 0.189693671 0.155374031 0.155626414 0.155293170 0.156050114 0.198367593 0.197402924 0.293265143 
12     0.181940794 0.165892160 0.166676184 0.173623364 0.156203077 0.172179687 0.154373319 0.083358039 0.000000000 0.029718327 0.144674521 0.140274552 0.149687323 0.150145496 0.150815807 0.132419035 0.209583295 0.205139241 0.186244649 0.220903807 0.145153469 0.152460571 0.164749554 0.163618704 0.163655962 0.168198827 0.166055866 0.167444700 0.159947374 0.159662637 0.200263233 0.243611813 0.189214190 0.190541079 0.191410169 0.197073487 0.207933113 0.186991862 0.177134131 0.154879232 0.195869212 0.195143688 0.197243656 0.195206575 0.160886935 0.161139318 0.160806074 0.161563018 0.203880496 0.202915827 0.298778046 
16     0.186371438 0.170322805 0.171106829 0.178054009 0.160633721 0.176610331 0.158803964 0.087523385 0.029718327 0.000000000 0.149117950 0.144717982 0.154124073 0.154582246 0.155254873 0.136826104 0.214013940 0.209569886 0.190675294 0.225334451 0.149584114 0.156891216 0.169180198 0.168049348 0.168086607 0.172629472 0.170486511 0.171875345 0.164378019 0.164093281 0.204693878 0.248042458 0.193644835 0.194971724 0.195840814 0.201504132 0.212363758 0.191422506 0.181564775 0.159309877 0.200299857 0.199574332 0.201674301 0.199637219 0.165317579 0.165569962 0.165236718 0.165993662 0.208311141 0.207346472 0.303208691 
17     0.164859453 0.148806463 0.149577938 0.156525118 0.139104063 0.155080080 0.137200117 0.139329135 0.144674521 0.149117950 0.000000000 0.029060258 0.132720369 0.133149338 0.133185640 0.115422252 0.192461040 0.188016652 0.169122394 0.203781552 0.127987327 0.135294429 0.147583412 0.146452562 0.146489821 0.151032685 0.148889724 0.150278558 0.142781232 0.142496495 0.183012627 0.226361207 0.171964831 0.173291720 0.174160810 0.179824128 0.190683754 0.169742502 0.159886423 0.137631524 0.178621504 0.177895979 0.179995948 0.177958867 0.143637575 0.143889958 0.143556714 0.144313658 0.186582009 0.185617340 0.281532866 
2     0.160435428 0.144382438 0.145153913 0.152101093 0.134680038 0.150656055 0.132776092 0.134908111 0.140274552 0.144717982 0.029060258 0.000000000 0.128238058 0.128667026 0.128707214 0.110939941 0.188037016 0.183592627 0.164698369 0.199357527 0.123563302 0.130870404 0.143159387 0.142028537 0.142065796 0.146608660 0.144465699 0.145854533 0.138357207 0.138072470 0.178588602 0.221937182 0.167540806 0.168867695 0.169736785 0.175400103 0.186259729 0.165318477 0.155462398 0.133207499 0.174197479 0.173471955 0.175571923 0.173534842 0.139213550 0.139465933 0.139132689 0.139889633 0.182157984 0.181193315 0.277108841 
15     0.169101205 0.153047674 0.153823767 0.160770947 0.143350659 0.159326827 0.141389173 0.144417492 0.149687323 0.154124073 0.132720369 0.128238058 0.000000000 0.030934117 0.126596593 0.107830416 0.196578317 0.192133928 0.173239670 0.207898828 0.132161583 0.139468685 0.151757668 0.150626818 0.150664076 0.155206941 0.153063980 0.154452814 0.146955488 0.146670751 0.187227338 0.230575918 0.176178232 0.177505121 0.178374211 0.184037529 0.194897155 0.173955903 0.164098173 0.141843274 0.182833254 0.182107729 0.184207698 0.182170616 0.147851039 0.148103422 0.147770178 0.148527122 0.190821234 0.189856565 0.285747245 
6     0.169555266 0.153501735 0.154277827 0.161225007 0.143804720 0.159780887 0.141842125 0.144875665 0.150145496 0.154582246 0.133149338 0.128667026 0.030934117 0.000000000 0.127057903 0.108264382 0.197032377 0.192587988 0.173693731 0.208352888 0.132615643 0.139922746 0.152211728 0.151080878 0.151118137 0.155661001 0.153518041 0.154906874 0.147409548 0.147124811 0.187681398 0.231029978 0.176632292 0.177959182 0.178828271 0.184491590 0.195351215 0.174409964 0.164552233 0.142297334 0.183287315 0.182561790 0.184661758 0.182624677 0.148305100 0.148557483 0.148224239 0.148981183 0.191275295 0.190310625 0.286201305 
7     0.169169692 0.153116161 0.153892254 0.160839434 0.143419146 0.159395314 0.141527148 0.145419830 0.150815807 0.155254873 0.133185640 0.128707214 0.126596593 0.127057903 0.000000000 0.105719908 0.196725592 0.192281203 0.173386946 0.208046103 0.132319151 0.139626253 0.151915235 0.150784385 0.150821644 0.155364508 0.153221548 0.154610382 0.147113055 0.146828318 0.187389632 0.230738212 0.176340526 0.177667416 0.178536506 0.184199824 0.195059450 0.174118198 0.164260467 0.142005568 0.182995549 0.182270024 0.184369992 0.182332911 0.148013334 0.148265717 0.147932473 0.148689417 0.190983947 0.190019278 0.285909539 
11     0.151231321 0.135182914 0.135959007 0.142906187 0.125485899 0.141462067 0.123617645 0.127084687 0.132419035 0.136826104 0.115422252 0.110939941 0.107830416 0.108264382 0.105719908 0.000000000 0.178744695 0.174300306 0.155406049 0.190065206 0.114329592 0.121636695 0.133925677 0.132794827 0.132832086 0.137374950 0.135231990 0.136620823 0.129123497 0.128838760 0.169400388 0.212748968 0.158351282 0.159678172 0.160547262 0.166210580 0.177070206 0.156128954 0.146271223 0.124016325 0.165006305 0.164280780 0.166380749 0.164343667 0.130024090 0.130276473 0.129943229 0.130700173 0.172990622 0.172025953 0.267920597 
4     0.194603978 0.178853492 0.179689931 0.186641037 0.169253544 0.185181039 0.174964472 0.204070392 0.209583295 0.214013940 0.192461040 0.188037016 0.196578317 0.197032377 0.196725592 0.178744695 0.000000000 0.083920215 0.066344026 0.147265907 0.143207000 0.150514103 0.162719591 0.161588741 0.161626000 0.166168452 0.164025492 0.165414738 0.157920103 0.157635365 0.200760599 0.244096195 0.189677632 0.190965954 0.191835044 0.197498362 0.208357988 0.187416736 0.177547909 0.155293011 0.196285584 0.195563161 0.197663129 0.195622946 0.161313781 0.161566164 0.161232920 0.161989864 0.204599905 0.203635236 0.299177818 
8     0.190160483 0.174409997 0.175246435 0.182197542 0.164810048 0.180737543 0.170520083 0.199626338 0.205139241 0.209569886 0.188016652 0.183592627 0.192133928 0.192587988 0.192281203 0.174300306 0.083920215 0.000000000 0.060726452 0.142971980 0.138859172 0.146166275 0.158371763 0.157240913 0.157278172 0.161820624 0.159677664 0.161066910 0.153572275 0.153287537 0.196382030 0.239717626 0.185299063 0.186587385 0.187456475 0.193119793 0.203979419 0.183038167 0.173169340 0.150914442 0.191907015 0.191184592 0.193284560 0.191244377 0.156935212 0.157187595 0.156854351 0.157611295 0.200268365 0.199303696 0.294828848 
5     0.171265332 0.155514846 0.156351284 0.163302391 0.145914897 0.161842393 0.151625826 0.180731745 0.186244649 0.190675294 0.169122394 0.164698369 0.173239670 0.173693731 0.173386946 0.155406049 0.066344026 0.060726452 0.000000000 0.124275919 0.119954795 0.127261897 0.139467386 0.138336536 0.138373795 0.142916247 0.140773286 0.142162532 0.134667897 0.134383160 0.177463370 0.220798966 0.166380404 0.167668726 0.168537816 0.174201134 0.185060760 0.164119508 0.154250681 0.131995782 0.172988356 0.172265932 0.174365901 0.172325718 0.138016553 0.138268936 0.137935692 0.138692636 0.181349706 0.180385037 0.275913358 
18     0.205941451 0.190190965 0.191027404 0.197978511 0.180591017 0.196518512 0.186267750 0.215390903 0.220903807 0.225334451 0.203781552 0.199357527 0.207898828 0.208352888 0.208046103 0.190065206 0.147265907 0.142971980 0.124275919 0.000000000 0.154528021 0.161835123 0.174040612 0.172909762 0.172947021 0.177489473 0.175346512 0.176735758 0.169241123 0.168956386 0.212145756 0.255487390 0.201068827 0.202357149 0.203226239 0.208889557 0.219749183 0.198807931 0.188939104 0.166684206 0.207676779 0.206954356 0.209054324 0.207014141 0.172703817 0.172956200 0.172622956 0.173379900 0.215991896 0.215027227 0.310571585 
30     0.129843493 0.114074614 0.114914543 0.121865649 0.104478156 0.120416885 0.110168866 0.139640565 0.145153469 0.149584114 0.127987327 0.123563302 0.132161583 0.132615643 0.132319151 0.114329592 0.143207000 0.138859172 0.119954795 0.154528021 0.000000000 0.028350230 0.047549572 0.046477775 0.046488305 0.050944265 0.048911482 0.050263766 0.042420488 0.042068071 0.135963275 0.179307246 0.124915648 0.126304803 0.127173893 0.132837211 0.143684084 0.122742832 0.112859026 0.090604127 0.131601031 0.130876124 0.132976092 0.130938394 0.096601411 0.096853794 0.096520549 0.097277493 0.139872427 0.138907757 0.234589731 
14     0.137150596 0.121381717 0.122221645 0.129172752 0.111785258 0.127723988 0.117475969 0.146947668 0.152460571 0.156891216 0.135294429 0.130870404 0.139468685 0.139922746 0.139626253 0.121636695 0.150514103 0.146166275 0.127261897 0.161835123 0.028350230 0.000000000 0.054653286 0.053552012 0.053564138 0.058157434 0.055953055 0.057317467 0.049729488 0.049301156 0.143270377 0.186614348 0.132222751 0.133611906 0.134480995 0.140144314 0.150991186 0.130049935 0.120166128 0.097911230 0.138908134 0.138183226 0.140283195 0.138245496 0.103908513 0.104160896 0.103827652 0.104584596 0.147179529 0.146214860 0.241896834 
24     0.149439578 0.133670699 0.134510627 0.141461734 0.124074240 0.140012970 0.129764951 0.159236650 0.164749554 0.169180198 0.147583412 0.143159387 0.151757668 0.152211728 0.151915235 0.133925677 0.162719591 0.158371763 0.139467386 0.174040612 0.047549572 0.054653286 0.000000000 0.019729768 0.019075260 0.036835467 0.035423906 0.037149598 0.047723195 0.047576409 0.155549796 0.198893767 0.144502198 0.145891353 0.146760443 0.152423761 0.163270634 0.142329382 0.132445575 0.110190677 0.151187581 0.150462673 0.152562642 0.150524943 0.116187960 0.116440343 0.116107099 0.116864043 0.159458357 0.158493688 0.254160979 
13     0.148308728 0.132539849 0.133379777 0.140330884 0.122943390 0.138882120 0.128634101 0.158105800 0.163618704 0.168049348 0.146452562 0.142028537 0.150626818 0.151080878 0.150784385 0.132794827 0.161588741 0.157240913 0.138336536 0.172909762 0.046477775 0.053552012 0.019729768 0.000000000 0.017020887 0.036482303 0.034734098 0.035438355 0.047439049 0.047241654 0.154418946 0.197762917 0.143371348 0.144760503 0.145629593 0.151292911 0.162139784 0.141198532 0.131314725 0.109059827 0.150056731 0.149331824 0.151431792 0.149394093 0.115057110 0.115309493 0.114976249 0.115733193 0.158327507 0.157362838 0.253030129 
28     0.148345987 0.132577108 0.133417036 0.140368143 0.122980649 0.138919379 0.128671360 0.158143059 0.163655962 0.168086607 0.146489821 0.142065796 0.150664076 0.151118137 0.150821644 0.132832086 0.161626000 0.157278172 0.138373795 0.172947021 0.046488305 0.053564138 0.019075260 0.017020887 0.000000000 0.035637471 0.034062398 0.035169971 0.047202087 0.046987779 0.154456205 0.197800176 0.143408607 0.144797762 0.145666852 0.151330170 0.162177043 0.141235791 0.131351984 0.109097086 0.150093990 0.149369082 0.151469051 0.149431352 0.115094369 0.115346752 0.115013508 0.115770452 0.158364766 0.157400097 0.253067388 
20     0.152888851 0.137119972 0.137959901 0.144911007 0.127523514 0.143462243 0.133214224 0.162685923 0.168198827 0.172629472 0.151032685 0.146608660 0.155206941 0.155661001 0.155364508 0.137374950 0.166168452 0.161820624 0.142916247 0.177489473 0.050944265 0.058157434 0.036835467 0.036482303 0.035637471 0.000000000 0.036555104 0.038631441 0.051230963 0.050939297 0.159002003 0.202345974 0.147954405 0.149343560 0.150212650 0.155875968 0.166722841 0.145781589 0.135897782 0.113642884 0.154639788 0.153914880 0.156014849 0.153977150 0.119640167 0.119892550 0.119559306 0.120316250 0.162910564 0.161945895 0.257613186 
1     0.150745891 0.134977012 0.135816940 0.142768047 0.125380553 0.141319283 0.131071264 0.160542963 0.166055866 0.170486511 0.148889724 0.144465699 0.153063980 0.153518041 0.153221548 0.135231990 0.164025492 0.159677664 0.140773286 0.175346512 0.048911482 0.055953055 0.035423906 0.034734098 0.034062398 0.036555104 0.000000000 0.031481576 0.048973384 0.048539165 0.156859042 0.200203014 0.145811444 0.147200599 0.148069689 0.153733007 0.164579880 0.143638628 0.133754822 0.111499923 0.152496827 0.151771920 0.153871888 0.151834190 0.117497207 0.117749590 0.117416345 0.118173289 0.160767603 0.159802934 0.255470226 
22     0.152134724 0.136365845 0.137205774 0.144156880 0.126769387 0.142708116 0.132460097 0.161931796 0.167444700 0.171875345 0.150278558 0.145854533 0.154452814 0.154906874 0.154610382 0.136620823 0.165414738 0.161066910 0.142162532 0.176735758 0.050263766 0.057317467 0.037149598 0.035438355 0.035169971 0.038631441 0.031481576 0.000000000 0.050629045 0.050370594 0.158244942 0.201588914 0.147197344 0.148586499 0.149455589 0.155118907 0.165965780 0.145024528 0.135140722 0.112885823 0.153882727 0.153157820 0.155257788 0.153220090 0.118883106 0.119135490 0.118802245 0.119559189 0.162153503 0.161188834 0.256856126 
19     0.144636689 0.128867810 0.129707739 0.136658845 0.119271352 0.135210081 0.124962771 0.154434470 0.159947374 0.164378019 0.142781232 0.138357207 0.146955488 0.147409548 0.147113055 0.129123497 0.157920103 0.153572275 0.134667897 0.169241123 0.042420488 0.049729488 0.047723195 0.047439049 0.047202087 0.051230963 0.048973384 0.050629045 0.000000000 0.012809032 0.150751259 0.194095230 0.139703661 0.141092816 0.141961906 0.147625224 0.158472097 0.137530845 0.127647038 0.105392140 0.146389044 0.145664137 0.147764105 0.145726406 0.111389423 0.111641806 0.111308562 0.112065506 0.154659820 0.153695151 0.249362443 
21     0.144351952 0.128583073 0.129423001 0.136374108 0.118986614 0.134925344 0.124678034 0.154149733 0.159662637 0.164093281 0.142496495 0.138072470 0.146670751 0.147124811 0.146828318 0.128838760 0.157635365 0.153287537 0.134383160 0.168956386 0.042068071 0.049301156 0.047576409 0.047241654 0.046987779 0.050939297 0.048539165 0.050370594 0.012809032 0.000000000 0.150473249 0.193817220 0.139425651 0.140814806 0.141683896 0.147347214 0.158194087 0.137252835 0.127369028 0.105114130 0.146111034 0.145386127 0.147486095 0.145448396 0.111111413 0.111363796 0.111030552 0.111787496 0.154382429 0.153417760 0.249085052 
42     0.185000447 0.169192992 0.170019517 0.176970624 0.159583130 0.175533721 0.165534726 0.194750329 0.200263233 0.204693878 0.183012627 0.178588602 0.187227338 0.187681398 0.187389632 0.169400388 0.200760599 0.196382030 0.177463370 0.212145756 0.135963275 0.143270377 0.155549796 0.154418946 0.154456205 0.159002003 0.156859042 0.158244942 0.150751259 0.150473249 0.000000000 0.175972383 0.158627534 0.159801731 0.160674196 0.166334139 0.177236921 0.156282477 0.146153487 0.123909834 0.165021871 0.164295352 0.166395321 0.164359233 0.130260109 0.130512492 0.130179248 0.130936192 0.184892472 0.183927802 0.281666581 
44     0.228347456 0.212540002 0.213366527 0.220317633 0.202930140 0.218880730 0.208881587 0.238098909 0.243611813 0.248042458 0.226361207 0.221937182 0.230575918 0.231029978 0.230738212 0.212748968 0.244096195 0.239717626 0.220798966 0.255487390 0.179307246 0.186614348 0.198893767 0.197762917 0.197800176 0.202345974 0.200203014 0.201588914 0.194095230 0.193817220 0.175972383 0.000000000 0.201953774 0.203058293 0.203930758 0.209590701 0.220514661 0.199560218 0.189580141 0.167336488 0.208447019 0.207720500 0.209820469 0.207784381 0.173281586 0.173533969 0.173200725 0.173957669 0.228209920 0.227245250 0.324951764 
35     0.173957520 0.158146171 0.158972696 0.165923803 0.148536309 0.164486899 0.154475301 0.183701286 0.189214190 0.193644835 0.171964831 0.167540806 0.176178232 0.176632292 0.176340526 0.158351282 0.189677632 0.185299063 0.166380404 0.201068827 0.124915648 0.132222751 0.144502198 0.143371348 0.143408607 0.147954405 0.145811444 0.147197344 0.139703661 0.139425651 0.158627534 0.201953774 0.000000000 0.121022768 0.121936899 0.127553741 0.138801695 0.117774848 0.117393558 0.095130121 0.136563391 0.135826857 0.137924171 0.135902727 0.116925770 0.117178153 0.116844909 0.117601853 0.173830836 0.172866167 0.270562758 
43     0.175271981 0.159473203 0.160299728 0.167250834 0.149863340 0.165813931 0.155806939 0.185028176 0.190541079 0.194971724 0.173291720 0.168867695 0.177505121 0.177959182 0.177667416 0.159678172 0.190965954 0.186587385 0.167668726 0.202357149 0.126304803 0.133611906 0.145891353 0.144760503 0.144797762 0.149343560 0.147200599 0.148586499 0.141092816 0.140814806 0.159801731 0.203058293 0.121022768 0.000000000 0.010147971 0.022812908 0.098149579 0.077044712 0.118917540 0.096678945 0.138008808 0.137301191 0.139404049 0.137353584 0.117994560 0.118246943 0.117913698 0.118670642 0.174982466 0.174017797 0.271831052 
39     0.176141071 0.160342292 0.161168817 0.168119924 0.150732430 0.166683021 0.156676029 0.185897266 0.191410169 0.195840814 0.174160810 0.169736785 0.178374211 0.178828271 0.178536506 0.160547262 0.191835044 0.187456475 0.168537816 0.203226239 0.127173893 0.134480995 0.146760443 0.145629593 0.145666852 0.150212650 0.148069689 0.149455589 0.141961906 0.141683896 0.160674196 0.203930758 0.121936899 0.010147971 0.000000000 0.024003084 0.098823120 0.077804238 0.119833107 0.097594512 0.138924374 0.138216757 0.140319615 0.138269151 0.118863649 0.119116032 0.118782788 0.119539732 0.175851556 0.174886887 0.272700142 
31     0.181804389 0.166005611 0.166832136 0.173783242 0.156395748 0.172346339 0.162339347 0.191560584 0.197073487 0.201504132 0.179824128 0.175400103 0.184037529 0.184491590 0.184199824 0.166210580 0.197498362 0.193119793 0.174201134 0.208889557 0.132837211 0.140144314 0.152423761 0.151292911 0.151330170 0.155875968 0.153733007 0.155118907 0.147625224 0.147347214 0.166334139 0.209590701 0.127553741 0.022812908 0.024003084 0.000000000 0.104684798 0.083565840 0.125449948 0.103211353 0.144541216 0.143833599 0.145936457 0.143885992 0.124526968 0.124779351 0.124446106 0.125203050 0.181514874 0.180550205 0.278363460 
48     0.192664015 0.176865236 0.177691761 0.184642868 0.167255374 0.183205965 0.173198973 0.202420210 0.207933113 0.212363758 0.190683754 0.186259729 0.194897155 0.195351215 0.195059450 0.177070206 0.208357988 0.203979419 0.185060760 0.219749183 0.143684084 0.150991186 0.163270634 0.162139784 0.162177043 0.166722841 0.164579880 0.165965780 0.158472097 0.158194087 0.177236921 0.220514661 0.138801695 0.098149579 0.098823120 0.104684798 0.000000000 0.069917236 0.136155750 0.113971115 0.155224652 0.154517035 0.156619893 0.154569428 0.135481061 0.135733444 0.135400200 0.136157144 0.192378011 0.191413342 0.289245689 
45     0.171722763 0.155923985 0.156750510 0.163701616 0.146314123 0.162264713 0.152257722 0.181478958 0.186991862 0.191422506 0.169742502 0.165318477 0.173955903 0.174409964 0.174118198 0.156128954 0.187416736 0.183038167 0.164119508 0.198807931 0.122742832 0.130049935 0.142329382 0.141198532 0.141235791 0.145781589 0.143638628 0.145024528 0.137530845 0.137252835 0.156282477 0.199560218 0.117774848 0.077044712 0.077804238 0.083565840 0.069917236 0.000000000 0.115222515 0.093037880 0.134291417 0.133583800 0.135686658 0.133636193 0.114521791 0.114774174 0.114440930 0.115197874 0.171433224 0.170468555 0.268304437 
40     0.161865261 0.146064470 0.146891324 0.153842430 0.136454937 0.152405198 0.142403976 0.171621227 0.177134131 0.181564775 0.159886423 0.155462398 0.164098173 0.164552233 0.164260467 0.146271223 0.177547909 0.173169340 0.154250681 0.188939104 0.112859026 0.120166128 0.132445575 0.131314725 0.131351984 0.135897782 0.133754822 0.135140722 0.127647038 0.127369028 0.146153487 0.189580141 0.117393558 0.118917540 0.119833107 0.125449948 0.136155750 0.115222515 0.000000000 0.039896143 0.095577275 0.094784103 0.096905774 0.094828463 0.105189634 0.105442017 0.105108772 0.105871228 0.161663903 0.160699234 0.258464858 
36     0.139610363 0.123809572 0.124636425 0.131587532 0.114200038 0.130150300 0.120149078 0.149366329 0.154879232 0.159309877 0.137631524 0.133207499 0.141843274 0.142297334 0.142005568 0.124016325 0.155293011 0.150914442 0.131995782 0.166684206 0.090604127 0.097911230 0.110190677 0.109059827 0.109097086 0.113642884 0.111499923 0.112885823 0.105392140 0.105114130 0.123909834 0.167336488 0.095130121 0.096678945 0.097594512 0.103211353 0.113971115 0.093037880 0.039896143 0.000000000 0.073360175 0.072567003 0.074688674 0.072606927 0.082945981 0.083198364 0.082865120 0.083627575 0.139409005 0.138444335 0.236209959 
41     0.180600343 0.164799552 0.165626405 0.172577512 0.155190018 0.171140280 0.161141642 0.190356309 0.195869212 0.200299857 0.178621504 0.174197479 0.182833254 0.183287315 0.182995549 0.165006305 0.196285584 0.191907015 0.172988356 0.207676779 0.131601031 0.138908134 0.151187581 0.150056731 0.150093990 0.154639788 0.152496827 0.153882727 0.146389044 0.146111034 0.165021871 0.208447019 0.136563391 0.138008808 0.138924374 0.144541216 0.155224652 0.134291417 0.095577275 0.073360175 0.000000000 0.036561045 0.038727781 0.039267475 0.123980248 0.124232631 0.123899387 0.124661842 0.180426653 0.179461984 0.277217765 
46     0.179874818 0.164074027 0.164900880 0.171851987 0.154464493 0.170414755 0.160416117 0.189630784 0.195143688 0.199574332 0.177895979 0.173471955 0.182107729 0.182561790 0.182270024 0.164280780 0.195563161 0.191184592 0.172265932 0.206954356 0.130876124 0.138183226 0.150462673 0.149331824 0.149369082 0.153914880 0.151771920 0.153157820 0.145664137 0.145386127 0.164295352 0.207720500 0.135826857 0.137301191 0.138216757 0.143833599 0.154517035 0.133583800 0.094784103 0.072567003 0.036561045 0.000000000 0.028688452 0.038188681 0.123262274 0.123514657 0.123181413 0.123943868 0.179702935 0.178738265 0.276494046 
49     0.181974786 0.166173995 0.167000849 0.173951956 0.156564462 0.172514724 0.162516086 0.191730752 0.197243656 0.201674301 0.179995948 0.175571923 0.184207698 0.184661758 0.184369992 0.166380749 0.197663129 0.193284560 0.174365901 0.209054324 0.132976092 0.140283195 0.152562642 0.151431792 0.151469051 0.156014849 0.153871888 0.155257788 0.147764105 0.147486095 0.166395321 0.209820469 0.137924171 0.139404049 0.140319615 0.145936457 0.156619893 0.135686658 0.096905774 0.074688674 0.038727781 0.028688452 0.000000000 0.039619559 0.125362243 0.125614626 0.125281381 0.126043837 0.181802903 0.180838234 0.278594015 
33     0.179937705 0.164136914 0.164963768 0.171914874 0.154527381 0.170477642 0.160479004 0.189693671 0.195206575 0.199637219 0.177958867 0.173534842 0.182170616 0.182624677 0.182332911 0.164343667 0.195622946 0.191244377 0.172325718 0.207014141 0.130938394 0.138245496 0.150524943 0.149394093 0.149431352 0.153977150 0.151834190 0.153220090 0.145726406 0.145448396 0.164359233 0.207784381 0.135902727 0.137353584 0.138269151 0.143885992 0.154569428 0.133636193 0.094828463 0.072606927 0.039267475 0.038188681 0.039619559 0.000000000 0.123317610 0.123569993 0.123236749 0.123999205 0.179764015 0.178799346 0.276555127 
32     0.145630331 0.129829540 0.130656393 0.137607500 0.120220006 0.136170268 0.126162256 0.155374031 0.160886935 0.165317579 0.143637575 0.139213550 0.147851039 0.148305100 0.148013334 0.130024090 0.161313781 0.156935212 0.138016553 0.172703817 0.096601411 0.103908513 0.116187960 0.115057110 0.115094369 0.119640167 0.117497207 0.118883106 0.111389423 0.111111413 0.130260109 0.173281586 0.116925770 0.117994560 0.118863649 0.124526968 0.135481061 0.114521791 0.105189634 0.082945981 0.123980248 0.123262274 0.125362243 0.123317610 0.000000000 0.015681197 0.017179004 0.024038192 0.145445536 0.144480867 0.242303656 
47     0.145882714 0.130081923 0.130908776 0.137859883 0.120472389 0.136422651 0.126414639 0.155626414 0.161139318 0.165569962 0.143889958 0.139465933 0.148103422 0.148557483 0.148265717 0.130276473 0.161566164 0.157187595 0.138268936 0.172956200 0.096853794 0.104160896 0.116440343 0.115309493 0.115346752 0.119892550 0.117749590 0.119135490 0.111641806 0.111363796 0.130512492 0.173533969 0.117178153 0.118246943 0.119116032 0.124779351 0.135733444 0.114774174 0.105442017 0.083198364 0.124232631 0.123514657 0.125614626 0.123569993 0.015681197 0.000000000 0.017068460 0.024369403 0.145697919 0.144733250 0.242556039 
34     0.145549470 0.129748679 0.130575532 0.137526639 0.120139145 0.136089407 0.126081395 0.155293170 0.160806074 0.165236718 0.143556714 0.139132689 0.147770178 0.148224239 0.147932473 0.129943229 0.161232920 0.156854351 0.137935692 0.172622956 0.096520549 0.103827652 0.116107099 0.114976249 0.115013508 0.119559306 0.117416345 0.118802245 0.111308562 0.111030552 0.130179248 0.173200725 0.116844909 0.117913698 0.118782788 0.124446106 0.135400200 0.114440930 0.105108772 0.082865120 0.123899387 0.123181413 0.125281381 0.123236749 0.017179004 0.017068460 0.000000000 0.023956072 0.145364675 0.144400006 0.242222794 
50     0.146306414 0.130505623 0.131332476 0.138283583 0.120896089 0.136846351 0.126838339 0.156050114 0.161563018 0.165993662 0.144313658 0.139889633 0.148527122 0.148981183 0.148689417 0.130700173 0.161989864 0.157611295 0.138692636 0.173379900 0.097277493 0.104584596 0.116864043 0.115733193 0.115770452 0.120316250 0.118173289 0.119559189 0.112065506 0.111787496 0.130936192 0.173957669 0.117601853 0.118670642 0.119539732 0.125203050 0.136157144 0.115197874 0.105871228 0.083627575 0.124661842 0.123943868 0.126043837 0.123999205 0.024038192 0.024369403 0.023956072 0.000000000 0.146121619 0.145156950 0.242979738 
37     0.188708134 0.172894276 0.173723477 0.180674583 0.163287090 0.179238058 0.169145977 0.198367593 0.203880496 0.208311141 0.186582009 0.182157984 0.190821234 0.191275295 0.190983947 0.172990622 0.204599905 0.200268365 0.181349706 0.215991896 0.139872427 0.147179529 0.159458357 0.158327507 0.158364766 0.162910564 0.160767603 0.162153503 0.154659820 0.154382429 0.184892472 0.228209920 0.173830836 0.174982466 0.175851556 0.181514874 0.192378011 0.171433224 0.161663903 0.139409005 0.180426653 0.179702935 0.181802903 0.179764015 0.145445536 0.145697919 0.145364675 0.146121619 0.000000000 0.047763367 0.285509998 
38     0.187743465 0.171929607 0.172758807 0.179709914 0.162322420 0.178273389 0.168181308 0.197402924 0.202915827 0.207346472 0.185617340 0.181193315 0.189856565 0.190310625 0.190019278 0.172025953 0.203635236 0.199303696 0.180385037 0.215027227 0.138907757 0.146214860 0.158493688 0.157362838 0.157400097 0.161945895 0.159802934 0.161188834 0.153695151 0.153417760 0.183927802 0.227245250 0.172866167 0.174017797 0.174886887 0.180550205 0.191413342 0.170468555 0.160699234 0.138444335 0.179461984 0.178738265 0.180838234 0.178799346 0.144480867 0.144733250 0.144400006 0.145156950 0.047763367 0.000000000 0.284545329 
0     0.283559493 0.267733824 0.268564221 0.275515327 0.258127834 0.274076282 0.264037628 0.293265143 0.298778046 0.303208691 0.281532866 0.277108841 0.285747245 0.286201305 0.285909539 0.267920597 0.299177818 0.294828848 0.275913358 0.310571585 0.234589731 0.241896834 0.254160979 0.253030129 0.253067388 0.257613186 0.255470226 0.256856126 0.249362443 0.249085052 0.281666581 0.324951764 0.270562758 0.271831052 0.272700142 0.278363460 0.289245689 0.268304437 0.258464858 0.236209959 0.277217765 0.276494046 0.278594015 0.276555127 0.242303656 0.242556039 0.242222794 0.242979738 0.285509998 0.284545329 0.000000000 
