51
29     0.000000000 0.003112820 0.002225530 0.000731850 0.000942540 0.000031840 0.000449160 0.005836930 0.006575060 0.007006350 0.007460580 0.007051670 0.001739530 0.001696910 0.004257210 0.006285800 0.006347920 0.008428480 0.008099630 0.008222880 0.005218940 0.006060170 0.005823170 0.005831100 0.005922800 0.006089650 0.006289510 0.006166780 0.005652080 0.005514990 0.001802090 0.010223080 0.001802190 0.001933650 0.001803210 0.001978620 0.002230300 0.005277210 0.006957950 0.006887890 0.009695710 0.009415470 0.009392210 0.009366510 0.004024550 0.004347420 0.005006400 0.003977230 0.001308570 0.001308530 0.012571660 
10     0.003112820 0.000000000 0.001482010 0.002638220 0.000743640 0.002074910 0.005999010 0.005534180 0.006272310 0.006703600 0.006479890 0.006493090 0.005741110 0.007320310 0.007212960 0.005983050 0.008570910 0.008125730 0.007796880 0.009023780 0.004916190 0.005757420 0.005520420 0.005528350 0.005620050 0.005786900 0.005986760 0.005864030 0.005349330 0.005212240 0.007013950 0.014485240 0.009624300 0.008594320 0.008263970 0.008963100 0.010066730 0.008346230 0.006655200 0.006585140 0.009392960 0.009112720 0.009089460 0.009063760 0.006900970 0.007227100 0.007020270 0.007008910 0.007544760 0.008667490 0.014005200 
27     0.002225530 0.001482010 0.000000000 0.000163380 0.000061860 0.002012140 0.005209200 0.004744370 0.005482500 0.005913790 0.006368020 0.005959110 0.004951300 0.006652130 0.006423150 0.005193240 0.007781100 0.007335920 0.007007070 0.008233970 0.004126380 0.004967610 0.004730610 0.004738540 0.004830240 0.004997090 0.005196950 0.005074220 0.004559520 0.004422430 0.006224140 0.013695430 0.008834490 0.007804510 0.007474160 0.008173290 0.009276920 0.007556420 0.005865390 0.005795330 0.008603150 0.008322910 0.008299650 0.008273950 0.006111160 0.006437290 0.006230460 0.006219100 0.006866550 0.008212590 0.014257270 
23     0.000731850 0.002638220 0.000163380 0.000000000 0.000211790 0.002821450 0.006018510 0.005553680 0.006291810 0.006723100 0.007177330 0.006768420 0.005760610 0.007461440 0.007232460 0.006002550 0.008590410 0.008145230 0.007816380 0.009043280 0.004935690 0.005776920 0.005539920 0.005547850 0.005639550 0.005806400 0.006006260 0.005883530 0.005368830 0.005231740 0.007033450 0.013036450 0.009643800 0.008613820 0.008283470 0.008982600 0.010086230 0.008365730 0.006674700 0.006604640 0.009412460 0.009132220 0.009108960 0.009083260 0.006920470 0.007246600 0.007039770 0.007028410 0.007675860 0.009021900 0.015066580 
26     0.000942540 0.000743640 0.000061860 0.000211790 0.000000000 0.001735180 0.005111840 0.004647010 0.005385140 0.005816430 0.006270660 0.005861750 0.004853940 0.006554770 0.006325790 0.005095880 0.007683740 0.007238560 0.006909710 0.008136610 0.004029020 0.004870250 0.004633250 0.004641180 0.004732880 0.004899730 0.005099590 0.004976860 0.004462160 0.004325070 0.006126780 0.013247140 0.008737130 0.007707150 0.007376800 0.008075930 0.009179560 0.007459060 0.005768030 0.005697970 0.008505790 0.008225550 0.008202290 0.008176590 0.006013800 0.006339930 0.006133100 0.006121740 0.006769190 0.008115230 0.012921970 
25     0.000031840 0.002074910 0.002012140 0.002821450 0.001735180 0.000000000 0.001688180 0.005615050 0.006353180 0.006784470 0.007238700 0.006829790 0.005821980 0.007522810 0.006482070 0.006063920 0.008201730 0.008206600 0.007877750 0.009104650 0.004997060 0.005838290 0.005601290 0.005609220 0.005700920 0.005867770 0.006067630 0.005944900 0.005430200 0.005293110 0.007094820 0.010254920 0.009705170 0.008675190 0.008180360 0.008121920 0.004306540 0.004406730 0.006736070 0.005754210 0.009473830 0.009193590 0.002597310 0.009144630 0.006981840 0.007307970 0.007101140 0.007089780 0.003817810 0.004940540 0.015127950 
9     0.000449160 0.005999010 0.005209200 0.006018510 0.005111840 0.001688180 0.000000000 0.004586150 0.005324280 0.005755570 0.006209800 0.005800890 0.001290370 0.001247750 0.003010540 0.005035020 0.006250800 0.007467600 0.007138750 0.008079100 0.004258060 0.005099290 0.004862290 0.004870220 0.004961920 0.005128770 0.005328630 0.005205900 0.004691200 0.004554110 0.001704970 0.006067360 0.001705070 0.001836530 0.001706090 0.001881500 0.002133180 0.005180090 0.005997070 0.005927010 0.008734830 0.008454590 0.003486030 0.008405630 0.003927430 0.004250300 0.004909280 0.003880110 0.001211450 0.001211410 0.014388950 
3     0.005836930 0.005534180 0.004744370 0.005553680 0.004647010 0.005615050 0.004586150 0.000000000 0.000567490 0.000733670 0.005350450 0.004247070 0.002380810 0.004955660 0.005405580 0.002085130 0.007447950 0.007002770 0.006673920 0.007900820 0.003793230 0.004634460 0.004397460 0.004405390 0.004497090 0.004663940 0.004863800 0.004741070 0.004226370 0.004089280 0.005890990 0.013362280 0.008501340 0.007471360 0.007141010 0.007840140 0.008943770 0.007223270 0.005532240 0.005462180 0.008270000 0.007989760 0.007966500 0.007940800 0.005778010 0.006104140 0.005897310 0.005885950 0.006533400 0.007879440 0.013924120 
12     0.006575060 0.006272310 0.005482500 0.006291810 0.005385140 0.006353180 0.005324280 0.000567490 0.000000000 0.000023620 0.006088580 0.001196010 0.003992960 0.005693790 0.006143710 0.004913800 0.008186080 0.007740900 0.007412050 0.008638950 0.004531360 0.005372590 0.005135590 0.005143520 0.005235220 0.005402070 0.005601930 0.005479200 0.004964500 0.004827410 0.006629120 0.014100410 0.009239470 0.008209490 0.007879140 0.008578270 0.009681900 0.007961400 0.006270370 0.006200310 0.009008130 0.008727890 0.008704630 0.008678930 0.006516140 0.006842270 0.006635440 0.006624080 0.007271530 0.008617570 0.014662250 
16     0.007006350 0.006703600 0.005913790 0.006723100 0.005816430 0.006784470 0.005755570 0.000733670 0.000023620 0.000000000 0.006519870 0.006110960 0.004424250 0.006125080 0.006575000 0.005345090 0.008617370 0.008172190 0.007843340 0.009070240 0.004962650 0.005803880 0.005566880 0.005574810 0.005666510 0.005833360 0.006033220 0.005910490 0.005395790 0.005258700 0.007060410 0.014531700 0.009670760 0.008640780 0.008310430 0.009009560 0.010113190 0.008392690 0.006701660 0.006631600 0.009439420 0.009159180 0.009135920 0.009110220 0.006947430 0.007273560 0.007066730 0.007055370 0.007702820 0.009048860 0.015093540 
17     0.007460580 0.006479890 0.006368020 0.007177330 0.006270660 0.007238700 0.006209800 0.005350450 0.006088580 0.006519870 0.000000000 0.000025640 0.000061290 0.006527420 0.006289270 0.002691020 0.009071600 0.008626420 0.008297570 0.009524470 0.005416880 0.006258110 0.006021110 0.006029040 0.006120740 0.006287590 0.006487450 0.006364720 0.005850020 0.005712930 0.007514640 0.014985930 0.010124990 0.009095010 0.008764660 0.009463790 0.010567420 0.008846920 0.007155890 0.007085830 0.009893650 0.009613410 0.009590150 0.009564450 0.007401660 0.007727790 0.007520960 0.007509600 0.007266170 0.008388900 0.015547770 
2     0.007051670 0.006493090 0.005959110 0.006768420 0.005861750 0.006829790 0.005800890 0.004247070 0.001196010 0.006110960 0.000025640 0.000000000 0.000074490 0.004755450 0.005880360 0.004650450 0.008662690 0.008217510 0.007888660 0.009115560 0.005007970 0.005849200 0.005612200 0.005620130 0.005711830 0.005878680 0.006078540 0.005955810 0.005441110 0.005304020 0.007105730 0.014577020 0.009716080 0.008686100 0.008355750 0.009054880 0.010158510 0.008438010 0.006746980 0.006676920 0.009484740 0.009204500 0.009181240 0.009155540 0.006992750 0.007318880 0.007112050 0.007100690 0.007748140 0.008970500 0.015138860 
15     0.001739530 0.005741110 0.004951300 0.005760610 0.004853940 0.005821980 0.001290370 0.002380810 0.003992960 0.004424250 0.000061290 0.000074490 0.000000000 0.000042620 0.005098360 0.001181500 0.007541170 0.007209700 0.006880850 0.008107750 0.004000160 0.004841390 0.004604390 0.004612320 0.004704020 0.004870870 0.005070730 0.004948000 0.004433300 0.004296210 0.002995340 0.013569210 0.002995440 0.003126900 0.002996460 0.003171870 0.003423550 0.006470460 0.005739170 0.005669110 0.008476930 0.008196690 0.008173430 0.008147730 0.005217800 0.005540670 0.006104240 0.005170480 0.002501820 0.002501780 0.014131050 
6     0.001696910 0.007320310 0.006652130 0.007461440 0.006554770 0.007522810 0.001247750 0.004955660 0.005693790 0.006125080 0.006527420 0.004755450 0.000042620 0.000000000 0.005055740 0.004084030 0.007498550 0.008910530 0.008581680 0.009808580 0.005700990 0.006542220 0.006305220 0.006313150 0.006404850 0.006571700 0.006771560 0.006648830 0.006134130 0.005997040 0.002952720 0.015270040 0.002952820 0.003084280 0.002953840 0.003129250 0.003380930 0.006427840 0.007440000 0.007369940 0.010177760 0.009897520 0.009874260 0.009848560 0.005175180 0.005498050 0.006157030 0.005127860 0.002459200 0.002459160 0.015831880 
7     0.004257210 0.007212960 0.006423150 0.007232460 0.006325790 0.006482070 0.003010540 0.005405580 0.006143710 0.006575000 0.006289270 0.005880360 0.005098360 0.005055740 0.000000000 0.001864510 0.009126730 0.008681550 0.008352700 0.005824380 0.005472010 0.006313240 0.006076240 0.006084170 0.006175870 0.006342720 0.006542580 0.006419850 0.005905150 0.005768060 0.004065160 0.003812640 0.005513120 0.005644580 0.005514140 0.005689550 0.005941230 0.008902050 0.007211020 0.007140960 0.009948780 0.009668540 0.009645280 0.009619580 0.005182600 0.004016770 0.003606750 0.007564730 0.005019500 0.005019460 0.015602900 
11     0.006285800 0.005983050 0.005193240 0.006002550 0.005095880 0.006063920 0.005035020 0.002085130 0.004913800 0.005345090 0.002691020 0.004650450 0.001181500 0.004084030 0.001864510 0.000000000 0.007896820 0.007451640 0.007122790 0.008349690 0.004242100 0.005083330 0.004846330 0.004854260 0.004945960 0.005112810 0.005312670 0.005189940 0.004675240 0.004538150 0.006339860 0.013290620 0.008950210 0.007920230 0.007589880 0.008289010 0.009392640 0.007672140 0.005981110 0.005911050 0.008718870 0.008438630 0.008415370 0.008389670 0.006226880 0.006553010 0.006346180 0.006334820 0.005158670 0.006281400 0.014372990 
4     0.006347920 0.008570910 0.007781100 0.008590410 0.007683740 0.008201730 0.006250800 0.007447950 0.008186080 0.008617370 0.009071600 0.008662690 0.007541170 0.007498550 0.009126730 0.007896820 0.000000000 0.001764120 0.000746180 0.003609510 0.005990100 0.006831330 0.006594330 0.006602260 0.006693960 0.006860810 0.007060670 0.006937940 0.006423240 0.006286150 0.005581950 0.012205980 0.005582050 0.005713510 0.005583070 0.005758480 0.006010160 0.008389240 0.006698210 0.006628150 0.009435970 0.009155730 0.009132470 0.009106770 0.006943980 0.007270110 0.007063280 0.007051920 0.005088430 0.005088390 0.015090090 
8     0.008428480 0.008125730 0.007335920 0.008145230 0.007238560 0.008206600 0.007467600 0.007002770 0.007740900 0.008172190 0.008626420 0.008217510 0.007209700 0.008910530 0.008681550 0.007451640 0.001764120 0.000000000 0.000180310 0.004089150 0.005544920 0.006386150 0.006149150 0.006157080 0.006248780 0.006415630 0.006615490 0.006492760 0.005978060 0.005840970 0.006611780 0.014083070 0.009222130 0.008192150 0.007861800 0.008560930 0.009664560 0.007944060 0.006253030 0.006182970 0.008990790 0.008710550 0.008687290 0.008661590 0.006498800 0.006824930 0.006618100 0.006606740 0.007254190 0.008600230 0.014644910 
5     0.008099630 0.007796880 0.007007070 0.007816380 0.006909710 0.007877750 0.007138750 0.006673920 0.007412050 0.007843340 0.008297570 0.007888660 0.006880850 0.008581680 0.008352700 0.007122790 0.000746180 0.000180310 0.000000000 0.003760300 0.005216070 0.006057300 0.005820300 0.005828230 0.005919930 0.006086780 0.006286640 0.006163910 0.005649210 0.005512120 0.006282930 0.012310620 0.008893280 0.007863300 0.007532950 0.008232080 0.009335710 0.007615210 0.005924180 0.005854120 0.008661940 0.008381700 0.008358440 0.008332740 0.006169950 0.006496080 0.006289250 0.006277890 0.006925340 0.007120580 0.014316060 
18     0.008222880 0.009023780 0.008233970 0.009043280 0.008136610 0.009104650 0.008079100 0.007900820 0.008638950 0.009070240 0.009524470 0.009115560 0.008107750 0.009808580 0.005824380 0.008349690 0.003609510 0.004089150 0.003760300 0.000000000 0.006442970 0.007284200 0.007047200 0.007055130 0.007146830 0.007313680 0.007513540 0.007390810 0.006876110 0.006739020 0.004996000 0.004743480 0.010120180 0.009090200 0.008759850 0.009458980 0.010562610 0.008842110 0.007151080 0.007081020 0.009888840 0.009608600 0.009585340 0.009559640 0.006113440 0.004947610 0.004537590 0.007504790 0.008152240 0.009498280 0.015542960 
30     0.005218940 0.004916190 0.004126380 0.004935690 0.004029020 0.004997060 0.004258060 0.003793230 0.004531360 0.004962650 0.005416880 0.005007970 0.004000160 0.005700990 0.005472010 0.004242100 0.005990100 0.005544920 0.005216070 0.006442970 0.000000000 0.000001270 0.001674390 0.001050290 0.001774020 0.001046160 0.000001270 0.000433950 0.001503300 0.000523020 0.004433140 0.006477530 0.007043490 0.006013510 0.005683160 0.006382290 0.007485920 0.005765420 0.004074390 0.004004330 0.006812150 0.006531910 0.006508650 0.006482950 0.004320160 0.004646290 0.004439460 0.004428100 0.005075550 0.006421590 0.008799430 
14     0.006060170 0.005757420 0.004967610 0.005776920 0.004870250 0.005838290 0.005099290 0.004634460 0.005372590 0.005803880 0.006258110 0.005849200 0.004841390 0.006542220 0.006313240 0.005083330 0.006831330 0.006386150 0.006057300 0.007284200 0.000001270 0.000000000 0.002274580 0.001049020 0.002270980 0.001044890 0.000000000 0.000235160 0.000037700 0.000324230 0.005274370 0.006278740 0.007884720 0.006854740 0.006524390 0.007223520 0.008327150 0.006606650 0.004915620 0.004845560 0.007653380 0.007373140 0.007349880 0.007324180 0.005161390 0.005487520 0.005280690 0.005269330 0.005916780 0.007262820 0.009191360 
24     0.005823170 0.005520420 0.004730610 0.005539920 0.004633250 0.005601290 0.004862290 0.004397460 0.005135590 0.005566880 0.006021110 0.005612200 0.004604390 0.006305220 0.006076240 0.004846330 0.006594330 0.006149150 0.005820300 0.007047200 0.001674390 0.002274580 0.000000000 0.000380150 0.000003600 0.000399490 0.001151960 0.000690980 0.001002590 0.000865500 0.005037370 0.012508660 0.007647720 0.006617740 0.006287390 0.006986520 0.008090150 0.006369650 0.004678620 0.004608560 0.007416380 0.007136140 0.007112880 0.007087180 0.004924390 0.005250520 0.005043690 0.005032330 0.005679780 0.007025820 0.013070500 
13     0.005831100 0.005528350 0.004738540 0.005547850 0.004641180 0.005609220 0.004870220 0.004405390 0.005143520 0.005574810 0.006029040 0.005620130 0.004612320 0.006313150 0.006084170 0.004854260 0.006602260 0.006157080 0.005828230 0.007055130 0.001050290 0.001049020 0.000380150 0.000000000 0.000302960 0.000004350 0.000583360 0.000700150 0.001010520 0.000873430 0.005045300 0.012516590 0.007655650 0.006625670 0.006295320 0.006994450 0.008098080 0.006377580 0.004686550 0.004616490 0.007424310 0.007144070 0.007120810 0.007095110 0.004932320 0.005258450 0.005051620 0.005040260 0.005687710 0.007033750 0.010518440 
28     0.005922800 0.005620050 0.004830240 0.005639550 0.004732880 0.005700920 0.004961920 0.004497090 0.005235220 0.005666510 0.006120740 0.005711830 0.004704020 0.006404850 0.006175870 0.004945960 0.006693960 0.006248780 0.005919930 0.007146830 0.001774020 0.002270980 0.000003600 0.000302960 0.000000000 0.000342070 0.000809540 0.000287180 0.001102220 0.000965130 0.005137000 0.012608290 0.007747350 0.006717370 0.006387020 0.007086150 0.008189780 0.006469280 0.004778250 0.004708190 0.007516010 0.007235770 0.007212510 0.007186810 0.005024020 0.005350150 0.005143320 0.005131960 0.005779410 0.007125450 0.010940250 
20     0.006089650 0.005786900 0.004997090 0.005806400 0.004899730 0.005867770 0.005128770 0.004663940 0.005402070 0.005833360 0.006287590 0.005878680 0.004870870 0.006571700 0.006342720 0.005112810 0.006860810 0.006415630 0.006086780 0.007313680 0.001046160 0.001044890 0.000399490 0.000004350 0.000342070 0.000000000 0.001044890 0.000171460 0.001269070 0.001131980 0.005303850 0.012775140 0.007914200 0.006884220 0.006553870 0.007253000 0.008356630 0.006636130 0.004945100 0.004875040 0.007682860 0.007402620 0.007379360 0.007353660 0.005190870 0.005517000 0.005310170 0.005298810 0.005946260 0.007292300 0.013336980 
1     0.006289510 0.005986760 0.005196950 0.006006260 0.005099590 0.006067630 0.005328630 0.004863800 0.005601930 0.006033220 0.006487450 0.006078540 0.005070730 0.006771560 0.006542580 0.005312670 0.007060670 0.006615490 0.006286640 0.007513540 0.000001270 0.000000000 0.001151960 0.000583360 0.000809540 0.001044890 0.000000000 0.000000350 0.001468930 0.001331840 0.005503710 0.012975000 0.008114060 0.007084080 0.006753730 0.007452860 0.008556490 0.006835990 0.005144960 0.005074900 0.007882720 0.007602480 0.007579220 0.007553520 0.005390730 0.005716860 0.005510030 0.005498670 0.006146120 0.007492160 0.008923180 
22     0.006166780 0.005864030 0.005074220 0.005883530 0.004976860 0.005944900 0.005205900 0.004741070 0.005479200 0.005910490 0.006364720 0.005955810 0.004948000 0.006648830 0.006419850 0.005189940 0.006937940 0.006492760 0.006163910 0.007390810 0.000433950 0.000235160 0.000690980 0.000700150 0.000287180 0.000171460 0.000000350 0.000000000 0.001346200 0.000188910 0.005380980 0.006420600 0.007991330 0.006961350 0.006631000 0.007330130 0.008433760 0.006713260 0.005022230 0.004952170 0.007759990 0.007479750 0.007456490 0.007430790 0.005268000 0.005594130 0.005387300 0.005375940 0.006023390 0.007369430 0.008731850 
19     0.005652080 0.005349330 0.004559520 0.005368830 0.004462160 0.005430200 0.004691200 0.004226370 0.004964500 0.005395790 0.005850020 0.005441110 0.004433300 0.006134130 0.005905150 0.004675240 0.006423240 0.005978060 0.005649210 0.006876110 0.001503300 0.000037700 0.001002590 0.001010520 0.001102220 0.001269070 0.001468930 0.001346200 0.000000000 0.000010040 0.004866280 0.012337570 0.007476630 0.006446650 0.006116300 0.006815430 0.007919060 0.006198560 0.004507530 0.004437470 0.007245290 0.006965050 0.006941790 0.006916090 0.004753300 0.005079430 0.004872600 0.004861240 0.005508690 0.006854730 0.010801290 
21     0.005514990 0.005212240 0.004422430 0.005231740 0.004325070 0.005293110 0.004554110 0.004089280 0.004827410 0.005258700 0.005712930 0.005304020 0.004296210 0.005997040 0.005768060 0.004538150 0.006286150 0.005840970 0.005512120 0.006739020 0.000523020 0.000324230 0.000865500 0.000873430 0.000965130 0.001131980 0.001331840 0.000188910 0.000010040 0.000000000 0.004729190 0.006509670 0.007339540 0.006309560 0.005979210 0.006678340 0.007781970 0.006061470 0.004370440 0.004300380 0.007108200 0.006827960 0.006804700 0.006779000 0.004616210 0.004942340 0.004735510 0.004724150 0.005371600 0.006717640 0.010658930 
42     0.001802090 0.007013950 0.006224140 0.007033450 0.006126780 0.007094820 0.001704970 0.005890990 0.006629120 0.007060410 0.007514640 0.007105730 0.002995340 0.002952720 0.004065160 0.006339860 0.005581950 0.006611780 0.006282930 0.004996000 0.004433140 0.005274370 0.005037370 0.005045300 0.005137000 0.005303850 0.005503710 0.005380980 0.004866280 0.004729190 0.000000000 0.000311980 0.000000100 0.000131560 0.000001120 0.000176530 0.000428210 0.003475120 0.003932570 0.003862510 0.006670330 0.006390090 0.006366830 0.006341130 0.002067940 0.000902110 0.000492090 0.002175140 0.000493600 0.000493560 0.013232390 
44     0.010223080 0.014485240 0.013695430 0.013036450 0.013247140 0.010254920 0.006067360 0.013362280 0.014100410 0.014531700 0.014985930 0.014577020 0.013569210 0.015270040 0.003812640 0.013290620 0.012205980 0.014083070 0.012310620 0.004743480 0.006477530 0.006278740 0.012508660 0.012516590 0.012608290 0.012775140 0.012975000 0.006420600 0.012337570 0.006509670 0.000311980 0.000000000 0.013594320 0.012564340 0.012233990 0.012933120 0.014036750 0.012316250 0.006839670 0.005677720 0.014141620 0.013861380 0.013838120 0.012493350 0.001815420 0.000649590 0.000239570 0.005505260 0.005637960 0.008211820 0.011355850 
35     0.001802190 0.009624300 0.008834490 0.009643800 0.008737130 0.009705170 0.001705070 0.008501340 0.009239470 0.009670760 0.010124990 0.009716080 0.002995440 0.002952820 0.005513120 0.008950210 0.005582050 0.009222130 0.008893280 0.010120180 0.007043490 0.007884720 0.007647720 0.007655650 0.007747350 0.007914200 0.008114060 0.007991330 0.007476630 0.007339540 0.000000100 0.013594320 0.000000000 0.000131660 0.000001220 0.000176630 0.000428310 0.003475220 0.005192160 0.005333150 0.009207120 0.009000440 0.008977180 0.008951480 0.002222380 0.002545250 0.003204230 0.002175060 0.000493700 0.000493660 0.014885100 
43     0.001933650 0.008594320 0.007804510 0.008613820 0.007707150 0.008675190 0.001836530 0.007471360 0.008209490 0.008640780 0.009095010 0.008686100 0.003126900 0.003084280 0.005644580 0.007920230 0.005713510 0.008192150 0.007863300 0.009090200 0.006013510 0.006854740 0.006617740 0.006625670 0.006717370 0.006884220 0.007084080 0.006961350 0.006446650 0.006309560 0.000131560 0.012564340 0.000131660 0.000000000 0.000041940 0.000044970 0.000559490 0.001542140 0.005323460 0.005442880 0.008250700 0.007970460 0.007219650 0.007921500 0.002354020 0.002676890 0.003335870 0.002306700 0.000625160 0.000625120 0.013671320 
39     0.001803210 0.008263970 0.007474160 0.008283470 0.007376800 0.008180360 0.001706090 0.007141010 0.007879140 0.008310430 0.008764660 0.008355750 0.002996460 0.002953840 0.005514140 0.007589880 0.005583070 0.007861800 0.007532950 0.008759850 0.005683160 0.006524390 0.006287390 0.006295320 0.006387020 0.006553870 0.006753730 0.006631000 0.006116300 0.005979210 0.000001120 0.012233990 0.000001220 0.000041940 0.000000000 0.000175450 0.000429050 0.000867800 0.005182590 0.005112530 0.007920350 0.007640110 0.006811010 0.007591150 0.002223580 0.002546450 0.003205430 0.002176260 0.000494720 0.000494680 0.014482410 
31     0.001978620 0.008963100 0.008173290 0.008982600 0.008075930 0.008121920 0.001881500 0.007840140 0.008578270 0.009009560 0.009463790 0.009054880 0.003171870 0.003129250 0.005689550 0.008289010 0.005758480 0.008560930 0.008232080 0.009458980 0.006382290 0.007223520 0.006986520 0.006994450 0.007086150 0.007253000 0.007452860 0.007330130 0.006815430 0.006678340 0.000176530 0.012933120 0.000176630 0.000044970 0.000175450 0.000000000 0.000604460 0.000808600 0.005368430 0.005811660 0.008619480 0.008339240 0.007097230 0.008290280 0.002398990 0.002721860 0.003380840 0.002351670 0.000670130 0.000670090 0.014258630 
48     0.002230300 0.010066730 0.009276920 0.010086230 0.009179560 0.004306540 0.002133180 0.008943770 0.009681900 0.010113190 0.010567420 0.010158510 0.003423550 0.003380930 0.005941230 0.009392640 0.006010160 0.009664560 0.009335710 0.010562610 0.007485920 0.008327150 0.008090150 0.008098080 0.008189780 0.008356630 0.008556490 0.008433760 0.007919060 0.007781970 0.000428210 0.014036750 0.000428310 0.000559490 0.000429050 0.000604460 0.000000000 0.000277990 0.005620110 0.006438750 0.009723110 0.009442870 0.003281850 0.009393910 0.002650670 0.002973540 0.003632520 0.002603350 0.000921810 0.000921770 0.016285170 
45     0.005277210 0.008346230 0.007556420 0.008365730 0.007459060 0.004406730 0.005180090 0.007223270 0.007961400 0.008392690 0.008846920 0.008438010 0.006470460 0.006427840 0.008902050 0.007672140 0.008389240 0.007944060 0.007615210 0.008842110 0.005765420 0.006606650 0.006369650 0.006377580 0.006469280 0.006636130 0.006835990 0.006713260 0.006198560 0.006061470 0.003475120 0.012316250 0.003475220 0.001542140 0.000867800 0.000808600 0.000277990 0.000000000 0.005264850 0.005194790 0.008002610 0.007722370 0.003382040 0.007673410 0.004731980 0.005058110 0.004851280 0.004839920 0.003968720 0.003968680 0.014564670 
40     0.006957950 0.006655200 0.005865390 0.006674700 0.005768030 0.006736070 0.005997070 0.005532240 0.006270370 0.006701660 0.007155890 0.006746980 0.005739170 0.007440000 0.007211020 0.005981110 0.006698210 0.006253030 0.005924180 0.007151080 0.004074390 0.004915620 0.004678620 0.004686550 0.004778250 0.004945100 0.005144960 0.005022230 0.004507530 0.004370440 0.003932570 0.006839670 0.005192160 0.005323460 0.005182590 0.005368430 0.005620110 0.005264850 0.000000000 0.000513340 0.003732020 0.003451780 0.003428520 0.001102290 0.003819590 0.004145720 0.003938890 0.003927530 0.004261560 0.005607600 0.004549470 
36     0.006887890 0.006585140 0.005795330 0.006604640 0.005697970 0.005754210 0.005927010 0.005462180 0.006200310 0.006631600 0.007085830 0.006676920 0.005669110 0.007369940 0.007140960 0.005911050 0.006628150 0.006182970 0.005854120 0.007081020 0.004004330 0.004845560 0.004608560 0.004616490 0.004708190 0.004875040 0.005074900 0.004952170 0.004437470 0.004300380 0.003862510 0.005677720 0.005333150 0.005442880 0.005112530 0.005811660 0.006438750 0.005194790 0.000513340 0.000000000 0.002235210 0.003122210 0.003358460 0.001767360 0.003749530 0.004075660 0.003868830 0.003857470 0.004191500 0.005537540 0.003865710 
41     0.009695710 0.009392960 0.008603150 0.009412460 0.008505790 0.009473830 0.008734830 0.008270000 0.009008130 0.009439420 0.009893650 0.009484740 0.008476930 0.010177760 0.009948780 0.008718870 0.009435970 0.008990790 0.008661940 0.009888840 0.006812150 0.007653380 0.007416380 0.007424310 0.007516010 0.007682860 0.007882720 0.007759990 0.007245290 0.007108200 0.006670330 0.014141620 0.009207120 0.008250700 0.007920350 0.008619480 0.009723110 0.008002610 0.003732020 0.002235210 0.000000000 0.000606740 0.001116560 0.000000000 0.006557350 0.006883480 0.006676650 0.006665290 0.006999320 0.008345360 0.015611400 
46     0.009415470 0.009112720 0.008322910 0.009132220 0.008225550 0.009193590 0.008454590 0.007989760 0.008727890 0.009159180 0.009613410 0.009204500 0.008196690 0.009897520 0.009668540 0.008438630 0.009155730 0.008710550 0.008381700 0.009608600 0.006531910 0.007373140 0.007136140 0.007144070 0.007235770 0.007402620 0.007602480 0.007479750 0.006965050 0.006827960 0.006390090 0.013861380 0.009000440 0.007970460 0.007640110 0.008339240 0.009442870 0.007722370 0.003451780 0.003122210 0.000606740 0.000000000 0.000274010 0.000670680 0.006277110 0.006603240 0.006396410 0.006385050 0.006719080 0.008065120 0.015331160 
49     0.009392210 0.009089460 0.008299650 0.009108960 0.008202290 0.002597310 0.003486030 0.007966500 0.008704630 0.009135920 0.009590150 0.009181240 0.008173430 0.009874260 0.009645280 0.008415370 0.009132470 0.008687290 0.008358440 0.009585340 0.006508650 0.007349880 0.007112880 0.007120810 0.007212510 0.007379360 0.007579220 0.007456490 0.006941790 0.006804700 0.006366830 0.013838120 0.008977180 0.007219650 0.006811010 0.007097230 0.003281850 0.003382040 0.003428520 0.003358460 0.001116560 0.000274010 0.000000000 0.000647420 0.006253850 0.006579980 0.006373150 0.006361790 0.006695820 0.008041860 0.015307900 
33     0.009366510 0.009063760 0.008273950 0.009083260 0.008176590 0.009144630 0.008405630 0.007940800 0.008678930 0.009110220 0.009564450 0.009155540 0.008147730 0.009848560 0.009619580 0.008389670 0.009106770 0.008661590 0.008332740 0.009559640 0.006482950 0.007324180 0.007087180 0.007095110 0.007186810 0.007353660 0.007553520 0.007430790 0.006916090 0.006779000 0.006341130 0.012493350 0.008951480 0.007921500 0.007591150 0.008290280 0.009393910 0.007673410 0.001102290 0.001767360 0.000000000 0.000670680 0.000647420 0.000000000 0.006228150 0.006554280 0.006347450 0.006336090 0.006670120 0.008016160 0.015282200 
32     0.004024550 0.006900970 0.006111160 0.006920470 0.006013800 0.006981840 0.003927430 0.005778010 0.006516140 0.006947430 0.007401660 0.006992750 0.005217800 0.005175180 0.005182600 0.006226880 0.006943980 0.006498800 0.006169950 0.006113440 0.004320160 0.005161390 0.004924390 0.004932320 0.005024020 0.005190870 0.005390730 0.005268000 0.004753300 0.004616210 0.002067940 0.001815420 0.002222380 0.002354020 0.002223580 0.002398990 0.002650670 0.004731980 0.003819590 0.003749530 0.006557350 0.006277110 0.006253850 0.006228150 0.000000000 0.000126800 0.000027670 0.000048080 0.002716060 0.002716020 0.006148030 
47     0.004347420 0.007227100 0.006437290 0.007246600 0.006339930 0.007307970 0.004250300 0.006104140 0.006842270 0.007273560 0.007727790 0.007318880 0.005540670 0.005498050 0.004016770 0.006553010 0.007270110 0.006824930 0.006496080 0.004947610 0.004646290 0.005487520 0.005250520 0.005258450 0.005350150 0.005517000 0.005716860 0.005594130 0.005079430 0.004942340 0.000902110 0.000649590 0.002545250 0.002676890 0.002546450 0.002721860 0.002973540 0.005058110 0.004145720 0.004075660 0.006883480 0.006603240 0.006579980 0.006554280 0.000126800 0.000000000 0.000100840 0.000370950 0.003038930 0.003038890 0.006004610 
34     0.005006400 0.007020270 0.006230460 0.007039770 0.006133100 0.007101140 0.004909280 0.005897310 0.006635440 0.007066730 0.007520960 0.007112050 0.006104240 0.006157030 0.003606750 0.006346180 0.007063280 0.006618100 0.006289250 0.004537590 0.004439460 0.005280690 0.005043690 0.005051620 0.005143320 0.005310170 0.005510030 0.005387300 0.004872600 0.004735510 0.000492090 0.000239570 0.003204230 0.003335870 0.003205430 0.003380840 0.003632520 0.004851280 0.003938890 0.003868830 0.006676650 0.006396410 0.006373150 0.006347450 0.000027670 0.000100840 0.000000000 0.000669970 0.003697910 0.003697870 0.008083760 
50     0.003977230 0.007008910 0.006219100 0.007028410 0.006121740 0.007089780 0.003880110 0.005885950 0.006624080 0.007055370 0.007509600 0.007100690 0.005170480 0.005127860 0.007564730 0.006334820 0.007051920 0.006606740 0.006277890 0.007504790 0.004428100 0.005269330 0.005032330 0.005040260 0.005131960 0.005298810 0.005498670 0.005375940 0.004861240 0.004724150 0.002175140 0.005505260 0.002175060 0.002306700 0.002176260 0.002351670 0.002603350 0.004839920 0.003927530 0.003857470 0.006665290 0.006385050 0.006361790 0.006336090 0.000048080 0.000370950 0.000669970 0.000000000 0.002668740 0.002668700 0.010029730 
37     0.001308570 0.007544760 0.006866550 0.007675860 0.006769190 0.003817810 0.001211450 0.006533400 0.007271530 0.007702820 0.007266170 0.007748140 0.002501820 0.002459200 0.005019500 0.005158670 0.005088430 0.007254190 0.006925340 0.008152240 0.005075550 0.005916780 0.005679780 0.005687710 0.005779410 0.005946260 0.006146120 0.006023390 0.005508690 0.005371600 0.000493600 0.005637960 0.000493700 0.000625160 0.000494720 0.000670130 0.000921810 0.003968720 0.004261560 0.004191500 0.006999320 0.006719080 0.006695820 0.006670120 0.002716060 0.003038930 0.003697910 0.002668740 0.000000000 0.000000040 0.011730310 
38     0.001308530 0.008667490 0.008212590 0.009021900 0.008115230 0.004940540 0.001211410 0.007879440 0.008617570 0.009048860 0.008388900 0.008970500 0.002501780 0.002459160 0.005019460 0.006281400 0.005088390 0.008600230 0.007120580 0.009498280 0.006421590 0.007262820 0.007025820 0.007033750 0.007125450 0.007292300 0.007492160 0.007369430 0.006854730 0.006717640 0.000493560 0.008211820 0.000493660 0.000625120 0.000494680 0.000670090 0.000921770 0.003968680 0.005607600 0.005537540 0.008345360 0.008065120 0.008041860 0.008016160 0.002716020 0.003038890 0.003697870 0.002668700 0.000000040 0.000000000 0.014623730 
0     0.012571660 0.014005200 0.014257270 0.015066580 0.012921970 0.015127950 0.014388950 0.013924120 0.014662250 0.015093540 0.015547770 0.015138860 0.014131050 0.015831880 0.015602900 0.014372990 0.015090090 0.014644910 0.014316060 0.015542960 0.008799430 0.009191360 0.013070500 0.010518440 0.010940250 0.013336980 0.008923180 0.008731850 0.010801290 0.010658930 0.013232390 0.011355850 0.014885100 0.013671320 0.014482410 0.014258630 0.016285170 0.014564670 0.004549470 0.003865710 0.015611400 0.015331160 0.015307900 0.015282200 0.006148030 0.006004610 0.008083760 0.010029730 0.011730310 0.014623730 0.000000000 
