51
17     0.000000000 0.000709850 0.000836660 0.000082890 0.001163240 0.003288570 0.003273130 0.002995870 0.000587720 0.003561800 0.001543550 0.003010300 0.000521240 0.003303880 0.003607640 0.003300680 0.002915530 0.003233530 0.001613040 0.006081910 0.005376450 0.004921330 0.005851240 0.004998120 0.005222960 0.005749500 0.005994240 0.005904670 0.006930180 0.006969950 0.006379920 0.006457060 0.006989430 0.007308510 0.006817900 0.007128750 0.007145130 0.007292420 0.006686050 0.004760590 0.006905540 0.004851150 0.006286840 0.006202180 0.006600500 0.003692610 0.003771930 0.004610820 0.004347710 0.005461510 0.003445280 
4     0.000709850 0.000000000 0.000067170 0.000326380 0.001999310 0.003574980 0.002862000 0.002459360 0.002383750 0.003150670 0.001838550 0.003057830 0.003084900 0.002892750 0.003196510 0.003084220 0.003153970 0.002822400 0.001813790 0.006319350 0.004965320 0.004510200 0.005357670 0.004586990 0.004811830 0.005452300 0.006231680 0.005493540 0.006519050 0.006558820 0.005968790 0.006372190 0.006578300 0.006897380 0.006406770 0.006717620 0.006734000 0.007073450 0.006274920 0.004136600 0.006494410 0.004440020 0.005875710 0.005791050 0.006189370 0.003893870 0.003973190 0.004199690 0.003936580 0.005050380 0.003646540 
18     0.000836660 0.000067170 0.000000000 0.000386080 0.002452370 0.004059570 0.003417650 0.003140390 0.002451430 0.003706320 0.002174050 0.003345730 0.002584270 0.003448400 0.003752160 0.003639870 0.003709620 0.003378050 0.002243540 0.006879620 0.005520970 0.005065850 0.005425350 0.005142640 0.005367480 0.006007950 0.006791950 0.006049190 0.007074700 0.007114470 0.006524440 0.006927840 0.007133950 0.007453030 0.006962420 0.007273270 0.007289650 0.007280420 0.006830570 0.004204280 0.007050060 0.004995670 0.006431360 0.006346700 0.006745020 0.004679720 0.004646180 0.004755340 0.004492230 0.005606030 0.009806710 
3     0.000082890 0.000326380 0.000386080 0.000000000 0.001245770 0.003882600 0.003641710 0.003364450 0.002710030 0.003930380 0.002965870 0.003605910 0.003376090 0.003672460 0.003976220 0.003863930 0.003933680 0.003602110 0.003035360 0.007276850 0.005745030 0.005289910 0.005683950 0.005366700 0.005591540 0.006232010 0.007280750 0.006273250 0.007298760 0.007338530 0.006748500 0.007037410 0.007358010 0.007677090 0.007186480 0.007497330 0.007513710 0.007554950 0.007054630 0.004462880 0.007274120 0.005219730 0.006655420 0.006570760 0.006690460 0.004903780 0.004870240 0.004979400 0.004716290 0.005830090 0.009828060 
8     0.001163240 0.001999310 0.002452370 0.001245770 0.000000000 0.000512140 0.000640460 0.000515530 0.003200790 0.003001480 0.002550440 0.002922640 0.002447300 0.002870120 0.003173880 0.003061590 0.003131340 0.002799770 0.001218420 0.004446460 0.005363500 0.004507180 0.004597020 0.004579580 0.004390470 0.006067450 0.006403020 0.006108690 0.007134200 0.007173970 0.005645830 0.006865840 0.007193450 0.007512530 0.007021920 0.007332770 0.006536690 0.006275830 0.006785450 0.004964610 0.005699750 0.005055170 0.006490860 0.005314660 0.005316880 0.003469370 0.003548690 0.004814840 0.004551730 0.005071690 0.003222040 
6     0.003288570 0.003574980 0.004059570 0.003882600 0.000512140 0.000000000 0.000319400 0.001252400 0.003866020 0.003651060 0.003443360 0.003271100 0.003172280 0.003173270 0.003823460 0.003359420 0.003301240 0.003449350 0.001996510 0.004126050 0.005149480 0.004186770 0.004276610 0.004259170 0.004176450 0.005996310 0.006917120 0.005928320 0.007783780 0.007823550 0.005431810 0.006933080 0.007843030 0.008162110 0.007671500 0.007765360 0.006322670 0.007514850 0.006571430 0.004658650 0.007759140 0.005704750 0.006583660 0.005100640 0.005102860 0.005388800 0.005355260 0.005464420 0.005201310 0.004751280 0.007567880 
19     0.003273130 0.002862000 0.003417650 0.003641710 0.000640460 0.000319400 0.000000000 0.000680110 0.002911140 0.002639690 0.002991460 0.002560850 0.003678390 0.002508330 0.002812090 0.002699800 0.002769550 0.002437980 0.002511910 0.000680380 0.005218680 0.000741100 0.000830940 0.000813500 0.005065190 0.005705660 0.005272910 0.005746900 0.006772410 0.006812180 0.006222150 0.006625550 0.006163080 0.007150740 0.005503960 0.006970980 0.006300850 0.007326810 0.006347430 0.001212980 0.006747770 0.004693380 0.004342650 0.003176370 0.006442730 0.004377430 0.003569940 0.002084510 0.001948440 0.001305610 0.010871740 
2     0.002995870 0.002459360 0.003140390 0.003364450 0.000515530 0.001252400 0.000680110 0.000000000 0.002633880 0.002362430 0.002714200 0.002283590 0.002859960 0.002231070 0.002534830 0.002422540 0.002492290 0.002160720 0.001501310 0.001776570 0.004941420 0.001837290 0.001927130 0.001909690 0.004787930 0.005428400 0.006369100 0.005469640 0.006495150 0.006534920 0.005944890 0.006348290 0.006554400 0.006873480 0.006382870 0.006693720 0.006710100 0.007049550 0.006251020 0.002309170 0.006067490 0.004416120 0.005438840 0.004272560 0.006165470 0.003987660 0.004066630 0.003180700 0.003044630 0.002401800 0.010594480 
13     0.000587720 0.002383750 0.002451430 0.002710030 0.003200790 0.003866020 0.002911140 0.002633880 0.000000000 0.001100100 0.000719950 0.000378730 0.000043800 0.003068450 0.003372210 0.003259920 0.003329670 0.002998100 0.003851790 0.004699220 0.003846430 0.005198150 0.003106320 0.005400470 0.005451910 0.006265780 0.008192580 0.006307020 0.007332530 0.007372300 0.006707270 0.007185670 0.007391780 0.007710860 0.007220250 0.007531100 0.007547480 0.007721460 0.007088400 0.001885250 0.007307890 0.005253500 0.006689190 0.006376100 0.006378320 0.004937550 0.004904010 0.005013170 0.004750060 0.005863860 0.008230050 
12     0.003561800 0.003150670 0.003706320 0.003930380 0.003001480 0.003651060 0.002639690 0.002362430 0.001100100 0.000000000 0.000106010 0.001078340 0.000115890 0.002797000 0.003100760 0.002988470 0.003058220 0.002726650 0.000666910 0.007180250 0.005507350 0.005052230 0.005982140 0.005129020 0.005303360 0.005994330 0.008044030 0.006035570 0.007061080 0.007100850 0.006510820 0.006914220 0.007120330 0.007439410 0.006948800 0.007259650 0.007276030 0.007615480 0.006816950 0.004891490 0.007036440 0.004982050 0.006417740 0.006227550 0.006229770 0.004666100 0.004632560 0.004741720 0.004478610 0.005592410 0.009367370 
11     0.001543550 0.001838550 0.002174050 0.002965870 0.002550440 0.003443360 0.002991460 0.002714200 0.000719950 0.000106010 0.000000000 0.000484970 0.000794960 0.001333060 0.003452530 0.003340240 0.003409990 0.003078420 0.001538440 0.007532020 0.005859120 0.005404000 0.006333910 0.005480790 0.005705630 0.006346100 0.007933880 0.006387340 0.007412850 0.007452620 0.006862590 0.007265990 0.007472100 0.007791180 0.007300570 0.007611420 0.007627800 0.007071110 0.007168720 0.005243260 0.007388210 0.005333820 0.006769510 0.006684850 0.007019380 0.005017870 0.004984330 0.005093490 0.004830380 0.005944180 0.009597400 
15     0.003010300 0.003057830 0.003345730 0.003605910 0.002922640 0.003271100 0.002560850 0.002283590 0.000378730 0.001078340 0.000484970 0.000000000 0.000098820 0.000100410 0.003021920 0.002909630 0.002979380 0.002647810 0.003324620 0.007101410 0.005428510 0.004973390 0.005903300 0.005050180 0.005275020 0.005915490 0.008158400 0.005956730 0.006982240 0.007022010 0.006431980 0.006490180 0.007041490 0.007360570 0.006869960 0.007180810 0.007197190 0.007007720 0.006738110 0.004812650 0.006957600 0.004903210 0.006338900 0.006254240 0.006652560 0.004587260 0.004553720 0.004562790 0.004399770 0.005513570 0.011081570 
14     0.000521240 0.003084900 0.002584270 0.003376090 0.002447300 0.003172280 0.003678390 0.002859960 0.000043800 0.000115890 0.000794960 0.000098820 0.000000000 0.000001590 0.004139460 0.004027170 0.004096920 0.003765350 0.002268090 0.005400370 0.004547580 0.005899300 0.003807470 0.005956020 0.005602350 0.007033030 0.008343020 0.007074270 0.008099780 0.008139550 0.006857710 0.007688050 0.008159030 0.008478110 0.007987500 0.007913410 0.007748570 0.007617490 0.007785120 0.002586400 0.007893870 0.006020750 0.007456440 0.006526540 0.006528760 0.005704800 0.005671260 0.005780420 0.005517310 0.006631110 0.008251070 
1     0.003303880 0.002892750 0.003448400 0.003672460 0.002870120 0.003173270 0.002508330 0.002231070 0.003068450 0.002797000 0.001333060 0.000100410 0.000001590 0.000000000 0.000731080 0.002060750 0.001483610 0.000179370 0.004576420 0.006922330 0.005249430 0.004794310 0.005724220 0.004871100 0.005095940 0.005736410 0.007457030 0.005777650 0.006803160 0.006842930 0.006252900 0.006656300 0.006862410 0.007181490 0.006690880 0.007001730 0.007018110 0.007357560 0.006559030 0.004633570 0.006778520 0.004724130 0.006159820 0.006075160 0.006473480 0.004408180 0.004374640 0.004483800 0.004220690 0.005334490 0.010730240 
7     0.003607640 0.003196510 0.003752160 0.003976220 0.003173880 0.003823460 0.002812090 0.002534830 0.003372210 0.003100760 0.003452530 0.003021920 0.004139460 0.000731080 0.000000000 0.000017670 0.000015490 0.000000820 0.004141200 0.005489250 0.005553190 0.005098070 0.005639810 0.005174860 0.005399700 0.006040170 0.008283080 0.006081410 0.007106920 0.007146690 0.006556660 0.006960060 0.007166170 0.007485250 0.006994640 0.007305490 0.007321870 0.007661320 0.006862790 0.004937330 0.007082280 0.005027890 0.006463580 0.006378920 0.006777240 0.004711940 0.004678400 0.004787560 0.004524450 0.005638250 0.011206250 
10     0.003300680 0.003084220 0.003639870 0.003863930 0.003061590 0.003359420 0.002699800 0.002422540 0.003259920 0.002988470 0.003340240 0.002909630 0.004027170 0.002060750 0.000017670 0.000000000 0.000023020 0.000018490 0.004096020 0.007038100 0.005440900 0.004985780 0.005915690 0.005062570 0.004945310 0.005927880 0.007685980 0.005969120 0.006994630 0.007034400 0.006200670 0.006847770 0.007053880 0.007372960 0.006882350 0.007193200 0.007091530 0.007549030 0.006750500 0.004825040 0.006969990 0.004915600 0.006351290 0.005869500 0.005871720 0.004599650 0.004566110 0.004675270 0.004412160 0.005525960 0.009009320 
16     0.002915530 0.003153970 0.003709620 0.003933680 0.003131340 0.003301240 0.002769550 0.002492290 0.003329670 0.003058220 0.003409990 0.002979380 0.004096920 0.001483610 0.000015490 0.000023020 0.000000000 0.000016310 0.004090320 0.006794690 0.005510650 0.005055530 0.005985440 0.005132320 0.004939610 0.005997630 0.007680280 0.006038870 0.007064380 0.007104150 0.006194970 0.006917520 0.007123630 0.007442710 0.006952100 0.007262950 0.007085830 0.007618780 0.006820250 0.004894790 0.007039740 0.004985350 0.006421040 0.005863800 0.005866020 0.004669400 0.004635860 0.004745020 0.004481910 0.005595710 0.007476790 
5     0.003233530 0.002822400 0.003378050 0.003602110 0.002799770 0.003449350 0.002437980 0.002160720 0.002998100 0.002726650 0.003078420 0.002647810 0.003765350 0.000179370 0.000000820 0.000018490 0.000016310 0.000000000 0.004382210 0.006851980 0.005179080 0.004723960 0.005653870 0.004800750 0.005025590 0.005666060 0.007445530 0.005707300 0.006732810 0.006772580 0.006182550 0.006585950 0.006792060 0.007111140 0.006620530 0.006931380 0.006947760 0.007287210 0.006488680 0.004563220 0.006708170 0.004653780 0.006089470 0.006004810 0.006157910 0.004337830 0.004304290 0.004413450 0.004150340 0.005264140 0.009295510 
9     0.001613040 0.001813790 0.002243540 0.003035360 0.001218420 0.001996510 0.002511910 0.001501310 0.003851790 0.000666910 0.001538440 0.003324620 0.002268090 0.004576420 0.004141200 0.004096020 0.004090320 0.004382210 0.000000000 0.007965050 0.006594480 0.006525380 0.006901700 0.005975120 0.005621450 0.007314620 0.008136750 0.007373320 0.008534230 0.008574000 0.006876810 0.007510300 0.008593480 0.008912560 0.008215220 0.007735660 0.007767670 0.007273980 0.007607370 0.006324620 0.006143300 0.006455200 0.007890890 0.006545640 0.006547860 0.005933820 0.006013140 0.006214870 0.005951760 0.007046760 0.005686490 
36     0.006081910 0.006319350 0.006879620 0.007276850 0.004446460 0.004126050 0.000680380 0.001776570 0.004699220 0.007180250 0.007532020 0.007101410 0.005400370 0.006922330 0.005489250 0.007038100 0.006794690 0.006851980 0.007965050 0.000000000 0.000000000 0.000042280 0.000230660 0.000213220 0.002616850 0.003900790 0.003470830 0.003470830 0.004355630 0.004337380 0.004871120 0.003924850 0.005575000 0.006810630 0.004915880 0.005780520 0.005712770 0.005478770 0.005759350 0.000624900 0.005531140 0.003721940 0.003754570 0.002588290 0.000060340 0.004104040 0.002979680 0.001494250 0.001358180 0.000715350 0.009341320 
40     0.005376450 0.004965320 0.005520970 0.005745030 0.005363500 0.005149480 0.005218680 0.004941420 0.003846430 0.005507350 0.005859120 0.005428510 0.004547580 0.005249430 0.005553190 0.005440900 0.005510650 0.005179080 0.006594480 0.000000000 0.000000000 0.000042280 0.001538270 0.002313080 0.002374430 0.003342090 0.003470830 0.003470830 0.004355630 0.004337380 0.003112220 0.003654980 0.005668200 0.005987280 0.005496670 0.005221820 0.005151270 0.004920070 0.005364820 0.002148800 0.004447340 0.003713060 0.004656840 0.004182660 0.000060340 0.003545340 0.003562350 0.003430790 0.004514860 0.004153080 0.007853860 
35     0.004921330 0.004510200 0.005065850 0.005289910 0.004507180 0.004186770 0.000741100 0.001837290 0.005198150 0.005052230 0.005404000 0.004973390 0.005899300 0.004794310 0.005098070 0.004985780 0.005055530 0.004723960 0.006525380 0.000042280 0.000042280 0.000000000 0.000125060 0.000107620 0.002831250 0.004087080 0.003444910 0.003444910 0.004329710 0.004311460 0.004603570 0.000570110 0.004732460 0.005532160 0.004976600 0.005352400 0.005368780 0.005708230 0.004909700 0.000685620 0.005312330 0.003257940 0.003815290 0.002649010 0.000034420 0.004247230 0.003040400 0.001554970 0.001418900 0.000776070 0.008310680 
21     0.005851240 0.005357670 0.005425350 0.005683950 0.004597020 0.004276610 0.000830940 0.001927130 0.003106320 0.005982140 0.006333910 0.005903300 0.003807470 0.005724220 0.005639810 0.005915690 0.005985440 0.005653870 0.006901700 0.000230660 0.001538270 0.000125060 0.000000000 0.000001490 0.002353460 0.005016990 0.004835390 0.005058230 0.005853610 0.006123510 0.004567630 0.005936880 0.005725560 0.006462070 0.005066440 0.006282310 0.005458490 0.006638140 0.005707250 0.000775460 0.006242240 0.004187850 0.003129630 0.002738850 0.004492100 0.004953110 0.003130240 0.001644810 0.001508740 0.000865910 0.008161080 
23     0.004998120 0.004586990 0.005142640 0.005366700 0.004579580 0.004259170 0.000813500 0.001909690 0.005400470 0.005129020 0.005480790 0.005050180 0.005956020 0.004871100 0.005174860 0.005062570 0.005132320 0.004800750 0.005975120 0.000213220 0.002313080 0.000107620 0.000001490 0.000000000 0.001233370 0.004163870 0.004817950 0.004137560 0.004733520 0.005270390 0.003641050 0.005083760 0.005289870 0.005608950 0.005049000 0.005429190 0.004531910 0.005724090 0.004780670 0.000758020 0.005389120 0.003334730 0.002009540 0.002721410 0.003565520 0.003833020 0.003112800 0.001627370 0.001491300 0.000848470 0.007234500 
48     0.005222960 0.004811830 0.005367480 0.005591540 0.004390470 0.004176450 0.005065190 0.004787930 0.005451910 0.005303360 0.005705630 0.005275020 0.005602350 0.005095940 0.005399700 0.004945310 0.004939610 0.005025590 0.005621450 0.002616850 0.002374430 0.002831250 0.002353460 0.001233370 0.000000000 0.000801970 0.004674560 0.003783890 0.003883630 0.005808350 0.003287380 0.004788650 0.006615060 0.006575570 0.006017100 0.004509730 0.004178240 0.004742380 0.004427000 0.004308350 0.002182840 0.001750410 0.001159650 0.003175970 0.003211850 0.002902540 0.002993100 0.003006330 0.003875090 0.003743550 0.005541180 
24     0.005749500 0.005452300 0.006007950 0.006232010 0.006067450 0.005996310 0.005705660 0.005428400 0.006265780 0.005994330 0.006346100 0.005915490 0.007033030 0.005736410 0.006040170 0.005927880 0.005997630 0.005666060 0.007314620 0.003900790 0.003342090 0.004087080 0.005016990 0.004163870 0.000801970 0.000000000 0.000156680 0.000157800 0.002599200 0.003018450 0.001786190 0.002389500 0.001578430 0.002814060 0.000919310 0.000491050 0.000985640 0.003429500 0.001762780 0.003176580 0.004969690 0.004200040 0.004617130 0.004915350 0.004306190 0.003771630 0.003788640 0.004913590 0.005001840 0.005563410 0.008700690 
37     0.005994240 0.006231680 0.006791950 0.007280750 0.006403020 0.006917120 0.005272910 0.006369100 0.008192580 0.008044030 0.007933880 0.008158400 0.008343020 0.007457030 0.008283080 0.007685980 0.007680280 0.007445530 0.008136750 0.003470830 0.003470830 0.003444910 0.004835390 0.004817950 0.004674560 0.000156680 0.000000000 0.000000000 0.002160240 0.003684230 0.002897010 0.002634240 0.000902110 0.002137740 0.000242990 0.004944560 0.001039880 0.004648640 0.001086460 0.004076310 0.005193580 0.005196310 0.004861870 0.005887570 0.003447730 0.004016370 0.004033380 0.005158330 0.005952890 0.005310060 0.009253650 
25     0.005904670 0.005493540 0.006049190 0.006273250 0.006108690 0.005928320 0.005746900 0.005469640 0.006307020 0.006035570 0.006387340 0.005956730 0.007074270 0.005777650 0.006081410 0.005969120 0.006038870 0.005707300 0.007373320 0.003470830 0.003470830 0.003444910 0.005058230 0.004137560 0.003783890 0.000157800 0.000000000 0.000000000 0.003702480 0.003684230 0.003670410 0.003271700 0.001597670 0.002833300 0.000938550 0.004326660 0.001735440 0.004076150 0.001782020 0.004150720 0.006295670 0.004241280 0.005041250 0.004956590 0.003447730 0.005230570 0.005197030 0.005306190 0.005043080 0.005495420 0.008632700 
47     0.006930180 0.006519050 0.007074700 0.007298760 0.007134200 0.007783780 0.006772410 0.006495150 0.007332530 0.007061080 0.007412850 0.006982240 0.008099780 0.006803160 0.007106920 0.006994630 0.007064380 0.006732810 0.008534230 0.004355630 0.004355630 0.004329710 0.005853610 0.004733520 0.003883630 0.002599200 0.002160240 0.003702480 0.000000000 0.000000220 0.000125670 0.000123790 0.003323190 0.003301850 0.004593560 0.004904410 0.004920790 0.004809140 0.004461710 0.001422500 0.007321180 0.005266790 0.004430360 0.005982100 0.004332530 0.006256080 0.006222540 0.006331700 0.006068590 0.007182390 0.009705640 
46     0.006969950 0.006558820 0.007114470 0.007338530 0.007173970 0.007823550 0.006812180 0.006534920 0.007372300 0.007100850 0.007452620 0.007022010 0.008139550 0.006842930 0.007146690 0.007034400 0.007104150 0.006772580 0.008574000 0.004337380 0.004337380 0.004311460 0.006123510 0.005270390 0.005808350 0.003018450 0.003684230 0.003684230 0.000000220 0.000000000 0.000125510 0.000123630 0.004804860 0.005123940 0.004633330 0.004944180 0.004960560 0.004994040 0.004501480 0.005216000 0.007360950 0.005306560 0.006106530 0.006021870 0.004314280 0.006295850 0.006262310 0.006371470 0.006108360 0.007222160 0.009747760 
31     0.006379920 0.005968790 0.006524440 0.006748500 0.005645830 0.005431810 0.006222150 0.005944890 0.006707270 0.006510820 0.006862590 0.006431980 0.006857710 0.006252900 0.006556660 0.006200670 0.006194970 0.006182550 0.006876810 0.004871120 0.003112220 0.004603570 0.004567630 0.003641050 0.003287380 0.001786190 0.002897010 0.003670410 0.000125670 0.000125510 0.000000000 0.000073760 0.006052280 0.006535890 0.005301550 0.005507450 0.004064760 0.003762440 0.003409110 0.004625970 0.005579120 0.004716530 0.005516500 0.004464990 0.004467210 0.004741960 0.004758970 0.005366590 0.005244210 0.004998910 0.008136190 
38     0.006457060 0.006372190 0.006927840 0.007037410 0.006865840 0.006933080 0.006625550 0.006348290 0.007185670 0.006914220 0.007265990 0.006490180 0.007688050 0.006656300 0.006960060 0.006847770 0.006917520 0.006585950 0.007510300 0.003924850 0.003654980 0.000570110 0.005936880 0.005083760 0.004788650 0.002389500 0.002634240 0.003271700 0.000123790 0.000123630 0.000073760 0.000000000 0.002452020 0.005001210 0.004915330 0.005246330 0.005436600 0.005292760 0.004383460 0.005029370 0.005677250 0.005119930 0.005324690 0.005001030 0.003901750 0.004479190 0.004496200 0.005621150 0.005921730 0.006500180 0.009637460 
49     0.006989430 0.006578300 0.007133950 0.007358010 0.007193450 0.007843030 0.006163080 0.006554400 0.007391780 0.007120330 0.007472100 0.007041490 0.008159030 0.006862410 0.007166170 0.007053880 0.007123630 0.006792060 0.008593480 0.005575000 0.005668200 0.004732460 0.005725560 0.005289870 0.006615060 0.001578430 0.000902110 0.001597670 0.003323190 0.004804860 0.006052280 0.002452020 0.000000000 0.000165310 0.000707720 0.004330880 0.001770550 0.004686710 0.001817130 0.004966480 0.007380430 0.005326040 0.006126010 0.006041350 0.006439670 0.006315330 0.006281790 0.006390950 0.006127840 0.006200230 0.012789580 
28     0.007308510 0.006897380 0.007453030 0.007677090 0.007512530 0.008162110 0.007150740 0.006873480 0.007710860 0.007439410 0.007791180 0.007360570 0.008478110 0.007181490 0.007485250 0.007372960 0.007442710 0.007111140 0.008912560 0.006810630 0.005987280 0.005532160 0.006462070 0.005608950 0.006575570 0.002814060 0.002137740 0.002833300 0.003301850 0.005123940 0.006535890 0.005001210 0.000165310 0.000000000 0.000455140 0.002761880 0.003006180 0.003989000 0.003052760 0.004863250 0.007699510 0.005645120 0.006445090 0.006360430 0.006758750 0.006634410 0.006600870 0.006710030 0.006446920 0.007435860 0.012485180 
30     0.006817900 0.006406770 0.006962420 0.007186480 0.007021920 0.007671500 0.005503960 0.006382870 0.007220250 0.006948800 0.007300570 0.006869960 0.007987500 0.006690880 0.006994640 0.006882350 0.006952100 0.006620530 0.008215220 0.004915880 0.005496670 0.004976600 0.005066440 0.005049000 0.006017100 0.000919310 0.000242990 0.000938550 0.004593560 0.004633330 0.005301550 0.004915330 0.000707720 0.000455140 0.000000000 0.002676000 0.001111430 0.003780420 0.001158010 0.004307360 0.007208900 0.005154510 0.005954480 0.005869820 0.006268140 0.006143800 0.006110260 0.006219420 0.005956310 0.005541110 0.010553330 
50     0.007128750 0.006717620 0.007273270 0.007497330 0.007332770 0.007765360 0.006970980 0.006693720 0.007531100 0.007259650 0.007611420 0.007180810 0.007913410 0.007001730 0.007305490 0.007193200 0.007262950 0.006931380 0.007735660 0.005780520 0.005221820 0.005352400 0.006282310 0.005429190 0.004509730 0.000491050 0.004944560 0.004326660 0.004904410 0.004944180 0.005507450 0.005246330 0.004330880 0.002761880 0.002676000 0.000000000 0.000070730 0.002544600 0.002712230 0.005374800 0.006450920 0.005465360 0.006265330 0.006180670 0.006248220 0.005651360 0.005668370 0.006530270 0.006267160 0.007181610 0.010469740 
45     0.007145130 0.006734000 0.007289650 0.007513710 0.006536690 0.006322670 0.006300850 0.006710100 0.007547480 0.007276030 0.007627800 0.007197190 0.007748570 0.007018110 0.007321870 0.007091530 0.007085830 0.006947760 0.007767670 0.005712770 0.005151270 0.005368780 0.005458490 0.004531910 0.004178240 0.000985640 0.001039880 0.001735440 0.004920790 0.004960560 0.004064760 0.005436600 0.001770550 0.003006180 0.001111430 0.000070730 0.000000000 0.002459080 0.000061380 0.005104250 0.006536620 0.005481740 0.006281710 0.005355850 0.005358070 0.005586870 0.005603880 0.006257450 0.006135070 0.005889770 0.009027050 
32     0.007292420 0.007073450 0.007280420 0.007554950 0.006275830 0.007514850 0.007326810 0.007049550 0.007721460 0.007615480 0.007071110 0.007007720 0.007617490 0.007357560 0.007661320 0.007549030 0.007618780 0.007287210 0.007273980 0.005478770 0.004920070 0.005708230 0.006638140 0.005724090 0.004742380 0.003429500 0.004648640 0.004076150 0.004809140 0.004994040 0.003762440 0.005292760 0.004686710 0.003989000 0.003780420 0.002544600 0.002459080 0.000000000 0.000066240 0.005730630 0.006155000 0.005057540 0.006225330 0.003116590 0.004832050 0.005349610 0.005366620 0.006491570 0.006320600 0.006885690 0.009612090 
44     0.006686050 0.006274920 0.006830570 0.007054630 0.006785450 0.006571430 0.006347430 0.006251020 0.007088400 0.006816950 0.007168720 0.006738110 0.007785120 0.006559030 0.006862790 0.006750500 0.006820250 0.006488680 0.007607370 0.005759350 0.005364820 0.004909700 0.005707250 0.004780670 0.004427000 0.001762780 0.001086460 0.001782020 0.004461710 0.004501480 0.003409110 0.004383460 0.001817130 0.003052760 0.001158010 0.002712230 0.000061380 0.000066240 0.000000000 0.004932100 0.006322630 0.005022660 0.005822630 0.002713580 0.004429040 0.006011950 0.005978410 0.006087570 0.005824460 0.006138530 0.009275810 
39     0.004760590 0.004136600 0.004204280 0.004462880 0.004964610 0.004658650 0.001212980 0.002309170 0.001885250 0.004891490 0.005243260 0.004812650 0.002586400 0.004633570 0.004937330 0.004825040 0.004894790 0.004563220 0.006324620 0.000624900 0.002148800 0.000685620 0.000775460 0.000758020 0.004308350 0.003176580 0.004076310 0.004150720 0.001422500 0.005216000 0.004625970 0.005029370 0.004966480 0.004863250 0.004307360 0.005374800 0.005104250 0.005730630 0.004932100 0.000000000 0.004631120 0.002685740 0.003146050 0.001979770 0.003490700 0.004086490 0.003514460 0.002029030 0.001892960 0.001250130 0.010631860 
22     0.006905540 0.006494410 0.007050060 0.007274120 0.005699750 0.007759140 0.006747770 0.006067490 0.007307890 0.007036440 0.007388210 0.006957600 0.007893870 0.006778520 0.007082280 0.006969990 0.007039740 0.006708170 0.006143300 0.005531140 0.004447340 0.005312330 0.006242240 0.005389120 0.002182840 0.004969690 0.005193580 0.006295670 0.007321180 0.007360950 0.005579120 0.005677250 0.007380430 0.007699510 0.007208900 0.006450920 0.006536620 0.006155000 0.006322630 0.004631120 0.000000000 0.000432490 0.005804050 0.005909220 0.005421750 0.002838030 0.003143370 0.005384510 0.006043950 0.007137600 0.004561880 
20     0.004851150 0.004440020 0.004995670 0.005219730 0.005055170 0.005704750 0.004693380 0.004416120 0.005253500 0.004982050 0.005333820 0.004903210 0.006020750 0.004724130 0.005027890 0.004915600 0.004985350 0.004653780 0.006455200 0.003721940 0.003713060 0.003257940 0.004187850 0.003334730 0.001750410 0.004200040 0.005196310 0.004241280 0.005266790 0.005306560 0.004716530 0.005119930 0.005326040 0.005645120 0.005154510 0.005465360 0.005481740 0.005057540 0.005022660 0.002685740 0.000432490 0.000000000 0.003146420 0.003958780 0.003714080 0.002319030 0.003321880 0.004252670 0.003989560 0.005103360 0.004129450 
43     0.006286840 0.005875710 0.006431360 0.006655420 0.006490860 0.006583660 0.004342650 0.005438840 0.006689190 0.006417740 0.006769510 0.006338900 0.007456440 0.006159820 0.006463580 0.006351290 0.006421040 0.006089470 0.007890890 0.003754570 0.004656840 0.003815290 0.003129630 0.002009540 0.001159650 0.004617130 0.004861870 0.005041250 0.004430360 0.006106530 0.005516500 0.005324690 0.006126010 0.006445090 0.005954480 0.006265330 0.006281710 0.006225330 0.005822630 0.003146050 0.005804050 0.003146420 0.000000000 0.000501850 0.000261110 0.003705120 0.003715090 0.003728320 0.005022630 0.004379800 0.009288040 
33     0.006202180 0.005791050 0.006346700 0.006570760 0.005314660 0.005100640 0.003176370 0.004272560 0.006376100 0.006227550 0.006684850 0.006254240 0.006526540 0.006075160 0.006378920 0.005869500 0.005863800 0.006004810 0.006545640 0.002588290 0.004182660 0.002649010 0.002738850 0.002721410 0.003175970 0.004915350 0.005887570 0.004956590 0.005982100 0.006021870 0.004464990 0.005001030 0.006041350 0.006360430 0.005869820 0.006180670 0.005355850 0.003116590 0.002713580 0.001979770 0.005909220 0.003958780 0.000501850 0.000000000 0.000622310 0.005379880 0.005270960 0.003992420 0.003856350 0.003213520 0.007805020 
41     0.006600500 0.006189370 0.006745020 0.006690460 0.005316880 0.005102860 0.006442730 0.006165470 0.006378320 0.006229770 0.007019380 0.006652560 0.006528760 0.006473480 0.006777240 0.005871720 0.005866020 0.006157910 0.006547860 0.000060340 0.000060340 0.000034420 0.004492100 0.003565520 0.003211850 0.004306190 0.003447730 0.003447730 0.004332530 0.004314280 0.004467210 0.003901750 0.006439670 0.006758750 0.006268140 0.006248220 0.005358070 0.004832050 0.004429040 0.003490700 0.005421750 0.003714080 0.000261110 0.000622310 0.000000000 0.004807520 0.004824530 0.003422930 0.004915260 0.004145220 0.007807240 
27     0.003692610 0.003893870 0.004679720 0.004903780 0.003469370 0.005388800 0.004377430 0.003987660 0.004937550 0.004666100 0.005017870 0.004587260 0.005704800 0.004408180 0.004711940 0.004599650 0.004669400 0.004337830 0.005933820 0.004104040 0.003545340 0.004247230 0.004953110 0.003833020 0.002902540 0.003771630 0.004016370 0.005230570 0.006256080 0.006295850 0.004741960 0.004479190 0.006315330 0.006634410 0.006143800 0.005651360 0.005586870 0.005349610 0.006011950 0.004086490 0.002838030 0.002319030 0.003705120 0.005379880 0.004807520 0.000000000 0.000010330 0.000023560 0.002435750 0.003386170 0.003420470 
29     0.003771930 0.003973190 0.004646180 0.004870240 0.003548690 0.005355260 0.003569940 0.004066630 0.004904010 0.004632560 0.004984330 0.004553720 0.005671260 0.004374640 0.004678400 0.004566110 0.004635860 0.004304290 0.006013140 0.002979680 0.003562350 0.003040400 0.003130240 0.003112800 0.002993100 0.003788640 0.004033380 0.005197030 0.006222540 0.006262310 0.004758970 0.004496200 0.006281790 0.006600870 0.006110260 0.005668370 0.005603880 0.005366620 0.005978410 0.003514460 0.003143370 0.003321880 0.003715090 0.005270960 0.004824530 0.000010330 0.000000000 0.000014490 0.002402210 0.003352630 0.003499790 
26     0.004610820 0.004199690 0.004755340 0.004979400 0.004814840 0.005464420 0.002084510 0.003180700 0.005013170 0.004741720 0.005093490 0.004562790 0.005780420 0.004483800 0.004787560 0.004675270 0.004745020 0.004413450 0.006214870 0.001494250 0.003430790 0.001554970 0.001644810 0.001627370 0.003006330 0.004913590 0.005158330 0.005306190 0.006331700 0.006371470 0.005366590 0.005621150 0.006390950 0.006710030 0.006219420 0.006530270 0.006257450 0.006491570 0.006087570 0.002029030 0.005384510 0.004252670 0.003728320 0.003992420 0.003422930 0.000023560 0.000014490 0.000000000 0.002511370 0.000808830 0.004853760 
34     0.004347710 0.003936580 0.004492230 0.004716290 0.004551730 0.005201310 0.001948440 0.003044630 0.004750060 0.004478610 0.004830380 0.004399770 0.005517310 0.004220690 0.004524450 0.004412160 0.004481910 0.004150340 0.005951760 0.001358180 0.004514860 0.001418900 0.001508740 0.001491300 0.003875090 0.005001840 0.005952890 0.005043080 0.006068590 0.006108360 0.005244210 0.005921730 0.006127840 0.006446920 0.005956310 0.006267160 0.006135070 0.006320600 0.005824460 0.001892960 0.006043950 0.003989560 0.005022630 0.003856350 0.004915260 0.002435750 0.002402210 0.002511370 0.000000000 0.000185900 0.008395000 
42     0.005461510 0.005050380 0.005606030 0.005830090 0.005071690 0.004751280 0.001305610 0.002401800 0.005863860 0.005592410 0.005944180 0.005513570 0.006631110 0.005334490 0.005638250 0.005525960 0.005595710 0.005264140 0.007046760 0.000715350 0.004153080 0.000776070 0.000865910 0.000848470 0.003743550 0.005563410 0.005310060 0.005495420 0.007182390 0.007222160 0.004998910 0.006500180 0.006200230 0.007435860 0.005541110 0.007181610 0.005889770 0.006885690 0.006138530 0.001250130 0.007137600 0.005103360 0.004379800 0.003213520 0.004145220 0.003386170 0.003352630 0.000808830 0.000185900 0.000000000 0.007719260 
0     0.003445280 0.003646540 0.009806710 0.009828060 0.003222040 0.007567880 0.010871740 0.010594480 0.008230050 0.009367370 0.009597400 0.011081570 0.008251070 0.010730240 0.011206250 0.009009320 0.007476790 0.009295510 0.005686490 0.009341320 0.007853860 0.008310680 0.008161080 0.007234500 0.005541180 0.008700690 0.009253650 0.008632700 0.009705640 0.009747760 0.008136190 0.009637460 0.012789580 0.012485180 0.010553330 0.010469740 0.009027050 0.009612090 0.009275810 0.010631860 0.004561880 0.004129450 0.009288040 0.007805020 0.007807240 0.003420470 0.003499790 0.004853760 0.008395000 0.007719260 0.000000000 
