51
17     0.000000000 0.032093734 0.039365526 0.041129578 0.062373963 0.075905001 0.074026678 0.070174723 0.073243269 0.075783964 0.077216948 0.072152828 0.081296834 0.082319181 0.078255789 0.078587105 0.078682852 0.078612061 0.083652317 0.124147802 0.107333780 0.130572173 0.136048369 0.133583620 0.101838226 0.114536255 0.115922030 0.118421475 0.120171891 0.120307787 0.112251558 0.116085337 0.129076579 0.126593689 0.124388723 0.120883887 0.119759792 0.110618488 0.110825767 0.141142936 0.120738331 0.116007049 0.117913483 0.117426216 0.117692608 0.113628702 0.113986459 0.114198793 0.111425773 0.115434870 0.216562795 
4     0.032093734 0.000000000 0.030613599 0.035124338 0.056845447 0.070376485 0.068500863 0.064637241 0.067626836 0.070167531 0.071600516 0.066536395 0.075674113 0.076745031 0.072681640 0.073028804 0.073124552 0.073037912 0.078085743 0.118492414 0.101678392 0.124916785 0.130392981 0.127928232 0.096182838 0.108880867 0.110266642 0.112766087 0.114516503 0.114652399 0.106596170 0.110429949 0.123421191 0.120938301 0.118733335 0.115228499 0.114104404 0.104963100 0.105170379 0.135487548 0.115082943 0.110351661 0.112258095 0.111770828 0.112037220 0.107973314 0.108331071 0.108543405 0.105770385 0.109779481 0.210907407 
18     0.039365526 0.030613599 0.000000000 0.041726096 0.063633328 0.077164366 0.075288744 0.071434088 0.074535108 0.077075803 0.078508787 0.073444666 0.082582385 0.083711648 0.079648257 0.079995421 0.080091169 0.079971084 0.085001816 0.125360491 0.108546469 0.131784863 0.137261058 0.134796309 0.103050915 0.115748945 0.117134720 0.119634164 0.121384581 0.121520476 0.113464248 0.117298027 0.130289268 0.127806378 0.125601412 0.122096577 0.120972481 0.111831177 0.112038457 0.142355626 0.121951020 0.117219739 0.119126172 0.118638905 0.118905297 0.114841392 0.115199148 0.115411483 0.112638462 0.116647559 0.217775485 
3     0.041129578 0.035124338 0.041726096 0.000000000 0.065710059 0.079241097 0.077365475 0.073511834 0.076586633 0.079127328 0.080560312 0.075496192 0.084640198 0.085740700 0.081677309 0.082004375 0.082100123 0.081999426 0.087079274 0.127533972 0.110719950 0.133958344 0.139434539 0.136969790 0.105224396 0.117922426 0.119308201 0.121807646 0.123558062 0.123693957 0.115637729 0.119471508 0.132462749 0.129979859 0.127774893 0.124270058 0.123145962 0.114004658 0.114211938 0.144529107 0.124124501 0.119393220 0.121299653 0.120812386 0.121078778 0.117014873 0.117372629 0.117584964 0.114811943 0.118821040 0.219948966 
8     0.062373963 0.056845447 0.063633328 0.065710059 0.000000000 0.036216639 0.034612339 0.036448684 0.063232549 0.065874536 0.067239854 0.062325603 0.071140612 0.073477812 0.069365343 0.069823329 0.069914562 0.069798805 0.075303512 0.115416396 0.098602374 0.121840767 0.127316962 0.124852213 0.093106727 0.105804600 0.107190375 0.109689820 0.111440329 0.111576224 0.103519903 0.107353682 0.120345016 0.117862126 0.115657160 0.112152232 0.111028137 0.101886833 0.102094112 0.132409986 0.112005473 0.107274191 0.109180625 0.108693358 0.108959750 0.104903015 0.105260771 0.105473106 0.102715932 0.106725029 0.207843671 
6     0.075905001 0.070376485 0.077164366 0.079241097 0.036216639 0.000000000 0.033600199 0.049996866 0.076688586 0.079328901 0.080695891 0.075781640 0.084625212 0.087033169 0.082905833 0.083354495 0.083445729 0.083329972 0.088909761 0.128965038 0.112151016 0.135389409 0.140865605 0.138400856 0.106653457 0.119353399 0.120739174 0.123238619 0.124989127 0.125125023 0.117068702 0.120902481 0.133893815 0.131410925 0.129205959 0.125701031 0.124576936 0.115435631 0.115642911 0.145960080 0.125553655 0.120822373 0.122730719 0.122243452 0.122509844 0.118453109 0.118810865 0.119023200 0.116267850 0.120276946 0.221391224 
19     0.074026678 0.068500863 0.075288744 0.077365475 0.034612339 0.033600199 0.000000000 0.048359459 0.074802072 0.077444059 0.078804022 0.073889771 0.082733343 0.085163658 0.081036321 0.081523920 0.081615153 0.081502871 0.087030492 0.127074216 0.110260194 0.133498588 0.138974783 0.136510034 0.104762635 0.117462577 0.118848352 0.121347797 0.123098306 0.123234201 0.115177880 0.119011659 0.132002993 0.129520103 0.127315137 0.123810209 0.122686114 0.113544809 0.113752089 0.144069258 0.123662833 0.118931551 0.120839897 0.120352630 0.120619022 0.116562287 0.116920044 0.117132378 0.114377028 0.118386124 0.219500402 
2     0.070174723 0.064637241 0.071434088 0.073511834 0.036448684 0.049996866 0.048359459 0.000000000 0.071035585 0.073612287 0.075043391 0.070049639 0.078917240 0.081501016 0.077393394 0.077878067 0.077969301 0.077857019 0.083127939 0.123402341 0.106588319 0.129826712 0.135302908 0.132838159 0.101090760 0.113790702 0.115176477 0.117675922 0.119426430 0.119562326 0.111506005 0.115339784 0.128331118 0.125848228 0.123643262 0.120138334 0.119014239 0.109872934 0.110080214 0.140397383 0.119990958 0.115259676 0.117168022 0.116680755 0.116947147 0.112890412 0.113248168 0.113460503 0.110705153 0.114714249 0.215828527 
13     0.073243269 0.067626836 0.074535108 0.076586633 0.063232549 0.076688586 0.074802072 0.071035585 0.000000000 0.029390192 0.035906521 0.032161518 0.042025411 0.083325402 0.079242104 0.079777801 0.079869034 0.079819536 0.085354896 0.125656103 0.108842081 0.132080474 0.137556670 0.135091921 0.103344615 0.116044556 0.117430331 0.119929776 0.121680192 0.121816088 0.113759859 0.117593638 0.130584880 0.128101990 0.125897024 0.122392188 0.121268093 0.112126789 0.112334068 0.142651237 0.122244720 0.117513438 0.119421784 0.118934517 0.119200909 0.115144266 0.115502023 0.115714357 0.112943160 0.116952257 0.218076295 
12     0.075783964 0.070167531 0.077075803 0.079127328 0.065874536 0.079328901 0.077444059 0.073612287 0.029390192 0.000000000 0.037668948 0.034499664 0.044089119 0.085918190 0.081834893 0.082392826 0.082484059 0.082421266 0.087903744 0.128196029 0.111382007 0.134620400 0.140096595 0.137631846 0.105884540 0.118584482 0.119970257 0.122469702 0.124220118 0.124356013 0.116299785 0.120133564 0.133124805 0.130641916 0.128436949 0.124932114 0.123808019 0.114666714 0.114873994 0.145191163 0.124784645 0.120053364 0.121961710 0.121474442 0.121740834 0.117684192 0.118041948 0.118254283 0.115483086 0.119492183 0.220616221 
11     0.077216948 0.071600516 0.078508787 0.080560312 0.067239854 0.080695891 0.078804022 0.075043391 0.035906521 0.037668948 0.000000000 0.036524663 0.045101393 0.087263998 0.083180700 0.083721470 0.083812703 0.083770549 0.089391623 0.129578347 0.112764325 0.136002719 0.141478914 0.139014165 0.107266859 0.119966801 0.121352576 0.123852020 0.125602437 0.125738332 0.117682104 0.121515883 0.134507124 0.132024234 0.129819268 0.126314433 0.125190337 0.116049033 0.116256313 0.146573482 0.126166964 0.121435683 0.123344028 0.122856761 0.123123153 0.119066510 0.119424267 0.119636602 0.116865405 0.120874501 0.221998539 
15     0.072152828 0.066536395 0.073444666 0.075496192 0.062325603 0.075781640 0.073889771 0.070049639 0.032161518 0.034499664 0.036524663 0.000000000 0.041129763 0.082264984 0.078181686 0.078717383 0.078808616 0.078762593 0.084205523 0.124615109 0.107801087 0.131039481 0.136515676 0.134050927 0.102303621 0.115003563 0.116389338 0.118888782 0.120639199 0.120775094 0.112718866 0.116552645 0.129543886 0.127060996 0.124856030 0.121351195 0.120227099 0.111085795 0.111293075 0.141610244 0.121203726 0.116472444 0.118380790 0.117893523 0.118159915 0.114103272 0.114461029 0.114673363 0.111902167 0.115911263 0.217035301 
14     0.081296834 0.075674113 0.082582385 0.084640198 0.071140612 0.084625212 0.082733343 0.078917240 0.042025411 0.044089119 0.045101393 0.041129763 0.000000000 0.091020854 0.086937557 0.087486605 0.087577838 0.087531815 0.092981905 0.133430366 0.116616344 0.139854737 0.145330933 0.142866184 0.111118877 0.123818819 0.125204594 0.127704039 0.129454455 0.129590351 0.121534122 0.125367901 0.138359143 0.135876253 0.133671287 0.130166451 0.129042356 0.119901052 0.120108331 0.150425500 0.130018982 0.125287701 0.127196047 0.126708780 0.126975172 0.122918529 0.123276286 0.123488620 0.120717423 0.124726520 0.225858640 
1     0.082319181 0.076745031 0.083711648 0.085740700 0.073477812 0.087033169 0.085163658 0.081501016 0.083325402 0.085918190 0.087263998 0.082264984 0.091020854 0.000000000 0.051086912 0.060847658 0.060913821 0.060775101 0.087653053 0.132452563 0.115638541 0.138874345 0.144350540 0.141885791 0.110140155 0.122841016 0.124226791 0.126726236 0.128476652 0.128612548 0.120556319 0.124390098 0.137381340 0.134898450 0.132693484 0.129188648 0.128064553 0.118923249 0.119130528 0.149445107 0.129038590 0.124307308 0.126215654 0.125728387 0.125994779 0.121931386 0.122289143 0.122501477 0.119758516 0.123767613 0.224893246 
7     0.078255789 0.072681640 0.079648257 0.081677309 0.069365343 0.082905833 0.081036321 0.077393394 0.079242104 0.081834893 0.083180700 0.078181686 0.086937557 0.051086912 0.000000000 0.057215034 0.057281344 0.057127844 0.083598543 0.128453426 0.111639404 0.134875207 0.140351403 0.137886654 0.106141018 0.118841879 0.120227654 0.122727099 0.124477515 0.124613410 0.116557182 0.120390961 0.133382203 0.130899313 0.128694347 0.125189511 0.124065416 0.114924112 0.115131391 0.145445970 0.125039452 0.120308171 0.122216517 0.121729250 0.121995642 0.117932249 0.118290006 0.118502340 0.115759379 0.119768476 0.220894109 
10     0.078587105 0.073028804 0.079995421 0.082004375 0.069823329 0.083354495 0.081523920 0.077878067 0.079777801 0.082392826 0.083721470 0.078717383 0.087486605 0.060847658 0.057215034 0.000000000 0.011519389 0.032438951 0.084768850 0.129169054 0.112355032 0.135590835 0.141067030 0.138602282 0.106856646 0.119557507 0.120943282 0.123442727 0.125193143 0.125329038 0.117272810 0.121106589 0.134097830 0.131614941 0.129409974 0.125905139 0.124781044 0.115639739 0.115847019 0.146161598 0.125755080 0.121023799 0.122932145 0.122444878 0.122711270 0.118647877 0.119005634 0.119217968 0.116462618 0.120471715 0.221601954 
16     0.078682852 0.073124552 0.080091169 0.082100123 0.069914562 0.083445729 0.081615153 0.077969301 0.079869034 0.082484059 0.083812703 0.078808616 0.087577838 0.060913821 0.057281344 0.011519389 0.000000000 0.032151614 0.084864542 0.129266773 0.112452751 0.135688554 0.141164749 0.138700000 0.106954365 0.119655226 0.121041001 0.123540446 0.125290862 0.125426757 0.117370529 0.121204308 0.134195549 0.131712660 0.129507693 0.126002858 0.124878763 0.115737458 0.115944738 0.146259317 0.125852799 0.121121518 0.123029864 0.122542596 0.122808988 0.118745596 0.119103353 0.119315687 0.116560337 0.120569433 0.221699672 
5     0.078612061 0.073037912 0.079971084 0.081999426 0.069798805 0.083329972 0.081502871 0.077857019 0.079819536 0.082421266 0.083770549 0.078762593 0.087531815 0.060775101 0.057127844 0.032438951 0.032151614 0.000000000 0.084772284 0.129121520 0.112307498 0.135543301 0.141019497 0.138554748 0.106809112 0.119509973 0.120895748 0.123395193 0.125145609 0.125281504 0.117225276 0.121059055 0.134050297 0.131567407 0.129362441 0.125857605 0.124733510 0.115592206 0.115799485 0.146114064 0.125707546 0.120976265 0.122884611 0.122397344 0.122663736 0.118600343 0.118958100 0.119170434 0.116415084 0.120424181 0.221554420 
9     0.083652317 0.078085743 0.085001816 0.087079274 0.075303512 0.088909761 0.087030492 0.083127939 0.085354896 0.087903744 0.089391623 0.084205523 0.092981905 0.087653053 0.083598543 0.084768850 0.084864542 0.084772284 0.000000000 0.133965011 0.117150989 0.140389383 0.145865578 0.143400829 0.111657106 0.124355078 0.125740853 0.128240298 0.129990714 0.130126609 0.122070381 0.125904160 0.138895401 0.136412512 0.134207545 0.130702710 0.129578615 0.120437310 0.120644590 0.150960463 0.130555858 0.125824577 0.127731010 0.127243743 0.127510135 0.123450313 0.123808069 0.124020404 0.121275619 0.125284716 0.226404012 
36     0.124147802 0.118492414 0.125360491 0.127533972 0.115416396 0.128965038 0.127074216 0.123402341 0.125656103 0.128196029 0.129578347 0.124615109 0.133430366 0.132452563 0.128453426 0.129169054 0.129266773 0.129121520 0.133965011 0.000000000 0.074322290 0.115609230 0.121104908 0.118650725 0.092813818 0.105660372 0.107012619 0.109547176 0.111228070 0.111347136 0.103360666 0.107162872 0.120275211 0.117792321 0.115612020 0.112198119 0.111074024 0.101932331 0.102128204 0.132673117 0.112253681 0.107528740 0.109649653 0.109159384 0.109425776 0.110849335 0.111207092 0.111421753 0.108554949 0.112534154 0.220259181 
40     0.107333780 0.101678392 0.108546469 0.110719950 0.098602374 0.112151016 0.110260194 0.106588319 0.108842081 0.111382007 0.112764325 0.107801087 0.116616344 0.115638541 0.111639404 0.112355032 0.112452751 0.112307498 0.117150989 0.074322290 0.000000000 0.098470991 0.103966669 0.101511331 0.076062628 0.088867787 0.090221583 0.092756140 0.094401082 0.094520148 0.086564747 0.090366953 0.103474077 0.100991187 0.098799479 0.095399032 0.094274937 0.085133244 0.085340523 0.115805753 0.095353289 0.090628348 0.092795488 0.092305220 0.092571612 0.094018511 0.094376268 0.094590930 0.091712238 0.095691443 0.203445379 
35     0.130572173 0.124916785 0.131784863 0.133958344 0.121840767 0.135389409 0.133498588 0.129826712 0.132080474 0.134620400 0.136002719 0.131039481 0.139854737 0.138874345 0.134875207 0.135590835 0.135688554 0.135543301 0.140389383 0.115609230 0.098470991 0.000000000 0.046470456 0.043690921 0.099625669 0.111790544 0.113111596 0.115637374 0.117439902 0.117559537 0.109541421 0.113347780 0.126395347 0.123912457 0.121710261 0.118294540 0.117170445 0.108015072 0.108210945 0.138896357 0.118432256 0.113704499 0.115738325 0.115251058 0.115517450 0.117097317 0.117455074 0.117669736 0.114827181 0.118806386 0.226612650 
21     0.136048369 0.130392981 0.137261058 0.139434539 0.127316962 0.140865605 0.138974783 0.135302908 0.137556670 0.140096595 0.141478914 0.136515676 0.145330933 0.144350540 0.140351403 0.141067030 0.141164749 0.141019497 0.145865578 0.121104908 0.103966669 0.046470456 0.000000000 0.028147437 0.105099489 0.117272728 0.118593780 0.121119558 0.122922086 0.123041721 0.115023605 0.118829964 0.131877531 0.129394641 0.127192445 0.123776724 0.122652628 0.113497255 0.113693129 0.144379028 0.123906957 0.119179201 0.121219503 0.120732236 0.120998628 0.122573513 0.122931269 0.123145931 0.120303376 0.124282581 0.232088845 
23     0.133583620 0.127928232 0.134796309 0.136969790 0.124852213 0.138400856 0.136510034 0.132838159 0.135091921 0.137631846 0.139014165 0.134050927 0.142866184 0.141885791 0.137886654 0.138602282 0.138700000 0.138554748 0.143400829 0.118650725 0.101511331 0.043690921 0.028147437 0.000000000 0.102638450 0.114809040 0.116130092 0.118655870 0.120458398 0.120578034 0.112559918 0.116366276 0.129413843 0.126930953 0.124728758 0.121313508 0.120189412 0.111034039 0.111229913 0.141915812 0.121443270 0.116715514 0.118756287 0.118269020 0.118535412 0.120109458 0.120467215 0.120681877 0.117839322 0.121818527 0.229624096 
48     0.101838226 0.096182838 0.103050915 0.105224396 0.093106727 0.106653457 0.104762635 0.101090760 0.103344615 0.105884540 0.107266859 0.102303621 0.111118877 0.110140155 0.106141018 0.106856646 0.106954365 0.106809112 0.111657106 0.092813818 0.076062628 0.099625669 0.105099489 0.102638450 0.000000000 0.082782471 0.084105701 0.086640258 0.088196124 0.088315190 0.080411290 0.084188933 0.097169580 0.094686691 0.092462718 0.089036652 0.087912556 0.078772358 0.079002642 0.109239358 0.088985070 0.084256048 0.086031986 0.085540761 0.085808831 0.088566835 0.088924592 0.089134298 0.086363326 0.090339961 0.198013563 
24     0.114536255 0.108880867 0.115748945 0.117922426 0.105804600 0.119353399 0.117462577 0.113790702 0.116044556 0.118584482 0.119966801 0.115003563 0.123818819 0.122841016 0.118841879 0.119557507 0.119655226 0.119509973 0.124355078 0.105660372 0.088867787 0.111790544 0.117272728 0.114809040 0.082782471 0.000000000 0.050992495 0.053588618 0.071066085 0.071164857 0.062887001 0.067087814 0.083689985 0.081145698 0.079039090 0.075812476 0.074688381 0.065537144 0.065659416 0.115609428 0.095040847 0.090265926 0.091894709 0.091407442 0.091687830 0.101005136 0.101362893 0.101572599 0.098823853 0.102800119 0.210600154 
37     0.115922030 0.110266642 0.117134720 0.119308201 0.107190375 0.120739174 0.118848352 0.115176477 0.117430331 0.119970257 0.121352576 0.116389338 0.125204594 0.124226791 0.120227654 0.120943282 0.121041001 0.120895748 0.125740853 0.107012619 0.090221583 0.113111596 0.118593780 0.116130092 0.084105701 0.050992495 0.000000000 0.030823433 0.072069454 0.072168225 0.063891281 0.068130481 0.085466459 0.082918343 0.080835297 0.077472127 0.076348031 0.067053250 0.067174641 0.117007855 0.096350926 0.091589851 0.093353507 0.092866240 0.093146629 0.102407659 0.102765416 0.102975122 0.100247423 0.104223689 0.211980794 
25     0.118421475 0.112766087 0.119634164 0.121807646 0.109689820 0.123238619 0.121347797 0.117675922 0.119929776 0.122469702 0.123852020 0.118888782 0.127704039 0.126726236 0.122727099 0.123442727 0.123540446 0.123395193 0.128240298 0.109547176 0.092756140 0.115637374 0.121119558 0.118655870 0.086640258 0.053588618 0.030823433 0.000000000 0.074560721 0.074659493 0.066523136 0.070763000 0.088058512 0.085510396 0.083396603 0.079890432 0.078766336 0.069494980 0.069616372 0.119572439 0.098915510 0.094154435 0.095905935 0.095418668 0.095699056 0.104896181 0.105253938 0.105463644 0.102755174 0.106731440 0.214480239 
47     0.120171891 0.114516503 0.121384581 0.123558062 0.111440329 0.124989127 0.123098306 0.119426430 0.121680192 0.124220118 0.125602437 0.120639199 0.129454455 0.128476652 0.124477515 0.125193143 0.125290862 0.125145609 0.129990714 0.111228070 0.094401082 0.117439902 0.122922086 0.120458398 0.088196124 0.071066085 0.072069454 0.074560721 0.000000000 0.014624308 0.062030924 0.065392392 0.090059800 0.087502851 0.085274590 0.081306487 0.080194894 0.071228210 0.071350247 0.121296016 0.100876709 0.096104327 0.097488106 0.097000838 0.097281227 0.106570339 0.106928096 0.107137802 0.104424897 0.108401164 0.216202904 
46     0.120307787 0.114652399 0.121520476 0.123693957 0.111576224 0.125125023 0.123234201 0.119562326 0.121816088 0.124356013 0.125738332 0.120775094 0.129590351 0.128612548 0.124613410 0.125329038 0.125426757 0.125281504 0.130126609 0.111347136 0.094520148 0.117559537 0.123041721 0.120578034 0.088315190 0.071164857 0.072168225 0.074659493 0.014624308 0.000000000 0.062129003 0.065484631 0.090160138 0.087603189 0.085374928 0.081484301 0.080372707 0.071329226 0.071451262 0.121463732 0.101044426 0.096272043 0.097655822 0.097168555 0.097448943 0.106706234 0.107063991 0.107273697 0.104551730 0.108527996 0.216335817 
31     0.112251558 0.106596170 0.113464248 0.115637729 0.103519903 0.117068702 0.115177880 0.111506005 0.113759859 0.116299785 0.117682104 0.112718866 0.121534122 0.120556319 0.116557182 0.117272810 0.117370529 0.117225276 0.122070381 0.103360666 0.086564747 0.109541421 0.115023605 0.112559918 0.080411290 0.062887001 0.063891281 0.066523136 0.062030924 0.062129003 0.000000000 0.046277874 0.081647239 0.079085579 0.076842043 0.073170642 0.072035503 0.062987332 0.063210018 0.113404752 0.092972154 0.088197233 0.089756030 0.089268763 0.089549151 0.098585173 0.098942930 0.099152636 0.096443361 0.100419627 0.208288347 
38     0.116085337 0.110429949 0.117298027 0.119471508 0.107353682 0.120902481 0.119011659 0.115339784 0.117593638 0.120133564 0.121515883 0.116552645 0.125367901 0.124390098 0.120390961 0.121106589 0.121204308 0.121059055 0.125904160 0.107162872 0.090366953 0.113347780 0.118829964 0.116366276 0.084188933 0.067087814 0.068130481 0.070763000 0.065392392 0.065484631 0.046277874 0.000000000 0.085614450 0.083051957 0.080744851 0.076909421 0.075774282 0.066941953 0.067166442 0.117352990 0.096906042 0.092144967 0.093682586 0.093195319 0.093475707 0.102434155 0.102791911 0.103001618 0.100287205 0.104263471 0.212124061 
49     0.129076579 0.123421191 0.130289268 0.132462749 0.120345016 0.133893815 0.132002993 0.128331118 0.130584880 0.133124805 0.134507124 0.129543886 0.138359143 0.137381340 0.133382203 0.134097830 0.134195549 0.134050297 0.138895401 0.120275211 0.103474077 0.126395347 0.131877531 0.129413843 0.097169580 0.083689985 0.085466459 0.088058512 0.090059800 0.090160138 0.081647239 0.085614450 0.000000000 0.036590200 0.056276766 0.084545276 0.083429862 0.074253754 0.074393510 0.130027316 0.109380365 0.104608474 0.106361478 0.105874211 0.106154599 0.115520278 0.115878035 0.116087741 0.113338875 0.117315142 0.225111186 
28     0.126593689 0.120938301 0.127806378 0.129979859 0.117862126 0.131410925 0.129520103 0.125848228 0.128101990 0.130641916 0.132024234 0.127060996 0.135876253 0.134898450 0.130899313 0.131614941 0.131712660 0.131567407 0.136412512 0.117792321 0.100991187 0.123912457 0.129394641 0.126930953 0.094686691 0.081145698 0.082918343 0.085510396 0.087502851 0.087603189 0.079085579 0.083051957 0.036590200 0.000000000 0.053964199 0.081984108 0.080868694 0.071659282 0.071799038 0.127544426 0.106897475 0.102125585 0.103878588 0.103391321 0.103671709 0.113037388 0.113395145 0.113604851 0.110855985 0.114832252 0.222628296 
30     0.124388723 0.118733335 0.125601412 0.127774893 0.115657160 0.129205959 0.127315137 0.123643262 0.125897024 0.128436949 0.129819268 0.124856030 0.133671287 0.132693484 0.128694347 0.129409974 0.129507693 0.129362441 0.134207545 0.115612020 0.098799479 0.121710261 0.127192445 0.124728758 0.092462718 0.079039090 0.080835297 0.083396603 0.085274590 0.085374928 0.076842043 0.080744851 0.056276766 0.053964199 0.000000000 0.080343888 0.079228475 0.070095690 0.070354290 0.125380574 0.104627519 0.099855629 0.101689737 0.101202470 0.101482858 0.110830693 0.111188450 0.111398156 0.108649290 0.112625557 0.220423518 
50     0.120883887 0.115228499 0.122096577 0.124270058 0.112152232 0.125701031 0.123810209 0.120138334 0.122392188 0.124932114 0.126314433 0.121351195 0.130166451 0.129188648 0.125189511 0.125905139 0.126002858 0.125857605 0.130702710 0.112198119 0.095399032 0.118294540 0.123776724 0.121313508 0.089036652 0.075812476 0.077472127 0.079890432 0.081306487 0.081484301 0.073170642 0.076909421 0.084545276 0.081984108 0.080343888 0.000000000 0.015251226 0.054139165 0.054385619 0.121971974 0.101405525 0.096651086 0.098320019 0.097832752 0.098113140 0.107278444 0.107636201 0.107845907 0.105156011 0.109132277 0.216935753 
45     0.119759792 0.114104404 0.120972481 0.123145962 0.111028137 0.124576936 0.122686114 0.119014239 0.121268093 0.123808019 0.125190337 0.120227099 0.129042356 0.128064553 0.124065416 0.124781044 0.124878763 0.124733510 0.129578615 0.111074024 0.094274937 0.117170445 0.122652628 0.120189412 0.087912556 0.074688381 0.076348031 0.078766336 0.080194894 0.080372707 0.072035503 0.075774282 0.083429862 0.080868694 0.079228475 0.015251226 0.000000000 0.053030729 0.053277182 0.120847878 0.100281429 0.095526991 0.097195924 0.096708657 0.096989045 0.106154348 0.106512105 0.106721811 0.104031916 0.108008182 0.215811658 
32     0.110618488 0.104963100 0.111831177 0.114004658 0.101886833 0.115435631 0.113544809 0.109872934 0.112126789 0.114666714 0.116049033 0.111085795 0.119901052 0.118923249 0.114924112 0.115639739 0.115737458 0.115592206 0.120437310 0.101932331 0.085133244 0.108015072 0.113497255 0.111034039 0.078772358 0.065537144 0.067053250 0.069494980 0.071228210 0.071329226 0.062987332 0.066941953 0.074253754 0.071659282 0.070095690 0.054139165 0.053030729 0.000000000 0.021076415 0.111816959 0.091263730 0.086495444 0.088146520 0.087659253 0.087939641 0.097015032 0.097372789 0.097582495 0.094878739 0.098855005 0.206667371 
44     0.110825767 0.105170379 0.112038457 0.114211938 0.102094112 0.115642911 0.113752089 0.110080214 0.112334068 0.114873994 0.116256313 0.111293075 0.120108331 0.119130528 0.115131391 0.115847019 0.115944738 0.115799485 0.120644590 0.102128204 0.085340523 0.108210945 0.113693129 0.111229913 0.079002642 0.065659416 0.067174641 0.069616372 0.071350247 0.071451262 0.063210018 0.067166442 0.074393510 0.071799038 0.070354290 0.054385619 0.053277182 0.021076415 0.000000000 0.112008360 0.091508633 0.086740348 0.088337921 0.087850654 0.088131042 0.097219616 0.097577373 0.097787079 0.095083323 0.099059589 0.206874651 
39     0.141142936 0.135487548 0.142355626 0.144529107 0.132409986 0.145960080 0.144069258 0.140397383 0.142651237 0.145191163 0.146573482 0.141610244 0.150425500 0.149445107 0.145445970 0.146161598 0.146259317 0.146114064 0.150960463 0.132673117 0.115805753 0.138896357 0.144379028 0.141915812 0.109239358 0.115609428 0.117007855 0.119572439 0.121296016 0.121463732 0.113404752 0.117352990 0.130027316 0.127544426 0.125380574 0.121971974 0.120847878 0.111816959 0.112008360 0.000000000 0.117998276 0.113191629 0.118474735 0.117975970 0.118239534 0.127564562 0.127922319 0.128136980 0.125407529 0.129383159 0.237217778 
22     0.120738331 0.115082943 0.121951020 0.124124501 0.112005473 0.125553655 0.123662833 0.119990958 0.122244720 0.124784645 0.126166964 0.121203726 0.130018982 0.129038590 0.125039452 0.125755080 0.125852799 0.125707546 0.130555858 0.112253681 0.095353289 0.118432256 0.123906957 0.121443270 0.088985070 0.095040847 0.096350926 0.098915510 0.100876709 0.101044426 0.092972154 0.096906042 0.109380365 0.106897475 0.104627519 0.101405525 0.100281429 0.091263730 0.091508633 0.117998276 0.000000000 0.057995740 0.098350111 0.097855389 0.098137989 0.107240433 0.107598190 0.107812851 0.104987135 0.108962765 0.216812727 
20     0.116007049 0.110351661 0.117219739 0.119393220 0.107274191 0.120822373 0.118931551 0.115259676 0.117513438 0.120053364 0.121435683 0.116472444 0.125287701 0.124307308 0.120308171 0.121023799 0.121121518 0.120976265 0.125824577 0.107528740 0.090628348 0.113704499 0.119179201 0.116715514 0.084256048 0.090265926 0.091589851 0.094154435 0.096104327 0.096272043 0.088197233 0.092144967 0.104608474 0.102125585 0.099855629 0.096651086 0.095526991 0.086495444 0.086740348 0.113191629 0.057995740 0.000000000 0.093661377 0.093166655 0.093449256 0.102509948 0.102867705 0.103082367 0.100256650 0.104232281 0.212081445 
43     0.117913483 0.112258095 0.119126172 0.121299653 0.109180625 0.122730719 0.120839897 0.117168022 0.119421784 0.121961710 0.123344028 0.118380790 0.127196047 0.126215654 0.122216517 0.122932145 0.123029864 0.122884611 0.127731010 0.109649653 0.092795488 0.115738325 0.121219503 0.118756287 0.086031986 0.091894709 0.093353507 0.095905935 0.097488106 0.097655822 0.089756030 0.093682586 0.106361478 0.103878588 0.101689737 0.098320019 0.097195924 0.088146520 0.088337921 0.118474735 0.098350111 0.093661377 0.000000000 0.023073113 0.040008384 0.104333656 0.104691413 0.104901119 0.102160012 0.106135642 0.214039933 
33     0.117426216 0.111770828 0.118638905 0.120812386 0.108693358 0.122243452 0.120352630 0.116680755 0.118934517 0.121474442 0.122856761 0.117893523 0.126708780 0.125728387 0.121729250 0.122444878 0.122542596 0.122397344 0.127243743 0.109159384 0.092305220 0.115251058 0.120732236 0.118269020 0.085540761 0.091407442 0.092866240 0.095418668 0.097000838 0.097168555 0.089268763 0.093195319 0.105874211 0.103391321 0.101202470 0.097832752 0.096708657 0.087659253 0.087850654 0.117975970 0.097855389 0.093166655 0.023073113 0.000000000 0.038831512 0.103846389 0.104204146 0.104413852 0.101672745 0.105648375 0.213552666 
41     0.117692608 0.112037220 0.118905297 0.121078778 0.108959750 0.122509844 0.120619022 0.116947147 0.119200909 0.121740834 0.123123153 0.118159915 0.126975172 0.125994779 0.121995642 0.122711270 0.122808988 0.122663736 0.127510135 0.109425776 0.092571612 0.115517450 0.120998628 0.118535412 0.085808831 0.091687830 0.093146629 0.095699056 0.097281227 0.097448943 0.089549151 0.093475707 0.106154599 0.103671709 0.101482858 0.098113140 0.096989045 0.087939641 0.088131042 0.118239534 0.098137989 0.093449256 0.040008384 0.038831512 0.000000000 0.104112781 0.104470538 0.104680244 0.101939137 0.105914767 0.213819058 
27     0.113628702 0.107973314 0.114841392 0.117014873 0.104903015 0.118453109 0.116562287 0.112890412 0.115144266 0.117684192 0.119066510 0.114103272 0.122918529 0.121931386 0.117932249 0.118647877 0.118745596 0.118600343 0.123450313 0.110849335 0.094018511 0.117097317 0.122573513 0.120109458 0.088566835 0.101005136 0.102407659 0.104896181 0.106570339 0.106706234 0.098585173 0.102434155 0.115520278 0.113037388 0.110830693 0.107278444 0.106154348 0.097015032 0.097219616 0.127564562 0.107240433 0.102509948 0.104333656 0.103846389 0.104112781 0.000000000 0.017594247 0.018504885 0.085912564 0.089882984 0.209692715 
29     0.113986459 0.108331071 0.115199148 0.117372629 0.105260771 0.118810865 0.116920044 0.113248168 0.115502023 0.118041948 0.119424267 0.114461029 0.123276286 0.122289143 0.118290006 0.119005634 0.119103353 0.118958100 0.123808069 0.111207092 0.094376268 0.117455074 0.122931269 0.120467215 0.088924592 0.101362893 0.102765416 0.105253938 0.106928096 0.107063991 0.098942930 0.102791911 0.115878035 0.113395145 0.111188450 0.107636201 0.106512105 0.097372789 0.097577373 0.127922319 0.107598190 0.102867705 0.104691413 0.104204146 0.104470538 0.017594247 0.000000000 0.011607863 0.086270321 0.090240741 0.210050472 
26     0.114198793 0.108543405 0.115411483 0.117584964 0.105473106 0.119023200 0.117132378 0.113460503 0.115714357 0.118254283 0.119636602 0.114673363 0.123488620 0.122501477 0.118502340 0.119217968 0.119315687 0.119170434 0.124020404 0.111421753 0.094590930 0.117669736 0.123145931 0.120681877 0.089134298 0.101572599 0.102975122 0.105463644 0.107137802 0.107273697 0.099152636 0.103001618 0.116087741 0.113604851 0.111398156 0.107845907 0.106721811 0.097582495 0.097787079 0.128136980 0.107812851 0.103082367 0.104901119 0.104413852 0.104680244 0.018504885 0.011607863 0.000000000 0.086478327 0.090448747 0.210262807 
34     0.111425773 0.105770385 0.112638462 0.114811943 0.102715932 0.116267850 0.114377028 0.110705153 0.112943160 0.115483086 0.116865405 0.111902167 0.120717423 0.119758516 0.115759379 0.116462618 0.116560337 0.116415084 0.121275619 0.108554949 0.091712238 0.114827181 0.120303376 0.117839322 0.086363326 0.098823853 0.100247423 0.102755174 0.104424897 0.104551730 0.096443361 0.100287205 0.113338875 0.110855985 0.108649290 0.105156011 0.104031916 0.094878739 0.095083323 0.125407529 0.104987135 0.100256650 0.102160012 0.101672745 0.101939137 0.085912564 0.086270321 0.086478327 0.000000000 0.038664287 0.207473312 
42     0.115434870 0.109779481 0.116647559 0.118821040 0.106725029 0.120276946 0.118386124 0.114714249 0.116952257 0.119492183 0.120874501 0.115911263 0.124726520 0.123767613 0.119768476 0.120471715 0.120569433 0.120424181 0.125284716 0.112534154 0.095691443 0.118806386 0.124282581 0.121818527 0.090339961 0.102800119 0.104223689 0.106731440 0.108401164 0.108527996 0.100419627 0.104263471 0.117315142 0.114832252 0.112625557 0.109132277 0.108008182 0.098855005 0.099059589 0.129383159 0.108962765 0.104232281 0.106135642 0.105648375 0.105914767 0.089882984 0.090240741 0.090448747 0.038664287 0.000000000 0.211473279 
0     0.216562795 0.210907407 0.217775485 0.219948966 0.207843671 0.221391224 0.219500402 0.215828527 0.218076295 0.220616221 0.221998539 0.217035301 0.225858640 0.224893246 0.220894109 0.221601954 0.221699672 0.221554420 0.226404012 0.220259181 0.203445379 0.226612650 0.232088845 0.229624096 0.198013563 0.210600154 0.211980794 0.214480239 0.216202904 0.216335817 0.208288347 0.212124061 0.225111186 0.222628296 0.220423518 0.216935753 0.215811658 0.206667371 0.206874651 0.237217778 0.216812727 0.212081445 0.214039933 0.213552666 0.213819058 0.209692715 0.210050472 0.210262807 0.207473312 0.211473279 0.000000000 
