51
29     0.000000000 0.000120270 0.030844500 0.024973420 0.006324450 0.005747290 0.017976440 0.022511020 0.016567830 0.003504370 0.038960690 0.016929640 0.043152870 0.057508170 0.039386490 0.001057930 0.008724940 0.003189680 0.001078480 0.042833500 0.001118210 0.007739940 0.045073360 0.012182890 0.030308780 0.035671250 0.035642080 0.037812690 0.012186790 0.043351320 0.068389880 0.060784220 0.066395700 0.041795420 0.043612560 0.036095910 0.025261570 0.030869120 0.020445130 0.002529050 0.002529830 0.097415010 0.061573740 0.024513330 0.027455890 0.040440800 0.026737220 0.034728260 0.046685750 0.044957380 0.002138100 
28     0.000120270 0.000000000 0.037257840 0.059867200 0.006443740 0.032726520 0.048472130 0.048009220 0.016687120 0.047668660 0.036791420 0.017048930 0.052882090 0.047581900 0.045390920 0.000589910 0.008844230 0.002721660 0.000610460 0.040908450 0.000650190 0.031493110 0.042751860 0.031696040 0.066538690 0.035790540 0.035761370 0.037931980 0.011718770 0.042883300 0.059774760 0.059899300 0.061370410 0.041327400 0.043144540 0.036215200 0.025380860 0.030988410 0.020564420 0.002061030 0.002061810 0.080836020 0.056657790 0.024632620 0.027575180 0.039972780 0.034899840 0.034260240 0.046805040 0.045076670 0.017508560 
20     0.030844500 0.037257840 0.000000000 0.000167920 0.000442390 0.029665230 0.036199110 0.029734870 0.021643540 0.027422310 0.047180080 0.044994440 0.036561690 0.033764620 0.030562540 0.009016100 0.011148970 0.028647480 0.027053180 0.017880080 0.002761530 0.032051140 0.030318750 0.011108210 0.032213030 0.032788430 0.039151760 0.039800450 0.014240110 0.070857010 0.074135610 0.074592490 0.077995070 0.072913350 0.071455600 0.071880040 0.059556620 0.045310070 0.045142430 0.054620060 0.048764970 0.081982510 0.084408760 0.059513710 0.063240020 0.058657750 0.057571100 0.068141360 0.061137210 0.055412270 0.032971980 
27     0.024973420 0.059867200 0.000167920 0.000000000 0.001727200 0.023794150 0.036023300 0.028546810 0.020455480 0.021551230 0.045992020 0.043806380 0.035373630 0.032576560 0.042704330 0.021810450 0.016648170 0.022776400 0.025865120 0.012132630 0.024012540 0.026180060 0.022661210 0.027506160 0.022655600 0.023231000 0.034721870 0.037464140 0.034441060 0.053709750 0.066478070 0.062101550 0.067713030 0.057319470 0.055748250 0.082598080 0.051899080 0.034343580 0.037484890 0.045062630 0.041107430 0.096346970 0.097410460 0.089038650 0.059996350 0.049100320 0.050795670 0.058583930 0.054874900 0.047754730 0.027100900 
6     0.006324450 0.006443740 0.000442390 0.001727200 0.000000000 0.018225350 0.030454500 0.030689330 0.019234920 0.010582870 0.045042880 0.019596730 0.037516150 0.034719080 0.035678940 0.011034630 0.013167500 0.017207600 0.028007640 0.010581840 0.023060780 0.020611260 0.021110420 0.025054210 0.037857480 0.036706530 0.040612110 0.029391460 0.007839510 0.046545630 0.062543090 0.054937430 0.060548910 0.050155350 0.048584130 0.041065940 0.030231600 0.029834290 0.025415160 0.030512970 0.039556640 0.071573520 0.073999770 0.029483360 0.032425920 0.060660800 0.039750580 0.047447670 0.051655780 0.046203940 0.021532100 
14     0.005747290 0.032726520 0.029665230 0.023794150 0.018225350 0.000000000 0.016762910 0.006222160 0.009706700 0.002290840 0.000046450 0.000040820 0.003035940 0.000030220 0.000047170 0.002584320 0.022106880 0.003550270 0.040547910 0.023404290 0.012529150 0.006953930 0.035763930 0.011396880 0.038985440 0.039560840 0.051051710 0.053793980 0.038931050 0.050793660 0.053104460 0.051921930 0.057779610 0.051744840 0.050388410 0.048845720 0.050634010 0.050755250 0.050587610 0.061392470 0.054210150 0.077245220 0.053066990 0.060721680 0.053460980 0.064211590 0.032473890 0.074913770 0.067977620 0.060857450 0.007874770 
2     0.017976440 0.048472130 0.036199110 0.036023300 0.030454500 0.016762910 0.000000000 0.000485590 0.000555850 0.005345600 0.019431720 0.013973900 0.016712610 0.018416050 0.013965010 0.014813470 0.048521810 0.015779420 0.023461370 0.045844320 0.038233160 0.019183080 0.047687730 0.023626030 0.070165540 0.068375570 0.089917010 0.061699520 0.080376910 0.061068030 0.066458330 0.066582870 0.068053980 0.068380940 0.082153740 0.080611050 0.082399340 0.088842380 0.088674740 0.115594610 0.092297280 0.087519590 0.063341360 0.110109470 0.063735350 0.074485960 0.044703040 0.098956160 0.102897160 0.098944580 0.020103920 
3     0.022511020 0.048009220 0.029734870 0.028546810 0.030689330 0.006222160 0.000485590 0.000000000 0.001242010 0.001884740 0.006260410 0.006254780 0.009249900 0.006244180 0.006261130 0.019348050 0.048908020 0.020314000 0.034275510 0.045381410 0.032174770 0.023717660 0.047224820 0.028160610 0.065800330 0.064649380 0.072719270 0.057334310 0.076011700 0.060605120 0.065995420 0.066119960 0.067591070 0.067918030 0.075342180 0.073799490 0.075587780 0.072881130 0.072713490 0.114554960 0.076336030 0.087056680 0.062878450 0.114049330 0.063272440 0.074023050 0.049237620 0.098234250 0.090103500 0.082983330 0.024638500 
24     0.016567830 0.016687120 0.021643540 0.020455480 0.019234920 0.009706700 0.000555850 0.001242010 0.000000000 0.002790420 0.014050250 0.000376510 0.017039740 0.006547410 0.013951610 0.014257620 0.023910610 0.015223570 0.029527940 0.035581880 0.030877470 0.018627230 0.047162310 0.023070180 0.068336950 0.050884660 0.050855490 0.053026100 0.073222720 0.066822970 0.072213270 0.072337810 0.073808920 0.074135880 0.077901420 0.051309320 0.040474980 0.046082530 0.035658540 0.040756350 0.081762020 0.093274530 0.069096300 0.039726740 0.042669300 0.070904180 0.044147190 0.057691050 0.061899160 0.060170790 0.019548070 
22     0.003504370 0.047668660 0.027422310 0.021551230 0.010582870 0.002290840 0.005345600 0.001884740 0.002790420 0.000000000 0.008115690 0.008110060 0.011105180 0.008099460 0.008116410 0.000341400 0.038553960 0.001307350 0.015953660 0.037109210 0.032518830 0.004711010 0.042044430 0.009153960 0.059283570 0.053903500 0.079035040 0.050817550 0.069494940 0.073098330 0.088330320 0.081302070 0.089925970 0.090232390 0.088774640 0.092563480 0.076875660 0.062629110 0.062461470 0.093823280 0.066084010 0.092999610 0.085213350 0.109141720 0.085607340 0.096357950 0.030230970 0.099455890 0.079851480 0.072731310 0.005631850 
9     0.038960690 0.036791420 0.047180080 0.045992020 0.045042880 0.000046450 0.019431720 0.006260410 0.014050250 0.008115690 0.000000000 0.000027570 0.000660830 0.000016970 0.000045320 0.013721820 0.051612080 0.029635700 0.016974910 0.042999830 0.016594050 0.057382120 0.044540490 0.028291610 0.058311030 0.058886430 0.070377300 0.068313230 0.086990620 0.078432430 0.083822730 0.083947270 0.085418380 0.085745340 0.091236130 0.099269030 0.094841680 0.080666830 0.091423050 0.080718060 0.080487990 0.104883990 0.080705760 0.108152030 0.081099750 0.084755750 0.086451100 0.094239360 0.096058920 0.092828370 0.103617820 
18     0.016929640 0.017048930 0.044994440 0.043806380 0.019596730 0.000040820 0.013973900 0.006254780 0.000376510 0.008110060 0.000027570 0.000000000 0.000854300 0.000011160 0.000009850 0.025274340 0.024272420 0.030938240 0.047194180 0.050619250 0.034719930 0.046921300 0.045843030 0.042852580 0.040843080 0.041418480 0.051217300 0.053387910 0.073123410 0.073090200 0.078480500 0.078605040 0.080076150 0.078998940 0.077642510 0.051671130 0.040836790 0.046444340 0.036020350 0.041118160 0.063020040 0.099541760 0.075363530 0.040088550 0.043031110 0.067287800 0.050355770 0.058052860 0.062260970 0.060532600 0.032964490 
17     0.043152870 0.052882090 0.036561690 0.035373630 0.037516150 0.003035940 0.016712610 0.009249900 0.017039740 0.011105180 0.000660830 0.000854300 0.000000000 0.000592820 0.002246690 0.017914000 0.031782340 0.044974910 0.021167090 0.047192010 0.049346010 0.068386710 0.059879700 0.048982480 0.058200420 0.058775820 0.070266690 0.073008960 0.068703060 0.089180040 0.096968910 0.095786380 0.098195140 0.092789760 0.091218540 0.092710170 0.094498460 0.084908580 0.093852660 0.080607450 0.080377380 0.107164160 0.109963820 0.105658360 0.095541170 0.084645140 0.086340490 0.094128750 0.096041330 0.096404010 0.102768350 
11     0.057508170 0.047581900 0.033764620 0.032576560 0.034719080 0.000030220 0.018416050 0.006244180 0.006547410 0.008099460 0.000016970 0.000011160 0.000592820 0.000000000 0.000029090 0.030206520 0.038352540 0.038382290 0.035522390 0.041750350 0.027384530 0.039742340 0.053287080 0.039082090 0.057205480 0.057780880 0.069271750 0.072014020 0.089062920 0.093914590 0.081972360 0.080789830 0.098665740 0.080612740 0.079256310 0.077713620 0.079501910 0.086505160 0.095752950 0.079612510 0.079382440 0.108010830 0.111772930 0.106505030 0.094546230 0.083650200 0.085345550 0.093133810 0.100683230 0.100525080 0.109958620 
19     0.039386490 0.045390920 0.030562540 0.042704330 0.035678940 0.000047170 0.013965010 0.006261130 0.013951610 0.008116410 0.000045320 0.000009850 0.002246690 0.000029090 0.000000000 0.006652970 0.015419060 0.029304620 0.017400710 0.043425630 0.025193550 0.041666010 0.044209410 0.036891110 0.040174260 0.039023310 0.059224000 0.031708240 0.050385630 0.085801710 0.081760240 0.080577710 0.096571630 0.080400620 0.079044190 0.077501500 0.079289790 0.076590370 0.074371680 0.069564760 0.069334690 0.073890300 0.076316550 0.089734910 0.074631080 0.073602450 0.075297800 0.083086060 0.091358410 0.095945470 0.086405070 
12     0.001057930 0.000589910 0.009016100 0.021810450 0.011034630 0.002584320 0.014813470 0.019348050 0.014257620 0.000341400 0.013721820 0.025274340 0.017914000 0.030206520 0.006652970 0.000000000 0.003061330 0.001540010 0.001088270 0.002084600 0.000066740 0.004943670 0.002719450 0.002184270 0.006356200 0.006931600 0.018422470 0.021164740 0.012196580 0.043361110 0.057439470 0.059667530 0.089974830 0.041805210 0.043622350 0.064616400 0.076791990 0.062545440 0.056227770 0.002538840 0.002539620 0.109440440 0.085262210 0.087019500 0.034527910 0.032800920 0.030463630 0.034738050 0.056464280 0.053820040 0.005864510 
23     0.008724940 0.008844230 0.011148970 0.016648170 0.013167500 0.022106880 0.048521810 0.048908020 0.023910610 0.038553960 0.051612080 0.024272420 0.031782340 0.038352540 0.015419060 0.003061330 0.000000000 0.011470320 0.009359120 0.005096170 0.008092320 0.016445140 0.005731020 0.005195840 0.007444600 0.008020000 0.019510870 0.022253140 0.020467430 0.046088580 0.058527870 0.060755930 0.066675420 0.050076060 0.051893200 0.043466430 0.032632090 0.034365100 0.027815650 0.010809690 0.010810470 0.067756600 0.061962800 0.031883850 0.034826410 0.033889320 0.035584670 0.043008900 0.051587470 0.044467300 0.024759790 
1     0.003189680 0.002721660 0.028647480 0.022776400 0.017207600 0.003550270 0.015779420 0.020314000 0.015223570 0.001307350 0.029635700 0.030938240 0.044974910 0.038382290 0.029304620 0.001540010 0.011470320 0.000000000 0.003060820 0.024064300 0.003259750 0.003883940 0.012468630 0.008326890 0.012430180 0.013005580 0.024496450 0.027238720 0.014328330 0.045492860 0.051984540 0.052109080 0.053580190 0.043936960 0.045754100 0.066748150 0.072585520 0.038928300 0.049684520 0.004670590 0.004671370 0.066335280 0.048867570 0.093623370 0.036659660 0.038874900 0.031062880 0.036869800 0.058596030 0.054695870 0.006463760 
15     0.001078480 0.000610460 0.027053180 0.025865120 0.028007640 0.040547910 0.023461370 0.034275510 0.029527940 0.015953660 0.016974910 0.047194180 0.021167090 0.035522390 0.017400710 0.001088270 0.009359120 0.003060820 0.000000000 0.031412070 0.001148550 0.044729590 0.028941240 0.017664800 0.009126360 0.009701760 0.021192630 0.023934900 0.012217130 0.043381660 0.060209630 0.062437690 0.094767800 0.041825760 0.043642900 0.064636950 0.078033250 0.063786700 0.063619060 0.002559390 0.002560170 0.083608260 0.090055180 0.108870560 0.034548460 0.035571080 0.037266430 0.034758600 0.056484830 0.053840590 0.069052990 
13     0.042833500 0.040908450 0.017880080 0.012132630 0.010581840 0.023404290 0.045844320 0.045381410 0.035581880 0.037109210 0.042999830 0.050619250 0.047192010 0.041750350 0.043425630 0.002084600 0.005096170 0.024064300 0.031412070 0.000000000 0.002713510 0.002167530 0.000837690 0.000302510 0.039093070 0.039668470 0.051159340 0.053901610 0.037036020 0.053504350 0.049588350 0.048405820 0.060490300 0.048228730 0.046872300 0.045329610 0.044096110 0.029849560 0.029681920 0.050685220 0.033304460 0.079955910 0.055777680 0.078272370 0.056171670 0.065537790 0.062696440 0.075021400 0.047071930 0.039951760 0.074942530 
5     0.001118210 0.000650190 0.002761530 0.024012540 0.023060780 0.012529150 0.038233160 0.032174770 0.030877470 0.032518830 0.016594050 0.034719930 0.049346010 0.027384530 0.025193550 0.000066740 0.008092320 0.003259750 0.001148550 0.002713510 0.000000000 0.008182450 0.006741810 0.008346680 0.004336360 0.004911760 0.016402630 0.019144900 0.012256860 0.042980340 0.053492460 0.053617000 0.055088110 0.041865490 0.043682630 0.053913940 0.043079600 0.048687150 0.038263160 0.002599120 0.002599900 0.061472130 0.050375490 0.042331360 0.034588190 0.030781080 0.032476430 0.034798330 0.056524560 0.053880320 0.035207300 
16     0.007739940 0.031493110 0.032051140 0.026180060 0.020611260 0.006953930 0.019183080 0.023717660 0.018627230 0.004711010 0.057382120 0.046921300 0.068386710 0.039742340 0.041666010 0.004943670 0.016445140 0.003883940 0.044729590 0.002167530 0.008182450 0.000000000 0.001514660 0.001859280 0.051416740 0.058139070 0.065661480 0.066521130 0.055837900 0.051732260 0.057122560 0.057247100 0.058718210 0.059045170 0.070862660 0.066115310 0.055280970 0.044717130 0.044549490 0.046180160 0.046180940 0.078183820 0.054005590 0.054532730 0.054399580 0.065150190 0.034466540 0.072497040 0.061939500 0.054819330 0.009867420 
21     0.045073360 0.042751860 0.030318750 0.022661210 0.021110420 0.035763930 0.047687730 0.047224820 0.047162310 0.042044430 0.044540490 0.045843030 0.059879700 0.053287080 0.044209410 0.002719450 0.005731020 0.012468630 0.028941240 0.000837690 0.006741810 0.001514660 0.000000000 0.000535600 0.057187090 0.056036140 0.067157910 0.048721070 0.067398460 0.055347760 0.060738060 0.060862600 0.062333710 0.062660670 0.066523670 0.081850100 0.054624690 0.040378140 0.040210500 0.073155950 0.043833040 0.081799320 0.057621090 0.087519860 0.058015080 0.068765690 0.062780280 0.086773910 0.057600510 0.050480340 0.047200840 
4     0.012182890 0.031696040 0.011108210 0.027506160 0.025054210 0.011396880 0.023626030 0.028160610 0.023070180 0.009153960 0.028291610 0.042852580 0.048982480 0.039082090 0.036891110 0.002184270 0.005195840 0.008326890 0.017664800 0.000302510 0.008346680 0.001859280 0.000535600 0.000000000 0.047735370 0.042883540 0.044763150 0.048242220 0.066919610 0.044291940 0.049682240 0.049806780 0.051277890 0.051604850 0.056215970 0.054673280 0.056461570 0.045223090 0.045055450 0.075396150 0.048677990 0.070743500 0.046565270 0.065125100 0.046959260 0.057709870 0.038909490 0.087237860 0.062445460 0.055325290 0.014310370 
8     0.030308780 0.066538690 0.032213030 0.022655600 0.037857480 0.038985440 0.070165540 0.065800330 0.068336950 0.059283570 0.058311030 0.040843080 0.058200420 0.057205480 0.040174260 0.006356200 0.007444600 0.012430180 0.009126360 0.039093070 0.004336360 0.051416740 0.057187090 0.047735370 0.000000000 0.000298030 0.007302440 0.015399260 0.036870050 0.041408520 0.053847810 0.056075870 0.063777140 0.052125140 0.057237670 0.060559230 0.045338690 0.031653720 0.031486080 0.025171570 0.024941500 0.051796390 0.062010290 0.029233450 0.040105290 0.029209260 0.030904610 0.038692870 0.030856950 0.035444010 0.025903610 
26     0.035671250 0.035790540 0.032788430 0.023231000 0.036706530 0.039560840 0.068375570 0.064649380 0.050884660 0.053903500 0.058886430 0.041418480 0.058775820 0.057780880 0.039023310 0.006931600 0.008020000 0.013005580 0.009701760 0.039668470 0.004911760 0.058139070 0.056036140 0.042883540 0.000298030 0.000000000 0.000034310 0.002296100 0.023573000 0.041983920 0.054423210 0.056651270 0.064200650 0.052700540 0.057383730 0.037267800 0.026433460 0.032041010 0.021617020 0.025746970 0.025516900 0.053313510 0.057158460 0.024381620 0.028627780 0.029784660 0.031480010 0.039268270 0.026005120 0.030592180 0.018561160 
7     0.035642080 0.035761370 0.039151760 0.034721870 0.040612110 0.051051710 0.089917010 0.072719270 0.050855490 0.079035040 0.070377300 0.051217300 0.070266690 0.069271750 0.059224000 0.018422470 0.019510870 0.024496450 0.021192630 0.051159340 0.016402630 0.065661480 0.067157910 0.044763150 0.007302440 0.000034310 0.000000000 0.002266930 0.021225790 0.026468120 0.065914080 0.068142140 0.078416610 0.064191410 0.061030890 0.037238630 0.026404290 0.032011840 0.021587850 0.026685660 0.037007770 0.019119160 0.059038070 0.025656050 0.028598610 0.041275530 0.035923270 0.043620360 0.027884730 0.032471790 0.018531990 
25     0.037812690 0.037931980 0.039800450 0.037464140 0.029391460 0.053793980 0.061699520 0.057334310 0.053026100 0.050817550 0.068313230 0.053387910 0.073008960 0.072014020 0.031708240 0.021164740 0.022253140 0.027238720 0.023934900 0.053901610 0.019144900 0.066521130 0.048721070 0.048242220 0.015399260 0.002296100 0.002266930 0.000000000 0.025714440 0.056217060 0.068656350 0.070884410 0.093408130 0.066933680 0.105018780 0.039409240 0.028574900 0.034182450 0.023758460 0.028856270 0.039750040 0.051908700 0.054334950 0.027826660 0.030769220 0.044017800 0.038093880 0.045790970 0.039516860 0.044103920 0.020702600 
10     0.012186790 0.011718770 0.014240110 0.034441060 0.007839510 0.038931050 0.080376910 0.076011700 0.073222720 0.069494940 0.086990620 0.073123410 0.068703060 0.089062920 0.050385630 0.012196580 0.020467430 0.014328330 0.012217130 0.037036020 0.012256860 0.055837900 0.067398460 0.066919610 0.036870050 0.023573000 0.021225790 0.025714440 0.000000000 0.034665510 0.036356720 0.050797950 0.050721900 0.027269380 0.027463000 0.059563420 0.048771520 0.041769980 0.040897870 0.013666160 0.013666940 0.049531440 0.061470160 0.048023280 0.045655230 0.051577910 0.058290500 0.045865370 0.032403540 0.046578990 0.040899220 
38     0.043351320 0.042883300 0.070857010 0.053709750 0.046545630 0.050793660 0.061068030 0.060605120 0.066822970 0.073098330 0.078432430 0.073090200 0.089180040 0.093914590 0.085801710 0.043361110 0.046088580 0.045492860 0.043381660 0.053504350 0.042980340 0.051732260 0.055347760 0.044291940 0.041408520 0.041983920 0.026468120 0.056217060 0.034665510 0.000000000 0.005628180 0.008258550 0.008834660 0.000126950 0.000261340 0.006932510 0.017100610 0.009539810 0.028853300 0.024666110 0.031207720 0.011408140 0.051299170 0.097926870 0.051693160 0.051037300 0.052732650 0.025291780 0.009403910 0.009766590 0.064457190 
42     0.068389880 0.059774760 0.074135610 0.066478070 0.062543090 0.053104460 0.066458330 0.065995420 0.072213270 0.088330320 0.083822730 0.078480500 0.096968910 0.081972360 0.081760240 0.057439470 0.058527870 0.051984540 0.060209630 0.049588350 0.053492460 0.057122560 0.060738060 0.049682240 0.053847810 0.054423210 0.065914080 0.068656350 0.036356720 0.005628180 0.000000000 0.000624240 0.000001650 0.003363720 0.005166830 0.017473890 0.022083270 0.018285180 0.030104080 0.040663570 0.032458500 0.071934250 0.056689470 0.093529820 0.057083460 0.063476590 0.063608230 0.041289240 0.025401370 0.025764050 0.080454650 
37     0.060784220 0.059899300 0.074592490 0.062101550 0.054937430 0.051921930 0.066582870 0.066119960 0.072337810 0.081302070 0.083947270 0.078605040 0.095786380 0.080789830 0.080577710 0.059667530 0.060755930 0.052109080 0.062437690 0.048405820 0.053617000 0.057247100 0.060862600 0.049806780 0.056075870 0.056651270 0.068142140 0.070884410 0.050797950 0.008258550 0.000624240 0.000000000 0.000087430 0.002038040 0.002599750 0.018872010 0.022540150 0.019778940 0.030560960 0.033057910 0.032915380 0.067544300 0.056814010 0.087060070 0.057208000 0.065704650 0.057610480 0.033683580 0.017795710 0.018158390 0.072848990 
50     0.066395700 0.061370410 0.077995070 0.067713030 0.060548910 0.057779610 0.068053980 0.067591070 0.073808920 0.089925970 0.085418380 0.080076150 0.098195140 0.098665740 0.096571630 0.089974830 0.066675420 0.053580190 0.094767800 0.060490300 0.055088110 0.058718210 0.062333710 0.051277890 0.063777140 0.064200650 0.078416610 0.093408130 0.050721900 0.008834660 0.000001650 0.000087430 0.000000000 0.006570200 0.011636690 0.018191340 0.022734450 0.021605800 0.033963540 0.038669390 0.036317960 0.063356630 0.058285120 0.102502210 0.058679110 0.069429720 0.050085380 0.039295060 0.023407190 0.023769870 0.078460470 
35     0.041795420 0.041327400 0.072913350 0.057319470 0.050155350 0.051744840 0.068380940 0.067918030 0.074135880 0.090232390 0.085745340 0.078998940 0.092789760 0.080612740 0.080400620 0.041805210 0.050076060 0.043936960 0.041825760 0.048228730 0.041865490 0.059045170 0.062660670 0.051604850 0.052125140 0.052700540 0.064191410 0.066933680 0.027269380 0.000126950 0.003363720 0.002038040 0.006570200 0.000000000 0.000367800 0.006906420 0.008951330 0.006800070 0.028881820 0.028275830 0.031236240 0.059178950 0.058612080 0.094106060 0.059006070 0.061753920 0.041664820 0.028901500 0.013013630 0.013376310 0.068066910 
46     0.043612560 0.043144540 0.071455600 0.055748250 0.048584130 0.050388410 0.082153740 0.075342180 0.077901420 0.088774640 0.091236130 0.077642510 0.091218540 0.079256310 0.079044190 0.043622350 0.051893200 0.045754100 0.043642900 0.046872300 0.043682630 0.070862660 0.066523670 0.056215970 0.057237670 0.057383730 0.061030890 0.105018780 0.027463000 0.000261340 0.005166830 0.002599750 0.011636690 0.000367800 0.000000000 0.005806610 0.007594900 0.013362810 0.027424070 0.026704610 0.029778490 0.045970910 0.043799890 0.067085700 0.052371800 0.082292170 0.072610050 0.027330280 0.011442410 0.011805090 0.066495690 
43     0.036095910 0.036215200 0.071880040 0.082598080 0.041065940 0.048845720 0.080611050 0.073799490 0.051309320 0.092563480 0.099269030 0.051671130 0.092710170 0.077713620 0.077501500 0.064616400 0.043466430 0.066748150 0.064636950 0.045329610 0.053913940 0.066115310 0.081850100 0.054673280 0.060559230 0.037267800 0.037238630 0.039409240 0.059563420 0.006932510 0.017473890 0.018872010 0.018191340 0.006906420 0.005806610 0.000000000 0.001941010 0.032203670 0.021779680 0.026860130 0.048578510 0.093513850 0.090651400 0.025830520 0.028773080 0.057007960 0.036097740 0.043794830 0.048002940 0.046274570 0.018983200 
45     0.025261570 0.025380860 0.059556620 0.051899080 0.030231600 0.050634010 0.082399340 0.075587780 0.040474980 0.076875660 0.094841680 0.040836790 0.094498460 0.079501910 0.079289790 0.076791990 0.032632090 0.072585520 0.078033250 0.044096110 0.043079600 0.055280970 0.054624690 0.056461570 0.045338690 0.026433460 0.026404290 0.028574900 0.048771520 0.017100610 0.022083270 0.022540150 0.022734450 0.008951330 0.007594900 0.001941010 0.000000000 0.015692730 0.010945340 0.016025790 0.017879510 0.082303840 0.076023150 0.014996180 0.017938740 0.046173620 0.025263400 0.032960490 0.031646980 0.024526810 0.008148860 
39     0.030869120 0.030988410 0.045310070 0.034343580 0.029834290 0.050755250 0.088842380 0.072881130 0.046082530 0.062629110 0.080666830 0.046444340 0.084908580 0.086505160 0.076590370 0.062545440 0.034365100 0.038928300 0.063786700 0.029849560 0.048687150 0.044717130 0.040378140 0.045223090 0.031653720 0.032041010 0.032011840 0.034182450 0.041769980 0.009539810 0.018285180 0.019778940 0.021605800 0.006800070 0.013362810 0.032203670 0.015692730 0.000000000 0.000034510 0.021650700 0.004901080 0.028557400 0.062790770 0.020621090 0.023563650 0.048382400 0.030888310 0.038333840 0.018668550 0.011548380 0.013756410 
36     0.020445130 0.020564420 0.045142430 0.037484890 0.025415160 0.050587610 0.088674740 0.072713490 0.035658540 0.062461470 0.091423050 0.036020350 0.093852660 0.095752950 0.074371680 0.056227770 0.027815650 0.049684520 0.063619060 0.029681920 0.038263160 0.044549490 0.040210500 0.045055450 0.031486080 0.021617020 0.021587850 0.023758460 0.040897870 0.028853300 0.030104080 0.030560960 0.033963540 0.028881820 0.027424070 0.021779680 0.010945340 0.000034510 0.000000000 0.011226710 0.004733440 0.033138360 0.062877080 0.010197100 0.013139660 0.041374540 0.020464320 0.028161410 0.018500910 0.011380740 0.003332420 
31     0.002529050 0.002061030 0.054620060 0.045062630 0.030512970 0.061392470 0.115594610 0.114554960 0.040756350 0.093823280 0.080718060 0.041118160 0.080607450 0.079612510 0.069564760 0.002538840 0.010809690 0.004670590 0.002559390 0.050685220 0.002599120 0.046180160 0.073155950 0.075396150 0.025171570 0.025746970 0.026685660 0.028856270 0.013666160 0.024666110 0.040663570 0.033057910 0.038669390 0.028275830 0.026704610 0.026860130 0.016025790 0.021650700 0.011226710 0.000000000 0.000000780 0.015736410 0.018466980 0.008731310 0.010880370 0.007599230 0.009294580 0.003832660 0.020173500 0.016505460 0.008430230 
41     0.002529830 0.002061810 0.048764970 0.041107430 0.039556640 0.054210150 0.092297280 0.076336030 0.081762020 0.066084010 0.080487990 0.063020040 0.080377380 0.079382440 0.069334690 0.002539620 0.010810470 0.004671370 0.002560170 0.033304460 0.002599900 0.046180940 0.043833040 0.048677990 0.024941500 0.025516900 0.037007770 0.039750040 0.013666940 0.031207720 0.032458500 0.032915380 0.036317960 0.031236240 0.029778490 0.048578510 0.017879510 0.004901080 0.004733440 0.000000780 0.000000000 0.023696020 0.052131420 0.043516810 0.018265190 0.007369160 0.009064510 0.016852770 0.020733710 0.013613540 0.070502800 
47     0.097415010 0.080836020 0.081982510 0.096346970 0.071573520 0.077245220 0.087519590 0.087056680 0.093274530 0.092999610 0.104883990 0.099541760 0.107164160 0.108010830 0.073890300 0.109440440 0.067756600 0.066335280 0.083608260 0.079955910 0.061472130 0.078183820 0.081799320 0.070743500 0.051796390 0.053313510 0.019119160 0.051908700 0.049531440 0.011408140 0.071934250 0.067544300 0.063356630 0.059178950 0.045970910 0.093513850 0.082303840 0.028557400 0.033138360 0.015736410 0.023696020 0.000000000 0.008279910 0.019127410 0.003124760 0.009634030 0.019081050 0.006073800 0.002693970 0.003430910 0.041173150 
49     0.061573740 0.056657790 0.084408760 0.097410460 0.073999770 0.053066990 0.063341360 0.062878450 0.069096300 0.085213350 0.080705760 0.075363530 0.109963820 0.111772930 0.076316550 0.085262210 0.061962800 0.048867570 0.090055180 0.055777680 0.050375490 0.054005590 0.057621090 0.046565270 0.062010290 0.057158460 0.059038070 0.054334950 0.061470160 0.051299170 0.056689470 0.056814010 0.058285120 0.058612080 0.043799890 0.090651400 0.076023150 0.062790770 0.062877080 0.018466980 0.052131420 0.008279910 0.000000000 0.000357330 0.001886190 0.012607470 0.004683630 0.018153370 0.014773540 0.015510480 0.040315720 
40     0.024513330 0.024632620 0.059513710 0.089038650 0.029483360 0.060721680 0.110109470 0.114049330 0.039726740 0.109141720 0.108152030 0.040088550 0.105658360 0.106505030 0.089734910 0.087019500 0.031883850 0.093623370 0.108870560 0.078272370 0.042331360 0.054532730 0.087519860 0.065125100 0.029233450 0.024381620 0.025656050 0.027826660 0.048023280 0.097926870 0.093529820 0.087060070 0.102502210 0.094106060 0.067085700 0.025830520 0.014996180 0.020621090 0.010197100 0.008731310 0.043516810 0.019127410 0.000357330 0.000000000 0.001519530 0.020064590 0.004592420 0.025666010 0.010040320 0.014627380 0.007400620 
48     0.027455890 0.027575180 0.063240020 0.059996350 0.032425920 0.053460980 0.063735350 0.063272440 0.042669300 0.085607340 0.081099750 0.043031110 0.095541170 0.094546230 0.074631080 0.034527910 0.034826410 0.036659660 0.034548460 0.056171670 0.034588190 0.054399580 0.058015080 0.046959260 0.040105290 0.028627780 0.028598610 0.030769220 0.045655230 0.051693160 0.057083460 0.057208000 0.058679110 0.059006070 0.052371800 0.028773080 0.017938740 0.023563650 0.013139660 0.010880370 0.018265190 0.003124760 0.001886190 0.001519530 0.000000000 0.016292840 0.009619330 0.000211240 0.004283450 0.005020390 0.010343180 
33     0.040440800 0.039972780 0.058657750 0.049100320 0.060660800 0.064211590 0.074485960 0.074023050 0.070904180 0.096357950 0.084755750 0.067287800 0.084645140 0.083650200 0.073602450 0.032800920 0.033889320 0.038874900 0.035571080 0.065537790 0.030781080 0.065150190 0.068765690 0.057709870 0.029209260 0.029784660 0.041275530 0.044017800 0.051577910 0.051037300 0.063476590 0.065704650 0.069429720 0.061753920 0.082292170 0.057007960 0.046173620 0.048382400 0.041374540 0.007599230 0.007369160 0.009634030 0.012607470 0.020064590 0.016292840 0.000000000 0.001719410 0.004057280 0.006448770 0.012990060 0.038578060 
30     0.026737220 0.034899840 0.057571100 0.050795670 0.039750580 0.032473890 0.044703040 0.049237620 0.044147190 0.030230970 0.086451100 0.050355770 0.086340490 0.085345550 0.075297800 0.030463630 0.035584670 0.031062880 0.037266430 0.062696440 0.032476430 0.034466540 0.062780280 0.038909490 0.030904610 0.031480010 0.035923270 0.038093880 0.058290500 0.052732650 0.063608230 0.057610480 0.050085380 0.041664820 0.072610050 0.036097740 0.025263400 0.030888310 0.020464320 0.009294580 0.009064510 0.019081050 0.004683630 0.004592420 0.009619330 0.001719410 0.000000000 0.008034470 0.021326960 0.014934430 0.017667840 
44     0.034728260 0.034260240 0.068141360 0.058583930 0.047447670 0.074913770 0.098956160 0.098234250 0.057691050 0.099455890 0.094239360 0.058052860 0.094128750 0.093133810 0.083086060 0.034738050 0.043008900 0.036869800 0.034758600 0.075021400 0.034798330 0.072497040 0.086773910 0.087237860 0.038692870 0.039268270 0.043620360 0.045790970 0.045865370 0.025291780 0.041289240 0.033683580 0.039295060 0.028901500 0.027330280 0.043794830 0.032960490 0.038333840 0.028161410 0.003832660 0.016852770 0.006073800 0.018153370 0.025666010 0.000211240 0.004057280 0.008034470 0.000000000 0.004078430 0.004815370 0.025364930 
32     0.046685750 0.046805040 0.061137210 0.054874900 0.051655780 0.067977620 0.102897160 0.090103500 0.061899160 0.079851480 0.096058920 0.062260970 0.096041330 0.100683230 0.091358410 0.056464280 0.051587470 0.058596030 0.056484830 0.047071930 0.056524560 0.061939500 0.057600510 0.062445460 0.030856950 0.026005120 0.027884730 0.039516860 0.032403540 0.009403910 0.025401370 0.017795710 0.023407190 0.013013630 0.011442410 0.048002940 0.031646980 0.018668550 0.018500910 0.020173500 0.020733710 0.002693970 0.014773540 0.010040320 0.004283450 0.006448770 0.021326960 0.004078430 0.000000000 0.000003690 0.009162380 
34     0.044957380 0.045076670 0.055412270 0.047754730 0.046203940 0.060857450 0.098944580 0.082983330 0.060170790 0.072731310 0.092828370 0.060532600 0.096404010 0.100525080 0.095945470 0.053820040 0.044467300 0.054695870 0.053840590 0.039951760 0.053880320 0.054819330 0.050480340 0.055325290 0.035444010 0.030592180 0.032471790 0.044103920 0.046578990 0.009766590 0.025764050 0.018158390 0.023769870 0.013376310 0.011805090 0.046274570 0.024526810 0.011548380 0.011380740 0.016505460 0.013613540 0.003430910 0.015510480 0.014627380 0.005020390 0.012990060 0.014934430 0.004815370 0.000003690 0.000000000 0.013749440 
0     0.002138100 0.017508560 0.032971980 0.027100900 0.021532100 0.007874770 0.020103920 0.024638500 0.019548070 0.005631850 0.103617820 0.032964490 0.102768350 0.109958620 0.086405070 0.005864510 0.024759790 0.006463760 0.069052990 0.074942530 0.035207300 0.009867420 0.047200840 0.014310370 0.025903610 0.018561160 0.018531990 0.020702600 0.040899220 0.064457190 0.080454650 0.072848990 0.078460470 0.068066910 0.066495690 0.018983200 0.008148860 0.013756410 0.003332420 0.008430230 0.070502800 0.041173150 0.040315720 0.007400620 0.010343180 0.038578060 0.017667840 0.025364930 0.009162380 0.013749440 0.000000000 
