51
29     0.000000000 0.323586412 0.334931617 0.333360464 0.311742118 0.395656816 0.378343830 0.380461101 0.390150382 0.362500892 0.383736663 0.386500026 0.385835671 0.386853909 0.380701309 0.443278402 0.422563099 0.397419460 0.424424331 0.399982755 0.399338943 0.367723890 0.366987968 0.356163426 0.459491225 0.453738523 0.512671099 0.515609562 0.432883159 0.513799742 0.471154673 0.471871856 0.476586039 0.498662148 0.515451025 0.505232224 0.503117858 0.592463657 0.600835223 0.535280281 0.543845508 0.550104976 0.561549701 0.528554076 0.517454267 0.507010832 0.526076520 0.550002843 0.521986502 0.519484510 1.099868274 
28     0.323586412 0.000000000 0.384634843 0.383063690 0.361445345 0.445673292 0.428444870 0.430562141 0.440251422 0.412601932 0.433835124 0.436598487 0.435934132 0.436952370 0.430799770 0.492606985 0.471877944 0.446507759 0.473557162 0.449599673 0.448971174 0.417356121 0.416620199 0.405795657 0.508899319 0.503146617 0.562079192 0.565017655 0.482343516 0.563183278 0.520538208 0.521255391 0.525969574 0.548045683 0.564834560 0.554615760 0.552501393 0.641875955 0.650247522 0.584728046 0.593293273 0.599552741 0.610997466 0.578001841 0.566902032 0.556458597 0.575524285 0.599450608 0.571434267 0.568932274 1.149369290 
20     0.334931617 0.384634843 0.000000000 0.064942874 0.083050580 0.290162992 0.272585794 0.274634322 0.284443990 0.257143503 0.278755286 0.281593036 0.280940814 0.281962478 0.275867168 0.353708852 0.333797104 0.308397736 0.335938726 0.310888898 0.310727798 0.278895840 0.278307663 0.267347210 0.417156175 0.411403472 0.470336048 0.473274511 0.389234615 0.470520579 0.427875510 0.428592693 0.433306876 0.455382985 0.472171862 0.461953061 0.459838695 0.548748727 0.557120294 0.491529458 0.500094685 0.506354153 0.517798878 0.484803253 0.473703444 0.463260009 0.482325697 0.506252020 0.478235679 0.475733686 1.057173050 
27     0.333360464 0.383063690 0.064942874 0.000000000 0.081583819 0.288552636 0.271084525 0.273133053 0.282942721 0.255642234 0.277254017 0.280091767 0.279439545 0.280461209 0.274365898 0.352079837 0.332168089 0.306870919 0.334411909 0.309361840 0.309200740 0.277368782 0.276780606 0.265820153 0.415598142 0.409845440 0.468778016 0.471716479 0.387676583 0.468962547 0.426317478 0.427034661 0.431748844 0.453824953 0.470613830 0.460395029 0.458280663 0.547190695 0.555562261 0.489971426 0.498536652 0.504796121 0.516240846 0.483245221 0.472145412 0.461701977 0.480767665 0.504693988 0.476677646 0.474175654 1.055615017 
6     0.311742118 0.361445345 0.083050580 0.081583819 0.000000000 0.266911337 0.249334140 0.251382667 0.261192335 0.233891848 0.255503631 0.258341382 0.257689160 0.258710824 0.252615513 0.330538271 0.310626523 0.285234942 0.312775932 0.287726103 0.287565003 0.255733045 0.255144868 0.244184416 0.393969789 0.388217087 0.447149662 0.450088126 0.366048229 0.447334194 0.404689124 0.405406307 0.410120490 0.432196599 0.448985476 0.438766675 0.436652309 0.525562342 0.533933908 0.468343072 0.476908299 0.483167767 0.494612493 0.461616867 0.450517058 0.440073623 0.459139311 0.483065634 0.455049293 0.452547301 1.033986664 
14     0.395656816 0.445673292 0.290162992 0.288552636 0.266911337 0.000000000 0.248191736 0.250174446 0.260276897 0.232031755 0.253163622 0.256218666 0.255632367 0.256778334 0.250365585 0.413622408 0.392637230 0.368414609 0.395559979 0.369337280 0.369043517 0.337611679 0.336744392 0.325917576 0.477680337 0.471927635 0.530860211 0.533798674 0.449780853 0.530659572 0.488014503 0.488731686 0.493445869 0.515521978 0.532310855 0.522092054 0.519977688 0.608769150 0.617140717 0.551546209 0.560111436 0.566370904 0.577815630 0.544820005 0.533720196 0.523276760 0.542342449 0.566268772 0.538252430 0.535750438 1.117394847 
2     0.378343830 0.428444870 0.272585794 0.271084525 0.249334140 0.248191736 0.000000000 0.044845338 0.075041212 0.124420145 0.197832792 0.200139281 0.199655574 0.200930938 0.193824165 0.394832694 0.374244923 0.350027103 0.377175796 0.351089647 0.350745062 0.319307113 0.318439827 0.307613011 0.460362572 0.454609870 0.513542446 0.516480909 0.432617402 0.513304767 0.470659697 0.471376880 0.476091063 0.498167172 0.514956049 0.504737248 0.502622882 0.591414345 0.599785911 0.534191404 0.542756630 0.549016099 0.560460824 0.527465199 0.516365390 0.505921955 0.524987643 0.548913966 0.520897624 0.518395632 1.100056504 
3     0.380461101 0.430562141 0.274634322 0.273133053 0.251382667 0.250174446 0.044845338 0.000000000 0.077435560 0.126702866 0.200512336 0.202734992 0.202300478 0.203526650 0.196510459 0.397002434 0.376355354 0.352137534 0.379286227 0.353200078 0.352855493 0.321417544 0.320550257 0.309723441 0.462479843 0.456727141 0.515659717 0.518598180 0.434734673 0.515422038 0.472776968 0.473494151 0.478208334 0.500284443 0.517073320 0.506854519 0.504740153 0.593531616 0.601903182 0.536308675 0.544873901 0.551133370 0.562578095 0.529582470 0.518482661 0.508039226 0.527104914 0.551031237 0.523014895 0.520512903 1.102173775 
24     0.390150382 0.440251422 0.284443990 0.282942721 0.261192335 0.260276897 0.075041212 0.077435560 0.000000000 0.136619395 0.209949297 0.212221366 0.211727981 0.213004284 0.205941622 0.406762797 0.386175026 0.361877546 0.389052315 0.362940091 0.362595505 0.331157556 0.330290270 0.319463454 0.472230008 0.466477306 0.525409882 0.528348345 0.444484838 0.525172203 0.482527133 0.483244316 0.487958499 0.510034608 0.526823485 0.516604684 0.514490318 0.603281781 0.611653347 0.546058840 0.554624066 0.560883535 0.572328260 0.539332635 0.528232826 0.517789391 0.536855079 0.560781402 0.532765060 0.530263068 1.111923940 
22     0.362500892 0.412601932 0.257143503 0.255642234 0.233891848 0.232031755 0.124420145 0.126702866 0.136619395 0.000000000 0.182282655 0.184819345 0.184341594 0.185535513 0.178473020 0.378891633 0.358334868 0.334164756 0.361339525 0.335223829 0.334879244 0.303441295 0.302574008 0.291747192 0.444677571 0.438924868 0.497857444 0.500795907 0.416931266 0.497662501 0.455017432 0.455734615 0.460448798 0.482524907 0.499313784 0.489094983 0.486980616 0.575772079 0.584143645 0.518549138 0.527114365 0.533373833 0.544818559 0.511822933 0.500723125 0.490279689 0.509345378 0.533271701 0.505255359 0.502753367 1.084393364 
9     0.383736663 0.433835124 0.278755286 0.277254017 0.255503631 0.253163622 0.197832792 0.200512336 0.209949297 0.182282655 0.000000000 0.098995929 0.098377965 0.098977330 0.094305978 0.400169492 0.379912821 0.355541628 0.382702299 0.356274622 0.355930036 0.324488761 0.323621474 0.312794658 0.465910488 0.460157786 0.519090361 0.522028825 0.438163451 0.518857519 0.476212449 0.476929632 0.481643815 0.503719924 0.520508801 0.510290001 0.508175634 0.596967097 0.605338663 0.539744156 0.548309383 0.554568851 0.566013576 0.533017951 0.521918142 0.511474707 0.530540395 0.554466718 0.526450377 0.523948384 1.105588382 
18     0.386500026 0.436598487 0.281593036 0.280091767 0.258341382 0.256218666 0.200139281 0.202734992 0.212221366 0.184819345 0.098995929 0.000000000 0.062347293 0.062428115 0.097313744 0.402954792 0.382675904 0.358431596 0.385592266 0.359166858 0.358822273 0.327380997 0.326513711 0.315686895 0.468673851 0.462921149 0.521853725 0.524792188 0.440926814 0.521620882 0.478975813 0.479692996 0.484407179 0.506483288 0.523272165 0.513053364 0.510938998 0.599730460 0.608102027 0.542507519 0.551072746 0.557332214 0.568776940 0.535781315 0.524681506 0.514238070 0.533303759 0.557230082 0.529213740 0.526711748 1.108351745 
17     0.385835671 0.435934132 0.280940814 0.279439545 0.257689160 0.255632367 0.199655574 0.202300478 0.211727981 0.184341594 0.098377965 0.062347293 0.000000000 0.051064504 0.097259584 0.402273084 0.382077868 0.357749888 0.384910559 0.358552349 0.358207763 0.326766488 0.325899201 0.315072385 0.468021301 0.462268599 0.521201175 0.524139638 0.440274264 0.520968333 0.478323263 0.479040446 0.483754629 0.505830738 0.522619615 0.512400814 0.510286448 0.599077911 0.607449477 0.541854969 0.550420196 0.556679665 0.568124390 0.535128765 0.524028956 0.513585521 0.532651209 0.556577532 0.528561190 0.526059198 1.107699196 
11     0.386853909 0.436952370 0.281962478 0.280461209 0.258710824 0.256778334 0.200930938 0.203526650 0.213004284 0.185535513 0.098977330 0.062428115 0.051064504 0.000000000 0.097972441 0.403242452 0.383044792 0.358685883 0.385846553 0.359488343 0.359143758 0.327702482 0.326835196 0.316008380 0.469039539 0.463286837 0.522219413 0.525157876 0.441292502 0.521986570 0.479341501 0.480058684 0.484772867 0.506848976 0.523637853 0.513419052 0.511304686 0.600096148 0.608467715 0.542873207 0.551438434 0.557697903 0.569142628 0.536147003 0.525047194 0.514603758 0.533669447 0.557595770 0.529579428 0.527077436 1.108717433 
19     0.380701309 0.430799770 0.275867168 0.274365898 0.252615513 0.250365585 0.193824165 0.196510459 0.205941622 0.178473020 0.094305978 0.097313744 0.097259584 0.097972441 0.000000000 0.397117614 0.376924466 0.352598931 0.379759601 0.353394656 0.353050070 0.321608795 0.320741508 0.309914692 0.462886939 0.457134237 0.516066813 0.519005276 0.435139902 0.515833970 0.473188901 0.473906084 0.478620267 0.500696376 0.517485253 0.507266452 0.505152086 0.593943548 0.602315115 0.536720607 0.545285834 0.551545302 0.562990028 0.529994403 0.518894594 0.508451158 0.527516847 0.551443170 0.523426828 0.520924836 1.102564833 
12     0.443278402 0.492606985 0.353708852 0.352079837 0.330538271 0.413622408 0.394832694 0.397002434 0.406762797 0.378891633 0.400169492 0.402954792 0.402273084 0.403242452 0.397117614 0.000000000 0.377955309 0.399288712 0.426802837 0.402191571 0.401453932 0.370393682 0.369653692 0.358894591 0.525436650 0.519683948 0.578616524 0.581554987 0.497341155 0.578312473 0.535667404 0.536384587 0.541098769 0.563174879 0.579963756 0.569744955 0.567630588 0.656501361 0.664872927 0.599369874 0.607935100 0.614194569 0.625639294 0.592643669 0.581543860 0.571100425 0.590166113 0.614092436 0.586076094 0.583574102 1.164942000 
23     0.422563099 0.471877944 0.333797104 0.332168089 0.310626523 0.392637230 0.374244923 0.376355354 0.386175026 0.358334868 0.379912821 0.382675904 0.382077868 0.383044792 0.376924466 0.377955309 0.000000000 0.379022009 0.406921670 0.381828070 0.381241304 0.349856762 0.349116773 0.338344058 0.504227176 0.498474474 0.557407049 0.560345513 0.476526263 0.557592189 0.514947120 0.515664303 0.520378486 0.542454595 0.559243472 0.549024671 0.546910305 0.635760595 0.644132162 0.578648911 0.587199179 0.593458647 0.604903373 0.571907747 0.560807939 0.550364503 0.569430191 0.593356515 0.565340173 0.562838181 1.144309010 
1     0.397419460 0.446507759 0.308397736 0.306870919 0.285234942 0.368414609 0.350027103 0.352137534 0.361877546 0.334164756 0.355541628 0.358431596 0.357749888 0.358685883 0.352598931 0.399288712 0.379022009 0.000000000 0.259636517 0.332898806 0.333677732 0.302405687 0.301679976 0.290659434 0.479832617 0.474079915 0.533012491 0.535950954 0.451754467 0.532160425 0.489515356 0.490232539 0.494946722 0.517022831 0.533811708 0.523592907 0.521478541 0.610448918 0.618820485 0.553320135 0.561870403 0.568129871 0.579574597 0.546578971 0.535479163 0.525035727 0.544101415 0.568027738 0.540011397 0.537509405 1.119167620 
15     0.424424331 0.473557162 0.335938726 0.334411909 0.312775932 0.395559979 0.377175796 0.379286227 0.389052315 0.361339525 0.382702299 0.385592266 0.384910559 0.385846553 0.379759601 0.426802837 0.406921670 0.259636517 0.000000000 0.359512693 0.360392779 0.329091267 0.328355227 0.317342205 0.506868584 0.501115882 0.560048457 0.562986921 0.478790433 0.559222980 0.516577910 0.517295093 0.522009276 0.544085385 0.560874262 0.550655461 0.548541095 0.637601816 0.645973382 0.580473032 0.589023300 0.595282769 0.606727494 0.573731869 0.562632060 0.552188624 0.571254313 0.595180636 0.567164294 0.564662302 1.146221427 
13     0.399982755 0.449599673 0.310888898 0.309361840 0.287726103 0.369337280 0.351089647 0.353200078 0.362940091 0.335223829 0.356274622 0.359166858 0.358552349 0.359488343 0.353394656 0.402191571 0.381828070 0.332898806 0.359512693 0.000000000 0.250011326 0.219438948 0.218770185 0.207408328 0.482589800 0.476837098 0.535769674 0.538708137 0.454586661 0.535176141 0.492531072 0.493248255 0.497962437 0.520038547 0.536827424 0.526608623 0.524494256 0.613383516 0.621755082 0.556214569 0.564764838 0.571024306 0.582469031 0.549473406 0.538373597 0.527930162 0.546995850 0.570922173 0.542905832 0.540403839 1.122027784 
5     0.399338943 0.448971174 0.310727798 0.309200740 0.287565003 0.369043517 0.350745062 0.352855493 0.362595505 0.334879244 0.355930036 0.358822273 0.358207763 0.359143758 0.353050070 0.401453932 0.381241304 0.333677732 0.360392779 0.250011326 0.000000000 0.204774195 0.204361053 0.193863705 0.481991754 0.476239052 0.535171628 0.538110091 0.454009511 0.534820156 0.492175086 0.492892269 0.497606452 0.519682561 0.536471438 0.526252637 0.524138271 0.612965790 0.621337356 0.555858584 0.564408852 0.570668321 0.582113046 0.549117421 0.538017612 0.527552599 0.546618287 0.570544610 0.542528269 0.540026276 1.121574892 
16     0.367723890 0.417356121 0.278895840 0.277368782 0.255733045 0.337611679 0.319307113 0.321417544 0.331157556 0.303441295 0.324488761 0.327380997 0.326766488 0.327702482 0.321608795 0.370393682 0.349856762 0.302405687 0.329091267 0.219438948 0.204774195 0.000000000 0.098398273 0.086829650 0.450362860 0.444610157 0.503542733 0.506481196 0.422384709 0.503195354 0.460550285 0.461267468 0.465981651 0.488057760 0.504846637 0.494627836 0.492513469 0.581340989 0.589712555 0.524233783 0.532784051 0.539043519 0.550488245 0.517492619 0.506392810 0.495927797 0.514993486 0.538919809 0.510903467 0.508401475 1.089950091 
21     0.366987968 0.416620199 0.278307663 0.276780606 0.255144868 0.336744392 0.318439827 0.320550257 0.330290270 0.302574008 0.323621474 0.326513711 0.325899201 0.326835196 0.320741508 0.369653692 0.349116773 0.301679976 0.328355227 0.218770185 0.204361053 0.098398273 0.000000000 0.078258630 0.449681488 0.443928786 0.502861361 0.505799825 0.421703337 0.502513982 0.459868913 0.460586096 0.465300279 0.487376388 0.504165265 0.493946464 0.491832098 0.580659617 0.589031183 0.523552411 0.532102679 0.538362147 0.549806873 0.516811247 0.505711439 0.495246425 0.514312114 0.538238437 0.510222095 0.507720103 1.089268719 
4     0.356163426 0.405795657 0.267347210 0.265820153 0.244184416 0.325917576 0.307613011 0.309723441 0.319463454 0.291747192 0.312794658 0.315686895 0.315072385 0.316008380 0.309914692 0.358894591 0.338344058 0.290659434 0.317342205 0.207408328 0.193863705 0.086829650 0.078258630 0.000000000 0.438785394 0.433032692 0.491965268 0.494903731 0.410807244 0.491617889 0.448972819 0.449690002 0.454404185 0.476480294 0.493269171 0.483050371 0.480936004 0.569763523 0.578135090 0.512656317 0.521206585 0.527466054 0.538910779 0.505915154 0.494815345 0.484350332 0.503416020 0.527342343 0.499326002 0.496824009 1.078372625 
8     0.459491225 0.508899319 0.417156175 0.415598142 0.393969789 0.477680337 0.460362572 0.462479843 0.472230008 0.444677571 0.465910488 0.468673851 0.468021301 0.469039539 0.462886939 0.525436650 0.504227176 0.479832617 0.506868584 0.482589800 0.481991754 0.450362860 0.449681488 0.438785394 0.000000000 0.051423248 0.233945665 0.277203030 0.421217434 0.522936719 0.480291650 0.481008833 0.485723015 0.507799125 0.524588002 0.514369201 0.512254834 0.601200217 0.609501029 0.545034398 0.553556372 0.559818917 0.571263643 0.538268017 0.527168209 0.516692047 0.535746000 0.559673145 0.531661133 0.529159140 1.108176067 
26     0.453738523 0.503146617 0.411403472 0.409845440 0.388217087 0.471927635 0.454609870 0.456727141 0.466477306 0.438924868 0.460157786 0.462921149 0.462268599 0.463286837 0.457134237 0.519683948 0.498474474 0.474079915 0.501115882 0.476837098 0.476239052 0.444610157 0.443928786 0.433032692 0.051423248 0.000000000 0.228372999 0.271457352 0.415464732 0.517184017 0.474538947 0.475256130 0.479970313 0.502046422 0.518835300 0.508616499 0.506502132 0.595447515 0.603748327 0.539281696 0.547803670 0.554066215 0.565510940 0.532515315 0.521415506 0.510939345 0.529993298 0.553920442 0.525908430 0.523406438 1.102423365 
7     0.512671099 0.562079192 0.470336048 0.468778016 0.447149662 0.530860211 0.513542446 0.515659717 0.525409882 0.497857444 0.519090361 0.521853725 0.521201175 0.522219413 0.516066813 0.578616524 0.557407049 0.533012491 0.560048457 0.535769674 0.535171628 0.503542733 0.502861361 0.491965268 0.233945665 0.228372999 0.000000000 0.331747379 0.474407540 0.576107688 0.533462619 0.534179802 0.538893984 0.560970094 0.577758971 0.567540170 0.565425803 0.654371186 0.662671998 0.598205367 0.606727341 0.612989886 0.624434611 0.591438986 0.580339177 0.569863016 0.588916969 0.612844114 0.584832101 0.582330109 1.161347036 
25     0.515609562 0.565017655 0.473274511 0.471716479 0.450088126 0.533798674 0.516480909 0.518598180 0.528348345 0.500795907 0.522028825 0.524792188 0.524139638 0.525157876 0.519005276 0.581554987 0.560345513 0.535950954 0.562986921 0.538708137 0.538110091 0.506481196 0.505799825 0.494903731 0.277203030 0.271457352 0.331747379 0.000000000 0.477338192 0.579056761 0.536411691 0.537128874 0.541843057 0.563919166 0.580708043 0.570489242 0.568374876 0.657320259 0.665621070 0.601154440 0.609676414 0.615938959 0.627383684 0.594388059 0.583288250 0.572812089 0.591866041 0.615793186 0.587781174 0.585279182 1.164285778 
10     0.432883159 0.482343516 0.389234615 0.387676583 0.366048229 0.449780853 0.432617402 0.434734673 0.444484838 0.416931266 0.438163451 0.440926814 0.440274264 0.441292502 0.435139902 0.497341155 0.476526263 0.451754467 0.478790433 0.454586661 0.454009511 0.422384709 0.421703337 0.410807244 0.421217434 0.415464732 0.474407540 0.477338192 0.000000000 0.496363043 0.453717973 0.454435156 0.459149339 0.481225448 0.498014325 0.487795524 0.485681158 0.573682866 0.582054432 0.517642639 0.526164613 0.532402663 0.543864477 0.510868851 0.499769043 0.489292882 0.508347851 0.532281385 0.504269373 0.501767381 1.080149635 
38     0.513799742 0.563183278 0.470520579 0.468962547 0.447334194 0.530659572 0.513304767 0.515422038 0.525172203 0.497662501 0.518857519 0.521620882 0.520968333 0.521986570 0.515833970 0.578312473 0.557592189 0.532160425 0.559222980 0.535176141 0.534820156 0.503195354 0.502513982 0.491617889 0.522936719 0.517184017 0.576107688 0.579056761 0.496363043 0.000000000 0.167739364 0.167949986 0.171801046 0.213080609 0.231192968 0.249445081 0.247899783 0.590761552 0.599032471 0.548234661 0.556752131 0.562082036 0.573608652 0.540613027 0.529513218 0.519136734 0.538213648 0.562101439 0.534122758 0.531620766 1.149243397 
42     0.471154673 0.520538208 0.427875510 0.426317478 0.404689124 0.488014503 0.470659697 0.472776968 0.482527133 0.455017432 0.476212449 0.478975813 0.478323263 0.479341501 0.473188901 0.535667404 0.514947120 0.489515356 0.516577910 0.492531072 0.492175086 0.460550285 0.459868913 0.448972819 0.480291650 0.474538947 0.533462619 0.536411691 0.453717973 0.167739364 0.000000000 0.041313823 0.047540285 0.168007571 0.186031336 0.205340069 0.203020760 0.548163016 0.556433936 0.505582100 0.514099570 0.519429475 0.530956091 0.497960466 0.486860657 0.476484173 0.495561087 0.519448878 0.491470198 0.488968205 1.106598328 
37     0.471871856 0.521255391 0.428592693 0.427034661 0.405406307 0.488731686 0.471376880 0.473494151 0.483244316 0.455734615 0.476929632 0.479692996 0.479040446 0.480058684 0.473906084 0.536384587 0.515664303 0.490232539 0.517295093 0.493248255 0.492892269 0.461267468 0.460586096 0.449690002 0.481008833 0.475256130 0.534179802 0.537128874 0.454435156 0.167949986 0.041313823 0.000000000 0.048772582 0.168574863 0.186853360 0.205970690 0.203642550 0.548880199 0.557151119 0.506299283 0.514816753 0.520146658 0.531673274 0.498677649 0.487577840 0.477201356 0.496278270 0.520166061 0.492187381 0.489685389 1.107315511 
50     0.476586039 0.525969574 0.433306876 0.431748844 0.410120490 0.493445869 0.476091063 0.478208334 0.487958499 0.460448798 0.481643815 0.484407179 0.483754629 0.484772867 0.478620267 0.541098769 0.520378486 0.494946722 0.522009276 0.497962437 0.497606452 0.465981651 0.465300279 0.454404185 0.485723015 0.479970313 0.538893984 0.541843057 0.459149339 0.171801046 0.047540285 0.048772582 0.000000000 0.172978049 0.190745920 0.211117621 0.208859093 0.553547848 0.561818767 0.511020958 0.519538427 0.524868332 0.536394948 0.503399323 0.492299514 0.481923031 0.500999944 0.524887736 0.496909055 0.494407063 1.112029694 
35     0.498662148 0.548045683 0.455382985 0.453824953 0.432196599 0.515521978 0.498167172 0.500284443 0.510034608 0.482524907 0.503719924 0.506483288 0.505830738 0.506848976 0.500696376 0.563174879 0.542454595 0.517022831 0.544085385 0.520038547 0.519682561 0.488057760 0.487376388 0.476480294 0.507799125 0.502046422 0.560970094 0.563919166 0.481225448 0.213080609 0.168007571 0.168574863 0.172978049 0.000000000 0.207724052 0.235199003 0.233306601 0.575672961 0.583943881 0.533092045 0.541609515 0.546939420 0.558466036 0.525470411 0.514370602 0.503994118 0.523071031 0.546958823 0.518980142 0.516478150 1.134105803 
46     0.515451025 0.564834560 0.472171862 0.470613830 0.448985476 0.532310855 0.514956049 0.517073320 0.526823485 0.499313784 0.520508801 0.523272165 0.522619615 0.523637853 0.517485253 0.579963756 0.559243472 0.533811708 0.560874262 0.536827424 0.536471438 0.504846637 0.504165265 0.493269171 0.524588002 0.518835300 0.577758971 0.580708043 0.498014325 0.231192968 0.186031336 0.186853360 0.190745920 0.207724052 0.000000000 0.254109024 0.252209009 0.592459369 0.600730288 0.549878453 0.558395922 0.563725827 0.575252443 0.542256818 0.531157009 0.520780526 0.539857439 0.563745230 0.535766550 0.533264558 1.150894680 
43     0.505232224 0.554615760 0.461953061 0.460395029 0.438766675 0.522092054 0.504737248 0.506854519 0.516604684 0.489094983 0.510290001 0.513053364 0.512400814 0.513419052 0.507266452 0.569744955 0.549024671 0.523592907 0.550655461 0.526608623 0.526252637 0.494627836 0.493946464 0.483050371 0.514369201 0.508616499 0.567540170 0.570489242 0.487795524 0.249445081 0.205340069 0.205970690 0.211117621 0.235199003 0.254109024 0.000000000 0.123169910 0.582240568 0.590511487 0.539659652 0.548177121 0.553507026 0.565033642 0.532038017 0.520938208 0.510561725 0.529638638 0.553526430 0.525547749 0.523045757 1.140675879 
45     0.503117858 0.552501393 0.459838695 0.458280663 0.436652309 0.519977688 0.502622882 0.504740153 0.514490318 0.486980616 0.508175634 0.510938998 0.510286448 0.511304686 0.505152086 0.567630588 0.546910305 0.521478541 0.548541095 0.524494256 0.524138271 0.492513469 0.491832098 0.480936004 0.512254834 0.506502132 0.565425803 0.568374876 0.485681158 0.247899783 0.203020760 0.203642550 0.208859093 0.233306601 0.252209009 0.123169910 0.000000000 0.580126201 0.588397121 0.537545285 0.546062755 0.551392660 0.562919276 0.529923651 0.518823842 0.508447358 0.527524272 0.551412063 0.523433383 0.520931390 1.138561513 
39     0.592463657 0.641875955 0.548748727 0.547190695 0.525562342 0.608769150 0.591414345 0.593531616 0.603281781 0.575772079 0.596967097 0.599730460 0.599077911 0.600096148 0.593943548 0.656501361 0.635760595 0.610448918 0.637601816 0.613383516 0.612965790 0.581340989 0.580659617 0.569763523 0.601200217 0.595447515 0.654371186 0.657320259 0.573682866 0.590761552 0.548163016 0.548880199 0.553547848 0.575672961 0.592459369 0.582240568 0.580126201 0.000000000 0.102064368 0.624085543 0.632603012 0.638145902 0.649564549 0.616568924 0.605469115 0.594878496 0.614030746 0.638029689 0.609858075 0.607356083 1.227588356 
36     0.600835223 0.650247522 0.557120294 0.555562261 0.533933908 0.617140717 0.599785911 0.601903182 0.611653347 0.584143645 0.605338663 0.608102027 0.607449477 0.608467715 0.602315115 0.664872927 0.644132162 0.618820485 0.645973382 0.621755082 0.621337356 0.589712555 0.589031183 0.578135090 0.609501029 0.603748327 0.662671998 0.665621070 0.582054432 0.599032471 0.556433936 0.557151119 0.561818767 0.583943881 0.600730288 0.590511487 0.588397121 0.102064368 0.000000000 0.632943061 0.641460531 0.647003421 0.658422068 0.625426442 0.614326634 0.603736015 0.622888265 0.646887208 0.618715594 0.616213601 1.236089008 
31     0.535280281 0.584728046 0.491529458 0.489971426 0.468343072 0.551546209 0.534191404 0.536308675 0.546058840 0.518549138 0.539744156 0.542507519 0.541854969 0.542873207 0.536720607 0.599369874 0.578648911 0.553320135 0.580473032 0.556214569 0.555858584 0.524233783 0.523552411 0.512656317 0.545034398 0.539281696 0.598205367 0.601154440 0.517642639 0.548234661 0.505582100 0.506299283 0.511020958 0.533092045 0.549878453 0.539659652 0.537545285 0.624085543 0.632943061 0.000000000 0.155614811 0.335736002 0.344301970 0.311224529 0.299620776 0.290071928 0.311424517 0.335923609 0.308477577 0.305871879 1.171911114 
41     0.543845508 0.593293273 0.500094685 0.498536652 0.476908299 0.560111436 0.542756630 0.544873901 0.554624066 0.527114365 0.548309383 0.551072746 0.550420196 0.551438434 0.545285834 0.607935100 0.587199179 0.561870403 0.589023300 0.564764838 0.564408852 0.532784051 0.532102679 0.521206585 0.553556372 0.547803670 0.606727341 0.609676414 0.526164613 0.556752131 0.514099570 0.514816753 0.519538427 0.541609515 0.558395922 0.548177121 0.546062755 0.632603012 0.641460531 0.155614811 0.000000000 0.344441053 0.353119585 0.320042145 0.308635809 0.298325245 0.320253068 0.344410454 0.317223644 0.314617946 1.180462023 
47     0.550104976 0.599552741 0.506354153 0.504796121 0.483167767 0.566370904 0.549016099 0.551133370 0.560883535 0.533373833 0.554568851 0.557332214 0.556679665 0.557697903 0.551545302 0.614194569 0.593458647 0.568129871 0.595282769 0.571024306 0.570668321 0.539043519 0.538362147 0.527466054 0.559818917 0.554066215 0.612989886 0.615938959 0.532402663 0.562082036 0.519429475 0.520146658 0.524868332 0.546939420 0.563725827 0.553507026 0.551392660 0.638145902 0.647003421 0.335736002 0.344441053 0.000000000 0.299161318 0.267703579 0.257528064 0.248139048 0.268284436 0.291675417 0.265256242 0.262846895 1.186416880 
49     0.561549701 0.610997466 0.517798878 0.516240846 0.494612493 0.577815630 0.560460824 0.562578095 0.572328260 0.544818559 0.566013576 0.568776940 0.568124390 0.569142628 0.562990028 0.625639294 0.604903373 0.579574597 0.606727494 0.582469031 0.582113046 0.550488245 0.549806873 0.538910779 0.571263643 0.565510940 0.624434611 0.627383684 0.543864477 0.573608652 0.530956091 0.531673274 0.536394948 0.558466036 0.575252443 0.565033642 0.562919276 0.649564549 0.658422068 0.344301970 0.353119585 0.299161318 0.000000000 0.131316744 0.212554052 0.239884203 0.258080445 0.291829644 0.263385148 0.260777744 1.197835897 
40     0.528554076 0.578001841 0.484803253 0.483245221 0.461616867 0.544820005 0.527465199 0.529582470 0.539332635 0.511822933 0.533017951 0.535781315 0.535128765 0.536147003 0.529994403 0.592643669 0.571907747 0.546578971 0.573731869 0.549473406 0.549117421 0.517492619 0.516811247 0.505915154 0.538268017 0.532515315 0.591438986 0.594388059 0.510868851 0.540613027 0.497960466 0.498677649 0.503399323 0.525470411 0.542256818 0.532038017 0.529923651 0.616568924 0.625426442 0.311224529 0.320042145 0.267703579 0.131316744 0.000000000 0.179309735 0.207314660 0.225155749 0.259775896 0.230171917 0.227401566 1.164840272 
48     0.517454267 0.566902032 0.473703444 0.472145412 0.450517058 0.533720196 0.516365390 0.518482661 0.528232826 0.500723125 0.521918142 0.524681506 0.524028956 0.525047194 0.518894594 0.581543860 0.560807939 0.535479163 0.562632060 0.538373597 0.538017612 0.506392810 0.505711439 0.494815345 0.527168209 0.521415506 0.580339177 0.583288250 0.499769043 0.529513218 0.486860657 0.487577840 0.492299514 0.514370602 0.531157009 0.520938208 0.518823842 0.605469115 0.614326634 0.299620776 0.308635809 0.257528064 0.212554052 0.179309735 0.000000000 0.195856236 0.213753261 0.248134207 0.220871945 0.218262381 1.153740463 
33     0.507010832 0.556458597 0.463260009 0.461701977 0.440073623 0.523276760 0.505921955 0.508039226 0.517789391 0.490279689 0.511474707 0.514238070 0.513585521 0.514603758 0.508451158 0.571100425 0.550364503 0.525035727 0.552188624 0.527930162 0.527552599 0.495927797 0.495246425 0.484350332 0.516692047 0.510939345 0.569863016 0.572812089 0.489292882 0.519136734 0.476484173 0.477201356 0.481923031 0.503994118 0.520780526 0.510561725 0.508447358 0.594878496 0.603736015 0.290071928 0.298325245 0.248139048 0.239884203 0.207314660 0.195856236 0.000000000 0.169020462 0.235739815 0.205367402 0.203245576 1.143270856 
30     0.526076520 0.575524285 0.482325697 0.480767665 0.459139311 0.542342449 0.524987643 0.527104914 0.536855079 0.509345378 0.530540395 0.533303759 0.532651209 0.533669447 0.527516847 0.590166113 0.569430191 0.544101415 0.571254313 0.546995850 0.546618287 0.514993486 0.514312114 0.503416020 0.535746000 0.529993298 0.588916969 0.591866041 0.508347851 0.538213648 0.495561087 0.496278270 0.500999944 0.523071031 0.539857439 0.529638638 0.527524272 0.614030746 0.622888265 0.311424517 0.320253068 0.268284436 0.258080445 0.225155749 0.213753261 0.169020462 0.000000000 0.252408624 0.226292984 0.223593257 1.162344266 
44     0.550002843 0.599450608 0.506252020 0.504693988 0.483065634 0.566268772 0.548913966 0.551031237 0.560781402 0.533271701 0.554466718 0.557230082 0.556577532 0.557595770 0.551443170 0.614092436 0.593356515 0.568027738 0.595180636 0.570922173 0.570544610 0.538919809 0.538238437 0.527342343 0.559673145 0.553920442 0.612844114 0.615793186 0.532281385 0.562101439 0.519448878 0.520166061 0.524887736 0.546958823 0.563745230 0.553526430 0.551412063 0.638029689 0.646887208 0.335923609 0.344410454 0.291675417 0.291829644 0.259775896 0.248134207 0.235739815 0.252408624 0.000000000 0.225192959 0.221828205 1.186271306 
32     0.521986502 0.571434267 0.478235679 0.476677646 0.455049293 0.538252430 0.520897624 0.523014895 0.532765060 0.505255359 0.526450377 0.529213740 0.528561190 0.529579428 0.523426828 0.586076094 0.565340173 0.540011397 0.567164294 0.542905832 0.542528269 0.510903467 0.510222095 0.499326002 0.531661133 0.525908430 0.584832101 0.587781174 0.504269373 0.534122758 0.491470198 0.492187381 0.496909055 0.518980142 0.535766550 0.525547749 0.523433383 0.609858075 0.618715594 0.308477577 0.317223644 0.265256242 0.263385148 0.230171917 0.220871945 0.205367402 0.226292984 0.225192959 0.000000000 0.054345121 1.158247243 
34     0.519484510 0.568932274 0.475733686 0.474175654 0.452547301 0.535750438 0.518395632 0.520512903 0.530263068 0.502753367 0.523948384 0.526711748 0.526059198 0.527077436 0.520924836 0.583574102 0.562838181 0.537509405 0.564662302 0.540403839 0.540026276 0.508401475 0.507720103 0.496824009 0.529159140 0.523406438 0.582330109 0.585279182 0.501767381 0.531620766 0.488968205 0.489685389 0.494407063 0.516478150 0.533264558 0.523045757 0.520931390 0.607356083 0.616213601 0.305871879 0.314617946 0.262846895 0.260777744 0.227401566 0.218262381 0.203245576 0.223593257 0.221828205 0.054345121 0.000000000 1.155745251 
0     1.099868274 1.149369290 1.057173050 1.055615017 1.033986664 1.117394847 1.100056504 1.102173775 1.111923940 1.084393364 1.105588382 1.108351745 1.107699196 1.108717433 1.102564833 1.164942000 1.144309010 1.119167620 1.146221427 1.122027784 1.121574892 1.089950091 1.089268719 1.078372625 1.108176067 1.102423365 1.161347036 1.164285778 1.080149635 1.149243397 1.106598328 1.107315511 1.112029694 1.134105803 1.150894680 1.140675879 1.138561513 1.227588356 1.236089008 1.171911114 1.180462023 1.186416880 1.197835897 1.164840272 1.153740463 1.143270856 1.162344266 1.186271306 1.158247243 1.155745251 0.000000000 
