51
1     0.000000000 0.000000060 0.000176170 0.002039430 0.002496550 0.002500740 0.002511890 0.002002250 0.002032030 0.002086610 0.002304840 0.002932610 0.002506310 0.003135640 0.003128540 0.003122030 0.001898990 0.002757460 0.003348190 0.002630590 0.002988620 0.003595900 0.003009160 0.002898680 0.003182080 0.002849190 0.003107270 0.002991960 0.002809600 0.002739220 0.002687830 0.003032680 0.003089520 0.003296730 0.003299510 0.003318340 0.002871380 0.002813350 0.002937900 0.002496370 0.002625380 0.002502650 0.002505560 0.002722710 0.002787260 0.003250470 0.003312380 0.003249310 0.003177710 0.003091020 0.004215800 
10     0.000000060 0.000000000 0.000035500 0.001997800 0.002454920 0.002459110 0.002489770 0.001975710 0.001990400 0.002044980 0.002263210 0.002890980 0.002464680 0.003094010 0.003086910 0.003080400 0.002729740 0.002715830 0.003306560 0.002704900 0.002946990 0.003554270 0.003237160 0.002857050 0.003140450 0.002807560 0.003065640 0.002950330 0.002767970 0.002697590 0.002646200 0.002991050 0.003047890 0.003255100 0.003257880 0.003276710 0.002829750 0.002771720 0.002896270 0.002454740 0.002583750 0.002461020 0.002463930 0.002681080 0.002888700 0.003208840 0.003270750 0.003207680 0.003136080 0.003049390 0.004467570 
12     0.000176170 0.000035500 0.000000000 0.002040190 0.002497310 0.002501500 0.002669280 0.002018100 0.002032790 0.002087370 0.002305600 0.002933370 0.002507070 0.003136400 0.003129300 0.003122790 0.002772130 0.002758220 0.003348950 0.002498000 0.002989380 0.003596660 0.003279550 0.002899440 0.003182840 0.002849950 0.003108030 0.002992720 0.002810360 0.002739980 0.002688590 0.003033440 0.003090280 0.003297490 0.003300270 0.003319100 0.002872140 0.002814110 0.002938660 0.002497130 0.002626140 0.002503410 0.002506320 0.002723470 0.002931090 0.003251230 0.003313140 0.003250070 0.003178470 0.003091780 0.004509960 
11     0.002039430 0.001997800 0.002040190 0.000000000 0.001979860 0.001984050 0.001003100 0.002196930 0.001125740 0.002266200 0.002484430 0.001017230 0.002433210 0.003264790 0.003257690 0.003251180 0.002900520 0.002886610 0.002320980 0.002875680 0.003117770 0.003481910 0.003407940 0.003027830 0.003311230 0.002978340 0.003236420 0.003121110 0.002492100 0.002868370 0.002816980 0.003161830 0.003218670 0.003206800 0.002531050 0.003447490 0.003000530 0.002942500 0.003067050 0.002625520 0.002754530 0.002631800 0.002634710 0.002851860 0.003059480 0.003379620 0.003441530 0.003183870 0.002905610 0.003220170 0.004034240 
5     0.002496550 0.002454920 0.002497310 0.001979860 0.000000000 0.000037840 0.000098780 0.002654050 0.002668740 0.002723320 0.002941550 0.003297030 0.003092580 0.003721910 0.003714810 0.003708300 0.003357640 0.003343730 0.003280240 0.003332800 0.003281190 0.003779090 0.003865060 0.003484950 0.003768350 0.003435460 0.003693540 0.003578230 0.003395870 0.003325490 0.003274100 0.003618950 0.003675790 0.003883000 0.003885780 0.003904610 0.003457650 0.003399620 0.003524170 0.003082640 0.003211650 0.003088920 0.003091830 0.003308980 0.003516600 0.003836740 0.003898650 0.003835580 0.003763980 0.003677290 0.005095470 
3     0.002500740 0.002459110 0.002501500 0.001984050 0.000037840 0.000000000 0.000000430 0.002658240 0.001909640 0.002266760 0.002945740 0.002769010 0.003096770 0.003726100 0.003719000 0.003712490 0.003361830 0.003347920 0.003237780 0.003336990 0.003238730 0.003672220 0.003869250 0.003489140 0.003772540 0.003439650 0.003697730 0.003582420 0.003400060 0.003329680 0.003278290 0.003623140 0.003679980 0.003887190 0.003889970 0.003637880 0.003461840 0.003403810 0.003528360 0.003086830 0.003215840 0.003093110 0.003096020 0.003313170 0.003520790 0.003840930 0.003902840 0.003839770 0.003768170 0.003681480 0.005099660 
2     0.002511890 0.002489770 0.002669280 0.001003100 0.000098780 0.000000430 0.000000000 0.001814360 0.002785680 0.002895290 0.003113520 0.002467960 0.003264550 0.003893880 0.003886780 0.003880270 0.003529610 0.003515700 0.004106430 0.003504770 0.003746860 0.004354140 0.004037030 0.003656920 0.003940320 0.003607430 0.003865510 0.003750200 0.003567840 0.003497460 0.003446070 0.003790920 0.003847760 0.004054970 0.004057750 0.004076580 0.003629620 0.003571590 0.003696140 0.003254610 0.003383620 0.003260890 0.003263800 0.003480950 0.003688570 0.004008710 0.004070620 0.004007550 0.003935950 0.003849260 0.005267440 
7     0.002002250 0.001975710 0.002018100 0.002196930 0.002654050 0.002658240 0.001814360 0.000000000 0.000359310 0.000001650 0.000543940 0.002920420 0.002663810 0.003293140 0.003286040 0.003279530 0.002928870 0.002914960 0.003505690 0.002904030 0.003146120 0.003753400 0.003436290 0.003056180 0.003339580 0.003006690 0.003264770 0.003149460 0.002967100 0.002896720 0.002845330 0.003190180 0.003247020 0.003454230 0.003457010 0.003475840 0.003028880 0.002970850 0.003095400 0.002653870 0.002782880 0.002660150 0.002663060 0.002880210 0.003087830 0.003407970 0.003469880 0.003406810 0.003335210 0.003248520 0.002947120 
8     0.002032030 0.001990400 0.002032790 0.001125740 0.002668740 0.001909640 0.002785680 0.000359310 0.000000000 0.000656760 0.001211890 0.001204850 0.002678500 0.003307830 0.003300730 0.003294220 0.002943560 0.002929650 0.003296120 0.002918720 0.003160810 0.002108060 0.003079360 0.003070870 0.003354270 0.003021380 0.003279460 0.003164150 0.002981790 0.002911410 0.002860020 0.003204870 0.003261710 0.003337090 0.003471700 0.002073720 0.003043570 0.002985540 0.003110090 0.002668560 0.002797570 0.002119410 0.002677750 0.002894900 0.003102520 0.003422660 0.003484570 0.003421500 0.003349900 0.003263210 0.004681390 
4     0.002086610 0.002044980 0.002087370 0.002266200 0.002723320 0.002266760 0.002895290 0.000001650 0.000656760 0.000000000 0.000000000 0.001561970 0.002733080 0.003362410 0.003355310 0.003348800 0.002998140 0.002984230 0.003574960 0.002973300 0.003215390 0.002465180 0.003436480 0.001704440 0.003408850 0.003075960 0.003334040 0.003218730 0.003036370 0.002965990 0.002914600 0.003259450 0.003316290 0.003523500 0.003526280 0.002430840 0.003098150 0.003040120 0.003164670 0.002723140 0.002852150 0.002476530 0.002732330 0.002949480 0.003157100 0.003477240 0.003539150 0.003476080 0.003404480 0.003317790 0.003938650 
6     0.002304840 0.002263210 0.002305600 0.002484430 0.002941550 0.002945740 0.003113520 0.000543940 0.001211890 0.000000000 0.000000000 0.002955510 0.002951310 0.003580640 0.003573540 0.003567030 0.003216370 0.003202460 0.003793190 0.003191530 0.003433620 0.003858720 0.003723790 0.000573750 0.003627080 0.003294190 0.003552270 0.003436960 0.003254600 0.003184220 0.003132830 0.003477680 0.003534520 0.003741730 0.003744510 0.003763340 0.003316380 0.003258350 0.003382900 0.002941370 0.003070380 0.002947650 0.002950560 0.001132420 0.000909150 0.003695470 0.003757380 0.003694310 0.003622710 0.003536020 0.004602290 
9     0.002932610 0.002890980 0.002933370 0.001017230 0.003297030 0.002769010 0.002467960 0.002920420 0.001204850 0.001561970 0.002955510 0.000000000 0.002663960 0.003817210 0.003810110 0.003803600 0.003452940 0.003439030 0.002872490 0.003428100 0.002784520 0.001616470 0.002587770 0.003416540 0.003863650 0.000915110 0.002960990 0.003321470 0.003204040 0.003420790 0.002461640 0.003714250 0.003771090 0.003847670 0.003981080 0.001582130 0.003345530 0.003494920 0.003043720 0.002436540 0.002601200 0.001627820 0.002268050 0.003404280 0.003611900 0.003932040 0.003993950 0.003930880 0.003859280 0.003772590 0.004424330 
18     0.002506310 0.002464680 0.002507070 0.002433210 0.003092580 0.003096770 0.003264550 0.002663810 0.002678500 0.002733080 0.002951310 0.002663960 0.000000000 0.000017700 0.000058430 0.000799160 0.000000000 0.001921310 0.000402350 0.001751030 0.000681910 0.002395840 0.002442640 0.000933980 0.002171130 0.001168370 0.000809550 0.002105240 0.000149270 0.000136030 0.001831620 0.001594690 0.001590210 0.001523160 0.001776600 0.001832500 0.001215530 0.001696650 0.000913720 0.001197380 0.000471200 0.000533900 0.000572290 0.001302070 0.002003130 0.002434470 0.002713990 0.002650920 0.002477820 0.002492630 0.002411010 
17     0.003135640 0.003094010 0.003136400 0.003264790 0.003721910 0.003726100 0.003893880 0.003293140 0.003307830 0.003362410 0.003580640 0.003817210 0.000017700 0.000000000 0.000003150 0.000044520 0.000225650 0.002072190 0.001608040 0.002848050 0.001608990 0.002106890 0.003832330 0.002351850 0.002932110 0.002725520 0.002262840 0.002890150 0.001567140 0.001553900 0.002843210 0.003031680 0.002603540 0.002546050 0.002930600 0.001839680 0.003226180 0.002875350 0.001606290 0.002717960 0.003178920 0.002023180 0.002061570 0.003226080 0.002229240 0.003410230 0.003673820 0.003510800 0.003731250 0.003644560 0.003686190 
45     0.003128540 0.003086910 0.003129300 0.003257690 0.003714810 0.003719000 0.003886780 0.003286040 0.003300730 0.003355310 0.003573540 0.003810110 0.000058430 0.000003150 0.000000000 0.000028050 0.000266380 0.002107480 0.001643330 0.003292970 0.001644280 0.002142180 0.003825230 0.002683170 0.002997050 0.002790460 0.003163880 0.002955090 0.002850780 0.003146200 0.002908150 0.003096620 0.002638830 0.002581340 0.002965890 0.001880410 0.003255220 0.002940290 0.001647020 0.002782900 0.003171820 0.002088120 0.002126510 0.003269150 0.002264530 0.003475170 0.003738760 0.003575740 0.003724150 0.003637460 0.003683320 
25     0.003122030 0.003080400 0.003122790 0.003251180 0.003708300 0.003712490 0.003880270 0.003279530 0.003294220 0.003348800 0.003567030 0.003803600 0.000799160 0.000044520 0.000028050 0.000000000 0.001008640 0.002706630 0.002242480 0.003286460 0.002243430 0.002741330 0.003818720 0.002668020 0.002981900 0.002775310 0.003148730 0.002939940 0.002835630 0.003131050 0.002893000 0.003081470 0.003237980 0.002800960 0.003565040 0.003081550 0.003207740 0.002925140 0.002965860 0.002767750 0.003165310 0.002072970 0.002111360 0.003262640 0.002863680 0.003460020 0.003723610 0.003560590 0.003717640 0.003630950 0.003996160 
13     0.001898990 0.002729740 0.002772130 0.002900520 0.003357640 0.003361830 0.003529610 0.002928870 0.002943560 0.002998140 0.003216370 0.003452940 0.000000000 0.000225650 0.000266380 0.001008640 0.000000000 0.002045600 0.003537460 0.002935800 0.002304240 0.002450730 0.001669450 0.000933980 0.002530340 0.002323750 0.000844970 0.002278090 0.000149270 0.000136030 0.001831620 0.002629910 0.003186430 0.002349400 0.002722690 0.002040450 0.002908710 0.002473580 0.001807060 0.002316190 0.002814650 0.001621410 0.001659800 0.002824310 0.002886710 0.003008460 0.003272050 0.003109030 0.003329580 0.003280290 0.004492390 
44     0.002757460 0.002715830 0.002758220 0.002886610 0.003343730 0.003347920 0.003515700 0.002914960 0.002929650 0.002984230 0.003202460 0.003439030 0.001921310 0.002072190 0.002107480 0.002706630 0.002045600 0.000000000 0.001138530 0.000444900 0.000619400 0.001693300 0.001015970 0.002551440 0.002834840 0.002501950 0.002760030 0.002644720 0.002462360 0.002391980 0.002340590 0.002685440 0.002267230 0.002209740 0.002594290 0.002110800 0.002524140 0.002466110 0.002590660 0.002149130 0.002278140 0.002155410 0.002158320 0.002375470 0.001892930 0.002903230 0.001828810 0.001977390 0.001301430 0.002743780 0.004469730 
50     0.003348190 0.003306560 0.003348950 0.002320980 0.003280240 0.003237780 0.004106430 0.003505690 0.003296120 0.003574960 0.003793190 0.002872490 0.000402350 0.001608040 0.001643330 0.002242480 0.003537460 0.001138530 0.000000000 0.000930940 0.000002950 0.001229150 0.002621810 0.001473630 0.002379660 0.001376900 0.001018080 0.002650390 0.001261130 0.002982710 0.002931320 0.001803220 0.001803080 0.001745590 0.002130140 0.001646650 0.001424060 0.001905180 0.001122250 0.002062810 0.000679730 0.002746140 0.002749050 0.002966200 0.001428780 0.002643000 0.002780440 0.003097960 0.003421200 0.003334510 0.005275290 
40     0.002630590 0.002704900 0.002498000 0.002875680 0.003332800 0.003336990 0.003504770 0.002904030 0.002918720 0.002973300 0.003191530 0.003428100 0.001751030 0.002848050 0.003292970 0.003286460 0.002935800 0.000444900 0.000930940 0.000000000 0.000014180 0.002352800 0.002065040 0.002540510 0.002823910 0.000588220 0.002010070 0.002633790 0.002451430 0.002381050 0.001998590 0.002674510 0.002731350 0.002704270 0.002941340 0.000692280 0.002513210 0.002455180 0.002579730 0.002138200 0.002267210 0.002144480 0.002147390 0.002364540 0.002572160 0.002892300 0.002954210 0.002891140 0.002819540 0.002732850 0.004663410 
22     0.002988620 0.002946990 0.002989380 0.003117770 0.003281190 0.003238730 0.003746860 0.003146120 0.003160810 0.003215390 0.003433620 0.002784520 0.000681910 0.001608990 0.001644280 0.002243430 0.002304240 0.000619400 0.000002950 0.000014180 0.000000000 0.001230100 0.001034350 0.001753190 0.002659220 0.001656460 0.001297640 0.002875880 0.001540690 0.002623140 0.002571750 0.002082780 0.001804030 0.001746540 0.002131090 0.001647600 0.001703620 0.002184740 0.001401810 0.002342370 0.000959290 0.002386570 0.002389480 0.002606630 0.001429730 0.002922560 0.003196300 0.003133230 0.003061630 0.002974940 0.004915720 
43     0.003595900 0.003554270 0.003596660 0.003481910 0.003779090 0.003672220 0.004354140 0.003753400 0.002108060 0.002465180 0.003858720 0.001616470 0.002395840 0.002106890 0.002142180 0.002741330 0.002450730 0.001693300 0.001229150 0.002352800 0.001230100 0.000000000 0.000047460 0.003389880 0.003673280 0.003340390 0.003598470 0.003483160 0.002786350 0.003230420 0.002818930 0.003523880 0.002301930 0.002244440 0.002628990 0.001859200 0.003362580 0.003304550 0.003320880 0.002713610 0.003116580 0.001904890 0.002545120 0.003213910 0.001927630 0.003741670 0.003803580 0.003740510 0.003526520 0.003582220 0.005523000 
32     0.003009160 0.003237160 0.003279550 0.003407940 0.003865060 0.003869250 0.004037030 0.003436290 0.003079360 0.003436480 0.003723790 0.002587770 0.002442640 0.003832330 0.003825230 0.003818720 0.001669450 0.001015970 0.002621810 0.002065040 0.001034350 0.000047460 0.000000000 0.003072770 0.003356170 0.003023280 0.003281360 0.003166050 0.002983690 0.002913310 0.002649670 0.003206770 0.003263610 0.003470820 0.003473600 0.002830500 0.003045470 0.002987440 0.003111990 0.002670460 0.002799470 0.002676740 0.002679650 0.002896800 0.003104420 0.003424560 0.003486470 0.003423400 0.003351800 0.003265110 0.005205890 
46     0.002898680 0.002857050 0.002899440 0.003027830 0.003484950 0.003489140 0.003656920 0.003056180 0.003070870 0.001704440 0.000573750 0.003416540 0.000933980 0.002351850 0.002683170 0.002668020 0.000933980 0.002551440 0.001473630 0.002540510 0.001753190 0.003389880 0.003072770 0.000000000 0.000177400 0.000237170 0.000089030 0.000170620 0.000817090 0.000803850 0.001520980 0.001334060 0.001920070 0.001588440 0.001946820 0.002806460 0.001968110 0.002301470 0.001666300 0.001984490 0.001223780 0.001990770 0.001993680 0.002210830 0.002418450 0.002738590 0.002800500 0.002737430 0.002665830 0.002579140 0.004825780 
26     0.003182080 0.003140450 0.003182840 0.003311230 0.003768350 0.003772540 0.003940320 0.003339580 0.003354270 0.003408850 0.003627080 0.003863650 0.002171130 0.002932110 0.002997050 0.002981900 0.002530340 0.002834840 0.002379660 0.002823910 0.002659220 0.003673280 0.003356170 0.000177400 0.000000000 0.000004400 0.000005320 0.000006280 0.000644150 0.001876940 0.001454700 0.002182830 0.002353290 0.001902320 0.001929260 0.003089860 0.002642900 0.002584870 0.002572330 0.002267890 0.002129810 0.002274170 0.002277080 0.002494230 0.002701850 0.003021990 0.003083900 0.003020830 0.002949230 0.002862540 0.005109180 
19     0.002849190 0.002807560 0.002849950 0.002978340 0.003435460 0.003439650 0.003607430 0.003006690 0.003021380 0.003075960 0.003294190 0.000915110 0.001168370 0.002725520 0.002790460 0.002775310 0.002323750 0.002501950 0.001376900 0.000588220 0.001656460 0.003340390 0.003023280 0.000237170 0.000004400 0.000000000 0.000405790 0.000258960 0.001076850 0.001276770 0.000964250 0.001716780 0.001475750 0.001695730 0.001265780 0.002756970 0.001871380 0.002251980 0.001569570 0.001935000 0.001127050 0.001941280 0.001944190 0.002161340 0.002368960 0.002689100 0.002751010 0.002687940 0.002616340 0.002529650 0.004776290 
36     0.003107270 0.003065640 0.003108030 0.003236420 0.003693540 0.003697730 0.003865510 0.003264770 0.003279460 0.003334040 0.003552270 0.002960990 0.000809550 0.002262840 0.003163880 0.003148730 0.000844970 0.002760030 0.001018080 0.002010070 0.001297640 0.003598470 0.003281360 0.000089030 0.000005320 0.000405790 0.000000000 0.000001100 0.000426670 0.000714840 0.001709690 0.001357960 0.001653170 0.001459500 0.002590560 0.003015050 0.001512560 0.001993680 0.001210750 0.002151310 0.000768230 0.002199360 0.002202270 0.002419420 0.002627040 0.002731500 0.003009090 0.002946020 0.002874420 0.002787730 0.005034370 
37     0.002991960 0.002950330 0.002992720 0.003121110 0.003578230 0.003582420 0.003750200 0.003149460 0.003164150 0.003218730 0.003436960 0.003321470 0.002105240 0.002890150 0.002955090 0.002939940 0.002278090 0.002644720 0.002650390 0.002633790 0.002875880 0.003483160 0.003166050 0.000170620 0.000006280 0.000258960 0.000001100 0.000000000 0.001517170 0.001686820 0.001501760 0.001164100 0.001808450 0.001860360 0.001014420 0.002899740 0.002452780 0.002394750 0.002519300 0.002077770 0.002206780 0.002084050 0.002086960 0.002304110 0.002511730 0.002831870 0.002893780 0.002830710 0.002759110 0.002672420 0.004919060 
29     0.002809600 0.002767970 0.002810360 0.002492100 0.003395870 0.003400060 0.003567840 0.002967100 0.002981790 0.003036370 0.003254600 0.003204040 0.000149270 0.001567140 0.002850780 0.002835630 0.000149270 0.002462360 0.001261130 0.002451430 0.001540690 0.002786350 0.002983690 0.000817090 0.000644150 0.001076850 0.000426670 0.001517170 0.000000000 0.000013260 0.000072360 0.001601010 0.001831040 0.001702550 0.001548450 0.002717380 0.001755610 0.002212390 0.001453800 0.001895410 0.001011280 0.001901690 0.001904600 0.002121750 0.002329370 0.002649510 0.002711420 0.002648350 0.002536710 0.002490060 0.004109430 
48     0.002739220 0.002697590 0.002739980 0.002868370 0.003325490 0.003329680 0.003497460 0.002896720 0.002911410 0.002965990 0.003184220 0.003420790 0.000136030 0.001553900 0.003146200 0.003131050 0.000136030 0.002391980 0.002982710 0.002381050 0.002623140 0.003230420 0.002913310 0.000803850 0.001876940 0.001276770 0.000714840 0.001686820 0.000013260 0.000000000 0.000097070 0.001955680 0.001121900 0.001524080 0.001884760 0.002647000 0.002200040 0.002142010 0.002266560 0.001825030 0.001954040 0.001831310 0.001834220 0.002051370 0.002258990 0.002579130 0.002641040 0.002577970 0.002506370 0.002419680 0.004190740 
20     0.002687830 0.002646200 0.002688590 0.002816980 0.003274100 0.003278290 0.003446070 0.002845330 0.002860020 0.002914600 0.003132830 0.002461640 0.001831620 0.002843210 0.002908150 0.002893000 0.001831620 0.002340590 0.002931320 0.001998590 0.002571750 0.002818930 0.002649670 0.001520980 0.001454700 0.000964250 0.001709690 0.001501760 0.000072360 0.000097070 0.000000000 0.001609820 0.000941400 0.001813420 0.001946330 0.002595610 0.001608750 0.002090620 0.002215170 0.001773640 0.001902650 0.001779920 0.001782830 0.001999980 0.002207600 0.002527740 0.002589650 0.002526580 0.002454980 0.002368290 0.004614930 
33     0.003032680 0.002991050 0.003033440 0.003161830 0.003618950 0.003623140 0.003790920 0.003190180 0.003204870 0.003259450 0.003477680 0.003714250 0.001594690 0.003031680 0.003096620 0.003081470 0.002629910 0.002685440 0.001803220 0.002674510 0.002082780 0.003523880 0.003206770 0.001334060 0.002182830 0.001716780 0.001357960 0.001164100 0.001601010 0.001955680 0.001609820 0.000000000 0.000351970 0.000647430 0.000350700 0.002940460 0.002297700 0.002435470 0.001995890 0.002118490 0.001553370 0.002124770 0.002127680 0.002344830 0.002552450 0.002872590 0.002934500 0.002871430 0.002799830 0.002713140 0.004959780 
42     0.003089520 0.003047890 0.003090280 0.003218670 0.003675790 0.003679980 0.003847760 0.003247020 0.003261710 0.003316290 0.003534520 0.003771090 0.001590210 0.002603540 0.002638830 0.003237980 0.003186430 0.002267230 0.001803080 0.002731350 0.001804030 0.002301930 0.003263610 0.001920070 0.002353290 0.001475750 0.001653170 0.001808450 0.001831040 0.001121900 0.000941400 0.000351970 0.000000000 0.000064950 0.000001310 0.002142550 0.002550340 0.002492310 0.002291100 0.002175330 0.001848580 0.002181610 0.002184520 0.002401670 0.001924680 0.002929430 0.002991340 0.002928270 0.002856670 0.002769980 0.005016620 
31     0.003296730 0.003255100 0.003297490 0.003206800 0.003883000 0.003887190 0.004054970 0.003454230 0.003337090 0.003523500 0.003741730 0.003847670 0.001523160 0.002546050 0.002581340 0.002800960 0.002349400 0.002209740 0.001745590 0.002704270 0.001746540 0.002244440 0.003470820 0.001588440 0.001902320 0.001695730 0.001459500 0.001860360 0.001702550 0.001524080 0.001813420 0.000647430 0.000064950 0.000000000 0.000296770 0.002085060 0.002399240 0.002699520 0.002097430 0.002382540 0.001654910 0.002216170 0.002254560 0.002608880 0.001867190 0.003136640 0.003198550 0.003135480 0.003063880 0.002977190 0.005223830 
30     0.003299510 0.003257880 0.003300270 0.002531050 0.003885780 0.003889970 0.004057750 0.003457010 0.003471700 0.003526280 0.003744510 0.003981080 0.001776600 0.002930600 0.002965890 0.003565040 0.002722690 0.002594290 0.002130140 0.002941340 0.002131090 0.002628990 0.003473600 0.001946820 0.001929260 0.001265780 0.002590560 0.001014420 0.001548450 0.001884760 0.001946330 0.000350700 0.000001310 0.000296770 0.000000000 0.002469610 0.002760330 0.002702300 0.002826850 0.002385320 0.002514330 0.002391600 0.002394510 0.002611660 0.002251740 0.003139420 0.003201330 0.003138260 0.002575660 0.002979970 0.005226610 
21     0.003318340 0.003276710 0.003319100 0.003447490 0.003904610 0.003637880 0.004076580 0.003475840 0.002073720 0.002430840 0.003763340 0.001582130 0.001832500 0.001839680 0.001880410 0.003081550 0.002040450 0.002110800 0.001646650 0.000692280 0.001647600 0.001859200 0.002830500 0.002806460 0.003089860 0.002756970 0.003015050 0.002899740 0.002717380 0.002647000 0.002595610 0.002940460 0.002142550 0.002085060 0.002469610 0.000000000 0.001203670 0.001090500 0.001112640 0.002146680 0.002308220 0.001037480 0.001634270 0.002592970 0.001669290 0.000861240 0.001173730 0.001622620 0.001499320 0.002545540 0.005245440 
15     0.002871380 0.002829750 0.002872140 0.003000530 0.003457650 0.003461840 0.003629620 0.003028880 0.003043570 0.003098150 0.003316380 0.003345530 0.001215530 0.003226180 0.003255220 0.003207740 0.002908710 0.002524140 0.001424060 0.002513210 0.001703620 0.003362580 0.003045470 0.001968110 0.002642900 0.001871380 0.001512560 0.002452780 0.001755610 0.002200040 0.001608750 0.002297700 0.002550340 0.002399240 0.002760330 0.001203670 0.000000000 0.000010840 0.000111830 0.001136560 0.000874970 0.000446430 0.000869510 0.002146010 0.002353630 0.002527460 0.002735680 0.002672610 0.002601010 0.002514320 0.003958980 
49     0.002813350 0.002771720 0.002814110 0.002942500 0.003399620 0.003403810 0.003571590 0.002970850 0.002985540 0.003040120 0.003258350 0.003494920 0.001696650 0.002875350 0.002940290 0.002925140 0.002473580 0.002466110 0.001905180 0.002455180 0.002184740 0.003304550 0.002987440 0.002301470 0.002584870 0.002251980 0.001993680 0.002394750 0.002212390 0.002142010 0.002090620 0.002435470 0.002492310 0.002699520 0.002702300 0.001090500 0.000010840 0.000000000 0.000096960 0.000357390 0.001067800 0.000333260 0.000771110 0.001765720 0.002295600 0.001924970 0.002677650 0.002614580 0.002542980 0.002456290 0.003754370 
47     0.002937900 0.002896270 0.002938660 0.003067050 0.003524170 0.003528360 0.003696140 0.003095400 0.003110090 0.003164670 0.003382900 0.003043720 0.000913720 0.001606290 0.001647020 0.002965860 0.001807060 0.002590660 0.001122250 0.002579730 0.001401810 0.003320880 0.003111990 0.001666300 0.002572330 0.001569570 0.001210750 0.002519300 0.001453800 0.002266560 0.002215170 0.001995890 0.002291100 0.002097430 0.002826850 0.001112640 0.000111830 0.000096960 0.000000000 0.000098560 0.000573160 0.000355400 0.000952190 0.002212530 0.002420150 0.001925390 0.002802200 0.002739130 0.002667530 0.002580840 0.004138310 
27     0.002496370 0.002454740 0.002497130 0.002625520 0.003082640 0.003086830 0.003254610 0.002653870 0.002668560 0.002723140 0.002941370 0.002436540 0.001197380 0.002717960 0.002782900 0.002767750 0.002316190 0.002149130 0.002062810 0.002138200 0.002342370 0.002713610 0.002670460 0.001984490 0.002267890 0.001935000 0.002151310 0.002077770 0.001895410 0.001825030 0.001773640 0.002118490 0.002175330 0.002382540 0.002385320 0.002146680 0.001136560 0.000357390 0.000098560 0.000000000 0.000098120 0.001041220 0.001044130 0.001771000 0.001978620 0.001580060 0.002360670 0.002297600 0.002226000 0.002139310 0.004423470 
35     0.002625380 0.002583750 0.002626140 0.002754530 0.003211650 0.003215840 0.003383620 0.002782880 0.002797570 0.002852150 0.003070380 0.002601200 0.000471200 0.003178920 0.003171820 0.003165310 0.002814650 0.002278140 0.000679730 0.002267210 0.000959290 0.003116580 0.002799470 0.001223780 0.002129810 0.001127050 0.000768230 0.002206780 0.001011280 0.001954040 0.001902650 0.001553370 0.001848580 0.001654910 0.002514330 0.002308220 0.000874970 0.001067800 0.000573160 0.000098120 0.000000000 0.001170230 0.001016920 0.001900010 0.002107630 0.002218330 0.002489680 0.002426610 0.002355010 0.002268320 0.004552480 
24     0.002502650 0.002461020 0.002503410 0.002631800 0.003088920 0.003093110 0.003260890 0.002660150 0.002119410 0.002476530 0.002947650 0.001627820 0.000533900 0.002023180 0.002088120 0.002072970 0.001621410 0.002155410 0.002746140 0.002144480 0.002386570 0.001904890 0.002676740 0.001990770 0.002274170 0.001941280 0.002199360 0.002084050 0.001901690 0.001831310 0.001779920 0.002124770 0.002181610 0.002216170 0.002391600 0.001037480 0.000446430 0.000333260 0.000355400 0.001041220 0.001170230 0.000000000 0.000006080 0.001777280 0.001984900 0.002198950 0.002281540 0.002303880 0.002232280 0.001443500 0.004429750 
39     0.002505560 0.002463930 0.002506320 0.002634710 0.003091830 0.003096020 0.003263800 0.002663060 0.002677750 0.002732330 0.002950560 0.002268050 0.000572290 0.002061570 0.002126510 0.002111360 0.001659800 0.002158320 0.002749050 0.002147390 0.002389480 0.002545120 0.002679650 0.001993680 0.002277080 0.001944190 0.002202270 0.002086960 0.001904600 0.001834220 0.001782830 0.002127680 0.002184520 0.002254560 0.002394510 0.001634270 0.000869510 0.000771110 0.000952190 0.001044130 0.001016920 0.000006080 0.000000000 0.000859910 0.000747680 0.001025540 0.001764270 0.002306790 0.002235190 0.002022210 0.002096520 
41     0.002722710 0.002681080 0.002723470 0.002851860 0.003308980 0.003313170 0.003480950 0.002880210 0.002894900 0.002949480 0.001132420 0.003404280 0.001302070 0.003226080 0.003269150 0.003262640 0.002824310 0.002375470 0.002966200 0.002364540 0.002606630 0.003213910 0.002896800 0.002210830 0.002494230 0.002161340 0.002419420 0.002304110 0.002121750 0.002051370 0.001999980 0.002344830 0.002401670 0.002608880 0.002611660 0.002592970 0.002146010 0.001765720 0.002212530 0.001771000 0.001900010 0.001777280 0.000859910 0.000000000 0.000025910 0.002194020 0.002255930 0.002192860 0.002121260 0.002034570 0.002920730 
14     0.002787260 0.002888700 0.002931090 0.003059480 0.003516600 0.003520790 0.003688570 0.003087830 0.003102520 0.003157100 0.000909150 0.003611900 0.002003130 0.002229240 0.002264530 0.002863680 0.002886710 0.001892930 0.001428780 0.002572160 0.001429730 0.001927630 0.003104420 0.002418450 0.002701850 0.002368960 0.002627040 0.002511730 0.002329370 0.002258990 0.002207600 0.002552450 0.001924680 0.001867190 0.002251740 0.001669290 0.002353630 0.002295600 0.002420150 0.001978620 0.002107630 0.001984900 0.000747680 0.000025910 0.000000000 0.002401640 0.002463550 0.002400480 0.002328880 0.002242190 0.003098840 
34     0.003250470 0.003208840 0.003251230 0.003379620 0.003836740 0.003840930 0.004008710 0.003407970 0.003422660 0.003477240 0.003695470 0.003932040 0.002434470 0.003410230 0.003475170 0.003460020 0.003008460 0.002903230 0.002643000 0.002892300 0.002922560 0.003741670 0.003424560 0.002738590 0.003021990 0.002689100 0.002731500 0.002831870 0.002649510 0.002579130 0.002527740 0.002872590 0.002929430 0.003136640 0.003139420 0.000861240 0.002527460 0.001924970 0.001925390 0.001580060 0.002218330 0.002198950 0.001025540 0.002194020 0.002401640 0.000000000 0.000781110 0.000605670 0.001002390 0.000856470 0.003804750 
16     0.003312380 0.003270750 0.003313140 0.003441530 0.003898650 0.003902840 0.004070620 0.003469880 0.003484570 0.003539150 0.003757380 0.003993950 0.002713990 0.003673820 0.003738760 0.003723610 0.003272050 0.001828810 0.002780440 0.002954210 0.003196300 0.003803580 0.003486470 0.002800500 0.003083900 0.002751010 0.003009090 0.002893780 0.002711420 0.002641040 0.002589650 0.002934500 0.002991340 0.003198550 0.003201330 0.001173730 0.002735680 0.002677650 0.002802200 0.002360670 0.002489680 0.002281540 0.001764270 0.002255930 0.002463550 0.000781110 0.000000000 0.000350080 0.000761840 0.000693420 0.004552700 
38     0.003249310 0.003207680 0.003250070 0.003183870 0.003835580 0.003839770 0.004007550 0.003406810 0.003421500 0.003476080 0.003694310 0.003930880 0.002650920 0.003510800 0.003575740 0.003560590 0.003109030 0.001977390 0.003097960 0.002891140 0.003133230 0.003740510 0.003423400 0.002737430 0.003020830 0.002687940 0.002946020 0.002830710 0.002648350 0.002577970 0.002526580 0.002871430 0.002928270 0.003135480 0.003138260 0.001622620 0.002672610 0.002614580 0.002739130 0.002297600 0.002426610 0.002303880 0.002306790 0.002192860 0.002400480 0.000605670 0.000350080 0.000000000 0.000401690 0.000572690 0.004260500 
28     0.003177710 0.003136080 0.003178470 0.002905610 0.003763980 0.003768170 0.003935950 0.003335210 0.003349900 0.003404480 0.003622710 0.003859280 0.002477820 0.003731250 0.003724150 0.003717640 0.003329580 0.001301430 0.003421200 0.002819540 0.003061630 0.003526520 0.003351800 0.002665830 0.002949230 0.002616340 0.002874420 0.002759110 0.002536710 0.002506370 0.002454980 0.002799830 0.002856670 0.003063880 0.002575660 0.001499320 0.002601010 0.002542980 0.002667530 0.002226000 0.002355010 0.002232280 0.002235190 0.002121260 0.002328880 0.001002390 0.000761840 0.000401690 0.000000000 0.000239950 0.005104810 
23     0.003091020 0.003049390 0.003091780 0.003220170 0.003677290 0.003681480 0.003849260 0.003248520 0.003263210 0.003317790 0.003536020 0.003772590 0.002492630 0.003644560 0.003637460 0.003630950 0.003280290 0.002743780 0.003334510 0.002732850 0.002974940 0.003582220 0.003265110 0.002579140 0.002862540 0.002529650 0.002787730 0.002672420 0.002490060 0.002419680 0.002368290 0.002713140 0.002769980 0.002977190 0.002979970 0.002545540 0.002514320 0.002456290 0.002580840 0.002139310 0.002268320 0.001443500 0.002022210 0.002034570 0.002242190 0.000856470 0.000693420 0.000572690 0.000239950 0.000000000 0.005018120 
0     0.004215800 0.004467570 0.004509960 0.004034240 0.005095470 0.005099660 0.005267440 0.002947120 0.004681390 0.003938650 0.004602290 0.004424330 0.002411010 0.003686190 0.003683320 0.003996160 0.004492390 0.004469730 0.005275290 0.004663410 0.004915720 0.005523000 0.005205890 0.004825780 0.005109180 0.004776290 0.005034370 0.004919060 0.004109430 0.004190740 0.004614930 0.004959780 0.005016620 0.005223830 0.005226610 0.005245440 0.003958980 0.003754370 0.004138310 0.004423470 0.004552480 0.004429750 0.002096520 0.002920730 0.003098840 0.003804750 0.004552700 0.004260500 0.005104810 0.005018120 0.000000000 
