51
1     0.000000000 0.008824911 0.008651934 0.029731030 0.034612991 0.034815576 0.035871371 0.029592857 0.027530020 0.032348928 0.034087131 0.039615010 0.031908313 0.039607320 0.039907350 0.039680179 0.034745595 0.039659815 0.041530363 0.040126865 0.041019544 0.040159699 0.040238709 0.035361015 0.036344247 0.035572270 0.037641036 0.038396700 0.033919604 0.036314495 0.035005735 0.038331114 0.039358023 0.038611628 0.039453867 0.049689401 0.035739821 0.036012901 0.036288118 0.033964836 0.035979214 0.034622301 0.034538399 0.038579094 0.039425980 0.039396541 0.040698933 0.040479805 0.039874399 0.041477004 0.071279350 
10     0.008824911 0.000000000 0.004854158 0.030526282 0.035437284 0.035639870 0.036691382 0.030385794 0.028330532 0.033141865 0.034880068 0.040420421 0.032739562 0.040438128 0.040738158 0.040510988 0.035576845 0.040490623 0.042361171 0.040957674 0.041850353 0.040990508 0.041069517 0.036196671 0.037179903 0.036407926 0.038476692 0.039232356 0.034755260 0.037150151 0.035841391 0.039176115 0.040207067 0.039459509 0.040296130 0.050517302 0.036567722 0.036840802 0.037116019 0.034792737 0.036807115 0.035450202 0.035366300 0.039406995 0.040253881 0.040224442 0.041526834 0.041307706 0.040702300 0.042304905 0.072094489 
12     0.008651934 0.004854158 0.000000000 0.030416780 0.035327782 0.035530367 0.036581879 0.030276291 0.028217710 0.033032362 0.034770566 0.040310919 0.032630060 0.040328625 0.040628655 0.040401485 0.035467342 0.040381120 0.042251669 0.040848171 0.041740850 0.040881005 0.040960014 0.036087169 0.037070400 0.036298423 0.038367189 0.039122853 0.034645757 0.037040648 0.035731888 0.039066612 0.040097564 0.039350007 0.040186628 0.050407799 0.036458219 0.036731299 0.037006517 0.034683234 0.036697613 0.035340700 0.035256797 0.039297493 0.040144378 0.040114939 0.041417331 0.041198204 0.040592797 0.042195402 0.071984986 
11     0.029731030 0.030526282 0.030416780 0.000000000 0.028445127 0.028646979 0.029687116 0.029488697 0.027373271 0.032195390 0.033970522 0.041598448 0.033942376 0.041619848 0.041919878 0.041692708 0.036758565 0.041674129 0.043482086 0.042154659 0.043028284 0.042197509 0.042276518 0.037344417 0.038328733 0.037556756 0.039625522 0.040381186 0.035904090 0.038298981 0.036990221 0.040322661 0.041354065 0.040606508 0.041416627 0.051634332 0.037766282 0.038039362 0.038314579 0.035993476 0.038007854 0.036648763 0.036564860 0.040604519 0.041451404 0.041413126 0.042715527 0.042493236 0.041890993 0.043496856 0.073433946 
5     0.034612991 0.035437284 0.035327782 0.028445127 0.000000000 0.003858610 0.007764817 0.034268081 0.032239537 0.037022063 0.038771391 0.046464013 0.038724164 0.046416393 0.046716423 0.046489252 0.041551739 0.046479469 0.048353826 0.046975567 0.047849192 0.046990654 0.047069663 0.042153322 0.043137639 0.042365662 0.044434427 0.045190092 0.040712995 0.043107886 0.041799126 0.045131567 0.046162971 0.045415413 0.046237801 0.056452275 0.042590005 0.042863085 0.043138303 0.040815020 0.042829399 0.041472486 0.041388583 0.045414665 0.046261551 0.046236900 0.047542223 0.047323095 0.046717688 0.048317362 0.078268005 
3     0.034815576 0.035639870 0.035530367 0.028646979 0.003858610 0.000000000 0.008012383 0.034470667 0.032442123 0.037224648 0.038973976 0.046666598 0.038926750 0.046618978 0.046919008 0.046691838 0.041754325 0.046682054 0.048556412 0.047178153 0.048051777 0.047193239 0.047272249 0.042355908 0.043340224 0.042568247 0.044637013 0.045392677 0.040915581 0.043310472 0.042001712 0.045334153 0.046365556 0.045617999 0.046440387 0.056654861 0.042792591 0.043065671 0.043340888 0.041017606 0.043031984 0.041675071 0.041591169 0.045617251 0.046464136 0.046439485 0.047744808 0.047525681 0.046920274 0.048519948 0.078470591 
2     0.035871371 0.036691382 0.036581879 0.029687116 0.007764817 0.008012383 0.000000000 0.035523197 0.033494654 0.038286109 0.040032262 0.047726788 0.039990703 0.047682931 0.047982961 0.047755791 0.042818278 0.047746007 0.049620365 0.048242106 0.049115731 0.048257193 0.048336202 0.043419861 0.044404177 0.043632201 0.045700966 0.046456631 0.041979534 0.044374425 0.043065665 0.046398106 0.047429510 0.046681952 0.047504340 0.057718814 0.043856544 0.044129624 0.044404842 0.042081559 0.044095938 0.042739025 0.042655122 0.046681204 0.047528090 0.047503439 0.048808761 0.048589634 0.047984227 0.049583901 0.079534544 
7     0.029592857 0.030385794 0.030276291 0.029488697 0.034268081 0.034470667 0.035523197 0.000000000 0.017438425 0.022735452 0.024498296 0.041206738 0.033610489 0.041275786 0.041575816 0.041348646 0.036414503 0.041310018 0.043175182 0.041803121 0.042659226 0.041827359 0.041906368 0.036999276 0.037984987 0.037213010 0.039281776 0.040037441 0.035560344 0.037955235 0.036646475 0.039970737 0.041008399 0.040260842 0.041099917 0.051344513 0.037401006 0.037674086 0.037949303 0.035615610 0.037640399 0.036282604 0.036198702 0.040234840 0.041081726 0.041047035 0.042352357 0.042133230 0.041527823 0.043127497 0.073064315 
8     0.027530020 0.028330532 0.028217710 0.027373271 0.032239537 0.032442123 0.033494654 0.017438425 0.000000000 0.020809714 0.022608597 0.039157080 0.031544443 0.039209740 0.039509770 0.039282600 0.034348456 0.039323733 0.041179185 0.039801711 0.040658067 0.039779934 0.039858943 0.034936412 0.035921711 0.035149734 0.037218500 0.037974165 0.033497068 0.035891959 0.034583199 0.037904809 0.038947044 0.038199486 0.039036641 0.049285527 0.035341679 0.035614759 0.035889977 0.033556284 0.035581073 0.034224160 0.034140258 0.038181430 0.039028315 0.038994490 0.040299813 0.040080686 0.039475279 0.041074953 0.071004533 
4     0.032348928 0.033141865 0.033032362 0.032195390 0.037022063 0.037224648 0.038286109 0.022735452 0.020809714 0.000000000 0.012343567 0.043972990 0.036335108 0.043965041 0.044263399 0.044036229 0.039128917 0.044126017 0.045964525 0.044600920 0.045410560 0.044582218 0.044661227 0.039655101 0.040644442 0.039872465 0.041941231 0.042696895 0.038218260 0.040613151 0.039304391 0.042633395 0.043672914 0.042925356 0.043762511 0.054087878 0.040144031 0.040417111 0.040692328 0.038358635 0.040383424 0.039026511 0.038942609 0.042983781 0.043830667 0.043799756 0.045105079 0.044885951 0.044280545 0.045880219 0.075763009 
6     0.034087131 0.034880068 0.034770566 0.033970522 0.038771391 0.038973976 0.040032262 0.024498296 0.022608597 0.012343567 0.000000000 0.045741471 0.038116531 0.045774127 0.046074157 0.045846987 0.040915545 0.045901979 0.047739323 0.046376881 0.047234044 0.046358179 0.046437189 0.041430379 0.042420601 0.041648624 0.043717390 0.044473055 0.039994420 0.042389311 0.041080551 0.044409554 0.045449073 0.044701516 0.045538671 0.055862633 0.041918354 0.042191434 0.042466652 0.040132959 0.042157748 0.040800835 0.040716932 0.044753981 0.045600867 0.045574159 0.046879482 0.046660355 0.046054948 0.047654622 0.077525786 
9     0.039615010 0.040420421 0.040310919 0.041598448 0.046464013 0.046666598 0.047726788 0.041206738 0.039157080 0.043972990 0.045741471 0.000000000 0.039325654 0.047045642 0.047345672 0.047118501 0.042184358 0.047036541 0.048920484 0.047510616 0.048401120 0.047514433 0.047593442 0.042687321 0.043671066 0.042893409 0.044963559 0.045719672 0.041224022 0.043618913 0.042310153 0.045700589 0.046728892 0.045981335 0.046818022 0.057096043 0.043127859 0.043400939 0.043676156 0.041358140 0.043367252 0.042010339 0.041926437 0.046003152 0.046850038 0.046873917 0.048181768 0.047962640 0.047357234 0.048954379 0.078907752 
18     0.031908313 0.032739562 0.032630060 0.033942376 0.038724164 0.038926750 0.039990703 0.033610489 0.031544443 0.036335108 0.038116531 0.039325654 0.000000000 0.023325247 0.023623364 0.023395928 0.018472260 0.028485019 0.030383478 0.028976257 0.029881778 0.028850164 0.028932120 0.025435738 0.026414347 0.025641770 0.027690436 0.028462111 0.023971910 0.026324010 0.025022459 0.028382850 0.029401284 0.028657372 0.029521109 0.040039450 0.026012869 0.026285782 0.026560722 0.024253068 0.026239121 0.024917924 0.024834022 0.028862057 0.029708942 0.029783175 0.031088427 0.030887326 0.030281564 0.031847047 0.068807921 
17     0.039607320 0.040438128 0.040328625 0.041619848 0.046416393 0.046618978 0.047682931 0.041275786 0.039209740 0.043965041 0.045774127 0.047045642 0.023325247 0.000000000 0.006092917 0.005893390 0.016125352 0.036269991 0.038137039 0.036722441 0.037630047 0.036672703 0.036754658 0.033121954 0.034100563 0.033327322 0.035376651 0.036148326 0.031656129 0.033999845 0.032703329 0.036056192 0.037076254 0.036330714 0.037189205 0.047738016 0.033769861 0.034042774 0.034318158 0.032009194 0.033996557 0.032678778 0.032594876 0.036604522 0.037451407 0.037525435 0.038818264 0.038629586 0.038023824 0.039585026 0.076536970 
45     0.039907350 0.040738158 0.040628655 0.041919878 0.046716423 0.046919008 0.047982961 0.041575816 0.039509770 0.044263399 0.046074157 0.047345672 0.023623364 0.006092917 0.000000000 0.004755440 0.016411704 0.036570021 0.038437069 0.037022471 0.037930077 0.036972733 0.037054688 0.033421984 0.034400593 0.033627352 0.035676681 0.036448356 0.031956159 0.034299875 0.033003359 0.036356223 0.037376284 0.036630744 0.037489235 0.048038046 0.034069891 0.034342804 0.034618188 0.032309224 0.034296587 0.032978808 0.032894906 0.036904552 0.037751437 0.037825465 0.039118294 0.038929616 0.038323854 0.039885056 0.076837000 
25     0.039680179 0.040510988 0.040401485 0.041692708 0.046489252 0.046691838 0.047755791 0.041348646 0.039282600 0.044036229 0.045846987 0.047118501 0.023395928 0.005893390 0.004755440 0.000000000 0.016200572 0.036342851 0.038209899 0.036795301 0.037702907 0.036745562 0.036827518 0.033194814 0.034173423 0.033400182 0.035449511 0.036221186 0.031728989 0.034072705 0.032776188 0.036129052 0.037149114 0.036403574 0.037262064 0.047810876 0.033842721 0.034115634 0.034391018 0.032082053 0.034069416 0.032751638 0.032667736 0.036677382 0.037524267 0.037598295 0.038891124 0.038702446 0.038096684 0.039657886 0.076609830 
13     0.034745595 0.035576845 0.035467342 0.036758565 0.041551739 0.041754325 0.042818278 0.036414503 0.034348456 0.039128917 0.040915545 0.042184358 0.018472260 0.016125352 0.016411704 0.016200572 0.000000000 0.031426051 0.033301688 0.031884970 0.032801694 0.031827522 0.031909478 0.028264120 0.029242730 0.028469488 0.030518818 0.031290493 0.026798286 0.029128690 0.027838883 0.031198359 0.032218421 0.031472881 0.032331371 0.042874179 0.028907669 0.029180582 0.029455966 0.027147001 0.029134364 0.027816586 0.027732683 0.031750227 0.032597113 0.032631496 0.033924861 0.033732479 0.033127383 0.034697434 0.071675687 
44     0.039659815 0.040490623 0.040381120 0.041674129 0.046479469 0.046682054 0.047746007 0.041310018 0.039323733 0.044126017 0.045901979 0.047036541 0.028485019 0.036269991 0.036570021 0.036342851 0.031426051 0.000000000 0.022211814 0.020632068 0.021567061 0.027617666 0.027699349 0.033208284 0.034186893 0.033409479 0.035467212 0.036247735 0.031757570 0.034145805 0.032836791 0.036167766 0.037188846 0.036403358 0.037306341 0.047796189 0.033798237 0.034069310 0.034336973 0.032003117 0.034046123 0.032688754 0.032604852 0.036729991 0.037576877 0.037614840 0.038916261 0.038707294 0.038094748 0.039630912 0.076596022 
50     0.041530363 0.042361171 0.042251669 0.043482086 0.048353826 0.048556412 0.049620365 0.043175182 0.041179185 0.045964525 0.047739323 0.048920484 0.030383478 0.038137039 0.038437069 0.038209899 0.033301688 0.022211814 0.000000000 0.016718718 0.018700579 0.029478358 0.029560041 0.035040955 0.036019564 0.035242150 0.037283298 0.038062147 0.033602952 0.035999613 0.034693896 0.037997052 0.039010694 0.038200187 0.039146900 0.049677674 0.035677807 0.035948879 0.036225660 0.033903441 0.035928517 0.034584846 0.034500944 0.038560889 0.039407775 0.039496081 0.040780141 0.040575526 0.039965684 0.041456568 0.078486187 
40     0.040126865 0.040957674 0.040848171 0.042154659 0.046975567 0.047178153 0.048242106 0.041803121 0.039801711 0.044600920 0.046376881 0.047510616 0.028976257 0.036722441 0.037022471 0.036795301 0.031884970 0.020632068 0.016718718 0.000000000 0.017545727 0.028074579 0.028157838 0.033644156 0.034622765 0.033837255 0.035883773 0.036683607 0.032183551 0.034572513 0.033263500 0.036608207 0.037629288 0.036834121 0.037746783 0.048261280 0.034261322 0.034529148 0.034805929 0.032477840 0.034514268 0.033166828 0.033082925 0.037206169 0.038053054 0.038087560 0.039396249 0.039187281 0.038577439 0.040087821 0.077070386 
22     0.041019544 0.041850353 0.041740850 0.043028284 0.047849192 0.048051777 0.049115731 0.042659226 0.040658067 0.045410560 0.047234044 0.048401120 0.029881778 0.037630047 0.037930077 0.037702907 0.032801694 0.021567061 0.018700579 0.017545727 0.000000000 0.029118817 0.029200500 0.034548338 0.035526947 0.034749533 0.036792041 0.037587789 0.033098121 0.035486356 0.034177343 0.037507820 0.038528901 0.037733734 0.038646396 0.049150012 0.035144270 0.035414599 0.035692124 0.033367137 0.035397714 0.034047428 0.033963526 0.038080105 0.038926991 0.038966696 0.040277029 0.040068062 0.039458219 0.040953215 0.077960965 
43     0.040159699 0.040990508 0.040881005 0.042197509 0.046990654 0.047193239 0.048257193 0.041827359 0.039779934 0.044582218 0.046358179 0.047514433 0.028850164 0.036672703 0.036972733 0.036745562 0.031827522 0.027617666 0.029478358 0.028074579 0.029118817 0.000000000 0.004623089 0.033581958 0.034560567 0.033786550 0.035827808 0.036608331 0.032144834 0.034528838 0.033218413 0.036550842 0.037573598 0.036795935 0.037688267 0.048246328 0.034150687 0.034421759 0.034698540 0.032455072 0.034486222 0.033130944 0.033047042 0.037155525 0.038002410 0.038055084 0.039368203 0.039159235 0.038550908 0.040067113 0.077067739 
32     0.040238709 0.041069517 0.040960014 0.042276518 0.047069663 0.047272249 0.048336202 0.041906368 0.039858943 0.044661227 0.046437189 0.047593442 0.028932120 0.036754658 0.037054688 0.036827518 0.031909478 0.027699349 0.029560041 0.028157838 0.029200500 0.004623089 0.000000000 0.033664794 0.034643403 0.033869386 0.035910644 0.036691166 0.032227670 0.034611674 0.033301249 0.036633678 0.037656433 0.036878771 0.037771102 0.048328824 0.034233182 0.034504254 0.034781036 0.032537567 0.034568717 0.033213440 0.033129537 0.037238020 0.038084906 0.038137579 0.039450698 0.039241730 0.038633403 0.040149608 0.077146748 
46     0.035361015 0.036196671 0.036087169 0.037344417 0.042153322 0.042355908 0.043419861 0.036999276 0.034936412 0.039655101 0.041430379 0.042687321 0.025435738 0.033121954 0.033421984 0.033194814 0.028264120 0.033208284 0.035040955 0.033644156 0.034548338 0.033581958 0.033664794 0.000000000 0.010027456 0.009336476 0.011964853 0.012790376 0.014742780 0.017198351 0.015842026 0.022918947 0.023947183 0.023185330 0.023995930 0.043511599 0.029487218 0.029761300 0.030035515 0.027737429 0.029698768 0.028403236 0.028319334 0.032407472 0.033254358 0.033318650 0.034608688 0.034401429 0.033797824 0.035374649 0.072307762 
26     0.036344247 0.037179903 0.037070400 0.038328733 0.043137639 0.043340224 0.044404177 0.037984987 0.035921711 0.040644442 0.042420601 0.043671066 0.026414347 0.034100563 0.034400593 0.034173423 0.029242730 0.034186893 0.036019564 0.034622765 0.035526947 0.034560567 0.034643403 0.010027456 0.000000000 0.008828349 0.012908972 0.013738225 0.015738459 0.018173663 0.016812986 0.023890348 0.024917000 0.024156124 0.024982366 0.044490642 0.030466260 0.030740342 0.031014557 0.028716472 0.030671064 0.029382279 0.029298376 0.033386515 0.034233400 0.034297693 0.035587731 0.035380471 0.034776866 0.036353691 0.073289707 
19     0.035572270 0.036407926 0.036298423 0.037556756 0.042365662 0.042568247 0.043632201 0.037213010 0.035149734 0.039872465 0.041648624 0.042893409 0.025641770 0.033327322 0.033627352 0.033400182 0.028469488 0.033409479 0.035242150 0.033837255 0.034749533 0.033786550 0.033869386 0.009336476 0.008828349 0.000000000 0.012129544 0.012942524 0.014948672 0.017380618 0.016018805 0.023122487 0.024149047 0.023388252 0.024216639 0.043718065 0.029693683 0.029967765 0.030241980 0.027943895 0.029905233 0.028609702 0.028525799 0.032613938 0.033460823 0.033525116 0.034815154 0.034607894 0.034004289 0.035581114 0.072517730 
36     0.037641036 0.038476692 0.038367189 0.039625522 0.044434427 0.044637013 0.045700966 0.039281776 0.037218500 0.041941231 0.043717390 0.044963559 0.027690436 0.035376651 0.035676681 0.035449511 0.030518818 0.035467212 0.037283298 0.035883773 0.036792041 0.035827808 0.035910644 0.011964853 0.012908972 0.012129544 0.000000000 0.008966472 0.017009923 0.019449415 0.018080171 0.025188940 0.026222546 0.025460539 0.026258786 0.045785853 0.031761471 0.032035553 0.032309768 0.030011683 0.031977473 0.030677490 0.030593587 0.034681726 0.035528611 0.035592904 0.036882942 0.036675682 0.036072077 0.037648902 0.074583840 
37     0.038396700 0.039232356 0.039122853 0.040381186 0.045190092 0.045392677 0.046456631 0.040037441 0.037974165 0.042696895 0.044473055 0.045719672 0.028462111 0.036148326 0.036448356 0.036221186 0.031290493 0.036247735 0.038062147 0.036683607 0.037587789 0.036608331 0.036691166 0.012790376 0.013738225 0.012942524 0.008966472 0.000000000 0.017758912 0.020208186 0.018851426 0.025931187 0.026964640 0.026202787 0.027010788 0.046538405 0.032499705 0.032773787 0.033048002 0.030764235 0.032730026 0.031430042 0.031346140 0.035434278 0.036281164 0.036345456 0.037635494 0.037428235 0.036824629 0.038401455 0.075340263 
29     0.033919604 0.034755260 0.034645757 0.035904090 0.040712995 0.040915581 0.041979534 0.035560344 0.033497068 0.038218260 0.039994420 0.041224022 0.023971910 0.031656129 0.031956159 0.031728989 0.026798286 0.031757570 0.033602952 0.032183551 0.033098121 0.032144834 0.032227670 0.014742780 0.015738459 0.014948672 0.017009923 0.017758912 0.000000000 0.010816584 0.009385700 0.021524478 0.022545536 0.021822447 0.022605842 0.042053745 0.028022635 0.028296717 0.028570933 0.026271478 0.028241635 0.026938654 0.026854751 0.030943588 0.031790474 0.031865772 0.033149755 0.032942495 0.032338890 0.033904257 0.070864065 
48     0.036314495 0.037150151 0.037040648 0.038298981 0.043107886 0.043310472 0.044374425 0.037955235 0.035891959 0.040613151 0.042389311 0.043618913 0.026324010 0.033999845 0.034299875 0.034072705 0.029128690 0.034145805 0.035999613 0.034572513 0.035486356 0.034528838 0.034611674 0.017198351 0.018173663 0.017380618 0.019449415 0.020208186 0.010816584 0.000000000 0.008756961 0.023882145 0.024942178 0.024176668 0.024988753 0.044445367 0.030413936 0.030688018 0.030962233 0.028662778 0.030632936 0.029329954 0.029246052 0.033341605 0.034188491 0.034257072 0.035549255 0.035341995 0.034738390 0.036313071 0.073258956 
20     0.035005735 0.035841391 0.035731888 0.036990221 0.041799126 0.042001712 0.043065665 0.036646475 0.034583199 0.039304391 0.041080551 0.042310153 0.025022459 0.032703329 0.033003359 0.032776188 0.027838883 0.032836791 0.034693896 0.033263500 0.034177343 0.033218413 0.033301249 0.015842026 0.016812986 0.016018805 0.018080171 0.018851426 0.009385700 0.008756961 0.000000000 0.022573366 0.023617828 0.022867885 0.023697709 0.043131260 0.029087858 0.029363753 0.029637949 0.027343610 0.029313767 0.028012706 0.027928803 0.032030031 0.032876917 0.032942965 0.034226944 0.034019684 0.033416079 0.034998964 0.071950196 
33     0.038331114 0.039176115 0.039066612 0.040322661 0.045131567 0.045334153 0.046398106 0.039970737 0.037904809 0.042633395 0.044409554 0.045700589 0.028382850 0.036056192 0.036356223 0.036129052 0.031198359 0.036167766 0.037997052 0.036608207 0.037507820 0.036550842 0.036633678 0.022918947 0.023890348 0.023122487 0.025188940 0.025931187 0.021524478 0.023882145 0.022573366 0.000000000 0.014425988 0.013695058 0.020557331 0.046483714 0.032464278 0.032738360 0.033012575 0.030712084 0.032693455 0.031375727 0.031291825 0.035375200 0.036222085 0.036291490 0.037585109 0.037377850 0.036774244 0.038340196 0.075192794 
42     0.039358023 0.040207067 0.040097564 0.041354065 0.046162971 0.046365556 0.047429510 0.041008399 0.038947044 0.043672914 0.045449073 0.046728892 0.029401284 0.037076254 0.037376284 0.037149114 0.032218421 0.037188846 0.039010694 0.037629288 0.038528901 0.037573598 0.037656433 0.023947183 0.024917000 0.024149047 0.026222546 0.026964640 0.022545536 0.024942178 0.023617828 0.014425988 0.000000000 0.011543709 0.021729600 0.047501415 0.033483898 0.033757980 0.034032196 0.031731705 0.033713075 0.032395504 0.032311602 0.036392901 0.037239787 0.037309192 0.038602811 0.038395551 0.037791946 0.039357898 0.076218141 
31     0.038611628 0.039459509 0.039350007 0.040606508 0.045415413 0.045617999 0.046681952 0.040260842 0.038199486 0.042925356 0.044701516 0.045981335 0.028657372 0.036330714 0.036630744 0.036403574 0.031472881 0.036403358 0.038200187 0.036834121 0.037733734 0.036795935 0.036878771 0.023185330 0.024156124 0.023388252 0.025460539 0.026202787 0.021822447 0.024176668 0.022867885 0.013695058 0.011543709 0.000000000 0.020934353 0.046755178 0.032737661 0.033011744 0.033285959 0.030985468 0.032966838 0.031649267 0.031565365 0.035646664 0.036493550 0.036562955 0.037856574 0.037649314 0.037045709 0.038611661 0.075470584 
30     0.039453867 0.040296130 0.040186628 0.041416627 0.046237801 0.046440387 0.047504340 0.041099917 0.039036641 0.043762511 0.045538671 0.046818022 0.029521109 0.037189205 0.037489235 0.037262064 0.032331371 0.037306341 0.039146900 0.037746783 0.038646396 0.037688267 0.037771102 0.023995930 0.024982366 0.024216639 0.026258786 0.027010788 0.022605842 0.024988753 0.023697709 0.020557331 0.021729600 0.020934353 0.000000000 0.047605104 0.033582394 0.033856476 0.034130691 0.031830174 0.033811544 0.032495772 0.032411869 0.036498389 0.037345275 0.037415274 0.038708893 0.038501633 0.037898028 0.039463980 0.076335274 
21     0.049689401 0.050517302 0.050407799 0.051634332 0.056452275 0.056654861 0.057718814 0.051344513 0.049285527 0.054087878 0.055862633 0.057096043 0.040039450 0.047738016 0.048038046 0.047810876 0.042874179 0.047796189 0.049677674 0.048261280 0.049150012 0.048246328 0.048328824 0.043511599 0.044490642 0.043718065 0.045785853 0.046538405 0.042053745 0.044445367 0.043131260 0.046483714 0.047501415 0.046755178 0.047605104 0.000000000 0.039000986 0.039293357 0.039550342 0.037222716 0.039221701 0.037918812 0.037840950 0.041809592 0.042655191 0.042676927 0.044034993 0.043813846 0.043202355 0.044762227 0.086566885 
15     0.035739821 0.036567722 0.036458219 0.037766282 0.042590005 0.042792591 0.043856544 0.037401006 0.035341679 0.040144031 0.041918354 0.043127859 0.026012869 0.033769861 0.034069891 0.033842721 0.028907669 0.033798237 0.035677807 0.034261322 0.035144270 0.034150687 0.034233182 0.029487218 0.030466260 0.029693683 0.031761471 0.032499705 0.028022635 0.030413936 0.029087858 0.032464278 0.033483898 0.032737661 0.033582394 0.039000986 0.000000000 0.006587783 0.008110079 0.013065462 0.015035628 0.019273070 0.019181780 0.027335346 0.028182802 0.028307122 0.029626476 0.029395746 0.028795178 0.030375717 0.072568819 
49     0.036012901 0.036840802 0.036731299 0.038039362 0.042863085 0.043065671 0.044129624 0.037674086 0.035614759 0.040417111 0.042191434 0.043400939 0.026285782 0.034042774 0.034342804 0.034115634 0.029180582 0.034069310 0.035948879 0.034529148 0.035414599 0.034421759 0.034504254 0.029761300 0.030740342 0.029967765 0.032035553 0.032773787 0.028296717 0.030688018 0.029363753 0.032738360 0.033757980 0.033011744 0.033856476 0.039293357 0.006587783 0.000000000 0.008385066 0.013288636 0.015352258 0.019479085 0.019387795 0.027600212 0.028447667 0.028575703 0.029892969 0.029662239 0.029063759 0.030644298 0.072841899 
47     0.036288118 0.037116019 0.037006517 0.038314579 0.043138303 0.043340888 0.044404842 0.037949303 0.035889977 0.040692328 0.042466652 0.043676156 0.026560722 0.034318158 0.034618188 0.034391018 0.029455966 0.034336973 0.036225660 0.034805929 0.035692124 0.034698540 0.034781036 0.030035515 0.031014557 0.030241980 0.032309768 0.033048002 0.028570933 0.030962233 0.029637949 0.033012575 0.034032196 0.033285959 0.034130691 0.039550342 0.008110079 0.008385066 0.000000000 0.013638439 0.015501000 0.019757802 0.019664232 0.027875632 0.028723088 0.028853076 0.030170343 0.029939612 0.029341132 0.030918111 0.073117117 
27     0.033964836 0.034792737 0.034683234 0.035993476 0.040815020 0.041017606 0.042081559 0.035615610 0.033556284 0.038358635 0.040132959 0.041358140 0.024253068 0.032009194 0.032309224 0.032082053 0.027147001 0.032003117 0.033903441 0.032477840 0.033367137 0.032455072 0.032537567 0.027737429 0.028716472 0.027943895 0.030011683 0.030764235 0.026271478 0.028662778 0.027343610 0.030712084 0.031731705 0.030985468 0.031830174 0.037222716 0.013065462 0.013288636 0.013638439 0.000000000 0.011626445 0.017507680 0.017438587 0.025597814 0.026445270 0.026605589 0.027918548 0.027686918 0.027086424 0.028649900 0.070801723 
35     0.035979214 0.036807115 0.036697613 0.038007854 0.042829399 0.043031984 0.044095938 0.037640399 0.035581073 0.040383424 0.042157748 0.043367252 0.026239121 0.033996557 0.034296587 0.034069416 0.029134364 0.034046123 0.035928517 0.034514268 0.035397714 0.034486222 0.034568717 0.029698768 0.030671064 0.029905233 0.031977473 0.032730026 0.028241635 0.030632936 0.029313767 0.032693455 0.033713075 0.032966838 0.033811544 0.039221701 0.015035628 0.015352258 0.015501000 0.011626445 0.000000000 0.019492215 0.019422729 0.027575248 0.028422704 0.028599754 0.029912713 0.029681083 0.029082082 0.030642278 0.072808213 
24     0.034622301 0.035450202 0.035340700 0.036648763 0.041472486 0.041675071 0.042739025 0.036282604 0.034224160 0.039026511 0.040800835 0.042010339 0.024917924 0.032678778 0.032978808 0.032751638 0.027816586 0.032688754 0.034584846 0.033166828 0.034047428 0.033130944 0.033213440 0.028403236 0.029382279 0.028609702 0.030677490 0.031430042 0.026938654 0.029329954 0.028012706 0.031375727 0.032395504 0.031649267 0.032495772 0.037918812 0.019273070 0.019479085 0.019757802 0.017507680 0.019492215 0.000000000 0.004355191 0.026253985 0.027101440 0.027251180 0.028567382 0.028340381 0.027738868 0.029296666 0.071458337 
39     0.034538399 0.035366300 0.035256797 0.036564860 0.041388583 0.041591169 0.042655122 0.036198702 0.034140258 0.038942609 0.040716932 0.041926437 0.024834022 0.032594876 0.032894906 0.032667736 0.027732683 0.032604852 0.034500944 0.033082925 0.033963526 0.033047042 0.033129537 0.028319334 0.029298376 0.028525799 0.030593587 0.031346140 0.026854751 0.029246052 0.027928803 0.031291825 0.032311602 0.031565365 0.032411869 0.037840950 0.019181780 0.019387795 0.019664232 0.017438587 0.019422729 0.004355191 0.000000000 0.026163803 0.027011258 0.027168741 0.028484942 0.028257942 0.027656428 0.029214227 0.071374435 
41     0.038579094 0.039406995 0.039297493 0.040604519 0.045414665 0.045617251 0.046681204 0.040234840 0.038181430 0.042983781 0.044753981 0.046003152 0.028862057 0.036604522 0.036904552 0.036677382 0.031750227 0.036729991 0.038560889 0.037206169 0.038080105 0.037155525 0.037238020 0.032407472 0.033386515 0.032613938 0.034681726 0.035434278 0.030943588 0.033341605 0.032030031 0.035375200 0.036392901 0.035646664 0.036498389 0.041809592 0.027335346 0.027600212 0.027875632 0.025597814 0.027575248 0.026253985 0.026163803 0.000000000 0.007791158 0.030626124 0.031966287 0.031736995 0.031131915 0.032673097 0.075418936 
14     0.039425980 0.040253881 0.040144378 0.041451404 0.046261551 0.046464136 0.047528090 0.041081726 0.039028315 0.043830667 0.045600867 0.046850038 0.029708942 0.037451407 0.037751437 0.037524267 0.032597113 0.037576877 0.039407775 0.038053054 0.038926991 0.038002410 0.038084906 0.033254358 0.034233400 0.033460823 0.035528611 0.036281164 0.031790474 0.034188491 0.032876917 0.036222085 0.037239787 0.036493550 0.037345275 0.042655191 0.028182802 0.028447667 0.028723088 0.026445270 0.028422704 0.027101440 0.027011258 0.007791158 0.000000000 0.031475232 0.032815395 0.032586104 0.031981023 0.033521668 0.076265821 
34     0.039396541 0.040224442 0.040114939 0.041413126 0.046236900 0.046439485 0.047503439 0.041047035 0.038994490 0.043799756 0.045574159 0.046873917 0.029783175 0.037525435 0.037825465 0.037598295 0.032631496 0.037614840 0.039496081 0.038087560 0.038966696 0.038055084 0.038137579 0.033318650 0.034297693 0.033525116 0.035592904 0.036345456 0.031865772 0.034257072 0.032942965 0.036291490 0.037309192 0.036562955 0.037415274 0.042676927 0.028307122 0.028575703 0.028853076 0.026605589 0.028599754 0.027251180 0.027168741 0.030626124 0.031475232 0.000000000 0.017897989 0.017718089 0.017195854 0.026181075 0.076282371 
16     0.040698933 0.041526834 0.041417331 0.042715527 0.047542223 0.047744808 0.048808761 0.042352357 0.040299813 0.045105079 0.046879482 0.048181768 0.031088427 0.038818264 0.039118294 0.038891124 0.033924861 0.038916261 0.040780141 0.039396249 0.040277029 0.039368203 0.039450698 0.034608688 0.035587731 0.034815154 0.036882942 0.037635494 0.033149755 0.035549255 0.034226944 0.037585109 0.038602811 0.037856574 0.038708893 0.044034993 0.029626476 0.029892969 0.030170343 0.027918548 0.029912713 0.028567382 0.028484942 0.031966287 0.032815395 0.017897989 0.000000000 0.008716809 0.012063935 0.027385573 0.077590222 
38     0.040479805 0.041307706 0.041198204 0.042493236 0.047323095 0.047525681 0.048589634 0.042133230 0.040080686 0.044885951 0.046660355 0.047962640 0.030887326 0.038629586 0.038929616 0.038702446 0.033732479 0.038707294 0.040575526 0.039187281 0.040068062 0.039159235 0.039241730 0.034401429 0.035380471 0.034607894 0.036675682 0.037428235 0.032942495 0.035341995 0.034019684 0.037377850 0.038395551 0.037649314 0.038501633 0.043813846 0.029395746 0.029662239 0.029939612 0.027686918 0.029681083 0.028340381 0.028257942 0.031736995 0.032586104 0.017718089 0.008716809 0.000000000 0.011662606 0.027157034 0.077371095 
28     0.039874399 0.040702300 0.040592797 0.041890993 0.046717688 0.046920274 0.047984227 0.041527823 0.039475279 0.044280545 0.046054948 0.047357234 0.030281564 0.038023824 0.038323854 0.038096684 0.033127383 0.038094748 0.039965684 0.038577439 0.039458219 0.038550908 0.038633403 0.033797824 0.034776866 0.034004289 0.036072077 0.036824629 0.032338890 0.034738390 0.033416079 0.036774244 0.037791946 0.037045709 0.037898028 0.043202355 0.028795178 0.029063759 0.029341132 0.027086424 0.029082082 0.027738868 0.027656428 0.031131915 0.031981023 0.017195854 0.012063935 0.011662606 0.000000000 0.026471045 0.076765688 
23     0.041477004 0.042304905 0.042195402 0.043496856 0.048317362 0.048519948 0.049583901 0.043127497 0.041074953 0.045880219 0.047654622 0.048954379 0.031847047 0.039585026 0.039885056 0.039657886 0.034697434 0.039630912 0.041456568 0.040087821 0.040953215 0.040067113 0.040149608 0.035374649 0.036353691 0.035581114 0.037648902 0.038401455 0.033904257 0.036313071 0.034998964 0.038340196 0.039357898 0.038611661 0.039463980 0.044762227 0.030375717 0.030644298 0.030918111 0.028649900 0.030642278 0.029296666 0.029214227 0.032673097 0.033521668 0.026181075 0.027385573 0.027157034 0.026471045 0.000000000 0.078359898 
0     0.071279350 0.072094489 0.071984986 0.073433946 0.078268005 0.078470591 0.079534544 0.073064315 0.071004533 0.075763009 0.077525786 0.078907752 0.068807921 0.076536970 0.076837000 0.076609830 0.071675687 0.076596022 0.078486187 0.077070386 0.077960965 0.077067739 0.077146748 0.072307762 0.073289707 0.072517730 0.074583840 0.075340263 0.070864065 0.073258956 0.071950196 0.075192794 0.076218141 0.075470584 0.076335274 0.086566885 0.072568819 0.072841899 0.073117117 0.070801723 0.072808213 0.071458337 0.071374435 0.075418936 0.076265821 0.076282371 0.077590222 0.077371095 0.076765688 0.078359898 0.000000000 
