51
2     0.000000000 0.001259910 0.001480440 0.001303430 0.027479200 0.030276270 0.029282880 0.031442440 0.025007780 0.014541350 0.013889650 0.025867580 0.027741320 0.025747660 0.024733000 0.020582910 0.032389320 0.034594980 0.031780480 0.042563030 0.022939200 0.026254310 0.032517460 0.028100270 0.019443450 0.022334980 0.021501240 0.019576900 0.021549210 0.027584690 0.019480930 0.019591110 0.016883490 0.018752190 0.015515380 0.028307390 0.034671580 0.029668650 0.031029010 0.029514220 0.021578970 0.036000590 0.026552060 0.019295470 0.016342930 0.018951160 0.027020550 0.028669030 0.024006190 0.012493530 0.045720560 
3     0.001259910 0.000000000 0.004024320 0.001512150 0.032736010 0.034704250 0.031577040 0.030985490 0.029121830 0.022745640 0.028983740 0.036133530 0.039684620 0.021746630 0.029479060 0.025010890 0.039964360 0.040076190 0.028569090 0.037903450 0.032647930 0.033393780 0.036457510 0.038994270 0.034933080 0.017414570 0.016696590 0.020658860 0.016519220 0.023015960 0.024619580 0.024259070 0.019814730 0.019096890 0.029315530 0.028694600 0.036490740 0.026401590 0.039748390 0.038455480 0.041099060 0.042359400 0.037794560 0.038815560 0.026873720 0.030919750 0.030838960 0.036383100 0.036072680 0.011210260 0.016422700 
1     0.001480440 0.004024320 0.000000000 0.000406880 0.028360680 0.039137540 0.015097850 0.040885940 0.025889260 0.015422830 0.014771130 0.034733340 0.034297170 0.034407840 0.027772870 0.022892240 0.036705270 0.036817100 0.038917210 0.037846710 0.031684420 0.033029980 0.033398940 0.028981750 0.020324930 0.028742810 0.023723360 0.020458380 0.022430690 0.028424860 0.023624800 0.020472590 0.021557840 0.019633670 0.016396860 0.033904170 0.016264500 0.037520640 0.031910490 0.030395700 0.026182010 0.044108200 0.027433540 0.023898510 0.020945970 0.023554200 0.027902030 0.029550510 0.023590500 0.015093580 0.044311890 
4     0.001303430 0.001512150 0.000406880 0.000000000 0.029631540 0.038731130 0.010003740 0.028501730 0.026638070 0.016693690 0.016041990 0.032375320 0.035117420 0.033695940 0.028344200 0.024163100 0.036770370 0.036882200 0.037425580 0.041703560 0.030705650 0.033095080 0.032806830 0.030252610 0.021595790 0.020050050 0.019850270 0.021729240 0.023701550 0.028678810 0.022568790 0.021743450 0.022828700 0.020595360 0.017667720 0.028170070 0.018778180 0.029531330 0.033181350 0.031666560 0.021153640 0.040372580 0.028703350 0.018870140 0.015917600 0.018525830 0.029172890 0.030821370 0.023580860 0.013440610 0.038201230 
12     0.027479200 0.032736010 0.028360680 0.029631540 0.000000000 0.000992720 0.004789910 0.004511520 0.000388050 0.016927010 0.016275310 0.020842190 0.018850180 0.022199950 0.014115880 0.017110470 0.015000030 0.007673180 0.039925850 0.039902000 0.023500320 0.018693200 0.013223230 0.013222870 0.020711370 0.016467170 0.014179170 0.013268340 0.003888170 0.004130530 0.021594120 0.021292270 0.015980130 0.023750010 0.019795660 0.017269690 0.006501930 0.018630950 0.031768470 0.026607990 0.034325950 0.026393010 0.019694970 0.025795060 0.005625510 0.011415440 0.032018370 0.023146200 0.029086450 0.009462500 0.049232770 
8     0.030276270 0.034704250 0.039137540 0.038731130 0.000992720 0.000000000 0.000657770 0.000559450 0.000045570 0.027703870 0.027052170 0.032315160 0.030323150 0.036394970 0.021889540 0.014189760 0.038775110 0.031448260 0.034346560 0.036653340 0.027943640 0.022572650 0.042155480 0.033972910 0.031488230 0.040733010 0.009507860 0.026416740 0.027079470 0.031945490 0.031743080 0.031922250 0.026113260 0.031424650 0.030832430 0.028742660 0.034316890 0.030103920 0.040220660 0.045288900 0.045102810 0.040945170 0.031167940 0.039404230 0.029834960 0.032106730 0.041514600 0.040907940 0.032765730 0.029284060 0.061431560 
30     0.029282880 0.031577040 0.015097850 0.010003740 0.004789910 0.000657770 0.000000000 0.000130740 0.002606970 0.018730690 0.018078990 0.029475670 0.033953650 0.029355750 0.025759790 0.012786980 0.022154440 0.014668250 0.028382500 0.036083310 0.031813890 0.014369710 0.018892440 0.013097630 0.022515050 0.034662830 0.012686060 0.020609920 0.011415910 0.023486880 0.013903590 0.018058270 0.026737330 0.025553690 0.022316880 0.032373160 0.025858280 0.033708850 0.037830510 0.036315720 0.036129630 0.044575670 0.033353560 0.030431050 0.020087360 0.022662370 0.033822050 0.018822710 0.024762960 0.016464740 0.061782180 
22     0.031442440 0.030985490 0.040885940 0.028501730 0.004511520 0.000559450 0.000130740 0.000000000 0.000605000 0.029452270 0.024863910 0.025461700 0.027286850 0.025341780 0.022552550 0.012195430 0.021562890 0.014076700 0.028495130 0.032105360 0.028763010 0.013778160 0.018300890 0.012506080 0.033236630 0.031386240 0.009127730 0.020018370 0.010824360 0.038814420 0.021800900 0.021434980 0.024416800 0.036275270 0.033038460 0.025706360 0.035250120 0.027067620 0.042861690 0.047037300 0.046781510 0.037908870 0.028131640 0.038178120 0.019495810 0.022070820 0.040485170 0.018231160 0.024171410 0.015873190 0.064144740 
7     0.025007780 0.029121830 0.025889260 0.026638070 0.000388050 0.000045570 0.002606970 0.000605000 0.000000000 0.014455590 0.013803890 0.021988850 0.021778090 0.018148480 0.017043790 0.010331770 0.014628700 0.007301850 0.026032340 0.040524140 0.031680630 0.011914500 0.016437230 0.010642420 0.018239950 0.030387730 0.008254360 0.012897010 0.003516840 0.020683100 0.019937240 0.019571320 0.018908040 0.021278590 0.018041780 0.020197600 0.033386460 0.021558860 0.033555410 0.032040620 0.031854530 0.032400110 0.022622880 0.026155950 0.017632150 0.020207160 0.029546950 0.016367500 0.022307750 0.009091170 0.052868910 
15     0.014541350 0.022745640 0.015422830 0.016693690 0.016927010 0.027703870 0.018730690 0.029452270 0.014455590 0.000000000 0.000091530 0.021371210 0.028601640 0.020697310 0.016108460 0.011227830 0.007059610 0.007060030 0.018070450 0.017706620 0.019703230 0.019594720 0.020655570 0.017548080 0.008891260 0.019921300 0.016762280 0.011636870 0.013609180 0.024151290 0.014805410 0.011651080 0.012736330 0.010812160 0.007575350 0.026516910 0.033260830 0.029167370 0.023088980 0.021574190 0.021388100 0.041954650 0.018612030 0.015689520 0.016370650 0.009811060 0.019080520 0.020729000 0.019295720 0.009454120 0.013930610 
29     0.013889650 0.028983740 0.014771130 0.016041990 0.016275310 0.027052170 0.018078990 0.024863910 0.013803890 0.000091530 0.000000000 0.020747310 0.020429950 0.024205820 0.015456760 0.010576130 0.006435710 0.006436130 0.024308550 0.038126860 0.026596000 0.023896870 0.018933010 0.016896380 0.008239560 0.019269600 0.019838500 0.010985170 0.012957480 0.009943660 0.009738850 0.009324240 0.010927600 0.010160460 0.006923650 0.027282740 0.028051360 0.027927700 0.020052800 0.020922490 0.020736400 0.037914060 0.017960330 0.015037820 0.015718950 0.009187160 0.018428820 0.020077300 0.018644020 0.008802420 0.022301650 
37     0.025867580 0.036133530 0.034733340 0.032375320 0.020842190 0.032315160 0.029475670 0.025461700 0.021988850 0.021371210 0.020747310 0.000000000 0.005236020 0.001427800 0.000035280 0.003859230 0.026315760 0.026316180 0.028789230 0.033230670 0.000245700 0.000532520 0.025003200 0.023121300 0.023433890 0.019409920 0.012755470 0.014194220 0.013993570 0.027483820 0.014397700 0.005686910 0.006727210 0.023195880 0.023527820 0.011632460 0.027111310 0.017018020 0.019112750 0.026930730 0.024129340 0.005511190 0.001806850 0.001774200 0.003184170 0.002908140 0.016359090 0.003586980 0.021366430 0.010766530 0.033670800 
33     0.027741320 0.039684620 0.034297170 0.035117420 0.018850180 0.030323150 0.033953650 0.027286850 0.021778090 0.028601640 0.020429950 0.005236020 0.000000000 0.002059400 0.005051020 0.016717340 0.025151910 0.025210540 0.027998300 0.031238660 0.024351610 0.018693260 0.025031710 0.027599510 0.018486980 0.020691890 0.010763460 0.016641410 0.012001560 0.030070850 0.011167800 0.017687330 0.012375190 0.025865520 0.027070920 0.013664750 0.023881410 0.015026010 0.015882850 0.023808210 0.020899440 0.025867260 0.016090030 0.026136510 0.027476720 0.025117150 0.021083410 0.029147750 0.026090750 0.016323450 0.037481120 
18     0.025747660 0.021746630 0.034407840 0.033695940 0.022199950 0.036394970 0.029355750 0.025341780 0.018148480 0.020697310 0.024205820 0.001427800 0.002059400 0.000000000 0.000183290 0.007259280 0.024700970 0.027481540 0.023677410 0.028857500 0.007641340 0.007532830 0.023581380 0.026708550 0.020017060 0.019290000 0.016320770 0.023000440 0.014156430 0.029626430 0.022752850 0.026738050 0.016604990 0.021405090 0.023407900 0.015155080 0.030784360 0.024038800 0.030765450 0.036887280 0.035165810 0.032955610 0.036318100 0.042477300 0.024576710 0.027058690 0.013098300 0.027482590 0.018105640 0.020486730 0.014125690 
31     0.024733000 0.029479060 0.027772870 0.028344200 0.014115880 0.021889540 0.025759790 0.022552550 0.017043790 0.016108460 0.015456760 0.000035280 0.005051020 0.000183290 0.000000000 0.003893330 0.008838660 0.021577740 0.018325670 0.023505760 0.000279800 0.000566620 0.007752330 0.018881310 0.021241300 0.008062480 0.006029160 0.010038310 0.007267260 0.027832270 0.011549960 0.005721010 0.006761310 0.007444380 0.008649780 0.008930450 0.022937250 0.006872770 0.016265010 0.022339360 0.021281600 0.005545290 0.001840950 0.001808300 0.003218270 0.002942240 0.016905720 0.003621080 0.020593160 0.011589150 0.022451410 
41     0.020582910 0.025010890 0.022892240 0.024163100 0.017110470 0.014189760 0.012786980 0.012195430 0.010331770 0.011227830 0.010576130 0.003859230 0.016717340 0.007259280 0.003893330 0.000000000 0.001258940 0.006784060 0.018870470 0.026611360 0.002625240 0.002516730 0.021608550 0.018171410 0.016360670 0.011080780 0.009612710 0.019106280 0.016609020 0.028250290 0.013450870 0.009540780 0.010581080 0.010462680 0.011668080 0.017363570 0.017491230 0.007589680 0.018165920 0.011894210 0.023182510 0.009365060 0.005660720 0.005628070 0.007038040 0.006762010 0.020725490 0.007440850 0.023700330 0.004725830 0.006312880 
38     0.032389320 0.039964360 0.036705270 0.036770370 0.015000030 0.038775110 0.022154440 0.021562890 0.014628700 0.007059610 0.006435710 0.026315760 0.025151910 0.024700970 0.008838660 0.001258940 0.000000000 0.000002500 0.012906150 0.016127640 0.006217050 0.016661060 0.019909530 0.018027630 0.024756210 0.012196660 0.010728590 0.021089220 0.014044040 0.025494890 0.016957100 0.021214000 0.030621000 0.011578560 0.012783960 0.029759880 0.028259080 0.011006950 0.022369000 0.022064350 0.022123910 0.043669680 0.016367320 0.044199670 0.018193990 0.011334810 0.025114430 0.027595800 0.025633370 0.012614900 0.042056080 
11     0.034594980 0.040076190 0.036817100 0.036882200 0.007673180 0.031448260 0.014668250 0.014076700 0.007301850 0.007060030 0.006436130 0.026316180 0.025210540 0.027481540 0.021577740 0.006784060 0.000002500 0.000000000 0.019077080 0.021215750 0.010431890 0.017726650 0.022822930 0.018729100 0.019867240 0.021168410 0.021673910 0.016097360 0.006717190 0.023878390 0.025447090 0.027149110 0.027398890 0.036246140 0.022619620 0.028688450 0.033230650 0.025824390 0.013986410 0.023192940 0.023252500 0.040890960 0.031113730 0.037588250 0.018194410 0.011335230 0.025114850 0.027596220 0.025633790 0.012291520 0.044103830 
19     0.031780480 0.028569090 0.038917210 0.037425580 0.039925850 0.034346560 0.028382500 0.028495130 0.026032340 0.018070450 0.024308550 0.028789230 0.027998300 0.023677410 0.018325670 0.018870470 0.012906150 0.019077080 0.000000000 0.000025180 0.023910640 0.023165100 0.033501760 0.030150080 0.026504140 0.035056280 0.025554920 0.014972830 0.027850850 0.029974740 0.023939760 0.030197750 0.037228770 0.030119100 0.029526880 0.031705780 0.035293730 0.025999670 0.028654810 0.030304200 0.033671400 0.043993800 0.027939270 0.032345980 0.031427060 0.031568060 0.031789830 0.031030650 0.030454270 0.019243170 0.040287320 
27     0.042563030 0.037903450 0.037846710 0.041703560 0.039902000 0.036653340 0.036083310 0.032105360 0.040524140 0.017706620 0.038126860 0.033230670 0.031238660 0.028857500 0.023505760 0.026611360 0.016127640 0.021215750 0.000025180 0.000000000 0.010567760 0.025517890 0.034392670 0.035330170 0.029501940 0.030953510 0.028425500 0.027196750 0.022885360 0.042868720 0.032704060 0.036427510 0.033427010 0.032300430 0.032171950 0.034716570 0.040473820 0.035609490 0.045449360 0.042631680 0.050465950 0.046919080 0.037141850 0.044673460 0.036607150 0.036748150 0.036969920 0.037172050 0.035634360 0.030176190 0.053588960 
39     0.022939200 0.032647930 0.031684420 0.030705650 0.023500320 0.027943640 0.031813890 0.028763010 0.031680630 0.019703230 0.026596000 0.000245700 0.024351610 0.007641340 0.000279800 0.002625240 0.006217050 0.010431890 0.023910640 0.010567760 0.000000000 0.000298520 0.012618720 0.010621440 0.010834710 0.022535150 0.007994460 0.010634810 0.012579550 0.023640360 0.018055870 0.005927250 0.006967550 0.023436220 0.020419160 0.027829520 0.028509550 0.018608000 0.028594980 0.022912530 0.028462810 0.005751530 0.002047190 0.002014540 0.003424510 0.003148480 0.017111960 0.003827320 0.029253680 0.004368800 0.021638500 
13     0.026254310 0.033393780 0.033029980 0.033095080 0.018693200 0.022572650 0.014369710 0.013778160 0.011914500 0.019594720 0.023896870 0.000532520 0.018693260 0.007532830 0.000566620 0.002516730 0.016661060 0.017726650 0.023165100 0.025517890 0.000298520 0.000000000 0.011196420 0.009632020 0.007532010 0.016759420 0.014146650 0.023724060 0.020105220 0.020510720 0.014634720 0.006214070 0.007254370 0.023723040 0.022894810 0.024081460 0.027348330 0.017937580 0.019349770 0.022242110 0.024366360 0.006038350 0.002334010 0.002301360 0.003711330 0.003435300 0.017398780 0.004114140 0.027524450 0.002352570 0.012930520 
10     0.032517460 0.036457510 0.033398940 0.032806830 0.013223230 0.042155480 0.018892440 0.018300890 0.016437230 0.020655570 0.018933010 0.025003200 0.025031710 0.023581380 0.007752330 0.021608550 0.019909530 0.022822930 0.033501760 0.034392670 0.012618720 0.011196420 0.000000000 0.000458660 0.000101420 0.024042850 0.022695640 0.029612980 0.020348030 0.037087300 0.020973170 0.028720970 0.030712440 0.025500350 0.024908130 0.032918160 0.033686780 0.024232540 0.025688220 0.033613580 0.030704810 0.043549480 0.036588140 0.033665630 0.033299400 0.033913810 0.037056630 0.032034750 0.037271830 0.021865890 0.028836570 
44     0.028100270 0.038994270 0.028981750 0.030252610 0.013222870 0.033972910 0.013097630 0.012506080 0.010642420 0.017548080 0.016896380 0.023121300 0.027599510 0.026708550 0.018881310 0.018171410 0.018027630 0.018729100 0.030150080 0.035330170 0.010621440 0.009632020 0.000458660 0.000000000 0.000557420 0.024042490 0.020103290 0.025195790 0.018833140 0.037086940 0.028364330 0.025210000 0.026295250 0.024371080 0.021134270 0.035760940 0.039348890 0.027542540 0.033252520 0.035133110 0.034947020 0.049424710 0.032170950 0.029248440 0.027504590 0.029590580 0.032639440 0.026239940 0.032180190 0.021865530 0.031963740 
23     0.019443450 0.034933080 0.020324930 0.021595790 0.020711370 0.031488230 0.022515050 0.033236630 0.018239950 0.008891260 0.008239560 0.023433890 0.018486980 0.020017060 0.021241300 0.016360670 0.024756210 0.019867240 0.026504140 0.029501940 0.010834710 0.007532010 0.000101420 0.000557420 0.000000000 0.013859030 0.022184110 0.016538970 0.018511280 0.025774240 0.017814660 0.016553180 0.017638430 0.015714260 0.012477450 0.022660810 0.030528270 0.018515010 0.022529710 0.026476290 0.026290200 0.035705120 0.023514130 0.020591620 0.021272750 0.020933760 0.023982620 0.025631100 0.024197820 0.014356220 0.031879650 
46     0.022334980 0.017414570 0.028742810 0.020050050 0.016467170 0.040733010 0.034662830 0.031386240 0.030387730 0.019921300 0.019269600 0.019409920 0.020691890 0.019290000 0.008062480 0.011080780 0.012196660 0.021168410 0.035056280 0.030953510 0.022535150 0.016759420 0.024042850 0.024042490 0.013859030 0.000000000 0.000011220 0.000845790 0.003908010 0.015823190 0.010871380 0.007417380 0.010334890 0.005766260 0.006971660 0.013235820 0.021852830 0.005194650 0.026402870 0.003103990 0.022078280 0.002889010 0.002257820 0.002291060 0.003197290 0.002992240 0.025710640 0.024007740 0.021172660 0.012820770 0.033993360 
28     0.021501240 0.016696590 0.023723360 0.019850270 0.014179170 0.009507860 0.012686060 0.009127730 0.008254360 0.016762280 0.019838500 0.012755470 0.010763460 0.016320770 0.006029160 0.009612710 0.010728590 0.021673910 0.025554920 0.028425500 0.007994460 0.014146650 0.022695640 0.020103290 0.022184110 0.000011220 0.000000000 0.000857010 0.001294060 0.013919090 0.007605680 0.007303830 0.001991690 0.004298190 0.005503590 0.003281250 0.017288050 0.003726580 0.026905980 0.009342710 0.017331970 0.009127730 0.005706530 0.008529780 0.008763090 0.011371320 0.018060060 0.018764250 0.015773460 0.006474810 0.011062620 
43     0.019576900 0.020658860 0.020458380 0.021729240 0.013268340 0.026416740 0.020609920 0.020018370 0.012897010 0.011636870 0.010985170 0.014194220 0.016641410 0.023000440 0.010038310 0.019106280 0.021089220 0.016097360 0.014972830 0.027196750 0.010634810 0.023724060 0.029612980 0.025195790 0.016538970 0.000845790 0.000857010 0.000000000 0.000011660 0.016871540 0.012945720 0.009791390 0.007869640 0.009147510 0.005910700 0.009159200 0.021285870 0.010520460 0.020953690 0.019909540 0.019723450 0.021361710 0.011584480 0.014024870 0.014706000 0.014367010 0.017415870 0.019064350 0.017631070 0.008094870 0.024924820 
42     0.021549210 0.016519220 0.022430690 0.023701550 0.003888170 0.027079470 0.011415910 0.010824360 0.003516840 0.013609180 0.012957480 0.013993570 0.012001560 0.014156430 0.007267260 0.016609020 0.014044040 0.006717190 0.027850850 0.022885360 0.012579550 0.020105220 0.020348030 0.018833140 0.018511280 0.003908010 0.001294060 0.000011660 0.000000000 0.016805540 0.008843780 0.008541930 0.003229790 0.011119820 0.007883010 0.004519350 0.014500660 0.005880610 0.023396640 0.021881850 0.021695760 0.016721860 0.006944630 0.015997180 0.016055990 0.015971750 0.019298160 0.020002350 0.017011560 0.007386920 0.008898280 
21     0.027584690 0.023015960 0.028424860 0.028678810 0.004130530 0.031945490 0.023486880 0.038814420 0.020683100 0.024151290 0.009943660 0.027483820 0.030070850 0.029626430 0.027832270 0.028250290 0.025494890 0.023878390 0.029974740 0.042868720 0.023640360 0.020510720 0.037087300 0.037086940 0.025774240 0.015823190 0.013919090 0.016871540 0.016805540 0.000000000 0.012539490 0.013073500 0.013673290 0.013791090 0.008156550 0.022651090 0.002807260 0.018443840 0.029260930 0.022947060 0.029015840 0.022732080 0.021265200 0.022134130 0.001964580 0.007754510 0.032764820 0.022848510 0.020112410 0.012513370 0.018383050 
35     0.019480930 0.024619580 0.023624800 0.022568790 0.021594120 0.031743080 0.013903590 0.021800900 0.019937240 0.014805410 0.009738850 0.014397700 0.011167800 0.022752850 0.011549960 0.013450870 0.016957100 0.025447090 0.023939760 0.032704060 0.018055870 0.014634720 0.020973170 0.028364330 0.017814660 0.010871380 0.007605680 0.012945720 0.008843780 0.012539490 0.000000000 0.000544790 0.007039020 0.007752070 0.007159850 0.009117510 0.016938630 0.009955090 0.008940070 0.016865430 0.013956660 0.019875540 0.012541090 0.016138550 0.008337950 0.010912960 0.019278640 0.007073300 0.013013550 0.011016430 0.023406270 
40     0.019591110 0.024259070 0.020472590 0.021743450 0.021292270 0.031922250 0.018058270 0.021434980 0.019571320 0.011651080 0.009324240 0.005686910 0.017687330 0.026738050 0.005721010 0.009540780 0.021214000 0.027149110 0.030197750 0.036427510 0.005927250 0.006214070 0.028720970 0.025210000 0.016553180 0.007417380 0.007303830 0.009791390 0.008541930 0.013073500 0.000544790 0.000000000 0.002117060 0.008999260 0.005924910 0.008815660 0.022711290 0.010176920 0.017978620 0.019923750 0.019737660 0.007746920 0.004042580 0.004009930 0.005419900 0.005143870 0.017430080 0.005822710 0.012647630 0.012406100 0.031180950 
24     0.016883490 0.019814730 0.021557840 0.022828700 0.015980130 0.026113260 0.026737330 0.024416800 0.018908040 0.012736330 0.010927600 0.006727210 0.012375190 0.016604990 0.006761310 0.010581080 0.030621000 0.027398890 0.037228770 0.033427010 0.006967550 0.007254370 0.030712440 0.026295250 0.017638430 0.010334890 0.001991690 0.007869640 0.003229790 0.013673290 0.007039020 0.002117060 0.000000000 0.010246970 0.007010160 0.004032320 0.018039120 0.005393580 0.022523790 0.021009000 0.020822910 0.008787220 0.005082880 0.005050230 0.006460200 0.006184170 0.018515330 0.006863010 0.015798330 0.008086540 0.024657620 
26     0.018752190 0.019096890 0.019633670 0.020595360 0.023750010 0.031424650 0.025553690 0.036275270 0.021278590 0.010812160 0.010160460 0.023195880 0.025865520 0.021405090 0.007444380 0.010462680 0.011578560 0.036246140 0.030119100 0.032300430 0.023436220 0.023723040 0.025500350 0.024371080 0.015714260 0.005766260 0.004298190 0.009147510 0.011119820 0.013791090 0.007752070 0.008999260 0.010246970 0.000000000 0.000306020 0.020829970 0.011487650 0.001341990 0.019574180 0.015360610 0.017873300 0.025255890 0.006702360 0.012174720 0.010370950 0.012516860 0.015565720 0.017214200 0.015780920 0.002654720 0.032905190 
49     0.015515380 0.029315530 0.016396860 0.017667720 0.019795660 0.030832430 0.022316880 0.033038460 0.018041780 0.007575350 0.006923650 0.023527820 0.027070920 0.023407900 0.008649780 0.011668080 0.012783960 0.022619620 0.029526880 0.032171950 0.020419160 0.022894810 0.024908130 0.021134270 0.012477450 0.006971660 0.005503590 0.005910700 0.007883010 0.008156550 0.007159850 0.005924910 0.007010160 0.000306020 0.000000000 0.020378950 0.019348410 0.002547390 0.016337370 0.014822580 0.014636490 0.028599190 0.007907760 0.008937910 0.009619040 0.009280050 0.012328910 0.013977390 0.012544110 0.008330370 0.029154280 
32     0.028307390 0.028694600 0.033904170 0.028170070 0.017269690 0.028742660 0.032373160 0.025706360 0.020197600 0.026516910 0.027282740 0.011632460 0.013664750 0.015155080 0.008930450 0.017363570 0.029759880 0.028688450 0.031705780 0.034716570 0.027829520 0.024081460 0.032918160 0.035760940 0.022660810 0.013235820 0.003281250 0.009159200 0.004519350 0.022651090 0.009117510 0.008815660 0.004032320 0.020829970 0.020378950 0.000000000 0.000003350 0.001305200 0.015063150 0.012714870 0.014168330 0.011868230 0.008216660 0.013611980 0.019771530 0.017243780 0.020570190 0.021274380 0.018283590 0.009376100 0.021073660 
9     0.034671580 0.036490740 0.016264500 0.018778180 0.006501930 0.034316890 0.025858280 0.035250120 0.033386460 0.033260830 0.028051360 0.027111310 0.023881410 0.030784360 0.022937250 0.017491230 0.028259080 0.033230650 0.035293730 0.040473820 0.028509550 0.027348330 0.033686780 0.039348890 0.030528270 0.021852830 0.017288050 0.021285870 0.014500660 0.002807260 0.016938630 0.022711290 0.018039120 0.011487650 0.019348410 0.000003350 0.000000000 0.004453770 0.014518440 0.014213790 0.014273350 0.021111710 0.012047820 0.014851000 0.004335980 0.010125910 0.031393700 0.017147200 0.020602690 0.020051420 0.043096730 
6     0.029668650 0.026401590 0.037520640 0.029531330 0.018630950 0.030103920 0.033708850 0.027067620 0.021558860 0.029167370 0.027927700 0.017018020 0.015026010 0.024038800 0.006872770 0.007589680 0.011006950 0.025824390 0.025999670 0.035609490 0.018608000 0.017937580 0.024232540 0.027542540 0.018515010 0.005194650 0.003726580 0.010520460 0.005880610 0.018443840 0.009955090 0.010176920 0.005393580 0.001341990 0.002547390 0.001305200 0.004453770 0.000000000 0.009835400 0.005268730 0.006722190 0.011718190 0.005366020 0.009772730 0.018583120 0.013547650 0.021931450 0.022635640 0.019644850 0.010737360 0.018780650 
5     0.031029010 0.039748390 0.031910490 0.033181350 0.031768470 0.040220660 0.037830510 0.042861690 0.033555410 0.023088980 0.020052800 0.019112750 0.015882850 0.030765450 0.016265010 0.018165920 0.022369000 0.013986410 0.028654810 0.045449360 0.028594980 0.019349770 0.025688220 0.033252520 0.022529710 0.026402870 0.026905980 0.020953690 0.023396640 0.029260930 0.008940070 0.017978620 0.022523790 0.019574180 0.016337370 0.015063150 0.014518440 0.009835400 0.000000000 0.000038050 0.001018100 0.001628540 0.005929670 0.005816290 0.021536970 0.021197980 0.024246840 0.025895320 0.024462040 0.015731480 0.031141350 
47     0.029514220 0.038455480 0.030395700 0.031666560 0.026607990 0.045288900 0.036315720 0.047037300 0.032040620 0.021574190 0.020922490 0.026930730 0.023808210 0.036887280 0.022339360 0.011894210 0.022064350 0.023192940 0.030304200 0.042631680 0.022912530 0.022242110 0.033613580 0.035133110 0.026476290 0.003103990 0.009342710 0.019909540 0.021881850 0.022947060 0.016865430 0.019923750 0.021009000 0.015360610 0.014822580 0.012714870 0.014213790 0.005268730 0.000038050 0.000000000 0.000339430 0.001128530 0.000155470 0.000186690 0.020022180 0.017852180 0.022732050 0.024380530 0.022947250 0.016784110 0.030325910 
48     0.021578970 0.041099060 0.026182010 0.021153640 0.034325950 0.045102810 0.036129630 0.046781510 0.031854530 0.021388100 0.020736400 0.024129340 0.020899440 0.035165810 0.021281600 0.023182510 0.022123910 0.023252500 0.033671400 0.050465950 0.028462810 0.024366360 0.030704810 0.034947020 0.026290200 0.022078280 0.017331970 0.019723450 0.021695760 0.029015840 0.013956660 0.019737660 0.020822910 0.017873300 0.014636490 0.014168330 0.014273350 0.006722190 0.001018100 0.000339430 0.000000000 0.001242500 0.003734200 0.003771240 0.012062780 0.014671010 0.022545960 0.024194440 0.019726040 0.016843670 0.033737730 
34     0.036000590 0.042359400 0.044108200 0.040372580 0.026393010 0.040945170 0.044575670 0.037908870 0.032400110 0.041954650 0.037914060 0.005511190 0.025867260 0.032955610 0.005545290 0.009365060 0.043669680 0.040890960 0.043993800 0.046919080 0.005751530 0.006038350 0.043549480 0.049424710 0.035705120 0.002889010 0.009127730 0.021361710 0.016721860 0.022732080 0.019875540 0.007746920 0.008787220 0.025255890 0.028599190 0.011868230 0.021111710 0.011718190 0.001628540 0.001128530 0.001242500 0.000000000 0.000909490 0.000942730 0.005244140 0.004968110 0.018931590 0.005646950 0.029829780 0.021578610 0.050558950 
36     0.026552060 0.037794560 0.027433540 0.028703350 0.019694970 0.031167940 0.033353560 0.028131640 0.022622880 0.018612030 0.017960330 0.001806850 0.016090030 0.036318100 0.001840950 0.005660720 0.016367320 0.031113730 0.027939270 0.037141850 0.002047190 0.002334010 0.036588140 0.032170950 0.023514130 0.002257820 0.005706530 0.011584480 0.006944630 0.021265200 0.012541090 0.004042580 0.005082880 0.006702360 0.007907760 0.008216660 0.012047820 0.005366020 0.005929670 0.000155470 0.003734200 0.000909490 0.000000000 0.000032520 0.001539800 0.001263770 0.015227250 0.001942610 0.017777230 0.011801380 0.044514730 
25     0.019295470 0.038815560 0.023898510 0.018870140 0.025795060 0.039404230 0.030431050 0.038178120 0.026155950 0.015689520 0.015037820 0.001774200 0.026136510 0.042477300 0.001808300 0.005628070 0.044199670 0.037588250 0.032345980 0.044673460 0.002014540 0.002301360 0.033665630 0.029248440 0.020591620 0.002291060 0.008529780 0.014024870 0.015997180 0.022134130 0.016138550 0.004009930 0.005050230 0.012174720 0.008937910 0.013611980 0.014851000 0.009772730 0.005816290 0.000186690 0.003771240 0.000942730 0.000032520 0.000000000 0.001507150 0.001231120 0.015194600 0.001909960 0.017062580 0.016444540 0.041565050 
17     0.016342930 0.026873720 0.020945970 0.015917600 0.005625510 0.029834960 0.020087360 0.019495810 0.017632150 0.016370650 0.015718950 0.003184170 0.027476720 0.024576710 0.003218270 0.007038040 0.018193990 0.018194410 0.031427060 0.036607150 0.003424510 0.003711330 0.033299400 0.027504590 0.021272750 0.003197290 0.008763090 0.014706000 0.016055990 0.001964580 0.008337950 0.005419900 0.006460200 0.010370950 0.009619040 0.019771530 0.004335980 0.018583120 0.021536970 0.020022180 0.012062780 0.005244140 0.001539800 0.001507150 0.000000000 0.000006260 0.002271020 0.000005230 0.000322220 0.012292840 0.019249580 
16     0.018951160 0.030919750 0.023554200 0.018525830 0.011415440 0.032106730 0.022662370 0.022070820 0.020207160 0.009811060 0.009187160 0.002908140 0.025117150 0.027058690 0.002942240 0.006762010 0.011334810 0.011335230 0.031568060 0.036748150 0.003148480 0.003435300 0.033913810 0.029590580 0.020933760 0.002992240 0.011371320 0.014367010 0.015971750 0.007754510 0.010912960 0.005143870 0.006184170 0.012516860 0.009280050 0.017243780 0.010125910 0.013547650 0.021197980 0.017852180 0.014671010 0.004968110 0.001263770 0.001231120 0.000006260 0.000000000 0.003325950 0.000678900 0.001377150 0.016199940 0.032971220 
50     0.027020550 0.030838960 0.027902030 0.029172890 0.032018370 0.041514600 0.033822050 0.040485170 0.029546950 0.019080520 0.018428820 0.016359090 0.021083410 0.013098300 0.016905720 0.020725490 0.025114430 0.025114850 0.031789830 0.036969920 0.017111960 0.017398780 0.037056630 0.032639440 0.023982620 0.025710640 0.018060060 0.017415870 0.019298160 0.032764820 0.019278640 0.017430080 0.018515330 0.015565720 0.012328910 0.020570190 0.031393700 0.021931450 0.024246840 0.022732050 0.022545960 0.018931590 0.015227250 0.015194600 0.002271020 0.003325950 0.000000000 0.001840070 0.001350480 0.016751720 0.023214820 
45     0.028669030 0.036383100 0.029550510 0.030821370 0.023146200 0.040907940 0.018822710 0.018231160 0.016367500 0.020729000 0.020077300 0.003586980 0.029147750 0.027482590 0.003621080 0.007440850 0.027595800 0.027596220 0.031030650 0.037172050 0.003827320 0.004114140 0.032034750 0.026239940 0.025631100 0.024007740 0.018764250 0.019064350 0.020002350 0.022848510 0.007073300 0.005822710 0.006863010 0.017214200 0.013977390 0.021274380 0.017147200 0.022635640 0.025895320 0.024380530 0.024194440 0.005646950 0.001942610 0.001909960 0.000005230 0.000678900 0.001840070 0.000000000 0.000316990 0.018785330 0.034257560 
14     0.024006190 0.036072680 0.023590500 0.023580860 0.029086450 0.032765730 0.024762960 0.024171410 0.022307750 0.019295720 0.018644020 0.021366430 0.026090750 0.018105640 0.020593160 0.023700330 0.025633370 0.025633790 0.030454270 0.035634360 0.029253680 0.027524450 0.037271830 0.032180190 0.024197820 0.021172660 0.015773460 0.017631070 0.017011560 0.020112410 0.013013550 0.012647630 0.015798330 0.015780920 0.012544110 0.018283590 0.020602690 0.019644850 0.024462040 0.022947250 0.019726040 0.029829780 0.017777230 0.017062580 0.000322220 0.001377150 0.001350480 0.000316990 0.000000000 0.020050740 0.042222240 
20     0.012493530 0.011210260 0.015093580 0.013440610 0.009462500 0.029284060 0.016464740 0.015873190 0.009091170 0.009454120 0.008802420 0.010766530 0.016323450 0.020486730 0.011589150 0.004725830 0.012614900 0.012291520 0.019243170 0.030176190 0.004368800 0.002352570 0.021865890 0.021865530 0.014356220 0.012820770 0.006474810 0.008094870 0.007386920 0.012513370 0.011016430 0.012406100 0.008086540 0.002654720 0.008330370 0.009376100 0.020051420 0.010737360 0.015731480 0.016784110 0.016843670 0.021578610 0.011801380 0.016444540 0.012292840 0.016199940 0.016751720 0.018785330 0.020050740 0.000000000 0.015886210 
0     0.045720560 0.016422700 0.044311890 0.038201230 0.049232770 0.061431560 0.061782180 0.064144740 0.052868910 0.013930610 0.022301650 0.033670800 0.037481120 0.014125690 0.022451410 0.006312880 0.042056080 0.044103830 0.040287320 0.053588960 0.021638500 0.012930520 0.028836570 0.031963740 0.031879650 0.033993360 0.011062620 0.024924820 0.008898280 0.018383050 0.023406270 0.031180950 0.024657620 0.032905190 0.029154280 0.021073660 0.043096730 0.018780650 0.031141350 0.030325910 0.033737730 0.050558950 0.044514730 0.041565050 0.019249580 0.032971220 0.023214820 0.034257560 0.042222240 0.015886210 0.000000000 
