51
2     0.000000000 0.054973501 0.053806991 0.052060566 0.222138695 0.232686189 0.238240364 0.234876483 0.226811185 0.185380736 0.185837672 0.175072862 0.194068935 0.185445509 0.140688134 0.181143539 0.178064038 0.184135690 0.233353943 0.253330057 0.164281398 0.165374811 0.201170480 0.199440026 0.177390017 0.182398855 0.120816534 0.124067097 0.123872115 0.228258963 0.134871418 0.134010825 0.205661434 0.191728812 0.190133483 0.173158362 0.188698939 0.189175253 0.211192620 0.210273336 0.211227502 0.230031961 0.188381945 0.212421781 0.155654092 0.155117809 0.193062370 0.188528034 0.178507686 0.113988365 0.454720517 
3     0.054973501 0.000000000 0.065151223 0.063116686 0.234029061 0.244568031 0.250122205 0.246758325 0.238693027 0.197271103 0.197728038 0.186968421 0.205964494 0.197341068 0.152583694 0.193059136 0.189946010 0.196017662 0.245299194 0.265275307 0.176249686 0.177317850 0.213198109 0.211467655 0.189417645 0.194266166 0.132683845 0.135934408 0.135739427 0.240164462 0.146774353 0.145913760 0.217566311 0.203684137 0.202092389 0.185025673 0.200566250 0.201042565 0.223030696 0.222111413 0.223065578 0.241870038 0.200249256 0.224289093 0.167521403 0.166985120 0.204929682 0.200395346 0.190374998 0.125861520 0.466552931 
1     0.053806991 0.065151223 0.000000000 0.027126899 0.233030660 0.243578154 0.249102290 0.245768448 0.237703150 0.196275540 0.196732476 0.185972858 0.204968931 0.196345506 0.151588131 0.192063574 0.188950448 0.195022100 0.244303631 0.264279744 0.175254123 0.176322288 0.212202546 0.210472092 0.188422083 0.193264781 0.131682460 0.134933023 0.134738042 0.239168899 0.145779560 0.144918967 0.216570748 0.202678973 0.201087225 0.183901909 0.199359258 0.199914442 0.221976082 0.221056799 0.222010965 0.240815424 0.199165407 0.223205244 0.166520325 0.165984042 0.203928603 0.199394267 0.189373919 0.124908735 0.465604903 
4     0.052060566 0.063116686 0.027126899 0.000000000 0.231057885 0.241605379 0.247126864 0.243795674 0.235730375 0.194302765 0.194759701 0.184000084 0.202996157 0.194372731 0.149615356 0.190090799 0.186977673 0.193049325 0.242330856 0.262306970 0.173281349 0.174349513 0.210229771 0.208499317 0.186449308 0.191292007 0.129709685 0.132960248 0.132765267 0.237196125 0.143806785 0.142946192 0.214597974 0.200706198 0.199114450 0.181929134 0.197386483 0.197941668 0.220003308 0.219084024 0.220038190 0.238842649 0.197192633 0.221232469 0.164547550 0.164011267 0.201955829 0.197421492 0.187401145 0.122935960 0.463632128 
12     0.222138695 0.234029061 0.233030660 0.231057885 0.000000000 0.133502778 0.138894395 0.135402457 0.127800764 0.226194270 0.226644271 0.226853367 0.245565223 0.237176023 0.192095134 0.232140536 0.229263751 0.235406946 0.284703541 0.304679654 0.215269554 0.216327806 0.252188786 0.250458332 0.228413160 0.247535201 0.185226626 0.188772077 0.188516688 0.292173763 0.198977334 0.198116741 0.269455871 0.255448193 0.253856445 0.237004192 0.252554099 0.253030666 0.274567021 0.273579171 0.274533337 0.293798146 0.252007581 0.276047417 0.219922628 0.219386345 0.257447015 0.252912679 0.242892331 0.191630899 0.553233569 
8     0.232686189 0.244568031 0.243578154 0.241605379 0.133502778 0.000000000 0.051742495 0.046699031 0.062401871 0.236983976 0.237450785 0.237312110 0.255957616 0.247634765 0.202565345 0.242849156 0.239952805 0.246114378 0.295003945 0.314895103 0.225840823 0.226909423 0.262778432 0.261047978 0.238993950 0.258297851 0.195902452 0.199471580 0.199216191 0.302797075 0.209600646 0.208740054 0.280080178 0.266068453 0.264476705 0.247634649 0.263184556 0.263661123 0.285488112 0.284500263 0.285454428 0.304270668 0.262667652 0.286707489 0.230521184 0.229984901 0.268045572 0.263511235 0.253490888 0.202296117 0.563902546 
30     0.238240364 0.250122205 0.249102290 0.247126864 0.138894395 0.051742495 0.000000000 0.042003228 0.070224437 0.242698240 0.243148242 0.243018094 0.261669925 0.253340749 0.208272013 0.248558161 0.245658789 0.251820362 0.300709929 0.320601086 0.231546806 0.232615406 0.268484416 0.266753962 0.244699933 0.263986749 0.201593560 0.205162687 0.204907298 0.308458910 0.215232027 0.214375358 0.285744952 0.271752258 0.270160510 0.253323548 0.268873455 0.269350022 0.291177011 0.290189162 0.291143327 0.309959567 0.268356551 0.292396387 0.236210083 0.235673800 0.273734470 0.269200134 0.259179786 0.207955263 0.569551710 
22     0.234876483 0.246758325 0.245768448 0.243795674 0.135402457 0.046699031 0.042003228 0.000000000 0.065522786 0.239179699 0.239646508 0.239517202 0.258162708 0.249839857 0.204771121 0.245054248 0.242157898 0.248319471 0.297209037 0.317100195 0.228045915 0.229114515 0.264983525 0.263253071 0.241199042 0.260488145 0.198092747 0.201661874 0.201406486 0.304987370 0.211790941 0.210930348 0.282270473 0.268258747 0.266667000 0.249824943 0.265374850 0.265851417 0.287678406 0.286690557 0.287644723 0.306460962 0.264857947 0.288897783 0.232711479 0.232175196 0.270235866 0.265701530 0.255681182 0.204486411 0.566092840 
7     0.226811185 0.238693027 0.237703150 0.235730375 0.127800764 0.062401871 0.070224437 0.065522786 0.000000000 0.231083545 0.231550354 0.231502226 0.250170595 0.241678339 0.196818202 0.237199138 0.234310675 0.240472248 0.289592213 0.309568326 0.220202983 0.221270756 0.257140593 0.255410139 0.233356111 0.252415208 0.190019810 0.193588937 0.193333549 0.296890649 0.203694220 0.202833627 0.274172757 0.260083911 0.258492163 0.241780807 0.257330714 0.257807281 0.279500057 0.278512207 0.279466373 0.298282613 0.256680685 0.280720521 0.224667343 0.224131059 0.262191730 0.257657393 0.247637046 0.196409157 0.558029838 
15     0.185380736 0.197271103 0.196275540 0.194302765 0.226194270 0.236983976 0.242698240 0.239179699 0.231083545 0.000000000 0.029842828 0.189725852 0.208607301 0.200066165 0.155149837 0.195759909 0.193089844 0.199236839 0.248275642 0.268251756 0.179010496 0.180082455 0.215956324 0.214225870 0.192079071 0.210931650 0.148625482 0.152204677 0.151943014 0.255149211 0.162023587 0.161162994 0.232403199 0.218155811 0.216564063 0.200661283 0.216181346 0.216657914 0.238710312 0.237805394 0.238759559 0.257561113 0.215770547 0.239810384 0.182775438 0.182239155 0.220323184 0.215788848 0.205768500 0.154919676 0.516422996 
29     0.185837672 0.197728038 0.196732476 0.194759701 0.226644271 0.237450785 0.243148242 0.239646508 0.231550354 0.029842828 0.000000000 0.190176952 0.209058402 0.200517265 0.155600938 0.196215321 0.193546780 0.199693775 0.248724984 0.268701097 0.179467432 0.180539391 0.216413260 0.214682806 0.192536007 0.211388586 0.149082418 0.152661613 0.152399949 0.255606843 0.162425150 0.161564558 0.232666608 0.218611362 0.217019614 0.201118219 0.216638282 0.217114849 0.239167248 0.238262330 0.239216495 0.258018049 0.216227483 0.240267319 0.183232374 0.182696091 0.220780120 0.216245784 0.206225436 0.155376612 0.516879932 
37     0.175072862 0.186968421 0.185972858 0.184000084 0.226853367 0.237312110 0.243018094 0.239517202 0.231502226 0.189725852 0.190176952 0.000000000 0.084275319 0.095651874 0.101832162 0.172562420 0.170189255 0.176414021 0.225444460 0.244746163 0.156128043 0.156969852 0.193140291 0.191409837 0.169351450 0.200122228 0.137806161 0.141374817 0.140858579 0.244389884 0.151817046 0.150956453 0.222158654 0.207795556 0.206203809 0.189390243 0.204929089 0.205465885 0.227557470 0.226656383 0.227610549 0.246342484 0.204668525 0.228708361 0.172247599 0.171711316 0.209811200 0.205276864 0.195255154 0.144708050 0.506262444 
33     0.194068935 0.205964494 0.204968931 0.202996157 0.245565223 0.255957616 0.261669925 0.258162708 0.250170595 0.208607301 0.209058402 0.084275319 0.000000000 0.115873665 0.120920776 0.191514573 0.189220482 0.195445248 0.244538753 0.264159038 0.175153634 0.176000134 0.212165882 0.210435428 0.188377041 0.219171349 0.156855282 0.160423938 0.159849458 0.263498435 0.170893249 0.170032657 0.241229402 0.226872575 0.225280828 0.208304688 0.223843534 0.224380330 0.246359021 0.245457935 0.246412100 0.265144036 0.223457137 0.247496973 0.191294728 0.190758445 0.228858328 0.224323992 0.214302282 0.163718289 0.525245605 
18     0.185445509 0.197341068 0.196345506 0.194372731 0.237176023 0.247634765 0.253340749 0.249839857 0.241678339 0.200066165 0.200517265 0.095651874 0.115873665 0.000000000 0.112294303 0.182971137 0.180511770 0.186662165 0.235790084 0.255734503 0.166436482 0.167242996 0.203446394 0.201715940 0.179657553 0.210458107 0.148142039 0.151710696 0.151226656 0.254829017 0.162223832 0.161363239 0.232559984 0.218298392 0.216706644 0.199750899 0.215289745 0.215820906 0.237912491 0.237011405 0.237965570 0.256645934 0.215023546 0.239063383 0.182602621 0.182066338 0.220166221 0.215631885 0.205610175 0.155088374 0.516655008 
31     0.140688134 0.152583694 0.151588131 0.149615356 0.192095134 0.202565345 0.208272013 0.204771121 0.196818202 0.155149837 0.155600938 0.101832162 0.120920776 0.112294303 0.000000000 0.138505884 0.136086618 0.142237014 0.191310976 0.211363203 0.121939621 0.122976262 0.158706232 0.156989835 0.135002164 0.165755125 0.103482552 0.107010054 0.106671265 0.210383717 0.117495292 0.116634699 0.187850098 0.173634415 0.172042667 0.155007947 0.170546793 0.171046851 0.193175658 0.192280704 0.193234870 0.211987786 0.170245858 0.194285694 0.137779922 0.137243639 0.175343523 0.170809186 0.160787477 0.110262027 0.471864671 
41     0.181143539 0.193059136 0.192063574 0.190090799 0.232140536 0.242849156 0.248558161 0.245054248 0.237199138 0.195759909 0.196215321 0.172562420 0.191514573 0.182971137 0.138505884 0.000000000 0.160771357 0.167025567 0.216899848 0.236799001 0.147416980 0.148262111 0.183905392 0.182179793 0.160288433 0.206254768 0.143691192 0.147239996 0.147157154 0.250514648 0.157611277 0.156750684 0.227789366 0.213893075 0.212301327 0.195122489 0.210672396 0.211133557 0.233024716 0.232146163 0.233100329 0.251876041 0.210139401 0.234180816 0.178336474 0.177800191 0.215943565 0.211409229 0.201338102 0.150912507 0.512178607 
38     0.178064038 0.189946010 0.188950448 0.186977673 0.229263751 0.239952805 0.245658789 0.242157898 0.234310675 0.193089844 0.193546780 0.170189255 0.189220482 0.180511770 0.136086618 0.160771357 0.000000000 0.062821744 0.180298934 0.200476206 0.134879918 0.135909166 0.171260880 0.169528694 0.147759176 0.203143300 0.140868261 0.144475956 0.144267759 0.247501986 0.154588020 0.153727427 0.224830561 0.210892639 0.209300892 0.191946589 0.207496496 0.207957657 0.230247388 0.229467872 0.230422037 0.249197749 0.207462688 0.231502524 0.175062578 0.174526295 0.212710683 0.208176347 0.197923319 0.148039637 0.509334480 
11     0.184135690 0.196017662 0.195022100 0.193049325 0.235406946 0.246114378 0.251820362 0.248319471 0.240472248 0.199236839 0.199693775 0.176414021 0.195445248 0.186662165 0.142237014 0.167025567 0.062821744 0.000000000 0.186508447 0.206773866 0.141167379 0.142196627 0.177548341 0.175816155 0.154046637 0.209045551 0.146774677 0.150382372 0.150174175 0.253394005 0.160389181 0.159551113 0.230690220 0.216786177 0.215194429 0.197855352 0.213405259 0.213866421 0.236074739 0.235376635 0.236330801 0.255106513 0.213371451 0.237411288 0.180978421 0.180442138 0.218626526 0.214092190 0.203839162 0.153968808 0.515400926 
19     0.233353943 0.245299194 0.244303631 0.242330856 0.284703541 0.295003945 0.300709929 0.297209037 0.289592213 0.248275642 0.248724984 0.225444460 0.244538753 0.235790084 0.191310976 0.216899848 0.180298934 0.186508447 0.000000000 0.087244674 0.190017643 0.190971164 0.226794789 0.225062602 0.202954995 0.258423773 0.196100045 0.199706613 0.199407255 0.302786344 0.209860717 0.209000124 0.280102791 0.266043338 0.264451590 0.247158604 0.262710756 0.263171918 0.285598313 0.284719760 0.285673926 0.304449637 0.262714576 0.286754412 0.230315136 0.229778853 0.267939930 0.263405594 0.251130855 0.203291311 0.564545034 
27     0.253330057 0.265275307 0.264279744 0.262306970 0.304679654 0.314895103 0.320601086 0.317100195 0.309568326 0.268251756 0.268701097 0.244746163 0.264159038 0.255734503 0.211363203 0.236799001 0.200476206 0.206773866 0.087244674 0.000000000 0.209867074 0.210820595 0.246582179 0.244849993 0.222742386 0.278399887 0.216076158 0.219682726 0.219326925 0.322762457 0.229836830 0.228976238 0.300078904 0.286019451 0.284427703 0.267134718 0.282686870 0.283148031 0.305574426 0.304695873 0.305650039 0.324425751 0.282690689 0.306730525 0.250291249 0.249754966 0.287916043 0.283381707 0.271101364 0.223267425 0.584521148 
39     0.164281398 0.176249686 0.175254123 0.173281349 0.215269554 0.225840823 0.231546806 0.228045915 0.220202983 0.179010496 0.179467432 0.156128043 0.175153634 0.166436482 0.121939621 0.147416980 0.134879918 0.141167379 0.190017643 0.209867074 0.000000000 0.071221127 0.126570558 0.124848757 0.102730432 0.189417410 0.127028623 0.130578043 0.130301578 0.234009080 0.141138497 0.140277904 0.211380630 0.197237641 0.195645893 0.178370910 0.193920817 0.194352171 0.216586294 0.215687556 0.216641722 0.235499295 0.193695675 0.217724242 0.161441007 0.160904724 0.199043944 0.194509608 0.184262673 0.134037218 0.495471412 
13     0.165374811 0.177317850 0.176322288 0.174349513 0.216327806 0.226909423 0.232615406 0.229114515 0.221270756 0.180082455 0.180539391 0.156969852 0.176000134 0.167242996 0.122976262 0.148262111 0.135909166 0.142196627 0.190971164 0.210820595 0.071221127 0.000000000 0.127756980 0.126016104 0.103869024 0.190507949 0.128146642 0.131722525 0.131440532 0.235059383 0.142180886 0.141320293 0.212423019 0.198280029 0.196688282 0.179561673 0.195111580 0.195542934 0.217802493 0.216923941 0.217878106 0.236715495 0.194936082 0.218975918 0.162524120 0.161987837 0.200117823 0.195583487 0.185336552 0.135158989 0.495997320 
10     0.201170480 0.213198109 0.212202546 0.210229771 0.252188786 0.262778432 0.268484416 0.264983525 0.257140593 0.215956324 0.216413260 0.193140291 0.212165882 0.203446394 0.158706232 0.183905392 0.171260880 0.177548341 0.226794789 0.246582179 0.126570558 0.127756980 0.000000000 0.051693712 0.077251327 0.226369944 0.164013933 0.167587907 0.167305914 0.270963106 0.178084609 0.177224016 0.248326742 0.234183752 0.232592004 0.215437461 0.230987368 0.231391672 0.253671220 0.252792668 0.253746833 0.272584222 0.230804809 0.254844645 0.198388612 0.197852328 0.236012676 0.231478340 0.221231405 0.171028334 0.532419835 
44     0.199440026 0.211467655 0.210472092 0.208499317 0.250458332 0.261047978 0.266753962 0.263253071 0.255410139 0.214225870 0.214682806 0.191409837 0.210435428 0.201715940 0.156989835 0.182179793 0.169528694 0.175816155 0.225062602 0.244849993 0.124848757 0.126016104 0.051693712 0.000000000 0.074761503 0.224639490 0.162283479 0.165857453 0.165575460 0.269232652 0.176354155 0.175493562 0.246596288 0.232453298 0.230861550 0.213707007 0.229256914 0.229661218 0.251940766 0.251062213 0.252016379 0.270853767 0.229074355 0.253114191 0.196658157 0.196121874 0.234282222 0.229747886 0.219500951 0.169297880 0.530689381 
23     0.177390017 0.189417645 0.188422083 0.186449308 0.228413160 0.238993950 0.244699933 0.241199042 0.233356111 0.192079071 0.192536007 0.169351450 0.188377041 0.179657553 0.135002164 0.160288433 0.147759176 0.154046637 0.202954995 0.222742386 0.102730432 0.103869024 0.077251327 0.074761503 0.000000000 0.202574323 0.140233456 0.143807431 0.143525437 0.247181642 0.154303145 0.153442552 0.224545278 0.210402288 0.208810541 0.191656997 0.207206904 0.207611208 0.229890757 0.229012204 0.229966369 0.248803758 0.207024345 0.231064181 0.174607148 0.174070865 0.212231212 0.207696876 0.197449942 0.147247870 0.508639371 
46     0.182398855 0.194266166 0.193264781 0.191292007 0.247535201 0.258297851 0.263986749 0.260488145 0.252415208 0.210931650 0.211388586 0.200122228 0.219171349 0.210458107 0.165755125 0.206254768 0.203143300 0.209045551 0.258423773 0.278399887 0.189417410 0.190507949 0.226369944 0.224639490 0.202574323 0.000000000 0.123310384 0.126505829 0.126515197 0.249408514 0.155994225 0.155132704 0.227093915 0.212156724 0.210564976 0.194153781 0.209690891 0.210162963 0.232841528 0.231849018 0.232803184 0.251681040 0.209765400 0.233805236 0.175938164 0.175401881 0.213660630 0.209126294 0.199182984 0.151664814 0.512702226 
28     0.120816534 0.132683845 0.131682460 0.129709685 0.185226626 0.195902452 0.201593560 0.198092747 0.190019810 0.148625482 0.149082418 0.137806161 0.156855282 0.148142039 0.103482552 0.143691192 0.140868261 0.146774677 0.196100045 0.216076158 0.127028623 0.128146642 0.164013933 0.162283479 0.140233456 0.123310384 0.000000000 0.061060299 0.061012036 0.187819426 0.094630471 0.093768951 0.165578025 0.150318664 0.148726916 0.132234767 0.147771877 0.148243949 0.170950080 0.170032186 0.170986351 0.189864207 0.147948567 0.171988403 0.114335609 0.113799326 0.152039871 0.147505535 0.137485482 0.090176836 0.451205299 
43     0.124067097 0.135934408 0.134933023 0.132960248 0.188772077 0.199471580 0.205162687 0.201661874 0.193588937 0.152204677 0.152661613 0.141374817 0.160423938 0.151710696 0.107010054 0.147239996 0.144475956 0.150382372 0.199706613 0.219682726 0.130578043 0.131722525 0.167587907 0.165857453 0.143807431 0.126505829 0.061060299 0.000000000 0.024347080 0.190946547 0.097831468 0.096969947 0.168792810 0.153409337 0.151817589 0.135802675 0.151339785 0.151810824 0.174404620 0.173486725 0.174440891 0.193318747 0.151403107 0.175442943 0.117502470 0.116966187 0.155243072 0.150708736 0.140688683 0.092985929 0.454455210 
42     0.123872115 0.135739427 0.134738042 0.132765267 0.188516688 0.199216191 0.204907298 0.201406486 0.193333549 0.151943014 0.152399949 0.140858579 0.159849458 0.151226656 0.106671265 0.147157154 0.144267759 0.150174175 0.199407255 0.219326925 0.130301578 0.131440532 0.167305914 0.165575460 0.143525437 0.126515197 0.061012036 0.024347080 0.000000000 0.190801020 0.097685940 0.096824420 0.168647283 0.153282136 0.151690388 0.135647387 0.151169685 0.151665680 0.174234374 0.173316479 0.174270645 0.193064919 0.151232860 0.175272697 0.117371942 0.116835659 0.155115696 0.150581360 0.140558155 0.092743815 0.454260228 
21     0.228258963 0.240164462 0.239168899 0.237196125 0.292173763 0.302797075 0.308458910 0.304987370 0.296890649 0.255149211 0.255606843 0.244389884 0.263498435 0.254829017 0.210383717 0.250514648 0.247501986 0.253394005 0.302786344 0.322762457 0.234009080 0.235059383 0.270963106 0.269232652 0.247181642 0.249408514 0.187819426 0.190946547 0.190801020 0.000000000 0.168075840 0.167238519 0.238424647 0.236752385 0.235160637 0.232407517 0.247963973 0.248465389 0.270611280 0.269604245 0.270558411 0.289348838 0.247520372 0.271560208 0.215588077 0.215051794 0.252852081 0.248317745 0.238297397 0.197595050 0.558949093 
35     0.134871418 0.146774353 0.145779560 0.143806785 0.198977334 0.209600646 0.215232027 0.211790941 0.203694220 0.162023587 0.162425150 0.151817046 0.170893249 0.162223832 0.117495292 0.157611277 0.154588020 0.160389181 0.209860717 0.229836830 0.141138497 0.142180886 0.178084609 0.176354155 0.154303145 0.155994225 0.094630471 0.097831468 0.097685940 0.168075840 0.000000000 0.028490879 0.136632174 0.143470417 0.141878669 0.139669504 0.155227687 0.155727376 0.177727003 0.176719968 0.177674134 0.196464561 0.154636095 0.178675931 0.122754020 0.122217737 0.159713242 0.155178906 0.145158558 0.104729032 0.465718438 
40     0.134010825 0.145913760 0.144918967 0.142946192 0.198116741 0.208740054 0.214375358 0.210930348 0.202833627 0.161162994 0.161564558 0.150956453 0.170032657 0.161363239 0.116634699 0.156750684 0.153727427 0.159551113 0.209000124 0.228976238 0.140277904 0.141320293 0.177224016 0.175493562 0.153442552 0.155132704 0.093768951 0.096969947 0.096824420 0.167238519 0.028490879 0.000000000 0.135707324 0.142604871 0.141013123 0.138808911 0.154367095 0.154866783 0.176866410 0.175859375 0.176813541 0.195603968 0.153775502 0.177815338 0.121893428 0.121357144 0.158854518 0.154320182 0.144299834 0.103868440 0.464857845 
24     0.205661434 0.217566311 0.216570748 0.214597974 0.269455871 0.280080178 0.285744952 0.282270473 0.274172757 0.232403199 0.232666608 0.222158654 0.241229402 0.232559984 0.187850098 0.227789366 0.224830561 0.230690220 0.280102791 0.300078904 0.211380630 0.212423019 0.248326742 0.246596288 0.224545278 0.227093915 0.165578025 0.168792810 0.168647283 0.238424647 0.136632174 0.135707324 0.000000000 0.214316378 0.212724630 0.210767234 0.226318217 0.226817906 0.248691298 0.247684424 0.248638590 0.267429017 0.225600551 0.249640387 0.193660997 0.193124714 0.230673715 0.226139379 0.216119031 0.175429476 0.535702026 
26     0.191728812 0.203684137 0.202678973 0.200706198 0.255448193 0.266068453 0.271752258 0.268258747 0.260083911 0.218155811 0.218611362 0.207795556 0.226872575 0.218298392 0.173634415 0.213893075 0.210892639 0.216786177 0.266043338 0.286019451 0.197237641 0.198280029 0.234183752 0.232453298 0.210402288 0.212156724 0.150318664 0.153409337 0.153282136 0.236752385 0.143470417 0.142604871 0.214316378 0.000000000 0.029256769 0.196102333 0.211550587 0.212122613 0.233989441 0.232982406 0.233936572 0.252702693 0.210888757 0.234928593 0.177999721 0.177463438 0.215230538 0.210696201 0.200675854 0.161019004 0.522605829 
49     0.190133483 0.202092389 0.201087225 0.199114450 0.253856445 0.264476705 0.270160510 0.266667000 0.258492163 0.216564063 0.217019614 0.206203809 0.225280828 0.216706644 0.172042667 0.212301327 0.209300892 0.215194429 0.264451590 0.284427703 0.195645893 0.196688282 0.232592004 0.230861550 0.208810541 0.210564976 0.148726916 0.151817589 0.151690388 0.235160637 0.141878669 0.141013123 0.212724630 0.029256769 0.000000000 0.194510585 0.209959521 0.210530865 0.232397693 0.231390659 0.232344824 0.251110945 0.209297009 0.233336845 0.176407974 0.175871690 0.213638790 0.209104454 0.199084106 0.159427256 0.521014082 
32     0.173158362 0.185025673 0.183901909 0.181929134 0.237004192 0.247634649 0.253323548 0.249824943 0.241780807 0.200661283 0.201118219 0.189390243 0.208304688 0.199750899 0.155007947 0.195122489 0.191946589 0.197855352 0.247158604 0.267134718 0.178370910 0.179561673 0.215437461 0.213707007 0.191656997 0.194153781 0.132234767 0.135802675 0.135647387 0.232407517 0.139669504 0.138808911 0.210767234 0.196102333 0.194510585 0.000000000 0.050574336 0.058970494 0.153789685 0.152625792 0.153574374 0.172387785 0.130462191 0.154484734 0.149404836 0.148868872 0.187294127 0.182759790 0.172736820 0.142682978 0.503044821 
9     0.188698939 0.200566250 0.199359258 0.197386483 0.252554099 0.263184556 0.268873455 0.265374850 0.257330714 0.216181346 0.216638282 0.204929089 0.223843534 0.215289745 0.170546793 0.210672396 0.207496496 0.213405259 0.262710756 0.282686870 0.193920817 0.195111580 0.230987368 0.229256914 0.207206904 0.209690891 0.147771877 0.151339785 0.151169685 0.247963973 0.155227687 0.154367095 0.226318217 0.211550587 0.209959521 0.050574336 0.000000000 0.073430675 0.169359949 0.168196057 0.169144639 0.187949365 0.146032455 0.170054998 0.164893099 0.164357134 0.202782389 0.198248053 0.188225082 0.158223556 0.518585398 
6     0.189175253 0.201042565 0.199914442 0.197941668 0.253030666 0.263661123 0.269350022 0.265851417 0.257807281 0.216657914 0.217114849 0.205465885 0.224380330 0.215820906 0.171046851 0.211133557 0.207957657 0.213866421 0.263171918 0.283148031 0.194352171 0.195542934 0.231391672 0.229661218 0.207611208 0.210162963 0.148243949 0.151810824 0.151665680 0.248465389 0.155727376 0.154866783 0.226817906 0.212122613 0.210530865 0.058970494 0.073430675 0.000000000 0.169809246 0.168645354 0.169593936 0.188385801 0.146481753 0.170504295 0.165273784 0.164737819 0.203161123 0.198626786 0.188603816 0.158699870 0.519061712 
5     0.211192620 0.223030696 0.221976082 0.220003308 0.274567021 0.285488112 0.291177011 0.287678406 0.279500057 0.238710312 0.239167248 0.227557470 0.246359021 0.237912491 0.193175658 0.233024716 0.230247388 0.236074739 0.285598313 0.305574426 0.216586294 0.217802493 0.253671220 0.251940766 0.229890757 0.232841528 0.170950080 0.174404620 0.174234374 0.270611280 0.177727003 0.176866410 0.248691298 0.233989441 0.232397693 0.153789685 0.169359949 0.169809246 0.000000000 0.050902243 0.050848543 0.087402317 0.069443531 0.093236501 0.188392286 0.187856321 0.226151145 0.221616809 0.211592612 0.180879104 0.541915184 
47     0.210273336 0.222111413 0.221056799 0.219084024 0.273579171 0.284500263 0.290189162 0.286690557 0.278512207 0.237805394 0.238262330 0.226656383 0.245457935 0.237011405 0.192280704 0.232146163 0.229467872 0.235376635 0.284719760 0.304695873 0.215687556 0.216923941 0.252792668 0.251062213 0.229012204 0.231849018 0.170032186 0.173486725 0.173316479 0.269604245 0.176719968 0.175859375 0.247684424 0.232982406 0.231390659 0.152625792 0.168196057 0.168645354 0.050902243 0.000000000 0.030774946 0.085197644 0.067939025 0.091998301 0.187465787 0.186929822 0.225224646 0.220690310 0.210666113 0.179996796 0.541004696 
48     0.211227502 0.223065578 0.222010965 0.220038190 0.274533337 0.285454428 0.291143327 0.287644723 0.279466373 0.238759559 0.239216495 0.227610549 0.246412100 0.237965570 0.193234870 0.233100329 0.230422037 0.236330801 0.285673926 0.305650039 0.216641722 0.217878106 0.253746833 0.252016379 0.229966369 0.232803184 0.170986351 0.174440891 0.174270645 0.270558411 0.177674134 0.176813541 0.248638590 0.233936572 0.232344824 0.153574374 0.169144639 0.169593936 0.050848543 0.030774946 0.000000000 0.086553575 0.068832690 0.092785796 0.188419952 0.187883988 0.226178811 0.221644475 0.211620279 0.180950962 0.541958861 
34     0.230031961 0.241870038 0.240815424 0.238842649 0.293798146 0.304270668 0.309959567 0.306460962 0.298282613 0.257561113 0.258018049 0.246342484 0.265144036 0.256645934 0.211987786 0.251876041 0.249197749 0.255106513 0.304449637 0.324425751 0.235499295 0.236715495 0.272584222 0.270853767 0.248803758 0.251681040 0.189864207 0.193318747 0.193064919 0.289348838 0.196464561 0.195603968 0.267429017 0.252702693 0.251110945 0.172387785 0.187949365 0.188385801 0.087402317 0.085197644 0.086553575 0.000000000 0.088319921 0.111464230 0.207197586 0.206661621 0.244956476 0.240422140 0.230397944 0.199659572 0.560764203 
36     0.188381945 0.200249256 0.199165407 0.197192633 0.252007581 0.262667652 0.268356551 0.264857947 0.256680685 0.215770547 0.216227483 0.204668525 0.223457137 0.215023546 0.170245858 0.210139401 0.207462688 0.213371451 0.262714576 0.282690689 0.193695675 0.194936082 0.230804809 0.229074355 0.207024345 0.209765400 0.147948567 0.151403107 0.151232860 0.247520372 0.154636095 0.153775502 0.225600551 0.210888757 0.209297009 0.130462191 0.146032455 0.146481753 0.069443531 0.067939025 0.068832690 0.088319921 0.000000000 0.052561315 0.165365095 0.164829131 0.203123985 0.198589649 0.188565453 0.157983627 0.519039091 
25     0.212421781 0.224289093 0.223205244 0.221232469 0.276047417 0.286707489 0.292396387 0.288897783 0.280720521 0.239810384 0.240267319 0.228708361 0.247496973 0.239063383 0.194285694 0.234180816 0.231502524 0.237411288 0.286754412 0.306730525 0.217724242 0.218975918 0.254844645 0.253114191 0.231064181 0.233805236 0.171988403 0.175442943 0.175272697 0.271560208 0.178675931 0.177815338 0.249640387 0.234928593 0.233336845 0.154484734 0.170054998 0.170504295 0.093236501 0.091998301 0.092785796 0.111464230 0.052561315 0.000000000 0.189404932 0.188868967 0.227163822 0.222629485 0.212605289 0.182008408 0.543078927 
17     0.155654092 0.167521403 0.166520325 0.164547550 0.219922628 0.230521184 0.236210083 0.232711479 0.224667343 0.182775438 0.183232374 0.172247599 0.191294728 0.182602621 0.137779922 0.178336474 0.175062578 0.180978421 0.230315136 0.250291249 0.161441007 0.162524120 0.198388612 0.196658157 0.174607148 0.175938164 0.114335609 0.117502470 0.117371942 0.215588077 0.122754020 0.121893428 0.193660997 0.177999721 0.176407974 0.149404836 0.164893099 0.165273784 0.188392286 0.187465787 0.188419952 0.207197586 0.165365095 0.189404932 0.000000000 0.009004652 0.112319744 0.107854582 0.097889313 0.124503671 0.486641545 
16     0.155117809 0.166985120 0.165984042 0.164011267 0.219386345 0.229984901 0.235673800 0.232175196 0.224131059 0.182239155 0.182696091 0.171711316 0.190758445 0.182066338 0.137243639 0.177800191 0.174526295 0.180442138 0.229778853 0.249754966 0.160904724 0.161987837 0.197852328 0.196121874 0.174070865 0.175401881 0.113799326 0.116966187 0.116835659 0.215051794 0.122217737 0.121357144 0.193124714 0.177463438 0.175871690 0.148868872 0.164357134 0.164737819 0.187856321 0.186929822 0.187883988 0.206661621 0.164829131 0.188868967 0.009004652 0.000000000 0.111883622 0.107418459 0.097453190 0.123967388 0.486105261 
50     0.193062370 0.204929682 0.203928603 0.201955829 0.257447015 0.268045572 0.273734470 0.270235866 0.262191730 0.220323184 0.220780120 0.209811200 0.228858328 0.220166221 0.175343523 0.215943565 0.212710683 0.218626526 0.267939930 0.287916043 0.199043944 0.200117823 0.236012676 0.234282222 0.212231212 0.213660630 0.152039871 0.155243072 0.155115696 0.252852081 0.159713242 0.158854518 0.230673715 0.215230538 0.213638790 0.187294127 0.202782389 0.203161123 0.226151145 0.225224646 0.226178811 0.244956476 0.203123985 0.227163822 0.112319744 0.111883622 0.000000000 0.045623645 0.046270963 0.161791970 0.523777345 
45     0.188528034 0.200395346 0.199394267 0.197421492 0.252912679 0.263511235 0.269200134 0.265701530 0.257657393 0.215788848 0.216245784 0.205276864 0.224323992 0.215631885 0.170809186 0.211409229 0.208176347 0.214092190 0.263405594 0.283381707 0.194509608 0.195583487 0.231478340 0.229747886 0.207696876 0.209126294 0.147505535 0.150708736 0.150581360 0.248317745 0.155178906 0.154320182 0.226139379 0.210696201 0.209104454 0.182759790 0.198248053 0.198626786 0.221616809 0.220690310 0.221644475 0.240422140 0.198589649 0.222629485 0.107854582 0.107418459 0.045623645 0.000000000 0.040464793 0.157257634 0.519243008 
14     0.178507686 0.190374998 0.189373919 0.187401145 0.242892331 0.253490888 0.259179786 0.255681182 0.247637046 0.205768500 0.206225436 0.195255154 0.214302282 0.205610175 0.160787477 0.201338102 0.197923319 0.203839162 0.251130855 0.271101364 0.184262673 0.185336552 0.221231405 0.219500951 0.197449942 0.199182984 0.137485482 0.140688683 0.140558155 0.238297397 0.145158558 0.144299834 0.216119031 0.200675854 0.199084106 0.172736820 0.188225082 0.188603816 0.211592612 0.210666113 0.211620279 0.230397944 0.188565453 0.212605289 0.097889313 0.097453190 0.046270963 0.040464793 0.000000000 0.147237286 0.509222661 
20     0.113988365 0.125861520 0.124908735 0.122935960 0.191630899 0.202296117 0.207955263 0.204486411 0.196409157 0.154919676 0.155376612 0.144708050 0.163718289 0.155088374 0.110262027 0.150912507 0.148039637 0.153968808 0.203291311 0.223267425 0.134037218 0.135158989 0.171028334 0.169297880 0.147247870 0.151664814 0.090176836 0.092985929 0.092743815 0.197595050 0.104729032 0.103868440 0.175429476 0.161019004 0.159427256 0.142682978 0.158223556 0.158699870 0.180879104 0.179996796 0.180950962 0.199659572 0.157983627 0.182008408 0.124503671 0.123967388 0.161791970 0.157257634 0.147237286 0.000000000 0.444980439 
0     0.454720517 0.466552931 0.465604903 0.463632128 0.553233569 0.563902546 0.569551710 0.566092840 0.558029838 0.516422996 0.516879932 0.506262444 0.525245605 0.516655008 0.471864671 0.512178607 0.509334480 0.515400926 0.564545034 0.584521148 0.495471412 0.495997320 0.532419835 0.530689381 0.508639371 0.512702226 0.451205299 0.454455210 0.454260228 0.558949093 0.465718438 0.464857845 0.535702026 0.522605829 0.521014082 0.503044821 0.518585398 0.519061712 0.541915184 0.541004696 0.541958861 0.560764203 0.519039091 0.543078927 0.486641545 0.486105261 0.523777345 0.519243008 0.509222661 0.444980439 0.000000000 
