51
4     0.000000000 0.126539605 0.377478744 0.357010546 0.437469882 0.425616800 0.430541330 0.606549609 0.551457132 0.549673152 0.544856144 0.529784880 0.551487072 0.555589767 0.557556960 0.556770242 0.597423538 0.570871102 0.549869628 0.543777427 0.680103356 0.541665836 0.427790038 0.526055815 0.696621411 0.416070727 0.497575622 0.500619442 0.488762037 0.479184008 0.512011747 0.510298251 0.458031394 0.531406711 0.566739972 0.504489820 0.485461565 0.501931250 0.501521660 0.556501845 0.551211493 0.647429182 0.583689737 0.452416302 0.510122205 0.549920068 0.474718454 0.650718522 0.625664513 0.452980208 1.573348919 
2     0.126539605 0.000000000 0.398569856 0.378101657 0.458549080 0.446695997 0.451620528 0.627628806 0.572536330 0.570752349 0.565935342 0.550864077 0.572566269 0.576668964 0.578636157 0.577849440 0.618502735 0.591950299 0.570948826 0.564856624 0.701182553 0.562745034 0.448869235 0.547135013 0.717700608 0.437149924 0.518654819 0.521698639 0.509841235 0.500263206 0.533090944 0.531377448 0.479110591 0.552485908 0.587819170 0.525569017 0.506540762 0.523010447 0.522600857 0.577581042 0.572290690 0.668508380 0.604768935 0.473495499 0.531201402 0.570999265 0.495797651 0.671797719 0.646743710 0.474059406 1.594428116 
1     0.377478744 0.398569856 0.000000000 0.075858251 0.258527934 0.246780335 0.251704866 0.427706194 0.372603762 0.370819781 0.366002774 0.350931510 0.372621130 0.376723825 0.378691018 0.377904301 0.418557596 0.392005160 0.371003686 0.364911485 0.501241083 0.362803563 0.248928686 0.347195546 0.517777846 0.237232063 0.318736959 0.321780778 0.309923374 0.300345345 0.333173083 0.331459588 0.279191104 0.352560396 0.387893657 0.325643882 0.306615627 0.323085312 0.322675722 0.377655907 0.372365555 0.468581832 0.404842387 0.273596627 0.331302529 0.371100392 0.295898778 0.471899962 0.446845953 0.273858007 1.394337804 
3     0.357010546 0.378101657 0.075858251 0.000000000 0.238041930 0.226294332 0.231218862 0.407220190 0.352117758 0.350333778 0.345516770 0.330445506 0.352135127 0.356237822 0.358205015 0.357418297 0.398071593 0.371519157 0.350517683 0.344425481 0.480755079 0.342317559 0.228442683 0.326709543 0.497291842 0.216746060 0.298250955 0.301294775 0.289437370 0.279859342 0.312687080 0.310973584 0.258705100 0.332074393 0.367407654 0.305157878 0.286129623 0.302599308 0.302189719 0.357169903 0.351879551 0.448095829 0.384356384 0.253110623 0.310816526 0.350614389 0.275412775 0.451413959 0.426359950 0.253372003 1.373851800 
50     0.437469882 0.458549080 0.258527934 0.238041930 0.000000000 0.260085475 0.265010006 0.440400659 0.386153178 0.384374215 0.379489196 0.364451789 0.386224187 0.390326882 0.392294075 0.391507358 0.432160653 0.405608217 0.384782628 0.378754905 0.514905525 0.376468005 0.262718721 0.360873186 0.530394445 0.250157979 0.331545145 0.334595942 0.322738537 0.313160509 0.345902700 0.344163571 0.293082378 0.366599950 0.401964419 0.339559943 0.320512290 0.336999893 0.336590303 0.391570488 0.386280136 0.482684597 0.418948457 0.295154908 0.352935821 0.392721644 0.317520030 0.492980843 0.467926834 0.295924887 1.422448582 
35     0.425616800 0.446695997 0.246780335 0.226294332 0.260085475 0.000000000 0.034870552 0.406678521 0.351662931 0.349732768 0.344940724 0.329801279 0.351832075 0.355934770 0.357901963 0.357115245 0.397768541 0.371216105 0.350643956 0.344501498 0.479873612 0.341454506 0.227873288 0.326005408 0.503516053 0.223156888 0.304463079 0.307540996 0.295683592 0.286105563 0.318970232 0.317234633 0.265377717 0.338787514 0.374081383 0.311248298 0.292328504 0.308707458 0.308309252 0.363289437 0.357999084 0.454833616 0.391123260 0.283735680 0.341461900 0.381239446 0.306037831 0.481986061 0.456932052 0.285122071 1.411279731 
36     0.430541330 0.451620528 0.251704866 0.231218862 0.265010006 0.034870552 0.000000000 0.411603052 0.356587462 0.354657298 0.349865255 0.334725810 0.356756606 0.360859301 0.362826494 0.362039776 0.402693071 0.376140636 0.355568487 0.349426029 0.484798143 0.346379036 0.232797819 0.330929939 0.508440584 0.228081419 0.309387610 0.312465527 0.300608122 0.291030094 0.323894763 0.322159163 0.270302247 0.343712045 0.379005913 0.316172829 0.297253035 0.313631989 0.313233782 0.368213967 0.362923615 0.459758147 0.396047791 0.288660211 0.346386430 0.386163976 0.310962362 0.486910592 0.461856583 0.290046602 1.416204261 
29     0.606549609 0.627628806 0.427706194 0.407220190 0.440400659 0.406678521 0.411603052 0.000000000 0.530875731 0.528950774 0.524251866 0.509112421 0.532733150 0.536835845 0.538803038 0.538016320 0.578679190 0.552117180 0.531327692 0.525188264 0.660253096 0.521818198 0.407783932 0.505581119 0.682636498 0.404149207 0.485782570 0.488849303 0.476991899 0.467413870 0.500246467 0.498510868 0.448049746 0.521878798 0.557248809 0.493996310 0.475219714 0.491484108 0.491085902 0.546066087 0.540775734 0.637284652 0.573526298 0.464530769 0.522326867 0.562104413 0.486902799 0.663081807 0.638027798 0.465442802 1.591941077 
38     0.551457132 0.572536330 0.372603762 0.352117758 0.386153178 0.351662931 0.356587462 0.530875731 0.000000000 0.140489184 0.154050688 0.138869788 0.456889505 0.461026819 0.462994012 0.462172676 0.502843776 0.476273535 0.455107117 0.449138779 0.600142013 0.461686847 0.347875707 0.445959827 0.630420692 0.350112693 0.431123376 0.434205567 0.422348163 0.412770134 0.445455994 0.443720394 0.391210568 0.464434927 0.499804938 0.437641553 0.418812600 0.435139647 0.434739982 0.489720167 0.484429815 0.581038678 0.517318421 0.408955553 0.466749437 0.506529197 0.431327582 0.607115691 0.582061682 0.410511464 1.536932556 
46     0.549673152 0.570752349 0.370819781 0.350333778 0.384374215 0.349732768 0.354657298 0.528950774 0.140489184 0.000000000 0.147843483 0.134069184 0.455257766 0.459395080 0.461362273 0.460540936 0.501212036 0.474641796 0.453475377 0.447507040 0.598321746 0.459866580 0.346055440 0.444139560 0.628660793 0.348333773 0.429344455 0.432426646 0.420569242 0.410991213 0.443677073 0.441941473 0.389433370 0.462657730 0.498027741 0.435864355 0.417035403 0.433362450 0.432962785 0.487942970 0.482652618 0.579261480 0.515541223 0.407171572 0.464965457 0.504745216 0.429543602 0.605331710 0.580277702 0.408727483 1.535148575 
45     0.544856144 0.565935342 0.366002774 0.345516770 0.379489196 0.344940724 0.349865255 0.524251866 0.154050688 0.147843483 0.000000000 0.074191738 0.450412224 0.454549538 0.456516731 0.455695394 0.496366494 0.469796254 0.448610919 0.442642582 0.593451297 0.454996131 0.341184991 0.439269111 0.623950544 0.343630564 0.424654071 0.427736262 0.415878857 0.406300829 0.438986689 0.437251089 0.384589428 0.457813766 0.493183777 0.431020392 0.412191439 0.428518486 0.428118821 0.483099006 0.477808654 0.574417517 0.510697260 0.402352750 0.460146635 0.499926394 0.424724780 0.600512928 0.575458919 0.403905706 1.530339582 
19     0.529784880 0.550864077 0.350931510 0.330445506 0.364451789 0.329801279 0.334725810 0.509112421 0.138869788 0.134069184 0.074191738 0.000000000 0.435409102 0.439546416 0.441513609 0.440692273 0.481363373 0.454793132 0.433607797 0.427639460 0.578315382 0.439860216 0.326049076 0.424133196 0.608909871 0.328591615 0.409615121 0.412697312 0.400839908 0.391261879 0.423947739 0.422212139 0.369465478 0.442689817 0.478059828 0.415896443 0.397067490 0.413394537 0.412994872 0.467975057 0.462684705 0.559293567 0.495573310 0.387281486 0.445075371 0.484855130 0.409653516 0.585441663 0.560387654 0.388836673 1.515268672 
17     0.551487072 0.572566269 0.372621130 0.352135127 0.386224187 0.351832075 0.356756606 0.532733150 0.456889505 0.455257766 0.450412224 0.435409102 0.000000000 0.077226871 0.076426106 0.139115101 0.226274996 0.199566308 0.345671548 0.339663449 0.600296600 0.461841434 0.348143574 0.446017329 0.631647104 0.351014561 0.432638620 0.435720811 0.423863406 0.414285378 0.446962314 0.445223185 0.392155429 0.465131066 0.500501077 0.438100562 0.419242163 0.435599553 0.435201347 0.490181532 0.484891179 0.581290890 0.517570633 0.409139761 0.466934740 0.506714499 0.431512885 0.607229762 0.582175753 0.410179743 1.536948517 
44     0.555589767 0.576668964 0.376723825 0.356237822 0.390326882 0.355934770 0.360859301 0.536835845 0.461026819 0.459395080 0.454549538 0.439546416 0.077226871 0.000000000 0.061695870 0.147014352 0.228761740 0.201966773 0.349323207 0.343315108 0.604399295 0.465944129 0.352246269 0.450120024 0.635749800 0.355117256 0.436741315 0.439823506 0.427966101 0.418388073 0.451065009 0.449325880 0.396258124 0.469233762 0.504603772 0.442203257 0.423344858 0.439702248 0.439304042 0.494284227 0.488993875 0.585393585 0.521673328 0.413242456 0.471037435 0.510817195 0.435615580 0.611332457 0.586278448 0.414282438 1.541051212 
37     0.557556960 0.578636157 0.378691018 0.358205015 0.392294075 0.357901963 0.362826494 0.538803038 0.462994012 0.461362273 0.456516731 0.441513609 0.076426106 0.061695870 0.000000000 0.148519610 0.229880342 0.202957914 0.351393630 0.345385531 0.606366488 0.467911322 0.354213462 0.452087217 0.637716993 0.357084449 0.438708508 0.441790699 0.429933295 0.420355266 0.453032202 0.451293073 0.398225317 0.471200955 0.506570966 0.444170450 0.425312051 0.441669441 0.441271235 0.496251420 0.490961068 0.587360778 0.523640521 0.415209649 0.473004629 0.512784388 0.437582773 0.613299650 0.588245641 0.416249632 1.543018405 
24     0.556770242 0.577849440 0.377904301 0.357418297 0.391507358 0.357115245 0.362039776 0.538016320 0.462172676 0.460540936 0.455695394 0.440692273 0.139115101 0.147014352 0.148519610 0.000000000 0.233577095 0.203386262 0.351058389 0.345050290 0.605579771 0.467124604 0.353426744 0.451300500 0.636930275 0.356297731 0.437921790 0.441003981 0.429146577 0.419568548 0.452245484 0.450506355 0.397438600 0.470414237 0.505784248 0.443383733 0.424525334 0.440882724 0.440484517 0.495464702 0.490174350 0.586574060 0.522853803 0.414422931 0.472217911 0.511997670 0.436796056 0.612512932 0.587458923 0.415462914 1.542231687 
40     0.597423538 0.618502735 0.418557596 0.398071593 0.432160653 0.397768541 0.402693071 0.578679190 0.502843776 0.501212036 0.496366494 0.481363373 0.226274996 0.228761740 0.229880342 0.233577095 0.000000000 0.233800358 0.390993942 0.384985843 0.646242640 0.507787474 0.394089614 0.491963369 0.677576084 0.396946022 0.478570081 0.481652272 0.469794868 0.460216839 0.492893775 0.491154646 0.438091895 0.511067532 0.546437543 0.484037028 0.465178629 0.481536019 0.481137813 0.536117998 0.530827645 0.627227356 0.563507099 0.455076226 0.512871206 0.552650965 0.477449351 0.653166228 0.628112219 0.456116209 1.582884983 
9     0.570871102 0.591950299 0.392005160 0.371519157 0.405608217 0.371216105 0.376140636 0.552117180 0.476273535 0.474641796 0.469796254 0.454793132 0.199566308 0.201966773 0.202957914 0.203386262 0.233800358 0.000000000 0.365100398 0.359092299 0.619680630 0.481225464 0.367527604 0.465401359 0.651031135 0.370398591 0.452022650 0.455104841 0.443247436 0.433669408 0.466346344 0.464607215 0.411539459 0.484515097 0.519885107 0.457484592 0.438626193 0.454983583 0.454585377 0.509565562 0.504275210 0.600674920 0.536954663 0.428523791 0.486318770 0.526098530 0.450896915 0.626613792 0.601559783 0.429563773 1.556332547 
42     0.549869628 0.570948826 0.371003686 0.350517683 0.384782628 0.350643956 0.355568487 0.531327692 0.455107117 0.453475377 0.448610919 0.433607797 0.345671548 0.349323207 0.351393630 0.351058389 0.390993942 0.365100398 0.000000000 0.072040158 0.598920507 0.460465340 0.346772341 0.444675422 0.630202188 0.349410751 0.431020754 0.434102945 0.422245540 0.412667511 0.445344448 0.443605319 0.390271031 0.463302620 0.498672631 0.436216164 0.417414280 0.433715155 0.433316948 0.488297133 0.483006781 0.579463007 0.515742749 0.407530779 0.465325759 0.505105518 0.429903904 0.605612916 0.580558907 0.408552495 1.535365401 
12     0.543777427 0.564856624 0.364911485 0.344425481 0.378754905 0.344501498 0.349426029 0.525188264 0.449138779 0.447507040 0.442642582 0.427639460 0.339663449 0.343315108 0.345385531 0.345050290 0.384985843 0.359092299 0.072040158 0.000000000 0.592761164 0.454305998 0.340612999 0.438516080 0.624147351 0.343355914 0.424965917 0.428048108 0.416190704 0.406612675 0.439289611 0.437550482 0.384292457 0.457324046 0.492694057 0.430237590 0.411435706 0.427736581 0.427338375 0.482318560 0.477028208 0.573484433 0.509764176 0.401486211 0.459281190 0.499060950 0.423859335 0.599568348 0.574514339 0.402507927 1.529306713 
21     0.680103356 0.701182553 0.501241083 0.480755079 0.514905525 0.479873612 0.484798143 0.660253096 0.600142013 0.598321746 0.593451297 0.578315382 0.600296600 0.604399295 0.606366488 0.605579771 0.646242640 0.619680630 0.598920507 0.592761164 0.000000000 0.273540521 0.416123001 0.524591920 0.759205580 0.480365453 0.561840696 0.564881500 0.553024096 0.543446067 0.576463701 0.574724572 0.520554017 0.593892339 0.629262350 0.566954306 0.547983352 0.564374297 0.563974632 0.618954817 0.613664465 0.710196597 0.646476339 0.538580956 0.596304963 0.636084722 0.560883108 0.736653367 0.711599359 0.539157893 1.665491166 
33     0.541665836 0.562745034 0.362803563 0.342317559 0.376468005 0.341454506 0.346379036 0.521818198 0.461686847 0.459866580 0.454996131 0.439860216 0.461841434 0.465944129 0.467911322 0.467124604 0.507787474 0.481225464 0.460465340 0.454305998 0.273540521 0.000000000 0.277736364 0.386166793 0.620764829 0.341928097 0.423403339 0.426444144 0.414586739 0.405008711 0.438026345 0.436287216 0.382113267 0.455451588 0.490821599 0.428513555 0.409542601 0.425933546 0.425533881 0.480514066 0.475223714 0.571755846 0.508035589 0.400143436 0.457867443 0.497647202 0.422445588 0.598215848 0.573161839 0.400720373 1.527053646 
6     0.427790038 0.448869235 0.248928686 0.228442683 0.262718721 0.227873288 0.232797819 0.407783932 0.347875707 0.346055440 0.341184991 0.326049076 0.348143574 0.352246269 0.354213462 0.353426744 0.394089614 0.367527604 0.346772341 0.340612999 0.416123001 0.277736364 0.000000000 0.273159512 0.506804094 0.227787599 0.309262842 0.312303646 0.300446242 0.290868213 0.323885847 0.322146718 0.268422182 0.341727218 0.377097229 0.314733310 0.295762356 0.312153301 0.311753636 0.366733821 0.361443469 0.458118799 0.394398542 0.286469833 0.344193839 0.383973598 0.308771984 0.484545042 0.459491033 0.286982424 1.413216891 
7     0.526055815 0.547135013 0.347195546 0.326709543 0.360873186 0.326005408 0.330929939 0.505581119 0.445959827 0.444139560 0.439269111 0.424133196 0.446017329 0.450120024 0.452087217 0.451300500 0.491963369 0.465401359 0.444675422 0.438516080 0.524591920 0.386166793 0.273159512 0.000000000 0.605168474 0.326145312 0.407754068 0.410794872 0.398937468 0.389359439 0.422377073 0.420637944 0.366974244 0.440283280 0.475653291 0.413242083 0.394271129 0.410662073 0.410262409 0.465242594 0.459952241 0.556765112 0.493044855 0.384615578 0.442339585 0.482119344 0.406917730 0.582615319 0.557561310 0.385200511 1.511451028 
8     0.696621411 0.717700608 0.517777846 0.497291842 0.530394445 0.503516053 0.508440584 0.682636498 0.630420692 0.628660793 0.623950544 0.608909871 0.631647104 0.635749800 0.637716993 0.636930275 0.677576084 0.651031135 0.630202188 0.624147351 0.759205580 0.620764829 0.506804094 0.605168474 0.000000000 0.469977603 0.552187351 0.555232584 0.543375180 0.533797151 0.566826547 0.565215207 0.537636896 0.611324498 0.646640431 0.583800595 0.564738955 0.581245977 0.580836387 0.635816572 0.630526220 0.727461443 0.663703088 0.553782421 0.611574845 0.651356065 0.576154451 0.751972304 0.726918296 0.554395870 1.680674776 
39     0.416070727 0.437149924 0.237232063 0.216746060 0.250157979 0.223156888 0.228081419 0.404149207 0.350112693 0.348333773 0.343630564 0.328591615 0.351014561 0.355117256 0.357084449 0.356297731 0.396946022 0.370398591 0.349410751 0.343355914 0.480365453 0.341928097 0.227787599 0.326145312 0.469977603 0.000000000 0.208994555 0.211962505 0.200127908 0.190580801 0.222478226 0.220653579 0.257172253 0.330492671 0.365862682 0.303172144 0.284153944 0.300651739 0.300242150 0.355222334 0.349931982 0.447000087 0.383279908 0.273048919 0.330841342 0.370622563 0.295420949 0.471358781 0.446304773 0.273771462 1.400394067 
25     0.497575622 0.518654819 0.318736959 0.298250955 0.331545145 0.304463079 0.309387610 0.485782570 0.431123376 0.429344455 0.424654071 0.409615121 0.432638620 0.436741315 0.438708508 0.437921790 0.478570081 0.452022650 0.431020754 0.424965917 0.561840696 0.423403339 0.309262842 0.407754068 0.552187351 0.208994555 0.000000000 0.185682407 0.174107936 0.165197873 0.255012081 0.253464178 0.338238719 0.411581308 0.446951319 0.384290936 0.365301332 0.381770531 0.381360941 0.436341126 0.431050774 0.528084858 0.464364679 0.354729285 0.412521709 0.452302929 0.377101315 0.553047410 0.527993401 0.355595063 1.481940055 
28     0.500619442 0.521698639 0.321780778 0.301294775 0.334595942 0.307540996 0.312465527 0.488849303 0.434205567 0.432426646 0.427736262 0.412697312 0.435720811 0.439823506 0.441790699 0.441003981 0.481652272 0.455104841 0.434102945 0.428048108 0.564881500 0.426444144 0.312303646 0.410794872 0.555232584 0.211962505 0.185682407 0.000000000 0.069989629 0.100603398 0.258173666 0.256461225 0.341319557 0.414656951 0.450026962 0.387371774 0.368382171 0.384851369 0.384441780 0.439421964 0.434131612 0.531165696 0.467445518 0.357772056 0.415564480 0.455345700 0.380144086 0.556090181 0.531036172 0.358637834 1.484983875 
32     0.488762037 0.509841235 0.309923374 0.289437370 0.322738537 0.295683592 0.300608122 0.476991899 0.422348163 0.420569242 0.415878857 0.400839908 0.423863406 0.427966101 0.429933295 0.429146577 0.469794868 0.443247436 0.422245540 0.416190704 0.553024096 0.414586739 0.300446242 0.398937468 0.543375180 0.200127908 0.174107936 0.069989629 0.000000000 0.088465889 0.245991191 0.244403844 0.329462153 0.402799547 0.438169558 0.375514370 0.356524766 0.372993965 0.372584375 0.427564560 0.422274208 0.519308292 0.455588113 0.345914652 0.403707075 0.443488296 0.368286682 0.544232776 0.519178767 0.346780429 1.473126471 
16     0.479184008 0.500263206 0.300345345 0.279859342 0.313160509 0.286105563 0.291030094 0.467413870 0.412770134 0.410991213 0.406300829 0.391261879 0.414285378 0.418388073 0.420355266 0.419568548 0.460216839 0.433669408 0.412667511 0.406612675 0.543446067 0.405008711 0.290868213 0.389359439 0.533797151 0.190580801 0.165197873 0.100603398 0.088465889 0.000000000 0.236595760 0.235008413 0.319884124 0.393221518 0.428591529 0.365936341 0.346946738 0.363415936 0.363006346 0.417986531 0.412696179 0.509730263 0.446010084 0.336336623 0.394129047 0.433910267 0.358708653 0.534654748 0.509600739 0.337202401 1.463548442 
34     0.512011747 0.533090944 0.333173083 0.312687080 0.345902700 0.318970232 0.323894763 0.500246467 0.445455994 0.443677073 0.438986689 0.423947739 0.446962314 0.451065009 0.453032202 0.452245484 0.492893775 0.466346344 0.445344448 0.439289611 0.576463701 0.438026345 0.323885847 0.422377073 0.566826547 0.222478226 0.255012081 0.258173666 0.245991191 0.236595760 0.000000000 0.061910839 0.352609416 0.425955246 0.461325257 0.398642810 0.379653206 0.396122405 0.395712815 0.450693000 0.445402648 0.542436731 0.478716553 0.369159886 0.426952310 0.466733530 0.391531916 0.567478011 0.542424002 0.370025664 1.496376327 
30     0.510298251 0.531377448 0.331459588 0.310973584 0.344163571 0.317234633 0.322159163 0.498510868 0.443720394 0.441941473 0.437251089 0.422212139 0.445223185 0.449325880 0.451293073 0.450506355 0.491154646 0.464607215 0.443605319 0.437550482 0.574724572 0.436287216 0.322146718 0.420637944 0.565215207 0.220653579 0.253464178 0.256461225 0.244403844 0.235008413 0.061910839 0.000000000 0.350870287 0.424216117 0.459586128 0.396903681 0.377914077 0.394383276 0.393973686 0.448953871 0.443663519 0.540697602 0.476977424 0.367424213 0.425216637 0.464997857 0.389796243 0.565742338 0.540688329 0.368289991 1.494672192 
18     0.458031394 0.479110591 0.279191104 0.258705100 0.293082378 0.265377717 0.270302247 0.448049746 0.391210568 0.389433370 0.384589428 0.369465478 0.392155429 0.396258124 0.398225317 0.397438600 0.438091895 0.411539459 0.390271031 0.384292457 0.520554017 0.382113267 0.268422182 0.366974244 0.537636896 0.257172253 0.338238719 0.341319557 0.329462153 0.319884124 0.352609416 0.350870287 0.000000000 0.220390916 0.255714805 0.190876734 0.174478543 0.189318113 0.189312056 0.244330329 0.239039977 0.335292935 0.271048552 0.316260330 0.373986550 0.413764096 0.338562482 0.513785238 0.488731229 0.317219306 1.443644082 
5     0.531406711 0.552485908 0.352560396 0.332074393 0.366599950 0.338787514 0.343712045 0.521878798 0.464434927 0.462657730 0.457813766 0.442689817 0.465131066 0.469233762 0.471200955 0.470414237 0.511067532 0.484515097 0.463302620 0.457324046 0.593892339 0.455451588 0.341727218 0.440283280 0.611324498 0.330492671 0.411581308 0.414656951 0.402799547 0.393221518 0.425955246 0.424216117 0.220390916 0.000000000 0.133257257 0.228542254 0.209784210 0.225817608 0.225420767 0.280376428 0.275110462 0.404636200 0.340506235 0.389429650 0.447155870 0.486933416 0.411731802 0.587072701 0.562018692 0.390364343 1.516933805 
22     0.566739972 0.587819170 0.387893657 0.367407654 0.401964419 0.374081383 0.379005913 0.557248809 0.499804938 0.498027741 0.493183777 0.478059828 0.500501077 0.504603772 0.506570966 0.505784248 0.546437543 0.519885107 0.498672631 0.492694057 0.629262350 0.490821599 0.377097229 0.475653291 0.646640431 0.365862682 0.446951319 0.450026962 0.438169558 0.428591529 0.461325257 0.459586128 0.255714805 0.133257257 0.000000000 0.265057768 0.246299723 0.262295136 0.261898295 0.316853957 0.311587990 0.441027349 0.376897384 0.424755649 0.482481868 0.522259414 0.447057800 0.622409350 0.597355341 0.425690342 1.552263277 
26     0.504489820 0.525569017 0.325643882 0.305157878 0.339559943 0.311248298 0.316172829 0.493996310 0.437641553 0.435864355 0.431020392 0.415896443 0.438100562 0.442203257 0.444170450 0.443383733 0.484037028 0.457484592 0.436216164 0.430237590 0.566954306 0.428513555 0.314733310 0.413242083 0.583800595 0.303172144 0.384290936 0.387371774 0.375514370 0.365936341 0.398642810 0.396903681 0.190876734 0.228542254 0.265057768 0.000000000 0.084550349 0.100420199 0.100398948 0.155302613 0.150129972 0.378469567 0.314080699 0.362697787 0.420424006 0.460201552 0.384999938 0.560277309 0.535223301 0.363676541 1.490131410 
20     0.485461565 0.506540762 0.306615627 0.286129623 0.320512290 0.292328504 0.297253035 0.475219714 0.418812600 0.417035403 0.412191439 0.397067490 0.419242163 0.423344858 0.425312051 0.424525334 0.465178629 0.438626193 0.417414280 0.411435706 0.547983352 0.409542601 0.295762356 0.394271129 0.564738955 0.284153944 0.365301332 0.368382171 0.356524766 0.346946738 0.379653206 0.377914077 0.174478543 0.209784210 0.246299723 0.084550349 0.000000000 0.083490535 0.083014301 0.137834156 0.132628149 0.359820897 0.295232321 0.343632343 0.401358563 0.441136109 0.365934494 0.541211866 0.516157857 0.344610515 1.471076905 
43     0.501931250 0.523010447 0.323085312 0.302599308 0.336999893 0.308707458 0.313631989 0.491484108 0.435139647 0.433362450 0.428518486 0.413394537 0.435599553 0.439702248 0.441669441 0.440882724 0.481536019 0.454983583 0.433715155 0.427736581 0.564374297 0.425933546 0.312153301 0.410662073 0.581245977 0.300651739 0.381770531 0.384851369 0.372993965 0.363415936 0.396122405 0.394383276 0.189318113 0.225817608 0.262295136 0.100420199 0.083490535 0.000000000 0.022021915 0.109841332 0.104287538 0.376045433 0.311456857 0.360115693 0.417841912 0.457619458 0.382417844 0.557695215 0.532641207 0.361093865 1.487555004 
23     0.501521660 0.522600857 0.322675722 0.302189719 0.336590303 0.308309252 0.313233782 0.491085902 0.434739982 0.432962785 0.428118821 0.412994872 0.435201347 0.439304042 0.441271235 0.440484517 0.481137813 0.454585377 0.433316948 0.427338375 0.563974632 0.425533881 0.311753636 0.410262409 0.580836387 0.300242150 0.381360941 0.384441780 0.372584375 0.363006346 0.395712815 0.393973686 0.189312056 0.225420767 0.261898295 0.100398948 0.083014301 0.022021915 0.000000000 0.108831313 0.103331754 0.376053089 0.311464513 0.359706103 0.417432323 0.457209869 0.382008254 0.557285626 0.532231617 0.360684275 1.487145414 
13     0.556501845 0.577581042 0.377655907 0.357169903 0.391570488 0.363289437 0.368213967 0.546066087 0.489720167 0.487942970 0.483099006 0.467975057 0.490181532 0.494284227 0.496251420 0.495464702 0.536117998 0.509565562 0.488297133 0.482318560 0.618954817 0.480514066 0.366733821 0.465242594 0.635816572 0.355222334 0.436341126 0.439421964 0.427564560 0.417986531 0.450693000 0.448953871 0.244330329 0.280376428 0.316853957 0.155302613 0.137834156 0.109841332 0.108831313 0.000000000 0.073049384 0.431102713 0.366514137 0.414686288 0.472412507 0.512190054 0.436988439 0.612265811 0.587211802 0.415664460 1.542125599 
48     0.551211493 0.572290690 0.372365555 0.351879551 0.386280136 0.357999084 0.362923615 0.540775734 0.484429815 0.482652618 0.477808654 0.462684705 0.484891179 0.488993875 0.490961068 0.490174350 0.530827645 0.504275210 0.483006781 0.477028208 0.613664465 0.475223714 0.361443469 0.459952241 0.630526220 0.349931982 0.431050774 0.434131612 0.422274208 0.412696179 0.445402648 0.443663519 0.239039977 0.275110462 0.311587990 0.150129972 0.132628149 0.104287538 0.103331754 0.073049384 0.000000000 0.425800783 0.361212207 0.409395936 0.467122155 0.506899701 0.431698087 0.606975458 0.581921449 0.410374108 1.536835247 
15     0.647429182 0.668508380 0.468581832 0.448095829 0.482684597 0.454833616 0.459758147 0.637284652 0.581038678 0.579261480 0.574417517 0.559293567 0.581290890 0.585393585 0.587360778 0.586574060 0.627227356 0.600674920 0.579463007 0.573484433 0.710196597 0.571755846 0.458118799 0.556765112 0.727461443 0.447000087 0.528084858 0.531165696 0.519308292 0.509730263 0.542436731 0.540697602 0.335292935 0.404636200 0.441027349 0.378469567 0.359820897 0.376045433 0.376053089 0.431102713 0.425800783 0.000000000 0.201850078 0.505596537 0.563322757 0.603100303 0.527898689 0.703175085 0.678121076 0.506549531 1.633023421 
10     0.583689737 0.604768935 0.404842387 0.384356384 0.418948457 0.391123260 0.396047791 0.573526298 0.517318421 0.515541223 0.510697260 0.495573310 0.517570633 0.521673328 0.523640521 0.522853803 0.563507099 0.536954663 0.515742749 0.509764176 0.646476339 0.508035589 0.394398542 0.493044855 0.663703088 0.383279908 0.464364679 0.467445518 0.455588113 0.446010084 0.478716553 0.476977424 0.271048552 0.340506235 0.376897384 0.314080699 0.295232321 0.311456857 0.311464513 0.366514137 0.361212207 0.201850078 0.000000000 0.441857092 0.499583312 0.539360858 0.464159244 0.639435640 0.614381631 0.442808065 1.569283976 
11     0.452416302 0.473495499 0.273596627 0.253110623 0.295154908 0.283735680 0.288660211 0.464530769 0.408955553 0.407171572 0.402352750 0.387281486 0.409139761 0.413242456 0.415209649 0.414422931 0.455076226 0.428523791 0.407530779 0.401486211 0.538580956 0.400143436 0.286469833 0.384615578 0.553782421 0.273048919 0.354729285 0.357772056 0.345914652 0.336336623 0.369159886 0.367424213 0.316260330 0.389429650 0.424755649 0.362697787 0.343632343 0.360115693 0.359706103 0.414686288 0.409395936 0.505596537 0.441857092 0.000000000 0.149460172 0.189192371 0.114138473 0.468727546 0.443680315 0.299805447 1.437208393 
49     0.510122205 0.531201402 0.331302529 0.310816526 0.352935821 0.341461900 0.346386430 0.522326867 0.466749437 0.464965457 0.460146635 0.445075371 0.466934740 0.471037435 0.473004629 0.472217911 0.512871206 0.486318770 0.465325759 0.459281190 0.596304963 0.457867443 0.344193839 0.442339585 0.611574845 0.330841342 0.412521709 0.415564480 0.403707075 0.394129047 0.426952310 0.425216637 0.373986550 0.447155870 0.482481868 0.420424006 0.401358563 0.417841912 0.417432323 0.472412507 0.467122155 0.563322757 0.499583312 0.149460172 0.000000000 0.234747789 0.160057460 0.526517946 0.501470715 0.357640563 1.494907056 
27     0.549920068 0.570999265 0.371100392 0.350614389 0.392721644 0.381239446 0.386163976 0.562104413 0.506529197 0.504745216 0.499926394 0.484855130 0.506714499 0.510817195 0.512784388 0.511997670 0.552650965 0.526098530 0.505105518 0.499060950 0.636084722 0.497647202 0.383973598 0.482119344 0.651356065 0.370622563 0.452302929 0.455345700 0.443488296 0.433910267 0.466733530 0.464997857 0.413764096 0.486933416 0.522259414 0.460201552 0.441136109 0.457619458 0.457209869 0.512190054 0.506899701 0.603100303 0.539360858 0.189192371 0.234747789 0.000000000 0.116263252 0.566146161 0.541098930 0.397415390 1.534742178 
47     0.474718454 0.495797651 0.295898778 0.275412775 0.317520030 0.306037831 0.310962362 0.486902799 0.431327582 0.429543602 0.424724780 0.409653516 0.431512885 0.435615580 0.437582773 0.436796056 0.477449351 0.450896915 0.429903904 0.423859335 0.560883108 0.422445588 0.308771984 0.406917730 0.576154451 0.295420949 0.377101315 0.380144086 0.368286682 0.358708653 0.391531916 0.389796243 0.338562482 0.411731802 0.447057800 0.384999938 0.365934494 0.382417844 0.382008254 0.436988439 0.431698087 0.527898689 0.464159244 0.114138473 0.160057460 0.116263252 0.000000000 0.490944547 0.465897315 0.322213776 1.459540563 
31     0.650718522 0.671797719 0.471899962 0.451413959 0.492980843 0.481986061 0.486910592 0.663081807 0.607115691 0.605331710 0.600512928 0.585441663 0.607229762 0.611332457 0.613299650 0.612512932 0.653166228 0.626613792 0.605612916 0.599568348 0.736653367 0.598215848 0.484545042 0.582615319 0.751972304 0.471358781 0.553047410 0.556090181 0.544232776 0.534654748 0.567478011 0.565742338 0.513785238 0.587072701 0.622409350 0.560277309 0.541211866 0.557695215 0.557285626 0.612265811 0.606975458 0.703175085 0.639435640 0.468727546 0.526517946 0.566146161 0.490944547 0.000000000 0.180236372 0.498055214 1.635323151 
41     0.625664513 0.646743710 0.446845953 0.426359950 0.467926834 0.456932052 0.461856583 0.638027798 0.582061682 0.580277702 0.575458919 0.560387654 0.582175753 0.586278448 0.588245641 0.587458923 0.628112219 0.601559783 0.580558907 0.574514339 0.711599359 0.573161839 0.459491033 0.557561310 0.726918296 0.446304773 0.527993401 0.531036172 0.519178767 0.509600739 0.542424002 0.540688329 0.488731229 0.562018692 0.597355341 0.535223301 0.516157857 0.532641207 0.532231617 0.587211802 0.581921449 0.678121076 0.614381631 0.443680315 0.501470715 0.541098930 0.465897315 0.180236372 0.000000000 0.473001205 1.610269142 
14     0.452980208 0.474059406 0.273858007 0.253372003 0.295924887 0.285122071 0.290046602 0.465442802 0.410511464 0.408727483 0.403905706 0.388836673 0.410179743 0.414282438 0.416249632 0.415462914 0.456116209 0.429563773 0.408552495 0.402507927 0.539157893 0.400720373 0.286982424 0.385200511 0.554395870 0.273771462 0.355595063 0.358637834 0.346780429 0.337202401 0.370025664 0.368289991 0.317219306 0.390364343 0.425690342 0.363676541 0.344610515 0.361093865 0.360684275 0.415664460 0.410374108 0.506549531 0.442808065 0.299805447 0.357640563 0.397415390 0.322213776 0.498055214 0.473001205 0.000000000 1.437559164 
0     1.573348919 1.594428116 1.394337804 1.373851800 1.422448582 1.411279731 1.416204261 1.591941077 1.536932556 1.535148575 1.530339582 1.515268672 1.536948517 1.541051212 1.543018405 1.542231687 1.582884983 1.556332547 1.535365401 1.529306713 1.665491166 1.527053646 1.413216891 1.511451028 1.680674776 1.400394067 1.481940055 1.484983875 1.473126471 1.463548442 1.496376327 1.494672192 1.443644082 1.516933805 1.552263277 1.490131410 1.471076905 1.487555004 1.487145414 1.542125599 1.536835247 1.633023421 1.569283976 1.437208393 1.494907056 1.534742178 1.459540563 1.635323151 1.610269142 1.437559164 0.000000000 
