51
4     0.000000000 0.001824250 0.006915990 0.006627530 0.018313780 0.026954680 0.026849820 0.018867380 0.037822330 0.041696360 0.043169900 0.033681660 0.036497030 0.036841030 0.039945980 0.046879390 0.036696160 0.041126840 0.031925290 0.034076910 0.036779880 0.030500960 0.022262300 0.037428370 0.030627180 0.026462690 0.028935560 0.026495610 0.033799510 0.018993200 0.029388360 0.024073710 0.019741580 0.032443300 0.031711430 0.031756810 0.033326690 0.032295160 0.031671370 0.034957210 0.044825010 0.033690860 0.034741140 0.030356520 0.033289150 0.044225640 0.030681130 0.029714060 0.035682430 0.026929130 0.043675600 
2     0.001824250 0.000000000 0.015472830 0.020068630 0.024158770 0.035068550 0.034614120 0.026053590 0.043585890 0.036192990 0.035228810 0.033057400 0.035962630 0.036216770 0.039321720 0.042062860 0.042190160 0.044330400 0.031301030 0.033452650 0.036155620 0.029876700 0.021638040 0.036804110 0.034028640 0.025838430 0.035449650 0.026578390 0.033175250 0.034416890 0.034512550 0.037667040 0.024486550 0.033238010 0.044187530 0.031132550 0.032702430 0.031670900 0.031047110 0.034332950 0.044200750 0.044158160 0.041171380 0.029732260 0.032664890 0.043601380 0.033319500 0.033575850 0.030345320 0.016576010 0.031864700 
1     0.006915990 0.015472830 0.000000000 0.000233080 0.012594110 0.015243060 0.015619840 0.019844270 0.032021230 0.029507440 0.030980980 0.021492740 0.024397970 0.024652110 0.027757060 0.034397770 0.030625500 0.035693350 0.019736370 0.021887990 0.024590960 0.018312040 0.010073380 0.025239450 0.032233870 0.014273770 0.023884990 0.015013730 0.021610590 0.018660390 0.022947890 0.026102380 0.012921890 0.021673350 0.031378620 0.019567890 0.018907690 0.020106240 0.019482450 0.022768290 0.024300080 0.032823050 0.029606720 0.015913840 0.021100230 0.028939860 0.021754840 0.023365940 0.023493510 0.014740210 0.023553710 
3     0.006627530 0.020068630 0.000233080 0.000000000 0.012778520 0.013977570 0.014354350 0.018578780 0.030699020 0.030381910 0.024698610 0.012732300 0.025272440 0.025526580 0.028631530 0.033132280 0.031499970 0.036567820 0.020610840 0.022466400 0.025465430 0.019186510 0.010947850 0.026113920 0.031233700 0.015148240 0.024759460 0.015888200 0.022485060 0.018371930 0.023822360 0.025510210 0.013796360 0.022547820 0.030141790 0.020442360 0.017642200 0.020980710 0.020356920 0.023642760 0.023034590 0.032068190 0.030481190 0.014648350 0.021974700 0.027674370 0.022629310 0.024178800 0.024367980 0.013932990 0.023717990 
50     0.018313780 0.024158770 0.012594110 0.012778520 0.000000000 0.015885790 0.019326150 0.015850480 0.032540360 0.027331740 0.026367560 0.017457980 0.024917100 0.025171240 0.026815070 0.024494290 0.021551800 0.022362790 0.020255500 0.022407120 0.021235890 0.018287190 0.010048530 0.025214600 0.023843300 0.014248920 0.023860140 0.014988880 0.021585740 0.022827380 0.022923040 0.026077530 0.012897040 0.021648500 0.031756600 0.019543040 0.021112920 0.020081390 0.019457600 0.022743440 0.031621310 0.032798200 0.029581870 0.018686730 0.021619360 0.026959220 0.022273970 0.023885070 0.024012640 0.002307050 0.067278230 
35     0.026954680 0.035068550 0.015243060 0.013977570 0.015885790 0.000000000 0.000032790 0.011049830 0.025146400 0.025842840 0.025275340 0.019728900 0.025491220 0.028147750 0.032301850 0.031935690 0.026730360 0.036217840 0.017591840 0.021269810 0.034803230 0.016295650 0.017870570 0.013335500 0.027311860 0.013482570 0.021772490 0.018026660 0.018650550 0.019820980 0.021143380 0.018360180 0.017473010 0.030258160 0.031343130 0.028486170 0.018154370 0.027492390 0.026576370 0.024191690 0.023546760 0.032580360 0.032312690 0.016409960 0.027375750 0.029435980 0.027042030 0.030930210 0.028437090 0.015694600 0.046400150 
36     0.026849820 0.034614120 0.015619840 0.014354350 0.019326150 0.000032790 0.000000000 0.011920390 0.025707910 0.026404350 0.025836850 0.019604600 0.028887070 0.028756360 0.032863360 0.032312470 0.030658790 0.036779350 0.021520270 0.021646590 0.034348800 0.017334020 0.018795390 0.026902860 0.036098130 0.014044080 0.022334000 0.018588170 0.019212060 0.020382490 0.021704890 0.021358280 0.018511380 0.030933550 0.031904640 0.029047680 0.018531150 0.027869170 0.026953150 0.024568470 0.023923540 0.032957140 0.032689470 0.016786740 0.029788370 0.029812760 0.027603540 0.031306990 0.028813870 0.016071380 0.050328580 
29     0.018867380 0.026053590 0.019844270 0.018578780 0.015850480 0.011049830 0.011920390 0.000000000 0.041625140 0.014665140 0.013700960 0.040182200 0.011687850 0.013348560 0.010965590 0.008644810 0.005702320 0.006513310 0.017580740 0.022238610 0.045745450 0.017687420 0.015581600 0.016165770 0.026374510 0.014000230 0.018446510 0.022416650 0.034707380 0.013737810 0.010520980 0.005206330 0.005147170 0.039430430 0.033126930 0.036064730 0.022755580 0.032093600 0.031177580 0.028792900 0.028147970 0.037181570 0.036913900 0.018956700 0.027621420 0.031529070 0.036110300 0.025336950 0.025598740 0.019766380 0.086845710 
38     0.037822330 0.043585890 0.032021230 0.030699020 0.032540360 0.025146400 0.025707910 0.041625140 0.000000000 0.004045170 0.006551970 0.001668030 0.036537560 0.036791700 0.015978750 0.037984240 0.042765090 0.044854100 0.031875960 0.034027580 0.037238890 0.038258290 0.025612510 0.033235070 0.053725570 0.023045130 0.031335050 0.027589220 0.028213110 0.029383540 0.030705940 0.030359330 0.031012850 0.039934600 0.040905690 0.038048730 0.034969510 0.037850870 0.037913410 0.042575690 0.040770400 0.049168200 0.043911760 0.032764070 0.035696700 0.041855570 0.036351310 0.037962410 0.038089980 0.027061780 0.100009590 
46     0.041696360 0.036192990 0.029507440 0.030381910 0.027331740 0.025842840 0.026404350 0.014665140 0.004045170 0.000000000 0.002337380 0.001626350 0.034023770 0.034277910 0.037382860 0.029415050 0.040251300 0.031682590 0.024030740 0.031513790 0.023904050 0.035744500 0.027158180 0.026394620 0.037189840 0.023741570 0.028605810 0.028285660 0.028909550 0.023897110 0.031402380 0.031055770 0.022205510 0.039105810 0.041602130 0.037000350 0.029942810 0.037538700 0.036914910 0.040200750 0.041466840 0.049864640 0.044608200 0.030250280 0.033182910 0.042552010 0.033837520 0.035448620 0.035576190 0.026822890 0.086674750 
45     0.043169900 0.035228810 0.030980980 0.024698610 0.026367560 0.025275340 0.025836850 0.013700960 0.006551970 0.002337380 0.000000000 0.001924420 0.035497310 0.035751450 0.038856400 0.028450870 0.041724840 0.030718410 0.030835710 0.032987330 0.043496960 0.032270700 0.017815910 0.025430440 0.025785210 0.018860190 0.027641630 0.027718160 0.028342050 0.022932930 0.030834880 0.030488270 0.031827890 0.036519050 0.038233070 0.038177670 0.030419710 0.037979810 0.038042350 0.041674290 0.040899340 0.049297140 0.044040700 0.031723820 0.032865470 0.041984510 0.035311060 0.036922160 0.037049730 0.027190720 0.090205050 
19     0.033681660 0.033057400 0.021492740 0.012732300 0.017457980 0.019728900 0.019604600 0.040182200 0.001668030 0.001626350 0.001924420 0.000000000 0.026009070 0.026263210 0.029368160 0.030041630 0.032236600 0.022319730 0.021347470 0.023499090 0.034008720 0.027729800 0.019491140 0.028601600 0.044060770 0.016360010 0.029892110 0.024431490 0.026770170 0.027940600 0.029263000 0.028916390 0.022339650 0.024552740 0.034046320 0.028985650 0.027263750 0.029524000 0.028900210 0.032186050 0.039327460 0.042240810 0.039024480 0.022235580 0.025168210 0.036104700 0.025822820 0.027433920 0.027561490 0.018488360 0.097878830 
17     0.036497030 0.035962630 0.024397970 0.025272440 0.024917100 0.025491220 0.028887070 0.011687850 0.036537560 0.034023770 0.035497310 0.026009070 0.000000000 0.000452510 0.000811660 0.001844780 0.004590520 0.003522350 0.009340060 0.016024880 0.036913950 0.029251350 0.022396370 0.037562440 0.046966000 0.026596760 0.019050650 0.027336720 0.033933580 0.029564660 0.035270880 0.037683380 0.016834020 0.033996340 0.038210840 0.031890880 0.033460760 0.032429230 0.031805440 0.035091280 0.039276070 0.045146040 0.041929710 0.025140810 0.028073440 0.039009930 0.028728050 0.030339150 0.030466720 0.021713420 0.055541050 
44     0.036841030 0.036216770 0.024652110 0.025526580 0.025171240 0.028147750 0.028756360 0.013348560 0.036791700 0.034277910 0.035751450 0.026263210 0.000452510 0.000000000 0.000748480 0.002697250 0.007647140 0.003914030 0.006733030 0.006278340 0.037168090 0.030889170 0.022650510 0.036784190 0.044375820 0.010860660 0.019442330 0.027590860 0.034187720 0.029956340 0.035525020 0.037294920 0.018494730 0.034250480 0.045200000 0.032145020 0.033714900 0.032683370 0.032059580 0.035345420 0.039145360 0.045400180 0.042183850 0.025394950 0.028327580 0.039264070 0.028982190 0.030593290 0.030720860 0.021967560 0.075689690 
37     0.039945980 0.039321720 0.027757060 0.028631530 0.026815070 0.032301850 0.032863360 0.010965590 0.015978750 0.037382860 0.038856400 0.029368160 0.000811660 0.000748480 0.000000000 0.002379880 0.005264170 0.004156630 0.017232350 0.019383970 0.040273040 0.028529090 0.025755460 0.036183080 0.050325090 0.029955850 0.019684930 0.030695810 0.035368560 0.030198940 0.037861390 0.037514780 0.016111760 0.037355430 0.044091520 0.035249970 0.036819850 0.035788320 0.035164530 0.038450370 0.047925850 0.048505130 0.045288800 0.028499900 0.031432530 0.042369020 0.032087140 0.033698240 0.033825810 0.025072510 0.067427880 
24     0.046879390 0.042062860 0.034397770 0.033132280 0.024494290 0.031935690 0.032312470 0.008644810 0.037984240 0.029415050 0.028450870 0.030041630 0.001844780 0.002697250 0.002379880 0.000000000 0.002943390 0.001367340 0.024165760 0.023327180 0.047206450 0.026208310 0.024102490 0.032264490 0.043092140 0.030029400 0.001415390 0.012516800 0.036743350 0.011929400 0.039236180 0.038889570 0.013790980 0.038825370 0.037571050 0.042183380 0.037309080 0.042721730 0.042097940 0.043346400 0.042701470 0.051735070 0.051467400 0.035433310 0.038365940 0.048590690 0.039020550 0.033980760 0.031574910 0.032005920 0.108822580 
40     0.036696160 0.042190160 0.030625500 0.031499970 0.021551800 0.026730360 0.030658790 0.005702320 0.042765090 0.040251300 0.041724840 0.032236600 0.004590520 0.007647140 0.005264170 0.002943390 0.000000000 0.000811890 0.010579200 0.022252410 0.043141480 0.023265820 0.021160000 0.038987450 0.053193530 0.032824290 0.032647130 0.033564250 0.040161110 0.037024090 0.041498410 0.043285980 0.010848490 0.040223870 0.038828250 0.038118410 0.039688290 0.038656760 0.038032970 0.041318810 0.051186610 0.051373570 0.048157240 0.031368340 0.034300970 0.045237460 0.034955580 0.031038270 0.031300060 0.027940950 0.056780190 
9     0.041126840 0.044330400 0.035693350 0.036567820 0.022362790 0.036217840 0.036779350 0.006513310 0.044854100 0.031682590 0.030718410 0.022319730 0.003522350 0.003914030 0.004156630 0.001367340 0.000811890 0.000000000 0.025168640 0.026125270 0.048209330 0.024076810 0.021970990 0.034532030 0.045359680 0.032296940 0.018688740 0.029790150 0.039284550 0.029202750 0.041777380 0.041430770 0.011659480 0.045291720 0.039639240 0.042577040 0.043249130 0.043724610 0.043100820 0.046386660 0.048641520 0.056441420 0.053225090 0.036436190 0.039368820 0.050305310 0.040023430 0.031849260 0.032111050 0.032311930 0.094121110 
42     0.031925290 0.031301030 0.019736370 0.020610840 0.020255500 0.017591840 0.021520270 0.017580740 0.031875960 0.024030740 0.030835710 0.021347470 0.009340060 0.006733030 0.017232350 0.024165760 0.010579200 0.025168640 0.000000000 0.000821830 0.022019970 0.025973430 0.017734770 0.032900840 0.031817140 0.011000350 0.028488540 0.022675120 0.029271980 0.030513620 0.030609280 0.033763770 0.020583280 0.029334740 0.034155030 0.027229280 0.028799160 0.027767630 0.027143840 0.030429680 0.040297480 0.040484440 0.037268110 0.020479210 0.023411840 0.034348330 0.024066450 0.025677550 0.025805120 0.017051820 0.047641670 
12     0.034076910 0.033452650 0.021887990 0.022466400 0.022407120 0.021269810 0.021646590 0.022238610 0.034027580 0.031513790 0.032987330 0.023499090 0.016024880 0.006278340 0.019383970 0.023327180 0.022252410 0.026125270 0.000821830 0.000000000 0.029974140 0.028125050 0.019886390 0.035052460 0.044060820 0.010545660 0.028033850 0.024826740 0.031291030 0.032461460 0.032760900 0.033437250 0.022734900 0.031486360 0.042435880 0.029380900 0.026643200 0.029919250 0.029295460 0.032581300 0.032035590 0.041069190 0.039419730 0.022630830 0.025563460 0.036499950 0.026218070 0.027829170 0.027956740 0.019203440 0.063598790 
21     0.036779880 0.036155620 0.024590960 0.025465430 0.021235890 0.034803230 0.034348800 0.045745450 0.037238890 0.023904050 0.043496960 0.034008720 0.036913950 0.037168090 0.040273040 0.047206450 0.043141480 0.048209330 0.022019970 0.029974140 0.000000000 0.004429970 0.017052860 0.031968770 0.034383870 0.023568010 0.033179230 0.024307970 0.030904830 0.032146470 0.032242130 0.035396620 0.021815310 0.030566770 0.041516290 0.028461310 0.030031190 0.028999660 0.028375870 0.031661710 0.041529510 0.041716470 0.038500140 0.030683580 0.033616210 0.044552700 0.034270820 0.035881920 0.036009490 0.027256190 0.064172860 
33     0.030500960 0.029876700 0.018312040 0.019186510 0.018287190 0.016295650 0.017334020 0.017687420 0.038258290 0.035744500 0.032270700 0.027729800 0.029251350 0.030889170 0.028529090 0.026208310 0.023265820 0.024076810 0.025973430 0.028125050 0.004429970 0.000000000 0.002366580 0.020206850 0.037658330 0.017289090 0.026900310 0.018029050 0.024625910 0.025867550 0.025963210 0.029117700 0.015536390 0.024287850 0.035237370 0.022182390 0.023752270 0.022720740 0.022096950 0.025382790 0.035250590 0.035437550 0.032221220 0.024404660 0.027337290 0.038273780 0.027991900 0.029603000 0.029730570 0.020977270 0.075932910 
6     0.022262300 0.021638040 0.010073380 0.010947850 0.010048530 0.017870570 0.018795390 0.015581600 0.025612510 0.027158180 0.017815910 0.019491140 0.022396370 0.022650510 0.025755460 0.024102490 0.021160000 0.021970990 0.017734770 0.019886390 0.017052860 0.002366580 0.000000000 0.013525980 0.017806690 0.009050430 0.018661650 0.009790390 0.016387250 0.017628890 0.017724550 0.020879040 0.007297730 0.016049190 0.025116810 0.013943730 0.015513610 0.014482080 0.013858290 0.017144130 0.024981520 0.022694820 0.023982560 0.016166000 0.019098630 0.029510230 0.019753240 0.021364340 0.021491910 0.012738610 0.061910450 
7     0.037428370 0.036804110 0.025239450 0.026113920 0.025214600 0.013335500 0.026902860 0.016165770 0.033235070 0.026394620 0.025430440 0.028601600 0.037562440 0.036784190 0.036183080 0.032264490 0.038987450 0.034532030 0.032900840 0.035052460 0.031968770 0.020206850 0.013525980 0.000000000 0.025612440 0.024216500 0.031078790 0.024956460 0.031553320 0.026370090 0.032890620 0.034811280 0.022463800 0.031215260 0.042164780 0.029109800 0.030679680 0.029648150 0.029024360 0.032310200 0.041374170 0.042364960 0.039148630 0.031332070 0.034264700 0.043704050 0.034919310 0.036530410 0.036657980 0.027454350 0.018788020 
8     0.030627180 0.034028640 0.032233870 0.031233700 0.023843300 0.027311860 0.036098130 0.026374510 0.053725570 0.037189840 0.025785210 0.044060770 0.046966000 0.044375820 0.050325090 0.043092140 0.053193530 0.045359680 0.031817140 0.044060820 0.034383870 0.037658330 0.017806690 0.025612440 0.000000000 0.007432280 0.030362420 0.031426800 0.028194560 0.027569000 0.016383920 0.015254790 0.009423010 0.037234980 0.039538810 0.025722370 0.018673120 0.030381560 0.028684630 0.042082520 0.049758880 0.019215890 0.021946970 0.040422330 0.017286020 0.052531850 0.043838100 0.045933970 0.043250380 0.037308240 0.057939290 
39     0.026462690 0.025838430 0.014273770 0.015148240 0.014248920 0.013482570 0.014044080 0.014000230 0.023045130 0.023741570 0.018860190 0.016360010 0.026596760 0.010860660 0.029955850 0.030029400 0.032824290 0.032296940 0.011000350 0.010545660 0.023568010 0.017289090 0.009050430 0.024216500 0.007432280 0.000000000 0.000368710 0.003048280 0.008142110 0.007516550 0.007936610 0.002341010 0.004365760 0.020650400 0.028402680 0.018544940 0.013615870 0.019083290 0.018459500 0.021745340 0.028267390 0.014158640 0.016889720 0.020366390 0.015751740 0.029352560 0.023953630 0.025564730 0.025692300 0.014558770 0.038003510 
25     0.028935560 0.035449650 0.023884990 0.024759460 0.023860140 0.021772490 0.022334000 0.018446510 0.031335050 0.028605810 0.027641630 0.029892110 0.019050650 0.019442330 0.019684930 0.001415390 0.032647130 0.018688740 0.028488540 0.028033850 0.033179230 0.026900310 0.018661650 0.031078790 0.030362420 0.000368710 0.000000000 0.008209560 0.011279880 0.003990280 0.002606660 0.008459360 0.021510160 0.030261620 0.036692600 0.028156160 0.029726040 0.028694510 0.028070720 0.031356560 0.036557310 0.041411320 0.038194990 0.029919450 0.032910240 0.037118230 0.032391500 0.035175950 0.030186000 0.022848690 0.024245030 
28     0.026495610 0.026578390 0.015013730 0.015888200 0.014988880 0.018026660 0.018588170 0.022416650 0.027589220 0.028285660 0.027718160 0.024431490 0.027336720 0.027590860 0.030695810 0.012516800 0.033564250 0.029790150 0.022675120 0.024826740 0.024307970 0.018029050 0.009790390 0.024956460 0.031426800 0.003048280 0.008209560 0.000000000 0.000056020 0.000831430 0.010499520 0.011969530 0.012638900 0.021390360 0.032339880 0.019284900 0.020854780 0.019823250 0.019199460 0.022485300 0.032353100 0.032540060 0.029323730 0.021106350 0.024038980 0.033896650 0.024693590 0.026304690 0.026432260 0.017678960 0.062086970 
32     0.033799510 0.033175250 0.021610590 0.022485060 0.021585740 0.018650550 0.019212060 0.034707380 0.028213110 0.028909550 0.028342050 0.026770170 0.033933580 0.034187720 0.035368560 0.036743350 0.040161110 0.039284550 0.029271980 0.031291030 0.030904830 0.024625910 0.016387250 0.031553320 0.028194560 0.008142110 0.011279880 0.000056020 0.000000000 0.000855230 0.011501420 0.012801830 0.019235760 0.027987220 0.033570660 0.025881760 0.027451640 0.026420110 0.025796320 0.029082160 0.033435370 0.039136920 0.035920590 0.026797510 0.030635840 0.034520540 0.029269560 0.032901550 0.033029120 0.019726750 0.074067780 
16     0.018993200 0.034416890 0.018660390 0.018371930 0.022827380 0.019820980 0.020382490 0.013737810 0.029383540 0.023897110 0.022932930 0.027940600 0.029564660 0.029956340 0.030198940 0.011929400 0.037024090 0.029202750 0.030513620 0.032461460 0.032146470 0.025867550 0.017628890 0.026370090 0.027569000 0.007516550 0.003990280 0.000831430 0.000855230 0.000000000 0.005066400 0.010577500 0.020477400 0.029228860 0.034741090 0.027123400 0.028693280 0.027661750 0.027037960 0.030323800 0.034605800 0.040378560 0.037162230 0.027967940 0.031877480 0.035690970 0.030439990 0.034143190 0.034270760 0.020897180 0.059391750 
34     0.029388360 0.034512550 0.022947890 0.023822360 0.022923040 0.021143380 0.021704890 0.010520980 0.030705940 0.031402380 0.030834880 0.029263000 0.035270880 0.035525020 0.037861390 0.039236180 0.041498410 0.041777380 0.030609280 0.032760900 0.032242130 0.025963210 0.017724550 0.032890620 0.016383920 0.007936610 0.002606660 0.010499520 0.011501420 0.005066400 0.000000000 0.000005600 0.011079910 0.029324520 0.036063490 0.027219060 0.020330020 0.027757410 0.027133620 0.030419460 0.035928200 0.020872790 0.023603870 0.029040510 0.031973140 0.037013370 0.031762390 0.034238850 0.034366420 0.022219580 0.039319400 
30     0.024073710 0.037667040 0.026102380 0.025510210 0.026077530 0.018360180 0.021358280 0.005206330 0.030359330 0.031055770 0.030488270 0.028916390 0.037683380 0.037294920 0.037514780 0.038889570 0.043285980 0.041430770 0.033763770 0.033437250 0.035396620 0.029117700 0.020879040 0.034811280 0.015254790 0.002341010 0.008459360 0.011969530 0.012801830 0.010577500 0.000005600 0.000000000 0.014334340 0.032479010 0.035716880 0.030373550 0.023584450 0.030911900 0.030288110 0.033573950 0.035581590 0.024127220 0.026858300 0.024163030 0.033600610 0.036666760 0.031415780 0.031522660 0.033027190 0.021872970 0.035433720 
18     0.019741580 0.024486550 0.012921890 0.013796360 0.012897040 0.017473010 0.018511380 0.005147170 0.031012850 0.022205510 0.031827890 0.022339650 0.016834020 0.018494730 0.016111760 0.013790980 0.010848490 0.011659480 0.020583280 0.022734900 0.021815310 0.015536390 0.007297730 0.022463800 0.009423010 0.004365760 0.021510160 0.012638900 0.019235760 0.020477400 0.011079910 0.014334340 0.000000000 0.012740440 0.018468990 0.010634980 0.000680580 0.001632120 0.004778550 0.008151890 0.007474030 0.010560540 0.012257220 0.019014510 0.021947140 0.032883630 0.022601750 0.024212850 0.024340420 0.015587120 0.039987780 
5     0.032443300 0.033238010 0.021673350 0.022547820 0.021648500 0.030258160 0.030933550 0.039430430 0.039934600 0.039105810 0.036519050 0.024552740 0.033996340 0.034250480 0.037355430 0.038825370 0.040223870 0.045291720 0.029334740 0.031486360 0.030566770 0.024287850 0.016049190 0.031215260 0.037234980 0.020650400 0.030261620 0.021390360 0.027987220 0.029228860 0.029324520 0.032479010 0.012740440 0.000000000 0.000092360 0.009570880 0.007217710 0.010109230 0.009485440 0.012771280 0.017949000 0.024659740 0.020580310 0.027765970 0.030698600 0.041635090 0.031353210 0.032964310 0.033091880 0.024338580 0.065791820 
22     0.031711430 0.044187530 0.031378620 0.030141790 0.031756600 0.031343130 0.031904640 0.033126930 0.040905690 0.041602130 0.038233070 0.034046320 0.038210840 0.045200000 0.044091520 0.037571050 0.038828250 0.039639240 0.034155030 0.042435880 0.041516290 0.035237370 0.025116810 0.042164780 0.039538810 0.028402680 0.036692600 0.032339880 0.033570660 0.034741090 0.036063490 0.035716880 0.018468990 0.000092360 0.000000000 0.003633480 0.013119200 0.005196210 0.005065740 0.005409030 0.013085390 0.027283120 0.029977660 0.034896450 0.039553330 0.042619480 0.037368500 0.042186520 0.044041400 0.029662570 0.044230810 
26     0.031756810 0.031132550 0.019567890 0.020442360 0.019543040 0.028486170 0.029047680 0.036064730 0.038048730 0.037000350 0.038177670 0.028985650 0.031890880 0.032145020 0.035249970 0.042183380 0.038118410 0.042577040 0.027229280 0.029380900 0.028461310 0.022182390 0.013943730 0.029109800 0.025722370 0.018544940 0.028156160 0.019284900 0.025881760 0.027123400 0.027219060 0.030373550 0.010634980 0.009570880 0.003633480 0.000000000 0.001068540 0.002860530 0.002730060 0.006968440 0.007441790 0.022554280 0.019337950 0.025660510 0.028593140 0.039529630 0.029247750 0.030858850 0.030986420 0.022233120 0.101307930 
20     0.033326690 0.032702430 0.018907690 0.017642200 0.021112920 0.018154370 0.018531150 0.022755580 0.034969510 0.029942810 0.030419710 0.027263750 0.033460760 0.033714900 0.036819850 0.037309080 0.039688290 0.043249130 0.028799160 0.026643200 0.030031190 0.023752270 0.015513610 0.030679680 0.018673120 0.013615870 0.029726040 0.020854780 0.027451640 0.028693280 0.020330020 0.023584450 0.000680580 0.007217710 0.013119200 0.001068540 0.000000000 0.000951540 0.004097970 0.007084100 0.006436610 0.021900260 0.020907830 0.020074590 0.030163020 0.033100610 0.030817630 0.032428730 0.032101720 0.019359230 0.077292530 
43     0.032295160 0.031670900 0.020106240 0.020980710 0.020081390 0.027492390 0.027869170 0.032093600 0.037850870 0.037538700 0.037979810 0.029524000 0.032429230 0.032683370 0.035788320 0.042721730 0.038656760 0.043724610 0.027767630 0.029919250 0.028999660 0.022720740 0.014482080 0.029648150 0.030381560 0.019083290 0.028694510 0.019823250 0.026420110 0.027661750 0.027757410 0.030911900 0.001632120 0.010109230 0.005196210 0.002860530 0.000951540 0.000000000 0.000112590 0.006170890 0.006130430 0.023092630 0.019876300 0.026198860 0.029131490 0.039564660 0.029786100 0.031397200 0.031524770 0.022771470 0.102670520 
23     0.031671370 0.031047110 0.019482450 0.020356920 0.019457600 0.026576370 0.026953150 0.031177580 0.037913410 0.036914910 0.038042350 0.028900210 0.031805440 0.032059580 0.035164530 0.042097940 0.038032970 0.043100820 0.027143840 0.029295460 0.028375870 0.022096950 0.013858290 0.029024360 0.028684630 0.018459500 0.028070720 0.019199460 0.025796320 0.027037960 0.027133620 0.030288110 0.004778550 0.009485440 0.005065740 0.002730060 0.004097970 0.000112590 0.000000000 0.005547100 0.005282670 0.022468840 0.019252510 0.025575070 0.028507700 0.039444190 0.029162310 0.030773410 0.030900980 0.022147680 0.101754500 
13     0.034957210 0.034332950 0.022768290 0.023642760 0.022743440 0.024191690 0.024568470 0.028792900 0.042575690 0.040200750 0.041674290 0.032186050 0.035091280 0.035345420 0.038450370 0.043346400 0.041318810 0.046386660 0.030429680 0.032581300 0.031661710 0.025382790 0.017144130 0.032310200 0.042082520 0.021745340 0.031356560 0.022485300 0.029082160 0.030323800 0.030419460 0.033573950 0.008151890 0.012771280 0.005409030 0.006968440 0.007084100 0.006170890 0.005547100 0.000000000 0.000426690 0.022806950 0.022538350 0.026111910 0.031793540 0.039137930 0.032448150 0.034059250 0.034186820 0.025396550 0.083958330 
48     0.044825010 0.044200750 0.024300080 0.023034590 0.031621310 0.023546760 0.023923540 0.028147970 0.040770400 0.041466840 0.040899340 0.039327460 0.039276070 0.039145360 0.047925850 0.042701470 0.051186610 0.048641520 0.040297480 0.032035590 0.041529510 0.035250590 0.024981520 0.041374170 0.049758880 0.028267390 0.036557310 0.032353100 0.033435370 0.034605800 0.035928200 0.035581590 0.007474030 0.017949000 0.013085390 0.007441790 0.006436610 0.006130430 0.005282670 0.000426690 0.000000000 0.027747370 0.028189430 0.025466980 0.039418040 0.038493000 0.037233210 0.039987230 0.037494110 0.024751620 0.091634690 
15     0.033690860 0.044158160 0.032823050 0.032068190 0.032798200 0.032580360 0.032957140 0.037181570 0.049168200 0.049864640 0.049297140 0.042240810 0.045146040 0.045400180 0.048505130 0.051735070 0.051373570 0.056441420 0.040484440 0.041069190 0.041716470 0.035437550 0.022694820 0.042364960 0.019215890 0.014158640 0.041411320 0.032540060 0.039136920 0.040378560 0.020872790 0.024127220 0.010560540 0.024659740 0.027283120 0.022554280 0.021900260 0.023092630 0.022468840 0.022806950 0.027747370 0.000000000 0.001119010 0.034500580 0.041848300 0.047526600 0.042502910 0.044114010 0.044241580 0.033785220 0.078737160 
10     0.034741140 0.041171380 0.029606720 0.030481190 0.029581870 0.032312690 0.032689470 0.036913900 0.043911760 0.044608200 0.044040700 0.039024480 0.041929710 0.042183850 0.045288800 0.051467400 0.048157240 0.053225090 0.037268110 0.039419730 0.038500140 0.032221220 0.023982560 0.039148630 0.021946970 0.016889720 0.038194990 0.029323730 0.035920590 0.037162230 0.023603870 0.026858300 0.012257220 0.020580310 0.029977660 0.019337950 0.020907830 0.019876300 0.019252510 0.022538350 0.028189430 0.001119010 0.000000000 0.034232910 0.038631970 0.045625550 0.039286580 0.040897680 0.041025250 0.032271950 0.107490820 
11     0.030356520 0.029732260 0.015913840 0.014648350 0.018686730 0.016409960 0.016786740 0.018956700 0.032764070 0.030250280 0.031723820 0.022235580 0.025140810 0.025394950 0.028499900 0.035433310 0.031368340 0.036436190 0.020479210 0.022630830 0.030683580 0.024404660 0.016166000 0.031332070 0.040422330 0.020366390 0.029919450 0.021106350 0.026797510 0.027967940 0.029040510 0.024163030 0.019014510 0.027765970 0.034896450 0.025660510 0.020074590 0.026198860 0.025575070 0.026111910 0.025466980 0.034500580 0.034232910 0.000000000 0.001025500 0.012573110 0.002714210 0.018079720 0.016019590 0.015414450 0.065529030 
49     0.033289150 0.032664890 0.021100230 0.021974700 0.021619360 0.027375750 0.029788370 0.027621420 0.035696700 0.033182910 0.032865470 0.025168210 0.028073440 0.028327580 0.031432530 0.038365940 0.034300970 0.039368820 0.023411840 0.025563460 0.033616210 0.027337290 0.019098630 0.034264700 0.017286020 0.015751740 0.032910240 0.024038980 0.030635840 0.031877480 0.031973140 0.033600610 0.021947140 0.030698600 0.039553330 0.028593140 0.030163020 0.029131490 0.028507700 0.031793540 0.039418040 0.041848300 0.038631970 0.001025500 0.000000000 0.006667480 0.000788390 0.026837130 0.026964700 0.004181820 0.051745220 
27     0.044225640 0.043601380 0.028939860 0.027674370 0.026959220 0.029435980 0.029812760 0.031529070 0.041855570 0.042552010 0.041984510 0.036104700 0.039009930 0.039264070 0.042369020 0.048590690 0.045237460 0.050305310 0.034348330 0.036499950 0.044552700 0.038273780 0.029510230 0.043704050 0.052531850 0.029352560 0.037118230 0.033896650 0.034520540 0.035690970 0.037013370 0.036666760 0.032883630 0.041635090 0.042619480 0.039529630 0.033100610 0.039564660 0.039444190 0.039137930 0.038493000 0.047526600 0.045625550 0.012573110 0.006667480 0.000000000 0.000624230 0.034509800 0.036014330 0.028889540 0.103364670 
47     0.030681130 0.033319500 0.021754840 0.022629310 0.022273970 0.027042030 0.027603540 0.036110300 0.036351310 0.033837520 0.035311060 0.025822820 0.028728050 0.028982190 0.032087140 0.039020550 0.034955580 0.040023430 0.024066450 0.026218070 0.034270820 0.027991900 0.019753240 0.034919310 0.043838100 0.023953630 0.032391500 0.024693590 0.029269560 0.030439990 0.031762390 0.031415780 0.022601750 0.031353210 0.037368500 0.029247750 0.030817630 0.029786100 0.029162310 0.032448150 0.037233210 0.042502910 0.039286580 0.002714210 0.000788390 0.000624230 0.000000000 0.000986610 0.027619310 0.009038100 0.081124430 
31     0.029714060 0.033575850 0.023365940 0.024178800 0.023885070 0.030930210 0.031306990 0.025336950 0.037962410 0.035448620 0.036922160 0.027433920 0.030339150 0.030593290 0.033698240 0.033980760 0.031038270 0.031849260 0.025677550 0.027829170 0.035881920 0.029603000 0.021364340 0.036530410 0.045933970 0.025564730 0.035175950 0.026304690 0.032901550 0.034143190 0.034238850 0.031522660 0.024212850 0.032964310 0.042186520 0.030858850 0.032428730 0.031397200 0.030773410 0.034059250 0.039987230 0.044114010 0.040897680 0.018079720 0.026837130 0.034509800 0.000986610 0.000000000 0.000261790 0.001101310 0.095947180 
41     0.035682430 0.030345320 0.023493510 0.024367980 0.024012640 0.028437090 0.028813870 0.025598740 0.038089980 0.035576190 0.037049730 0.027561490 0.030466720 0.030720860 0.033825810 0.031574910 0.031300060 0.032111050 0.025805120 0.027956740 0.036009490 0.029730570 0.021491910 0.036657980 0.043250380 0.025692300 0.030186000 0.026432260 0.033029120 0.034270760 0.034366420 0.033027190 0.024340420 0.033091880 0.044041400 0.030986420 0.032101720 0.031524770 0.030900980 0.034186820 0.037494110 0.044241580 0.041025250 0.016019590 0.026964700 0.036014330 0.027619310 0.000261790 0.000000000 0.001363100 0.070327970 
14     0.026929130 0.016576010 0.014740210 0.013932990 0.002307050 0.015694600 0.016071380 0.019766380 0.027061780 0.026822890 0.027190720 0.018488360 0.021713420 0.021967560 0.025072510 0.032005920 0.027940950 0.032311930 0.017051820 0.019203440 0.027256190 0.020977270 0.012738610 0.027454350 0.037308240 0.014558770 0.022848690 0.017678960 0.019726750 0.020897180 0.022219580 0.021872970 0.015587120 0.024338580 0.029662570 0.022233120 0.019359230 0.022771470 0.022147680 0.025396550 0.024751620 0.033785220 0.032271950 0.015414450 0.004181820 0.028889540 0.009038100 0.001101310 0.001363100 0.000000000 0.022351210 
0     0.043675600 0.031864700 0.023553710 0.023717990 0.067278230 0.046400150 0.050328580 0.086845710 0.100009590 0.086674750 0.090205050 0.097878830 0.055541050 0.075689690 0.067427880 0.108822580 0.056780190 0.094121110 0.047641670 0.063598790 0.064172860 0.075932910 0.061910450 0.018788020 0.057939290 0.038003510 0.024245030 0.062086970 0.074067780 0.059391750 0.039319400 0.035433720 0.039987780 0.065791820 0.044230810 0.101307930 0.077292530 0.102670520 0.101754500 0.083958330 0.091634690 0.078737160 0.107490820 0.065529030 0.051745220 0.103364670 0.081124430 0.095947180 0.070327970 0.022351210 0.000000000 
