51
9     0.000000000 0.000144630 0.000275020 0.013565450 0.014779820 0.026413950 0.029366050 0.070688530 0.030863530 0.048260850 0.038855740 0.038919620 0.038910700 0.053960630 0.069740240 0.061584910 0.061008640 0.067362920 0.054185290 0.047833240 0.111233480 0.052208760 0.058884330 0.058884840 0.137281030 0.056621020 0.071973540 0.052600440 0.088668790 0.040264030 0.087920190 0.086736760 0.090245820 0.089115100 0.062494490 0.040277410 0.045981860 0.116807430 0.100385580 0.042875120 0.043026320 0.107813500 0.107813410 0.098333650 0.039347760 0.039346810 0.039351690 0.039344900 0.003122720 0.099988580 0.070866430 
5     0.000144630 0.000000000 0.000159370 0.016262680 0.042326620 0.034496610 0.036967800 0.053151720 0.025194170 0.023002320 0.023018330 0.100952060 0.076822540 0.071030730 0.073062190 0.064906860 0.064330590 0.061501970 0.057507240 0.051155190 0.088617640 0.055530710 0.077822490 0.074612780 0.118244070 0.111502990 0.067359510 0.062913530 0.058689360 0.058566180 0.057940760 0.056757330 0.060266390 0.059135670 0.107566550 0.132815690 0.120116250 0.120129380 0.112927540 0.108497750 0.113725530 0.107650590 0.107514060 0.100037900 0.030796350 0.025720450 0.023459010 0.056045810 0.006444670 0.070009150 0.111154610 
2     0.000275020 0.000159370 0.000000000 0.008353350 0.009567720 0.021201850 0.012054320 0.014961610 0.014919020 0.020558160 0.020574170 0.033707520 0.033698600 0.048748530 0.076565590 0.069068740 0.070987980 0.048129610 0.061567250 0.065314420 0.073720230 0.050694650 0.053672230 0.053672740 0.097840060 0.051408920 0.064915350 0.047388340 0.056245200 0.035051930 0.043321040 0.040306270 0.057822230 0.048380150 0.057282390 0.035065310 0.040769760 0.119003860 0.095173480 0.037663020 0.037814220 0.102601400 0.064308130 0.076252890 0.028352190 0.023276290 0.021014850 0.034132800 0.018047290 0.028289480 0.073596450 
1     0.013565450 0.016262680 0.008353350 0.000000000 0.002522160 0.012213820 0.004104210 0.007011500 0.006968910 0.068891150 0.026643650 0.026707530 0.026698610 0.041748540 0.034612460 0.033551610 0.077335960 0.033047590 0.063662890 0.067410060 0.075815870 0.026872110 0.046672240 0.046672750 0.130748220 0.044408930 0.081769860 0.040388350 0.048888790 0.028051940 0.036205610 0.033190840 0.073456660 0.041264720 0.050282400 0.028065320 0.033769770 0.097078160 0.088173490 0.030663030 0.030814230 0.095601410 0.095601320 0.041637250 0.027135670 0.027134720 0.027139600 0.027132810 0.011047300 0.021174050 0.128791750 
7     0.014779820 0.042326620 0.009567720 0.002522160 0.000000000 0.002422180 0.012400710 0.004959840 0.003660460 0.082174080 0.027858020 0.027921900 0.027912980 0.042962910 0.070467880 0.069407030 0.094921870 0.068903010 0.088098520 0.081746470 0.115698900 0.044909030 0.047886610 0.047887120 0.097153500 0.045623300 0.105886770 0.041602720 0.084744210 0.029266310 0.060049510 0.057034740 0.097300560 0.065108620 0.051496770 0.029279690 0.034984140 0.126749520 0.089387860 0.031877400 0.032028600 0.096815780 0.096815690 0.077492670 0.028350040 0.028349090 0.028353970 0.028347180 0.012261670 0.045017950 0.064988790 
8     0.026413950 0.034496610 0.021201850 0.012213820 0.002422180 0.000000000 0.014726590 0.028530620 0.013556870 0.069550820 0.039492150 0.039556030 0.039547110 0.054597040 0.085338280 0.082700660 0.099621730 0.072154830 0.092798380 0.086446330 0.118024780 0.056543160 0.059520740 0.059521250 0.099479380 0.057257430 0.110586630 0.053236850 0.101598010 0.040900440 0.058375390 0.055360620 0.095626440 0.063434500 0.063130900 0.040913820 0.046618270 0.129669080 0.101021990 0.043511530 0.043662730 0.108449910 0.108449820 0.081273210 0.039984170 0.039983220 0.039988100 0.039981310 0.023895800 0.043343830 0.045798700 
3     0.029366050 0.036967800 0.012054320 0.004104210 0.012400710 0.014726590 0.000000000 0.002907290 0.002023920 0.072984510 0.029689510 0.042508130 0.042499210 0.057549140 0.046860200 0.045799350 0.089583700 0.045295330 0.097814620 0.093523710 0.104566490 0.039119850 0.062472840 0.062473350 0.086021090 0.060209530 0.102155930 0.056188950 0.061136530 0.043852540 0.032752060 0.029737290 0.070003110 0.037811170 0.066083000 0.043865920 0.049570370 0.110654360 0.103974090 0.046463630 0.046614830 0.098582320 0.097955300 0.053884990 0.042936270 0.042935320 0.042940200 0.042933410 0.013583850 0.017720500 0.049232390 
6     0.070688530 0.053151720 0.014961610 0.007011500 0.004959840 0.028530620 0.002907290 0.000000000 0.000146630 0.080872640 0.032596800 0.095820220 0.113095590 0.083805210 0.066595930 0.065535080 0.102336430 0.065031060 0.112011160 0.096431000 0.120750410 0.058855580 0.093827970 0.094223900 0.102205010 0.095463930 0.118339850 0.084018090 0.078881970 0.077040650 0.035659350 0.032644580 0.072910400 0.040718460 0.099971010 0.158624250 0.107872220 0.131800240 0.114294070 0.100741300 0.103666350 0.101489610 0.100862590 0.073620720 0.059409500 0.096850100 0.096246370 0.058598070 0.016491140 0.020627790 0.057120520 
4     0.030863530 0.025194170 0.014919020 0.006968910 0.003660460 0.013556870 0.002023920 0.000146630 0.000000000 0.073409990 0.032554210 0.044005610 0.043996690 0.051166900 0.033957620 0.032896770 0.076681120 0.032392750 0.108046940 0.096388410 0.093903680 0.026217270 0.061189660 0.063305380 0.088388100 0.061707010 0.091541570 0.051379780 0.048233950 0.045350020 0.035616760 0.032601990 0.072867810 0.040675870 0.067580480 0.045363400 0.051067850 0.111565330 0.105471570 0.047961110 0.048112310 0.101447020 0.100820000 0.040982410 0.044433750 0.044432800 0.044437680 0.044430890 0.016448550 0.020585200 0.049657870 
11     0.048260850 0.023002320 0.020558160 0.068891150 0.082174080 0.069550820 0.072984510 0.080872640 0.073409990 0.000000000 0.000062890 0.023716540 0.045217710 0.023813460 0.028455720 0.025423690 0.030140670 0.026165840 0.023317320 0.016965270 0.043640110 0.021340790 0.043632570 0.040422860 0.073427460 0.039331990 0.026024750 0.040506070 0.036281900 0.043480310 0.035533300 0.034349870 0.006467000 0.030905970 0.085159090 0.105928460 0.058657340 0.078376070 0.064186410 0.074327670 0.053558690 0.054639810 0.052181760 0.055969000 0.018843350 0.013767450 0.011506010 0.021875730 0.030191780 0.029456090 0.080441980 
49     0.038855740 0.023018330 0.020574170 0.026643650 0.027858020 0.039492150 0.029689510 0.032596800 0.032554210 0.000062890 0.000000000 0.000563180 0.000554260 0.015604190 0.030743610 0.027503200 0.026926930 0.026490000 0.020103580 0.013751530 0.052780540 0.018127050 0.031911090 0.031911600 0.094627580 0.029647780 0.037891830 0.025627200 0.021253660 0.001907590 0.029638980 0.011923710 0.008754890 0.010550660 0.024138050 0.001920970 0.007625420 0.082745560 0.062029140 0.004518680 0.004669880 0.068513060 0.061079260 0.022192270 0.000991320 0.000990370 0.000995250 0.000988460 0.015753730 0.024043150 0.147557830 
26     0.038919620 0.100952060 0.033707520 0.026707530 0.027921900 0.039556030 0.042508130 0.095820220 0.044005610 0.023716540 0.000563180 0.000000000 0.000135320 0.007244500 0.005858250 0.009575260 0.004293810 0.005709750 0.022727300 0.033836150 0.039140010 0.023410260 0.031974970 0.026622240 0.034603350 0.027862270 0.039448780 0.025691080 0.018412880 0.001969490 0.032457320 0.014343150 0.004906050 0.008075640 0.024199950 0.001982870 0.007687320 0.033817640 0.042354740 0.004580580 0.004731780 0.056963190 0.025385290 0.017513640 0.001053720 0.001052770 0.001057650 0.001050860 0.015817610 0.016177490 0.125361010 
10     0.038910700 0.076822540 0.033698600 0.026698610 0.027912980 0.039547110 0.042499210 0.113095590 0.043996690 0.045217710 0.000554260 0.000135320 0.000000000 0.003450070 0.028504090 0.019999730 0.016424260 0.005600750 0.027798150 0.013408230 0.037810870 0.028988470 0.031966050 0.031966560 0.060161220 0.029702740 0.035511940 0.025682160 0.018303880 0.001960570 0.032348320 0.014234150 0.004797050 0.007966640 0.024191030 0.001973950 0.007678400 0.051435850 0.049309130 0.004571660 0.004722860 0.030785160 0.028327110 0.025608400 0.001044800 0.001043850 0.001048730 0.001041940 0.015808690 0.016068490 0.204384580 
24     0.053960630 0.071030730 0.048748530 0.041748540 0.042962910 0.054597040 0.057549140 0.083805210 0.051166900 0.023813460 0.015604190 0.007244500 0.003450070 0.000000000 0.019389490 0.019133170 0.002409750 0.009734160 0.024441480 0.018841220 0.035740430 0.025009230 0.038534290 0.031090050 0.039071160 0.032330080 0.015591700 0.011145720 0.019585630 0.017010500 0.016963750 0.017653600 0.015789140 0.018958730 0.039240960 0.017023880 0.022728330 0.062427940 0.060301220 0.019621590 0.019772790 0.046899650 0.049139240 0.015016040 0.016094730 0.016093780 0.016098660 0.016091870 0.030858620 0.027060580 0.114670540 
27     0.069740240 0.073062190 0.076565590 0.034612460 0.070467880 0.085338280 0.046860200 0.066595930 0.033957620 0.028455720 0.030743610 0.005858250 0.028504090 0.019389490 0.000000000 0.000037370 0.001051390 0.008873840 0.023948750 0.026133500 0.047471040 0.007799950 0.026310170 0.018865930 0.026847040 0.020105960 0.026861020 0.031144120 0.027859690 0.033405930 0.048308530 0.036597340 0.027835840 0.038422090 0.031944610 0.077516900 0.070586660 0.035039090 0.043576190 0.049365470 0.033666990 0.065885770 0.026606740 0.009757330 0.038902390 0.050324690 0.030296030 0.043355120 0.022173580 0.011710390 0.170083060 
13     0.061584910 0.064906860 0.069068740 0.033551610 0.069407030 0.082700660 0.045799350 0.065535080 0.032896770 0.025423690 0.027503200 0.009575260 0.019999730 0.019133170 0.000037370 0.000000000 0.001034900 0.008395530 0.024330220 0.017978170 0.048756580 0.006739100 0.029256580 0.021812340 0.029793450 0.023052370 0.023390780 0.030083270 0.023687340 0.041333940 0.046371350 0.039543750 0.028424340 0.034951850 0.038873840 0.077500410 0.077515890 0.041968320 0.050505420 0.056294700 0.040596220 0.060898840 0.033535970 0.012703740 0.040994350 0.042169360 0.031494020 0.035199790 0.025119990 0.010649540 0.170012540 
31     0.061008640 0.064330590 0.070987980 0.077335960 0.094921870 0.099621730 0.089583700 0.102336430 0.076681120 0.030140670 0.026926930 0.004293810 0.016424260 0.002409750 0.001051390 0.001034900 0.000000000 0.007819260 0.022384310 0.017401900 0.039251240 0.021777420 0.044069200 0.040859490 0.052728420 0.045987340 0.017993110 0.013547130 0.021987040 0.025698640 0.021238440 0.020055010 0.023564070 0.022433350 0.030380170 0.078298110 0.069022220 0.033474650 0.042011750 0.047801030 0.032102550 0.065532300 0.025042300 0.035638710 0.054319530 0.041593090 0.041234460 0.031954270 0.027655810 0.042603530 0.214759580 
33     0.067362920 0.061501970 0.048129610 0.033047590 0.068903010 0.072154830 0.045295330 0.065031060 0.032392750 0.026165840 0.026490000 0.005709750 0.005600750 0.009734160 0.008873840 0.008395530 0.007819260 0.000000000 0.019270890 0.009312460 0.013159250 0.006235080 0.022478070 0.015033830 0.023014940 0.016273860 0.006062940 0.001616960 0.010056870 0.018096790 0.009308270 0.008124840 0.009907560 0.010503180 0.049672430 0.040306640 0.046452370 0.046039320 0.043912600 0.035468340 0.047490170 0.043902070 0.032750620 0.000002420 0.010152080 0.024805890 0.003087140 0.010112650 0.016842540 0.010145520 0.115061840 
25     0.054185290 0.057507240 0.061567250 0.063662890 0.088098520 0.092798380 0.097814620 0.112011160 0.108046940 0.023317320 0.020103580 0.022727300 0.027798150 0.024441480 0.023948750 0.024330220 0.022384310 0.019270890 0.000000000 0.006631250 0.015037060 0.014889310 0.037181090 0.033971380 0.062725580 0.055984500 0.034591510 0.028132320 0.038410000 0.035438470 0.063091970 0.033648280 0.038808600 0.035555200 0.033186900 0.098014000 0.071828950 0.036281380 0.044818480 0.050607760 0.034909280 0.066805930 0.027849030 0.021882800 0.047496180 0.034769740 0.029377630 0.027800170 0.047411940 0.048065240 0.186545130 
48     0.047833240 0.051155190 0.065314420 0.067410060 0.081746470 0.086446330 0.093523710 0.096431000 0.096388410 0.016965270 0.013751530 0.033836150 0.013408230 0.018841220 0.026133500 0.017978170 0.017401900 0.009312460 0.006631250 0.000000000 0.003911470 0.008537260 0.030829040 0.027619330 0.054517500 0.047776420 0.013522200 0.009076220 0.019163930 0.027230390 0.018415330 0.017231900 0.020740960 0.019610240 0.042919470 0.089230830 0.050820680 0.047390230 0.055927330 0.043689760 0.046018130 0.044438070 0.038957880 0.019828450 0.041144130 0.028417690 0.021169550 0.021448120 0.045859020 0.055781830 0.198221670 
41     0.111233480 0.088617640 0.073720230 0.075815870 0.115698900 0.118024780 0.104566490 0.120750410 0.093903680 0.043640110 0.052780540 0.039140010 0.037810870 0.035740430 0.047471040 0.048756580 0.039251240 0.013159250 0.015037060 0.003911470 0.000000000 0.039208750 0.061075270 0.053631030 0.056448210 0.054871060 0.031530810 0.027084830 0.037172540 0.034325030 0.036423940 0.032534840 0.038749570 0.037618850 0.064764220 0.048420390 0.082860930 0.080468160 0.089005260 0.043582090 0.056336670 0.056606710 0.054148660 0.030852850 0.060450740 0.054211800 0.028264190 0.043154530 0.024956290 0.042324110 0.197087970 
43     0.052208760 0.055530710 0.050694650 0.026872110 0.044909030 0.056543160 0.039119850 0.058855580 0.026217270 0.021340790 0.018127050 0.023410260 0.028988470 0.025009230 0.007799950 0.006739100 0.021777420 0.006235080 0.014889310 0.008537260 0.039208750 0.000000000 0.003798140 0.003798650 0.015538250 0.001534830 0.028975530 0.016267820 0.024114580 0.030341800 0.066064490 0.039545350 0.048091640 0.048186790 0.052572260 0.030355180 0.036059630 0.058125920 0.064857710 0.032952890 0.033104090 0.045805390 0.043266720 0.012705340 0.029425530 0.029424580 0.029429460 0.025823640 0.025121590 0.003970040 0.089393220 
32     0.058884330 0.077822490 0.053672230 0.046672240 0.047886610 0.059520740 0.062472840 0.093827970 0.061189660 0.043632570 0.031911090 0.031974970 0.031966050 0.038534290 0.026310170 0.029256580 0.044069200 0.022478070 0.037181090 0.030829040 0.061075270 0.003798140 0.000000000 0.000000510 0.000878010 0.001437350 0.044423570 0.044332830 0.059086970 0.033319380 0.061246930 0.050201570 0.058747860 0.066537570 0.055549840 0.033332760 0.039037210 0.080570850 0.079590580 0.035930470 0.036081670 0.068250320 0.065711650 0.023361560 0.032403110 0.032402160 0.032407040 0.032400250 0.035777810 0.038942430 0.104126090 
46     0.058884840 0.074612780 0.053672740 0.046672750 0.047887120 0.059521250 0.062473350 0.094223900 0.063305380 0.040422860 0.031911600 0.026622240 0.031966560 0.031090050 0.018865930 0.021812340 0.040859490 0.015033830 0.033971380 0.027619330 0.053631030 0.003798650 0.000000510 0.000000000 0.004674100 0.001462850 0.036979330 0.044333340 0.060473820 0.033319890 0.065070540 0.042757330 0.051303620 0.066328540 0.055550350 0.033333270 0.039037720 0.077128620 0.081447330 0.035930980 0.036082180 0.064808090 0.062269420 0.015917320 0.032403620 0.032402670 0.032407550 0.032400760 0.028333570 0.035922320 0.105982840 
16     0.137281030 0.118244070 0.097840060 0.130748220 0.097153500 0.099479380 0.086021090 0.102205010 0.088388100 0.073427460 0.094627580 0.034603350 0.060161220 0.039071160 0.026847040 0.029793450 0.052728420 0.023014940 0.062725580 0.054517500 0.056448210 0.015538250 0.000878010 0.004674100 0.000000000 0.002552030 0.044960440 0.066024680 0.091493240 0.052528630 0.126668460 0.050738440 0.059284730 0.074309650 0.130421670 0.124909930 0.093039880 0.129036780 0.098568950 0.118341460 0.087941230 0.119489260 0.111643130 0.023898430 0.083835610 0.097268300 0.044437130 0.098859230 0.036314680 0.043903430 0.123104460 
15     0.056621020 0.111502990 0.051408920 0.044408930 0.045623300 0.057257430 0.060209530 0.095463930 0.061707010 0.039331990 0.029647780 0.027862270 0.029702740 0.032330080 0.020105960 0.023052370 0.045987340 0.016273860 0.055984500 0.047776420 0.054871060 0.001534830 0.001437350 0.001462850 0.002552030 0.000000000 0.038219360 0.042069520 0.047908860 0.031056070 0.107362050 0.043997360 0.052543650 0.067568570 0.053286530 0.031069450 0.036773900 0.064563660 0.087889220 0.033667160 0.033818360 0.052243130 0.049704460 0.017157350 0.030139800 0.030138850 0.030143730 0.030136940 0.029573600 0.037162350 0.112424730 
34     0.071973540 0.067359510 0.064915350 0.081769860 0.105886770 0.110586630 0.102155930 0.118339850 0.091541570 0.026024750 0.037891830 0.039448780 0.035511940 0.015591700 0.026861020 0.023390780 0.017993110 0.006062940 0.034591510 0.013522200 0.031530810 0.028975530 0.044423570 0.036979330 0.044960440 0.038219360 0.000000000 0.001479110 0.015914410 0.054110200 0.015165810 0.013982380 0.017491440 0.016360720 0.044535570 0.052270910 0.047998840 0.054970410 0.063326220 0.048391230 0.070605010 0.064896480 0.062757850 0.026967920 0.052341470 0.052557990 0.052199360 0.045588420 0.042140530 0.060038270 0.217912390 
12     0.052600440 0.062913530 0.047388340 0.040388350 0.041602720 0.053236850 0.056188950 0.084018090 0.051379780 0.040506070 0.025627200 0.025691080 0.025682160 0.011145720 0.031144120 0.030083270 0.013547130 0.001616960 0.028132320 0.009076220 0.027084830 0.016267820 0.044332830 0.044333340 0.066024680 0.042069520 0.001479110 0.000000000 0.011468430 0.027035490 0.010719830 0.009536400 0.013045460 0.011914740 0.049265950 0.027048870 0.032753320 0.070151920 0.065727450 0.029646580 0.029797780 0.055814570 0.055187550 0.011101420 0.026119220 0.026118270 0.026123150 0.026116360 0.029498430 0.029132550 0.240218380 
35     0.088668790 0.058689360 0.056245200 0.048888790 0.084744210 0.101598010 0.061136530 0.078881970 0.048233950 0.036281900 0.021253660 0.018412880 0.018303880 0.019585630 0.027859690 0.023687340 0.021987040 0.010056870 0.038410000 0.019163930 0.037172540 0.024114580 0.059086970 0.060473820 0.091493240 0.047908860 0.015914410 0.011468430 0.000000000 0.010317370 0.002732880 0.000611080 0.000263850 0.000316260 0.022590080 0.031136490 0.030491290 0.033794190 0.031667470 0.023360370 0.017126310 0.011540830 0.011540740 0.004831900 0.022855210 0.024752430 0.015790270 0.012457470 0.025679500 0.025486170 0.125287020 
23     0.040264030 0.058566180 0.035051930 0.028051940 0.029266310 0.040900440 0.043852540 0.077040650 0.045350020 0.043480310 0.001907590 0.001969490 0.001960570 0.017010500 0.033405930 0.041333940 0.025698640 0.018096790 0.035438470 0.027230390 0.034325030 0.030341800 0.033319380 0.033319890 0.052528630 0.031056070 0.054110200 0.027035490 0.010317370 0.000000000 0.012390840 0.009580280 0.007019000 0.011483060 0.022230460 0.000013380 0.005717830 0.042076280 0.050613380 0.002611090 0.002762290 0.047755250 0.033643930 0.023734160 0.002398130 0.002397180 0.002402060 0.002395270 0.016334660 0.028564530 0.142992230 
28     0.087920190 0.057940760 0.043321040 0.036205610 0.060049510 0.058375390 0.032752060 0.035659350 0.035616760 0.035533300 0.029638980 0.032457320 0.032348320 0.016963750 0.048308530 0.046371350 0.021238440 0.009308270 0.063091970 0.018415330 0.036423940 0.066064490 0.061246930 0.065070540 0.126668460 0.107362050 0.015165810 0.010719830 0.002732880 0.012390840 0.000000000 0.001012700 0.002489350 0.002541760 0.047445240 0.078482050 0.051690490 0.073160090 0.060754680 0.056423020 0.038647930 0.013767190 0.013767100 0.003001830 0.044651350 0.048705890 0.037586410 0.044611920 0.029492930 0.033622720 0.254228340 
19     0.086736760 0.056757330 0.040306270 0.033190840 0.057034740 0.055360620 0.029737290 0.032644580 0.032601990 0.034349870 0.011923710 0.014343150 0.014234150 0.017653600 0.036597340 0.039543750 0.020055010 0.008124840 0.033648280 0.017231900 0.032534840 0.039545350 0.050201570 0.042757330 0.050738440 0.043997360 0.013982380 0.009536400 0.000611080 0.009580280 0.001012700 0.000000000 0.000367550 0.000419960 0.050411230 0.062522060 0.047482550 0.056126600 0.050266540 0.055239590 0.048838600 0.011645390 0.011645300 0.021447060 0.026537180 0.047522460 0.017390490 0.026497750 0.026478160 0.029812400 0.210691000 
45     0.090245820 0.060266390 0.057822230 0.073456660 0.097300560 0.095626440 0.070003110 0.072910400 0.072867810 0.006467000 0.008754890 0.004906050 0.004797050 0.015789140 0.027835840 0.028424340 0.023564070 0.009907560 0.038808600 0.020740960 0.038749570 0.048091640 0.058747860 0.051303620 0.059284730 0.052543650 0.017491440 0.013045460 0.000263850 0.007019000 0.002489350 0.000367550 0.000000000 0.000072730 0.048775680 0.053084960 0.048116610 0.049386770 0.049103820 0.043490920 0.039898010 0.011298160 0.011298070 0.013094030 0.017100080 0.047119690 0.010035140 0.017060650 0.030512000 0.020375300 0.144864040 
40     0.089115100 0.059135670 0.048380150 0.041264720 0.065108620 0.063434500 0.037811170 0.040718460 0.040675870 0.030905970 0.010550660 0.008075640 0.007966640 0.018958730 0.038422090 0.034951850 0.022433350 0.010503180 0.035555200 0.019610240 0.037618850 0.048186790 0.066537570 0.066328540 0.074309650 0.067568570 0.016360720 0.011914740 0.000316260 0.011483060 0.002541760 0.000419960 0.000072730 0.000000000 0.054745480 0.056254550 0.050833100 0.056695290 0.051820310 0.046207410 0.042614500 0.011350570 0.011350480 0.008292470 0.020269670 0.037424490 0.013204730 0.020230240 0.033681590 0.023544890 0.145198140 
38     0.062494490 0.107566550 0.057282390 0.050282400 0.051496770 0.063130900 0.066083000 0.099971010 0.067580480 0.085159090 0.024138050 0.024199950 0.024191030 0.039240960 0.031944610 0.038873840 0.030380170 0.049672430 0.033186900 0.042919470 0.064764220 0.052572260 0.055549840 0.055550350 0.130421670 0.053286530 0.044535570 0.049265950 0.022590080 0.022230460 0.047445240 0.050411230 0.048775680 0.054745480 0.000000000 0.000642570 0.004774510 0.007994240 0.005366390 0.001034730 0.006213940 0.000210560 0.000074030 0.019005050 0.024628590 0.024627640 0.024632520 0.024625730 0.039392480 0.044307750 0.145716130 
17     0.040277410 0.132815690 0.035065310 0.028065320 0.029279690 0.040913820 0.043865920 0.158624250 0.045363400 0.105928460 0.001920970 0.001982870 0.001973950 0.017023880 0.077516900 0.077500410 0.078298110 0.040306640 0.098014000 0.089230830 0.048420390 0.030355180 0.033332760 0.033333270 0.124909930 0.031069450 0.052270910 0.027048870 0.031136490 0.000013380 0.078482050 0.062522060 0.053084960 0.056254550 0.000642570 0.000000000 0.002930150 0.004399640 0.002272920 0.002624430 0.002775630 0.023471030 0.026714050 0.024380230 0.002411510 0.002410560 0.002415440 0.002408650 0.017175400 0.055960440 0.247414750 
20     0.045981860 0.120116250 0.040769760 0.033769770 0.034984140 0.046618270 0.049570370 0.107872220 0.051067850 0.058657340 0.007625420 0.007687320 0.007678400 0.022728330 0.070586660 0.077515890 0.069022220 0.046452370 0.071828950 0.050820680 0.082860930 0.036059630 0.039037210 0.039037720 0.093039880 0.036773900 0.047998840 0.032753320 0.030491290 0.005717830 0.051690490 0.047482550 0.048116610 0.050833100 0.004774510 0.002930150 0.000000000 0.000929450 0.001504530 0.002230580 0.005104340 0.015398740 0.015262210 0.022468320 0.008115960 0.008115010 0.008119890 0.008113100 0.022879850 0.081383560 0.108334340 
47     0.116807430 0.120129380 0.119003860 0.097078160 0.126749520 0.129669080 0.110654360 0.131800240 0.111565330 0.078376070 0.082745560 0.033817640 0.051435850 0.062427940 0.035039090 0.041968320 0.033474650 0.046039320 0.036281380 0.047390230 0.080468160 0.058125920 0.080570850 0.077128620 0.129036780 0.064563660 0.054970410 0.070151920 0.033794190 0.042076280 0.073160090 0.056126600 0.049386770 0.056695290 0.007994240 0.004399640 0.000929450 0.000000000 0.000259380 0.004511290 0.007303240 0.029790910 0.021085470 0.027037930 0.055987180 0.065932240 0.048922240 0.055947750 0.068754840 0.058618140 0.156006610 
22     0.100385580 0.112927540 0.095173480 0.088173490 0.089387860 0.101021990 0.103974090 0.114294070 0.105471570 0.064186410 0.062029140 0.042354740 0.049309130 0.060301220 0.043576190 0.050505420 0.042011750 0.043912600 0.044818480 0.055927330 0.089005260 0.064857710 0.079590580 0.081447330 0.098568950 0.087889220 0.063326220 0.065727450 0.031667470 0.050613380 0.060754680 0.050266540 0.049103820 0.051820310 0.005366390 0.002272920 0.001504530 0.000259380 0.000000000 0.005780600 0.007720490 0.005571550 0.005435020 0.024911210 0.053860460 0.062518730 0.046795520 0.053821030 0.066628120 0.056491420 0.113863410 
50     0.042875120 0.108497750 0.037663020 0.030663030 0.031877400 0.043511530 0.046463630 0.100741300 0.047961110 0.074327670 0.004518680 0.004580580 0.004571660 0.019621590 0.049365470 0.056294700 0.047801030 0.035468340 0.050607760 0.043689760 0.043582090 0.032952890 0.035930470 0.035930980 0.118341460 0.033667160 0.048391230 0.029646580 0.023360370 0.002611090 0.056423020 0.055239590 0.043490920 0.046207410 0.001034730 0.002624430 0.002230580 0.004511290 0.005780600 0.000000000 0.001997600 0.001239890 0.001103360 0.020287630 0.005009220 0.005008270 0.005013150 0.005006360 0.019773110 0.063168060 0.133635920 
29     0.043026320 0.113725530 0.037814220 0.030814230 0.032028600 0.043662730 0.046614830 0.103666350 0.048112310 0.053558690 0.004669880 0.004731780 0.004722860 0.019772790 0.033666990 0.040596220 0.032102550 0.047490170 0.034909280 0.046018130 0.056336670 0.033104090 0.036081670 0.036082180 0.087941230 0.033818360 0.070605010 0.029797780 0.017126310 0.002762290 0.038647930 0.048838600 0.039898010 0.042614500 0.006213940 0.002775630 0.005104340 0.007303240 0.007720490 0.001997600 0.000000000 0.006369540 0.006233010 0.027126100 0.005160420 0.005159470 0.005164350 0.005157560 0.019924310 0.035510440 0.103235690 
14     0.107813500 0.107650590 0.102601400 0.095601410 0.096815780 0.108449910 0.098582320 0.101489610 0.101447020 0.054639810 0.068513060 0.056963190 0.030785160 0.046899650 0.065885770 0.060898840 0.065532300 0.043902070 0.066805930 0.044438070 0.056606710 0.045805390 0.068250320 0.064808090 0.119489260 0.052243130 0.064896480 0.055814570 0.011540830 0.047755250 0.013767190 0.011645390 0.011298160 0.011350570 0.000210560 0.023471030 0.015398740 0.029790910 0.005571550 0.001239890 0.006369540 0.000000000 0.000000090 0.013679580 0.061195020 0.056308100 0.053966330 0.056646540 0.057147660 0.075504350 0.164431940 
39     0.107813410 0.107514060 0.064308130 0.095601320 0.096815690 0.108449820 0.097955300 0.100862590 0.100820000 0.052181760 0.061079260 0.025385290 0.028327110 0.049139240 0.026606740 0.033535970 0.025042300 0.032750620 0.027849030 0.038957880 0.054148660 0.043266720 0.065711650 0.062269420 0.111643130 0.049704460 0.062757850 0.055187550 0.011540740 0.033643930 0.013767100 0.011645300 0.011298070 0.011350480 0.000074030 0.026714050 0.015262210 0.021085470 0.005435020 0.001103360 0.006233010 0.000000090 0.000000000 0.013749230 0.042698480 0.053927220 0.035633540 0.042659050 0.028661530 0.045329440 0.149629080 
37     0.098333650 0.100037900 0.076252890 0.041637250 0.077492670 0.081273210 0.053884990 0.073620720 0.040982410 0.055969000 0.022192270 0.017513640 0.025608400 0.015016040 0.009757330 0.012703740 0.035638710 0.000002420 0.021882800 0.019828450 0.030852850 0.012705340 0.023361560 0.015917320 0.023898430 0.017157350 0.026967920 0.011101420 0.004831900 0.023734160 0.003001830 0.021447060 0.013094030 0.008292470 0.019005050 0.024380230 0.022468320 0.027037930 0.024911210 0.020287630 0.027126100 0.013679580 0.013749230 0.000000000 0.022433200 0.029885560 0.023094790 0.021124170 0.018108510 0.018735180 0.151492390 
18     0.039347760 0.030796350 0.028352190 0.027135670 0.028350040 0.039984170 0.042936270 0.059409500 0.044433750 0.018843350 0.000991320 0.001053720 0.001044800 0.016094730 0.038902390 0.040994350 0.054319530 0.010152080 0.047496180 0.041144130 0.060450740 0.029425530 0.032403110 0.032403620 0.083835610 0.030139800 0.052341470 0.026119220 0.022855210 0.002398130 0.044651350 0.026537180 0.017100080 0.020269670 0.024628590 0.002411510 0.008115960 0.055987180 0.053860460 0.005009220 0.005160420 0.061195020 0.042698480 0.022433200 0.000000000 0.000007190 0.000012070 0.000002960 0.016245750 0.020619820 0.139645260 
21     0.039346810 0.025720450 0.023276290 0.027134720 0.028349090 0.039983220 0.042935320 0.096850100 0.044432800 0.013767450 0.000990370 0.001052770 0.001043850 0.016093780 0.050324690 0.042169360 0.041593090 0.024805890 0.034769740 0.028417690 0.054211800 0.029424580 0.032402160 0.032402670 0.097268300 0.030138850 0.052557990 0.026118270 0.024752430 0.002397180 0.048705890 0.047522460 0.047119690 0.037424490 0.024627640 0.002410560 0.008115010 0.065932240 0.062518730 0.005008270 0.005159470 0.056308100 0.053927220 0.029885560 0.000007190 0.000000000 0.000009960 0.000004330 0.016244800 0.036374540 0.139135820 
42     0.039351690 0.023459010 0.021014850 0.027139600 0.028353970 0.039988100 0.042940200 0.096246370 0.044437680 0.011506010 0.000995250 0.001057650 0.001048730 0.016098660 0.030296030 0.031494020 0.041234460 0.003087140 0.029377630 0.021169550 0.028264190 0.029429460 0.032407040 0.032407550 0.044437130 0.030143730 0.052199360 0.026123150 0.015790270 0.002402060 0.037586410 0.017390490 0.010035140 0.013204730 0.024632520 0.002415440 0.008119890 0.048922240 0.046795520 0.005013150 0.005164350 0.053966330 0.035633540 0.023094790 0.000012070 0.000009960 0.000000000 0.000009210 0.016249680 0.013554880 0.156285680 
30     0.039344900 0.056045810 0.034132800 0.027132810 0.028347180 0.039981310 0.042933410 0.058598070 0.044430890 0.021875730 0.000988460 0.001050860 0.001041940 0.016091870 0.043355120 0.035199790 0.031954270 0.010112650 0.027800170 0.021448120 0.043154530 0.025823640 0.032400250 0.032400760 0.098859230 0.030136940 0.045588420 0.026116360 0.012457470 0.002395270 0.044611920 0.026497750 0.017060650 0.020230240 0.024625730 0.002408650 0.008113100 0.055947750 0.053821030 0.005006360 0.005157560 0.056646540 0.042659050 0.021124170 0.000002960 0.000004330 0.000009210 0.000000000 0.016242890 0.020580390 0.128666830 
36     0.003122720 0.006444670 0.018047290 0.011047300 0.012261670 0.023895800 0.013583850 0.016491140 0.016448550 0.030191780 0.015753730 0.015817610 0.015808690 0.030858620 0.022173580 0.025119990 0.027655810 0.016842540 0.047411940 0.045859020 0.024956290 0.025121590 0.035777810 0.028333570 0.036314680 0.029573600 0.042140530 0.029498430 0.025679500 0.016334660 0.029492930 0.026478160 0.030512000 0.033681590 0.039392480 0.017175400 0.022879850 0.068754840 0.066628120 0.019773110 0.019924310 0.057147660 0.028661530 0.018108510 0.016245750 0.016244800 0.016249680 0.016242890 0.000000000 0.006793080 0.123420970 
44     0.099988580 0.070009150 0.028289480 0.021174050 0.045017950 0.043343830 0.017720500 0.020627790 0.020585200 0.029456090 0.024043150 0.016177490 0.016068490 0.027060580 0.011710390 0.010649540 0.042603530 0.010145520 0.048065240 0.055781830 0.042324110 0.003970040 0.038942430 0.035922320 0.043903430 0.037162350 0.060038270 0.029132550 0.025486170 0.028564530 0.033622720 0.029812400 0.020375300 0.023544890 0.044307750 0.055960440 0.081383560 0.058618140 0.056491420 0.063168060 0.035510440 0.075504350 0.045329440 0.018735180 0.020619820 0.036374540 0.013554880 0.020580390 0.006793080 0.000000000 0.129682670 
0     0.070866430 0.111154610 0.073596450 0.128791750 0.064988790 0.045798700 0.049232390 0.057120520 0.049657870 0.080441980 0.147557830 0.125361010 0.204384580 0.114670540 0.170083060 0.170012540 0.214759580 0.115061840 0.186545130 0.198221670 0.197087970 0.089393220 0.104126090 0.105982840 0.123104460 0.112424730 0.217912390 0.240218380 0.125287020 0.142992230 0.254228340 0.210691000 0.144864040 0.145198140 0.145716130 0.247414750 0.108334340 0.156006610 0.113863410 0.133635920 0.103235690 0.164431940 0.149629080 0.151492390 0.139645260 0.139135820 0.156285680 0.128666830 0.123420970 0.129682670 0.000000000 
