51
9     0.000000000 0.176107461 0.228126975 0.263820638 0.332515458 0.336521980 0.391520798 0.361918534 0.349850841 0.502077657 0.551552479 0.446118070 0.444246293 0.445079278 0.501975013 0.498399493 0.534498438 0.421737349 0.475852377 0.463441095 0.463076287 0.520561215 0.566872015 0.569892153 0.611437707 0.593324578 0.554957080 0.557874880 0.486886734 0.497908199 0.607249669 0.483308399 0.484735610 0.487070978 0.541397066 0.562108541 0.536451493 0.542543271 0.542173926 0.534713106 0.536878829 0.514915733 0.514262148 0.460090914 0.460288517 0.451729900 0.444498091 0.491682895 0.462461141 0.438985938 1.081897239 
5     0.176107461 0.000000000 0.207918436 0.244944572 0.313639393 0.317645915 0.372644732 0.343042468 0.330974776 0.483187807 0.532662630 0.427228221 0.425356444 0.426189428 0.483085164 0.479509643 0.515608589 0.402847499 0.456962528 0.444551246 0.444186437 0.501671366 0.547982166 0.551002303 0.592547858 0.574434729 0.536067231 0.538985031 0.467996885 0.479018350 0.588359820 0.464418550 0.465845761 0.468181129 0.522507216 0.543218692 0.517561644 0.523653422 0.523284076 0.515823257 0.517988979 0.496025883 0.495372298 0.441201064 0.441398668 0.432840051 0.425608242 0.472793046 0.443571291 0.420096089 1.062090928 
2     0.228126975 0.207918436 0.000000000 0.170001752 0.238754544 0.242761067 0.297918538 0.268272718 0.256205026 0.404478968 0.453953791 0.348493864 0.346622087 0.347454708 0.404350443 0.400774923 0.436873868 0.324112779 0.378253689 0.365842407 0.365477599 0.422962527 0.469273327 0.472293464 0.513839019 0.495725890 0.457358392 0.460276192 0.389287682 0.400309147 0.509650617 0.385709347 0.387136558 0.389471926 0.443798013 0.464509489 0.438852441 0.444944219 0.444574873 0.437114054 0.439279777 0.417316680 0.416663095 0.362491861 0.362805604 0.354246987 0.347015178 0.394199982 0.364836571 0.341082972 0.984284516 
1     0.263820638 0.244944572 0.170001752 0.000000000 0.180424139 0.184407240 0.239736144 0.210040804 0.197927449 0.395300656 0.444775479 0.339593661 0.337721884 0.338882151 0.395554252 0.391978731 0.428077677 0.315212576 0.369153407 0.356742125 0.356377317 0.413862245 0.460173045 0.463193182 0.504738737 0.486625608 0.448458189 0.451375989 0.380715125 0.391736590 0.501078060 0.377136790 0.378564001 0.380899369 0.434897811 0.455609286 0.429952238 0.436044016 0.435674671 0.428213851 0.430379574 0.408416478 0.407762892 0.353591659 0.353893637 0.345335020 0.338103211 0.385288015 0.356089910 0.332078523 0.977769196 
7     0.332515458 0.313639393 0.238754544 0.180424139 0.000000000 0.148586340 0.289576562 0.259693137 0.247634566 0.463794143 0.513268965 0.408087148 0.406215371 0.407375637 0.464047739 0.460472218 0.496571163 0.383706063 0.437646894 0.425235612 0.424870803 0.482355732 0.528666532 0.531686669 0.573232223 0.555119095 0.516951675 0.519869476 0.449208612 0.460230076 0.569571547 0.445630276 0.447057488 0.449392855 0.503391297 0.524102773 0.498445725 0.504537503 0.504168157 0.496707338 0.498873060 0.476909964 0.476256379 0.422085145 0.422387124 0.413828507 0.406596698 0.453781502 0.424583397 0.400572010 1.046194575 
8     0.336521980 0.317645915 0.242761067 0.184407240 0.148586340 0.000000000 0.293648365 0.263849991 0.251675299 0.467800665 0.517275487 0.412093670 0.410221893 0.411382160 0.468054261 0.464478740 0.500577686 0.387712585 0.441653416 0.429242134 0.428877325 0.486362254 0.532673054 0.535693191 0.577238745 0.559125617 0.520958198 0.523875998 0.453215134 0.464236598 0.573578069 0.449636799 0.451064010 0.453399378 0.507397819 0.528109295 0.502452247 0.508544025 0.508174679 0.500713860 0.502879583 0.480916486 0.480262901 0.426091667 0.426393646 0.417835029 0.410603220 0.457788024 0.428589919 0.404578532 1.050201097 
3     0.391520798 0.372644732 0.297918538 0.239736144 0.289576562 0.293648365 0.000000000 0.284527323 0.271722054 0.522870542 0.572345365 0.467163548 0.465291771 0.466452037 0.523124138 0.519548618 0.555647563 0.442782463 0.496723294 0.484312012 0.483947203 0.541432132 0.587742931 0.590763069 0.632308623 0.614195494 0.576028075 0.578945876 0.508285012 0.519306476 0.628647947 0.504706676 0.506133888 0.508469255 0.562467697 0.583179173 0.557522124 0.563613903 0.563244557 0.555783738 0.557949460 0.535986364 0.535332779 0.481161545 0.481463524 0.472904907 0.465673098 0.512857902 0.483659797 0.459648410 1.105253907 
6     0.361918534 0.343042468 0.268272718 0.210040804 0.259693137 0.263849991 0.284527323 0.000000000 0.182913188 0.493246540 0.542721362 0.437539545 0.435667768 0.436828034 0.493500136 0.489924615 0.526023560 0.413158460 0.467099291 0.454688009 0.454323200 0.511808129 0.558118929 0.561139066 0.602684620 0.584571492 0.546404072 0.549321873 0.478661009 0.489682473 0.599023944 0.475082673 0.476509885 0.478845252 0.532843694 0.553555170 0.527898122 0.533989900 0.533620554 0.526159735 0.528325457 0.506362361 0.505708776 0.451537542 0.451839521 0.443280904 0.436049095 0.483233899 0.454035794 0.430024407 1.075629904 
4     0.349850841 0.330974776 0.256205026 0.197927449 0.247634566 0.251675299 0.271722054 0.182913188 0.000000000 0.481178847 0.530653669 0.425471852 0.423600075 0.424760342 0.481432443 0.477856922 0.513955868 0.401090767 0.455031598 0.442620316 0.442255507 0.499740436 0.546051236 0.549071373 0.590616928 0.572503799 0.534336380 0.537254180 0.466593316 0.477614781 0.586956251 0.463014981 0.464442192 0.466777560 0.520776002 0.541487477 0.515830429 0.521922207 0.521552862 0.514092042 0.516257765 0.494294669 0.493641083 0.439469849 0.439771828 0.431213211 0.423981402 0.471166206 0.441968101 0.417956714 1.063562212 
11     0.502077657 0.483187807 0.404478968 0.395300656 0.463794143 0.467800665 0.522870542 0.493246540 0.481178847 0.000000000 0.235070661 0.241992999 0.240084807 0.241499651 0.297418118 0.293840677 0.329689687 0.214595866 0.271272690 0.258707247 0.258166676 0.313958628 0.360306849 0.363284907 0.404707656 0.386775572 0.348472649 0.351473597 0.283638587 0.295048224 0.404734569 0.280451872 0.281806604 0.283698735 0.335728653 0.356402478 0.330626718 0.336723300 0.336344471 0.328793409 0.331127768 0.309710699 0.308935972 0.251998012 0.254803170 0.245849262 0.238477563 0.286814776 0.301614613 0.281034658 1.111967253 
49     0.551552479 0.532662630 0.453953791 0.444775479 0.513268965 0.517275487 0.572345365 0.542721362 0.530653669 0.235070661 0.000000000 0.291319673 0.289421174 0.290836987 0.346852623 0.343275182 0.379124192 0.263316244 0.320078220 0.307441142 0.306900571 0.362602597 0.408975580 0.411953638 0.453376388 0.435444303 0.397108651 0.400109599 0.332621553 0.344162579 0.454437078 0.330154382 0.331505169 0.333397301 0.384640923 0.405319786 0.379509228 0.385647566 0.385268736 0.377798700 0.380093454 0.358702051 0.357927324 0.301165267 0.303715570 0.294749284 0.287480135 0.335839219 0.351093543 0.330483464 1.161442076 
26     0.446118070 0.427228221 0.348493864 0.339593661 0.408087148 0.412093670 0.467163548 0.437539545 0.425471852 0.241992999 0.291319673 0.000000000 0.054355596 0.096290807 0.175726368 0.172185721 0.208099632 0.142401898 0.198026162 0.184962762 0.185017889 0.241957843 0.287433221 0.290447070 0.332486533 0.313933144 0.275446036 0.278312593 0.212712794 0.224237202 0.333817403 0.209505035 0.210533368 0.213031000 0.266204588 0.286866091 0.261234468 0.267342737 0.266990337 0.259460797 0.261677540 0.239205890 0.238597490 0.188055172 0.194055694 0.184895081 0.177689770 0.225610354 0.247331040 0.226897587 1.056840643 
10     0.444246293 0.425356444 0.346622087 0.337721884 0.406215371 0.410221893 0.465291771 0.435667768 0.423600075 0.240084807 0.289421174 0.054355596 0.000000000 0.094702321 0.174259369 0.170718722 0.206914078 0.140339546 0.196150162 0.183073801 0.183128927 0.240000038 0.285477704 0.288479948 0.330531015 0.311977626 0.273505202 0.276371760 0.210783096 0.222276702 0.331853240 0.207529447 0.208584293 0.211081925 0.264327546 0.284989050 0.259357427 0.265465696 0.265113296 0.257583755 0.259800498 0.237328849 0.236720448 0.186152167 0.192240608 0.183102255 0.175896944 0.223795268 0.245451977 0.225020326 1.054968866 
24     0.445079278 0.426189428 0.347454708 0.338882151 0.407375637 0.411382160 0.466452037 0.436828034 0.424760342 0.241499651 0.290836987 0.096290807 0.094702321 0.000000000 0.175955658 0.172504935 0.208401508 0.141999982 0.197816102 0.184708322 0.184790839 0.241883353 0.287133349 0.290147198 0.332186661 0.313633272 0.275402985 0.278136900 0.210548741 0.221462084 0.331059525 0.206782444 0.208036587 0.210534219 0.265243815 0.285897548 0.260246153 0.266354422 0.266002021 0.258472481 0.260681433 0.238121623 0.237495301 0.186289191 0.192580039 0.183430820 0.176225509 0.224146093 0.244449472 0.225669398 1.055683551 
27     0.501975013 0.483085164 0.404350443 0.395554252 0.464047739 0.468054261 0.523124138 0.493500136 0.481432443 0.297418118 0.346852623 0.175726368 0.174259369 0.175955658 0.000000000 0.022495603 0.136330425 0.197889625 0.254401054 0.241340401 0.241400014 0.297593769 0.343410748 0.346424596 0.387854458 0.369910086 0.331083622 0.334000626 0.267878520 0.279422253 0.388723553 0.264070119 0.265399989 0.267932084 0.322044466 0.342713318 0.317088962 0.323154592 0.322794926 0.315333579 0.317550322 0.295039832 0.294336563 0.242290212 0.248864055 0.239635048 0.232373929 0.280908437 0.303335445 0.283309468 1.112563994 
13     0.498399493 0.479509643 0.400774923 0.391978731 0.460472218 0.464478740 0.519548618 0.489924615 0.477856922 0.293840677 0.343275182 0.172185721 0.170718722 0.172504935 0.022495603 0.000000000 0.133185343 0.194310522 0.250826446 0.237765793 0.237825406 0.294007803 0.339824782 0.342838631 0.384268493 0.366324120 0.327497657 0.330414661 0.264288053 0.275831785 0.385133085 0.260479651 0.261809522 0.264341616 0.318458168 0.339127020 0.313502664 0.319568294 0.319208628 0.311747281 0.313964024 0.291453534 0.290750265 0.238699744 0.245298669 0.236069663 0.228808543 0.277343051 0.299759924 0.279733947 1.108988474 
31     0.534498438 0.515608589 0.436873868 0.428077677 0.496571163 0.500577686 0.555647563 0.526023560 0.513955868 0.329689687 0.379124192 0.208099632 0.206914078 0.208401508 0.136330425 0.133185343 0.000000000 0.230366076 0.287024418 0.273963765 0.274023378 0.330226716 0.376020885 0.379034734 0.420464596 0.402520224 0.363762101 0.366679105 0.300324987 0.312489432 0.421390126 0.297137298 0.298355811 0.300548441 0.355143505 0.375812357 0.350188000 0.356253631 0.355893965 0.348432618 0.350649361 0.328138871 0.327435602 0.275243983 0.281453944 0.272224937 0.264963817 0.313498325 0.335942590 0.315684777 1.145087419 
33     0.421737349 0.402847499 0.324112779 0.315212576 0.383706063 0.387712585 0.442782463 0.413158460 0.401090767 0.214595866 0.263316244 0.142401898 0.140339546 0.141999982 0.197889625 0.194310522 0.230366076 0.000000000 0.171717483 0.158712592 0.158812028 0.215768118 0.261364308 0.264388371 0.305741067 0.287913723 0.249573877 0.252300263 0.188832371 0.201334261 0.309927848 0.186012591 0.187907921 0.190047635 0.242178691 0.262982809 0.237335679 0.243286286 0.243044396 0.235302465 0.237485415 0.215255938 0.214662354 0.159018666 0.168769745 0.159607382 0.152485163 0.200160493 0.222081064 0.201581994 1.031911856 
25     0.475852377 0.456962528 0.378253689 0.369153407 0.437646894 0.441653416 0.496723294 0.467099291 0.455031598 0.271272690 0.320078220 0.198026162 0.196150162 0.197816102 0.254401054 0.250826446 0.287024418 0.171717483 0.000000000 0.123386086 0.121757720 0.246805064 0.292084130 0.295121958 0.336550518 0.318524544 0.280310508 0.282966221 0.244507256 0.255889768 0.365353219 0.240750121 0.242576069 0.245019505 0.299581620 0.320239055 0.294341950 0.300638714 0.300269651 0.292538262 0.294656198 0.272506955 0.271884861 0.215260412 0.225758123 0.216104963 0.208943691 0.256986601 0.274063921 0.253135169 1.085785554 
48     0.463441095 0.444551246 0.365842407 0.356742125 0.425235612 0.429242134 0.484312012 0.454688009 0.442620316 0.258707247 0.307441142 0.184962762 0.183073801 0.184708322 0.241340401 0.237765793 0.273963765 0.158712592 0.123386086 0.000000000 0.074328658 0.234407690 0.279707102 0.282744930 0.324173950 0.306147516 0.268096176 0.270750836 0.232192709 0.243668872 0.353137968 0.228534870 0.230360818 0.232804255 0.287237337 0.307894772 0.281997667 0.288294432 0.287925368 0.280193980 0.282311915 0.260160060 0.259537966 0.203103031 0.212910182 0.203257023 0.196095750 0.244138661 0.261430307 0.240633099 1.073374272 
41     0.463076287 0.444186437 0.365477599 0.356377317 0.424870803 0.428877325 0.483947203 0.454323200 0.442255507 0.258166676 0.306900571 0.185017889 0.183128927 0.184790839 0.241400014 0.237825406 0.274023378 0.158812028 0.121757720 0.074328658 0.000000000 0.234302047 0.279580759 0.282618587 0.324047608 0.306021173 0.267954340 0.270609000 0.232052951 0.243525674 0.352989125 0.228386027 0.230211975 0.232655412 0.287085254 0.307742689 0.281845584 0.288142348 0.287773285 0.280041896 0.282159832 0.260007976 0.259385882 0.202941863 0.213000435 0.203347276 0.196186003 0.244228913 0.261140567 0.240239816 1.073009464 
43     0.520561215 0.501671366 0.422962527 0.413862245 0.482355732 0.486362254 0.541432132 0.511808129 0.499740436 0.313958628 0.362602597 0.241957843 0.240000038 0.241883353 0.297593769 0.294007803 0.330226716 0.215768118 0.246805064 0.234407690 0.234302047 0.000000000 0.257556983 0.259003263 0.301699136 0.282798810 0.299491635 0.302577753 0.287413138 0.301220536 0.410043617 0.285374155 0.287317419 0.289632489 0.340450731 0.361098862 0.335419422 0.341503156 0.341245335 0.333534213 0.335586104 0.313325998 0.312715485 0.257616689 0.268865506 0.259557262 0.252425359 0.300195554 0.318335024 0.298640320 1.129701284 
32     0.566872015 0.547982166 0.469273327 0.460173045 0.528666532 0.532673054 0.587742931 0.558118929 0.546051236 0.360306849 0.408975580 0.287433221 0.285477704 0.287133349 0.343410748 0.339824782 0.376020885 0.261364308 0.292084130 0.279707102 0.279580759 0.257556983 0.000000000 0.059990945 0.143034710 0.124060916 0.343829368 0.346818313 0.334079681 0.347276728 0.456224822 0.331558202 0.333465925 0.335780995 0.387528641 0.408176482 0.382497041 0.388580776 0.388322954 0.380611832 0.382679653 0.360241479 0.359632493 0.303820141 0.315051395 0.305723851 0.298624211 0.346167718 0.364456453 0.344930843 1.176016531 
46     0.569892153 0.551002303 0.472293464 0.463193182 0.531686669 0.535693191 0.590763069 0.561139066 0.549071373 0.363284907 0.411953638 0.290447070 0.288479948 0.290147198 0.346424596 0.342838631 0.379034734 0.264388371 0.295121958 0.282744930 0.282618587 0.259003263 0.059990945 0.000000000 0.145911997 0.127294804 0.347044734 0.350033679 0.337059849 0.350256897 0.459204990 0.334538371 0.336446094 0.338761163 0.390495408 0.411143249 0.385463809 0.391547543 0.391289722 0.383578600 0.385646421 0.363208246 0.362599261 0.306805185 0.318072905 0.308745361 0.301645721 0.349189228 0.367476591 0.347950981 1.179036669 
16     0.611437707 0.592547858 0.513839019 0.504738737 0.573232223 0.577238745 0.632308623 0.602684620 0.590616928 0.404707656 0.453376388 0.332486533 0.330531015 0.332186661 0.387854458 0.384268493 0.420464596 0.305741067 0.336550518 0.324173950 0.324047608 0.301699136 0.143034710 0.145911997 0.000000000 0.128048424 0.388165457 0.391154402 0.378323160 0.391545372 0.500493465 0.375826845 0.377734568 0.380049638 0.431774652 0.452422493 0.426743053 0.432826787 0.432568966 0.424857844 0.426925665 0.404487490 0.403878505 0.348165027 0.359418999 0.350091455 0.342991815 0.390535322 0.409331643 0.389799033 1.220582223 
15     0.593324578 0.574434729 0.495725890 0.486625608 0.555119095 0.559125617 0.614195494 0.584571492 0.572503799 0.386775572 0.435444303 0.313933144 0.311977626 0.313633272 0.369910086 0.366324120 0.402520224 0.287913723 0.318524544 0.306147516 0.306021173 0.282798810 0.124060916 0.127294804 0.128048424 0.000000000 0.370407406 0.373396351 0.360414369 0.373621356 0.482569450 0.357902830 0.359810553 0.362125623 0.413848851 0.434496691 0.408817251 0.414900985 0.414643164 0.406932042 0.408999863 0.386561689 0.385952703 0.330162983 0.341578099 0.332250555 0.325150915 0.372694422 0.390909016 0.371383406 1.202469094 
34     0.554957080 0.536067231 0.457358392 0.448458189 0.516951675 0.520958198 0.576028075 0.546404072 0.534336380 0.348472649 0.397108651 0.275446036 0.273505202 0.275402985 0.331083622 0.327497657 0.363762101 0.249573877 0.280310508 0.268096176 0.267954340 0.299491635 0.343829368 0.347044734 0.388165457 0.370407406 0.000000000 0.093037723 0.321598806 0.334499817 0.443728779 0.319209927 0.321050118 0.323387027 0.374980361 0.395724790 0.369989726 0.376047290 0.375788871 0.368144279 0.370100617 0.347753470 0.347285814 0.291506184 0.302538529 0.293289671 0.286190031 0.333653392 0.353525912 0.334300839 1.164472133 
12     0.557874880 0.538985031 0.460276192 0.451375989 0.519869476 0.523875998 0.578945876 0.549321873 0.537254180 0.351473597 0.400109599 0.278312593 0.276371760 0.278136900 0.334000626 0.330414661 0.366679105 0.252300263 0.282966221 0.270750836 0.270609000 0.302577753 0.346818313 0.350033679 0.391154402 0.373396351 0.093037723 0.000000000 0.324831440 0.337737896 0.446961942 0.322443090 0.324283280 0.326620190 0.378119328 0.398863757 0.373128693 0.379186257 0.378927838 0.371283246 0.373239584 0.350892437 0.350424781 0.294721897 0.305611862 0.296363005 0.289263365 0.336726725 0.356447523 0.337209221 1.167389934 
35     0.486886734 0.467996885 0.389287682 0.380715125 0.449208612 0.453215134 0.508285012 0.478661009 0.466593316 0.283638587 0.332621553 0.212712794 0.210783096 0.210548741 0.267878520 0.264288053 0.300324987 0.188832371 0.244507256 0.232192709 0.232052951 0.287413138 0.334079681 0.337059849 0.378323160 0.360414369 0.321598806 0.324831440 0.000000000 0.211503851 0.322890822 0.198374519 0.200154178 0.201939964 0.265645751 0.286627392 0.260842807 0.266905940 0.266441318 0.258955740 0.261276557 0.240361005 0.239753129 0.186674019 0.234623886 0.226560736 0.219376884 0.266550678 0.286332006 0.267385892 1.097165354 
23     0.497908199 0.479018350 0.400309147 0.391736590 0.460230076 0.464236598 0.519306476 0.489682473 0.477614781 0.295048224 0.344162579 0.224237202 0.222276702 0.221462084 0.279422253 0.275831785 0.312489432 0.201334261 0.255889768 0.243668872 0.243525674 0.301220536 0.347276728 0.350256897 0.391545372 0.373621356 0.334499817 0.337737896 0.211503851 0.000000000 0.253894856 0.130680805 0.131266622 0.133937202 0.280465833 0.300996389 0.275728320 0.281787977 0.281255598 0.273663187 0.275623133 0.254420673 0.253867773 0.197875430 0.245716158 0.237496000 0.230312148 0.277795162 0.298113527 0.277880132 1.108364342 
28     0.607249669 0.588359820 0.509650617 0.501078060 0.569571547 0.573578069 0.628647947 0.599023944 0.586956251 0.404734569 0.454437078 0.333817403 0.331853240 0.331059525 0.388723553 0.385133085 0.421390126 0.309927848 0.365353219 0.353137968 0.352989125 0.410043617 0.456224822 0.459204990 0.500493465 0.482569450 0.443728779 0.446961942 0.322890822 0.253894856 0.000000000 0.186990304 0.209469875 0.211422807 0.389922749 0.410666151 0.385224159 0.391410166 0.390877787 0.383474915 0.385318562 0.364183106 0.363773336 0.307632672 0.354798722 0.346616659 0.339432807 0.386877725 0.407360543 0.387507854 1.217709219 
19     0.483308399 0.464418550 0.385709347 0.377136790 0.445630276 0.449636799 0.504706676 0.475082673 0.463014981 0.280451872 0.330154382 0.209505035 0.207529447 0.206782444 0.264070119 0.260479651 0.297137298 0.186012591 0.240750121 0.228534870 0.228386027 0.285374155 0.331558202 0.334538371 0.375826845 0.357902830 0.319209927 0.322443090 0.198374519 0.130680805 0.186990304 0.000000000 0.087452854 0.088800033 0.265692485 0.286509752 0.260894281 0.267185261 0.266621773 0.259250011 0.261147379 0.239934519 0.239543770 0.183460531 0.230622368 0.222428670 0.215244819 0.262701371 0.283281195 0.263589961 1.093767948 
45     0.484735610 0.465845761 0.387136558 0.378564001 0.447057488 0.451064010 0.506133888 0.476509885 0.464442192 0.281806604 0.331505169 0.210533368 0.208584293 0.208036587 0.265399989 0.261809522 0.298355811 0.187907921 0.242576069 0.230360818 0.230211975 0.287317419 0.333465925 0.336446094 0.377734568 0.359810553 0.321050118 0.324283280 0.200154178 0.131266622 0.209469875 0.087452854 0.000000000 0.040591288 0.267228984 0.288018491 0.262502634 0.268778121 0.268245742 0.260827254 0.262577116 0.241183051 0.240773282 0.185078418 0.231891920 0.223709857 0.216526005 0.263970923 0.284738910 0.265080729 1.095195160 
40     0.487070978 0.468181129 0.389471926 0.380899369 0.449392855 0.453399378 0.508469255 0.478845252 0.466777560 0.283698735 0.333397301 0.213031000 0.211081925 0.210534219 0.267932084 0.264341616 0.300548441 0.190047635 0.245019505 0.232804255 0.232655412 0.289632489 0.335780995 0.338761163 0.380049638 0.362125623 0.323387027 0.326620190 0.201939964 0.133937202 0.211422807 0.088800033 0.040591288 0.000000000 0.269682623 0.290472130 0.264956273 0.271216144 0.270683765 0.263280894 0.265030756 0.243621075 0.243233255 0.187438435 0.234104134 0.225922071 0.218738219 0.266183137 0.287123241 0.267249913 1.097530527 
38     0.541397066 0.522507216 0.443798013 0.434897811 0.503391297 0.507397819 0.562467697 0.532843694 0.520776002 0.335728653 0.384640923 0.266204588 0.264327546 0.265243815 0.322044466 0.318458168 0.355143505 0.242178691 0.299581620 0.287237337 0.287085254 0.340450731 0.387528641 0.390495408 0.431774652 0.413848851 0.374980361 0.378119328 0.265645751 0.280465833 0.389922749 0.265692485 0.267228984 0.269682623 0.000000000 0.119105666 0.115791565 0.121723214 0.120368959 0.114408327 0.131810323 0.176013872 0.176666286 0.226546591 0.288189034 0.279900648 0.272716796 0.320525601 0.341362097 0.322127383 1.151782384 
17     0.562108541 0.543218692 0.464509489 0.455609286 0.524102773 0.528109295 0.583179173 0.553555170 0.541487477 0.356402478 0.405319786 0.286866091 0.284989050 0.285897548 0.342713318 0.339127020 0.375812357 0.262982809 0.320239055 0.307894772 0.307742689 0.361098862 0.408176482 0.411143249 0.452422493 0.434496691 0.395724790 0.398863757 0.286627392 0.300996389 0.410666151 0.286509752 0.288018491 0.290472130 0.119105666 0.000000000 0.130994539 0.137165314 0.134829722 0.130735405 0.151725001 0.196903043 0.198369803 0.246922424 0.309103437 0.300815051 0.293631199 0.341440013 0.362128933 0.342824385 1.172493860 
20     0.536451493 0.517561644 0.438852441 0.429952238 0.498445725 0.502452247 0.557522124 0.527898122 0.515830429 0.330626718 0.379509228 0.261234468 0.259357427 0.260246153 0.317088962 0.313502664 0.350188000 0.237335679 0.294341950 0.281997667 0.281845584 0.335419422 0.382497041 0.385463809 0.426743053 0.408817251 0.369989726 0.373128693 0.260842807 0.275728320 0.385224159 0.260894281 0.262502634 0.264956273 0.115791565 0.130994539 0.000000000 0.061677327 0.060153502 0.085314267 0.125529594 0.171357101 0.172734094 0.221712741 0.283535584 0.275247198 0.268063347 0.315872160 0.336506635 0.317206059 1.146836811 
47     0.542543271 0.523653422 0.444944219 0.436044016 0.504537503 0.508544025 0.563613903 0.533989900 0.521922207 0.336723300 0.385647566 0.267342737 0.265465696 0.266354422 0.323154592 0.319568294 0.356253631 0.243286286 0.300638714 0.288294432 0.288142348 0.341503156 0.388580776 0.391547543 0.432826787 0.414900985 0.376047290 0.379186257 0.266905940 0.281787977 0.391410166 0.267185261 0.268778121 0.271216144 0.121723214 0.137165314 0.061677327 0.000000000 0.055610390 0.090908956 0.130735601 0.176413120 0.177699235 0.227315973 0.289624095 0.281335709 0.274151858 0.321960672 0.342658664 0.323358564 1.152928590 
22     0.542173926 0.523284076 0.444574873 0.435674671 0.504168157 0.508174679 0.563244557 0.533620554 0.521552862 0.336344471 0.385268736 0.266990337 0.265113296 0.266002021 0.322794926 0.319208628 0.355893965 0.243044396 0.300269651 0.287925368 0.287773285 0.341245335 0.388322954 0.391289722 0.432568966 0.414643164 0.375788871 0.378927838 0.266441318 0.281255598 0.390877787 0.266621773 0.268245742 0.270683765 0.120368959 0.134829722 0.060153502 0.055610390 0.000000000 0.090362725 0.129772393 0.177077333 0.178359799 0.227360168 0.289265147 0.280976762 0.273792910 0.321601724 0.342280104 0.322985362 1.152559244 
50     0.534713106 0.515823257 0.437114054 0.428213851 0.496707338 0.500713860 0.555783738 0.526159735 0.514092042 0.328793409 0.377798700 0.259460797 0.257583755 0.258472481 0.315333579 0.311747281 0.348432618 0.235302465 0.292538262 0.280193980 0.280041896 0.333534213 0.380611832 0.383578600 0.424857844 0.406932042 0.368144279 0.371283246 0.258955740 0.273663187 0.383474915 0.259250011 0.260827254 0.263280894 0.114408327 0.130735405 0.085314267 0.090908956 0.090362725 0.000000000 0.124234649 0.169986614 0.171502062 0.219460158 0.281850776 0.273562390 0.266378539 0.314187352 0.334824724 0.315524021 1.145098425 
29     0.536878829 0.517988979 0.439279777 0.430379574 0.498873060 0.502879583 0.557949460 0.528325457 0.516257765 0.331127768 0.380093454 0.261677540 0.259800498 0.260681433 0.317550322 0.313964024 0.350649361 0.237485415 0.294656198 0.282311915 0.282159832 0.335586104 0.382679653 0.385646421 0.426925665 0.408999863 0.370100617 0.373239584 0.261276557 0.275623133 0.385318562 0.261147379 0.262577116 0.265030756 0.131810323 0.151725001 0.125529594 0.130735601 0.129772393 0.124234649 0.000000000 0.171656614 0.173043730 0.222327704 0.283689325 0.275450472 0.268266621 0.316075434 0.336922027 0.317712587 1.147264147 
14     0.514915733 0.496025883 0.417316680 0.408416478 0.476909964 0.480916486 0.535986364 0.506362361 0.494294669 0.309710699 0.358702051 0.239205890 0.237328849 0.238121623 0.295039832 0.291453534 0.328138871 0.215255938 0.272506955 0.260160060 0.260007976 0.313325998 0.360241479 0.363208246 0.404487490 0.386561689 0.347753470 0.350892437 0.240361005 0.254420673 0.364183106 0.239934519 0.241183051 0.243621075 0.176013872 0.196903043 0.171357101 0.176413120 0.177077333 0.169986614 0.171656614 0.000000000 0.053925575 0.199010447 0.261504595 0.253310817 0.246126966 0.293890705 0.314823726 0.295490313 1.125301051 
39     0.514262148 0.495372298 0.416663095 0.407762892 0.476256379 0.480262901 0.535332779 0.505708776 0.493641083 0.308935972 0.357927324 0.238597490 0.236720448 0.237495301 0.294336563 0.290750265 0.327435602 0.214662354 0.271884861 0.259537966 0.259385882 0.312715485 0.359632493 0.362599261 0.403878505 0.385952703 0.347285814 0.350424781 0.239753129 0.253867773 0.363773336 0.239543770 0.240773282 0.243233255 0.176666286 0.198369803 0.172734094 0.177699235 0.178359799 0.171502062 0.173043730 0.053925575 0.000000000 0.198592378 0.260938534 0.252744756 0.245560905 0.293324644 0.314245893 0.294904800 1.124647466 
37     0.460090914 0.441201064 0.362491861 0.353591659 0.422085145 0.426091667 0.481161545 0.451537542 0.439469849 0.251998012 0.301165267 0.188055172 0.186152167 0.186289191 0.242290212 0.238699744 0.275243983 0.159018666 0.215260412 0.203103031 0.202941863 0.257616689 0.303820141 0.306805185 0.348165027 0.330162983 0.291506184 0.294721897 0.186674019 0.197875430 0.307632672 0.183460531 0.185078418 0.187438435 0.226546591 0.246922424 0.221712741 0.227315973 0.227360168 0.219460158 0.222327704 0.199010447 0.198592378 0.000000000 0.207792802 0.199509708 0.192262477 0.239423425 0.259041096 0.239072202 1.069960292 
18     0.460288517 0.441398668 0.362805604 0.353893637 0.422387124 0.426393646 0.481463524 0.451839521 0.439771828 0.254803170 0.303715570 0.194055694 0.192240608 0.192580039 0.248864055 0.245298669 0.281453944 0.168769745 0.225758123 0.212910182 0.213000435 0.268865506 0.315051395 0.318072905 0.359418999 0.341578099 0.302538529 0.305611862 0.234623886 0.245716158 0.354798722 0.230622368 0.231891920 0.234104134 0.288189034 0.309103437 0.283535584 0.289624095 0.289265147 0.281850776 0.283689325 0.261504595 0.260938534 0.207792802 0.000000000 0.101217669 0.093882599 0.142392279 0.262422921 0.240506717 1.071167985 
21     0.451729900 0.432840051 0.354246987 0.345335020 0.413828507 0.417835029 0.472904907 0.443280904 0.431213211 0.245849262 0.294749284 0.184895081 0.183102255 0.183430820 0.239635048 0.236069663 0.272224937 0.159607382 0.216104963 0.203257023 0.203347276 0.259557262 0.305723851 0.308745361 0.350091455 0.332250555 0.293289671 0.296363005 0.226560736 0.237496000 0.346616659 0.222428670 0.223709857 0.225922071 0.279900648 0.300815051 0.275247198 0.281335709 0.280976762 0.273562390 0.275450472 0.253310817 0.252744756 0.199509708 0.101217669 0.000000000 0.047477942 0.130804744 0.254192862 0.232431374 1.062978658 
42     0.444498091 0.425608242 0.347015178 0.338103211 0.406596698 0.410603220 0.465673098 0.436049095 0.423981402 0.238477563 0.287480135 0.177689770 0.175896944 0.176225509 0.232373929 0.228808543 0.264963817 0.152485163 0.208943691 0.196095750 0.196186003 0.252425359 0.298624211 0.301645721 0.342991815 0.325150915 0.286190031 0.289263365 0.219376884 0.230312148 0.339432807 0.215244819 0.216526005 0.218738219 0.272716796 0.293631199 0.268063347 0.274151858 0.273792910 0.266378539 0.268266621 0.246126966 0.245560905 0.192262477 0.093882599 0.047477942 0.000000000 0.122800804 0.246961052 0.225204874 1.055746849 
30     0.491682895 0.472793046 0.394199982 0.385288015 0.453781502 0.457788024 0.512857902 0.483233899 0.471166206 0.286814776 0.335839219 0.225610354 0.223795268 0.224146093 0.280908437 0.277343051 0.313498325 0.200160493 0.256986601 0.244138661 0.244228913 0.300195554 0.346167718 0.349189228 0.390535322 0.372694422 0.333653392 0.336726725 0.266550678 0.277795162 0.386877725 0.262701371 0.263970923 0.266183137 0.320525601 0.341440013 0.315872160 0.321960672 0.321601724 0.314187352 0.316075434 0.293890705 0.293324644 0.239423425 0.142392279 0.130804744 0.122800804 0.000000000 0.294108984 0.272252390 1.102997413 
36     0.462461141 0.443571291 0.364836571 0.356089910 0.424583397 0.428589919 0.483659797 0.454035794 0.441968101 0.301614613 0.351093543 0.247331040 0.245451977 0.244449472 0.303335445 0.299759924 0.335942590 0.222081064 0.274063921 0.261430307 0.261140567 0.318335024 0.364456453 0.367476591 0.409331643 0.390909016 0.353525912 0.356447523 0.286332006 0.298113527 0.407360543 0.283281195 0.284738910 0.287123241 0.341362097 0.362128933 0.336506635 0.342658664 0.342280104 0.334824724 0.336922027 0.314823726 0.314245893 0.259041096 0.262422921 0.254192862 0.246961052 0.294108984 0.000000000 0.232010003 1.071356586 
44     0.438985938 0.420096089 0.341082972 0.332078523 0.400572010 0.404578532 0.459648410 0.430024407 0.417956714 0.281034658 0.330483464 0.226897587 0.225020326 0.225669398 0.283309468 0.279733947 0.315684777 0.201581994 0.253135169 0.240633099 0.240239816 0.298640320 0.344930843 0.347950981 0.389799033 0.371383406 0.334300839 0.337209221 0.267385892 0.277880132 0.387507854 0.263589961 0.265080729 0.267249913 0.322127383 0.342824385 0.317206059 0.323358564 0.322985362 0.315524021 0.317712587 0.295490313 0.294904800 0.239072202 0.240506717 0.232431374 0.225204874 0.272252390 0.232010003 0.000000000 1.048683768 
0     1.081897239 1.062090928 0.984284516 0.977769196 1.046194575 1.050201097 1.105253907 1.075629904 1.063562212 1.111967253 1.161442076 1.056840643 1.054968866 1.055683551 1.112563994 1.108988474 1.145087419 1.031911856 1.085785554 1.073374272 1.073009464 1.129701284 1.176016531 1.179036669 1.220582223 1.202469094 1.164472133 1.167389934 1.097165354 1.108364342 1.217709219 1.093767948 1.095195160 1.097530527 1.151782384 1.172493860 1.146836811 1.152928590 1.152559244 1.145098425 1.147264147 1.125301051 1.124647466 1.069960292 1.071167985 1.062978658 1.055746849 1.102997413 1.071356586 1.048683768 0.000000000 
