51
23     0.000000000 0.057577629 0.142484808 0.144690633 0.153781237 0.141186575 0.143458734 0.160323636 0.160881550 0.176948566 0.155652157 0.168978273 0.100434145 0.101438610 0.130635500 0.125219501 0.146170378 0.145735384 0.144101819 0.175527981 0.133919875 0.133637338 0.151301185 0.199078665 0.199500101 0.118193828 0.135377166 0.135282569 0.138578805 0.122034597 0.120400718 0.120798685 0.140817985 0.133980750 0.133478932 0.164373448 0.145456295 0.125850727 0.153672734 0.160100422 0.138563262 0.159009089 0.138868174 0.176066151 0.188265146 0.191378249 0.171114208 0.167187081 0.189141932 0.189656532 0.240121481 
16     0.057577629 0.000000000 0.163685255 0.165767463 0.174975286 0.162310954 0.164574677 0.181435280 0.181993194 0.198107917 0.176828639 0.190709135 0.122238639 0.123175360 0.152372249 0.146955648 0.167900188 0.167465194 0.165680785 0.196848374 0.155171820 0.154889283 0.173076709 0.220931291 0.221344554 0.139886210 0.157021843 0.156927246 0.160534665 0.143990457 0.142390181 0.142775212 0.162776020 0.155756176 0.155271041 0.186165127 0.167258755 0.147705076 0.175514872 0.181813770 0.160261457 0.180707285 0.160566369 0.197637503 0.209611487 0.212739548 0.192656398 0.188795746 0.210749719 0.211264319 0.261732740 
21     0.142484808 0.163685255 0.000000000 0.036812250 0.059216006 0.053478182 0.056170245 0.088682204 0.089348885 0.104517800 0.083140273 0.225360242 0.156874504 0.157762916 0.186668522 0.181584628 0.202064278 0.201625294 0.200351509 0.231172631 0.189882063 0.189599526 0.207480474 0.255067474 0.255168597 0.175341542 0.192587381 0.192492784 0.196015329 0.179140177 0.178033303 0.178256484 0.198272041 0.191317440 0.190356563 0.221194557 0.202268148 0.183461421 0.211271217 0.216906152 0.195747740 0.216000409 0.196026303 0.233438296 0.245358749 0.248427676 0.228646269 0.224573732 0.246549630 0.247064230 0.297398440 
3     0.144690633 0.165767463 0.036812250 0.000000000 0.062136541 0.055523001 0.058310431 0.091075607 0.091715082 0.107339339 0.085667623 0.227715080 0.159237817 0.160126229 0.189031835 0.183947941 0.204854343 0.204505884 0.202690047 0.233492231 0.192184333 0.191901796 0.209832571 0.257429995 0.257527635 0.177638917 0.194884756 0.194790159 0.198212818 0.181344387 0.180222398 0.180460592 0.200485618 0.193615842 0.192531623 0.223511453 0.204565270 0.185758543 0.213568340 0.219190926 0.198045798 0.218298467 0.198324361 0.235738204 0.247648100 0.250717027 0.230943487 0.226863084 0.248849192 0.249363792 0.299691908 
27     0.153781237 0.174975286 0.059216006 0.062136541 0.000000000 0.066372165 0.068389767 0.100904867 0.101444199 0.117283964 0.095511332 0.236708675 0.168241676 0.169120605 0.198027523 0.192943630 0.213885426 0.213536967 0.211619894 0.242143292 0.201048319 0.200765783 0.218773445 0.266370869 0.266613918 0.186584233 0.203839994 0.203745397 0.207158340 0.190258475 0.189177750 0.189400356 0.209371214 0.202459353 0.201369654 0.232137447 0.213166855 0.194539948 0.222349744 0.228271974 0.206912434 0.227165102 0.207192696 0.244664750 0.256606700 0.259704857 0.239861242 0.235782514 0.257778481 0.258293081 0.308654356 
12     0.141186575 0.162310954 0.053478182 0.055523001 0.066372165 0.000000000 0.030466534 0.088069412 0.088224801 0.103918791 0.083361819 0.224136326 0.155698486 0.156575365 0.185403566 0.180382777 0.201286202 0.200937743 0.199070086 0.229807711 0.188487455 0.188204919 0.206200615 0.253667198 0.253889825 0.174057600 0.191055143 0.190960546 0.194752768 0.177891950 0.176772178 0.176994784 0.197007871 0.190041258 0.188939149 0.219924418 0.200969600 0.182178853 0.209988650 0.215724474 0.194530955 0.214797798 0.194795954 0.232155358 0.243206165 0.246312881 0.226346941 0.223183591 0.245061860 0.245576460 0.296117797 
14     0.143458734 0.164574677 0.056170245 0.058310431 0.068389767 0.030466534 0.000000000 0.089827427 0.090117062 0.105533337 0.085900730 0.226365397 0.157964858 0.158841737 0.187682611 0.182661822 0.203571259 0.203222800 0.201378406 0.232116032 0.190795776 0.190513239 0.208508935 0.255975519 0.256198145 0.176342008 0.193475486 0.193380888 0.197019689 0.180158871 0.179039099 0.179261705 0.199274792 0.192304642 0.191204046 0.222187803 0.203232985 0.184410823 0.212146905 0.218085066 0.196895738 0.217184548 0.197178853 0.234410068 0.245573986 0.248680702 0.228714763 0.225436047 0.247314317 0.247828917 0.298387074 
24     0.160323636 0.181435280 0.088682204 0.091075607 0.100904867 0.088069412 0.089827427 0.000000000 0.028998411 0.055648880 0.084320605 0.242959595 0.174618921 0.175411917 0.204318447 0.199213119 0.220217421 0.219868962 0.218079090 0.248811649 0.207583004 0.207300468 0.225217346 0.272814770 0.272765578 0.192592742 0.209684070 0.209565257 0.213661337 0.196855245 0.195676312 0.195898918 0.215891853 0.208950092 0.207988180 0.238952589 0.219620165 0.200892350 0.228671404 0.234782994 0.213582909 0.233694777 0.213778581 0.251019796 0.262766990 0.265873049 0.246012557 0.241960353 0.264051395 0.264565996 0.315005301 
25     0.160881550 0.181993194 0.089348885 0.091715082 0.101444199 0.088224801 0.090117062 0.028998411 0.000000000 0.055673956 0.085208953 0.243548613 0.175207939 0.176000935 0.204907465 0.199802137 0.220754032 0.220405573 0.218583672 0.249486758 0.208172508 0.207889971 0.225820746 0.273418170 0.273360527 0.193165012 0.210256340 0.210137528 0.214185361 0.197367035 0.196207084 0.196429689 0.216377338 0.209489503 0.208527591 0.239494481 0.220091175 0.201434242 0.229213296 0.235360477 0.214160392 0.234297713 0.214356064 0.251598203 0.263341381 0.266447440 0.246586947 0.242537057 0.264581243 0.265095843 0.315581071 
28     0.176948566 0.198107917 0.104517800 0.107339339 0.117283964 0.103918791 0.105533337 0.055648880 0.055673956 0.000000000 0.102047774 0.259584557 0.191243884 0.192036879 0.220943409 0.215838309 0.236813760 0.236465301 0.234754699 0.265572863 0.224258613 0.223976077 0.241875444 0.289472868 0.289420263 0.209158482 0.226065766 0.225949322 0.230308089 0.213489764 0.212323065 0.212545671 0.232538606 0.225596845 0.224634932 0.255583361 0.236202587 0.217539102 0.245318157 0.251512926 0.230315212 0.250562211 0.230598327 0.267679976 0.279412623 0.282518682 0.262658189 0.258608299 0.280700688 0.281215288 0.331649981 
1     0.155652157 0.176828639 0.083140273 0.085667623 0.095511332 0.083361819 0.085900730 0.084320605 0.085208953 0.102047774 0.000000000 0.238646845 0.170202752 0.171061671 0.199905885 0.194880497 0.215912190 0.215567383 0.213535687 0.244438864 0.203106354 0.202814478 0.220664747 0.268185389 0.268232235 0.188604486 0.205842227 0.205747629 0.209046084 0.192184635 0.191097934 0.191263772 0.211430457 0.204547237 0.203585325 0.234544299 0.215478188 0.196689277 0.224499073 0.230224069 0.208969632 0.229274288 0.209263197 0.246663878 0.258514713 0.261620772 0.241777157 0.237687261 0.259786619 0.260301219 0.310702907 
19     0.168978273 0.190709135 0.225360242 0.227715080 0.236708675 0.224136326 0.226365397 0.242959595 0.243548613 0.259584557 0.238646845 0.000000000 0.142530062 0.142975875 0.171794853 0.167040685 0.195097141 0.194613267 0.207174032 0.239940432 0.198178136 0.197895599 0.214868756 0.262822774 0.263320198 0.182279124 0.199572521 0.199468955 0.202726899 0.186377619 0.184848251 0.184893621 0.204991120 0.198471363 0.197845968 0.229025917 0.210002320 0.190484238 0.218332732 0.224912611 0.203167467 0.223244924 0.203437276 0.240797455 0.252320940 0.254990741 0.235122510 0.231450973 0.253673637 0.254188237 0.305314369 
22     0.100434145 0.122238639 0.156874504 0.159237817 0.168241676 0.155698486 0.157964858 0.174618921 0.175207939 0.191243884 0.170202752 0.142530062 0.000000000 0.020978071 0.063838833 0.061658117 0.126836523 0.126385971 0.139249254 0.171981741 0.130117989 0.129835452 0.147618280 0.195528702 0.196026125 0.114204205 0.131401125 0.131301255 0.134900902 0.118485308 0.116930828 0.116988747 0.137182180 0.130243481 0.129580051 0.160709085 0.141893175 0.122384683 0.150221097 0.156795098 0.135049954 0.155496924 0.135279171 0.172289592 0.184425706 0.187494368 0.167282073 0.163861671 0.185431656 0.185942637 0.236622777 
10     0.101438610 0.123175360 0.157762916 0.160126229 0.169120605 0.156575365 0.158841737 0.175411917 0.176000935 0.192036879 0.171061671 0.142975875 0.020978071 0.000000000 0.064922096 0.062108413 0.127353877 0.126903324 0.139788611 0.172530556 0.130667284 0.130384748 0.148089996 0.195950523 0.196447947 0.114781303 0.131912635 0.131824564 0.135530390 0.119114796 0.117560317 0.117627237 0.137811668 0.130906512 0.130243081 0.161400485 0.142511925 0.122979738 0.150816151 0.157439835 0.135694691 0.156141661 0.135920932 0.172920343 0.185053133 0.188121795 0.167909500 0.164489098 0.186097495 0.186612095 0.237321810 
26     0.130635500 0.152372249 0.186668522 0.189031835 0.198027523 0.185403566 0.187682611 0.204318447 0.204907465 0.220943409 0.199905885 0.171794853 0.063838833 0.064922096 0.000000000 0.091577125 0.156635401 0.156184848 0.168926942 0.201841051 0.160033273 0.159750736 0.177397624 0.225309535 0.225806959 0.144104829 0.161313675 0.161213805 0.164751458 0.148335863 0.146784432 0.146959842 0.167035784 0.159901459 0.159087759 0.190731569 0.171896667 0.152255280 0.180091693 0.186775296 0.165030152 0.185495216 0.165284047 0.202300409 0.214218469 0.217287131 0.197077760 0.193594832 0.215353061 0.215867661 0.266522552 
4     0.125219501 0.146955648 0.181584628 0.183947941 0.192943630 0.180382777 0.182661822 0.199213119 0.199802137 0.215838309 0.194880497 0.167040685 0.061658117 0.062108413 0.091577125 0.000000000 0.151279852 0.150829299 0.163487762 0.196198583 0.154374734 0.154092197 0.171547879 0.219371012 0.219868436 0.138580433 0.155743148 0.155655077 0.158439571 0.142058743 0.140550004 0.140725414 0.160815045 0.154448038 0.153761233 0.185017783 0.166199660 0.146525906 0.174395015 0.181164176 0.159419032 0.179881396 0.159666519 0.196859933 0.208706719 0.211811669 0.191599260 0.188179369 0.209787369 0.210301969 0.261060914 
6     0.146170378 0.167900188 0.202064278 0.204854343 0.213885426 0.201286202 0.203571259 0.220217421 0.220754032 0.236813760 0.215912190 0.195097141 0.126836523 0.127353877 0.156635401 0.151279852 0.000000000 0.022656108 0.185059444 0.216625092 0.174565025 0.174282489 0.192445396 0.240342977 0.240819948 0.159186267 0.176598609 0.176495043 0.180443940 0.163999555 0.162433707 0.162483699 0.182703595 0.175581661 0.174967537 0.206236217 0.187329299 0.167827873 0.195684618 0.201996550 0.179840016 0.200321083 0.180127780 0.217373207 0.230137688 0.233294024 0.213000399 0.209236819 0.230920479 0.231435079 0.281993086 
15     0.145735384 0.167465194 0.201625294 0.204505884 0.213536967 0.200937743 0.203222800 0.219868962 0.220405573 0.236465301 0.215567383 0.194613267 0.126385971 0.126903324 0.156184848 0.150829299 0.022656108 0.000000000 0.184696380 0.216260045 0.174207265 0.173924728 0.192082257 0.239979838 0.240456809 0.158839907 0.176252249 0.176148683 0.180102230 0.163657845 0.162091998 0.162138493 0.182361885 0.175240661 0.174611111 0.205895217 0.186925741 0.167486873 0.195343618 0.201820514 0.180080619 0.200536162 0.180342859 0.217041977 0.229786627 0.232942963 0.212649338 0.208906951 0.230496658 0.231011258 0.281646610 
17     0.144101819 0.165680785 0.200351509 0.202690047 0.211619894 0.199070086 0.201378406 0.218079090 0.218583672 0.234754699 0.213535687 0.207174032 0.139249254 0.139788611 0.168926942 0.163487762 0.185059444 0.184696380 0.000000000 0.164862954 0.123240832 0.122958296 0.147474991 0.194749568 0.195827989 0.157035696 0.174071851 0.173982829 0.177898427 0.160731807 0.159608496 0.159834813 0.179605814 0.172890897 0.172425945 0.203427252 0.184630286 0.164766718 0.192561905 0.198759646 0.176910558 0.197440006 0.177285768 0.214773217 0.227673527 0.230794681 0.210282938 0.206340245 0.226957697 0.227472297 0.279279215 
7     0.175527981 0.196848374 0.231172631 0.233492231 0.242143292 0.229807711 0.232116032 0.248811649 0.249486758 0.265572863 0.244438864 0.239940432 0.171981741 0.172530556 0.201841051 0.196198583 0.216625092 0.216260045 0.164862954 0.000000000 0.126285733 0.126003197 0.175904132 0.224017173 0.224663788 0.188721189 0.205473876 0.205314707 0.209200226 0.192569430 0.191086853 0.191227246 0.211385872 0.204583558 0.203808401 0.234828109 0.215810923 0.196225850 0.223980956 0.230777362 0.208959551 0.229536488 0.209337612 0.246655226 0.258951088 0.262072243 0.241031618 0.237709891 0.259124713 0.259639313 0.310712390 
2     0.133919875 0.155171820 0.189882063 0.192184333 0.201048319 0.188487455 0.190795776 0.207583004 0.208172508 0.224258613 0.203106354 0.198178136 0.130117989 0.130667284 0.160033273 0.154374734 0.174565025 0.174207265 0.123240832 0.126285733 0.000000000 0.007999404 0.134736624 0.182792518 0.183866573 0.146830528 0.163964104 0.163875081 0.167323429 0.150687486 0.149256136 0.149318120 0.169503928 0.162559108 0.161807469 0.192911890 0.174025110 0.154644180 0.182528337 0.188250613 0.166511126 0.187111137 0.166917453 0.204800429 0.216074287 0.219171780 0.198708965 0.194980634 0.216520379 0.217034979 0.269502249 
18     0.133637338 0.154889283 0.189599526 0.191901796 0.200765783 0.188204919 0.190513239 0.207300468 0.207889971 0.223976077 0.202814478 0.197895599 0.129835452 0.130384748 0.159750736 0.154092197 0.174282489 0.173924728 0.122958296 0.126003197 0.007999404 0.000000000 0.134454088 0.182509982 0.183584037 0.146547992 0.163688093 0.163599071 0.167040893 0.150404949 0.148973599 0.149035583 0.169221391 0.162276571 0.161533112 0.192629354 0.173742573 0.154361644 0.182245800 0.187968077 0.166228590 0.186828601 0.166634916 0.204517892 0.215791750 0.218889244 0.198426428 0.194698097 0.216237842 0.216752442 0.269219713 
20     0.151301185 0.173076709 0.207480474 0.209832571 0.218773445 0.206200615 0.208508935 0.225217346 0.225820746 0.241875444 0.220664747 0.214868756 0.147618280 0.148089996 0.177397624 0.171547879 0.192445396 0.192082257 0.147474991 0.175904132 0.134736624 0.134454088 0.000000000 0.097160247 0.099055267 0.164207256 0.181144488 0.181020206 0.184983602 0.168220578 0.166956672 0.167153671 0.187148789 0.180110861 0.179442763 0.210039718 0.191445362 0.171538358 0.199279873 0.206110797 0.184324343 0.204852803 0.184473812 0.222012707 0.234317225 0.237438380 0.216909539 0.213209018 0.234445069 0.234959669 0.287075711 
9     0.199078665 0.220931291 0.255067474 0.257429995 0.266370869 0.253667198 0.255975519 0.272814770 0.273418170 0.289472868 0.268185389 0.262822774 0.195528702 0.195950523 0.225309535 0.219371012 0.240342977 0.239979838 0.194749568 0.224017173 0.182792518 0.182509982 0.097160247 0.000000000 0.029864533 0.211648755 0.228799839 0.228711768 0.232512168 0.215765209 0.214480631 0.214772864 0.234693419 0.227796691 0.227128593 0.257536935 0.239040247 0.218950556 0.246822299 0.253675275 0.231888821 0.252417281 0.232017635 0.269207721 0.281941059 0.285062213 0.264548521 0.260987311 0.282064535 0.282579135 0.334806465 
11     0.199500101 0.221344554 0.255168597 0.257527635 0.266613918 0.253889825 0.256198145 0.272765578 0.273360527 0.289420263 0.268232235 0.263320198 0.196026125 0.196447947 0.225806959 0.219868436 0.240819948 0.240456809 0.195827989 0.224663788 0.183866573 0.183584037 0.099055267 0.029864533 0.000000000 0.212153252 0.229304337 0.229216265 0.233116376 0.216369417 0.215084839 0.215377072 0.235297627 0.228253590 0.227472415 0.258103247 0.239644455 0.219567269 0.247426507 0.254348367 0.232661189 0.253097281 0.232694568 0.269713663 0.282545267 0.285666421 0.265152729 0.261591519 0.282666911 0.283181511 0.335394832 
8     0.118193828 0.139886210 0.175341542 0.177638917 0.186584233 0.174057600 0.176342008 0.192592742 0.193165012 0.209158482 0.188604486 0.182279124 0.114204205 0.114781303 0.144104829 0.138580433 0.159186267 0.158839907 0.157035696 0.188721189 0.146830528 0.146547992 0.164207256 0.211648755 0.212153252 0.000000000 0.121968978 0.121857720 0.146802071 0.130388447 0.128670197 0.128924475 0.149072790 0.141729844 0.141160511 0.172495042 0.153590969 0.133909438 0.161829952 0.168926342 0.147177423 0.167648945 0.147493355 0.184421879 0.195763072 0.198899799 0.178723029 0.174814415 0.197515894 0.198030494 0.249796974 
5     0.135377166 0.157021843 0.192587381 0.194884756 0.203839994 0.191055143 0.193475486 0.209684070 0.210256340 0.226065766 0.205842227 0.199572521 0.131401125 0.131912635 0.161313675 0.155743148 0.176598609 0.176252249 0.174071851 0.205473876 0.163964104 0.163688093 0.181144488 0.228799839 0.229304337 0.121968978 0.000000000 0.021542044 0.164308528 0.147895586 0.146295641 0.146515969 0.166497096 0.159152304 0.158488978 0.189768631 0.170977465 0.151269575 0.179275501 0.186118336 0.164368669 0.184840939 0.164685349 0.201858483 0.213371414 0.216853892 0.196740897 0.192811292 0.214469514 0.214984114 0.266880229 
13     0.135282569 0.156927246 0.192492784 0.194790159 0.203745397 0.190960546 0.193380888 0.209565257 0.210137528 0.225949322 0.205747629 0.199468955 0.131301255 0.131824564 0.161213805 0.155655077 0.176495043 0.176148683 0.173982829 0.205314707 0.163875081 0.163599071 0.181020206 0.228711768 0.229216265 0.121857720 0.021542044 0.000000000 0.164207989 0.147795047 0.146195102 0.146415430 0.166396557 0.159051765 0.158387918 0.189668093 0.170876926 0.151169036 0.179174962 0.186048170 0.164298503 0.184770773 0.164615183 0.201788317 0.213540209 0.217024615 0.196830292 0.192830344 0.214425712 0.214940312 0.266773683 
35     0.138578805 0.160534665 0.196015329 0.198212818 0.207158340 0.194752768 0.197019689 0.213661337 0.214185361 0.230308089 0.209046084 0.202726899 0.134900902 0.135530390 0.164751458 0.158439571 0.180443940 0.180102230 0.177898427 0.209200226 0.167323429 0.167040893 0.184983602 0.232512168 0.233116376 0.146802071 0.164308528 0.164207989 0.000000000 0.037281957 0.053567871 0.054166332 0.084169528 0.144563539 0.144047214 0.174294608 0.155436839 0.136093771 0.163863957 0.179793416 0.158405097 0.178772400 0.158711923 0.196673018 0.207861412 0.211052981 0.190593842 0.186966985 0.209383628 0.209898228 0.268480267 
42     0.122034597 0.143990457 0.179140177 0.181344387 0.190258475 0.177891950 0.180158871 0.196855245 0.197367035 0.213489764 0.192184635 0.186377619 0.118485308 0.119114796 0.148335863 0.142058743 0.163999555 0.163657845 0.160731807 0.192569430 0.150687486 0.150404949 0.168220578 0.215765209 0.216369417 0.130388447 0.147895586 0.147795047 0.037281957 0.000000000 0.037216840 0.037866041 0.067947251 0.128080446 0.127550734 0.157838617 0.138973380 0.119663197 0.147419943 0.163691401 0.142234104 0.162669369 0.142453916 0.180262343 0.191434794 0.194626364 0.174150549 0.170538567 0.192960418 0.193475018 0.252027075 
37     0.120400718 0.142390181 0.178033303 0.180222398 0.189177750 0.176772178 0.179039099 0.195676312 0.196207084 0.212323065 0.191097934 0.184848251 0.116930828 0.117560317 0.146784432 0.140550004 0.162433707 0.162091998 0.159608496 0.191086853 0.149256136 0.148973599 0.166956672 0.214480631 0.215084839 0.128670197 0.146295641 0.146195102 0.053567871 0.037216840 0.000000000 0.021191801 0.066037123 0.126545396 0.126028986 0.156153688 0.137300106 0.117915691 0.145660385 0.162087353 0.140609862 0.161080124 0.140855900 0.178763135 0.189966944 0.193059291 0.172637949 0.168818891 0.191271556 0.191786156 0.250510190 
44     0.120798685 0.142775212 0.178256484 0.180460592 0.189400356 0.176994784 0.179261705 0.195898918 0.196429689 0.212545671 0.191263772 0.184893621 0.116988747 0.117627237 0.146959842 0.140725414 0.162483699 0.162138493 0.159834813 0.191227246 0.149318120 0.149035583 0.167153671 0.214772864 0.215377072 0.128924475 0.146515969 0.146415430 0.054166332 0.037866041 0.021191801 0.000000000 0.066654881 0.126831374 0.126334541 0.156436604 0.137578835 0.118234155 0.145978652 0.162397414 0.140875989 0.161337421 0.141095800 0.179055110 0.190126505 0.193164841 0.172767187 0.168760325 0.191538643 0.192053243 0.250753587 
29     0.140817985 0.162776020 0.198272041 0.200485618 0.209371214 0.197007871 0.199274792 0.215891853 0.216377338 0.232538606 0.211430457 0.204991120 0.137182180 0.137811668 0.167035784 0.160815045 0.182703595 0.182361885 0.179605814 0.211385872 0.169503928 0.169221391 0.187148789 0.234693419 0.235297627 0.149072790 0.166497096 0.166396557 0.084169528 0.067947251 0.066037123 0.066654881 0.000000000 0.146721469 0.146190174 0.176511608 0.157652621 0.138291224 0.166101542 0.182446590 0.160910801 0.181378400 0.161130612 0.199055572 0.210431223 0.213537258 0.193146813 0.189285367 0.211646655 0.212161255 0.270707598 
43     0.133980750 0.155756176 0.191317440 0.193615842 0.202459353 0.190041258 0.192304642 0.208950092 0.209489503 0.225596845 0.204547237 0.198471363 0.130243481 0.130906512 0.159901459 0.154448038 0.175581661 0.175240661 0.172890897 0.204583558 0.162559108 0.162276571 0.180110861 0.227796691 0.228253590 0.141729844 0.159152304 0.159051765 0.144563539 0.128080446 0.126545396 0.126831374 0.146721469 0.000000000 0.068593289 0.149834951 0.130832398 0.110604351 0.138790767 0.175001468 0.153106317 0.173753326 0.153560079 0.191524896 0.202943094 0.206031622 0.185745533 0.182097089 0.204770621 0.205285221 0.263464625 
46     0.133478932 0.155271041 0.190356563 0.192531623 0.201369654 0.188939149 0.191204046 0.207988180 0.208527591 0.224634932 0.203585325 0.197845968 0.129580051 0.130243081 0.159087759 0.153761233 0.174967537 0.174611111 0.172425945 0.203808401 0.161807469 0.161533112 0.179442763 0.227128593 0.227472415 0.141160511 0.158488978 0.158387918 0.144047214 0.127550734 0.126028986 0.126334541 0.146190174 0.068593289 0.000000000 0.149205452 0.130184654 0.109984071 0.138256138 0.174342269 0.152439066 0.173026134 0.152870105 0.190375329 0.202655498 0.205745401 0.185555899 0.181543922 0.204276631 0.204791231 0.262910273 
38     0.164373448 0.186165127 0.221194557 0.223511453 0.232137447 0.219924418 0.222187803 0.238952589 0.239494481 0.255583361 0.234544299 0.229025917 0.160709085 0.161400485 0.190731569 0.185017783 0.206236217 0.205895217 0.203427252 0.234828109 0.192911890 0.192629354 0.210039718 0.257536935 0.258103247 0.172495042 0.189768631 0.189668093 0.174294608 0.157838617 0.156153688 0.156436604 0.176511608 0.149834951 0.149205452 0.000000000 0.084497444 0.113692115 0.141354920 0.205616574 0.183863614 0.204507762 0.184215901 0.222214039 0.233549976 0.236637385 0.216385174 0.212402748 0.235289376 0.235803976 0.294001944 
48     0.145456295 0.167258755 0.202268148 0.204565270 0.213166855 0.200969600 0.203232985 0.219620165 0.220091175 0.236202587 0.215478188 0.210002320 0.141893175 0.142511925 0.171896667 0.166199660 0.187329299 0.186925741 0.184630286 0.215810923 0.174025110 0.173742573 0.191445362 0.239040247 0.239644455 0.153590969 0.170977465 0.170876926 0.155436839 0.138973380 0.137300106 0.137578835 0.157652621 0.130832398 0.130184654 0.084497444 0.000000000 0.094675535 0.122341122 0.186787432 0.164999300 0.185629450 0.165279087 0.203240017 0.214856643 0.217944053 0.197708674 0.193554747 0.216352030 0.216867947 0.275077276 
31     0.125850727 0.147705076 0.183461421 0.185758543 0.194539948 0.182178853 0.184410823 0.200892350 0.201434242 0.217539102 0.196689277 0.190484238 0.122384683 0.122979738 0.152255280 0.146525906 0.167827873 0.167486873 0.164766718 0.196225850 0.154644180 0.154361644 0.171538358 0.218950556 0.219567269 0.133909438 0.151269575 0.151169036 0.136093771 0.119663197 0.117915691 0.118234155 0.138291224 0.110604351 0.109984071 0.113692115 0.094675535 0.000000000 0.063500129 0.166984621 0.145082752 0.165828385 0.145432532 0.183642922 0.194809052 0.197897580 0.177584956 0.173633109 0.196659324 0.197173924 0.255570613 
49     0.153672734 0.175514872 0.211271217 0.213568340 0.222349744 0.209988650 0.212146905 0.228671404 0.229213296 0.245318157 0.224499073 0.218332732 0.150221097 0.150816151 0.180091693 0.174395015 0.195684618 0.195343618 0.192561905 0.223980956 0.182528337 0.182245800 0.199279873 0.246822299 0.247426507 0.161829952 0.179275501 0.179174962 0.163863957 0.147419943 0.145660385 0.145978652 0.166101542 0.138790767 0.138256138 0.141354920 0.122341122 0.063500129 0.000000000 0.194891412 0.172988830 0.193743583 0.173355158 0.211542398 0.222336051 0.225424579 0.205230895 0.201060844 0.224379800 0.224894400 0.282935941 
47     0.160100422 0.181813770 0.216906152 0.219190926 0.228271974 0.215724474 0.218085066 0.234782994 0.235360477 0.251512926 0.230224069 0.224912611 0.156795098 0.157439835 0.186775296 0.181164176 0.201996550 0.201820514 0.198759646 0.230777362 0.188250613 0.187968077 0.206110797 0.253675275 0.254348367 0.168926342 0.186118336 0.186048170 0.179793416 0.163691401 0.162087353 0.162397414 0.182446590 0.175001468 0.174342269 0.205616574 0.186787432 0.166984621 0.194891412 0.000000000 0.070356684 0.099720492 0.079257208 0.207832197 0.226327160 0.229408138 0.208986811 0.205329540 0.227818339 0.228332939 0.289853144 
50     0.138563262 0.160261457 0.195747740 0.198045798 0.206912434 0.194530955 0.196895738 0.213582909 0.214160392 0.230315212 0.208969632 0.203167467 0.135049954 0.135694691 0.165030152 0.159419032 0.179840016 0.180080619 0.176910558 0.208959551 0.166511126 0.166228590 0.184324343 0.231888821 0.232661189 0.147177423 0.164368669 0.164298503 0.158405097 0.142234104 0.140609862 0.140875989 0.160910801 0.153106317 0.152439066 0.183863614 0.164999300 0.145082752 0.172988830 0.070356684 0.000000000 0.077320036 0.057294694 0.185975041 0.204567275 0.207638033 0.187055089 0.183612485 0.206085607 0.206600208 0.268113241 
40     0.159009089 0.180707285 0.216000409 0.218298467 0.227165102 0.214797798 0.217184548 0.233694777 0.234297713 0.250562211 0.229274288 0.223244924 0.155496924 0.156141661 0.185495216 0.179881396 0.200321083 0.200536162 0.197440006 0.229536488 0.187111137 0.186828601 0.204852803 0.252417281 0.253097281 0.167648945 0.184840939 0.184770773 0.178772400 0.162669369 0.161080124 0.161337421 0.181378400 0.173753326 0.173026134 0.204507762 0.185629450 0.165828385 0.193743583 0.099720492 0.077320036 0.000000000 0.068388138 0.206283201 0.225072873 0.228127352 0.207575010 0.204213548 0.226402829 0.226917429 0.288627076 
34     0.138868174 0.160566369 0.196026303 0.198324361 0.207192696 0.194795954 0.197178853 0.213778581 0.214356064 0.230598327 0.209263197 0.203437276 0.135279171 0.135920932 0.165284047 0.159666519 0.180127780 0.180342859 0.177285768 0.209337612 0.166917453 0.166634916 0.184473812 0.232017635 0.232694568 0.147493355 0.164685349 0.164615183 0.158711923 0.142453916 0.140855900 0.141095800 0.161130612 0.153560079 0.152870105 0.184215901 0.165279087 0.145432532 0.173355158 0.079257208 0.057294694 0.068388138 0.000000000 0.185842424 0.204671791 0.207755045 0.187225898 0.183847846 0.206257067 0.206771667 0.268415470 
32     0.176066151 0.197637503 0.233438296 0.235738204 0.244664750 0.232155358 0.234410068 0.251019796 0.251598203 0.267679976 0.246663878 0.240797455 0.172289592 0.172920343 0.202300409 0.196859933 0.217373207 0.217041977 0.214773217 0.246655226 0.204800429 0.204517892 0.222012707 0.269207721 0.269713663 0.184421879 0.201858483 0.201788317 0.196673018 0.180262343 0.178763135 0.179055110 0.199055572 0.191524896 0.190375329 0.222214039 0.203240017 0.183642922 0.211542398 0.207832197 0.185975041 0.206283201 0.185842424 0.000000000 0.243281004 0.246337909 0.225976203 0.222019582 0.244144844 0.244659444 0.304991028 
33     0.188265146 0.209611487 0.245358749 0.247648100 0.256606700 0.243206165 0.245573986 0.262766990 0.263341381 0.279412623 0.258514713 0.252320940 0.184425706 0.185053133 0.214218469 0.208706719 0.230137688 0.229786627 0.227673527 0.258951088 0.216074287 0.215791750 0.234317225 0.281941059 0.282545267 0.195763072 0.213371414 0.213540209 0.207861412 0.191434794 0.189966944 0.190126505 0.210431223 0.202943094 0.202655498 0.233549976 0.214856643 0.194809052 0.222336051 0.226327160 0.204567275 0.225072873 0.204671791 0.243281004 0.000000000 0.036363311 0.066614513 0.141717574 0.214511459 0.215024786 0.317604229 
45     0.191378249 0.212739548 0.248427676 0.250717027 0.259704857 0.246312881 0.248680702 0.265873049 0.266447440 0.282518682 0.261620772 0.254990741 0.187494368 0.188121795 0.217287131 0.211811669 0.233294024 0.232942963 0.230794681 0.262072243 0.219171780 0.218889244 0.237438380 0.285062213 0.285666421 0.198899799 0.216853892 0.217024615 0.211052981 0.194626364 0.193059291 0.193164841 0.213537258 0.206031622 0.205745401 0.236637385 0.217944053 0.197897580 0.225424579 0.229408138 0.207638033 0.228127352 0.207755045 0.246337909 0.036363311 0.000000000 0.069943878 0.144965441 0.217437823 0.217951150 0.320715097 
41     0.171114208 0.192656398 0.228646269 0.230943487 0.239861242 0.226346941 0.228714763 0.246012557 0.246586947 0.262658189 0.241777157 0.235122510 0.167282073 0.167909500 0.197077760 0.191599260 0.213000399 0.212649338 0.210282938 0.241031618 0.198708965 0.198426428 0.216909539 0.264548521 0.265152729 0.178723029 0.196740897 0.196830292 0.190593842 0.174150549 0.172637949 0.172767187 0.193146813 0.185745533 0.185555899 0.216385174 0.197708674 0.177584956 0.205230895 0.208986811 0.187055089 0.207575010 0.187225898 0.225976203 0.066614513 0.069943878 0.000000000 0.124220007 0.196855800 0.197369127 0.300445260 
36     0.167187081 0.188795746 0.224573732 0.226863084 0.235782514 0.223183591 0.225436047 0.241960353 0.242537057 0.258608299 0.237687261 0.231450973 0.163861671 0.164489098 0.193594832 0.188179369 0.209236819 0.208906951 0.206340245 0.237709891 0.194980634 0.194698097 0.213209018 0.260987311 0.261591519 0.174814415 0.192811292 0.192830344 0.186966985 0.170538567 0.168818891 0.168760325 0.189285367 0.182097089 0.181543922 0.212402748 0.193554747 0.173633109 0.201060844 0.205329540 0.183612485 0.204213548 0.183847846 0.222019582 0.141717574 0.144965441 0.124220007 0.000000000 0.194456052 0.194969379 0.296431531 
39     0.189141932 0.210749719 0.246549630 0.248849192 0.257778481 0.245061860 0.247314317 0.264051395 0.264581243 0.280700688 0.259786619 0.253673637 0.185431656 0.186097495 0.215353061 0.209787369 0.230920479 0.230496658 0.226957697 0.259124713 0.216520379 0.216237842 0.234445069 0.282064535 0.282666911 0.197515894 0.214469514 0.214425712 0.209383628 0.192960418 0.191271556 0.191538643 0.211646655 0.204770621 0.204276631 0.235289376 0.216352030 0.196659324 0.224379800 0.227818339 0.206085607 0.226402829 0.206257067 0.244144844 0.214511459 0.217437823 0.196855800 0.194456052 0.000000000 0.024221726 0.318462348 
30     0.189656532 0.211264319 0.247064230 0.249363792 0.258293081 0.245576460 0.247828917 0.264565996 0.265095843 0.281215288 0.260301219 0.254188237 0.185942637 0.186612095 0.215867661 0.210301969 0.231435079 0.231011258 0.227472297 0.259639313 0.217034979 0.216752442 0.234959669 0.282579135 0.283181511 0.198030494 0.214984114 0.214940312 0.209898228 0.193475018 0.191786156 0.192053243 0.212161255 0.205285221 0.204791231 0.235803976 0.216867947 0.197173924 0.224894400 0.228332939 0.206600208 0.226917429 0.206771667 0.244659444 0.215024786 0.217951150 0.197369127 0.194969379 0.024221726 0.000000000 0.318976948 
0     0.240121481 0.261732740 0.297398440 0.299691908 0.308654356 0.296117797 0.298387074 0.315005301 0.315581071 0.331649981 0.310702907 0.305314369 0.236622777 0.237321810 0.266522552 0.261060914 0.281993086 0.281646610 0.279279215 0.310712390 0.269502249 0.269219713 0.287075711 0.334806465 0.335394832 0.249796974 0.266880229 0.266773683 0.268480267 0.252027075 0.250510190 0.250753587 0.270707598 0.263464625 0.262910273 0.294001944 0.275077276 0.255570613 0.282935941 0.289853144 0.268113241 0.288627076 0.268415470 0.304991028 0.317604229 0.320715097 0.300445260 0.296431531 0.318462348 0.318976948 0.000000000 
