51
23     0.000000000 0.000467740 0.003740680 0.003225960 0.003654320 0.004548730 0.003733630 0.004603930 0.004829590 0.003625060 0.004162080 0.001783930 0.001493830 0.001777820 0.004102520 0.001586310 0.001713770 0.001826000 0.002636400 0.002435980 0.002526740 0.002681600 0.002748210 0.005778190 0.007888360 0.003101700 0.002896060 0.002858510 0.003075730 0.002667110 0.002451060 0.002788010 0.003794620 0.004808800 0.005314310 0.001577670 0.003031590 0.007066980 0.006659010 0.001869020 0.002212780 0.005546430 0.002199080 0.003384510 0.005814820 0.006548570 0.005736620 0.004018680 0.003300020 0.003349650 0.005025750 
16     0.000467740 0.000000000 0.002024920 0.001850440 0.001938560 0.002794850 0.002017870 0.002888170 0.003113830 0.001909300 0.002446320 0.004242690 0.003952590 0.004236580 0.006189460 0.004045070 0.004172530 0.004284760 0.004289530 0.004927960 0.005018720 0.005173580 0.005431590 0.010845750 0.010770020 0.004646850 0.004165230 0.005045070 0.005262290 0.004853670 0.004637620 0.004974570 0.005981180 0.006995360 0.007045240 0.003764230 0.005218150 0.007433390 0.006892670 0.004267280 0.004611040 0.007944690 0.004597340 0.005571070 0.008262700 0.008996450 0.004805530 0.006466560 0.005747900 0.005797530 0.007424010 
21     0.003740680 0.002024920 0.000000000 0.000324760 0.000548320 0.000746210 0.000557630 0.001510010 0.001735670 0.000527440 0.001064460 0.003945830 0.003655730 0.003939720 0.005376810 0.003748210 0.003875670 0.003987900 0.006785600 0.004631100 0.004721860 0.004876720 0.007863100 0.004220310 0.005577810 0.004991400 0.004785760 0.004748210 0.003582410 0.002343680 0.000959380 0.001795080 0.004555310 0.004517790 0.006617870 0.003467370 0.004921290 0.007527320 0.006986600 0.003970420 0.004314180 0.007647830 0.004300480 0.005274210 0.007965840 0.008699590 0.004059250 0.006169700 0.005451040 0.005500670 0.007127150 
3     0.003225960 0.001850440 0.000324760 0.000000000 0.000373840 0.000218840 0.000010120 0.001335530 0.001561190 0.000352960 0.000889980 0.003771350 0.003481250 0.003765240 0.006089940 0.003573730 0.003701190 0.003813420 0.007915340 0.004456620 0.004547380 0.004702240 0.007688620 0.009489490 0.009314900 0.004816920 0.004611280 0.004573730 0.004790950 0.002538470 0.002254960 0.001130800 0.005509840 0.005646490 0.006904910 0.003292890 0.004746810 0.008782200 0.008885310 0.003795940 0.004139700 0.007473350 0.004126000 0.005099730 0.007791360 0.008525110 0.007713160 0.005995220 0.005276560 0.005326190 0.006952670 
27     0.003654320 0.001938560 0.000548320 0.000373840 0.000000000 0.001023780 0.000541270 0.001423650 0.001649310 0.000441080 0.000978100 0.003859470 0.003569370 0.003853360 0.006178060 0.003661850 0.002295360 0.002515990 0.007873830 0.004544740 0.004635500 0.004790360 0.007776740 0.010462530 0.010386800 0.004905040 0.004699400 0.004661850 0.004879070 0.004470450 0.004254400 0.004591350 0.005597960 0.006612140 0.008227400 0.003381010 0.004834930 0.008615550 0.008074830 0.003884060 0.004227820 0.007561470 0.004214120 0.005187850 0.007879480 0.008613230 0.007801280 0.006083340 0.005364680 0.005414310 0.007040790 
12     0.004548730 0.002794850 0.000746210 0.000218840 0.001023780 0.000000000 0.000213240 0.002318060 0.002388700 0.001335490 0.001872510 0.002964600 0.004463780 0.004507050 0.005031420 0.004556260 0.004683720 0.004795950 0.006440210 0.005439150 0.005529910 0.005684770 0.008671150 0.011356940 0.011281210 0.005799450 0.005593810 0.005556260 0.005773480 0.005364860 0.005148810 0.005485760 0.006492370 0.006983810 0.006793780 0.004275420 0.005729340 0.007181930 0.006641210 0.004778470 0.005122230 0.008455880 0.005108530 0.006082260 0.008773890 0.009507640 0.008695690 0.006977750 0.006259090 0.006308720 0.007935200 
14     0.003733630 0.002017870 0.000557630 0.000010120 0.000541270 0.000213240 0.000000000 0.001502960 0.001094400 0.000520390 0.001057410 0.003938780 0.003648680 0.003932670 0.005666550 0.003741160 0.003868620 0.003980850 0.007075340 0.004624050 0.004714810 0.004869670 0.007856050 0.010541840 0.010466110 0.004984350 0.004778710 0.004741160 0.004958380 0.004549760 0.004333710 0.004670660 0.005677270 0.006691450 0.007428910 0.003460320 0.004914240 0.007817060 0.007276340 0.003963370 0.004307130 0.007640780 0.004293430 0.005267160 0.007958790 0.008692540 0.007880590 0.006162650 0.005443990 0.005493620 0.007120100 
24     0.004603930 0.002888170 0.001510010 0.001335530 0.001423650 0.002318060 0.001502960 0.000000000 0.000259530 0.001394390 0.000443210 0.004809080 0.004518980 0.004802970 0.007127670 0.004611460 0.004738920 0.004851150 0.008867310 0.005494350 0.005585110 0.005739970 0.008726350 0.011412140 0.011336410 0.005854650 0.005649010 0.005611460 0.005828680 0.005420060 0.005204010 0.005540960 0.006547570 0.007561750 0.009220880 0.004330620 0.005784540 0.009609030 0.009068310 0.004833670 0.005177430 0.008511080 0.005163730 0.006137460 0.008829090 0.009562840 0.008750890 0.007032950 0.006314290 0.006363920 0.007990400 
25     0.004829590 0.003113830 0.001735670 0.001561190 0.001649310 0.002388700 0.001094400 0.000259530 0.000000000 0.000626340 0.000369920 0.005034740 0.004744640 0.005028630 0.007353330 0.004837120 0.004964580 0.005076810 0.009098470 0.005720010 0.005810770 0.005965630 0.008952010 0.011637800 0.011562070 0.006080310 0.005874670 0.005837120 0.006054340 0.005645720 0.005429670 0.005766620 0.006773230 0.007787410 0.009452040 0.004556280 0.006010200 0.009840190 0.009299470 0.005059330 0.005403090 0.008736740 0.005389390 0.006363120 0.009054750 0.009788500 0.008417050 0.007258610 0.006539950 0.006589580 0.008216060 
28     0.003625060 0.001909300 0.000527440 0.000352960 0.000441080 0.001335490 0.000520390 0.001394390 0.000626340 0.000000000 0.000608300 0.003830210 0.003540110 0.003824100 0.006148800 0.003632590 0.003760050 0.003872280 0.007721550 0.004515480 0.004606240 0.004761100 0.007747480 0.010433270 0.010357540 0.004875780 0.004670140 0.004632590 0.004849810 0.004441190 0.004225140 0.004562090 0.005568700 0.006582880 0.008075120 0.003351750 0.004805670 0.008463270 0.007922550 0.003854800 0.004198560 0.007532210 0.004184860 0.005158590 0.007850220 0.008583970 0.007772020 0.006054080 0.005335420 0.005385050 0.007011530 
1     0.004162080 0.002446320 0.001064460 0.000889980 0.000978100 0.001872510 0.001057410 0.000443210 0.000369920 0.000608300 0.000000000 0.004367230 0.004077130 0.004361120 0.006005140 0.004169610 0.003798290 0.004018920 0.007413930 0.005052500 0.005143260 0.005298120 0.006677480 0.010970290 0.010894560 0.005412800 0.005207160 0.005169610 0.005386830 0.004978210 0.004762160 0.005099110 0.006105720 0.007119900 0.007767500 0.003888770 0.005342690 0.008155650 0.007614930 0.004391820 0.004735580 0.008069230 0.002940000 0.005695610 0.008387240 0.009120990 0.008309040 0.006591100 0.005872440 0.005922070 0.007548550 
19     0.001783930 0.004242690 0.003945830 0.003771350 0.003859470 0.002964600 0.003938780 0.004809080 0.005034740 0.003830210 0.004367230 0.000000000 0.001452260 0.001736250 0.004060950 0.001544740 0.001687820 0.001800050 0.007100030 0.002674350 0.002765110 0.002919970 0.005906350 0.008592140 0.008516410 0.003306850 0.003101210 0.003063660 0.003280880 0.002872260 0.002656210 0.002993160 0.003999770 0.005013950 0.008397260 0.001782820 0.003236740 0.002973200 0.010027990 0.002074170 0.002417930 0.005751580 0.002404230 0.003589660 0.006019970 0.006753720 0.005941770 0.004223830 0.003505170 0.003554800 0.005230900 
22     0.001493830 0.003952590 0.003655730 0.003481250 0.003569370 0.004463780 0.003648680 0.004518980 0.004744640 0.003540110 0.004077130 0.001452260 0.000000000 0.000088740 0.000815010 0.000650160 0.001397720 0.001509950 0.005620670 0.002384250 0.002475010 0.002629870 0.002039590 0.008181310 0.008165900 0.003016750 0.002811110 0.002773560 0.002990780 0.002582160 0.002366110 0.002703060 0.003709670 0.004723850 0.005974240 0.001492720 0.002946640 0.006362390 0.005821670 0.001784070 0.002127830 0.005461480 0.002114130 0.003299560 0.005729870 0.006463620 0.003397870 0.003933730 0.003215070 0.003201400 0.004940800 
10     0.001777820 0.004236580 0.003939720 0.003765240 0.003853360 0.004507050 0.003932670 0.004802970 0.005028630 0.003824100 0.004361120 0.001736250 0.000088740 0.000000000 0.001110990 0.000660370 0.001681710 0.001793940 0.005546860 0.002668240 0.002759000 0.002913860 0.003028700 0.008430220 0.008273630 0.003300740 0.003095100 0.003057550 0.003274770 0.002866150 0.002650100 0.002987050 0.003993660 0.005007840 0.005900430 0.001776710 0.003230630 0.006288580 0.005747860 0.002068060 0.002411820 0.005745470 0.002039620 0.003583550 0.006013860 0.006747610 0.004113740 0.004217720 0.003499060 0.003548690 0.005224790 
26     0.004102520 0.006189460 0.005376810 0.006089940 0.006178060 0.005031420 0.005666550 0.007127670 0.007353330 0.006148800 0.006005140 0.004060950 0.000815010 0.001110990 0.000000000 0.003062590 0.004006410 0.004118640 0.006071230 0.004992940 0.005083700 0.005238560 0.005591810 0.010523820 0.010349230 0.005625440 0.005419800 0.005244080 0.005599470 0.005190850 0.004974800 0.005311750 0.006318360 0.006614830 0.006424800 0.004101410 0.005555330 0.006812950 0.006272230 0.004392760 0.004736520 0.008070170 0.004722820 0.005908250 0.008338560 0.009072310 0.007772080 0.006542420 0.005823760 0.005873390 0.007549490 
4     0.001586310 0.004045070 0.003748210 0.003573730 0.003661850 0.004556260 0.003741160 0.004611460 0.004837120 0.003632590 0.004169610 0.001544740 0.000650160 0.000660370 0.003062590 0.000000000 0.001490200 0.001602430 0.006071160 0.002476730 0.002567490 0.002722350 0.002042900 0.008394520 0.008318790 0.003109230 0.002903590 0.002866040 0.003083260 0.002674640 0.002458590 0.002795540 0.003802150 0.004816330 0.006250470 0.001585200 0.003039120 0.007074510 0.009148890 0.001876550 0.002220310 0.005553960 0.002206610 0.003392040 0.005822350 0.006556100 0.001221080 0.004026210 0.003307550 0.003357180 0.005033280 
6     0.001713770 0.004172530 0.003875670 0.003701190 0.002295360 0.004683720 0.003868620 0.004738920 0.004964580 0.003760050 0.003798290 0.001687820 0.001397720 0.001681710 0.004006410 0.001490200 0.000000000 0.000129960 0.004912830 0.002604190 0.002694950 0.002849810 0.005836190 0.007481760 0.008446250 0.003236690 0.003031050 0.002993500 0.003210720 0.002802100 0.002586050 0.002923000 0.003929610 0.004943790 0.007495600 0.001712660 0.003166580 0.007201970 0.009957830 0.002004010 0.002347770 0.005681420 0.002334070 0.003519500 0.005949810 0.006683560 0.002948630 0.004153670 0.003435010 0.003484640 0.005160740 
15     0.001826000 0.004284760 0.003987900 0.003813420 0.002515990 0.004795950 0.003980850 0.004851150 0.005076810 0.003872280 0.004018920 0.001800050 0.001509950 0.001793940 0.004118640 0.001602430 0.000129960 0.000000000 0.006506110 0.002158210 0.002807180 0.002962040 0.005948420 0.008634210 0.008558480 0.003348920 0.003143280 0.003105730 0.003322950 0.002914330 0.002698280 0.000989730 0.004041840 0.005056020 0.007729070 0.001824890 0.002001320 0.007314200 0.010070060 0.002116240 0.002460000 0.005785280 0.002446300 0.003631730 0.006062040 0.006795790 0.003165830 0.004265900 0.003547240 0.003596870 0.005272970 
17     0.002636400 0.004289530 0.006785600 0.007915340 0.007873830 0.006440210 0.007075340 0.008867310 0.009098470 0.007721550 0.007413930 0.007100030 0.005620670 0.005546860 0.006071230 0.006071160 0.004912830 0.006506110 0.000000000 0.003785390 0.001067110 0.000986290 0.003573080 0.004721150 0.005414360 0.004290920 0.004047000 0.004760180 0.006961440 0.006986090 0.006091440 0.005285850 0.007703490 0.007117040 0.003789290 0.008788420 0.008209710 0.007315160 0.006774440 0.010265840 0.006367780 0.008309500 0.008220320 0.008547430 0.012592140 0.012970220 0.011163490 0.008497840 0.008152020 0.008964870 0.008301930 
7     0.002435980 0.004927960 0.004631100 0.004456620 0.004544740 0.005439150 0.004624050 0.005494350 0.005720010 0.004515480 0.005052500 0.002674350 0.002384250 0.002668240 0.004992940 0.002476730 0.002604190 0.002158210 0.003785390 0.000000000 0.000270780 0.000425640 0.003864870 0.007796470 0.007720740 0.003992120 0.003302370 0.000485240 0.003966150 0.003557530 0.003341480 0.003678430 0.004685040 0.005699220 0.006123080 0.002468090 0.003922010 0.007957400 0.007115670 0.002759440 0.003103200 0.006436850 0.003089500 0.004274930 0.006705240 0.007438990 0.006627040 0.004909100 0.004190440 0.004240070 0.005278230 
2     0.002526740 0.005018720 0.004721860 0.004547380 0.004635500 0.005529910 0.004714810 0.005585110 0.005810770 0.004606240 0.005143260 0.002765110 0.002475010 0.002759000 0.005083700 0.002567490 0.002694950 0.002807180 0.001067110 0.000270780 0.000000000 0.000024110 0.005111330 0.006259400 0.007811500 0.004082880 0.003877240 0.003839690 0.004056910 0.003648290 0.003432240 0.003769190 0.004775800 0.005789980 0.007103270 0.002558850 0.004012770 0.005446720 0.008490530 0.002850200 0.003193960 0.006527610 0.003180260 0.004365690 0.006796000 0.007529750 0.006717800 0.003627180 0.004281200 0.004330830 0.006006930 
18     0.002681600 0.005173580 0.004876720 0.004702240 0.004790360 0.005684770 0.004869670 0.005739970 0.005965630 0.004761100 0.005298120 0.002919970 0.002629870 0.002913860 0.005238560 0.002722350 0.002849810 0.002962040 0.000986290 0.000425640 0.000024110 0.000000000 0.005356300 0.006568680 0.007809040 0.004237740 0.004032100 0.003994550 0.004211770 0.003803150 0.003587100 0.003924050 0.004930660 0.005944840 0.007404470 0.002713710 0.004167630 0.006040940 0.009084750 0.003005060 0.003348820 0.006682470 0.003335120 0.004520550 0.006950860 0.007684610 0.006872660 0.004221400 0.004436060 0.004485690 0.006161790 
20     0.002748210 0.005431590 0.007863100 0.007688620 0.007776740 0.008671150 0.007856050 0.008726350 0.008952010 0.007747480 0.006677480 0.005906350 0.002039590 0.003028700 0.005591810 0.002042900 0.005836190 0.005948420 0.003573080 0.003864870 0.005111330 0.005356300 0.000000000 0.001397080 0.001783390 0.006410590 0.003381380 0.002388520 0.000677090 0.006699610 0.006573480 0.006910430 0.005933700 0.007597730 0.006983730 0.005700090 0.007154010 0.008992020 0.000844410 0.005128150 0.006335200 0.009668850 0.005111760 0.007506930 0.009937240 0.010670990 0.009859040 0.006794910 0.007422440 0.007472070 0.007784710 
9     0.005778190 0.010845750 0.004220310 0.009489490 0.010462530 0.011356940 0.010541840 0.011412140 0.011637800 0.010433270 0.010970290 0.008592140 0.008181310 0.008430220 0.010523820 0.008394520 0.007481760 0.008634210 0.004721150 0.007796470 0.006259400 0.006568680 0.001397080 0.000000000 0.000230990 0.009215730 0.009704270 0.009666720 0.007486540 0.008996450 0.009259270 0.009005640 0.009277640 0.011617010 0.008663800 0.008385880 0.009839800 0.011223330 0.011264620 0.008677230 0.009020990 0.012354640 0.009007290 0.010192720 0.012623030 0.013356780 0.012544830 0.009538860 0.010108230 0.010157860 0.011833960 
11     0.007888360 0.010770020 0.005577810 0.009314900 0.010386800 0.011281210 0.010466110 0.011336410 0.011562070 0.010357540 0.010894560 0.008516410 0.008165900 0.008273630 0.010349230 0.008318790 0.008446250 0.008558480 0.005414360 0.007720740 0.007811500 0.007809040 0.001783390 0.000230990 0.000000000 0.009041140 0.009628540 0.009510400 0.009704260 0.008821860 0.009183540 0.008831050 0.009103050 0.011541280 0.008489210 0.004920470 0.009764070 0.011048740 0.011387630 0.008601500 0.008945260 0.012278910 0.008931560 0.010116990 0.012547300 0.013281050 0.012469100 0.009523450 0.010032500 0.010082130 0.011758230 
8     0.003101700 0.004646850 0.004991400 0.004816920 0.004905040 0.005799450 0.004984350 0.005854650 0.006080310 0.004875780 0.005412800 0.003306850 0.003016750 0.003300740 0.005625440 0.003109230 0.003236690 0.003348920 0.004290920 0.003992120 0.004082880 0.004237740 0.006410590 0.009215730 0.009041140 0.000000000 0.000347710 0.000171170 0.004326070 0.003917450 0.003701400 0.004038350 0.005044960 0.006059140 0.006697690 0.002828010 0.002362130 0.008308900 0.008376550 0.003331440 0.003675200 0.007008850 0.003661500 0.004505910 0.007326860 0.008060610 0.006350280 0.003216860 0.004812060 0.004861690 0.006488170 
5     0.002896060 0.004165230 0.004785760 0.004611280 0.004699400 0.005593810 0.004778710 0.005649010 0.005874670 0.004670140 0.005207160 0.003101210 0.002811110 0.003095100 0.005419800 0.002903590 0.003031050 0.003143280 0.004047000 0.003302370 0.003877240 0.004032100 0.003381380 0.009704270 0.009628540 0.000347710 0.000000000 0.000010730 0.004120430 0.003711810 0.003495760 0.003832710 0.004839320 0.005853500 0.005362970 0.002622370 0.004076290 0.007143940 0.006355560 0.003125800 0.003469560 0.006803210 0.003455860 0.002184490 0.007121220 0.007854970 0.007043020 0.004714030 0.004606420 0.004656050 0.004518120 
13     0.002858510 0.005045070 0.004748210 0.004573730 0.004661850 0.005556260 0.004741160 0.005611460 0.005837120 0.004632590 0.005169610 0.003063660 0.002773560 0.003057550 0.005244080 0.002866040 0.002993500 0.003105730 0.004760180 0.000485240 0.003839690 0.003994550 0.002388520 0.009666720 0.009510400 0.000171170 0.000010730 0.000000000 0.004082880 0.003674260 0.003458210 0.003795160 0.004801770 0.005815950 0.004799740 0.002584820 0.004038740 0.008074130 0.005792330 0.003088250 0.003432010 0.006765660 0.003418310 0.002146940 0.007083670 0.007817420 0.007005470 0.004150800 0.004568870 0.004618500 0.003954890 
35     0.003075730 0.005262290 0.003582410 0.004790950 0.004879070 0.005773480 0.004958380 0.005828680 0.006054340 0.004849810 0.005386830 0.003280880 0.002990780 0.003274770 0.005599470 0.003083260 0.003210720 0.003322950 0.006961440 0.003966150 0.004056910 0.004211770 0.000677090 0.007486540 0.009704260 0.004326070 0.004120430 0.004082880 0.000000000 0.000724420 0.000780690 0.000864000 0.002717550 0.005147010 0.006030170 0.001882060 0.003335980 0.007144080 0.002697870 0.003305470 0.003649230 0.006982880 0.003635530 0.004608880 0.007300890 0.008034640 0.005018100 0.005504750 0.004786090 0.004835720 0.006462200 
42     0.002667110 0.004853670 0.002343680 0.002538470 0.004470450 0.005364860 0.004549760 0.005420060 0.005645720 0.004441190 0.004978210 0.002872260 0.002582160 0.002866150 0.005190850 0.002674640 0.002802100 0.002914330 0.006986090 0.003557530 0.003648290 0.003803150 0.006699610 0.008996450 0.008821860 0.003917450 0.003711810 0.003674260 0.000724420 0.000000000 0.000372070 0.000455380 0.001449890 0.004738390 0.005147770 0.001473440 0.002927360 0.006257440 0.006297640 0.002896850 0.003240610 0.006574260 0.003226910 0.004200260 0.006892270 0.007626020 0.003779370 0.005096130 0.004377470 0.004427100 0.006053580 
37     0.002451060 0.004637620 0.000959380 0.002254960 0.004254400 0.005148810 0.004333710 0.005204010 0.005429670 0.004225140 0.004762160 0.002656210 0.002366110 0.002650100 0.004974800 0.002458590 0.002586050 0.002698280 0.006091440 0.003341480 0.003432240 0.003587100 0.006573480 0.009259270 0.009183540 0.003701400 0.003495760 0.003458210 0.000780690 0.000372070 0.000000000 0.000394200 0.002092880 0.004063290 0.003912730 0.001257390 0.002711310 0.005347930 0.005733360 0.002680800 0.003024560 0.006358210 0.003010860 0.003984210 0.006676220 0.007178360 0.003830990 0.004880080 0.004161420 0.004211050 0.005837530 
44     0.002788010 0.004974570 0.001795080 0.001130800 0.004591350 0.005485760 0.004670660 0.005540960 0.005766620 0.004562090 0.005099110 0.002993160 0.002703060 0.002987050 0.005311750 0.002795540 0.002923000 0.000989730 0.005285850 0.003678430 0.003769190 0.003924050 0.006910430 0.009005640 0.008831050 0.004038350 0.003832710 0.003795160 0.000864000 0.000455380 0.000394200 0.000000000 0.001836750 0.004753130 0.003778050 0.001594340 0.003048260 0.006037770 0.001490500 0.003017750 0.003361510 0.006695160 0.003347810 0.004321160 0.007013170 0.007746920 0.004091470 0.005217030 0.001855290 0.002133450 0.006174480 
29     0.003794620 0.005981180 0.004555310 0.005509840 0.005597960 0.006492370 0.005677270 0.006547570 0.006773230 0.005568700 0.006105720 0.003999770 0.003709670 0.003993660 0.006318360 0.003802150 0.003929610 0.004041840 0.007703490 0.004685040 0.004775800 0.004930660 0.005933700 0.009277640 0.009103050 0.005044960 0.004839320 0.004801770 0.002717550 0.001449890 0.002092880 0.001836750 0.000000000 0.004272510 0.001847370 0.002600950 0.004054870 0.005557150 0.008327380 0.004024360 0.004368120 0.007701770 0.004354420 0.005327770 0.008019780 0.008753530 0.005296960 0.006223640 0.005504980 0.005554610 0.007181090 
43     0.004808800 0.006995360 0.004517790 0.005646490 0.006612140 0.006983810 0.006691450 0.007561750 0.007787410 0.006582880 0.007119900 0.005013950 0.004723850 0.005007840 0.006614830 0.004816330 0.004943790 0.005056020 0.007117040 0.005699220 0.005789980 0.005944840 0.007597730 0.011617010 0.011541280 0.006059140 0.005853500 0.005815950 0.005147010 0.004738390 0.004063290 0.004753130 0.004272510 0.000000000 0.000902400 0.003648950 0.004819550 0.003205020 0.002504210 0.005038540 0.005382300 0.008715950 0.005368600 0.006341950 0.007901420 0.008288840 0.008955760 0.007237820 0.006519160 0.006568790 0.000849040 
46     0.005314310 0.007045240 0.006617870 0.006904910 0.008227400 0.006793780 0.007428910 0.009220880 0.009452040 0.008075120 0.007767500 0.008397260 0.005974240 0.005900430 0.006424800 0.006250470 0.007495600 0.007729070 0.003789290 0.006123080 0.007103270 0.007404470 0.006983730 0.008663800 0.008489210 0.006697690 0.005362970 0.004799740 0.006030170 0.005147770 0.003912730 0.003778050 0.001847370 0.000902400 0.000000000 0.000529040 0.001261000 0.004977640 0.001879990 0.007949200 0.007297930 0.008571140 0.001552960 0.006342450 0.009365010 0.013151020 0.008918320 0.006076060 0.009902470 0.008917220 0.006591410 
38     0.001577670 0.003764230 0.003467370 0.003292890 0.003381010 0.004275420 0.003460320 0.004330620 0.004556280 0.003351750 0.003888770 0.001782820 0.001492720 0.001776710 0.004101410 0.001585200 0.001712660 0.001824890 0.008788420 0.002468090 0.002558850 0.002713710 0.005700090 0.008385880 0.004920470 0.002828010 0.002622370 0.002584820 0.001882060 0.001473440 0.001257390 0.001594340 0.002600950 0.003648950 0.000529040 0.000000000 0.000791340 0.004228360 0.001489190 0.001807410 0.002151170 0.005484820 0.002137470 0.003110820 0.005802830 0.005447450 0.005724630 0.004006690 0.003288030 0.003337660 0.004964140 
48     0.003031590 0.005218150 0.004921290 0.004746810 0.004834930 0.005729340 0.004914240 0.005784540 0.006010200 0.004805670 0.005342690 0.003236740 0.002946640 0.003230630 0.005555330 0.003039120 0.003166580 0.002001320 0.008209710 0.003922010 0.004012770 0.004167630 0.007154010 0.009839800 0.009764070 0.002362130 0.004076290 0.004038740 0.003335980 0.002927360 0.002711310 0.003048260 0.004054870 0.004819550 0.001261000 0.000791340 0.000000000 0.002467640 0.002221150 0.003261330 0.003605090 0.006938740 0.003591390 0.004564740 0.007256750 0.007990500 0.007178550 0.005460610 0.004741950 0.004791580 0.006418060 
31     0.007066980 0.007433390 0.007527320 0.008782200 0.008615550 0.007181930 0.007817060 0.009609030 0.009840190 0.008463270 0.008155650 0.002973200 0.006362390 0.006288580 0.006812950 0.007074510 0.007201970 0.007314200 0.007315160 0.007957400 0.005446720 0.006040940 0.008992020 0.011223330 0.011048740 0.008308900 0.007143940 0.008074130 0.007144080 0.006257440 0.005347930 0.006037770 0.005557150 0.003205020 0.004977640 0.004228360 0.002467640 0.000000000 0.000757940 0.007296720 0.007640480 0.010202810 0.007626780 0.008600130 0.004805940 0.008106290 0.004382420 0.004972180 0.005059970 0.007701610 0.008972540 
49     0.006659010 0.006892670 0.006986600 0.008885310 0.008074830 0.006641210 0.007276340 0.009068310 0.009299470 0.007922550 0.007614930 0.010027990 0.005821670 0.005747860 0.006272230 0.009148890 0.009957830 0.010070060 0.006774440 0.007115670 0.008490530 0.009084750 0.000844410 0.011264620 0.011387630 0.008376550 0.006355560 0.005792330 0.002697870 0.006297640 0.005733360 0.001490500 0.008327380 0.002504210 0.001879990 0.001489190 0.002221150 0.000757940 0.000000000 0.010052580 0.009677550 0.009662090 0.008020100 0.008988280 0.012768580 0.013375980 0.008703530 0.007068650 0.010928140 0.008764650 0.007584000 
47     0.001869020 0.004267280 0.003970420 0.003795940 0.003884060 0.004778470 0.003963370 0.004833670 0.005059330 0.003854800 0.004391820 0.002074170 0.001784070 0.002068060 0.004392760 0.001876550 0.002004010 0.002116240 0.010265840 0.002759440 0.002850200 0.003005060 0.005128150 0.008677230 0.008601500 0.003331440 0.003125800 0.003088250 0.003305470 0.002896850 0.002680800 0.003017750 0.004024360 0.005038540 0.007949200 0.001807410 0.003261330 0.007296720 0.010052580 0.000000000 0.000698180 0.003673360 0.000684480 0.003614250 0.006094180 0.006827930 0.006015980 0.004298040 0.003579380 0.003629010 0.004794130 
50     0.002212780 0.004611040 0.004314180 0.004139700 0.004227820 0.005122230 0.004307130 0.005177430 0.005403090 0.004198560 0.004735580 0.002417930 0.002127830 0.002411820 0.004736520 0.002220310 0.002347770 0.002460000 0.006367780 0.003103200 0.003193960 0.003348820 0.006335200 0.009020990 0.008945260 0.003675200 0.003469560 0.003432010 0.003649230 0.003240610 0.003024560 0.003361510 0.004368120 0.005382300 0.007297930 0.002151170 0.003605090 0.007640480 0.009677550 0.000698180 0.000000000 0.001939120 0.000954680 0.003958010 0.006437940 0.007171690 0.006359740 0.004641800 0.003923140 0.003972770 0.005137890 
40     0.005546430 0.007944690 0.007647830 0.007473350 0.007561470 0.008455880 0.007640780 0.008511080 0.008736740 0.007532210 0.008069230 0.005751580 0.005461480 0.005745470 0.008070170 0.005553960 0.005681420 0.005785280 0.008309500 0.006436850 0.006527610 0.006682470 0.009668850 0.012354640 0.012278910 0.007008850 0.006803210 0.006765660 0.006982880 0.006574260 0.006358210 0.006695160 0.007701770 0.008715950 0.008571140 0.005484820 0.006938740 0.010202810 0.009662090 0.003673360 0.001939120 0.000000000 0.000508670 0.007012190 0.009771590 0.003337780 0.009693390 0.007975450 0.007256790 0.007306420 0.008471540 
34     0.002199080 0.004597340 0.004300480 0.004126000 0.004214120 0.005108530 0.004293430 0.005163730 0.005389390 0.004184860 0.002940000 0.002404230 0.002114130 0.002039620 0.004722820 0.002206610 0.002334070 0.002446300 0.008220320 0.003089500 0.003180260 0.003335120 0.005111760 0.009007290 0.008931560 0.003661500 0.003455860 0.003418310 0.003635530 0.003226910 0.003010860 0.003347810 0.004354420 0.005368600 0.001552960 0.002137470 0.003591390 0.007626780 0.008020100 0.000684480 0.000954680 0.000508670 0.000000000 0.003944310 0.006424240 0.007157990 0.006346040 0.004628100 0.003909440 0.003959070 0.005124190 
32     0.003384510 0.005571070 0.005274210 0.005099730 0.005187850 0.006082260 0.005267160 0.006137460 0.006363120 0.005158590 0.005695610 0.003589660 0.003299560 0.003583550 0.005908250 0.003392040 0.003519500 0.003631730 0.008547430 0.004274930 0.004365690 0.004520550 0.007506930 0.010192720 0.010116990 0.004505910 0.002184490 0.002146940 0.004608880 0.004200260 0.003984210 0.004321160 0.005327770 0.006341950 0.006342450 0.003110820 0.004564740 0.008600130 0.008988280 0.003614250 0.003958010 0.007012190 0.003944310 0.000000000 0.007609670 0.008343420 0.007531470 0.005813530 0.005094870 0.005144500 0.006770980 
33     0.005814820 0.008262700 0.007965840 0.007791360 0.007879480 0.008773890 0.007958790 0.008829090 0.009054750 0.007850220 0.008387240 0.006019970 0.005729870 0.006013860 0.008338560 0.005822350 0.005949810 0.006062040 0.012592140 0.006705240 0.006796000 0.006950860 0.009937240 0.012623030 0.012547300 0.007326860 0.007121220 0.007083670 0.007300890 0.006892270 0.006676220 0.007013170 0.008019780 0.007901420 0.009365010 0.005802830 0.007256750 0.004805940 0.012768580 0.006094180 0.006437940 0.009771590 0.006424240 0.007609670 0.000000000 0.000445620 0.001042340 0.006132470 0.005904080 0.005953710 0.009250910 
45     0.006548570 0.008996450 0.008699590 0.008525110 0.008613230 0.009507640 0.008692540 0.009562840 0.009788500 0.008583970 0.009120990 0.006753720 0.006463620 0.006747610 0.009072310 0.006556100 0.006683560 0.006795790 0.012970220 0.007438990 0.007529750 0.007684610 0.010670990 0.013356780 0.013281050 0.008060610 0.007854970 0.007817420 0.008034640 0.007626020 0.007178360 0.007746920 0.008753530 0.008288840 0.013151020 0.005447450 0.007990500 0.008106290 0.013375980 0.006827930 0.007171690 0.003337780 0.007157990 0.008343420 0.000445620 0.000000000 0.001319390 0.006893390 0.006637830 0.006687460 0.009984660 
41     0.005736620 0.004805530 0.004059250 0.007713160 0.007801280 0.008695690 0.007880590 0.008750890 0.008417050 0.007772020 0.008309040 0.005941770 0.003397870 0.004113740 0.007772080 0.001221080 0.002948630 0.003165830 0.011163490 0.006627040 0.006717800 0.006872660 0.009859040 0.012544830 0.012469100 0.006350280 0.007043020 0.007005470 0.005018100 0.003779370 0.003830990 0.004091470 0.005296960 0.008955760 0.008918320 0.005724630 0.007178550 0.004382420 0.008703530 0.006015980 0.006359740 0.009693390 0.006346040 0.007531470 0.001042340 0.001319390 0.000000000 0.004162530 0.005825880 0.005875510 0.009172710 
36     0.004018680 0.006466560 0.006169700 0.005995220 0.006083340 0.006977750 0.006162650 0.007032950 0.007258610 0.006054080 0.006591100 0.004223830 0.003933730 0.004217720 0.006542420 0.004026210 0.004153670 0.004265900 0.008497840 0.004909100 0.003627180 0.004221400 0.006794910 0.009538860 0.009523450 0.003216860 0.004714030 0.004150800 0.005504750 0.005096130 0.004880080 0.005217030 0.006223640 0.007237820 0.006076060 0.004006690 0.005460610 0.004972180 0.007068650 0.004298040 0.004641800 0.007975450 0.004628100 0.005813530 0.006132470 0.006893390 0.004162530 0.000000000 0.004140020 0.004189650 0.005942470 
39     0.003300020 0.005747900 0.005451040 0.005276560 0.005364680 0.006259090 0.005443990 0.006314290 0.006539950 0.005335420 0.005872440 0.003505170 0.003215070 0.003499060 0.005823760 0.003307550 0.003435010 0.003547240 0.008152020 0.004190440 0.004281200 0.004436060 0.007422440 0.010108230 0.010032500 0.004812060 0.004606420 0.004568870 0.004786090 0.004377470 0.004161420 0.001855290 0.005504980 0.006519160 0.009902470 0.003288030 0.004741950 0.005059970 0.010928140 0.003579380 0.003923140 0.007256790 0.003909440 0.005094870 0.005904080 0.006637830 0.005825880 0.004140020 0.000000000 0.000087600 0.006736110 
30     0.003349650 0.005797530 0.005500670 0.005326190 0.005414310 0.006308720 0.005493620 0.006363920 0.006589580 0.005385050 0.005922070 0.003554800 0.003201400 0.003548690 0.005873390 0.003357180 0.003484640 0.003596870 0.008964870 0.004240070 0.004330830 0.004485690 0.007472070 0.010157860 0.010082130 0.004861690 0.004656050 0.004618500 0.004835720 0.004427100 0.004211050 0.002133450 0.005554610 0.006568790 0.008917220 0.003337660 0.004791580 0.007701610 0.008764650 0.003629010 0.003972770 0.007306420 0.003959070 0.005144500 0.005953710 0.006687460 0.005875510 0.004189650 0.000087600 0.000000000 0.006785740 
0     0.005025750 0.007424010 0.007127150 0.006952670 0.007040790 0.007935200 0.007120100 0.007990400 0.008216060 0.007011530 0.007548550 0.005230900 0.004940800 0.005224790 0.007549490 0.005033280 0.005160740 0.005272970 0.008301930 0.005278230 0.006006930 0.006161790 0.007784710 0.011833960 0.011758230 0.006488170 0.004518120 0.003954890 0.006462200 0.006053580 0.005837530 0.006174480 0.007181090 0.000849040 0.006591410 0.004964140 0.006418060 0.008972540 0.007584000 0.004794130 0.005137890 0.008471540 0.005124190 0.006770980 0.009250910 0.009984660 0.009172710 0.005942470 0.006736110 0.006785740 0.000000000 
