51
9     0.000000000 0.000000070 0.000012940 0.000119990 0.000012940 0.000120270 0.000240370 0.000123710 0.000013620 0.000014360 0.000000910 0.000009370 0.000009370 0.000009370 0.000080720 0.000605170 0.000606160 0.000250270 0.000684150 0.000375270 0.000018530 0.000519100 0.000431580 0.000355000 0.000038620 0.000882160 0.000332930 0.000700010 0.000762760 0.000073020 0.000072970 0.000009380 0.000710010 0.000398130 0.000574970 0.000502880 0.000663150 0.000646050 0.000010260 0.000475240 0.000365000 0.000106400 0.000094260 0.000046220 0.000046220 0.000046220 0.000009330 0.000009540 0.000139770 0.000010060 0.000545380 
4     0.000000070 0.000000000 0.000012870 0.000010540 0.000012870 0.000120200 0.000240300 0.000123640 0.000013550 0.000014290 0.000000840 0.000009300 0.000009300 0.000009300 0.000080650 0.000227360 0.000263070 0.000039420 0.000231440 0.000361740 0.000438900 0.000613870 0.000526350 0.000449770 0.000518790 0.000976930 0.000150940 0.000794780 0.000841430 0.000072950 0.000072900 0.000009310 0.000709940 0.000476800 0.000371750 0.000597650 0.000757920 0.000724720 0.000195390 0.000499730 0.000644190 0.000106330 0.000094190 0.000046150 0.000046150 0.000046150 0.000009260 0.000009470 0.000139700 0.000009990 0.000545310 
8     0.000012940 0.000012870 0.000000000 0.000109130 0.000000000 0.000109410 0.000229510 0.000112850 0.000026280 0.000027020 0.000013570 0.000022170 0.000022170 0.000022170 0.000093520 0.000716490 0.000717480 0.000238660 0.000254330 0.000623380 0.000455450 0.000626060 0.000542900 0.000679260 0.000747700 0.000993480 0.000624550 0.000811330 0.000796750 0.000085820 0.000085770 0.000022180 0.000591520 0.000381540 0.000403040 0.000614200 0.000774470 0.000680040 0.000529640 0.000532950 0.000015880 0.000119200 0.000107060 0.000059020 0.000059020 0.000059020 0.000022130 0.000022340 0.000152570 0.000022860 0.000552750 
17     0.000119990 0.000010540 0.000109130 0.000000000 0.000000920 0.000000280 0.000106680 0.000157340 0.000133330 0.000134070 0.000029520 0.000129220 0.000129220 0.000028750 0.000200570 0.000224950 0.000658520 0.000112740 0.000077340 0.000071100 0.000027060 0.000374020 0.000074220 0.000146870 0.000689320 0.000934520 0.000429320 0.000752370 0.000806330 0.000192870 0.000192820 0.000129230 0.000829860 0.000130880 0.000159900 0.000073730 0.000600310 0.000485530 0.000539220 0.000542530 0.000344570 0.000226250 0.000214110 0.000166070 0.000166070 0.000166070 0.000022620 0.000129390 0.000259620 0.000129910 0.000573940 
15     0.000012940 0.000012870 0.000000000 0.000000920 0.000000000 0.000109410 0.000056530 0.000112850 0.000026280 0.000027020 0.000013570 0.000022170 0.000022170 0.000022170 0.000093520 0.000180510 0.000307830 0.000445480 0.000341340 0.000027370 0.000228910 0.000438840 0.000095840 0.000561160 0.000630180 0.000875380 0.000506450 0.000547920 0.000731270 0.000085820 0.000085770 0.000022180 0.000589840 0.000086950 0.000229330 0.000210850 0.000352410 0.000614560 0.000464160 0.000467470 0.000214610 0.000066970 0.000107060 0.000059020 0.000059020 0.000059020 0.000022130 0.000022340 0.000152570 0.000022860 0.000558180 
6     0.000120270 0.000120200 0.000109410 0.000000280 0.000109410 0.000000000 0.000336840 0.000220180 0.000133610 0.000134350 0.000120900 0.000129500 0.000050060 0.000129500 0.000200850 0.001273520 0.001274510 0.000976790 0.000992460 0.001062020 0.000808820 0.001187450 0.001069890 0.000854510 0.000817210 0.001550510 0.001181580 0.001368360 0.001498020 0.000193150 0.000193100 0.000129510 0.000830140 0.000773940 0.000773940 0.001171230 0.001331500 0.001358970 0.001219430 0.001238190 0.001243140 0.000226530 0.000214390 0.000166350 0.000166350 0.000166350 0.000129460 0.000129670 0.000259900 0.000130190 0.000665510 
12     0.000240370 0.000240300 0.000229510 0.000106680 0.000056530 0.000336840 0.000000000 0.000001260 0.000032240 0.000254450 0.000158810 0.000249600 0.000249600 0.000090280 0.000320950 0.000348200 0.000383910 0.000261220 0.000276890 0.000101700 0.000095080 0.000065280 0.000384360 0.000165300 0.000589740 0.000834940 0.000466010 0.000261220 0.000782450 0.000268640 0.000225950 0.000249610 0.000584910 0.000351230 0.000465830 0.000262570 0.000615930 0.000643400 0.000230650 0.000619180 0.000527570 0.000147150 0.000031620 0.000286450 0.000286450 0.000286450 0.000164240 0.000189690 0.000187760 0.000228160 0.000785610 
7     0.000123710 0.000123640 0.000112850 0.000157340 0.000112850 0.000220180 0.000001260 0.000000000 0.000079250 0.000137790 0.000064930 0.000132940 0.000132940 0.000132940 0.000204290 0.000395210 0.000430920 0.000349120 0.000364790 0.000226890 0.000384810 0.000559780 0.000472260 0.000168000 0.000650490 0.000922840 0.000202980 0.000200450 0.000870350 0.000196590 0.000196540 0.000023800 0.000603370 0.000399140 0.000446880 0.000314980 0.000703830 0.000731300 0.000591760 0.000752490 0.000615470 0.000229970 0.000092140 0.000169790 0.000169790 0.000169790 0.000132900 0.000133110 0.000263340 0.000133630 0.000668950 
10     0.000013620 0.000013550 0.000026280 0.000133330 0.000026280 0.000133610 0.000032240 0.000079250 0.000000000 0.000000800 0.000014250 0.000022850 0.000022850 0.000022850 0.000094200 0.000320720 0.000356430 0.000421160 0.000436830 0.000319210 0.000313030 0.000488000 0.000400480 0.000536840 0.000605860 0.000851060 0.000482130 0.000668910 0.000716050 0.000086500 0.000086450 0.000022860 0.000723490 0.000351420 0.000074320 0.000471780 0.000632050 0.000599340 0.000381880 0.000452250 0.000518810 0.000119880 0.000107740 0.000059700 0.000059700 0.000059700 0.000022810 0.000023020 0.000153250 0.000023540 0.000558860 
1     0.000014360 0.000014290 0.000027020 0.000134070 0.000027020 0.000134350 0.000254450 0.000137790 0.000000800 0.000000000 0.000014990 0.000023590 0.000023590 0.000023590 0.000094940 0.000752310 0.000753300 0.000599400 0.000419150 0.000373690 0.000142220 0.000466490 0.000464800 0.000715080 0.000749120 0.001029300 0.000264290 0.000037890 0.000637180 0.000023590 0.000087190 0.000023600 0.000296500 0.000272550 0.000601920 0.000474760 0.000715050 0.000431430 0.000370070 0.000373380 0.000439940 0.000120620 0.000108480 0.000060440 0.000060440 0.000060440 0.000023550 0.000023760 0.000153990 0.000024280 0.000559600 
11     0.000000910 0.000000840 0.000013570 0.000029520 0.000013570 0.000120900 0.000158810 0.000064930 0.000014250 0.000014990 0.000000000 0.000010140 0.000010140 0.000010140 0.000081490 0.000513890 0.000516660 0.000362760 0.000377940 0.000088050 0.000254630 0.000429600 0.000342080 0.000106550 0.000547460 0.000792660 0.000144070 0.000610510 0.000621110 0.000073790 0.000073740 0.000010150 0.000468570 0.000214800 0.000485470 0.000229300 0.000573650 0.000504400 0.000231240 0.000264460 0.000128000 0.000107170 0.000095030 0.000046990 0.000046990 0.000046990 0.000010100 0.000010310 0.000140540 0.000010830 0.000232280 
3     0.000009370 0.000009300 0.000022170 0.000129220 0.000022170 0.000129500 0.000249600 0.000132940 0.000022850 0.000023590 0.000010140 0.000000000 0.000000000 0.000000000 0.000071370 0.000523090 0.000524080 0.000114240 0.000601970 0.000384840 0.000262050 0.000437020 0.000349500 0.000409120 0.000554880 0.000800080 0.000061400 0.000617930 0.000467780 0.000063670 0.000063620 0.000000030 0.000623230 0.000026200 0.000492890 0.000420800 0.000417670 0.000605580 0.000249800 0.000336440 0.000492710 0.000043550 0.000010480 0.000036870 0.000036870 0.000036870 0.000001300 0.000001510 0.000131740 0.000002030 0.000467420 
2     0.000009370 0.000009300 0.000022170 0.000129220 0.000022170 0.000050060 0.000249600 0.000132940 0.000022850 0.000023590 0.000010140 0.000000000 0.000000000 0.000000000 0.000071370 0.000429210 0.001432350 0.001486870 0.001862180 0.001048540 0.000793850 0.000913830 0.000920900 0.000266060 0.000726870 0.001259910 0.000996030 0.001715740 0.001715740 0.000063670 0.000063620 0.000000030 0.000701980 0.000661320 0.000661320 0.000911340 0.000949000 0.001725520 0.001575120 0.001578430 0.001134420 0.000097050 0.000084910 0.000036870 0.000036870 0.000036870 0.000001300 0.000001510 0.000131740 0.000002030 0.000537350 
19     0.000009370 0.000009300 0.000022170 0.000028750 0.000022170 0.000129500 0.000090280 0.000132940 0.000022850 0.000023590 0.000010140 0.000000000 0.000000000 0.000000000 0.000060610 0.000415000 0.000414560 0.000184030 0.000094160 0.000023710 0.000008820 0.000318050 0.000036400 0.000297800 0.000446790 0.000387970 0.000323060 0.000509840 0.000061690 0.000063670 0.000063620 0.000000030 0.000599960 0.000082190 0.000384800 0.000312710 0.000337610 0.000372030 0.000039320 0.000179590 0.000110950 0.000020950 0.000084910 0.000036870 0.000036870 0.000036870 0.000001300 0.000001510 0.000131740 0.000002030 0.000537350 
20     0.000080720 0.000080650 0.000093520 0.000200570 0.000093520 0.000200850 0.000320950 0.000204290 0.000094200 0.000094940 0.000081490 0.000071370 0.000071370 0.000060610 0.000000000 0.000231310 0.000202140 0.000163890 0.000141140 0.000314750 0.000039080 0.000073970 0.000080250 0.000744970 0.000423020 0.000187190 0.000236300 0.001114430 0.000368490 0.000007800 0.000007750 0.000071380 0.000085100 0.000494330 0.000572810 0.000909860 0.001053000 0.001074740 0.000924340 0.000927650 0.000849990 0.000168400 0.000156260 0.000108220 0.000108220 0.000108220 0.000072650 0.000072860 0.000203090 0.000073380 0.000400420 
21     0.000605170 0.000227360 0.000716490 0.000224950 0.000180510 0.001273520 0.000348200 0.000395210 0.000320720 0.000752310 0.000513890 0.000523090 0.000429210 0.000415000 0.000231310 0.000000000 0.000002910 0.000723890 0.000098110 0.000397990 0.000373610 0.000370770 0.000370740 0.000623350 0.000692370 0.000935810 0.000441650 0.000555210 0.000883320 0.000786990 0.001178930 0.000798020 0.001524550 0.000391590 0.000628620 0.000556530 0.000716800 0.000695210 0.000606490 0.000823630 0.000370760 0.000522500 0.000381060 0.000455600 0.000560450 0.000547800 0.000681610 0.000264460 0.000655790 0.000629290 0.000177430 
22     0.000606160 0.000263070 0.000717480 0.000658520 0.000307830 0.001274510 0.000383910 0.000430920 0.000356430 0.000753300 0.000516660 0.000524080 0.001432350 0.000414560 0.000202140 0.000002910 0.000000000 0.000628460 0.000559250 0.000282460 0.000036470 0.000358740 0.000358710 0.000020930 0.000693360 0.000936800 0.000447220 0.000754650 0.000884310 0.001182130 0.001179920 0.000799010 0.001525540 0.000110970 0.000120880 0.000557520 0.000717790 0.000624050 0.000607480 0.000824620 0.000358730 0.000523490 0.000053400 0.000269920 0.000561440 0.000548790 0.000682600 0.000632590 0.000656780 0.000630280 0.001490780 
23     0.000250270 0.000039420 0.000238660 0.000112740 0.000445480 0.000976790 0.000261220 0.000349120 0.000421160 0.000599400 0.000362760 0.000114240 0.001486870 0.000184030 0.000163890 0.000723890 0.000628460 0.000000000 0.000000020 0.000004530 0.000156000 0.000405130 0.000004850 0.000119750 0.000201120 0.000817650 0.000256870 0.000406030 0.000497100 0.001196030 0.000128950 0.000335830 0.001589620 0.000131070 0.000047400 0.000457830 0.000057700 0.000809340 0.000669800 0.000888700 0.000171760 0.000180900 0.000128650 0.000278150 0.000625520 0.000612870 0.000050450 0.000145320 0.000702850 0.000694360 0.001554860 
13     0.000684150 0.000231440 0.000254330 0.000077340 0.000341340 0.000992460 0.000276890 0.000364790 0.000436830 0.000419150 0.000377940 0.000601970 0.001862180 0.000094160 0.000141140 0.000098110 0.000559250 0.000000020 0.000000000 0.000082820 0.000226050 0.000595410 0.000253890 0.000169520 0.000771350 0.000148900 0.000528280 0.000138950 0.000964060 0.000028470 0.001259670 0.000236710 0.001605290 0.000532840 0.000548400 0.000605670 0.000679420 0.000312060 0.000128170 0.000621940 0.000709180 0.000014630 0.000461800 0.000536340 0.000641190 0.000628540 0.000314610 0.000712340 0.000736530 0.000710030 0.000698170 
14     0.000375270 0.000361740 0.000623380 0.000071100 0.000027370 0.001062020 0.000101700 0.000226890 0.000319210 0.000373690 0.000088050 0.000384840 0.001048540 0.000023710 0.000314750 0.000397990 0.000282460 0.000004530 0.000082820 0.000000000 0.000065990 0.000260160 0.000207400 0.000431150 0.000416880 0.000842700 0.000194500 0.000660550 0.000655130 0.000488870 0.000742460 0.000704910 0.000766350 0.000017230 0.000110080 0.000463420 0.000514660 0.000538420 0.000318870 0.000391330 0.000041300 0.000159190 0.000120390 0.000362490 0.000467340 0.000454690 0.000296180 0.000538490 0.000562680 0.000536180 0.000719300 
5     0.000018530 0.000438900 0.000455450 0.000027060 0.000228910 0.000808820 0.000095080 0.000384810 0.000313030 0.000142220 0.000254630 0.000262050 0.000793850 0.000008820 0.000039080 0.000373610 0.000036470 0.000156000 0.000226050 0.000065990 0.000000000 0.000002920 0.000002890 0.000196900 0.000431330 0.000580920 0.000136990 0.000017130 0.000523400 0.000294400 0.000220290 0.000495780 0.000222460 0.000050910 0.000235500 0.000128160 0.000356040 0.000406690 0.000131390 0.000217570 0.000002910 0.000069590 0.000021570 0.000148000 0.000252850 0.000240200 0.000098810 0.000113100 0.000335790 0.000198880 0.000206010 
18     0.000519100 0.000613870 0.000626060 0.000374020 0.000438840 0.001187450 0.000065280 0.000559780 0.000488000 0.000466490 0.000429600 0.000437020 0.000913830 0.000318050 0.000073970 0.000370770 0.000358740 0.000405130 0.000595410 0.000260160 0.000002920 0.000000000 0.000000050 0.000368050 0.000606300 0.000614180 0.000287380 0.000626390 0.000621530 0.000788390 0.000767030 0.000670750 0.000502800 0.000256900 0.000500950 0.000273650 0.000589530 0.000504820 0.000354420 0.000357730 0.000000070 0.000072110 0.000248430 0.000322970 0.000427820 0.000415170 0.000262580 0.000233080 0.000455770 0.000318860 0.000464030 
16     0.000431580 0.000526350 0.000542900 0.000074220 0.000095840 0.001069890 0.000384360 0.000472260 0.000400480 0.000464800 0.000342080 0.000349500 0.000920900 0.000036400 0.000080250 0.000370740 0.000358710 0.000004850 0.000253890 0.000207400 0.000002890 0.000000050 0.000000000 0.000139820 0.000424180 0.000721020 0.000313080 0.000538870 0.000619840 0.000457730 0.000912390 0.000583230 0.000509080 0.000236910 0.000413430 0.000341740 0.000502010 0.000503130 0.000242260 0.000356040 0.000000040 0.000302130 0.000055190 0.000154090 0.000340300 0.000327650 0.000260890 0.000240150 0.000435420 0.000325930 0.000195080 
33     0.000355000 0.000449770 0.000679260 0.000146870 0.000561160 0.000854510 0.000165300 0.000168000 0.000536840 0.000715080 0.000106550 0.000409120 0.000266060 0.000297800 0.000744970 0.000623350 0.000020930 0.000119750 0.000169520 0.000431150 0.000196900 0.000368050 0.000139820 0.000000000 0.000000520 0.000900340 0.000339400 0.000718190 0.000817790 0.000549500 0.000060350 0.000302820 0.000024450 0.000185060 0.000407950 0.000270240 0.000353260 0.000281930 0.000092020 0.000107420 0.000155310 0.000123930 0.000137260 0.000420130 0.000524980 0.000512330 0.000003020 0.000128420 0.000536070 0.000593820 0.000635370 
49     0.000038620 0.000518790 0.000747700 0.000689320 0.000630180 0.000817210 0.000589740 0.000650490 0.000605860 0.000749120 0.000547460 0.000554880 0.000726870 0.000446790 0.000423020 0.000692370 0.000693360 0.000201120 0.000771350 0.000416880 0.000431330 0.000606300 0.000424180 0.000000520 0.000000000 0.000849260 0.000423850 0.000787210 0.000916870 0.000790520 0.000167180 0.000726880 0.000024970 0.000026950 0.000662170 0.000553030 0.000750350 0.000539160 0.000121000 0.000857180 0.000380630 0.000556050 0.000175960 0.000489150 0.000594000 0.000581350 0.000715160 0.000665150 0.000689340 0.000662840 0.000510650 
27     0.000882160 0.000976930 0.000993480 0.000934520 0.000875380 0.001550510 0.000834940 0.000922840 0.000851060 0.001029300 0.000792660 0.000800080 0.001259910 0.000387970 0.000187190 0.000935810 0.000936800 0.000817650 0.000148900 0.000842700 0.000580920 0.000614180 0.000721020 0.000900340 0.000849260 0.000000000 0.000000380 0.000374590 0.000000410 0.000764250 0.001158010 0.000893370 0.001221490 0.000687890 0.000864410 0.000714000 0.000871250 0.000980060 0.000883480 0.001059420 0.000864230 0.000479470 0.000447750 0.000519970 0.000796240 0.000783590 0.000001200 0.000667030 0.000891580 0.000865080 0.001725580 
40     0.000332930 0.000150940 0.000624550 0.000429320 0.000506450 0.001181580 0.000466010 0.000202980 0.000482130 0.000264290 0.000144070 0.000061400 0.000996030 0.000323060 0.000236300 0.000441650 0.000447220 0.000256870 0.000528280 0.000194500 0.000136990 0.000287380 0.000313080 0.000339400 0.000423850 0.000000380 0.000000000 0.000010070 0.000000030 0.000029850 0.000770320 0.000492090 0.000645120 0.000151100 0.000495480 0.000167870 0.000132720 0.000573610 0.000193860 0.000362100 0.000361610 0.000104020 0.000022940 0.000322460 0.000364100 0.000411230 0.000000820 0.000498460 0.000522650 0.000496150 0.000373020 
35     0.000700010 0.000794780 0.000811330 0.000752370 0.000547920 0.001368360 0.000261220 0.000200450 0.000668910 0.000037890 0.000610510 0.000617930 0.001715740 0.000509840 0.001114430 0.000555210 0.000754650 0.000406030 0.000138950 0.000660550 0.000017130 0.000626390 0.000538870 0.000718190 0.000787210 0.000374590 0.000010070 0.000000000 0.000000000 0.000926550 0.001052240 0.000263140 0.000870910 0.000505740 0.000682260 0.000602330 0.000689100 0.000797910 0.000649000 0.000652310 0.000682080 0.000385250 0.000150290 0.000509240 0.000614090 0.000601440 0.000375030 0.000685240 0.000074850 0.000097320 0.001137360 
47     0.000762760 0.000841430 0.000796750 0.000806330 0.000731270 0.001498020 0.000782450 0.000870350 0.000716050 0.000637180 0.000621110 0.000467780 0.001715740 0.000061690 0.000368490 0.000883320 0.000884310 0.000497100 0.000964060 0.000655130 0.000523400 0.000621530 0.000619840 0.000817790 0.000916870 0.000000410 0.000000030 0.000000000 0.000000000 0.000763900 0.000924650 0.000840880 0.000743320 0.000423890 0.000757200 0.000626100 0.000812600 0.000671810 0.000521410 0.000524720 0.000591280 0.000082150 0.000445810 0.000576270 0.000705560 0.000629810 0.000000850 0.000814900 0.000839090 0.000812590 0.001009770 
30     0.000073020 0.000072950 0.000085820 0.000192870 0.000085820 0.000193150 0.000268640 0.000196590 0.000086500 0.000023590 0.000073790 0.000063670 0.000063670 0.000063670 0.000007800 0.000786990 0.001182130 0.001196030 0.000028470 0.000488870 0.000294400 0.000788390 0.000457730 0.000549500 0.000790520 0.000764250 0.000029850 0.000926550 0.000763900 0.000000000 0.000000050 0.000063680 0.000124420 0.000081070 0.000724970 0.000221580 0.000590190 0.000838670 0.000005440 0.000159720 0.000305270 0.000021090 0.000148560 0.000100520 0.000100520 0.000100520 0.000064950 0.000065160 0.000195390 0.000065680 0.000359210 
41     0.000072970 0.000072900 0.000085770 0.000192820 0.000085770 0.000193100 0.000225950 0.000196540 0.000086450 0.000087190 0.000073740 0.000063620 0.000063620 0.000063620 0.000007750 0.001178930 0.001179920 0.000128950 0.001259670 0.000742460 0.000220290 0.000767030 0.000912390 0.000060350 0.000167180 0.001158010 0.000770320 0.001052240 0.000924650 0.000000050 0.000000000 0.000063630 0.000250110 0.000037420 0.000724920 0.000734570 0.000618510 0.000964360 0.000470420 0.000817270 0.000865230 0.000160650 0.000066540 0.000100470 0.000100470 0.000100470 0.000064900 0.000065110 0.000195340 0.000065630 0.000600950 
39     0.000009380 0.000009310 0.000022180 0.000129230 0.000022180 0.000129510 0.000249610 0.000023800 0.000022860 0.000023600 0.000010150 0.000000030 0.000000030 0.000000030 0.000071380 0.000798020 0.000799010 0.000335830 0.000236710 0.000704910 0.000495780 0.000670750 0.000583230 0.000302820 0.000726880 0.000893370 0.000492090 0.000263140 0.000840880 0.000063680 0.000063630 0.000000000 0.000701990 0.000550100 0.000661330 0.000646690 0.000359630 0.000842270 0.000745690 0.000921630 0.000726440 0.000097060 0.000084920 0.000036880 0.000036880 0.000036880 0.000001310 0.000001520 0.000131750 0.000002040 0.000537360 
29     0.000710010 0.000709940 0.000591520 0.000829860 0.000589840 0.000830140 0.000584910 0.000603370 0.000723490 0.000296500 0.000468570 0.000623230 0.000701980 0.000599960 0.000085100 0.001524550 0.001525540 0.001589620 0.001605290 0.000766350 0.000222460 0.000502800 0.000509080 0.000024450 0.000024970 0.001221490 0.000645120 0.000870910 0.000743320 0.000124420 0.000250110 0.000701990 0.000000000 0.000258240 0.000868420 0.000737320 0.000853910 0.000783030 0.000632630 0.000635940 0.000576500 0.000262440 0.000242340 0.000687490 0.000738830 0.000738830 0.000544490 0.000702150 0.000832380 0.000702670 0.000125310 
34     0.000398130 0.000476800 0.000381540 0.000130880 0.000086950 0.000773940 0.000351230 0.000399140 0.000351420 0.000272550 0.000214800 0.000026200 0.000661320 0.000082190 0.000494330 0.000391590 0.000110970 0.000131070 0.000532840 0.000017230 0.000050910 0.000256900 0.000236910 0.000185060 0.000026950 0.000687890 0.000151100 0.000505740 0.000423890 0.000081070 0.000037420 0.000550100 0.000258240 0.000000000 0.000000000 0.000216410 0.000354380 0.000298620 0.000087280 0.000101770 0.000085870 0.000012640 0.000006550 0.000100350 0.000067270 0.000265180 0.000053770 0.000055490 0.000398430 0.000380970 0.000173460 
43     0.000574970 0.000371750 0.000403040 0.000159900 0.000229330 0.000773940 0.000465830 0.000446880 0.000074320 0.000601920 0.000485470 0.000492890 0.000661320 0.000384800 0.000572810 0.000628620 0.000120880 0.000047400 0.000548400 0.000110080 0.000235500 0.000500950 0.000413430 0.000407950 0.000662170 0.000864410 0.000495480 0.000682260 0.000757200 0.000724970 0.000724920 0.000661330 0.000868420 0.000000000 0.000000000 0.000485130 0.000645400 0.000640490 0.000401820 0.000493400 0.000556640 0.000070710 0.000113160 0.000276310 0.000405600 0.000329850 0.000398010 0.000559800 0.000583990 0.000557490 0.000927570 
48     0.000502880 0.000597650 0.000614200 0.000073730 0.000210850 0.001171230 0.000262570 0.000314980 0.000471780 0.000474760 0.000229300 0.000420800 0.000911340 0.000312710 0.000909860 0.000556530 0.000557520 0.000457830 0.000605670 0.000463420 0.000128160 0.000273650 0.000341740 0.000270240 0.000553030 0.000714000 0.000167870 0.000602330 0.000626100 0.000221580 0.000734570 0.000646690 0.000737320 0.000216410 0.000485130 0.000000000 0.000000000 0.000500830 0.000350430 0.000353740 0.000420300 0.000172810 0.000161810 0.000312110 0.000416960 0.000404310 0.000269180 0.000488110 0.000512300 0.000485800 0.000847350 
28     0.000663150 0.000757920 0.000774470 0.000600310 0.000352410 0.001331500 0.000615930 0.000703830 0.000632050 0.000715050 0.000573650 0.000417670 0.000949000 0.000337610 0.001053000 0.000716800 0.000717790 0.000057700 0.000679420 0.000514660 0.000356040 0.000589530 0.000502010 0.000353260 0.000750350 0.000871250 0.000132720 0.000689100 0.000812600 0.000590190 0.000618510 0.000359630 0.000853910 0.000354380 0.000645400 0.000000000 0.000000000 0.000741120 0.000590720 0.000594030 0.000645220 0.000027080 0.000095560 0.000186540 0.000277800 0.000564580 0.000046350 0.000648380 0.000672570 0.000646070 0.000943460 
25     0.000646050 0.000724720 0.000680040 0.000485530 0.000614560 0.001358970 0.000643400 0.000731300 0.000599340 0.000431430 0.000504400 0.000605580 0.001725520 0.000372030 0.001074740 0.000695210 0.000624050 0.000809340 0.000312060 0.000538420 0.000406690 0.000504820 0.000503130 0.000281930 0.000539160 0.000980060 0.000573610 0.000797910 0.000671810 0.000838670 0.000964360 0.000842270 0.000783030 0.000298620 0.000640490 0.000500830 0.000741120 0.000000000 0.000001970 0.000001970 0.000173430 0.000440370 0.000263160 0.000459560 0.000574020 0.000513100 0.000316560 0.000594290 0.000694680 0.000668180 0.000893060 
26     0.000010260 0.000195390 0.000529640 0.000539220 0.000464160 0.001219430 0.000230650 0.000591760 0.000381880 0.000370070 0.000231240 0.000249800 0.001575120 0.000039320 0.000924340 0.000606490 0.000607480 0.000669800 0.000128170 0.000318870 0.000131390 0.000354420 0.000242260 0.000092020 0.000121000 0.000883480 0.000193860 0.000649000 0.000521410 0.000005440 0.000470420 0.000745690 0.000632630 0.000087280 0.000401820 0.000350430 0.000590720 0.000001970 0.000000000 0.000000000 0.000010110 0.000066510 0.000112760 0.000309160 0.000438450 0.000362700 0.000096200 0.000579270 0.000603460 0.000576960 0.000742660 
38     0.000475240 0.000499730 0.000532950 0.000542530 0.000467470 0.001238190 0.000619180 0.000752490 0.000452250 0.000373380 0.000264460 0.000336440 0.001578430 0.000179590 0.000927650 0.000823630 0.000824620 0.000888700 0.000621940 0.000391330 0.000217570 0.000357730 0.000356040 0.000107420 0.000857180 0.001059420 0.000362100 0.000652310 0.000524720 0.000159720 0.000817270 0.000921630 0.000635940 0.000101770 0.000493400 0.000353740 0.000594030 0.000001970 0.000000000 0.000000000 0.000005700 0.000307930 0.000116070 0.000312470 0.000441760 0.000366010 0.000142280 0.000543880 0.000655600 0.000696000 0.000745970 
24     0.000365000 0.000644190 0.000015880 0.000344570 0.000214610 0.001243140 0.000527570 0.000615470 0.000518810 0.000439940 0.000128000 0.000492710 0.001134420 0.000110950 0.000849990 0.000370760 0.000358730 0.000171760 0.000709180 0.000041300 0.000002910 0.000000070 0.000000040 0.000155310 0.000380630 0.000864230 0.000361610 0.000682080 0.000591280 0.000305270 0.000865230 0.000726440 0.000576500 0.000085870 0.000556640 0.000420300 0.000645220 0.000173430 0.000010110 0.000005700 0.000000000 0.000312510 0.000052530 0.000129320 0.000458190 0.000432570 0.000104640 0.000554660 0.000578850 0.000552350 0.000474980 
32     0.000106400 0.000106330 0.000119200 0.000226250 0.000066970 0.000226530 0.000147150 0.000229970 0.000119880 0.000120620 0.000107170 0.000043550 0.000097050 0.000020950 0.000168400 0.000522500 0.000523490 0.000180900 0.000014630 0.000159190 0.000069590 0.000072110 0.000302130 0.000123930 0.000556050 0.000479470 0.000104020 0.000385250 0.000082150 0.000021090 0.000160650 0.000097060 0.000262440 0.000012640 0.000070710 0.000172810 0.000027080 0.000440370 0.000066510 0.000307930 0.000312510 0.000000000 0.000036560 0.000034830 0.000060180 0.000060180 0.000098330 0.000098540 0.000153110 0.000099060 0.000223670 
36     0.000094260 0.000094190 0.000107060 0.000214110 0.000107060 0.000214390 0.000031620 0.000092140 0.000107740 0.000108480 0.000095030 0.000010480 0.000084910 0.000084910 0.000156260 0.000381060 0.000053400 0.000128650 0.000461800 0.000120390 0.000021570 0.000248430 0.000055190 0.000137260 0.000175960 0.000447750 0.000022940 0.000150290 0.000445810 0.000148560 0.000066540 0.000084920 0.000242340 0.000006550 0.000113160 0.000161810 0.000095560 0.000263160 0.000112760 0.000116070 0.000052530 0.000036560 0.000000000 0.000042570 0.000048040 0.000048040 0.000086190 0.000086400 0.000216630 0.000086920 0.000203570 
50     0.000046220 0.000046150 0.000059020 0.000166070 0.000059020 0.000166350 0.000286450 0.000169790 0.000059700 0.000060440 0.000046990 0.000036870 0.000036870 0.000036870 0.000108220 0.000455600 0.000269920 0.000278150 0.000536340 0.000362490 0.000148000 0.000322970 0.000154090 0.000420130 0.000489150 0.000519970 0.000322460 0.000509240 0.000576270 0.000100520 0.000100470 0.000036880 0.000687490 0.000100350 0.000276310 0.000312110 0.000186540 0.000459560 0.000309160 0.000312470 0.000129320 0.000034830 0.000042570 0.000000000 0.000000000 0.000000000 0.000038150 0.000038360 0.000168590 0.000038880 0.000161710 
45     0.000046220 0.000046150 0.000059020 0.000166070 0.000059020 0.000166350 0.000286450 0.000169790 0.000059700 0.000060440 0.000046990 0.000036870 0.000036870 0.000036870 0.000108220 0.000560450 0.000561440 0.000625520 0.000641190 0.000467340 0.000252850 0.000427820 0.000340300 0.000524980 0.000594000 0.000796240 0.000364100 0.000614090 0.000705560 0.000100520 0.000100470 0.000036880 0.000738830 0.000067270 0.000405600 0.000416960 0.000277800 0.000574020 0.000438450 0.000441760 0.000458190 0.000060180 0.000048040 0.000000000 0.000000000 0.000000000 0.000038150 0.000038360 0.000168590 0.000038880 0.000441710 
37     0.000046220 0.000046150 0.000059020 0.000166070 0.000059020 0.000166350 0.000286450 0.000169790 0.000059700 0.000060440 0.000046990 0.000036870 0.000036870 0.000036870 0.000108220 0.000547800 0.000548790 0.000612870 0.000628540 0.000454690 0.000240200 0.000415170 0.000327650 0.000512330 0.000581350 0.000783590 0.000411230 0.000601440 0.000629810 0.000100520 0.000100470 0.000036880 0.000738830 0.000265180 0.000329850 0.000404310 0.000564580 0.000513100 0.000362700 0.000366010 0.000432570 0.000060180 0.000048040 0.000000000 0.000000000 0.000000000 0.000038150 0.000038360 0.000168590 0.000038880 0.000293360 
31     0.000009330 0.000009260 0.000022130 0.000022620 0.000022130 0.000129460 0.000164240 0.000132900 0.000022810 0.000023550 0.000010100 0.000001300 0.000001300 0.000001300 0.000072650 0.000681610 0.000682600 0.000050450 0.000314610 0.000296180 0.000098810 0.000262580 0.000260890 0.000003020 0.000715160 0.000001200 0.000000820 0.000375030 0.000000850 0.000064950 0.000064900 0.000001310 0.000544490 0.000053770 0.000398010 0.000269180 0.000046350 0.000316560 0.000096200 0.000142280 0.000104640 0.000098330 0.000086190 0.000038150 0.000038150 0.000038150 0.000000000 0.000001470 0.000064070 0.000001990 0.000536050 
42     0.000009540 0.000009470 0.000022340 0.000129390 0.000022340 0.000129670 0.000189690 0.000133110 0.000023020 0.000023760 0.000010310 0.000001510 0.000001510 0.000001510 0.000072860 0.000264460 0.000632590 0.000145320 0.000712340 0.000538490 0.000113100 0.000233080 0.000240150 0.000128420 0.000665150 0.000667030 0.000498460 0.000685240 0.000814900 0.000065160 0.000065110 0.000001520 0.000702150 0.000055490 0.000559800 0.000488110 0.000648380 0.000594290 0.000579270 0.000543880 0.000554660 0.000098540 0.000086400 0.000038360 0.000038360 0.000038360 0.000001470 0.000000000 0.000024520 0.000000580 0.000080560 
46     0.000139770 0.000139700 0.000152570 0.000259620 0.000152570 0.000259900 0.000187760 0.000263340 0.000153250 0.000153990 0.000140540 0.000131740 0.000131740 0.000131740 0.000203090 0.000655790 0.000656780 0.000702850 0.000736530 0.000562680 0.000335790 0.000455770 0.000435420 0.000536070 0.000689340 0.000891580 0.000522650 0.000074850 0.000839090 0.000195390 0.000195340 0.000131750 0.000832380 0.000398430 0.000583990 0.000512300 0.000672570 0.000694680 0.000603460 0.000655600 0.000578850 0.000153110 0.000216630 0.000168590 0.000168590 0.000168590 0.000064070 0.000024520 0.000000000 0.000005710 0.000667750 
44     0.000010060 0.000009990 0.000022860 0.000129910 0.000022860 0.000130190 0.000228160 0.000133630 0.000023540 0.000024280 0.000010830 0.000002030 0.000002030 0.000002030 0.000073380 0.000629290 0.000630280 0.000694360 0.000710030 0.000536180 0.000198880 0.000318860 0.000325930 0.000593820 0.000662840 0.000865080 0.000496150 0.000097320 0.000812590 0.000065680 0.000065630 0.000002040 0.000702670 0.000380970 0.000557490 0.000485800 0.000646070 0.000668180 0.000576960 0.000696000 0.000552350 0.000099060 0.000086920 0.000038880 0.000038880 0.000038880 0.000001990 0.000000580 0.000005710 0.000000000 0.000538040 
0     0.000545380 0.000545310 0.000552750 0.000573940 0.000558180 0.000665510 0.000785610 0.000668950 0.000558860 0.000559600 0.000232280 0.000467420 0.000537350 0.000537350 0.000400420 0.000177430 0.001490780 0.001554860 0.000698170 0.000719300 0.000206010 0.000464030 0.000195080 0.000635370 0.000510650 0.001725580 0.000373020 0.001137360 0.001009770 0.000359210 0.000600950 0.000537360 0.000125310 0.000173460 0.000927570 0.000847350 0.000943460 0.000893060 0.000742660 0.000745970 0.000474980 0.000223670 0.000203570 0.000161710 0.000441710 0.000293360 0.000536050 0.000080560 0.000667750 0.000538040 0.000000000 
