51
9     0.000000000 0.015739676 0.033074337 0.027806748 0.028096816 0.052378957 0.026858030 0.028543771 0.028922409 0.032150344 0.026162425 0.025053040 0.087249773 0.021804501 0.039285395 0.034053263 0.033651001 0.037540012 0.037465214 0.025621236 0.019971534 0.023981437 0.023058570 0.037380239 0.042060910 0.047255872 0.025930547 0.034499444 0.042866255 0.054936733 0.055247415 0.042671113 0.040361400 0.021421854 0.029993024 0.029360238 0.030242843 0.042732632 0.034838496 0.035061037 0.031047026 0.022063873 0.021150858 0.025525981 0.029191819 0.029183164 0.024486672 0.026973881 0.027664975 0.027707163 0.057914686 
4     0.015739676 0.000000000 0.038517885 0.033169013 0.033440673 0.057856878 0.032251837 0.033966290 0.034243841 0.037548625 0.031595496 0.030655693 0.092716328 0.027467710 0.045104343 0.039759217 0.039359703 0.043069331 0.042973292 0.031325714 0.025542606 0.029482191 0.028559921 0.042862683 0.047430425 0.052798872 0.031557188 0.040003440 0.048354446 0.060542378 0.060916338 0.048066541 0.045993425 0.026913348 0.035362824 0.034739864 0.035639172 0.048150026 0.040266534 0.040491460 0.036536429 0.027471138 0.026568391 0.030959396 0.034686899 0.034692750 0.029911119 0.032450224 0.033140462 0.033181768 0.063442009 
8     0.033074337 0.038517885 0.000000000 0.017087984 0.017524157 0.042300401 0.019216505 0.020983370 0.021614997 0.024410380 0.018705380 0.026848926 0.089096651 0.023500962 0.041743560 0.036451313 0.036071710 0.039951982 0.039797289 0.028173532 0.022097341 0.026418255 0.025447915 0.039850939 0.044605346 0.049579411 0.028622744 0.036932734 0.045324208 0.057662526 0.057870093 0.044976278 0.042868223 0.023806951 0.032136078 0.031514262 0.032567425 0.044794345 0.036817100 0.037041589 0.033154942 0.024294191 0.023212446 0.027724839 0.031445082 0.031179669 0.026616987 0.028950745 0.029578682 0.029613793 0.060596567 
17     0.027806748 0.033169013 0.017087984 0.000000000 0.009634406 0.034686212 0.013818436 0.015456824 0.016326282 0.019034422 0.013378214 0.021504204 0.083084815 0.018103422 0.036440364 0.031102851 0.030809101 0.034371415 0.034148925 0.022662002 0.016673392 0.020922380 0.019926635 0.034321621 0.039090487 0.044155884 0.023150299 0.031365833 0.039802985 0.052210397 0.052417650 0.039355499 0.037613042 0.018564341 0.026808741 0.026194621 0.027262799 0.039580325 0.031617075 0.031841563 0.027815234 0.018938970 0.017836564 0.022048628 0.025820026 0.025635820 0.021075356 0.023572969 0.024238774 0.024276759 0.054946935 
15     0.028096816 0.033440673 0.017524157 0.009634406 0.000000000 0.031567356 0.014085801 0.015760424 0.016711747 0.019558619 0.013786240 0.021837289 0.083823785 0.018452875 0.036656063 0.031336139 0.030955842 0.034704350 0.034591637 0.022950109 0.017090235 0.021256074 0.020256838 0.034856969 0.039623746 0.044459764 0.023445477 0.031742366 0.040022511 0.052288791 0.052585552 0.039961328 0.037964808 0.018996836 0.027218710 0.026533317 0.027607557 0.039856175 0.031851149 0.032075637 0.028081606 0.019333098 0.018171279 0.022476777 0.026319891 0.026103142 0.021504171 0.023943017 0.024619045 0.024657111 0.055764014 
6     0.052378957 0.057856878 0.042300401 0.034686212 0.031567356 0.000000000 0.038816772 0.040422483 0.041368643 0.044343281 0.038327092 0.046240673 0.108185814 0.042677337 0.061069334 0.055742673 0.055352128 0.059140938 0.059091872 0.047345984 0.041406012 0.045577380 0.044699403 0.059197409 0.063906591 0.068448474 0.047619603 0.055934664 0.064225335 0.076353509 0.076613200 0.064045364 0.062156484 0.043324763 0.051618218 0.050853809 0.051828242 0.064358146 0.056322203 0.056559091 0.052551710 0.043675235 0.042580840 0.046842626 0.050783409 0.050404281 0.045746774 0.048251206 0.048940982 0.048980176 0.080219439 
12     0.026858030 0.032251837 0.019216505 0.013818436 0.014085801 0.038816772 0.000000000 0.006822370 0.012509042 0.015164884 0.009505856 0.020755098 0.082854511 0.017305402 0.035559989 0.030227264 0.029859914 0.033651136 0.033465192 0.021776252 0.015854300 0.020204639 0.019170946 0.033333717 0.038226920 0.043199952 0.022300362 0.030561447 0.038912122 0.051587802 0.051700482 0.038711884 0.036778861 0.017794852 0.026067465 0.025297544 0.026308490 0.038612075 0.030636787 0.030857369 0.026982964 0.018145975 0.016976814 0.021321864 0.025131204 0.024895548 0.020549285 0.022788618 0.023465575 0.023504471 0.054377963 
7     0.028543771 0.033966290 0.020983370 0.015456824 0.015760424 0.040422483 0.006822370 0.000000000 0.014137735 0.016865030 0.011174954 0.022471578 0.084546802 0.019036540 0.037185001 0.031994794 0.031621610 0.035344761 0.035143202 0.023603414 0.017561019 0.021890151 0.020878050 0.035199917 0.040070443 0.044953292 0.023916734 0.032278681 0.040609699 0.053248844 0.053388107 0.040279512 0.038482769 0.019534564 0.027775268 0.027116258 0.028087707 0.040315232 0.032429970 0.032641804 0.028690516 0.019896547 0.018657961 0.023047996 0.026814822 0.026632537 0.022215391 0.024471033 0.025151144 0.025190312 0.055679974 
10     0.028922409 0.034243841 0.021614997 0.016326282 0.016711747 0.041368643 0.012509042 0.014137735 0.000000000 0.015682848 0.011423817 0.022653153 0.085052560 0.019406274 0.037626000 0.032314990 0.031930832 0.035871335 0.035744287 0.023966266 0.017869214 0.022154210 0.021182762 0.035598347 0.040505982 0.045116368 0.024219908 0.032495117 0.040871154 0.053528195 0.053643028 0.040546765 0.038745231 0.019828278 0.028092991 0.027500032 0.028458097 0.040659892 0.032754497 0.033002366 0.028970968 0.020097817 0.018968076 0.023384582 0.027155112 0.026899279 0.022526672 0.024871762 0.025534362 0.025575922 0.056317390 
1     0.032150344 0.037548625 0.024410380 0.019034422 0.019558619 0.044343281 0.015164884 0.016865030 0.015682848 0.000000000 0.014024071 0.025957320 0.088056148 0.022518107 0.040654216 0.035386146 0.035009206 0.038961931 0.038855634 0.027119301 0.020955242 0.025414206 0.024373370 0.038977958 0.043850622 0.048556435 0.027643555 0.035811663 0.044197846 0.056862758 0.056995761 0.044028585 0.041944924 0.023076530 0.031149200 0.030686281 0.031729321 0.043863491 0.035901696 0.036149127 0.032195710 0.023312114 0.022258988 0.026673344 0.030405256 0.030221821 0.025707366 0.028001100 0.028661954 0.028703513 0.059561343 
11     0.026162425 0.031595496 0.018705380 0.013378214 0.013786240 0.038327092 0.009505856 0.011174954 0.011423817 0.014024071 0.000000000 0.020023544 0.081739860 0.016574541 0.034851515 0.029483563 0.029122576 0.032993914 0.032828165 0.021102075 0.015057012 0.019494365 0.018496510 0.032995412 0.037912790 0.042441905 0.021676652 0.029863366 0.038268271 0.050966575 0.051206711 0.038069822 0.036185238 0.017060840 0.025305458 0.024698060 0.025705164 0.037973183 0.030065956 0.030288886 0.026273919 0.017430076 0.016307381 0.020714979 0.024453007 0.024212891 0.019856353 0.022077718 0.022739777 0.022780064 0.053730203 
3     0.025053040 0.030655693 0.026848926 0.021504204 0.021837289 0.046240673 0.020755098 0.022471578 0.022653153 0.025957320 0.020023544 0.000000000 0.076286816 0.011876395 0.033661599 0.028281909 0.027881603 0.031987030 0.031992998 0.020088207 0.013963037 0.018295918 0.017317918 0.031699778 0.036508109 0.041324518 0.020372481 0.028588432 0.036881023 0.049610222 0.049845840 0.036372622 0.034756654 0.015849050 0.023973630 0.023498647 0.024505941 0.036812662 0.028907606 0.029122858 0.025069803 0.016164763 0.015300687 0.019666387 0.023320448 0.023279799 0.018637446 0.021036248 0.021752557 0.021794674 0.052223428 
2     0.087249773 0.092716328 0.089096651 0.083084815 0.083823785 0.108185814 0.082854511 0.084546802 0.085052560 0.088056148 0.081739860 0.076286816 0.000000000 0.073629938 0.095773170 0.090512918 0.090201923 0.093452756 0.093408558 0.082096315 0.075767713 0.080462667 0.079420949 0.093686528 0.098446796 0.103245725 0.082743852 0.090860715 0.098721695 0.111714515 0.111750847 0.098806854 0.096749826 0.078120384 0.086020238 0.085343927 0.086625094 0.098794619 0.090970207 0.091216221 0.086867401 0.078243488 0.077166755 0.081785542 0.085585615 0.085275319 0.080752480 0.083101679 0.083926400 0.083969273 0.114318033 
19     0.021804501 0.027467710 0.023500962 0.018103422 0.018452875 0.042677337 0.017305402 0.019036540 0.019406274 0.022518107 0.016574541 0.011876395 0.073629938 0.000000000 0.029800866 0.024962326 0.024589574 0.028408876 0.028404635 0.016655961 0.010720387 0.014979700 0.013994160 0.028395000 0.033248024 0.037972765 0.017043069 0.025407803 0.033583090 0.046358828 0.046596080 0.033471814 0.031359551 0.012541163 0.020768728 0.020070787 0.021141135 0.033467523 0.025506975 0.025733186 0.021782694 0.012841130 0.011924864 0.016366853 0.020007560 0.019987093 0.015175948 0.017738347 0.018433585 0.018476454 0.048473275 
20     0.039285395 0.045104343 0.041743560 0.036440364 0.036656063 0.061069334 0.035559989 0.037185001 0.037626000 0.040654216 0.034851515 0.033661599 0.095773170 0.029800866 0.000000000 0.040631997 0.040146306 0.044108941 0.044187752 0.032447408 0.027047678 0.030861920 0.029878525 0.045257752 0.050100188 0.055179413 0.034047398 0.042364644 0.050713939 0.062788175 0.063093119 0.049777654 0.048374278 0.029538305 0.037639581 0.037212789 0.038120182 0.050465467 0.042471817 0.042696314 0.038680255 0.029706864 0.028713098 0.033124825 0.036671104 0.036704826 0.032277305 0.034705460 0.035344437 0.035386592 0.065607886 
21     0.034053263 0.039759217 0.036451313 0.031102851 0.031336139 0.055742673 0.030227264 0.031994794 0.032314990 0.035386146 0.029483563 0.028281909 0.090512918 0.024962326 0.040631997 0.000000000 0.005159978 0.034943689 0.034987590 0.023330441 0.021507518 0.025383983 0.024493504 0.039954154 0.044743955 0.049704105 0.028730999 0.036944325 0.045433085 0.058012496 0.058239393 0.045298714 0.043109807 0.024097959 0.032284062 0.031680907 0.032437518 0.045227233 0.037295287 0.037520878 0.033521156 0.024477441 0.023399601 0.028120459 0.031719375 0.031563665 0.026996057 0.029399061 0.030129084 0.030171239 0.059614394 
22     0.033651001 0.039359703 0.036071710 0.030809101 0.030955842 0.055352128 0.029859914 0.031621610 0.031930832 0.035009206 0.029122576 0.027881603 0.090201923 0.024589574 0.040146306 0.005159978 0.000000000 0.034565474 0.034602034 0.022971061 0.021126758 0.024865539 0.023978354 0.039375445 0.044159546 0.049390962 0.028278045 0.036555690 0.045024731 0.057646148 0.057870378 0.044906059 0.042740117 0.023727058 0.031929602 0.031381197 0.032147463 0.044844137 0.036916326 0.037141917 0.033144881 0.024096880 0.023008659 0.027717242 0.031318096 0.031254228 0.026624606 0.028949523 0.029655506 0.029697661 0.059271455 
23     0.037540012 0.043069331 0.039951982 0.034371415 0.034704350 0.059140938 0.033651136 0.035344761 0.035871335 0.038961931 0.032993914 0.031987030 0.093452756 0.028408876 0.044108941 0.034943689 0.034565474 0.000000000 0.007870096 0.021397352 0.024835531 0.028998496 0.027997768 0.043189508 0.047891468 0.053221290 0.032198490 0.040529324 0.048862265 0.061203751 0.061563155 0.048735994 0.046556372 0.027644421 0.035842725 0.035408773 0.036156401 0.048509612 0.040393009 0.040611411 0.036780443 0.027884819 0.026804219 0.031269400 0.034763184 0.034765213 0.030448394 0.032741711 0.033454037 0.033496192 0.063773376 
13     0.037465214 0.042973292 0.039797289 0.034148925 0.034591637 0.059091872 0.033465192 0.035143202 0.035744287 0.038855634 0.032828165 0.031992998 0.093408558 0.028404635 0.044187752 0.034987590 0.034602034 0.007870096 0.000000000 0.021406957 0.024815647 0.029016353 0.028010895 0.043076387 0.047777521 0.053218152 0.032264108 0.040487479 0.048819677 0.061252584 0.061646816 0.048656857 0.046471850 0.027582010 0.035712116 0.035312185 0.036072035 0.048394634 0.040289942 0.040517225 0.036701525 0.027820519 0.026718070 0.031221367 0.034726906 0.034718231 0.030404098 0.032649325 0.033358600 0.033399328 0.063789185 
14     0.025621236 0.031325714 0.028173532 0.022662002 0.022950109 0.047345984 0.021776252 0.023603414 0.023966266 0.027119301 0.021102075 0.020088207 0.082096315 0.016655961 0.032447408 0.023330441 0.022971061 0.021397352 0.021406957 0.000000000 0.013089654 0.017172392 0.016159236 0.031338474 0.036107993 0.041382915 0.020532117 0.028619287 0.036975428 0.049426292 0.049752763 0.036644103 0.034778392 0.015783897 0.023769656 0.023539211 0.024481967 0.036764027 0.028644722 0.028863708 0.024828823 0.015987867 0.014999049 0.019540219 0.023093110 0.022979340 0.018614329 0.020876082 0.021626568 0.021673878 0.051726491 
5     0.019971534 0.025542606 0.022097341 0.016673392 0.017090235 0.041406012 0.015854300 0.017561019 0.017869214 0.020955242 0.015057012 0.013963037 0.075767713 0.010720387 0.027047678 0.021507518 0.021126758 0.024835531 0.024815647 0.013089654 0.000000000 0.008653861 0.007574379 0.025737732 0.030569944 0.035625370 0.014438556 0.022939181 0.031159202 0.043784439 0.044012271 0.030827398 0.028753856 0.009924603 0.018223968 0.017577401 0.018575120 0.030982584 0.022958665 0.023183104 0.019181566 0.010254146 0.009229442 0.013810126 0.017380564 0.017387154 0.012799791 0.015110480 0.015807296 0.015850398 0.046329139 
18     0.023981437 0.029482191 0.026418255 0.020922380 0.021256074 0.045577380 0.020204639 0.021890151 0.022154210 0.025414206 0.019494365 0.018295918 0.080462667 0.014979700 0.030861920 0.025383983 0.024865539 0.028998496 0.029016353 0.017172392 0.008653861 0.000000000 0.006030825 0.029934903 0.034747009 0.039512685 0.018188235 0.026706061 0.034980415 0.047580189 0.047987260 0.034837860 0.032793330 0.013910379 0.022049750 0.021514320 0.022546555 0.034909329 0.026880482 0.027106644 0.023058543 0.014098034 0.013269845 0.017776390 0.021396094 0.021346856 0.016645627 0.019026022 0.019716925 0.019759080 0.050384294 
16     0.023058570 0.028559921 0.025447915 0.019926635 0.020256838 0.044699403 0.019170946 0.020878050 0.021182762 0.024373370 0.018496510 0.017317918 0.079420949 0.013994160 0.029878525 0.024493504 0.023978354 0.027997768 0.028010895 0.016159236 0.007574379 0.006030825 0.000000000 0.028829185 0.033704599 0.038618458 0.017350251 0.025708180 0.033991868 0.046533837 0.046947432 0.033731680 0.031922487 0.012987304 0.021159871 0.020576744 0.021558990 0.033987681 0.025953259 0.026179422 0.022087960 0.013157135 0.012270549 0.016737738 0.020265683 0.020325729 0.015724172 0.018076874 0.018760053 0.018802208 0.049412822 
33     0.037380239 0.042862683 0.039850939 0.034321621 0.034856969 0.059197409 0.033333717 0.035199917 0.035598347 0.038977958 0.032995412 0.031699778 0.093686528 0.028395000 0.045257752 0.039954154 0.039375445 0.043189508 0.043076387 0.031338474 0.025737732 0.029934903 0.028829185 0.000000000 0.015667495 0.049045028 0.028232167 0.035991709 0.044282850 0.057358122 0.057611868 0.044547051 0.042175775 0.026241493 0.034489420 0.033987404 0.034942699 0.047297870 0.039285951 0.039510633 0.035595529 0.026498166 0.025370638 0.029802078 0.033266977 0.033434611 0.029001516 0.031706345 0.032380776 0.032423645 0.062630363 
49     0.042060910 0.047430425 0.044605346 0.039090487 0.039623746 0.063906591 0.038226920 0.040070443 0.040505982 0.043850622 0.037912790 0.036508109 0.098446796 0.033248024 0.050100188 0.044743955 0.044159546 0.047891468 0.047777521 0.036107993 0.030569944 0.034747009 0.033704599 0.015667495 0.000000000 0.053985028 0.033289556 0.040855784 0.049190671 0.061999311 0.062304307 0.049468204 0.047036033 0.030968110 0.039366634 0.038727355 0.039713793 0.052141558 0.044134982 0.044393405 0.040449593 0.031264718 0.030192405 0.034687822 0.038126989 0.038308052 0.033775407 0.036563905 0.037140707 0.037183576 0.067379531 
27     0.047255872 0.052798872 0.049579411 0.044155884 0.044459764 0.068448474 0.043199952 0.044953292 0.045116368 0.048556435 0.042441905 0.041324518 0.103245725 0.037972765 0.055179413 0.049704105 0.049390962 0.053221290 0.053218152 0.041382915 0.035625370 0.039512685 0.038618458 0.049045028 0.053985028 0.000000000 0.029355797 0.037528654 0.045734317 0.064410886 0.064303452 0.051916613 0.052158702 0.035956125 0.044502515 0.043748974 0.044747552 0.056701254 0.048738905 0.048983850 0.044930058 0.036140544 0.035499071 0.039989453 0.043576313 0.043552124 0.039037705 0.041292634 0.042036612 0.042080287 0.072831516 
40     0.025930547 0.031557188 0.028622744 0.023150299 0.023445477 0.047619603 0.022300362 0.023916734 0.024219908 0.027643555 0.021676652 0.020372481 0.082743852 0.017043069 0.034047398 0.028730999 0.028278045 0.032198490 0.032264108 0.020532117 0.014438556 0.018188235 0.017350251 0.028232167 0.033289556 0.029355797 0.000000000 0.016929775 0.025276076 0.043391877 0.043516108 0.031235824 0.031369926 0.015181979 0.023586788 0.022986731 0.023956585 0.036135484 0.028193495 0.028417759 0.024292740 0.015417866 0.014532462 0.019046991 0.022682886 0.022685802 0.018262834 0.020503896 0.021167894 0.021210763 0.051880068 
35     0.034499444 0.040003440 0.036932734 0.031365833 0.031742366 0.055934664 0.030561447 0.032278681 0.032495117 0.035811663 0.029863366 0.028588432 0.090860715 0.025407803 0.042364644 0.036944325 0.036555690 0.040529324 0.040487479 0.028619287 0.022939181 0.026706061 0.025708180 0.035991709 0.040855784 0.037528654 0.016929775 0.000000000 0.026368375 0.051225263 0.051362153 0.039373824 0.039639524 0.023322302 0.031537020 0.031066223 0.032083593 0.044157528 0.036167098 0.036389992 0.032264799 0.023392641 0.022609171 0.027038644 0.030538515 0.030729733 0.026355347 0.028565346 0.029196683 0.029239552 0.060143274 
47     0.042866255 0.048354446 0.045324208 0.039802985 0.040022511 0.064225335 0.038912122 0.040609699 0.040871154 0.044197846 0.038268271 0.036881023 0.098721695 0.033583090 0.050713939 0.045433085 0.045024731 0.048862265 0.048819677 0.036975428 0.031159202 0.034980415 0.033991868 0.044282850 0.049190671 0.045734317 0.025276076 0.026368375 0.000000000 0.059452426 0.059530899 0.047534507 0.047994224 0.031519240 0.039855648 0.039281517 0.040279443 0.052575831 0.044591781 0.044818363 0.040750761 0.031872279 0.030967568 0.035327985 0.038844875 0.039032518 0.034445748 0.036920013 0.037534484 0.037577353 0.068566698 
30     0.054936733 0.060542378 0.057662526 0.052210397 0.052288791 0.076353509 0.051587802 0.053248844 0.053528195 0.056862758 0.050966575 0.049610222 0.111714515 0.046358828 0.062788175 0.058012496 0.057646148 0.061203751 0.061252584 0.049426292 0.043784439 0.047580189 0.046533837 0.057358122 0.061999311 0.064410886 0.043391877 0.051225263 0.059452426 0.000000000 0.015578622 0.051776074 0.060337823 0.043879448 0.052329796 0.051691574 0.052741608 0.064863345 0.056702705 0.057044169 0.053218218 0.043911055 0.043169235 0.047701901 0.051201700 0.051260351 0.046833554 0.049655116 0.050211640 0.050253795 0.081372188 
41     0.055247415 0.060916338 0.057870093 0.052417650 0.052585552 0.076613200 0.051700482 0.053388107 0.053643028 0.056995761 0.051206711 0.049845840 0.111750847 0.046596080 0.063093119 0.058239393 0.057870378 0.061563155 0.061646816 0.049752763 0.044012271 0.047987260 0.046947432 0.057611868 0.062304307 0.064303452 0.043516108 0.051362153 0.059530899 0.015578622 0.000000000 0.051503033 0.060498542 0.044133993 0.052422834 0.051871267 0.052924776 0.065289887 0.057035155 0.057377684 0.053577798 0.044248656 0.043476554 0.047795737 0.051410639 0.051651251 0.047047733 0.049897035 0.050449027 0.050491896 0.081592446 
39     0.042671113 0.048066541 0.044976278 0.039355499 0.039961328 0.064045364 0.038711884 0.040279512 0.040546765 0.044028585 0.038069822 0.036372622 0.098806854 0.033471814 0.049777654 0.045298714 0.044906059 0.048735994 0.048656857 0.036644103 0.030827398 0.034837860 0.033731680 0.044547051 0.049468204 0.051916613 0.031235824 0.039373824 0.047534507 0.051776074 0.051503033 0.000000000 0.047567892 0.031528174 0.039445690 0.038931883 0.039731999 0.052264451 0.044212789 0.044617790 0.040402258 0.031458477 0.030870842 0.035288960 0.038868799 0.038844313 0.034356681 0.036839830 0.037446122 0.037488991 0.068479226 
29     0.040361400 0.045993425 0.042868223 0.037613042 0.037964808 0.062156484 0.036778861 0.038482769 0.038745231 0.041944924 0.036185238 0.034756654 0.096749826 0.031359551 0.048374278 0.043109807 0.042740117 0.046556372 0.046471850 0.034778392 0.028753856 0.032793330 0.031922487 0.042175775 0.047036033 0.052158702 0.031369926 0.039639524 0.047994224 0.060337823 0.060498542 0.047567892 0.000000000 0.029560017 0.037702873 0.037106694 0.038199531 0.050394396 0.042413650 0.042637750 0.038385096 0.029421748 0.028756935 0.033065517 0.036567164 0.036531996 0.032227793 0.034750004 0.035363755 0.035404262 0.066523135 
34     0.021421854 0.026913348 0.023806951 0.018564341 0.018996836 0.043324763 0.017794852 0.019534564 0.019828278 0.023076530 0.017060840 0.015849050 0.078120384 0.012541163 0.029538305 0.024097959 0.023727058 0.027644421 0.027582010 0.015783897 0.009924603 0.013910379 0.012987304 0.026241493 0.030968110 0.035956125 0.015181979 0.023322302 0.031519240 0.043879448 0.044133993 0.031528174 0.029560017 0.000000000 0.015567667 0.016791622 0.017758777 0.031206622 0.023242728 0.023469688 0.019413763 0.010424534 0.009595647 0.014045533 0.017649645 0.017631921 0.013469159 0.015884052 0.016399933 0.016442802 0.047084573 
43     0.029993024 0.035362824 0.032136078 0.026808741 0.027218710 0.051618218 0.026067465 0.027775268 0.028092991 0.031149200 0.025305458 0.023973630 0.086020238 0.020768728 0.037639581 0.032284062 0.031929602 0.035842725 0.035712116 0.023769656 0.018223968 0.022049750 0.021159871 0.034489420 0.039366634 0.044502515 0.023586788 0.031537020 0.039855648 0.052329796 0.052422834 0.039445690 0.037702873 0.015567667 0.000000000 0.024857613 0.025856277 0.039565548 0.031504044 0.031728374 0.027678409 0.018647710 0.017907809 0.022300347 0.025910266 0.025970454 0.021577673 0.024070254 0.024648981 0.024691850 0.055667079 
48     0.029360238 0.034739864 0.031514262 0.026194621 0.026533317 0.050853809 0.025297544 0.027116258 0.027500032 0.030686281 0.024698060 0.023498647 0.085343927 0.020070787 0.037212789 0.031680907 0.031381197 0.035408773 0.035312185 0.023539211 0.017577401 0.021514320 0.020576744 0.033987404 0.038727355 0.043748974 0.022986731 0.031066223 0.039281517 0.051691574 0.051871267 0.038931883 0.037106694 0.016791622 0.024857613 0.000000000 0.008256650 0.038875001 0.030855550 0.031080868 0.027258572 0.018326144 0.017379502 0.021794406 0.025377482 0.025385965 0.020994622 0.023548200 0.024011124 0.024058253 0.055182369 
28     0.030242843 0.035639172 0.032567425 0.027262799 0.027607557 0.051828242 0.026308490 0.028087707 0.028458097 0.031729321 0.025705164 0.024505941 0.086625094 0.021141135 0.038120182 0.032437518 0.032147463 0.036156401 0.036072035 0.024481967 0.018575120 0.022546555 0.021558990 0.034942699 0.039713793 0.044747552 0.023956585 0.032083593 0.040279443 0.052741608 0.052924776 0.039731999 0.038199531 0.017758777 0.025856277 0.008256650 0.000000000 0.040049135 0.031985518 0.032213215 0.028210941 0.019262264 0.018392820 0.022723135 0.026291258 0.026289247 0.021988637 0.024491388 0.024967757 0.025010626 0.056093258 
25     0.042732632 0.048150026 0.044794345 0.039580325 0.039856175 0.064358146 0.038612075 0.040315232 0.040659892 0.043863491 0.037973183 0.036812662 0.098794619 0.033467523 0.050465467 0.045227233 0.044844137 0.048509612 0.048394634 0.036764027 0.030982584 0.034909329 0.033987681 0.047297870 0.052141558 0.056701254 0.036135484 0.044157528 0.052575831 0.064863345 0.065289887 0.052264451 0.050394396 0.031206622 0.039565548 0.038875001 0.040049135 0.000000000 0.015402549 0.015816480 0.021638533 0.029651623 0.029716745 0.034102992 0.037760429 0.037646395 0.034245886 0.036880088 0.037560371 0.037603240 0.068496415 
26     0.034838496 0.040266534 0.036817100 0.031617075 0.031851149 0.056322203 0.030636787 0.032429970 0.032754497 0.035901696 0.030065956 0.028907606 0.090970207 0.025506975 0.042471817 0.037295287 0.036916326 0.040393009 0.040289942 0.028644722 0.022958665 0.026880482 0.025953259 0.039285951 0.044134982 0.048738905 0.028193495 0.036167098 0.044591781 0.056702705 0.057035155 0.044212789 0.042413650 0.023242728 0.031504044 0.030855550 0.031985518 0.015402549 0.000000000 0.002117615 0.013688017 0.021547536 0.021667958 0.026064064 0.029711085 0.029612546 0.026367910 0.028722906 0.029414295 0.029457164 0.060104912 
38     0.035061037 0.040491460 0.037041589 0.031841563 0.032075637 0.056559091 0.030857369 0.032641804 0.033002366 0.036149127 0.030288886 0.029122858 0.091216221 0.025733186 0.042696314 0.037520878 0.037141917 0.040611411 0.040517225 0.028863708 0.023183104 0.027106644 0.026179422 0.039510633 0.044393405 0.048983850 0.028417759 0.036389992 0.044818363 0.057044169 0.057377684 0.044617790 0.042637750 0.023469688 0.031728374 0.031080868 0.032213215 0.015816480 0.002117615 0.000000000 0.013961676 0.021775012 0.021873481 0.026275198 0.029922218 0.029820900 0.026592396 0.028924875 0.029627378 0.029670246 0.060329381 
24     0.031047026 0.036536429 0.033154942 0.027815234 0.028081606 0.052551710 0.026982964 0.028690516 0.028970968 0.032195710 0.026273919 0.025069803 0.086867401 0.021782694 0.038680255 0.033521156 0.033144881 0.036780443 0.036701525 0.024828823 0.019181566 0.023058543 0.022087960 0.035595529 0.040449593 0.044930058 0.024292740 0.032264799 0.040750761 0.053218218 0.053577798 0.040402258 0.038385096 0.019413763 0.027678409 0.027258572 0.028210941 0.021638533 0.013688017 0.013961676 0.000000000 0.017785498 0.017777000 0.022108588 0.025768937 0.025676391 0.022605584 0.024841708 0.025534719 0.025577588 0.056505868 
32     0.022063873 0.027471138 0.024294191 0.018938970 0.019333098 0.043675235 0.018145975 0.019896547 0.020097817 0.023312114 0.017430076 0.016164763 0.078243488 0.012841130 0.029706864 0.024477441 0.024096880 0.027884819 0.027820519 0.015987867 0.010254146 0.014098034 0.013157135 0.026498166 0.031264718 0.036140544 0.015417866 0.023392641 0.031872279 0.043911055 0.044248656 0.031458477 0.029421748 0.010424534 0.018647710 0.018326144 0.019262264 0.029651623 0.021547536 0.021775012 0.017785498 0.000000000 0.008935540 0.013261203 0.016904464 0.016863501 0.013567063 0.016065829 0.016663503 0.016706372 0.046785590 
36     0.021150858 0.026568391 0.023212446 0.017836564 0.018171279 0.042580840 0.016976814 0.018657961 0.018968076 0.022258988 0.016307381 0.015300687 0.077166755 0.011924864 0.028713098 0.023399601 0.023008659 0.026804219 0.026718070 0.014999049 0.009229442 0.013269845 0.012270549 0.025370638 0.030192405 0.035499071 0.014532462 0.022609171 0.030967568 0.043169235 0.043476554 0.030870842 0.028756935 0.009595647 0.017907809 0.017379502 0.018392820 0.029716745 0.021667958 0.021873481 0.017777000 0.008935540 0.000000000 0.011864487 0.015503385 0.015505216 0.012865645 0.015065616 0.015702725 0.015745593 0.046427673 
50     0.025525981 0.030959396 0.027724839 0.022048628 0.022476777 0.046842626 0.021321864 0.023047996 0.023384582 0.026673344 0.020714979 0.019666387 0.081785542 0.016366853 0.033124825 0.028120459 0.027717242 0.031269400 0.031221367 0.019540219 0.013810126 0.017776390 0.016737738 0.029802078 0.034687822 0.039989453 0.019046991 0.027038644 0.035327985 0.047701901 0.047795737 0.035288960 0.033065517 0.014045533 0.022300347 0.021794406 0.022723135 0.034102992 0.026064064 0.026275198 0.022108588 0.013261203 0.011864487 0.000000000 0.008334096 0.009752160 0.017266255 0.019569209 0.020177237 0.020218023 0.050792857 
45     0.029191819 0.034686899 0.031445082 0.025820026 0.026319891 0.050783409 0.025131204 0.026814822 0.027155112 0.030405256 0.024453007 0.023320448 0.085585615 0.020007560 0.036671104 0.031719375 0.031318096 0.034763184 0.034726906 0.023093110 0.017380564 0.021396094 0.020265683 0.033266977 0.038126989 0.043576313 0.022682886 0.030538515 0.038844875 0.051201700 0.051410639 0.038868799 0.036567164 0.017649645 0.025910266 0.025377482 0.026291258 0.037760429 0.029711085 0.029922218 0.025768937 0.016904464 0.015503385 0.008334096 0.000000000 0.013085357 0.020792648 0.023113177 0.023752449 0.023795464 0.054338454 
37     0.029183164 0.034692750 0.031179669 0.025635820 0.026103142 0.050404281 0.024895548 0.026632537 0.026899279 0.030221821 0.024212891 0.023279799 0.085275319 0.019987093 0.036704826 0.031563665 0.031254228 0.034765213 0.034718231 0.022979340 0.017387154 0.021346856 0.020325729 0.033434611 0.038308052 0.043552124 0.022685802 0.030729733 0.039032518 0.051260351 0.051651251 0.038844313 0.036531996 0.017631921 0.025970454 0.025385965 0.026289247 0.037646395 0.029612546 0.029820900 0.025676391 0.016863501 0.015505216 0.009752160 0.013085357 0.000000000 0.020802135 0.023139769 0.023785429 0.023828298 0.054440060 
31     0.024486672 0.029911119 0.026616987 0.021075356 0.021504171 0.045746774 0.020549285 0.022215391 0.022526672 0.025707366 0.019856353 0.018637446 0.080752480 0.015175948 0.032277305 0.026996057 0.026624606 0.030448394 0.030404098 0.018614329 0.012799791 0.016645627 0.015724172 0.029001516 0.033775407 0.039037705 0.018262834 0.026355347 0.034445748 0.046833554 0.047047733 0.034356681 0.032227793 0.013469159 0.021577673 0.020994622 0.021988637 0.034245886 0.026367910 0.026592396 0.022605584 0.013567063 0.012865645 0.017266255 0.020792648 0.020802135 0.000000000 0.017614028 0.018252277 0.018293611 0.050112944 
42     0.026973881 0.032450224 0.028950745 0.023572969 0.023943017 0.048251206 0.022788618 0.024471033 0.024871762 0.028001100 0.022077718 0.021036248 0.083101679 0.017738347 0.034705460 0.029399061 0.028949523 0.032741711 0.032649325 0.020876082 0.015110480 0.019026022 0.018076874 0.031706345 0.036563905 0.041292634 0.020503896 0.028565346 0.036920013 0.049655116 0.049897035 0.036839830 0.034750004 0.015884052 0.024070254 0.023548200 0.024491388 0.036880088 0.028722906 0.028924875 0.024841708 0.016065829 0.015065616 0.019569209 0.023113177 0.023139769 0.017614028 0.000000000 0.007156526 0.007204643 0.052526884 
46     0.027664975 0.033140462 0.029578682 0.024238774 0.024619045 0.048940982 0.023465575 0.025151144 0.025534362 0.028661954 0.022739777 0.021752557 0.083926400 0.018433585 0.035344437 0.030129084 0.029655506 0.033454037 0.033358600 0.021626568 0.015807296 0.019716925 0.018760053 0.032380776 0.037140707 0.042036612 0.021167894 0.029196683 0.037534484 0.050211640 0.050449027 0.037446122 0.035363755 0.016399933 0.024648981 0.024011124 0.024967757 0.037560371 0.029414295 0.029627378 0.025534719 0.016663503 0.015702725 0.020177237 0.023752449 0.023785429 0.018252277 0.007156526 0.000000000 0.003656261 0.053216723 
44     0.027707163 0.033181768 0.029613793 0.024276759 0.024657111 0.048980176 0.023504471 0.025190312 0.025575922 0.028703513 0.022780064 0.021794674 0.083969273 0.018476454 0.035386592 0.030171239 0.029697661 0.033496192 0.033399328 0.021673878 0.015850398 0.019759080 0.018802208 0.032423645 0.037183576 0.042080287 0.021210763 0.029239552 0.037577353 0.050253795 0.050491896 0.037488991 0.035404262 0.016442802 0.024691850 0.024058253 0.025010626 0.037603240 0.029457164 0.029670246 0.025577588 0.016706372 0.015745593 0.020218023 0.023795464 0.023828298 0.018293611 0.007204643 0.003656261 0.000000000 0.053259592 
0     0.057914686 0.063442009 0.060596567 0.054946935 0.055764014 0.080219439 0.054377963 0.055679974 0.056317390 0.059561343 0.053730203 0.052223428 0.114318033 0.048473275 0.065607886 0.059614394 0.059271455 0.063773376 0.063789185 0.051726491 0.046329139 0.050384294 0.049412822 0.062630363 0.067379531 0.072831516 0.051880068 0.060143274 0.068566698 0.081372188 0.081592446 0.068479226 0.066523135 0.047084573 0.055667079 0.055182369 0.056093258 0.068496415 0.060104912 0.060329381 0.056505868 0.046785590 0.046427673 0.050792857 0.054338454 0.054440060 0.050112944 0.052526884 0.053216723 0.053259592 0.000000000 
