51
4     0.000000000 0.000029910 0.000443370 0.002218680 0.003946840 0.002507640 0.001923000 0.001397840 0.001283640 0.002488240 0.001978960 0.005095720 0.005269200 0.008623770 0.006746610 0.004392170 0.004639930 0.005334980 0.009263150 0.005443040 0.009322490 0.009973730 0.006447760 0.005613630 0.005759940 0.006757040 0.005483010 0.005624520 0.010858750 0.010896140 0.010215550 0.006509410 0.006084200 0.005844210 0.007035890 0.006134220 0.005301460 0.006400750 0.005697390 0.007483710 0.005853950 0.006141650 0.005314710 0.004878990 0.005210810 0.006575960 0.005657500 0.005898500 0.006248300 0.003308290 0.012203020 
16     0.000029910 0.000000000 0.000587610 0.001993060 0.004214710 0.002279590 0.002471690 0.002870980 0.002104590 0.002863490 0.003466370 0.004904600 0.005276210 0.008432650 0.008569060 0.004612110 0.004448810 0.005875460 0.007246100 0.005251920 0.006650900 0.009948180 0.006256640 0.005422510 0.005568820 0.004399900 0.005291890 0.005433400 0.010667630 0.005318880 0.009401660 0.005424510 0.002999190 0.005525850 0.005198130 0.005943100 0.005110340 0.006209630 0.005506270 0.007292590 0.005662830 0.005950530 0.005123590 0.004687870 0.005019690 0.006384840 0.005466380 0.005707380 0.005549980 0.004935000 0.012011900 
10     0.000443370 0.000587610 0.000000000 0.001898200 0.002864250 0.002446290 0.001408740 0.001099010 0.000703700 0.003437410 0.003787790 0.004744740 0.005116350 0.008272790 0.008409200 0.004452250 0.004288950 0.004497720 0.007072740 0.005092060 0.006477540 0.009785250 0.006096780 0.005262650 0.005408960 0.006406060 0.005132030 0.005273540 0.010507770 0.005145520 0.009228300 0.002012240 0.003650340 0.005352490 0.005849280 0.005783240 0.004950480 0.006049770 0.004711840 0.007132730 0.005502970 0.005790670 0.004963730 0.004528010 0.004859830 0.006224980 0.005306520 0.005547520 0.005897320 0.003366900 0.011852040 
9     0.002218680 0.001993060 0.001898200 0.000000000 0.000532140 0.000079590 0.000384640 0.000280070 0.000878180 0.004458110 0.002974130 0.005394330 0.005765940 0.008922380 0.007741780 0.005101840 0.004938540 0.006365190 0.007206560 0.005741650 0.009621100 0.010089750 0.006746370 0.005912240 0.006058550 0.007055650 0.005781620 0.005923130 0.011157360 0.011194750 0.010820970 0.006808020 0.007068580 0.006142820 0.007334500 0.006432830 0.005600070 0.006699360 0.005996000 0.007782320 0.006152560 0.006440260 0.005613320 0.005177600 0.005509420 0.006874570 0.005956110 0.006197110 0.006546910 0.005507410 0.012501630 
14     0.003946840 0.004214710 0.002864250 0.000532140 0.000000000 0.000000140 0.000882540 0.002793490 0.001348700 0.005521210 0.004489500 0.006284600 0.006656210 0.009812650 0.009257150 0.005992110 0.005828810 0.007255460 0.008478090 0.006631920 0.010511370 0.012962290 0.007636640 0.006802510 0.006948820 0.007945920 0.006671890 0.006813400 0.012047630 0.012085020 0.011711240 0.007698290 0.007958850 0.007033090 0.008224770 0.007323100 0.006490340 0.007589630 0.006886270 0.008672590 0.007042830 0.007330530 0.006503590 0.006067870 0.006399690 0.007764840 0.001902210 0.007087380 0.006137660 0.006397680 0.013391900 
13     0.002507640 0.002279590 0.002446290 0.000079590 0.000000140 0.000000000 0.000031850 0.000339630 0.000875260 0.004744640 0.004868120 0.005833380 0.006114980 0.009317440 0.008401490 0.005540890 0.005377590 0.006804240 0.008327360 0.006180700 0.010060150 0.009463970 0.007185420 0.006351290 0.006497600 0.007494700 0.006220670 0.006362180 0.006645780 0.006545680 0.003846680 0.007247070 0.007507630 0.006581870 0.007773550 0.006871880 0.006039120 0.007138410 0.006435050 0.008221370 0.006591610 0.006879310 0.006052370 0.005616650 0.005948470 0.007313620 0.006395160 0.006636160 0.006985960 0.005946460 0.012940680 
12     0.001923000 0.002471690 0.001408740 0.000384640 0.000882540 0.000031850 0.000000000 0.000365320 0.001017350 0.002760140 0.003763360 0.004833760 0.002811420 0.008361810 0.008498220 0.004541270 0.004377970 0.005804620 0.009001190 0.005181080 0.009060530 0.010394270 0.006185800 0.005351670 0.003607830 0.006495080 0.005221050 0.005362560 0.010596790 0.010634180 0.010260400 0.006247450 0.006508010 0.005582250 0.006773930 0.005872260 0.005039500 0.006138790 0.005435430 0.007221750 0.005591990 0.005879690 0.005052750 0.004617030 0.004948850 0.006314000 0.005395540 0.005636540 0.005986340 0.004946840 0.011941060 
5     0.001397840 0.002870980 0.001099010 0.000280070 0.002793490 0.000339630 0.000365320 0.000000000 0.001757710 0.004070880 0.003467470 0.004525880 0.004897490 0.008053930 0.008190340 0.004233390 0.004070090 0.005496740 0.007690990 0.004873200 0.008051650 0.010569850 0.005877920 0.005043790 0.005190100 0.006187200 0.004913170 0.005054680 0.010288910 0.007823410 0.009952520 0.005939570 0.006200130 0.005274370 0.006466050 0.005564380 0.004731620 0.005830910 0.005127550 0.006913870 0.005284110 0.005571810 0.004744870 0.004309150 0.004640970 0.006006120 0.005087660 0.005328660 0.005678460 0.004638960 0.011633180 
17     0.001283640 0.002104590 0.000703700 0.000878180 0.001348700 0.000875260 0.001017350 0.001757710 0.000000000 0.000694410 0.000309850 0.003492390 0.003864000 0.007020440 0.006496780 0.003199900 0.003036600 0.004463250 0.005445960 0.002751280 0.007719160 0.007686920 0.004844430 0.004010300 0.003739640 0.005153710 0.003879680 0.004021190 0.009255420 0.005578380 0.007608400 0.004906080 0.005083780 0.004240880 0.005432560 0.004530890 0.003698130 0.004797420 0.004094060 0.005880380 0.004119650 0.004538320 0.003711380 0.003275660 0.001859690 0.004972630 0.003332530 0.004295170 0.004644970 0.003605470 0.010599690 
18     0.002488240 0.002863490 0.003437410 0.004458110 0.005521210 0.004744640 0.002760140 0.004070880 0.000694410 0.000000000 0.001932840 0.004081570 0.002787980 0.006424800 0.007583110 0.002794580 0.002861890 0.002853760 0.003793420 0.006398250 0.003198220 0.010850440 0.007402970 0.006568840 0.004274430 0.006783090 0.000713790 0.001927920 0.007472250 0.001866200 0.005948980 0.001971830 0.006958920 0.002073170 0.007980240 0.007089430 0.006256670 0.007355960 0.005496220 0.008438920 0.006809160 0.007096860 0.006269920 0.005834200 0.006166020 0.007355120 0.006612710 0.006853710 0.007203510 0.006164010 0.013158230 
8     0.001978960 0.003466370 0.003787790 0.002974130 0.004489500 0.004868120 0.003763360 0.003467470 0.000309850 0.001932840 0.000000000 0.005107390 0.005479000 0.006629030 0.005203850 0.002849410 0.004456790 0.003158940 0.006633280 0.002350630 0.006710980 0.006126360 0.006459430 0.005625300 0.005771610 0.006768710 0.005494680 0.005636190 0.010870420 0.005378960 0.008131040 0.005484590 0.003518550 0.005585930 0.005717490 0.006145890 0.005313130 0.006412420 0.005709060 0.007495380 0.005865620 0.006153320 0.005326380 0.004890660 0.005222480 0.006587630 0.005669170 0.005910170 0.003215670 0.005220470 0.011640890 
19     0.005095720 0.004904600 0.004744740 0.005394330 0.006284600 0.005833380 0.004833760 0.004525880 0.003492390 0.004081570 0.005107390 0.000000000 0.000481640 0.007451570 0.002779530 0.000796480 0.002919440 0.001276980 0.002218190 0.005535260 0.005678470 0.011865630 0.006539980 0.005705850 0.005852160 0.006849260 0.005575230 0.005716740 0.009967880 0.004361830 0.008444610 0.004467460 0.006862190 0.004568800 0.007128110 0.006226440 0.005393680 0.006492970 0.005789610 0.007575930 0.005946170 0.006233870 0.005406930 0.004971210 0.005303030 0.006668180 0.005749720 0.005990720 0.006340520 0.005301020 0.012295240 
7     0.005269200 0.005276210 0.005116350 0.005765940 0.006656210 0.006114980 0.002811420 0.004897490 0.003864000 0.002787980 0.005479000 0.000481640 0.000000000 0.005600060 0.004002440 0.000006600 0.000073910 0.000065920 0.005378540 0.005906870 0.008838820 0.012237240 0.006911590 0.006077460 0.006223770 0.004172470 0.004296160 0.004733040 0.011322580 0.007522180 0.010986190 0.006973240 0.007233800 0.006308040 0.007499720 0.006598050 0.005765290 0.006864580 0.006161220 0.007043350 0.006317780 0.004652420 0.005778540 0.004474800 0.005674640 0.004752300 0.006121330 0.005182600 0.004668450 0.004646090 0.005839590 
6     0.008623770 0.008432650 0.008272790 0.008922380 0.009812650 0.009317440 0.008361810 0.008053930 0.007020440 0.006424800 0.006629030 0.007451570 0.005600060 0.000000000 0.000077810 0.000735050 0.001083860 0.007758370 0.001891940 0.009063310 0.011221200 0.014838730 0.005951380 0.009233900 0.004385550 0.010377310 0.008795170 0.009244790 0.014479020 0.009904560 0.013153550 0.010010190 0.010390240 0.009464480 0.010656160 0.009754490 0.008921730 0.010021020 0.009317660 0.011103980 0.009474220 0.009761920 0.008934980 0.008499260 0.008831080 0.010196230 0.009277770 0.009518770 0.009868570 0.008829070 0.015823290 
15     0.006746610 0.008569060 0.008409200 0.007741780 0.009257150 0.008401490 0.008498220 0.008190340 0.006496780 0.007583110 0.005203850 0.002779530 0.004002440 0.000077810 0.000000000 0.000751820 0.001100630 0.008733100 0.004663100 0.009199720 0.012469940 0.013922780 0.004357870 0.009370310 0.002792040 0.010513720 0.009239690 0.009381200 0.014615430 0.014652820 0.014279040 0.010266090 0.010526650 0.009600890 0.010792570 0.009890900 0.009058140 0.010157430 0.009454070 0.011240390 0.008761810 0.009898330 0.009071390 0.008635670 0.008967490 0.010332640 0.009414180 0.009655180 0.010004980 0.008273410 0.015959700 
2     0.004392170 0.004612110 0.004452250 0.005101840 0.005992110 0.005540890 0.004541270 0.004233390 0.003199900 0.002794580 0.002849410 0.000796480 0.000006600 0.000735050 0.000751820 0.000000000 0.000029730 0.000072520 0.002535460 0.005242770 0.009122220 0.011573140 0.006247490 0.005413360 0.005559670 0.004179070 0.004302760 0.004739640 0.010658480 0.010695870 0.010322090 0.006309140 0.006569700 0.005643940 0.006835620 0.005933950 0.005101190 0.006200480 0.005497120 0.007049950 0.005653680 0.005941380 0.005114440 0.004481400 0.005010540 0.004758900 0.005457230 0.005189200 0.004675050 0.004652690 0.012002750 
11     0.004639930 0.004448810 0.004288950 0.004938540 0.005828810 0.005377590 0.004377970 0.004070090 0.003036600 0.002861890 0.004456790 0.002919440 0.000073910 0.001083860 0.001100630 0.000029730 0.000000000 0.000139830 0.002563690 0.005079470 0.007077970 0.011409840 0.006084190 0.005250060 0.005396370 0.004246380 0.004370070 0.004806950 0.010495180 0.005761330 0.009844110 0.005866960 0.006406400 0.005480640 0.006672320 0.005770650 0.004937890 0.006037180 0.005333820 0.007117260 0.005490380 0.005778080 0.004951140 0.004515420 0.004847240 0.004826210 0.005293930 0.005256510 0.004742360 0.004720000 0.011839450 
3     0.005334980 0.005875460 0.004497720 0.006365190 0.007255460 0.006804240 0.005804620 0.005496740 0.004463250 0.002853760 0.003158940 0.001276980 0.000065920 0.007758370 0.008733100 0.000072520 0.000139830 0.000000000 0.000002550 0.006271840 0.003462830 0.011115050 0.007276560 0.006442430 0.004692650 0.004238250 0.004361940 0.004798820 0.007752240 0.002146190 0.006228970 0.002251820 0.007238910 0.002353160 0.007864690 0.006963020 0.006130260 0.007229550 0.005776210 0.007109130 0.006682750 0.006970450 0.006143510 0.004540580 0.006039610 0.004818080 0.006486300 0.005248380 0.004734230 0.004711870 0.013031820 
1     0.009263150 0.007246100 0.007072740 0.007206560 0.008478090 0.008327360 0.009001190 0.007690990 0.005445960 0.003793420 0.006633280 0.002218190 0.005378540 0.001891940 0.004663100 0.002535460 0.002563690 0.000002550 0.000000000 0.009208400 0.003465380 0.011117600 0.010473130 0.009639000 0.004695200 0.010782410 0.006114460 0.009649890 0.007754790 0.002148740 0.006231520 0.002254370 0.007241460 0.002355710 0.010695740 0.010159590 0.009326830 0.010426120 0.005778760 0.011509080 0.008041270 0.010167020 0.009340080 0.001300430 0.009236180 0.010601330 0.009682870 0.009923870 0.010273670 0.009234170 0.016216040 
46     0.005443040 0.005251920 0.005092060 0.005741650 0.006631920 0.006180700 0.005181080 0.004873200 0.002751280 0.006398250 0.002350630 0.005535260 0.005906870 0.009063310 0.009199720 0.005242770 0.005079470 0.006271840 0.009208400 0.000000000 0.006196030 0.006362220 0.003394840 0.002560710 0.001984670 0.003704120 0.002430090 0.002571600 0.009677950 0.009715340 0.009341560 0.005328610 0.005589170 0.004663410 0.005855090 0.004953420 0.004120660 0.005219950 0.004516590 0.006302910 0.004673150 0.004960850 0.004133910 0.003698190 0.004030010 0.005395160 0.004476700 0.004717700 0.005067500 0.004028000 0.011380000 
30     0.009322490 0.006650900 0.006477540 0.009621100 0.010511370 0.010060150 0.009060530 0.008051650 0.007719160 0.003198220 0.006710980 0.005678470 0.008838820 0.011221200 0.012469940 0.009122220 0.007077970 0.003462830 0.003465380 0.006196030 0.000000000 0.000031680 0.002432320 0.002701480 0.001332900 0.005837370 0.003221480 0.005459740 0.007159590 0.001553540 0.005636320 0.001659170 0.006646260 0.001760510 0.009734540 0.008832870 0.008000110 0.009099400 0.005183560 0.006769390 0.008552600 0.008840300 0.008013360 0.007577640 0.007909460 0.009274610 0.008356150 0.008597150 0.008946950 0.007892370 0.015259450 
23     0.009973730 0.009948180 0.009785250 0.010089750 0.012962290 0.009463970 0.010394270 0.010569850 0.007686920 0.010850440 0.006126360 0.011865630 0.012237240 0.014838730 0.013922780 0.011573140 0.011409840 0.011115050 0.011117600 0.006362220 0.000031680 0.000000000 0.005992510 0.008622340 0.005703450 0.006412020 0.004828240 0.005924580 0.014811810 0.009205760 0.013288540 0.006585440 0.011866340 0.009412730 0.009920620 0.009220000 0.010451030 0.011550320 0.010846960 0.012633280 0.011003520 0.011291220 0.010464280 0.001867610 0.010360380 0.010693710 0.009139120 0.004993030 0.011247880 0.009345210 0.017710370 
29     0.006447760 0.006256640 0.006096780 0.006746370 0.007636640 0.007185420 0.006185800 0.005877920 0.004844430 0.007402970 0.006459430 0.006539980 0.006911590 0.005951380 0.004357870 0.006247490 0.006084190 0.007276560 0.010473130 0.003394840 0.002432320 0.005992510 0.000000000 0.000016110 0.000796540 0.000186330 0.002658350 0.002947840 0.010682670 0.010720060 0.010346280 0.005764820 0.004539250 0.005668130 0.006332590 0.005958140 0.005125380 0.006224670 0.005521310 0.007307630 0.005677870 0.005965570 0.005138630 0.004702910 0.005034730 0.006399880 0.005481420 0.005722420 0.006072220 0.005032720 0.012384720 
37     0.005613630 0.005422510 0.005262650 0.005912240 0.006802510 0.006351290 0.005351670 0.005043790 0.004010300 0.006568840 0.005625300 0.005705850 0.006077460 0.009233900 0.009370310 0.005413360 0.005250060 0.006442430 0.009639000 0.002560710 0.002701480 0.008622340 0.000016110 0.000000000 0.000593090 0.000009490 0.002331940 0.002473450 0.009848540 0.009885930 0.009512150 0.005499200 0.004847070 0.004834000 0.006025680 0.005124010 0.004291250 0.005390540 0.004687180 0.006473500 0.004843740 0.005131440 0.004304500 0.003868780 0.004200600 0.005565750 0.004647290 0.004888290 0.005238090 0.004198590 0.011550590 
50     0.005759940 0.005568820 0.005408960 0.006058550 0.006948820 0.006497600 0.003607830 0.005190100 0.003739640 0.004274430 0.005771610 0.005852160 0.006223770 0.004385550 0.002792040 0.005559670 0.005396370 0.004692650 0.004695200 0.001984670 0.001332900 0.005703450 0.000796540 0.000593090 0.000000000 0.000343360 0.001838320 0.001434610 0.008389410 0.002783360 0.006866140 0.002888990 0.005144150 0.002990330 0.006171990 0.005270320 0.004437560 0.005536850 0.004833490 0.004658320 0.004990050 0.005277750 0.004450810 0.004015090 0.004346910 0.005712060 0.004793600 0.005034600 0.005384400 0.004344900 0.011696900 
48     0.006757040 0.004399900 0.006406060 0.007055650 0.007945920 0.007494700 0.006495080 0.006187200 0.005153710 0.006783090 0.006768710 0.006849260 0.004172470 0.010377310 0.010513720 0.004179070 0.004246380 0.004238250 0.010782410 0.003704120 0.005837370 0.006412020 0.000186330 0.000009490 0.000343360 0.000000000 0.002375060 0.003080590 0.010991950 0.011029340 0.010655560 0.006642610 0.006903170 0.005977410 0.007169090 0.006267420 0.005434660 0.006533950 0.005830590 0.007616910 0.005987150 0.006274850 0.005447910 0.005012190 0.005344010 0.006709160 0.003597970 0.006031700 0.006381500 0.005342000 0.012694000 
35     0.005483010 0.005291890 0.005132030 0.005781620 0.006671890 0.006220670 0.005221050 0.004913170 0.003879680 0.000713790 0.005494680 0.005575230 0.004296160 0.008795170 0.009239690 0.004302760 0.004370070 0.004361940 0.006114460 0.002430090 0.003221480 0.004828240 0.002658350 0.002331940 0.001838320 0.002375060 0.000000000 0.000018330 0.009717920 0.004202620 0.008285400 0.004308250 0.005629140 0.001764740 0.005895060 0.004993390 0.004160630 0.005259920 0.004556560 0.006342880 0.004713120 0.005000820 0.004173880 0.003738160 0.004069980 0.005435130 0.004516670 0.004757670 0.005107470 0.004067970 0.011419970 
45     0.005624520 0.005433400 0.005273540 0.005923130 0.006813400 0.006362180 0.005362560 0.005054680 0.004021190 0.001927920 0.005636190 0.005716740 0.004733040 0.009244790 0.009381200 0.004739640 0.004806950 0.004798820 0.009649890 0.002571600 0.005459740 0.005924580 0.002947840 0.002473450 0.001434610 0.003080590 0.000018330 0.000000000 0.009859430 0.009797680 0.009523040 0.005510090 0.005770650 0.004844890 0.006036570 0.005134900 0.004302140 0.005401430 0.004698070 0.006484390 0.004854630 0.005142330 0.004315390 0.003879670 0.004211490 0.005576640 0.004658180 0.004899180 0.005248980 0.004209480 0.011561480 
40     0.010858750 0.010667630 0.010507770 0.011157360 0.012047630 0.006645780 0.010596790 0.010288910 0.009255420 0.007472250 0.010870420 0.009967880 0.011322580 0.014479020 0.014615430 0.010658480 0.010495180 0.007752240 0.007754790 0.009677950 0.007159590 0.014811810 0.010682670 0.009848540 0.008389410 0.010991950 0.009717920 0.009859430 0.000000000 0.000117190 0.000781350 0.005713440 0.010291840 0.005814780 0.010159350 0.009796370 0.008963610 0.009942390 0.004912960 0.011242980 0.009613220 0.009900920 0.009073980 0.008638260 0.008970080 0.010335230 0.009416770 0.009657770 0.005050140 0.008968070 0.016795710 
28     0.010896140 0.005318880 0.005145520 0.011194750 0.012085020 0.006545680 0.010634180 0.007823410 0.005578380 0.001866200 0.005378960 0.004361830 0.007522180 0.009904560 0.014652820 0.010695870 0.005761330 0.002146190 0.002148740 0.009715340 0.001553540 0.009205760 0.010720060 0.009885930 0.002783360 0.011029340 0.004202620 0.009797680 0.000117190 0.000000000 0.000315070 0.000107390 0.005094480 0.000208730 0.007722520 0.008511190 0.009001000 0.010100290 0.003631780 0.009442080 0.007553390 0.009938310 0.009111370 0.008675650 0.009007470 0.010372620 0.009454160 0.009695160 0.004112740 0.009005460 0.016833100 
24     0.010215550 0.009401660 0.009228300 0.010820970 0.011711240 0.003846680 0.010260400 0.009952520 0.007608400 0.005948980 0.008131040 0.008444610 0.010986190 0.013153550 0.014279040 0.010322090 0.009844110 0.006228970 0.006231520 0.009341560 0.005636320 0.013288540 0.010346280 0.009512150 0.006866140 0.010655560 0.008285400 0.009523040 0.000781350 0.000315070 0.000000000 0.004190170 0.009177260 0.004291510 0.006292940 0.008081460 0.007618680 0.008233870 0.004460050 0.008012500 0.006105260 0.007843960 0.007868030 0.006358540 0.003809840 0.008800700 0.009080380 0.009321380 0.006640530 0.005602160 0.016459320 
39     0.006509410 0.005424510 0.002012240 0.006808020 0.007698290 0.007247070 0.006247450 0.005939570 0.004906080 0.001971830 0.005484590 0.004467460 0.006973240 0.010010190 0.010266090 0.006309140 0.005866960 0.002251820 0.002254370 0.005328610 0.001659170 0.006585440 0.005764820 0.005499200 0.002888990 0.006642610 0.004308250 0.005510090 0.005713440 0.000107390 0.004190170 0.000000000 0.003423660 0.000190900 0.001669140 0.004546790 0.004667290 0.003971470 0.002426970 0.006893640 0.005263880 0.005551580 0.004724640 0.004288920 0.004620740 0.005985890 0.005067430 0.005308430 0.005658230 0.004618730 0.012446370 
38     0.006084200 0.002999190 0.003650340 0.007068580 0.007958850 0.007507630 0.006508010 0.006200130 0.005083780 0.006958920 0.003518550 0.006862190 0.007233800 0.010390240 0.010526650 0.006569700 0.006406400 0.007238910 0.007241460 0.005589170 0.006646260 0.011866340 0.004539250 0.004847070 0.005144150 0.006903170 0.005629140 0.005770650 0.010291840 0.005094480 0.009177260 0.003423660 0.000000000 0.002044270 0.001794140 0.001646720 0.002893080 0.000642540 0.004429610 0.007154200 0.005524440 0.005812140 0.004985200 0.002580570 0.004881300 0.006205500 0.005327990 0.005568990 0.005918790 0.001893160 0.012706930 
21     0.005844210 0.005525850 0.005352490 0.006142820 0.007033090 0.006581870 0.005582250 0.005274370 0.004240880 0.002073170 0.005585930 0.004568800 0.006308040 0.009464480 0.009600890 0.005643940 0.005480640 0.002353160 0.002355710 0.004663410 0.001760510 0.009412730 0.005668130 0.004834000 0.002990330 0.005977410 0.001764740 0.004844890 0.005814780 0.000208730 0.004291510 0.000190900 0.002044270 0.000000000 0.000137710 0.002992890 0.002160130 0.001431430 0.003630840 0.006228440 0.004598680 0.004886380 0.004059440 0.003623720 0.003955540 0.005320690 0.004402230 0.004643230 0.004993030 0.003953530 0.011781170 
26     0.007035890 0.005198130 0.005849280 0.007334500 0.008224770 0.007773550 0.006773930 0.006466050 0.005432560 0.007980240 0.005717490 0.007128110 0.007499720 0.010656160 0.010792570 0.006835620 0.006672320 0.007864690 0.010695740 0.005855090 0.009734540 0.009920620 0.006332590 0.006025680 0.006171990 0.007169090 0.005895060 0.006036570 0.010159350 0.007722520 0.006292940 0.001669140 0.001794140 0.000137710 0.000000000 0.001820330 0.003199820 0.001314780 0.004208360 0.007420120 0.005790360 0.006078060 0.005251120 0.004815400 0.005147220 0.005772460 0.005593910 0.005834910 0.005688610 0.005145210 0.012972850 
25     0.006134220 0.005943100 0.005783240 0.006432830 0.007323100 0.006871880 0.005872260 0.005564380 0.004530890 0.007089430 0.006145890 0.006226440 0.006598050 0.009754490 0.009890900 0.005933950 0.005770650 0.006963020 0.010159590 0.004953420 0.008832870 0.009220000 0.005958140 0.005124010 0.005270320 0.006267420 0.004993390 0.005134900 0.009796370 0.008511190 0.008081460 0.004546790 0.001646720 0.002992890 0.001820330 0.000000000 0.000834960 0.000840910 0.002903720 0.006518450 0.004888690 0.005176390 0.004349450 0.003913730 0.004245550 0.005610700 0.004692240 0.004933240 0.005283040 0.004243540 0.012071180 
31     0.005301460 0.005110340 0.004950480 0.005600070 0.006490340 0.006039120 0.005039500 0.004731620 0.003698130 0.006256670 0.005313130 0.005393680 0.005765290 0.008921730 0.009058140 0.005101190 0.004937890 0.006130260 0.009326830 0.004120660 0.008000110 0.010451030 0.005125380 0.004291250 0.004437560 0.005434660 0.004160630 0.004302140 0.008963610 0.009001000 0.007618680 0.004667290 0.002893080 0.002160130 0.003199820 0.000834960 0.000000000 0.000387310 0.002440940 0.005685690 0.004055930 0.004343630 0.003516690 0.003080970 0.003412790 0.004777940 0.003859480 0.004100480 0.003441700 0.003410780 0.011238420 
44     0.006400750 0.006209630 0.006049770 0.006699360 0.007589630 0.007138410 0.006138790 0.005830910 0.004797420 0.007355960 0.006412420 0.006492970 0.006864580 0.010021020 0.010157430 0.006200480 0.006037180 0.007229550 0.010426120 0.005219950 0.009099400 0.011550320 0.006224670 0.005390540 0.005536850 0.006533950 0.005259920 0.005401430 0.009942390 0.010100290 0.008233870 0.003971470 0.000642540 0.001431430 0.001314780 0.000840910 0.000387310 0.000000000 0.003924770 0.006784980 0.005155220 0.005442920 0.004615980 0.004180260 0.004512080 0.005277960 0.004958770 0.005199770 0.005194110 0.004510070 0.012337710 
36     0.005697390 0.005506270 0.004711840 0.005996000 0.006886270 0.006435050 0.005435430 0.005127550 0.004094060 0.005496220 0.005709060 0.005789610 0.006161220 0.009317660 0.009454070 0.005497120 0.005333820 0.005776210 0.005778760 0.004516590 0.005183560 0.010846960 0.005521310 0.004687180 0.004833490 0.005830590 0.004556560 0.004698070 0.004912960 0.003631780 0.004460050 0.002426970 0.004429610 0.003630840 0.004208360 0.002903720 0.002440940 0.003924770 0.000000000 0.006081620 0.004451860 0.004739560 0.003912620 0.003476900 0.003808720 0.003547740 0.004255410 0.004371780 0.004846210 0.003806710 0.011634350 
49     0.007483710 0.007292590 0.007132730 0.007782320 0.008672590 0.008221370 0.007221750 0.006913870 0.005880380 0.008438920 0.007495380 0.007575930 0.007043350 0.011103980 0.011240390 0.007049950 0.007117260 0.007109130 0.011509080 0.006302910 0.006769390 0.012633280 0.007307630 0.006473500 0.004658320 0.007616910 0.006342880 0.006484390 0.011242980 0.009442080 0.008012500 0.006893640 0.007154200 0.006228440 0.007420120 0.006518450 0.005685690 0.006784980 0.006081620 0.000000000 0.000889970 0.002861640 0.004767080 0.002690310 0.003922630 0.002741050 0.005109870 0.001556310 0.002727210 0.002706950 0.013420670 
34     0.005853950 0.005662830 0.005502970 0.006152560 0.007042830 0.006591610 0.005591990 0.005284110 0.004119650 0.006809160 0.005865620 0.005946170 0.006317780 0.009474220 0.008761810 0.005653680 0.005490380 0.006682750 0.008041270 0.004673150 0.008552600 0.011003520 0.005677870 0.004843740 0.004990050 0.005987150 0.004713120 0.004854630 0.009613220 0.007553390 0.006105260 0.005263880 0.005524440 0.004598680 0.005790360 0.004888690 0.004055930 0.005155220 0.004451860 0.000889970 0.000000000 0.001089230 0.003137320 0.002238760 0.002510160 0.001756940 0.003480110 0.001910440 0.003003180 0.001239200 0.011790910 
27     0.006141650 0.005950530 0.005790670 0.006440260 0.007330530 0.006879310 0.005879690 0.005571810 0.004538320 0.007096860 0.006153320 0.006233870 0.004652420 0.009761920 0.009898330 0.005941380 0.005778080 0.006970450 0.010167020 0.004960850 0.008840300 0.011291220 0.005965570 0.005131440 0.005277750 0.006274850 0.005000820 0.005142330 0.009900920 0.009938310 0.007843960 0.005551580 0.005812140 0.004886380 0.006078060 0.005176390 0.004343630 0.005442920 0.004739560 0.002861640 0.001089230 0.000000000 0.000867410 0.000129980 0.000190440 0.000884170 0.001620980 0.002523830 0.000342270 0.000049870 0.010389900 
22     0.005314710 0.005123590 0.004963730 0.005613320 0.006503590 0.006052370 0.005052750 0.004744870 0.003711380 0.006269920 0.005326380 0.005406930 0.005778540 0.008934980 0.009071390 0.005114440 0.004951140 0.006143510 0.009340080 0.004133910 0.008013360 0.010464280 0.005138630 0.004304500 0.004450810 0.005447910 0.004173880 0.004315390 0.009073980 0.009111370 0.007868030 0.004724640 0.004985200 0.004059440 0.005251120 0.004349450 0.003516690 0.004615980 0.003912620 0.004767080 0.003137320 0.000867410 0.000000000 0.000025790 0.000181950 0.002855500 0.001860210 0.002101210 0.000444910 0.001922090 0.011251670 
20     0.004878990 0.004687870 0.004528010 0.005177600 0.006067870 0.005616650 0.004617030 0.004309150 0.003275660 0.005834200 0.004890660 0.004971210 0.004474800 0.008499260 0.008635670 0.004481400 0.004515420 0.004540580 0.001300430 0.003698190 0.007577640 0.001867610 0.004702910 0.003868780 0.004015090 0.005012190 0.003738160 0.003879670 0.008638260 0.008675650 0.006358540 0.004288920 0.002580570 0.003623720 0.004815400 0.003913730 0.003080970 0.004180260 0.003476900 0.002690310 0.002238760 0.000129980 0.000025790 0.000000000 0.000362680 0.000424620 0.001424490 0.000829560 0.000340770 0.000293010 0.010815950 
47     0.005210810 0.005019690 0.004859830 0.005509420 0.006399690 0.005948470 0.004948850 0.004640970 0.001859690 0.006166020 0.005222480 0.005303030 0.005674640 0.008831080 0.008967490 0.005010540 0.004847240 0.006039610 0.009236180 0.004030010 0.007909460 0.010360380 0.005034730 0.004200600 0.004346910 0.005344010 0.004069980 0.004211490 0.008970080 0.009007470 0.003809840 0.004620740 0.004881300 0.003955540 0.005147220 0.004245550 0.003412790 0.004512080 0.003808720 0.003922630 0.002510160 0.000190440 0.000181950 0.000362680 0.000000000 0.002609880 0.001756310 0.001997310 0.001634030 0.001526850 0.011147770 
41     0.006575960 0.006384840 0.006224980 0.006874570 0.007764840 0.007313620 0.006314000 0.006006120 0.004972630 0.007355120 0.006587630 0.006668180 0.004752300 0.010196230 0.010332640 0.004758900 0.004826210 0.004818080 0.010601330 0.005395160 0.009274610 0.010693710 0.006399880 0.005565750 0.005712060 0.006709160 0.005435130 0.005576640 0.010335230 0.010372620 0.008800700 0.005985890 0.006205500 0.005320690 0.005772460 0.005610700 0.004777940 0.005277960 0.003547740 0.002741050 0.001756940 0.000884170 0.002855500 0.000424620 0.002609880 0.000000000 0.000001770 0.000680640 0.000108630 0.000595910 0.012512920 
42     0.005657500 0.005466380 0.005306520 0.005956110 0.001902210 0.006395160 0.005395540 0.005087660 0.003332530 0.006612710 0.005669170 0.005749720 0.006121330 0.009277770 0.009414180 0.005457230 0.005293930 0.006486300 0.009682870 0.004476700 0.008356150 0.009139120 0.005481420 0.004647290 0.004793600 0.003597970 0.004516670 0.004658180 0.009416770 0.009454160 0.009080380 0.005067430 0.005327990 0.004402230 0.005593910 0.004692240 0.003859480 0.004958770 0.004255410 0.005109870 0.003480110 0.001620980 0.001860210 0.001424490 0.001756310 0.000001770 0.000000000 0.000053240 0.001647540 0.000095900 0.011594460 
32     0.005898500 0.005707380 0.005547520 0.006197110 0.007087380 0.006636160 0.005636540 0.005328660 0.004295170 0.006853710 0.005910170 0.005990720 0.005182600 0.009518770 0.009655180 0.005189200 0.005256510 0.005248380 0.009923870 0.004717700 0.008597150 0.004993030 0.005722420 0.004888290 0.005034600 0.006031700 0.004757670 0.004899180 0.009657770 0.009695160 0.009321380 0.005308430 0.005568990 0.004643230 0.005834910 0.004933240 0.004100480 0.005199770 0.004371780 0.001556310 0.001910440 0.002523830 0.002101210 0.000829560 0.001997310 0.000680640 0.000053240 0.000000000 0.001048570 0.000066920 0.011835460 
33     0.006248300 0.005549980 0.005897320 0.006546910 0.006137660 0.006985960 0.005986340 0.005678460 0.004644970 0.007203510 0.003215670 0.006340520 0.004668450 0.009868570 0.010004980 0.004675050 0.004742360 0.004734230 0.010273670 0.005067500 0.008946950 0.011247880 0.006072220 0.005238090 0.005384400 0.006381500 0.005107470 0.005248980 0.005050140 0.004112740 0.006640530 0.005658230 0.005918790 0.004993030 0.005688610 0.005283040 0.003441700 0.005194110 0.004846210 0.002727210 0.003003180 0.000342270 0.000444910 0.000340770 0.001634030 0.000108630 0.001647540 0.001048570 0.000000000 0.000453510 0.011158470 
43     0.003308290 0.004935000 0.003366900 0.005507410 0.006397680 0.005946460 0.004946840 0.004638960 0.003605470 0.006164010 0.005220470 0.005301020 0.004646090 0.008829070 0.008273410 0.004652690 0.004720000 0.004711870 0.009234170 0.004028000 0.007892370 0.009345210 0.005032720 0.004198590 0.004344900 0.005342000 0.004067970 0.004209480 0.008968070 0.009005460 0.005602160 0.004618730 0.001893160 0.003953530 0.005145210 0.004243540 0.003410780 0.004510070 0.003806710 0.002706950 0.001239200 0.000049870 0.001922090 0.000293010 0.001526850 0.000595910 0.000095900 0.000066920 0.000453510 0.000000000 0.001380880 
0     0.012203020 0.012011900 0.011852040 0.012501630 0.013391900 0.012940680 0.011941060 0.011633180 0.010599690 0.013158230 0.011640890 0.012295240 0.005839590 0.015823290 0.015959700 0.012002750 0.011839450 0.013031820 0.016216040 0.011380000 0.015259450 0.017710370 0.012384720 0.011550590 0.011696900 0.012694000 0.011419970 0.011561480 0.016795710 0.016833100 0.016459320 0.012446370 0.012706930 0.011781170 0.012972850 0.012071180 0.011238420 0.012337710 0.011634350 0.013420670 0.011790910 0.010389900 0.011251670 0.010815950 0.011147770 0.012512920 0.011594460 0.011835460 0.011158470 0.001380880 0.000000000 
