51
28     0.000000000 0.009922887 0.014582010 0.013661944 0.015117524 0.012354445 0.021955686 0.021684394 0.029104808 0.031861668 0.031929095 0.036705830 0.029161061 0.033188689 0.032181378 0.030435335 0.030423920 0.033131060 0.053911906 0.023304316 0.026871357 0.023737125 0.025823235 0.025952191 0.023340355 0.024488831 0.026848055 0.038361029 0.032968181 0.048156425 0.028067085 0.028738916 0.028005498 0.025579786 0.025200329 0.027863179 0.060109015 0.087877791 0.033341162 0.042299092 0.042715454 0.042617027 0.040948326 0.040080542 0.043997042 0.042265790 0.034587672 0.037946926 0.032815354 0.073350263 0.150138419 
46     0.009922887 0.000000000 0.013469221 0.012575076 0.014037068 0.011221619 0.020797018 0.020545652 0.028245593 0.031232368 0.031303913 0.035830184 0.028198307 0.032090370 0.031021354 0.029188913 0.029234609 0.031924165 0.052971533 0.022742930 0.026010909 0.022626222 0.024898242 0.025022493 0.022264901 0.023423465 0.026116725 0.037690975 0.032214540 0.047586499 0.027372720 0.028012343 0.027286296 0.024346054 0.024126678 0.026915946 0.059111253 0.086879235 0.032214605 0.041178478 0.041568652 0.041469696 0.039888449 0.039151443 0.043025001 0.041190899 0.033532468 0.036934201 0.031599634 0.071944957 0.149459920 
43     0.014582010 0.013469221 0.000000000 0.005988831 0.008623903 0.006058446 0.023999075 0.023946417 0.032077234 0.034818763 0.034888795 0.039645021 0.032053849 0.035898976 0.034991698 0.033233873 0.033232534 0.035973328 0.056884516 0.026296118 0.029593332 0.026326221 0.028791187 0.028929802 0.026017729 0.026434672 0.029769257 0.041265077 0.035830448 0.050898841 0.030909442 0.031472232 0.030747471 0.028217325 0.027792837 0.030633649 0.062934126 0.090415185 0.035993668 0.045012109 0.045373350 0.045270965 0.043648688 0.042732952 0.046596154 0.044902053 0.037169898 0.040600495 0.035683505 0.076035340 0.152953586 
22     0.013661944 0.012575076 0.005988831 0.000000000 0.007747960 0.005390973 0.023277849 0.023213959 0.030917284 0.033661578 0.033732686 0.038445451 0.030944915 0.034852246 0.033928685 0.032170716 0.032195098 0.034893861 0.055943574 0.025395780 0.028680139 0.025409915 0.027841881 0.027980496 0.025063114 0.025489183 0.028814314 0.040324920 0.034837210 0.050062071 0.029969433 0.030532458 0.029807698 0.027311245 0.026879889 0.029642278 0.062005010 0.089643463 0.035085612 0.044083324 0.044511477 0.044409091 0.042711556 0.041804167 0.045665269 0.043893122 0.036177596 0.039611346 0.034669137 0.075081693 0.151789063 
26     0.015117524 0.014037068 0.008623903 0.007747960 0.000000000 0.006770366 0.024723440 0.024637206 0.032707750 0.035497008 0.035570562 0.040272070 0.032680004 0.036540152 0.035619394 0.033856841 0.033880101 0.036584756 0.057613483 0.027033780 0.030350733 0.027023669 0.029414254 0.029552356 0.026649924 0.027071596 0.030441343 0.041920696 0.036449523 0.051735170 0.031616649 0.032181549 0.031455481 0.028895365 0.028467383 0.031281797 0.063522731 0.091368290 0.036649622 0.045714761 0.046093688 0.045991303 0.044363509 0.043454740 0.047332919 0.045542368 0.037801525 0.041257386 0.036293574 0.076430567 0.153681711 
44     0.012354445 0.011221619 0.006058446 0.005390973 0.006770366 0.000000000 0.021834587 0.021708515 0.029845413 0.032631255 0.032702800 0.037469548 0.029726151 0.033689851 0.032771179 0.031007403 0.031030050 0.033740410 0.054692591 0.024272789 0.027561642 0.024236203 0.026695707 0.026834053 0.023661288 0.024056876 0.027473409 0.038938022 0.033699882 0.048724892 0.028585256 0.029131686 0.028398969 0.025764545 0.025350715 0.028315479 0.060600851 0.088442515 0.033712114 0.042732045 0.043111883 0.043009498 0.041384030 0.040470573 0.044355696 0.042609799 0.034917628 0.038355440 0.033281543 0.073670073 0.150686425 
3     0.021955686 0.020797018 0.023999075 0.023277849 0.024723440 0.021834587 0.000000000 0.010618016 0.033839536 0.036706037 0.036777582 0.041502062 0.034097646 0.037495068 0.036798170 0.035033613 0.035067590 0.037797670 0.059580144 0.027791552 0.031136620 0.027771898 0.030176898 0.030339856 0.027665242 0.028646902 0.031744318 0.043166537 0.037855558 0.053286816 0.032901048 0.033495187 0.032762774 0.030163332 0.030547773 0.033117417 0.065063033 0.093182110 0.038340588 0.047292946 0.047738424 0.047667336 0.045983087 0.045076890 0.048960976 0.047086767 0.039442951 0.042894994 0.037700267 0.078036084 0.154743671 
35     0.021684394 0.020545652 0.023946417 0.023213959 0.024637206 0.021708515 0.010618016 0.000000000 0.033765412 0.036690887 0.036762432 0.041433369 0.033962767 0.037301102 0.036651772 0.034863250 0.034911468 0.037588217 0.059201951 0.027616759 0.030978395 0.027498564 0.029948143 0.030086321 0.027631516 0.028908094 0.031550397 0.042955053 0.037613315 0.052861366 0.032645956 0.033264028 0.032531615 0.029859411 0.030292866 0.033269470 0.065123722 0.093104147 0.038122508 0.047317085 0.047797259 0.047683160 0.045982058 0.045083399 0.049028921 0.046941918 0.039283210 0.042869237 0.037422210 0.077679864 0.155029307 
25     0.029104808 0.028245593 0.032077234 0.030917284 0.032707750 0.029845413 0.033839536 0.033765412 0.000000000 0.010425156 0.010535898 0.014538632 0.014440907 0.024169896 0.022918205 0.021125813 0.021445610 0.023945401 0.045343237 0.023566015 0.026872479 0.023807663 0.025917625 0.026102575 0.023654180 0.024319570 0.027400280 0.037964876 0.032946021 0.048310235 0.027905542 0.028391469 0.027726923 0.025698142 0.025968840 0.028616583 0.061085680 0.088403715 0.033819454 0.042554825 0.043086000 0.042961049 0.041148090 0.040648854 0.044740877 0.042116686 0.034752862 0.038118774 0.033438137 0.073266626 0.151546586 
30     0.031861668 0.031232368 0.034818763 0.033661578 0.035497008 0.032631255 0.036706037 0.036690887 0.010425156 0.000000000 0.002998754 0.015583329 0.017462854 0.027189970 0.025996347 0.024303589 0.024509404 0.027101402 0.048369762 0.026696852 0.029936976 0.026844144 0.029022860 0.029231194 0.026480396 0.027241026 0.030217865 0.040977165 0.035758972 0.051069182 0.030799198 0.031182605 0.030576365 0.028569686 0.028952393 0.031513077 0.063843382 0.091100485 0.036614528 0.045338582 0.045881618 0.045764916 0.043940514 0.043457393 0.047550318 0.044991117 0.037606728 0.040903944 0.036162986 0.076385118 0.153542000 
42     0.031929095 0.031303913 0.034888795 0.033732686 0.035570562 0.032702800 0.036777582 0.036762432 0.010535898 0.002998754 0.000000000 0.015650532 0.017567031 0.027301351 0.026076574 0.024344796 0.024551133 0.027142610 0.048520161 0.026766791 0.030008083 0.026915266 0.029093983 0.029302317 0.026546086 0.027310936 0.030270145 0.041037392 0.035811142 0.051131420 0.030860861 0.031247988 0.030638028 0.028634293 0.029019245 0.031580784 0.063911115 0.091175186 0.036698791 0.045428501 0.045987967 0.045871265 0.044032297 0.043544353 0.047639640 0.045075731 0.037691342 0.040976806 0.036202019 0.076335576 0.153611910 
34     0.036705830 0.035830184 0.039645021 0.038445451 0.040272070 0.037469548 0.041502062 0.041433369 0.014538632 0.015583329 0.015650532 0.000000000 0.021941346 0.031888309 0.030649197 0.028957954 0.028878388 0.031758885 0.053115895 0.031301742 0.034542537 0.031478352 0.033782103 0.033966251 0.031361614 0.032062014 0.035048878 0.045855725 0.040664647 0.055939108 0.035621707 0.036031963 0.035410131 0.033420177 0.033777700 0.036259825 0.068756035 0.096016875 0.041582098 0.050311372 0.050863738 0.050744280 0.048941299 0.048483601 0.052559718 0.050032496 0.042544042 0.045864491 0.041072591 0.081050799 0.159696056 
23     0.029161061 0.028198307 0.032053849 0.030944915 0.032680004 0.029726151 0.034097646 0.033962767 0.014440907 0.017462854 0.017567031 0.021941346 0.000000000 0.024003834 0.022913169 0.021046709 0.021429584 0.023861046 0.044923855 0.023575440 0.026970376 0.023839279 0.025914074 0.026088226 0.023829111 0.024679021 0.027782938 0.038691688 0.033375347 0.048617835 0.028258566 0.028790879 0.028132808 0.026263593 0.026382310 0.029124011 0.061633185 0.088480994 0.034034601 0.042581811 0.043188064 0.043095348 0.041227259 0.040612810 0.044710130 0.042480588 0.035051603 0.038499516 0.033596086 0.073782632 0.151836588 
40     0.033188689 0.032090370 0.035898976 0.034852246 0.036540152 0.033689851 0.037495068 0.037301102 0.024169896 0.027189970 0.027301351 0.031888309 0.024003834 0.000000000 0.016739130 0.014615908 0.014928797 0.017528091 0.046752700 0.027114766 0.030535364 0.027301473 0.029765706 0.029909270 0.027328456 0.028054503 0.031665477 0.042346060 0.037267103 0.052471640 0.032068922 0.032599139 0.031945597 0.029663289 0.029799752 0.032653750 0.065080145 0.092031871 0.037669824 0.046534381 0.047129335 0.047022035 0.045281716 0.044502203 0.048679743 0.046341189 0.038864130 0.042038410 0.036840068 0.076415205 0.153296158 
4     0.032181378 0.031021354 0.034991698 0.033928685 0.035619394 0.032771179 0.036798170 0.036651772 0.022918205 0.025996347 0.026076574 0.030649197 0.022913169 0.016739130 0.000000000 0.009864531 0.010102430 0.012789171 0.045927890 0.026219405 0.029579089 0.026385232 0.028724618 0.028862200 0.026221492 0.027078430 0.030313993 0.041022624 0.035877194 0.051275295 0.030824149 0.031397808 0.030738650 0.028399207 0.028454847 0.031397800 0.063821600 0.091144479 0.036276512 0.045184720 0.045714900 0.045609594 0.043870233 0.043127234 0.047305725 0.045108667 0.037707103 0.040783159 0.035903961 0.075538141 0.153704549 
20     0.030435335 0.029188913 0.033233873 0.032170716 0.033856841 0.031007403 0.035033613 0.034863250 0.021125813 0.024303589 0.024344796 0.028957954 0.021046709 0.014615908 0.009864531 0.000000000 0.006960992 0.009647400 0.044016185 0.024394009 0.027752327 0.024552032 0.026841629 0.026973371 0.024532286 0.025347990 0.028835989 0.039503093 0.034287402 0.049710959 0.029255969 0.029852959 0.029196860 0.026834567 0.026941886 0.029861067 0.062344800 0.089387818 0.034853386 0.043703830 0.044233784 0.044128478 0.042320587 0.041587831 0.045788177 0.043608138 0.036268579 0.039338420 0.034182525 0.073879616 0.152139508 
5     0.030423920 0.029234609 0.033232534 0.032195098 0.033880101 0.031030050 0.035067590 0.034911468 0.021445610 0.024509404 0.024551133 0.028878388 0.021429584 0.014928797 0.010102430 0.006960992 0.000000000 0.009963230 0.044245950 0.024359391 0.027717090 0.024523958 0.026744930 0.026883279 0.024383041 0.025235394 0.028652712 0.039368175 0.034260193 0.049602650 0.029123150 0.029742237 0.029088061 0.026704030 0.026863420 0.029730478 0.062198949 0.089463362 0.034700426 0.043588940 0.044124114 0.044018808 0.042285765 0.041456343 0.045642405 0.043430443 0.036081093 0.039147175 0.034026248 0.073748310 0.152322692 
16     0.033131060 0.031924165 0.035973328 0.034893861 0.036584756 0.033740410 0.037797670 0.037588217 0.023945401 0.027101402 0.027142610 0.031758885 0.023861046 0.017528091 0.012789171 0.009647400 0.009963230 0.000000000 0.046856629 0.027139953 0.030496397 0.027306699 0.029605381 0.029743730 0.027284050 0.028094216 0.031474623 0.042190883 0.037002445 0.052414116 0.031954833 0.032547058 0.031890959 0.029558780 0.029643426 0.032586133 0.065026217 0.092215889 0.037551135 0.046346869 0.046886744 0.046781438 0.045034190 0.044182778 0.048358698 0.046233031 0.038888770 0.041952388 0.036863618 0.076591012 0.154012012 
2     0.053911906 0.052971533 0.056884516 0.055943574 0.057613483 0.054692591 0.059580144 0.059201951 0.045343237 0.048369762 0.048520161 0.053115895 0.044923855 0.046752700 0.045927890 0.044016185 0.044245950 0.046856629 0.000000000 0.049127440 0.052415749 0.048707744 0.051297508 0.051520002 0.049398693 0.050143294 0.053329822 0.064176381 0.058651921 0.074109274 0.053386146 0.054212476 0.053591813 0.051388494 0.050658930 0.053486616 0.086137570 0.113326927 0.058212591 0.067533866 0.067928714 0.067823233 0.066034097 0.065423591 0.069592318 0.066842867 0.059286794 0.062845951 0.058620883 0.098156394 0.174364470 
12     0.023304316 0.022742930 0.026296118 0.025395780 0.027033780 0.024272789 0.027791552 0.027616759 0.023566015 0.026696852 0.026766791 0.031301742 0.023575440 0.027114766 0.026219405 0.024394009 0.024359391 0.027139953 0.049127440 0.000000000 0.011157830 0.008450197 0.017017360 0.017133629 0.017901197 0.018495586 0.021778547 0.032899942 0.027817741 0.043078097 0.022593250 0.023272487 0.022546781 0.019736054 0.019929056 0.023385259 0.055693597 0.082909212 0.028613040 0.037287685 0.037708140 0.037609695 0.035773879 0.035324110 0.039436402 0.036872383 0.029098299 0.032883595 0.027499090 0.067728346 0.144845318 
1     0.026871357 0.026010909 0.029593332 0.028680139 0.030350733 0.027561642 0.031136620 0.030978395 0.026872479 0.029936976 0.030008083 0.034542537 0.026970376 0.030535364 0.029579089 0.027752327 0.027717090 0.030496397 0.052415749 0.011157830 0.000000000 0.011631420 0.020211693 0.020320357 0.021295387 0.022081335 0.025209588 0.036355009 0.031242543 0.046435157 0.026005625 0.026696730 0.025968299 0.023601565 0.023820527 0.026852221 0.059226072 0.086544786 0.031901079 0.040499867 0.040932941 0.040842565 0.038978820 0.038534978 0.042632442 0.040159205 0.032222510 0.036073121 0.030928980 0.070971771 0.147916678 
32     0.023737125 0.022626222 0.026326221 0.025409915 0.027023669 0.024236203 0.027771898 0.027498564 0.023807663 0.026844144 0.026915266 0.031478352 0.023839279 0.027301473 0.026385232 0.024552032 0.024523958 0.027306699 0.048707744 0.008450197 0.011631420 0.000000000 0.016811925 0.016925483 0.018105934 0.018688738 0.021779934 0.032979606 0.027944481 0.042827914 0.022575800 0.023244292 0.022516821 0.020211933 0.020367073 0.023386847 0.055707885 0.083052808 0.028583465 0.037179240 0.037571482 0.037472553 0.035681207 0.035185161 0.039316776 0.036786473 0.029044986 0.032803848 0.027619624 0.067454894 0.144589772 
36     0.025823235 0.024898242 0.028791187 0.027841881 0.029414254 0.026695707 0.030176898 0.029948143 0.025917625 0.029022860 0.029093983 0.033782103 0.025914074 0.029765706 0.028724618 0.026841629 0.026744930 0.029605381 0.051297508 0.017017360 0.020211693 0.016811925 0.000000000 0.002192347 0.019944491 0.020556861 0.023613794 0.034226512 0.029388771 0.044943707 0.024142981 0.024719631 0.023988518 0.021711383 0.021951966 0.024821502 0.057167520 0.084223804 0.030204325 0.038586402 0.039000005 0.038898696 0.036956371 0.036666367 0.040700840 0.038268109 0.030529770 0.034180079 0.029243760 0.069348088 0.146151009 
47     0.025952191 0.025022493 0.028929802 0.027980496 0.029552356 0.026834053 0.030339856 0.030086321 0.026102575 0.029231194 0.029302317 0.033966251 0.026088226 0.029909270 0.028862200 0.026973371 0.026883279 0.029743730 0.051520002 0.017133629 0.020320357 0.016925483 0.002192347 0.000000000 0.020098081 0.020701874 0.023776141 0.034389942 0.029539044 0.045105864 0.024311458 0.024886661 0.024155547 0.021821037 0.022062684 0.024964050 0.057312250 0.084519985 0.030430466 0.038750306 0.039163557 0.039062247 0.037180108 0.036863598 0.040897730 0.038469149 0.030726084 0.034379765 0.029358321 0.069332700 0.146293696 
7     0.023340355 0.022264901 0.026017729 0.025063114 0.026649924 0.023661288 0.027665242 0.027631516 0.023654180 0.026480396 0.026546086 0.031361614 0.023829111 0.027328456 0.026221492 0.024532286 0.024383041 0.027284050 0.049398693 0.017901197 0.021295387 0.018105934 0.019944491 0.020098081 0.000000000 0.014031159 0.017722687 0.028436383 0.023820505 0.038985744 0.018233196 0.018839553 0.018042104 0.015752586 0.016267940 0.019252785 0.051355790 0.078491031 0.025002495 0.032842592 0.033279861 0.033142218 0.031468339 0.031406937 0.035035676 0.032713158 0.025368423 0.028433099 0.022478650 0.062739796 0.140778151 
10     0.024488831 0.023423465 0.026434672 0.025489183 0.027071596 0.024056876 0.028646902 0.028908094 0.024319570 0.027241026 0.027310936 0.032062014 0.024679021 0.028054503 0.027078430 0.025347990 0.025235394 0.028094216 0.050143294 0.018495586 0.022081335 0.018688738 0.020556861 0.020701874 0.014031159 0.000000000 0.018368553 0.029414396 0.024713433 0.039590875 0.018631238 0.019633099 0.018845665 0.016490663 0.016933274 0.019725503 0.051832085 0.079287374 0.025774239 0.033509200 0.033968685 0.033883411 0.032102610 0.031965798 0.035490351 0.033473177 0.026119691 0.029048259 0.023922179 0.063900593 0.140581154 
21     0.026848055 0.026116725 0.029769257 0.028814314 0.030441343 0.027473409 0.031744318 0.031550397 0.027400280 0.030217865 0.030270145 0.035048878 0.027782938 0.031665477 0.030313993 0.028835989 0.028652712 0.031474623 0.053329822 0.021778547 0.025209588 0.021779934 0.023613794 0.023776141 0.017722687 0.018368553 0.000000000 0.021949240 0.017535471 0.032855030 0.012306619 0.012686053 0.011871227 0.015047158 0.015665024 0.018280669 0.050482563 0.077725690 0.024133614 0.031789259 0.032214481 0.032130462 0.030411454 0.030266650 0.033953252 0.031843140 0.024571781 0.027340594 0.027248723 0.067230430 0.144459498 
37     0.038361029 0.037690975 0.041265077 0.040324920 0.041920696 0.038938022 0.043166537 0.042955053 0.037964876 0.040977165 0.041037392 0.045855725 0.038691688 0.042346060 0.041022624 0.039503093 0.039368175 0.042190883 0.064176381 0.032899942 0.036355009 0.032979606 0.034226512 0.034389942 0.028436383 0.029414396 0.021949240 0.000000000 0.022323881 0.043664011 0.023197776 0.023257900 0.022447131 0.026111630 0.026585447 0.029564955 0.061315898 0.088371836 0.035163952 0.042666667 0.043112883 0.043009403 0.041417975 0.041306240 0.044900525 0.042826159 0.035412696 0.038334605 0.038310227 0.078153711 0.156110580 
13     0.032968181 0.032214540 0.035830448 0.034837210 0.036449523 0.033699882 0.037855558 0.037613315 0.032946021 0.035758972 0.035811142 0.040664647 0.033375347 0.037267103 0.035877194 0.034287402 0.034260193 0.037002445 0.058651921 0.027817741 0.031242543 0.027944481 0.029388771 0.029539044 0.023820505 0.024713433 0.017535471 0.022323881 0.000000000 0.039142459 0.018750555 0.018882207 0.018064246 0.021551985 0.021888005 0.024983724 0.056811862 0.084205270 0.030688185 0.038366271 0.038073580 0.038719185 0.036909352 0.036958368 0.040559255 0.038385550 0.031007379 0.033804289 0.033416803 0.072938592 0.150780520 
15     0.048156425 0.047586499 0.050898841 0.050062071 0.051735170 0.048724892 0.053286816 0.052861366 0.048310235 0.051069182 0.051131420 0.055939108 0.048617835 0.052471640 0.051275295 0.049710959 0.049602650 0.052414116 0.074109274 0.043078097 0.046435157 0.042827914 0.044943707 0.045105864 0.038985744 0.039590875 0.032855030 0.043664011 0.039142459 0.000000000 0.031902308 0.032359884 0.031489160 0.035598360 0.036922901 0.039964164 0.072001620 0.098676911 0.045241401 0.053300618 0.053713268 0.053612956 0.051829248 0.051980850 0.055548824 0.053350979 0.045890362 0.048759479 0.048155457 0.088120267 0.164660148 
38     0.028067085 0.027372720 0.030909442 0.029969433 0.031616649 0.028585256 0.032901048 0.032645956 0.027905542 0.030799198 0.030860861 0.035621707 0.028258566 0.032068922 0.030824149 0.029255969 0.029123150 0.031954833 0.053386146 0.022593250 0.026005625 0.022575800 0.024142981 0.024311458 0.018233196 0.018631238 0.012306619 0.023197776 0.018750555 0.031902308 0.000000000 0.009372850 0.008533618 0.015651664 0.016065517 0.019194688 0.051057168 0.077978518 0.024815128 0.032517340 0.032939336 0.032830732 0.031075367 0.030847730 0.034467130 0.032547281 0.025154349 0.027992736 0.028063725 0.068045497 0.145334251 
41     0.028738916 0.028012343 0.031472232 0.030532458 0.032181549 0.029131686 0.033495187 0.033264028 0.028391469 0.031182605 0.031247988 0.036031963 0.028790879 0.032599139 0.031397808 0.029852959 0.029742237 0.032547058 0.054212476 0.023272487 0.026696730 0.023244292 0.024719631 0.024886661 0.018839553 0.019633099 0.012686053 0.023257900 0.018882207 0.032359884 0.009372850 0.000000000 0.003229213 0.016328374 0.016824999 0.019864202 0.051798509 0.079043429 0.025503859 0.033185687 0.033549948 0.033443971 0.031799707 0.031684587 0.035251395 0.033163410 0.025858772 0.028666477 0.028487247 0.068505087 0.146014757 
29     0.028005498 0.027286296 0.030747471 0.029807698 0.031455481 0.028398969 0.032762774 0.032531615 0.027726923 0.030576365 0.030638028 0.035410131 0.028132808 0.031945597 0.030738650 0.029196860 0.029088061 0.031890959 0.053591813 0.022546781 0.025968299 0.022516821 0.023988518 0.024155547 0.018042104 0.018845665 0.011871227 0.022447131 0.018064246 0.031489160 0.008533618 0.003229213 0.000000000 0.015547700 0.016034542 0.019073731 0.051008064 0.078219139 0.024697292 0.032361182 0.032724226 0.032618250 0.030973985 0.030858866 0.034440930 0.032328422 0.025031394 0.027842606 0.027685429 0.067719132 0.145269960 
33     0.025579786 0.024346054 0.028217325 0.027311245 0.028895365 0.025764545 0.030163332 0.029859411 0.025698142 0.028569686 0.028634293 0.033420177 0.026263593 0.029663289 0.028399207 0.026834567 0.026704030 0.029558780 0.051388494 0.019736054 0.023601565 0.020211933 0.021711383 0.021821037 0.015752586 0.016490663 0.015047158 0.026111630 0.021551985 0.035598360 0.015651664 0.016328374 0.015547700 0.000000000 0.006758536 0.015158363 0.046991002 0.074998825 0.021824524 0.029262317 0.029756752 0.029636782 0.027899327 0.027657162 0.031309468 0.029290958 0.022035999 0.024965740 0.024756740 0.065216191 0.142318761 
6     0.025200329 0.024126678 0.027792837 0.026879889 0.028467383 0.025350715 0.030547773 0.030292866 0.025968840 0.028952393 0.029019245 0.033777700 0.026382310 0.029799752 0.028454847 0.026941886 0.026863420 0.029643426 0.050658930 0.019929056 0.023820527 0.020367073 0.021951966 0.022062684 0.016267940 0.016933274 0.015665024 0.026585447 0.021888005 0.036922901 0.016065517 0.016824999 0.016034542 0.006758536 0.000000000 0.013818193 0.046260188 0.074114598 0.021068473 0.028556593 0.029058628 0.028944878 0.027146304 0.026946321 0.030566582 0.028603356 0.021314686 0.024261922 0.025964593 0.066235144 0.142091664 
9     0.027863179 0.026915946 0.030633649 0.029642278 0.031281797 0.028315479 0.033117417 0.033269470 0.028616583 0.031513077 0.031580784 0.036259825 0.029124011 0.032653750 0.031397800 0.029861067 0.029730478 0.032586133 0.053486616 0.023385259 0.026852221 0.023386847 0.024821502 0.024964050 0.019252785 0.019725503 0.018280669 0.029564955 0.024983724 0.039964164 0.019194688 0.019864202 0.019073731 0.015158363 0.013818193 0.000000000 0.042910806 0.076912538 0.024094662 0.031617851 0.032126590 0.032030762 0.030198395 0.030243706 0.033966421 0.031662151 0.024484021 0.027406949 0.028597513 0.068785658 0.143566267 
19     0.060109015 0.059111253 0.062934126 0.062005010 0.063522731 0.060600851 0.065063033 0.065123722 0.061085680 0.063843382 0.063911115 0.068756035 0.061633185 0.065080145 0.063821600 0.062344800 0.062198949 0.065026217 0.086137570 0.055693597 0.059226072 0.055707885 0.057167520 0.057312250 0.051355790 0.051832085 0.050482563 0.061315898 0.056811862 0.072001620 0.051057168 0.051798509 0.051008064 0.046991002 0.046260188 0.042910806 0.000000000 0.109008485 0.055991772 0.063485913 0.063919007 0.063826645 0.061574489 0.062101826 0.065856252 0.063328832 0.056107203 0.059242090 0.061003546 0.101286985 0.175041206 
11     0.087877791 0.086879235 0.090415185 0.089643463 0.091368290 0.088442515 0.093182110 0.093104147 0.088403715 0.091100485 0.091175186 0.096016875 0.088480994 0.092031871 0.091144479 0.089387818 0.089463362 0.092215889 0.113326927 0.082909212 0.086544786 0.083052808 0.084223804 0.084519985 0.078491031 0.079287374 0.077725690 0.088371836 0.084205270 0.098676911 0.077978518 0.079043429 0.078219139 0.074998825 0.074114598 0.076912538 0.109008485 0.000000000 0.075394753 0.082705753 0.083788508 0.083577913 0.081848117 0.082057733 0.085471625 0.083494090 0.076428735 0.078735464 0.088157089 0.128559511 0.204512628 
31     0.033341162 0.032214605 0.035993668 0.035085612 0.036649622 0.033712114 0.038340588 0.038122508 0.033819454 0.036614528 0.036698791 0.041582098 0.034034601 0.037669824 0.036276512 0.034853386 0.034700426 0.037551135 0.058212591 0.028613040 0.031901079 0.028583465 0.030204325 0.030430466 0.025002495 0.025774239 0.024133614 0.035163952 0.030688185 0.045241401 0.024815128 0.025503859 0.024697292 0.021824524 0.021068473 0.024094662 0.055991772 0.075394753 0.000000000 0.025901544 0.026752537 0.026590702 0.024508893 0.024003563 0.028144610 0.026146573 0.018891502 0.021709534 0.034104418 0.074625530 0.151373079 
45     0.042299092 0.041178478 0.045012109 0.044083324 0.045714761 0.042732045 0.047292946 0.047317085 0.042554825 0.045338582 0.045428501 0.050311372 0.042581811 0.046534381 0.045184720 0.043703830 0.043588940 0.046346869 0.067533866 0.037287685 0.040499867 0.037179240 0.038586402 0.038750306 0.032842592 0.033509200 0.031789259 0.042666667 0.038366271 0.053300618 0.032517340 0.033185687 0.032361182 0.029262317 0.028556593 0.031617851 0.063485913 0.082705753 0.025901544 0.000000000 0.016988299 0.016624316 0.017429337 0.017947277 0.021316590 0.031534830 0.024280310 0.026752775 0.042408064 0.082605433 0.159378468 
39     0.042715454 0.041568652 0.045373350 0.044511477 0.046093688 0.043111883 0.047738424 0.047797259 0.043086000 0.045881618 0.045987967 0.050863738 0.043188064 0.047129335 0.045714900 0.044233784 0.044124114 0.046886744 0.067928714 0.037708140 0.040932941 0.037571482 0.039000005 0.039163557 0.033279861 0.033968685 0.032214481 0.043112883 0.038073580 0.053713268 0.032939336 0.033549948 0.032724226 0.029756752 0.029058628 0.032126590 0.063919007 0.083788508 0.026752537 0.016988299 0.000000000 0.005840667 0.018492924 0.018917691 0.022341505 0.032381383 0.025105840 0.027569705 0.042407077 0.082325229 0.159709895 
14     0.042617027 0.041469696 0.045270965 0.044409091 0.045991303 0.043009498 0.047667336 0.047683160 0.042961049 0.045764916 0.045871265 0.050744280 0.043095348 0.047022035 0.045609594 0.044128478 0.044018808 0.046781438 0.067823233 0.037609695 0.040842565 0.037472553 0.038898696 0.039062247 0.033142218 0.033883411 0.032130462 0.043009403 0.038719185 0.053612956 0.032830732 0.033443971 0.032618250 0.029636782 0.028944878 0.032030762 0.063826645 0.083577913 0.026590702 0.016624316 0.005840667 0.000000000 0.018479708 0.018975621 0.022304777 0.032232082 0.024912524 0.027448424 0.042615110 0.082958861 0.159606423 
18     0.040948326 0.039888449 0.043648688 0.042711556 0.044363509 0.041384030 0.045983087 0.045982058 0.041148090 0.043940514 0.044032297 0.048941299 0.041227259 0.045281716 0.043870233 0.042320587 0.042285765 0.045034190 0.066034097 0.035773879 0.038978820 0.035681207 0.036956371 0.037180108 0.031468339 0.032102610 0.030411454 0.041417975 0.036909352 0.051829248 0.031075367 0.031799707 0.030973985 0.027899327 0.027146304 0.030198395 0.061574489 0.081848117 0.024508893 0.017429337 0.018492924 0.018479708 0.000000000 0.015227435 0.018653107 0.030214244 0.022808888 0.025483787 0.041097542 0.081379688 0.156606171 
27     0.040080542 0.039151443 0.042732952 0.041804167 0.043454740 0.040470573 0.045076890 0.045083399 0.040648854 0.043457393 0.043544353 0.048483601 0.040612810 0.044502203 0.043127234 0.041587831 0.041456343 0.044182778 0.065423591 0.035324110 0.038534978 0.035185161 0.036666367 0.036863598 0.031406937 0.031965798 0.030266650 0.041306240 0.036958368 0.051980850 0.030847730 0.031684587 0.030858866 0.027657162 0.026946321 0.030243706 0.062101826 0.082057733 0.024003563 0.017947277 0.018917691 0.018975621 0.015227435 0.000000000 0.014243448 0.030297630 0.023123084 0.025461739 0.041034632 0.081061612 0.157521147 
8     0.043997042 0.043025001 0.046596154 0.045665269 0.047332919 0.044355696 0.048960976 0.049028921 0.044740877 0.047550318 0.047639640 0.052559718 0.044710130 0.048679743 0.047305725 0.045788177 0.045642405 0.048358698 0.069592318 0.039436402 0.042632442 0.039316776 0.040700840 0.040897730 0.035035676 0.035490351 0.033953252 0.044900525 0.040559255 0.055548824 0.034467130 0.035251395 0.034440930 0.031309468 0.030566582 0.033966421 0.065856252 0.085471625 0.028144610 0.021316590 0.022341505 0.022304777 0.018653107 0.014243448 0.000000000 0.033920167 0.026628247 0.029027958 0.044542513 0.084748440 0.161372470 
48     0.042265790 0.041190899 0.044902053 0.043893122 0.045542368 0.042609799 0.047086767 0.046941918 0.042116686 0.044991117 0.045075731 0.050032496 0.042480588 0.046341189 0.045108667 0.043608138 0.043430443 0.046233031 0.066842867 0.036872383 0.040159205 0.036786473 0.038268109 0.038469149 0.032713158 0.033473177 0.031843140 0.042826159 0.038385550 0.053350979 0.032547281 0.033163410 0.032328422 0.029290958 0.028603356 0.031662151 0.063328832 0.083494090 0.026146573 0.031534830 0.032381383 0.032232082 0.030214244 0.030297630 0.033920167 0.000000000 0.015534958 0.026508376 0.042204190 0.082317707 0.159088505 
17     0.034587672 0.033532468 0.037169898 0.036177596 0.037801525 0.034917628 0.039442951 0.039283210 0.034752862 0.037606728 0.037691342 0.042544042 0.035051603 0.038864130 0.037707103 0.036268579 0.036081093 0.038888770 0.059286794 0.029098299 0.032222510 0.029044986 0.030529770 0.030726084 0.025368423 0.026119691 0.024571781 0.035412696 0.031007379 0.045890362 0.025154349 0.025858772 0.025031394 0.022035999 0.021314686 0.024484021 0.056107203 0.076428735 0.018891502 0.024280310 0.025105840 0.024912524 0.022808888 0.023123084 0.026628247 0.015534958 0.000000000 0.019273624 0.034766145 0.074887259 0.151831821 
24     0.037946926 0.036934201 0.040600495 0.039611346 0.041257386 0.038355440 0.042894994 0.042869237 0.038118774 0.040903944 0.040976806 0.045864491 0.038499516 0.042038410 0.040783159 0.039338420 0.039147175 0.041952388 0.062845951 0.032883595 0.036073121 0.032803848 0.034180079 0.034379765 0.028433099 0.029048259 0.027340594 0.038334605 0.033804289 0.048759479 0.027992736 0.028666477 0.027842606 0.024965740 0.024261922 0.027406949 0.059242090 0.078735464 0.021709534 0.026752775 0.027569705 0.027448424 0.025483787 0.025461739 0.029027958 0.026508376 0.019273624 0.000000000 0.038028535 0.078371193 0.154849996 
50     0.032815354 0.031599634 0.035683505 0.034669137 0.036293574 0.033281543 0.037700267 0.037422210 0.033438137 0.036162986 0.036202019 0.041072591 0.033596086 0.036840068 0.035903961 0.034182525 0.034026248 0.036863618 0.058620883 0.027499090 0.030928980 0.027619624 0.029243760 0.029358321 0.022478650 0.023922179 0.027248723 0.038310227 0.033416803 0.048155457 0.028063725 0.028487247 0.027685429 0.024756740 0.025964593 0.028597513 0.061003546 0.088157089 0.034104418 0.042408064 0.042407077 0.042615110 0.041097542 0.041034632 0.044542513 0.042204190 0.034766145 0.038028535 0.000000000 0.057732046 0.148125621 
49     0.073350263 0.071944957 0.076035340 0.075081693 0.076430567 0.073670073 0.078036084 0.077679864 0.073266626 0.076385118 0.076335576 0.081050799 0.073782632 0.076415205 0.075538141 0.073879616 0.073748310 0.076591012 0.098156394 0.067728346 0.070971771 0.067454894 0.069348088 0.069332700 0.062739796 0.063900593 0.067230430 0.078153711 0.072938592 0.088120267 0.068045497 0.068505087 0.067719132 0.065216191 0.066235144 0.068785658 0.101286985 0.128559511 0.074625530 0.082605433 0.082325229 0.082958861 0.081379688 0.081061612 0.084748440 0.082317707 0.074887259 0.078371193 0.057732046 0.000000000 0.188170529 
0     0.150138419 0.149459920 0.152953586 0.151789063 0.153681711 0.150686425 0.154743671 0.155029307 0.151546586 0.153542000 0.153611910 0.159696056 0.151836588 0.153296158 0.153704549 0.152139508 0.152322692 0.154012012 0.174364470 0.144845318 0.147916678 0.144589772 0.146151009 0.146293696 0.140778151 0.140581154 0.144459498 0.156110580 0.150780520 0.164660148 0.145334251 0.146014757 0.145269960 0.142318761 0.142091664 0.143566267 0.175041206 0.204512628 0.151373079 0.159378468 0.159709895 0.159606423 0.156606171 0.157521147 0.161372470 0.159088505 0.151831821 0.154849996 0.148125621 0.188170529 0.000000000 
