51
2     0.000000000 0.075731560 0.177276117 0.192207348 0.182243763 0.528959128 0.507776619 0.621225303 0.614712527 0.524024193 0.536264511 0.520332026 0.516511644 0.515285788 0.452679273 0.483930659 0.442420952 0.427529180 0.423127309 0.450373163 0.446567949 0.441468722 0.408012329 0.657883977 0.471967511 0.470193692 0.467113578 0.479853933 0.473254778 0.496301591 0.483850054 0.370146750 0.569741108 0.630484836 0.356097692 0.491075916 0.386990412 0.430927062 0.428551280 0.432067033 0.413833444 0.420601787 0.426750033 0.403150032 0.397703940 0.406590586 0.407704227 0.385180499 0.440573750 0.395231101 0.700802315 
6     0.075731560 0.000000000 0.212245439 0.226794081 0.216195626 0.562629070 0.541425995 0.652368611 0.645855835 0.555093970 0.567334288 0.551401803 0.547581421 0.546355564 0.483458079 0.514628983 0.473474464 0.458684712 0.454201842 0.482718452 0.478913238 0.473809263 0.440361110 0.689631167 0.503098938 0.501486070 0.498405955 0.511247556 0.504688899 0.527496515 0.515099710 0.401942447 0.601512714 0.662240165 0.387737590 0.522478366 0.418748143 0.462492499 0.460116717 0.463630439 0.445586787 0.452395951 0.458544198 0.434926699 0.429606702 0.438464914 0.439572184 0.416307788 0.472170372 0.426781395 0.734806266 
7     0.177276117 0.212245439 0.000000000 0.079738083 0.191240160 0.585501414 0.564623984 0.675498544 0.668985768 0.578499107 0.590739426 0.575020546 0.571200164 0.569974307 0.506826255 0.538077641 0.496685141 0.481862037 0.477367075 0.505173600 0.501369417 0.496293475 0.462817289 0.711780506 0.526770587 0.524861662 0.521781548 0.534714647 0.528023480 0.551376934 0.538893538 0.424834271 0.624260382 0.684979353 0.410724154 0.545908827 0.441769530 0.485684195 0.483308413 0.486911471 0.468816099 0.475584442 0.481732689 0.458001588 0.452693926 0.461694809 0.462751338 0.439502344 0.495374195 0.450128812 0.758509768 
3     0.192207348 0.226794081 0.079738083 0.000000000 0.206649004 0.600248354 0.579370924 0.690482543 0.683969766 0.593483106 0.605723424 0.590004544 0.586184163 0.584958306 0.521810254 0.553061640 0.511377616 0.496603004 0.492108042 0.519486967 0.515682784 0.510606842 0.477122360 0.727293832 0.541361304 0.539452380 0.536372265 0.549305365 0.542506228 0.565967652 0.553484255 0.439424989 0.639719813 0.700241636 0.425324388 0.560497368 0.456358071 0.500272736 0.497896954 0.501500013 0.483404640 0.490172983 0.496321230 0.472592116 0.467285545 0.476280105 0.477336633 0.454098832 0.509963673 0.464714107 0.773314114 
5     0.182243763 0.216195626 0.191240160 0.206649004 0.000000000 0.588848669 0.567835642 0.680165462 0.673663873 0.583256672 0.595496990 0.579564505 0.575744123 0.574518267 0.511380345 0.542631731 0.501379637 0.486487865 0.482085994 0.509171235 0.505367053 0.500359677 0.466814925 0.716866615 0.530606879 0.528697955 0.525617840 0.538197779 0.531846308 0.554482070 0.542083761 0.428649570 0.628940641 0.689462464 0.414688532 0.549781128 0.445855465 0.489552155 0.487156749 0.490870174 0.472679951 0.479433503 0.485581750 0.461986010 0.456779737 0.465614017 0.466599197 0.443393533 0.499342420 0.454054510 0.762545630 
4     0.528959128 0.562629070 0.585501414 0.600248354 0.588848669 0.000000000 0.148994426 0.739622077 0.733109300 0.640540437 0.653107195 0.637174710 0.633354329 0.632128472 0.570097128 0.601220264 0.562753992 0.547965893 0.543564022 0.569372892 0.565989291 0.561366780 0.526793601 0.778401841 0.591273564 0.588455174 0.585375059 0.599011574 0.591955763 0.615672402 0.602784664 0.488437232 0.689866407 0.750206084 0.475454489 0.612922587 0.506663240 0.551237323 0.548874207 0.552922380 0.533311774 0.540411412 0.546559659 0.522427209 0.518142523 0.527454827 0.527669653 0.505993640 0.560328405 0.514977614 0.820007755 
1     0.507776619 0.541425995 0.564623984 0.579370924 0.567835642 0.148994426 0.000000000 0.719265121 0.712752344 0.620021238 0.632587997 0.616655512 0.612835130 0.611609273 0.549613074 0.580798485 0.542344160 0.527452388 0.523050517 0.548402474 0.545018872 0.540396362 0.505785154 0.757821682 0.570534720 0.567636502 0.564556387 0.578272184 0.571425475 0.594622921 0.581853413 0.467415256 0.668611543 0.728951900 0.454684813 0.592180660 0.485921312 0.530495396 0.528132279 0.532180452 0.512453347 0.519669484 0.525817731 0.501685072 0.497399072 0.506711375 0.506926201 0.485250189 0.539584953 0.494235478 0.799331077 
43     0.621225303 0.652368611 0.675498544 0.690482543 0.680165462 0.739622077 0.719265121 0.000000000 0.109777959 0.408941983 0.420249632 0.405299701 0.401497454 0.400285813 0.337846432 0.369321807 0.456887220 0.443307286 0.438857293 0.467978740 0.463867112 0.460107043 0.424730238 0.672499226 0.564569945 0.561652163 0.558418726 0.572506142 0.564410199 0.587168655 0.574602921 0.460967751 0.661630502 0.721605214 0.446884444 0.583892235 0.479424220 0.523054837 0.520711501 0.524886070 0.504970069 0.511679290 0.517827537 0.493721883 0.489087757 0.498775221 0.499114138 0.477191064 0.532063183 0.486199037 0.806660706 
11     0.614712527 0.645855835 0.668985768 0.683969766 0.673663873 0.733109300 0.712752344 0.109777959 0.000000000 0.402466674 0.413830691 0.398840135 0.395037887 0.393826246 0.331327729 0.362845066 0.450380048 0.436800113 0.432350121 0.461471568 0.456869549 0.453599870 0.418223066 0.665950850 0.558057168 0.555139386 0.551905949 0.565993365 0.557897422 0.580655878 0.568090144 0.454461471 0.655117725 0.715105601 0.440371667 0.577379458 0.472911443 0.516542061 0.514198724 0.518438366 0.498457292 0.505166513 0.511314760 0.487209106 0.482574980 0.492262444 0.492601361 0.470678287 0.525550407 0.479686260 0.800147929 
30     0.524024193 0.555093970 0.578499107 0.593483106 0.583256672 0.640540437 0.620021238 0.408941983 0.402466674 0.000000000 0.094808847 0.110450781 0.106583058 0.105725926 0.167665838 0.199152725 0.356442910 0.343100081 0.338709593 0.368325058 0.364382378 0.360453360 0.324658789 0.571684489 0.465118092 0.462186492 0.458670166 0.473001919 0.464910044 0.487664416 0.475068203 0.361057467 0.561910266 0.622293313 0.347328750 0.484407139 0.379476547 0.422835300 0.420491963 0.424727112 0.405484044 0.411687982 0.417836229 0.394062949 0.389874046 0.399303043 0.399666477 0.377597315 0.432339741 0.386595602 0.707404241 
36     0.536264511 0.567334288 0.590739426 0.605723424 0.595496990 0.653107195 0.632587997 0.420249632 0.413830691 0.094808847 0.000000000 0.120564749 0.118688731 0.119718674 0.179113629 0.210412280 0.368736522 0.355393693 0.351003205 0.380618670 0.376675990 0.372746972 0.336972994 0.584922429 0.477867391 0.474940508 0.471424183 0.485751218 0.477659343 0.500413715 0.487817502 0.373951961 0.574659565 0.635042612 0.360045491 0.497197707 0.392346847 0.435687059 0.433343723 0.437578871 0.418315104 0.424551859 0.430700106 0.406805185 0.402680697 0.412075472 0.412438907 0.390403966 0.445280838 0.399536699 0.719947454 
50     0.520332026 0.551401803 0.575020546 0.590004544 0.579564505 0.637174710 0.616655512 0.405299701 0.398840135 0.110450781 0.120564749 0.000000000 0.040436348 0.041581283 0.163776344 0.195223918 0.352838261 0.339495432 0.335104945 0.364665577 0.360722897 0.356793880 0.321076371 0.568677523 0.462200999 0.459299568 0.455668332 0.470084826 0.461992952 0.484747324 0.472119847 0.358380243 0.558920103 0.619303149 0.344050538 0.481492269 0.376585461 0.419986478 0.417643141 0.421938581 0.402641388 0.408845326 0.414993573 0.390972759 0.386851746 0.396246521 0.396609956 0.374575015 0.429451887 0.383768564 0.703926011 
8     0.516511644 0.547581421 0.571200164 0.586184163 0.575744123 0.633354329 0.612835130 0.401497454 0.395037887 0.106583058 0.118688731 0.040436348 0.000000000 0.028433533 0.160200596 0.191468343 0.348924421 0.335675051 0.331284563 0.360845196 0.356902516 0.352973498 0.317255989 0.564846884 0.458380617 0.455479186 0.451952321 0.466264444 0.458172570 0.480926942 0.468299466 0.354559861 0.555099721 0.615482768 0.340230156 0.477671887 0.372765080 0.416166096 0.413822759 0.418118199 0.398821006 0.405024944 0.411173191 0.387152377 0.383031364 0.392426139 0.392789574 0.370754633 0.425631505 0.379948183 0.700105629 
32     0.515285788 0.546355564 0.569974307 0.584958306 0.574518267 0.632128472 0.611609273 0.400285813 0.393826246 0.105725926 0.119718674 0.041581283 0.028433533 0.000000000 0.158888539 0.190137905 0.347698564 0.334449194 0.330058706 0.359619339 0.355676659 0.351747641 0.316030132 0.563620294 0.457154760 0.454253329 0.450658171 0.465038588 0.456946713 0.479701085 0.467073609 0.353334004 0.553873864 0.614256911 0.339004299 0.476446030 0.371539223 0.414940239 0.412596903 0.416892342 0.397595150 0.403799087 0.409947334 0.385926520 0.381805507 0.391200282 0.391563717 0.369528776 0.424405648 0.378722326 0.698879772 
21     0.452679273 0.483458079 0.506826255 0.521810254 0.511380345 0.570097128 0.549613074 0.337846432 0.331327729 0.167665838 0.179113629 0.163776344 0.160200596 0.158888539 0.000000000 0.096858177 0.286990459 0.273576044 0.269185557 0.298688578 0.294745898 0.290816881 0.255215656 0.503143082 0.395710132 0.392817886 0.389438973 0.403593960 0.395472338 0.418252727 0.405558671 0.291702583 0.492090941 0.552508665 0.277330490 0.414694482 0.309802112 0.353202666 0.350859329 0.355302623 0.335871401 0.342011117 0.348159364 0.324163821 0.320095920 0.329467860 0.329854130 0.307687453 0.362696061 0.316951923 0.637263611 
25     0.483930659 0.514628983 0.538077641 0.553061640 0.542631731 0.601220264 0.580798485 0.369321807 0.362845066 0.199152725 0.210412280 0.195223918 0.191468343 0.190137905 0.096858177 0.000000000 0.318601340 0.304981329 0.300590841 0.330093863 0.326151183 0.322222165 0.286620940 0.534579679 0.426599367 0.423707121 0.420328207 0.434440762 0.426361573 0.449129871 0.436283473 0.322768856 0.523073258 0.583546872 0.308426746 0.445806344 0.340812280 0.384148047 0.381804710 0.386248004 0.366664327 0.372881004 0.379029251 0.355172254 0.351035343 0.360376561 0.360795567 0.338654478 0.393641927 0.347897789 0.668723417 
35     0.442420952 0.473474464 0.496685141 0.511377616 0.501379637 0.562753992 0.542344160 0.456887220 0.450380048 0.356442910 0.368736522 0.352838261 0.348924421 0.347698564 0.286990459 0.318601340 0.000000000 0.118746617 0.115000760 0.188076715 0.184248346 0.180224479 0.145127095 0.447260588 0.382932082 0.380104989 0.376957616 0.390506036 0.383050142 0.405630275 0.393460274 0.279711652 0.479943116 0.539819411 0.266100834 0.403838914 0.298357812 0.342258960 0.339915624 0.344214906 0.325265606 0.330951755 0.337100002 0.312792513 0.309326222 0.318547810 0.318830898 0.297466155 0.351597076 0.305758572 0.625652326 
16     0.427529180 0.458684712 0.481862037 0.496603004 0.486487865 0.547965893 0.527452388 0.443307286 0.436800113 0.343100081 0.355393693 0.339495432 0.335675051 0.334449194 0.273576044 0.304981329 0.118746617 0.000000000 0.039233176 0.174675206 0.170785694 0.166745705 0.131768357 0.433506436 0.367843885 0.365004407 0.361857034 0.375562278 0.368005278 0.390605760 0.378448405 0.264788956 0.464103893 0.524139982 0.251080849 0.388979929 0.283509639 0.327459563 0.325116227 0.329415509 0.310992950 0.316831335 0.322979582 0.297973545 0.294528789 0.303750377 0.304033465 0.282726749 0.336784426 0.290961139 0.610088875 
26     0.423127309 0.454201842 0.477367075 0.492108042 0.482085994 0.543564022 0.523050517 0.438857293 0.432350121 0.338709593 0.351003205 0.335104945 0.331284563 0.330058706 0.269185557 0.300590841 0.115000760 0.039233176 0.000000000 0.170428090 0.166612089 0.162586478 0.127509677 0.429132847 0.363457167 0.360630073 0.357482701 0.371132227 0.363549541 0.386074727 0.374132615 0.260333142 0.459656978 0.519693067 0.246618140 0.384535421 0.279065131 0.323015056 0.320671719 0.324971001 0.306548442 0.312386827 0.318535074 0.293181472 0.290122697 0.299344285 0.299627373 0.278320657 0.332378334 0.286555047 0.605687004 
27     0.450373163 0.482718452 0.505173600 0.519486967 0.509171235 0.569372892 0.548402474 0.467978740 0.461471568 0.368325058 0.380618670 0.364665577 0.360845196 0.359619339 0.298688578 0.330093863 0.188076715 0.174675206 0.170428090 0.000000000 0.065243373 0.072883910 0.092815848 0.457829646 0.390631413 0.387804320 0.384656947 0.398312557 0.390707466 0.413334167 0.401228179 0.287594170 0.487521243 0.547388257 0.274317379 0.412157746 0.306716462 0.350529753 0.348186416 0.352485698 0.333664069 0.339632888 0.345781135 0.321067744 0.317648019 0.326767114 0.327153305 0.305779216 0.359779241 0.313940738 0.635439740 
42     0.446567949 0.478913238 0.501369417 0.515682784 0.505367053 0.565989291 0.545018872 0.463867112 0.456869549 0.364382378 0.376675990 0.360722897 0.356902516 0.355676659 0.294745898 0.326151183 0.184248346 0.170785694 0.166612089 0.065243373 0.000000000 0.069137851 0.088738757 0.454654374 0.387386472 0.384559379 0.381412006 0.395067616 0.387462525 0.410089226 0.397983238 0.284349229 0.484456114 0.544332410 0.270954610 0.408794977 0.303353694 0.347166984 0.344823647 0.349122929 0.330301300 0.336270119 0.342418366 0.317704976 0.314285250 0.323404345 0.323790536 0.302416447 0.356416473 0.310577969 0.631851661 
39     0.441468722 0.473809263 0.496293475 0.510606842 0.500359677 0.561366780 0.540396362 0.460107043 0.453599870 0.360453360 0.372746972 0.356793880 0.352973498 0.351747641 0.290816881 0.322222165 0.180224479 0.166745705 0.162586478 0.072883910 0.069137851 0.000000000 0.084952062 0.450628566 0.383662289 0.380835196 0.377687823 0.391350068 0.383773810 0.406479061 0.394265690 0.280394561 0.480560820 0.540437115 0.266950440 0.404790807 0.299349523 0.343162814 0.340819477 0.345118759 0.326297130 0.332265949 0.338414196 0.313698707 0.310278982 0.319398077 0.319784268 0.298410179 0.352410204 0.306571701 0.627518908 
18     0.408012329 0.440361110 0.462817289 0.477122360 0.466814925 0.526793601 0.505785154 0.424730238 0.418223066 0.324658789 0.336972994 0.321076371 0.317255989 0.316030132 0.255215656 0.286620940 0.145127095 0.131768357 0.127509677 0.092815848 0.088738757 0.084952062 0.000000000 0.416211026 0.349481517 0.346654424 0.343507051 0.357205736 0.349599577 0.372149272 0.360079986 0.246233949 0.446373305 0.506249600 0.232253303 0.370114780 0.264724383 0.308682682 0.306339346 0.310638628 0.291636084 0.297537577 0.303685824 0.279070038 0.275639086 0.284740529 0.285144372 0.263770283 0.317794741 0.271956238 0.593176848 
28     0.657883977 0.689631167 0.711780506 0.727293832 0.716866615 0.778401841 0.757821682 0.672499226 0.665950850 0.571684489 0.584922429 0.568677523 0.564846884 0.563620294 0.503143082 0.534579679 0.447260588 0.433506436 0.429132847 0.457829646 0.454654374 0.450628566 0.416211026 0.000000000 0.599781300 0.596989756 0.593842383 0.607321379 0.599676860 0.623130145 0.611074414 0.497425666 0.697294957 0.757171252 0.482944032 0.621266107 0.515816273 0.559635336 0.557291999 0.561619272 0.542641636 0.548626107 0.554774354 0.530362966 0.526659432 0.536101289 0.535650410 0.514871233 0.569209011 0.522795920 0.843579320 
41     0.471967511 0.503098938 0.526770587 0.541361304 0.530606879 0.591273564 0.570534720 0.564569945 0.558057168 0.465118092 0.477867391 0.462200999 0.458380617 0.457154760 0.395710132 0.426599367 0.382932082 0.367843885 0.363457167 0.390631413 0.387386472 0.383662289 0.349481517 0.599781300 0.000000000 0.073982984 0.070541071 0.141814713 0.133928209 0.171195558 0.161275736 0.147171234 0.394479901 0.454322411 0.232306245 0.370247180 0.265269982 0.308948166 0.306530831 0.310477960 0.292796126 0.298279356 0.304467724 0.279228566 0.274652987 0.284596543 0.284563009 0.263681151 0.317108583 0.271065744 0.659180497 
37     0.470193692 0.501486070 0.524861662 0.539452380 0.528697955 0.588455174 0.567636502 0.561652163 0.555139386 0.462186492 0.474940508 0.459299568 0.455479186 0.454253329 0.392817886 0.423707121 0.380104989 0.365004407 0.360630073 0.387804320 0.384559379 0.380835196 0.346654424 0.596989756 0.073982984 0.000000000 0.019617804 0.139514314 0.130931532 0.166179771 0.155830974 0.144601662 0.390252596 0.450016812 0.228963479 0.366577352 0.261799476 0.305589716 0.303172381 0.307119511 0.289493759 0.294916765 0.301105134 0.275873071 0.271413228 0.281358101 0.281313844 0.260405716 0.314248284 0.267696480 0.657126687 
44     0.467113578 0.498405955 0.521781548 0.536372265 0.525617840 0.585375059 0.564556387 0.558418726 0.551905949 0.458670166 0.471424183 0.455668332 0.451952321 0.450658171 0.389438973 0.420328207 0.376957616 0.361857034 0.357482701 0.384656947 0.381412006 0.377687823 0.343507051 0.593842383 0.070541071 0.019617804 0.000000000 0.136239905 0.127835971 0.163777991 0.153253511 0.141877913 0.387493430 0.447257646 0.225816107 0.363734554 0.258956677 0.302746918 0.300329583 0.304289196 0.286650961 0.292073967 0.298262335 0.273030273 0.268570430 0.278515303 0.278471045 0.257562917 0.311405486 0.264853681 0.654142800 
24     0.479853933 0.511247556 0.534714647 0.549305365 0.538197779 0.599011574 0.578272184 0.572506142 0.565993365 0.473001919 0.485751218 0.470084826 0.466264444 0.465038588 0.403593960 0.434440762 0.390506036 0.375562278 0.371132227 0.398312557 0.395067616 0.391350068 0.357205736 0.607321379 0.141814713 0.139514314 0.136239905 0.000000000 0.112294478 0.181250125 0.170361043 0.155997003 0.402004984 0.461904053 0.240345122 0.378183862 0.273281887 0.316955793 0.314538458 0.318469758 0.300829683 0.306227666 0.312416034 0.286975619 0.283050376 0.292937502 0.292863532 0.272020775 0.325446710 0.279066360 0.666170389 
33     0.473254778 0.504688899 0.528023480 0.542506228 0.531846308 0.591955763 0.571425475 0.564410199 0.557897422 0.464910044 0.477659343 0.461992952 0.458172570 0.456946713 0.395472338 0.426361573 0.383050142 0.368005278 0.363549541 0.390707466 0.387462525 0.383773810 0.349599577 0.599676860 0.133928209 0.130931532 0.127835971 0.112294478 0.000000000 0.172097379 0.161977778 0.147966584 0.394956386 0.454823974 0.232860529 0.370602976 0.265713976 0.309455016 0.307037681 0.310785687 0.293307385 0.298796600 0.304984968 0.279695039 0.275513196 0.285459153 0.285388680 0.264613930 0.318045658 0.271730923 0.660562715 
9     0.496301591 0.527496515 0.551376934 0.565967652 0.554482070 0.615672402 0.594622921 0.587168655 0.580655878 0.487664416 0.500413715 0.484747324 0.480926942 0.479701085 0.418252727 0.449129871 0.405630275 0.390605760 0.386074727 0.413334167 0.410089226 0.406479061 0.372149272 0.623130145 0.171195558 0.166179771 0.163777991 0.181250125 0.172097379 0.000000000 0.134212483 0.170865823 0.416777219 0.476660094 0.254685076 0.392696314 0.287672850 0.331401780 0.328984445 0.332944058 0.315208203 0.320718375 0.326911510 0.301707536 0.297812498 0.307647728 0.307576246 0.286832680 0.340263658 0.293479792 0.682946104 
45     0.483850054 0.515099710 0.538893538 0.553484255 0.542083761 0.602784664 0.581853413 0.574602921 0.568090144 0.475068203 0.487817502 0.472119847 0.468299466 0.467073609 0.405558671 0.436283473 0.393460274 0.378448405 0.374132615 0.401228179 0.397983238 0.394265690 0.360079986 0.611074414 0.161275736 0.155830974 0.153253511 0.170361043 0.161977778 0.134212483 0.000000000 0.158451294 0.404882457 0.464770079 0.242608804 0.380274287 0.275455571 0.319145974 0.316644103 0.320688252 0.303007838 0.308609477 0.314797845 0.289592204 0.285472226 0.295353638 0.295190994 0.274680085 0.327772839 0.281209510 0.669524649 
31     0.370146750 0.401942447 0.424834271 0.439424989 0.428649570 0.488437232 0.467415256 0.460967751 0.454461471 0.361057467 0.373951961 0.358380243 0.354559861 0.353334004 0.291702583 0.322768856 0.279711652 0.264788956 0.260333142 0.287594170 0.284349229 0.280394561 0.246233949 0.497425666 0.147171234 0.144601662 0.141877913 0.155997003 0.147966584 0.170865823 0.158451294 0.000000000 0.291638975 0.351524414 0.128399431 0.266547358 0.161427395 0.205047791 0.202630456 0.206903913 0.188928444 0.195013488 0.201201856 0.175794984 0.171440164 0.181374009 0.181196749 0.160521241 0.214001083 0.167752470 0.553674905 
22     0.569741108 0.601512714 0.624260382 0.639719813 0.628940641 0.689866407 0.668611543 0.661630502 0.655117725 0.561910266 0.574659565 0.558920103 0.555099721 0.553873864 0.492090941 0.523073258 0.479943116 0.464103893 0.459656978 0.487521243 0.484456114 0.480560820 0.446373305 0.697294957 0.394479901 0.390252596 0.387493430 0.402004984 0.394956386 0.416777219 0.404882457 0.291638975 0.000000000 0.202340340 0.328461696 0.467084012 0.362101054 0.405704054 0.403286719 0.407491271 0.388549956 0.394977752 0.401711428 0.376146391 0.372264743 0.382040847 0.381464856 0.360541947 0.414789444 0.368856351 0.755610457 
23     0.630484836 0.662240165 0.684979353 0.700241636 0.689462464 0.750206084 0.728951900 0.721605214 0.715105601 0.622293313 0.635042612 0.619303149 0.615482768 0.614256911 0.552508665 0.583546872 0.539819411 0.524139982 0.519693067 0.547388257 0.544332410 0.540437115 0.506249600 0.757171252 0.454322411 0.450016812 0.447257646 0.461904053 0.454823974 0.476660094 0.464770079 0.351524414 0.202340340 0.000000000 0.388274670 0.526756106 0.421457227 0.465321830 0.462904495 0.467109047 0.448201956 0.454629752 0.461355659 0.436063470 0.432034991 0.441811096 0.440982385 0.420304729 0.474598746 0.428665652 0.815743865 
34     0.356097692 0.387737590 0.410724154 0.425324388 0.414688532 0.475454489 0.454684813 0.446884444 0.440371667 0.347328750 0.360045491 0.344050538 0.340230156 0.339004299 0.277330490 0.308426746 0.266100834 0.251080849 0.246618140 0.274317379 0.270954610 0.266950440 0.232253303 0.482944032 0.232306245 0.228963479 0.225816107 0.240345122 0.232860529 0.254685076 0.242608804 0.128399431 0.328461696 0.388274670 0.000000000 0.220503104 0.115114295 0.159082833 0.156627624 0.160913775 0.142998905 0.148883071 0.155012755 0.136645365 0.134026108 0.143521410 0.143389861 0.122599527 0.176039057 0.130319759 0.539845218 
49     0.491075916 0.522478366 0.545908827 0.560497368 0.549781128 0.612922587 0.592180660 0.583892235 0.577379458 0.484407139 0.497197707 0.481492269 0.477671887 0.476446030 0.414694482 0.445806344 0.403838914 0.388979929 0.384535421 0.412157746 0.408794977 0.404790807 0.370114780 0.621266107 0.370247180 0.366577352 0.363734554 0.378183862 0.370602976 0.392696314 0.380274287 0.266547358 0.467084012 0.526756106 0.220503104 0.000000000 0.185541405 0.248314020 0.246067487 0.250078890 0.237810398 0.244418740 0.250544651 0.273748956 0.270645143 0.280158892 0.280019651 0.259586076 0.312846514 0.267239316 0.679093358 
20     0.386990412 0.418748143 0.441769530 0.456358071 0.445855465 0.506663240 0.485921312 0.479424220 0.472911443 0.379476547 0.392346847 0.376585461 0.372765080 0.371539223 0.309802112 0.340812280 0.298357812 0.283509639 0.279065131 0.306716462 0.303353694 0.299349523 0.264724383 0.515816273 0.265269982 0.261799476 0.258956677 0.273281887 0.265713976 0.287672850 0.275455571 0.161427395 0.362101054 0.421457227 0.115114295 0.185541405 0.000000000 0.141787748 0.139442363 0.143936200 0.131841891 0.137966266 0.144034688 0.168559732 0.165354119 0.174875995 0.174779651 0.154138132 0.207317119 0.161682675 0.573877449 
38     0.430927062 0.462492499 0.485684195 0.500272736 0.489552155 0.551237323 0.530495396 0.523054837 0.516542061 0.422835300 0.435687059 0.419986478 0.416166096 0.414940239 0.353202666 0.384148047 0.342258960 0.327459563 0.323015056 0.350529753 0.347166984 0.343162814 0.308682682 0.559635336 0.308948166 0.305589716 0.302746918 0.316955793 0.309455016 0.331401780 0.319145974 0.205047791 0.405704054 0.465321830 0.159082833 0.248314020 0.141787748 0.000000000 0.045004944 0.079611214 0.175791553 0.182059902 0.187997266 0.212329358 0.209095166 0.218756981 0.218673610 0.197964936 0.251028857 0.205409909 0.617483156 
48     0.428551280 0.460116717 0.483308413 0.497896954 0.487156749 0.548874207 0.528132279 0.520711501 0.514198724 0.420491963 0.433343723 0.417643141 0.413822759 0.412596903 0.350859329 0.381804710 0.339915624 0.325116227 0.320671719 0.348186416 0.344823647 0.340819477 0.306339346 0.557291999 0.306530831 0.303172381 0.300329583 0.314538458 0.307037681 0.328984445 0.316644103 0.202630456 0.403286719 0.462904495 0.156627624 0.246067487 0.139442363 0.045004944 0.000000000 0.078232204 0.173334268 0.179770817 0.185661634 0.210047663 0.206813471 0.216475286 0.216391915 0.195492329 0.248758986 0.203140038 0.615107374 
40     0.432067033 0.463630439 0.486911471 0.501500013 0.490870174 0.552922380 0.532180452 0.524886070 0.518438366 0.424727112 0.437578871 0.421938581 0.418118199 0.416892342 0.355302623 0.386248004 0.344214906 0.329415509 0.324971001 0.352485698 0.349122929 0.345118759 0.310638628 0.561619272 0.310477960 0.307119511 0.304289196 0.318469758 0.310785687 0.332944058 0.320688252 0.206903913 0.407491271 0.467109047 0.160913775 0.250078890 0.143936200 0.079611214 0.078232204 0.000000000 0.177838189 0.183923764 0.189729182 0.214159597 0.210831336 0.220466233 0.220299200 0.199693817 0.252831274 0.207212326 0.619368198 
47     0.413833444 0.445586787 0.468816099 0.483404640 0.472679951 0.533311774 0.512453347 0.504970069 0.498457292 0.405484044 0.418315104 0.402641388 0.398821006 0.397595150 0.335871401 0.366664327 0.325265606 0.310992950 0.306548442 0.333664069 0.330301300 0.326297130 0.291636084 0.542641636 0.292796126 0.289493759 0.286650961 0.300829683 0.293307385 0.315208203 0.303007838 0.188928444 0.388549956 0.448201956 0.142998905 0.237810398 0.131841891 0.175791553 0.173334268 0.177838189 0.000000000 0.109110498 0.116172438 0.196375692 0.192915345 0.202669626 0.202549218 0.181816813 0.235049471 0.189384971 0.599411207 
46     0.420601787 0.452395951 0.475584442 0.490172983 0.479433503 0.540411412 0.519669484 0.511679290 0.505166513 0.411687982 0.424551859 0.408845326 0.405024944 0.403799087 0.342011117 0.372881004 0.330951755 0.316831335 0.312386827 0.339632888 0.336270119 0.332265949 0.297537577 0.548626107 0.298279356 0.294916765 0.292073967 0.306227666 0.298796600 0.320718375 0.308609477 0.195013488 0.394977752 0.454629752 0.148883071 0.244418740 0.137966266 0.182059902 0.179770817 0.183923764 0.109110498 0.000000000 0.048589067 0.202200999 0.198589206 0.208301787 0.208181379 0.187410775 0.240720110 0.195055611 0.606657198 
17     0.426750033 0.458544198 0.481732689 0.496321230 0.485581750 0.546559659 0.525817731 0.517827537 0.511314760 0.417836229 0.430700106 0.414993573 0.411173191 0.409947334 0.348159364 0.379029251 0.337100002 0.322979582 0.318535074 0.345781135 0.342418366 0.338414196 0.303685824 0.554774354 0.304467724 0.301105134 0.298262335 0.312416034 0.304984968 0.326911510 0.314797845 0.201201856 0.401711428 0.461355659 0.155012755 0.250544651 0.144034688 0.187997266 0.185661634 0.189729182 0.116172438 0.048589067 0.000000000 0.208331472 0.204726969 0.214432166 0.214311758 0.193541154 0.246752490 0.201076750 0.612805445 
14     0.403150032 0.434926699 0.458001588 0.472592116 0.461986010 0.522427209 0.501685072 0.493721883 0.487209106 0.394062949 0.406805185 0.390972759 0.387152377 0.385926520 0.324163821 0.355172254 0.312792513 0.297973545 0.293181472 0.321067744 0.317704976 0.313698707 0.279070038 0.530362966 0.279228566 0.275873071 0.273030273 0.286975619 0.279695039 0.301707536 0.289592204 0.175794984 0.376146391 0.436063470 0.136645365 0.273748956 0.168559732 0.212329358 0.210047663 0.214159597 0.196375692 0.202200999 0.208331472 0.000000000 0.163667779 0.172863642 0.173004974 0.152404037 0.205940105 0.159936661 0.588691898 
15     0.397703940 0.429606702 0.452693926 0.467285545 0.456779737 0.518142523 0.497399072 0.489087757 0.482574980 0.389874046 0.402680697 0.386851746 0.383031364 0.381805507 0.320095920 0.351035343 0.309326222 0.294528789 0.290122697 0.317648019 0.314285250 0.310278982 0.275639086 0.526659432 0.274652987 0.271413228 0.268570430 0.283050376 0.275513196 0.297812498 0.285472226 0.171440164 0.372264743 0.432034991 0.134026108 0.270645143 0.165354119 0.209095166 0.206813471 0.210831336 0.192915345 0.198589206 0.204726969 0.163667779 0.000000000 0.117040538 0.117056414 0.096268861 0.176562249 0.131003056 0.583353094 
13     0.406590586 0.438464914 0.461694809 0.476280105 0.465614017 0.527454827 0.506711375 0.498775221 0.492262444 0.399303043 0.412075472 0.396246521 0.392426139 0.391200282 0.329467860 0.360376561 0.318547810 0.303750377 0.299344285 0.326767114 0.323404345 0.319398077 0.284740529 0.536101289 0.284596543 0.281358101 0.278515303 0.292937502 0.285459153 0.307647728 0.295353638 0.181374009 0.382040847 0.441811096 0.143521410 0.280158892 0.174875995 0.218756981 0.216475286 0.220466233 0.202669626 0.208301787 0.214432166 0.172863642 0.117040538 0.000000000 0.088427601 0.105871661 0.186729556 0.141182922 0.592597915 
10     0.407704227 0.439572184 0.462751338 0.477336633 0.466599197 0.527669653 0.506926201 0.499114138 0.492601361 0.399666477 0.412438907 0.396609956 0.392789574 0.391563717 0.329854130 0.360795567 0.318830898 0.304033465 0.299627373 0.327153305 0.323790536 0.319784268 0.285144372 0.535650410 0.284563009 0.281313844 0.278471045 0.292863532 0.285388680 0.307576246 0.295190994 0.181196749 0.381464856 0.440982385 0.143389861 0.280019651 0.174779651 0.218673610 0.216391915 0.220299200 0.202549218 0.208181379 0.214311758 0.173004974 0.117056414 0.088427601 0.000000000 0.105388591 0.185920398 0.140516563 0.592960057 
12     0.385180499 0.416307788 0.439502344 0.454098832 0.443393533 0.505993640 0.485250189 0.477191064 0.470678287 0.377597315 0.390403966 0.374575015 0.370754633 0.369528776 0.307687453 0.338654478 0.297466155 0.282726749 0.278320657 0.305779216 0.302416447 0.298410179 0.263770283 0.514871233 0.263681151 0.260405716 0.257562917 0.272020775 0.264613930 0.286832680 0.274680085 0.160521241 0.360541947 0.420304729 0.122599527 0.259586076 0.154138132 0.197964936 0.195492329 0.199693817 0.181816813 0.187410775 0.193541154 0.152404037 0.096268861 0.105871661 0.105388591 0.000000000 0.165670569 0.120134227 0.571526064 
29     0.440573750 0.472170372 0.495374195 0.509963673 0.499342420 0.560328405 0.539584953 0.532063183 0.525550407 0.432339741 0.445280838 0.429451887 0.425631505 0.424405648 0.362696061 0.393641927 0.351597076 0.336784426 0.332378334 0.359779241 0.356416473 0.352410204 0.317794741 0.569209011 0.317108583 0.314248284 0.311405486 0.325446710 0.318045658 0.340263658 0.327772839 0.214001083 0.414789444 0.474598746 0.176039057 0.312846514 0.207317119 0.251028857 0.248758986 0.252831274 0.235049471 0.240720110 0.246752490 0.205940105 0.176562249 0.186729556 0.185920398 0.165670569 0.000000000 0.093565128 0.625400640 
19     0.395231101 0.426781395 0.450128812 0.464714107 0.454054510 0.514977614 0.494235478 0.486199037 0.479686260 0.386595602 0.399536699 0.383768564 0.379948183 0.378722326 0.316951923 0.347897789 0.305758572 0.290961139 0.286555047 0.313940738 0.310577969 0.306571701 0.271956238 0.522795920 0.271065744 0.267696480 0.264853681 0.279066360 0.271730923 0.293479792 0.281209510 0.167752470 0.368856351 0.428665652 0.130319759 0.267239316 0.161682675 0.205409909 0.203140038 0.207212326 0.189384971 0.195055611 0.201076750 0.159936661 0.131003056 0.141182922 0.140516563 0.120134227 0.093565128 0.000000000 0.579623763 
0     0.700802315 0.734806266 0.758509768 0.773314114 0.762545630 0.820007755 0.799331077 0.806660706 0.800147929 0.707404241 0.719947454 0.703926011 0.700105629 0.698879772 0.637263611 0.668723417 0.625652326 0.610088875 0.605687004 0.635439740 0.631851661 0.627518908 0.593176848 0.843579320 0.659180497 0.657126687 0.654142800 0.666170389 0.660562715 0.682946104 0.669524649 0.553674905 0.755610457 0.815743865 0.539845218 0.679093358 0.573877449 0.617483156 0.615107374 0.619368198 0.599411207 0.606657198 0.612805445 0.588691898 0.583353094 0.592597915 0.592960057 0.571526064 0.625400640 0.579623763 0.000000000 
