51
4     0.000000000 0.005185100 0.009915100 0.009194610 0.007186520 0.015344010 0.016583170 0.032390260 0.054257640 0.043658580 0.034722170 0.032790120 0.052350250 0.031567050 0.031668680 0.026029210 0.036643200 0.011406210 0.026094500 0.033776750 0.058123160 0.046070430 0.016584400 0.026333520 0.025545450 0.007711000 0.042478370 0.047023810 0.009197670 0.011285100 0.009487450 0.011808030 0.016305220 0.013424810 0.014442080 0.016791830 0.012550350 0.008857040 0.011373230 0.008285330 0.007034340 0.006975950 0.008538620 0.010641390 0.010393000 0.008773280 0.008596850 0.005364410 0.003530200 0.002367210 0.022057220 
5     0.005185100 0.000000000 0.000213680 0.000344360 0.008440060 0.036510610 0.037749770 0.053556860 0.061555920 0.051848550 0.055888770 0.053956720 0.053887300 0.052733650 0.052835280 0.047195810 0.053786000 0.032572810 0.047261100 0.054943350 0.059660210 0.060009770 0.037751000 0.047500120 0.046712050 0.028877600 0.044015420 0.048560860 0.030364270 0.032451700 0.030654050 0.032974630 0.037471820 0.034591410 0.035608680 0.037958430 0.033716950 0.030023640 0.032539830 0.029451930 0.028200940 0.028142550 0.029705220 0.031807990 0.031559600 0.029939880 0.029763450 0.026531010 0.024696800 0.023533810 0.043223820 
1     0.009915100 0.000213680 0.000000000 0.000130680 0.014385460 0.026373660 0.027612820 0.043419910 0.059953360 0.051166450 0.045751820 0.043819770 0.053205200 0.042596700 0.042698330 0.037058860 0.047672850 0.022435860 0.037124150 0.044806400 0.058978110 0.057100080 0.027614050 0.037363170 0.036575100 0.018740650 0.043333320 0.047878760 0.020227320 0.022314750 0.020517100 0.022837680 0.027334870 0.024454460 0.025471730 0.027821480 0.023580000 0.019886690 0.022402880 0.019314980 0.011014710 0.018005600 0.019568270 0.021671040 0.021422650 0.019802930 0.019626500 0.016394060 0.014559850 0.013396860 0.033086870 
2     0.009194610 0.000344360 0.000130680 0.000000000 0.025669670 0.024535940 0.025775100 0.041582190 0.058341960 0.054445520 0.043914100 0.041982050 0.056484270 0.040758980 0.040860610 0.035221140 0.045835130 0.020598140 0.035286430 0.042968680 0.062257180 0.055262360 0.025776330 0.035525450 0.034737380 0.016902930 0.046612390 0.051157830 0.018389600 0.020477030 0.018679380 0.020999960 0.025497150 0.022616740 0.023634010 0.025983760 0.021742280 0.018048970 0.020565160 0.017477260 0.016226270 0.016167880 0.017730550 0.019833320 0.019584930 0.017965210 0.017788780 0.014556340 0.012722130 0.011559140 0.031249150 
3     0.007186520 0.008440060 0.014385460 0.025669670 0.000000000 0.034855560 0.036094720 0.051566060 0.042532220 0.037250040 0.048123410 0.052301670 0.052661100 0.045634860 0.037225500 0.045540760 0.048345400 0.030917760 0.040693740 0.043058100 0.053262440 0.062682480 0.036095950 0.045845070 0.045057000 0.025139870 0.045497850 0.055482600 0.028709220 0.030796650 0.028999000 0.031319580 0.035816770 0.032936360 0.033953630 0.036303380 0.032061900 0.028368590 0.030884780 0.027796880 0.026545890 0.026487500 0.028050170 0.030152940 0.029904550 0.028284830 0.028108400 0.024875960 0.023041750 0.021878760 0.019866630 
38     0.015344010 0.036510610 0.026373660 0.024535940 0.034855560 0.000000000 0.001219200 0.000092990 0.010533270 0.022017780 0.018509070 0.027288790 0.032950320 0.031957000 0.015049560 0.015979630 0.024749480 0.021369280 0.025488470 0.015810670 0.012772640 0.031631800 0.018305830 0.006676820 0.014518350 0.019646250 0.050331350 0.054876790 0.021132920 0.023220350 0.021422700 0.023743280 0.028240470 0.025360060 0.026377330 0.028727080 0.024485600 0.020792290 0.023308480 0.020220580 0.018969590 0.018911200 0.020473870 0.022576640 0.022328250 0.020708530 0.020532100 0.017299660 0.015465450 0.014302460 0.033995270 
36     0.016583170 0.037749770 0.027612820 0.025775100 0.036094720 0.001219200 0.000000000 0.000066180 0.009028220 0.016022350 0.043201670 0.021293360 0.029097000 0.025961570 0.019448490 0.035638990 0.041533920 0.022608440 0.032892540 0.028648720 0.030521400 0.022594640 0.027316150 0.034412540 0.020617550 0.020885410 0.047407510 0.052828950 0.022372080 0.024459510 0.022661860 0.024982440 0.029479630 0.026599220 0.027616490 0.028918220 0.025724760 0.022031450 0.024547640 0.021459740 0.020208750 0.020150360 0.021713030 0.023815800 0.023567410 0.021947690 0.021771260 0.018538820 0.016704610 0.015541620 0.035234430 
48     0.032390260 0.053556860 0.043419910 0.041582190 0.051566060 0.000092990 0.000066180 0.000000000 0.018731320 0.034548440 0.027138730 0.038818470 0.034322270 0.036984770 0.027730440 0.029895950 0.036537800 0.020822440 0.032305910 0.029341580 0.035895770 0.033159810 0.023076070 0.011447060 0.015890300 0.036692500 0.048493470 0.050248740 0.038179170 0.040266600 0.038468950 0.040789530 0.045286720 0.042406310 0.043423580 0.045773330 0.041531850 0.037838540 0.040354730 0.037266830 0.035574160 0.035957450 0.037520120 0.039622890 0.039374500 0.017138210 0.037578350 0.034345910 0.032511700 0.031348710 0.051041520 
13     0.054257640 0.061555920 0.059953360 0.058341960 0.042532220 0.010533270 0.009028220 0.018731320 0.000000000 0.018393890 0.008035180 0.028196870 0.033125930 0.025727350 0.004575670 0.005505740 0.014275590 0.027681270 0.018967340 0.012136120 0.034944580 0.032539880 0.008771580 0.020069520 0.006263140 0.030801770 0.049936010 0.051691280 0.045042080 0.051875010 0.055379120 0.053253030 0.055351430 0.054904000 0.054004990 0.054871940 0.055949870 0.050049270 0.042790370 0.045929500 0.053311220 0.055482140 0.044273440 0.051108000 0.052896360 0.029491620 0.045911600 0.049810830 0.041883770 0.047329470 0.082671150 
32     0.043658580 0.051848550 0.051166450 0.054445520 0.037250040 0.022017780 0.016022350 0.034548440 0.018393890 0.000000000 0.001166150 0.005664080 0.008177390 0.009409040 0.004216470 0.009668820 0.010463900 0.023356490 0.011967930 0.020195170 0.032552060 0.017997700 0.022195280 0.021141570 0.022984240 0.022117630 0.045302850 0.049848290 0.036357940 0.047241700 0.048032380 0.052182780 0.051802730 0.050807880 0.049136860 0.046187800 0.050898210 0.040088890 0.034106230 0.037245360 0.051699610 0.052451870 0.054736190 0.049120720 0.049114890 0.053079690 0.052584670 0.049291660 0.048254210 0.040899700 0.064307350 
22     0.034722170 0.055888770 0.045751820 0.043914100 0.048123410 0.018509070 0.043201670 0.027138730 0.008035180 0.001166150 0.000000000 0.007812730 0.014526070 0.004710380 0.002401100 0.004498260 0.013268110 0.032787280 0.034423840 0.034334410 0.037608440 0.037958000 0.027251660 0.026197950 0.008206380 0.039024410 0.050359230 0.054904670 0.040511080 0.042598510 0.040800860 0.043121440 0.047618630 0.044738220 0.045755490 0.048105240 0.043863760 0.040170450 0.042686640 0.039598740 0.038347750 0.038289360 0.039852030 0.041954800 0.041706410 0.040086690 0.039910260 0.036677820 0.034843610 0.033680620 0.053373430 
27     0.032790120 0.053956720 0.043819770 0.041982050 0.052301670 0.027288790 0.021293360 0.038818470 0.028196870 0.005664080 0.007812730 0.000000000 0.000564020 0.000136740 0.002531830 0.022297960 0.016537140 0.031829220 0.013848400 0.032566860 0.035840890 0.023268710 0.020602170 0.024430400 0.029662340 0.037092360 0.048591680 0.053137120 0.038579030 0.040666460 0.038868810 0.041189390 0.045686580 0.042806170 0.043823440 0.046173190 0.041931710 0.038238400 0.040754590 0.037666690 0.036415700 0.036357310 0.037919980 0.040022750 0.039774360 0.038154640 0.037978210 0.034745770 0.032911560 0.031748570 0.051441380 
28     0.052350250 0.053887300 0.053205200 0.056484270 0.052661100 0.032950320 0.029097000 0.034322270 0.033125930 0.008177390 0.014526070 0.000564020 0.000000000 0.000342160 0.002945290 0.004210550 0.004160010 0.028581320 0.031817700 0.031316780 0.034590810 0.031072350 0.024234030 0.023180320 0.026515330 0.052838450 0.047341600 0.051887040 0.047218560 0.049280450 0.050071130 0.054221530 0.053841480 0.052846630 0.051175610 0.039652930 0.052936960 0.042127640 0.058898640 0.059323240 0.053738360 0.054490620 0.057023850 0.051159470 0.051153640 0.056010260 0.055949400 0.051490550 0.044748290 0.048874160 0.043687400 
7     0.031567050 0.052733650 0.042596700 0.040758980 0.045634860 0.031957000 0.025961570 0.036984770 0.025727350 0.009409040 0.004710380 0.000136740 0.000342160 0.000000000 0.002480970 0.012474130 0.016062130 0.027029660 0.029604180 0.032091850 0.035365880 0.027936920 0.025009100 0.023955390 0.029187330 0.035869290 0.048116670 0.052662110 0.037355960 0.039443390 0.037645740 0.039966320 0.044463510 0.041583100 0.042600370 0.042583480 0.040708640 0.037015330 0.039531520 0.036443620 0.035192630 0.035134240 0.036696910 0.038799680 0.038551290 0.036931570 0.036755140 0.033522700 0.031688490 0.030525500 0.043616750 
11     0.031668680 0.052835280 0.042698330 0.040860610 0.037225500 0.015049560 0.019448490 0.027730440 0.004575670 0.004216470 0.002401100 0.002531830 0.002945290 0.002480970 0.000000000 0.001038750 0.004691840 0.023773530 0.025095090 0.032325440 0.035599470 0.024433050 0.025242690 0.024188980 0.004746870 0.029799950 0.048350260 0.052895700 0.037457590 0.039545020 0.037747370 0.040067950 0.044565140 0.041684730 0.042702000 0.012056940 0.040810270 0.037116960 0.038602390 0.035335610 0.035294260 0.035235870 0.036798540 0.038901310 0.038652920 0.037033200 0.036856770 0.033624330 0.031790120 0.030627130 0.050319940 
9     0.026029210 0.047195810 0.037058860 0.035221140 0.045540760 0.015979630 0.035638990 0.029895950 0.005505740 0.009668820 0.004498260 0.022297960 0.004210550 0.012474130 0.001038750 0.000000000 0.000051360 0.030257840 0.034889510 0.036595560 0.037257390 0.040599890 0.028434440 0.027667320 0.005676940 0.030331450 0.053001120 0.057546560 0.031818120 0.033905550 0.032107900 0.034428480 0.038925670 0.036045260 0.037062530 0.039412280 0.035170800 0.031477490 0.033993680 0.030905780 0.029654790 0.029596400 0.031159070 0.033261840 0.033013450 0.031393730 0.031217300 0.027984860 0.026150650 0.017724700 0.044680470 
44     0.036643200 0.053786000 0.047672850 0.045835130 0.048345400 0.024749480 0.041533920 0.036537800 0.014275590 0.010463900 0.013268110 0.016537140 0.004160010 0.016062130 0.004691840 0.000051360 0.000000000 0.031931360 0.031995850 0.031215480 0.030448940 0.034839070 0.024132730 0.023079020 0.014446790 0.040945440 0.047240300 0.051785740 0.042432110 0.044519540 0.042721890 0.045042470 0.049539660 0.046659250 0.047676520 0.050026270 0.045784790 0.042026340 0.044607670 0.041519770 0.040268780 0.040210390 0.041773060 0.043875830 0.043627440 0.042007720 0.041831290 0.038598850 0.036764640 0.035601650 0.055294460 
47     0.011406210 0.032572810 0.022435860 0.020598140 0.030917760 0.021369280 0.022608440 0.020822440 0.027681270 0.023356490 0.032787280 0.031829220 0.028581320 0.027029660 0.023773530 0.030257840 0.031931360 0.000000000 0.003201120 0.000299630 0.014249230 0.010619410 0.022609670 0.021442070 0.016547960 0.015708450 0.033597550 0.040247890 0.017195120 0.019282550 0.017484900 0.019805480 0.024302670 0.021422260 0.022439530 0.024789280 0.020547800 0.016854490 0.019370680 0.016282780 0.015031790 0.014973400 0.016536070 0.018638840 0.018390450 0.016770730 0.016594300 0.013361860 0.011527650 0.010364660 0.013593300 
20     0.026094500 0.047261100 0.037124150 0.035286430 0.040693740 0.025488470 0.032892540 0.032305910 0.018967340 0.011967930 0.034423840 0.013848400 0.031817700 0.029604180 0.025095090 0.034889510 0.031995850 0.003201120 0.000000000 0.001503070 0.032346830 0.024554270 0.023799810 0.031781070 0.016255540 0.030396740 0.050618250 0.052373520 0.031883410 0.033970840 0.032173190 0.034493770 0.038990960 0.036110550 0.037127820 0.039477570 0.035236090 0.031542780 0.034058970 0.030971070 0.029720080 0.029661690 0.031224360 0.033327130 0.033078740 0.031459020 0.031282590 0.028050150 0.026215940 0.025052950 0.042841530 
24     0.033776750 0.054943350 0.044806400 0.042968680 0.043058100 0.015810670 0.028648720 0.029341580 0.012136120 0.020195170 0.034334410 0.032566860 0.031316780 0.032091850 0.032325440 0.036595560 0.031215480 0.000299630 0.001503070 0.000000000 0.037089690 0.037439250 0.026732910 0.025679200 0.025353750 0.038078990 0.049168420 0.050923690 0.039565660 0.041653090 0.039855440 0.042176020 0.046673210 0.043792800 0.044810070 0.047159820 0.042918340 0.039225030 0.041741220 0.038653320 0.037402330 0.037343940 0.038906610 0.041009380 0.040760990 0.039141270 0.038964840 0.035732400 0.033898190 0.032735200 0.052428010 
6     0.058123160 0.059660210 0.058978110 0.062257180 0.053262440 0.012772640 0.030521400 0.035895770 0.034944580 0.032552060 0.037608440 0.035840890 0.034590810 0.035365880 0.035599470 0.037257390 0.030448940 0.014249230 0.032346830 0.037089690 0.000000000 0.000055520 0.028212160 0.027158450 0.010518750 0.059270160 0.029664060 0.057659950 0.026683440 0.055053360 0.042682190 0.059994440 0.034434260 0.022900880 0.056948520 0.056740900 0.058709870 0.024165220 0.064671550 0.063765070 0.059511270 0.060263530 0.063455560 0.056932380 0.056926550 0.061783170 0.061722310 0.057263460 0.012581440 0.021823350 0.011520550 
43     0.046070430 0.060009770 0.057100080 0.055262360 0.062682480 0.031631800 0.022594640 0.033159810 0.032539880 0.017997700 0.037958000 0.023268710 0.031072350 0.027936920 0.024433050 0.040599890 0.034839070 0.010619410 0.024554270 0.037439250 0.000055520 0.000000000 0.013163780 0.013622320 0.010703550 0.032946100 0.026034240 0.058009510 0.023053620 0.053946770 0.039052370 0.044951820 0.030804440 0.019271060 0.047199670 0.034436020 0.055212020 0.020535400 0.041748540 0.038481760 0.049696010 0.049637620 0.051200290 0.053303060 0.053054670 0.051434950 0.051258520 0.048026080 0.008951620 0.018193530 0.007890730 
37     0.016584400 0.037751000 0.027614050 0.025776330 0.036095950 0.018305830 0.027316150 0.023076070 0.008771580 0.022195280 0.027251660 0.020602170 0.024234030 0.025009100 0.025242690 0.028434440 0.024132730 0.022609670 0.023799810 0.026732910 0.028212160 0.013163780 0.000000000 0.000012830 0.001328630 0.020886640 0.042757730 0.047303170 0.022373310 0.024460740 0.022663090 0.024983670 0.029480860 0.026600450 0.027617720 0.029967470 0.025725990 0.022032680 0.024548870 0.021460970 0.020209980 0.020151590 0.021714260 0.023817030 0.023568640 0.021948920 0.021772490 0.018540050 0.016705840 0.015542850 0.035235660 
14     0.026333520 0.047500120 0.037363170 0.035525450 0.045845070 0.006676820 0.034412540 0.011447060 0.020069520 0.021141570 0.026197950 0.024430400 0.023180320 0.023955390 0.024188980 0.027667320 0.023079020 0.021442070 0.031781070 0.025679200 0.027158450 0.013622320 0.000012830 0.000000000 0.005154770 0.030635760 0.041704020 0.046249460 0.032122430 0.034209860 0.032412210 0.034732790 0.039229980 0.036349570 0.037366840 0.039716590 0.035475110 0.031781800 0.034297990 0.031210090 0.029959100 0.029900710 0.031463380 0.033566150 0.033317760 0.031698040 0.031521610 0.028289170 0.026454960 0.025291970 0.044984780 
31     0.025545450 0.046712050 0.036575100 0.034737380 0.045057000 0.014518350 0.020617550 0.015890300 0.006263140 0.022984240 0.008206380 0.029662340 0.026515330 0.029187330 0.004746870 0.005676940 0.014446790 0.016547960 0.016255540 0.025353750 0.010518750 0.010703550 0.001328630 0.005154770 0.000000000 0.029847690 0.046935960 0.051481400 0.031334360 0.033421790 0.031624140 0.033944720 0.038441910 0.035561500 0.036578770 0.038928520 0.034687040 0.030993730 0.033509920 0.030422020 0.029171030 0.029112640 0.030675310 0.032778080 0.032529690 0.030909970 0.030733540 0.027501100 0.025666890 0.024503900 0.044196710 
41     0.007711000 0.028877600 0.018740650 0.016902930 0.025139870 0.019646250 0.020885410 0.036692500 0.030801770 0.022117630 0.039024410 0.037092360 0.052838450 0.035869290 0.029799950 0.030331450 0.040945440 0.015708450 0.030396740 0.038078990 0.059270160 0.032946100 0.020886640 0.030635760 0.029847690 0.000000000 0.007172200 0.014105470 0.009777690 0.011865120 0.010067470 0.012388050 0.016885240 0.014004830 0.015022100 0.017371850 0.011056890 0.007026770 0.007187540 0.006784220 0.010998560 0.010940170 0.012502840 0.014605610 0.014357220 0.012737500 0.012561070 0.009328630 0.007494420 0.006331430 0.026362260 
16     0.042478370 0.044015420 0.043333320 0.046612390 0.045497850 0.050331350 0.047407510 0.048493470 0.049936010 0.045302850 0.050359230 0.048591680 0.047341600 0.048116670 0.048350260 0.053001120 0.047240300 0.033597550 0.050618250 0.049168420 0.029664060 0.026034240 0.042757730 0.041704020 0.046935960 0.007172200 0.000000000 0.000960560 0.009426650 0.013448290 0.024481850 0.024445240 0.026254560 0.023667880 0.015790850 0.019349840 0.007918210 0.003651010 0.003811780 0.003408460 0.031744040 0.023014770 0.021709020 0.022246290 0.030355930 0.018318940 0.024193600 0.024561830 0.013318870 0.013184460 0.030868870 
25     0.047023810 0.048560860 0.047878760 0.051157830 0.055482600 0.054876790 0.052828950 0.050248740 0.051691280 0.049848290 0.054904670 0.053137120 0.051887040 0.052662110 0.052895700 0.057546560 0.051785740 0.040247890 0.052373520 0.050923690 0.057659950 0.058009510 0.047303170 0.046249460 0.051481400 0.014105470 0.000960560 0.000000000 0.022796950 0.010867780 0.027402670 0.026200510 0.027883920 0.024218370 0.021340630 0.024680140 0.029287460 0.010565130 0.037072450 0.038279400 0.032294530 0.024644130 0.023338380 0.023875650 0.035735580 0.031344760 0.025822960 0.025112320 0.031697270 0.029047660 0.059020100 
26     0.009197670 0.030364270 0.020227320 0.018389600 0.028709220 0.021132920 0.022372080 0.038179170 0.045042080 0.036357940 0.040511080 0.038579030 0.047218560 0.037355960 0.037457590 0.031818120 0.042432110 0.017195120 0.031883410 0.039565660 0.026683440 0.023053620 0.022373310 0.032122430 0.031334360 0.009777690 0.009426650 0.022796950 0.000000000 0.000000220 0.000016320 0.003814540 0.008311730 0.005431320 0.006448590 0.008798340 0.002323240 0.001046210 0.005283880 0.002195980 0.012485230 0.012426840 0.013989510 0.014028770 0.004217770 0.014224170 0.014047740 0.003972320 0.008981090 0.007818100 0.027848930 
49     0.011285100 0.032451700 0.022314750 0.020477030 0.030796650 0.023220350 0.024459510 0.040266600 0.051875010 0.047241700 0.042598510 0.040666460 0.049280450 0.039443390 0.039545020 0.033905550 0.044519540 0.019282550 0.033970840 0.041653090 0.055053360 0.053946770 0.024460740 0.034209860 0.033421790 0.011865120 0.013448290 0.010867780 0.000000220 0.000000000 0.000864720 0.005901970 0.010399160 0.007518750 0.007341990 0.010885770 0.006644290 0.003133640 0.007371310 0.004283410 0.014572660 0.014514270 0.016076940 0.018179710 0.017931320 0.016311600 0.016135170 0.012902730 0.011068520 0.009905530 0.029936360 
45     0.009487450 0.030654050 0.020517100 0.018679380 0.028999000 0.021422700 0.022661860 0.038468950 0.055379120 0.048032380 0.040800860 0.038868810 0.050071130 0.037645740 0.037747370 0.032107900 0.042721890 0.017484900 0.032173190 0.039855440 0.042682190 0.039052370 0.022663090 0.032412210 0.031624140 0.010067470 0.024481850 0.027402670 0.000016320 0.000864720 0.000000000 0.004245720 0.008742910 0.005862500 0.006879770 0.009229520 0.004025600 0.001335990 0.005573660 0.002485760 0.012775010 0.012716620 0.014279290 0.016382060 0.016133670 0.014513950 0.014337520 0.011105080 0.009270870 0.008107880 0.028138710 
15     0.011808030 0.032974630 0.022837680 0.020999960 0.031319580 0.023743280 0.024982440 0.040789530 0.053253030 0.052182780 0.043121440 0.041189390 0.054221530 0.039966320 0.040067950 0.034428480 0.045042470 0.019805480 0.034493770 0.042176020 0.059994440 0.044951820 0.024983670 0.034732790 0.033944720 0.012388050 0.024445240 0.026200510 0.003814540 0.005901970 0.004245720 0.000000000 0.003253550 0.000204660 0.000083250 0.000361930 0.000394130 0.003656570 0.007894240 0.004806340 0.015095590 0.015037200 0.016599870 0.018702640 0.018454250 0.016834530 0.016658100 0.013425660 0.011591450 0.010428460 0.030459290 
19     0.016305220 0.037471820 0.027334870 0.025497150 0.035816770 0.028240470 0.029479630 0.045286720 0.055351430 0.051802730 0.047618630 0.045686580 0.053841480 0.044463510 0.044565140 0.038925670 0.049539660 0.024302670 0.038990960 0.046673210 0.034434260 0.030804440 0.029480860 0.039229980 0.038441910 0.016885240 0.026254560 0.027883920 0.008311730 0.010399160 0.008742910 0.003253550 0.000000000 0.000004940 0.008113100 0.010061830 0.004606010 0.008153760 0.012391430 0.009303530 0.019592780 0.019534390 0.021097060 0.023199830 0.022951440 0.021331720 0.021155290 0.017922850 0.016088640 0.014925650 0.034956480 
17     0.013424810 0.034591410 0.024454460 0.022616740 0.032936360 0.025360060 0.026599220 0.042406310 0.054904000 0.050807880 0.044738220 0.042806170 0.052846630 0.041583100 0.041684730 0.036045260 0.046659250 0.021422260 0.036110550 0.043792800 0.022900880 0.019271060 0.026600450 0.036349570 0.035561500 0.014004830 0.023667880 0.024218370 0.005431320 0.007518750 0.005862500 0.000204660 0.000004940 0.000000000 0.000406710 0.000251070 0.000283270 0.005273350 0.009511020 0.006423120 0.016712370 0.016653980 0.018216650 0.020319420 0.020071030 0.018451310 0.018274880 0.015042440 0.013208230 0.012045240 0.024105690 
39     0.014442080 0.035608680 0.025471730 0.023634010 0.033953630 0.026377330 0.027616490 0.043423580 0.054004990 0.049136860 0.045755490 0.043823440 0.051175610 0.042600370 0.042702000 0.037062530 0.047676520 0.022439530 0.037127820 0.044810070 0.056948520 0.047199670 0.027617720 0.037366840 0.036578770 0.015022100 0.015790850 0.021340630 0.006448590 0.007341990 0.006879770 0.000083250 0.008113100 0.000406710 0.000000000 0.000176740 0.000208940 0.006290620 0.010528290 0.007440390 0.017729640 0.017671250 0.019233920 0.021336690 0.021088300 0.019468580 0.019292150 0.016059710 0.014225500 0.013062510 0.033093340 
21     0.016791830 0.037958430 0.027821480 0.025983760 0.036303380 0.028727080 0.028918220 0.045773330 0.054871940 0.046187800 0.048105240 0.046173190 0.039652930 0.042583480 0.012056940 0.039412280 0.050026270 0.024789280 0.039477570 0.047159820 0.056740900 0.034436020 0.029967470 0.039716590 0.038928520 0.017371850 0.019349840 0.024680140 0.008798340 0.010885770 0.009229520 0.000361930 0.010061830 0.000251070 0.000176740 0.000000000 0.000053300 0.008640370 0.012878040 0.009790140 0.020079390 0.020021000 0.021583670 0.023686440 0.023438050 0.021818330 0.021641900 0.018409460 0.016575250 0.015412260 0.035443090 
46     0.012550350 0.033716950 0.023580000 0.021742280 0.032061900 0.024485600 0.025724760 0.041531850 0.055949870 0.050898210 0.043863760 0.041931710 0.052936960 0.040708640 0.040810270 0.035170800 0.045784790 0.020547800 0.035236090 0.042918340 0.058709870 0.055212020 0.025725990 0.035475110 0.034687040 0.011056890 0.007918210 0.029287460 0.002323240 0.006644290 0.004025600 0.000394130 0.004606010 0.000283270 0.000208940 0.000053300 0.000000000 0.004398890 0.005437470 0.005034150 0.015837910 0.015779520 0.017342190 0.019444960 0.019196570 0.017576850 0.017400420 0.014167980 0.012333770 0.011170780 0.031201610 
8     0.008857040 0.030023640 0.019886690 0.018048970 0.028368590 0.020792290 0.022031450 0.037838540 0.050049270 0.040088890 0.040170450 0.038238400 0.042127640 0.037015330 0.037116960 0.031477490 0.042026340 0.016854490 0.031542780 0.039225030 0.024165220 0.020535400 0.022032680 0.031781800 0.030993730 0.007026770 0.003651010 0.010565130 0.001046210 0.003133640 0.001335990 0.003656570 0.008153760 0.005273350 0.006290620 0.008640370 0.004398890 0.000000000 0.001099610 0.000696290 0.012144600 0.012086210 0.013648880 0.015751650 0.015503260 0.004274950 0.013707110 0.010474670 0.008640460 0.007477470 0.025370030 
50     0.011373230 0.032539830 0.022402880 0.020565160 0.030884780 0.023308480 0.024547640 0.040354730 0.042790370 0.034106230 0.042686640 0.040754590 0.058898640 0.039531520 0.038602390 0.033993680 0.044607670 0.019370680 0.034058970 0.041741220 0.064671550 0.041748540 0.024548870 0.034297990 0.033509920 0.007187540 0.003811780 0.037072450 0.005283880 0.007371310 0.005573660 0.007894240 0.012391430 0.009511020 0.010528290 0.012878040 0.005437470 0.001099610 0.000000000 0.000745480 0.014660790 0.014602400 0.016165070 0.018267840 0.018019450 0.016399730 0.016223300 0.012990860 0.010838130 0.009993660 0.030024490 
29     0.008285330 0.029451930 0.019314980 0.017477260 0.027796880 0.020220580 0.021459740 0.037266830 0.045929500 0.037245360 0.039598740 0.037666690 0.059323240 0.036443620 0.035335610 0.030905780 0.041519770 0.016282780 0.030971070 0.038653320 0.063765070 0.038481760 0.021460970 0.031210090 0.030422020 0.006784220 0.003408460 0.038279400 0.002195980 0.004283410 0.002485760 0.004806340 0.009303530 0.006423120 0.007440390 0.009790140 0.005034150 0.000696290 0.000745480 0.000000000 0.011572890 0.011514500 0.013077170 0.015179940 0.014931550 0.013311830 0.013135400 0.009902960 0.008068750 0.006905760 0.026936590 
18     0.007034340 0.028200940 0.011014710 0.016226270 0.026545890 0.018969590 0.020208750 0.035574160 0.053311220 0.051699610 0.038347750 0.036415700 0.053738360 0.035192630 0.035294260 0.029654790 0.040268780 0.015031790 0.029720080 0.037402330 0.059511270 0.049696010 0.020209980 0.029959100 0.029171030 0.010998560 0.031744040 0.032294530 0.012485230 0.014572660 0.012775010 0.015095590 0.019592780 0.016712370 0.017729640 0.020079390 0.015837910 0.012144600 0.014660790 0.011572890 0.000000000 0.000067470 0.002155520 0.001185350 0.001115320 0.003784960 0.003608530 0.002328090 0.006792180 0.005629190 0.025685600 
33     0.006975950 0.028142550 0.018005600 0.016167880 0.026487500 0.018911200 0.020150360 0.035957450 0.055482140 0.052451870 0.038289360 0.036357310 0.054490620 0.035134240 0.035235870 0.029596400 0.040210390 0.014973400 0.029661690 0.037343940 0.060263530 0.049637620 0.020151590 0.029900710 0.029112640 0.010940170 0.023014770 0.024644130 0.012426840 0.014514270 0.012716620 0.015037200 0.019534390 0.016653980 0.017671250 0.020021000 0.015779520 0.012086210 0.014602400 0.011514500 0.000067470 0.000000000 0.002890410 0.001912060 0.004666560 0.003726570 0.003550140 0.002269700 0.006733790 0.005570800 0.025627210 
42     0.008538620 0.029705220 0.019568270 0.017730550 0.028050170 0.020473870 0.021713030 0.037520120 0.044273440 0.054736190 0.039852030 0.037919980 0.057023850 0.036696910 0.036798540 0.031159070 0.041773060 0.016536070 0.031224360 0.038906610 0.063455560 0.051200290 0.021714260 0.031463380 0.030675310 0.012502840 0.021709020 0.023338380 0.013989510 0.016076940 0.014279290 0.016599870 0.021097060 0.018216650 0.019233920 0.021583670 0.017342190 0.013648880 0.016165070 0.013077170 0.002155520 0.002890410 0.000000000 0.001598700 0.000022860 0.002032790 0.001404790 0.003807650 0.008296460 0.007133470 0.027189880 
10     0.010641390 0.031807990 0.021671040 0.019833320 0.030152940 0.022576640 0.023815800 0.039622890 0.051108000 0.049120720 0.041954800 0.040022750 0.051159470 0.038799680 0.038901310 0.033261840 0.043875830 0.018638840 0.033327130 0.041009380 0.056932380 0.053303060 0.023817030 0.033566150 0.032778080 0.014605610 0.022246290 0.023875650 0.014028770 0.018179710 0.016382060 0.018702640 0.023199830 0.020319420 0.021336690 0.023686440 0.019444960 0.015751650 0.018267840 0.015179940 0.001185350 0.001912060 0.001598700 0.000000000 0.000323670 0.007392010 0.005704080 0.004497400 0.010399230 0.009236240 0.029292650 
30     0.010393000 0.031559600 0.021422650 0.019584930 0.029904550 0.022328250 0.023567410 0.039374500 0.052896360 0.049114890 0.041706410 0.039774360 0.051153640 0.038551290 0.038652920 0.033013450 0.043627440 0.018390450 0.033078740 0.040760990 0.056926550 0.053054670 0.023568640 0.033317760 0.032529690 0.014357220 0.030355930 0.035735580 0.004217770 0.017931320 0.016133670 0.018454250 0.022951440 0.020071030 0.021088300 0.023438050 0.019196570 0.015503260 0.018019450 0.014931550 0.001115320 0.004666560 0.000022860 0.000323670 0.000000000 0.002890110 0.002890950 0.001164750 0.010150840 0.008987850 0.029044260 
34     0.008773280 0.029939880 0.019802930 0.017965210 0.028284830 0.020708530 0.021947690 0.017138210 0.029491620 0.053079690 0.040086690 0.038154640 0.056010260 0.036931570 0.037033200 0.031393730 0.042007720 0.016770730 0.031459020 0.039141270 0.061783170 0.051434950 0.021948920 0.031698040 0.030909970 0.012737500 0.018318940 0.031344760 0.014224170 0.016311600 0.014513950 0.016834530 0.021331720 0.018451310 0.019468580 0.021818330 0.017576850 0.004274950 0.016399730 0.013311830 0.003784960 0.003726570 0.002032790 0.007392010 0.002890110 0.000000000 0.000025200 0.004067030 0.008531120 0.007368130 0.027424540 
35     0.008596850 0.029763450 0.019626500 0.017788780 0.028108400 0.020532100 0.021771260 0.037578350 0.045911600 0.052584670 0.039910260 0.037978210 0.055949400 0.036755140 0.036856770 0.031217300 0.041831290 0.016594300 0.031282590 0.038964840 0.061722310 0.051258520 0.021772490 0.031521610 0.030733540 0.012561070 0.024193600 0.025822960 0.014047740 0.016135170 0.014337520 0.016658100 0.021155290 0.018274880 0.019292150 0.021641900 0.017400420 0.013707110 0.016223300 0.013135400 0.003608530 0.003550140 0.001404790 0.005704080 0.002890950 0.000025200 0.000000000 0.003890600 0.008354690 0.007191700 0.027248110 
12     0.005364410 0.026531010 0.016394060 0.014556340 0.024875960 0.017299660 0.018538820 0.034345910 0.049810830 0.049291660 0.036677820 0.034745770 0.051490550 0.033522700 0.033624330 0.027984860 0.038598850 0.013361860 0.028050150 0.035732400 0.057263460 0.048026080 0.018540050 0.028289170 0.027501100 0.009328630 0.024561830 0.025112320 0.003972320 0.012902730 0.011105080 0.013425660 0.017922850 0.015042440 0.016059710 0.018409460 0.014167980 0.010474670 0.012990860 0.009902960 0.002328090 0.002269700 0.003807650 0.004497400 0.001164750 0.004067030 0.003890600 0.000000000 0.005122250 0.003959260 0.024015670 
40     0.003530200 0.024696800 0.014559850 0.012722130 0.023041750 0.015465450 0.016704610 0.032511700 0.041883770 0.048254210 0.034843610 0.032911560 0.044748290 0.031688490 0.031790120 0.026150650 0.036764640 0.011527650 0.026215940 0.033898190 0.012581440 0.008951620 0.016705840 0.026454960 0.025666890 0.007494420 0.013318870 0.031697270 0.008981090 0.011068520 0.009270870 0.011591450 0.016088640 0.013208230 0.014225500 0.016575250 0.012333770 0.008640460 0.010838130 0.008068750 0.006792180 0.006733790 0.008296460 0.010399230 0.010150840 0.008531120 0.008354690 0.005122250 0.000000000 0.000246150 0.013786250 
23     0.002367210 0.023533810 0.013396860 0.011559140 0.021878760 0.014302460 0.015541620 0.031348710 0.047329470 0.040899700 0.033680620 0.031748570 0.048874160 0.030525500 0.030627130 0.017724700 0.035601650 0.010364660 0.025052950 0.032735200 0.021823350 0.018193530 0.015542850 0.025291970 0.024503900 0.006331430 0.013184460 0.029047660 0.007818100 0.009905530 0.008107880 0.010428460 0.014925650 0.012045240 0.013062510 0.015412260 0.011170780 0.007477470 0.009993660 0.006905760 0.005629190 0.005570800 0.007133470 0.009236240 0.008987850 0.007368130 0.007191700 0.003959260 0.000246150 0.000000000 0.021018470 
0     0.022057220 0.043223820 0.033086870 0.031249150 0.019866630 0.033995270 0.035234430 0.051041520 0.082671150 0.064307350 0.053373430 0.051441380 0.043687400 0.043616750 0.050319940 0.044680470 0.055294460 0.013593300 0.042841530 0.052428010 0.011520550 0.007890730 0.035235660 0.044984780 0.044196710 0.026362260 0.030868870 0.059020100 0.027848930 0.029936360 0.028138710 0.030459290 0.034956480 0.024105690 0.033093340 0.035443090 0.031201610 0.025370030 0.030024490 0.026936590 0.025685600 0.025627210 0.027189880 0.029292650 0.029044260 0.027424540 0.027248110 0.024015670 0.013786250 0.021018470 0.000000000 
