51
7     0.000000000 0.175723934 0.192695021 0.196566175 0.195983545 0.215689772 0.195814470 0.196355140 0.194805260 0.191686258 0.191266744 0.204620112 0.202828844 0.203661497 0.232577263 0.199036377 0.217336480 0.216631960 0.221484943 0.210846442 0.210704886 0.221620413 0.212935429 0.216127144 0.215845268 0.215994044 0.214473626 0.211399675 0.219573803 0.209134647 0.246020126 0.246297511 0.236064302 0.202626793 0.226008060 0.225859400 0.231745774 0.211891128 0.212942221 0.214564974 0.218606766 0.218501993 0.220072395 0.240680032 0.233784804 0.234953312 0.239364048 0.240386435 0.228385170 0.235708835 0.573301212 
22     0.175723934 0.000000000 0.111974855 0.115777075 0.115368175 0.201745645 0.186734280 0.187274875 0.185743295 0.182807592 0.182089840 0.198476907 0.196679868 0.197510881 0.226387685 0.193142854 0.211241870 0.210537350 0.215372329 0.204654253 0.204512697 0.215540283 0.206852824 0.210037512 0.209763726 0.210009840 0.208499213 0.205380297 0.212742496 0.203438335 0.240720374 0.240915180 0.230803025 0.196947066 0.220666728 0.220472617 0.226486096 0.205551736 0.206602828 0.208349080 0.212264899 0.212160126 0.213774500 0.234323075 0.227580578 0.228749086 0.233144185 0.234183926 0.222191515 0.229511669 0.565475193 
1     0.192695021 0.111974855 0.000000000 0.108910365 0.108508806 0.218561606 0.204127508 0.204668104 0.203124630 0.200234255 0.199435684 0.215453934 0.213656894 0.214487907 0.243421171 0.209967676 0.227947112 0.227242593 0.232111474 0.221305420 0.221187945 0.232229442 0.223249155 0.226433843 0.226160058 0.226347494 0.224858099 0.221739183 0.229601339 0.220291300 0.257570843 0.257816567 0.247840148 0.213694576 0.237012639 0.236822741 0.243155745 0.222151156 0.223202249 0.224970620 0.228859426 0.228754654 0.230369027 0.250626820 0.243972121 0.245154400 0.249524555 0.250453367 0.238507549 0.245941380 0.583449215 
8     0.196566175 0.115777075 0.108910365 0.000000000 0.036696714 0.222768926 0.207858380 0.208398976 0.207109292 0.204173589 0.203420042 0.219496770 0.217699731 0.218530744 0.247386492 0.213960483 0.231879847 0.231175328 0.236058329 0.225411516 0.225269960 0.236297546 0.227589389 0.230774077 0.230500292 0.230708960 0.229198333 0.226079417 0.233501713 0.224058316 0.261253633 0.261415686 0.251244264 0.217693769 0.240977476 0.240780411 0.246994610 0.226096433 0.227147526 0.228916353 0.232759364 0.232654591 0.234268965 0.255015941 0.248101096 0.249269604 0.253673416 0.254713157 0.242680211 0.250037879 0.588086383 
10     0.195983545 0.115368175 0.108508806 0.036696714 0.000000000 0.222213262 0.206935328 0.207475924 0.206139823 0.203196886 0.202429987 0.218924922 0.217127882 0.217958895 0.246814643 0.213388634 0.231307998 0.230603479 0.235486480 0.224839667 0.224698111 0.235725698 0.226996469 0.230181157 0.229907371 0.230116040 0.228605412 0.225486496 0.232969674 0.223358401 0.260713754 0.260875807 0.250704384 0.217168106 0.240532622 0.240334501 0.246557807 0.225425397 0.226476490 0.228396243 0.232239254 0.232134482 0.233748855 0.254495832 0.247580986 0.248749494 0.253153307 0.254193047 0.242160101 0.249517769 0.587549402 
24     0.215689772 0.201745645 0.218561606 0.222768926 0.222213262 0.000000000 0.227861350 0.228402020 0.226869020 0.223750017 0.223226411 0.238376246 0.236549636 0.237380649 0.266483492 0.232793549 0.250980183 0.250275663 0.254727915 0.244327805 0.244184782 0.255238187 0.246988807 0.250163704 0.249802572 0.250031506 0.248511087 0.245436500 0.253329477 0.244729822 0.280709361 0.281930679 0.271724188 0.238013299 0.261857106 0.261701598 0.267565789 0.246418908 0.247531397 0.249126877 0.253116366 0.253011593 0.254581995 0.275005786 0.267834482 0.269002991 0.273536242 0.274581968 0.262669551 0.269901190 0.606785779 
21     0.195814470 0.186734280 0.204127508 0.207858380 0.206935328 0.227861350 0.000000000 0.024858796 0.047904205 0.043561520 0.043209733 0.220109693 0.218313932 0.219146584 0.248030711 0.214689874 0.232998989 0.232294469 0.237051140 0.226606856 0.226465300 0.237488990 0.228601294 0.231776191 0.231437101 0.231642227 0.230121808 0.227047221 0.234773607 0.225839161 0.262856159 0.263218323 0.253037825 0.219372501 0.243002606 0.242849062 0.248724666 0.227628989 0.228680082 0.230340834 0.234365328 0.234260555 0.235830957 0.256683751 0.249860271 0.251028779 0.255406129 0.256470234 0.244297248 0.251570265 0.588066777 
19     0.196355140 0.187274875 0.204668104 0.208398976 0.207475924 0.228402020 0.024858796 0.000000000 0.048251637 0.045432843 0.044207584 0.220650362 0.218854601 0.219687254 0.248571381 0.215230544 0.233539658 0.232835139 0.237591810 0.227147526 0.227005969 0.238029659 0.229141963 0.232316861 0.231977770 0.232182896 0.230662478 0.227587890 0.235314277 0.226379831 0.263396829 0.263758992 0.253578495 0.219913170 0.243543275 0.243389732 0.249265336 0.228169659 0.229220752 0.230881504 0.234905997 0.234801224 0.236371626 0.257224421 0.250400940 0.251569448 0.255946799 0.257010904 0.244837918 0.252110935 0.588607447 
2     0.194805260 0.185743295 0.203124630 0.207109292 0.206139823 0.226869020 0.047904205 0.048251637 0.000000000 0.032274024 0.035937131 0.219213520 0.217417759 0.218250411 0.247134539 0.213772273 0.232081387 0.231376868 0.236196168 0.225717122 0.225575566 0.236599256 0.227683692 0.230858590 0.230519499 0.230724625 0.229204207 0.226129619 0.234116375 0.224888307 0.261905305 0.262267468 0.252086971 0.218421646 0.242051751 0.241898208 0.247773812 0.226678135 0.227729227 0.229389979 0.233414473 0.233309700 0.234880102 0.255732897 0.248909416 0.250077924 0.254455275 0.255519380 0.243346393 0.250619411 0.587115922 
30     0.191686258 0.182807592 0.200234255 0.204173589 0.203196886 0.223750017 0.043561520 0.045432843 0.032274024 0.000000000 0.032237566 0.216052656 0.214256895 0.215089547 0.243973674 0.210611408 0.228920523 0.228216004 0.233035303 0.222556258 0.222414701 0.233438391 0.224344502 0.227497578 0.227174601 0.227379727 0.225859308 0.222825844 0.231074787 0.221844148 0.258861146 0.259223309 0.249042812 0.215377487 0.239007592 0.238854049 0.244729653 0.223633976 0.224685069 0.226345821 0.230370314 0.230265541 0.231835943 0.252688738 0.245865257 0.247033766 0.251411116 0.252475221 0.240302235 0.247575252 0.584071764 
27     0.191266744 0.182089840 0.199435684 0.203420042 0.202429987 0.223226411 0.043209733 0.044207584 0.035937131 0.032237566 0.000000000 0.215576777 0.213781016 0.214613669 0.243497796 0.210126440 0.228435555 0.227731035 0.232550335 0.222071289 0.221929733 0.232953423 0.224049453 0.227224351 0.226885260 0.227090386 0.225569968 0.222495380 0.230467209 0.221240154 0.258257152 0.258619315 0.248438818 0.214691366 0.238321472 0.238167928 0.244043532 0.222932023 0.223983116 0.225643868 0.229668362 0.229563589 0.231133991 0.251937673 0.245115284 0.246283792 0.250661143 0.251725247 0.239518726 0.246824187 0.583460752 
9     0.204620112 0.198476907 0.215453934 0.219496770 0.218924922 0.238376246 0.220109693 0.220650362 0.219213520 0.216052656 0.215576777 0.000000000 0.031807196 0.031820883 0.115636449 0.123570381 0.142424747 0.141666448 0.146652489 0.135307603 0.135446549 0.146483342 0.150728039 0.153802467 0.153663696 0.153764174 0.152350176 0.149122775 0.221163879 0.212524222 0.249731937 0.249562053 0.239906046 0.205715142 0.229202656 0.229320190 0.235244542 0.214646152 0.215697245 0.217233089 0.221298679 0.221193907 0.222808280 0.243038449 0.236179039 0.237233225 0.241588989 0.242709651 0.230898016 0.238242958 0.575292980 
33     0.202828844 0.196679868 0.213656894 0.217699731 0.217127882 0.236549636 0.218313932 0.218854601 0.217417759 0.214256895 0.213781016 0.031807196 0.000000000 0.025300910 0.114246068 0.121995905 0.140826229 0.140067929 0.145053529 0.133570345 0.133787748 0.144824541 0.148888966 0.151963395 0.151824624 0.151925102 0.150511103 0.147283703 0.219387358 0.210739690 0.247930370 0.247760486 0.238104478 0.203597237 0.227102085 0.227219619 0.233143971 0.212370683 0.213421776 0.214957620 0.219012590 0.218907817 0.220532489 0.240775241 0.233944647 0.234998834 0.239409535 0.240547566 0.228551983 0.235950260 0.573375311 
11     0.203661497 0.197510881 0.214487907 0.218530744 0.217958895 0.237380649 0.219146584 0.219687254 0.218250411 0.215089547 0.214613669 0.031820883 0.025300910 0.000000000 0.114949924 0.122754075 0.141582594 0.140824294 0.145810336 0.134340724 0.134556964 0.145459215 0.149775042 0.152849470 0.152710699 0.152811177 0.151397179 0.148169778 0.220252914 0.211448124 0.248737742 0.248566451 0.238911851 0.204676653 0.228235077 0.228352611 0.234276964 0.213492410 0.214543502 0.216039738 0.220144937 0.220040164 0.221654538 0.241970429 0.235139834 0.236194021 0.240607140 0.241742753 0.229838606 0.237183548 0.574295894 
18     0.232577263 0.226387685 0.243421171 0.247386492 0.246814643 0.266483492 0.248030711 0.248571381 0.247134539 0.243973674 0.243497796 0.115636449 0.114246068 0.114949924 0.000000000 0.152291142 0.171475610 0.170750446 0.175317568 0.163679671 0.163811428 0.174845354 0.178711280 0.181792800 0.181641608 0.181747416 0.180333418 0.177227512 0.249162803 0.240687452 0.277830428 0.277635119 0.268060912 0.233291340 0.256731326 0.256762131 0.262686484 0.242138487 0.243189580 0.244721785 0.248929955 0.248825183 0.250439556 0.270613121 0.263911268 0.264955237 0.269290176 0.270515565 0.258569612 0.265914554 0.602262598 
25     0.199036377 0.193142854 0.209967676 0.213960483 0.213388634 0.232793549 0.214689874 0.215230544 0.213772273 0.210611408 0.210126440 0.123570381 0.121995905 0.122754075 0.152291142 0.000000000 0.112038964 0.111359112 0.116260530 0.110088779 0.110132500 0.121355187 0.144558845 0.147693762 0.147357181 0.147603183 0.146116436 0.142912795 0.216115277 0.206563629 0.243698433 0.243163242 0.233590713 0.199301523 0.222773276 0.222825120 0.228842143 0.208578603 0.209629696 0.211165540 0.215207331 0.215102558 0.216716931 0.237077791 0.230274137 0.231328323 0.235809662 0.236740073 0.224836374 0.232227301 0.568980011 
28     0.217336480 0.211241870 0.227947112 0.231879847 0.231307998 0.250980183 0.232998989 0.233539658 0.232081387 0.228920523 0.228435555 0.142424747 0.140826229 0.141582594 0.171475610 0.112038964 0.000000000 0.030950308 0.120138482 0.129886664 0.129285428 0.140900534 0.162370666 0.165518610 0.165171764 0.165438918 0.163908596 0.160618953 0.234139687 0.224625099 0.261937468 0.261106117 0.251825186 0.217484772 0.241235188 0.241247689 0.247243711 0.226794352 0.227845445 0.229302731 0.233396352 0.233291579 0.234906029 0.255347568 0.248454065 0.249508252 0.254028489 0.255054592 0.243162887 0.250536044 0.585998635 
23     0.216631960 0.210537350 0.227242593 0.231175328 0.230603479 0.250275663 0.232294469 0.232835139 0.231376868 0.228216004 0.227731035 0.141666448 0.140067929 0.140824294 0.170750446 0.111359112 0.030950308 0.000000000 0.119393005 0.129237876 0.128635013 0.140252342 0.161801296 0.164949240 0.164602394 0.164869548 0.163339226 0.160049583 0.233433124 0.223917205 0.261227260 0.260395909 0.251114978 0.216813273 0.240563690 0.240576190 0.246572212 0.226091687 0.227142780 0.228595223 0.232694942 0.232590169 0.234204619 0.254663947 0.247770444 0.248824631 0.253346644 0.254372748 0.242479266 0.249852423 0.586185677 
16     0.221484943 0.215372329 0.232111474 0.236058329 0.235486480 0.254727915 0.237051140 0.237591810 0.236196168 0.233035303 0.232550335 0.146652489 0.145053529 0.145810336 0.175317568 0.116260530 0.120138482 0.119393005 0.000000000 0.133611747 0.133071118 0.144500007 0.166689245 0.169585014 0.169519138 0.169821841 0.168279184 0.164801805 0.238293598 0.227726787 0.265498540 0.264868170 0.255169028 0.221337356 0.245095149 0.245146889 0.251191147 0.230767695 0.231818788 0.233276073 0.237400087 0.237295314 0.238909688 0.259159779 0.252416020 0.253470206 0.257939555 0.258729356 0.247064145 0.254436978 0.590516558 
5     0.210846442 0.204654253 0.221305420 0.225411516 0.224839667 0.244327805 0.226606856 0.227147526 0.225717122 0.222556258 0.222071289 0.135307603 0.133570345 0.134340724 0.163679671 0.110088779 0.129886664 0.129237876 0.133611747 0.000000000 0.039287642 0.084790120 0.156264015 0.159337562 0.159187244 0.159345545 0.157911784 0.154556560 0.227475448 0.218026203 0.255041868 0.254792495 0.245274705 0.210348736 0.234046284 0.234054150 0.240136809 0.219681947 0.220733040 0.222297089 0.226316182 0.226211410 0.227825783 0.248335934 0.241543378 0.242597565 0.247057574 0.248045124 0.236151253 0.243524410 0.580782347 
13     0.210704886 0.204512697 0.221187945 0.225269960 0.224698111 0.244184782 0.226465300 0.227005969 0.225575566 0.222414701 0.221929733 0.135446549 0.133787748 0.134556964 0.163811428 0.110132500 0.129285428 0.128635013 0.133071118 0.039287642 0.000000000 0.084054909 0.155878985 0.158952378 0.158774978 0.158960515 0.157526755 0.154171530 0.227373032 0.217872969 0.254978667 0.254789488 0.245219022 0.210116129 0.233811393 0.233819259 0.239901918 0.219428736 0.220479829 0.222043878 0.226062971 0.225958199 0.227572572 0.247878950 0.241086394 0.242140581 0.246600591 0.247588141 0.235655527 0.243044385 0.580474869 
31     0.221620413 0.215540283 0.232229442 0.236297546 0.235725698 0.255238187 0.237488990 0.238029659 0.236599256 0.233438391 0.232953423 0.146483342 0.144824541 0.145459215 0.174845354 0.121355187 0.140900534 0.140252342 0.144500007 0.084790120 0.084054909 0.000000000 0.166914076 0.170236684 0.169837074 0.170238715 0.168802513 0.165466128 0.238267223 0.228442776 0.264132545 0.263957621 0.254387154 0.220760182 0.244363072 0.244370938 0.250426911 0.229982822 0.231033915 0.232612026 0.236626494 0.236521721 0.238136095 0.258585062 0.251823908 0.252878095 0.257338104 0.258325654 0.246461780 0.253834938 0.588542249 
4     0.212935429 0.206852824 0.223249155 0.227589389 0.226996469 0.246988807 0.228601294 0.229141963 0.227683692 0.224344502 0.224049453 0.150728039 0.148888966 0.149775042 0.178711280 0.144558845 0.162370666 0.161801296 0.166689245 0.156264015 0.155878985 0.166914076 0.000000000 0.047674819 0.049215648 0.051621511 0.050240907 0.060717446 0.230292888 0.220748428 0.258158747 0.257840370 0.248209302 0.213794355 0.237522417 0.237510943 0.243487352 0.222963377 0.224014470 0.225476191 0.229651723 0.229546950 0.231161324 0.251435781 0.244691403 0.245635404 0.250173954 0.251080626 0.239154575 0.246599649 0.583100102 
20     0.216127144 0.210037512 0.226433843 0.230774077 0.230181157 0.250163704 0.231776191 0.232316861 0.230858590 0.227497578 0.227224351 0.153802467 0.151963395 0.152849470 0.181792800 0.147693762 0.165518610 0.164949240 0.169585014 0.159337562 0.158952378 0.170236684 0.047674819 0.000000000 0.052175398 0.054917517 0.053091114 0.064520948 0.233452323 0.223989751 0.261400070 0.261068616 0.251450625 0.217075433 0.240800052 0.240788578 0.246764987 0.226248787 0.227299879 0.228761601 0.232937132 0.232832359 0.234446733 0.254749295 0.248004918 0.248948918 0.253487469 0.254370103 0.242475621 0.249914693 0.586958691 
15     0.215845268 0.209763726 0.226160058 0.230500292 0.229907371 0.249802572 0.231437101 0.231977770 0.230519499 0.227174601 0.226885260 0.153663696 0.151824624 0.152710699 0.181641608 0.147357181 0.165171764 0.164602394 0.169519138 0.159187244 0.158774978 0.169837074 0.049215648 0.052175398 0.000000000 0.054532507 0.053467723 0.063880466 0.232851796 0.223718521 0.261105020 0.260785322 0.251172085 0.216736638 0.240441376 0.240429902 0.246406311 0.225810895 0.226861987 0.228323709 0.232471525 0.232366752 0.233977898 0.254048883 0.247304505 0.248248505 0.252787056 0.253669690 0.241839524 0.249214280 0.586632225 
12     0.215994044 0.210009840 0.226347494 0.230708960 0.230116040 0.250031506 0.231642227 0.232182896 0.230724625 0.227379727 0.227090386 0.153764174 0.151925102 0.152811177 0.181747416 0.147603183 0.165438918 0.164869548 0.169821841 0.159345545 0.158960515 0.170238715 0.051621511 0.054917517 0.054532507 0.000000000 0.032104620 0.064602471 0.233341856 0.223658250 0.260923548 0.260608513 0.250875022 0.216854165 0.240491952 0.240530157 0.246506566 0.226026631 0.227077724 0.228539445 0.232714977 0.232610204 0.234224578 0.254527140 0.247782762 0.248726763 0.253265313 0.254171985 0.242320052 0.249692538 0.586715920 
26     0.214473626 0.208499213 0.224858099 0.229198333 0.228605412 0.248511087 0.230121808 0.230662478 0.229204207 0.225859308 0.225569968 0.152350176 0.150511103 0.151397179 0.180333418 0.146116436 0.163908596 0.163339226 0.168279184 0.157911784 0.157526755 0.168802513 0.050240907 0.053091114 0.053467723 0.032104620 0.000000000 0.062543352 0.231831229 0.222147623 0.259412920 0.259097885 0.249364395 0.215343537 0.238981324 0.239019530 0.244995939 0.224516003 0.225567096 0.227028818 0.231204349 0.231099576 0.232713950 0.253016512 0.246272134 0.247140024 0.251754686 0.252661357 0.240809424 0.248181910 0.585205292 
29     0.211399675 0.205380297 0.221739183 0.226079417 0.225486496 0.245436500 0.227047221 0.227587890 0.226129619 0.222825844 0.222495380 0.149122775 0.147283703 0.148169778 0.177227512 0.142912795 0.160618953 0.160049583 0.164801805 0.154556560 0.154171530 0.165466128 0.060717446 0.064520948 0.063880466 0.064602471 0.062543352 0.000000000 0.228714652 0.219164531 0.256749074 0.256201320 0.246622407 0.212046748 0.235909808 0.235898334 0.241874743 0.221370046 0.222421139 0.223773137 0.228058392 0.227953619 0.229567993 0.249870555 0.243126177 0.244070178 0.248608729 0.249515401 0.237601601 0.245035953 0.582120859 
17     0.219573803 0.212742496 0.229601339 0.233501713 0.232969674 0.253329477 0.234773607 0.235314277 0.234116375 0.231074787 0.230467209 0.221163879 0.219387358 0.220252914 0.249162803 0.216115277 0.234139687 0.233433124 0.238293598 0.227475448 0.227373032 0.238267223 0.230292888 0.233452323 0.232851796 0.233341856 0.231831229 0.228714652 0.000000000 0.214481454 0.251063956 0.251292545 0.241610040 0.207649539 0.231814545 0.231608210 0.237348286 0.216359151 0.217410243 0.219039130 0.223049474 0.222944701 0.224495528 0.244985208 0.238076877 0.239245385 0.243582721 0.244773928 0.232729176 0.240024337 0.577188338 
14     0.209134647 0.203438335 0.220291300 0.224058316 0.223358401 0.244729822 0.225839161 0.226379831 0.224888307 0.221844148 0.221240154 0.212524222 0.210739690 0.211448124 0.240687452 0.206563629 0.224625099 0.223917205 0.227726787 0.218026203 0.217872969 0.228442776 0.220748428 0.223989751 0.223718521 0.223658250 0.222147623 0.219164531 0.214481454 0.000000000 0.188539827 0.189089640 0.179075282 0.175343181 0.199617482 0.199399592 0.205086192 0.183808652 0.184859745 0.186442405 0.190411880 0.190307107 0.192040061 0.212686376 0.205613742 0.206809387 0.211377673 0.212253615 0.200436869 0.207858694 0.541959588 
6     0.246020126 0.240720374 0.257570843 0.261253633 0.260713754 0.280709361 0.262856159 0.263396829 0.261905305 0.258861146 0.258257152 0.249731937 0.247930370 0.248737742 0.277830428 0.243698433 0.261937468 0.261227260 0.265498540 0.255041868 0.254978667 0.264132545 0.258158747 0.261400070 0.261105020 0.260923548 0.259412920 0.256749074 0.251063956 0.188539827 0.000000000 0.142866404 0.132568501 0.211761787 0.236201189 0.235983298 0.241473392 0.220338838 0.221389931 0.222906215 0.227015712 0.226910939 0.228643892 0.249382048 0.242213645 0.243424617 0.248208910 0.249245862 0.236974392 0.244520604 0.577887581 
32     0.246297511 0.240915180 0.257816567 0.261415686 0.260875807 0.281930679 0.263218323 0.263758992 0.262267468 0.259223309 0.258619315 0.249562053 0.247760486 0.248566451 0.277635119 0.243163242 0.261106117 0.260395909 0.264868170 0.254792495 0.254789488 0.263957621 0.257840370 0.261068616 0.260785322 0.260608513 0.259097885 0.256201320 0.251292545 0.189089640 0.142866404 0.000000000 0.109248847 0.212072278 0.236760712 0.236542821 0.242022632 0.220940391 0.221991484 0.223431823 0.227604642 0.227499869 0.229245446 0.249765496 0.242649125 0.243844770 0.248649660 0.249492294 0.237340041 0.244814448 0.577603535 
3     0.236064302 0.230803025 0.247840148 0.251244264 0.250704384 0.271724188 0.253037825 0.253578495 0.252086971 0.249042812 0.248438818 0.239906046 0.238104478 0.238911851 0.268060912 0.233590713 0.251825186 0.251114978 0.255169028 0.245274705 0.245219022 0.254387154 0.248209302 0.251450625 0.251172085 0.250875022 0.249364395 0.246622407 0.241610040 0.179075282 0.132568501 0.109248847 0.000000000 0.202307074 0.226891326 0.226673435 0.232109602 0.211015065 0.212066158 0.213568140 0.217716574 0.217611801 0.219344755 0.239956375 0.232976430 0.234172075 0.238783343 0.239820295 0.227551478 0.235045262 0.565625864 
37     0.202626793 0.196947066 0.213694576 0.217693769 0.217168106 0.238013299 0.219372501 0.219913170 0.218421646 0.215377487 0.214691366 0.205715142 0.203597237 0.204676653 0.233291340 0.199301523 0.217484772 0.216813273 0.221337356 0.210348736 0.210116129 0.220760182 0.213794355 0.217075433 0.216736638 0.216854165 0.215343537 0.212046748 0.207649539 0.175343181 0.211761787 0.212072278 0.202307074 0.000000000 0.135270169 0.134914154 0.140457804 0.124344129 0.125395222 0.127015369 0.130994133 0.130854212 0.132691194 0.153255776 0.146148733 0.147370843 0.152058143 0.152993883 0.141374674 0.148450511 0.522718608 
36     0.226008060 0.220666728 0.237012639 0.240977476 0.240532622 0.261857106 0.243002606 0.243543275 0.242051751 0.239007592 0.238321472 0.229202656 0.227102085 0.228235077 0.256731326 0.222773276 0.241235188 0.240563690 0.245095149 0.234046284 0.233811393 0.244363072 0.237522417 0.240800052 0.240441376 0.240491952 0.238981324 0.235909808 0.231814545 0.199617482 0.236201189 0.236760712 0.226891326 0.135270169 0.000000000 0.038034127 0.065570273 0.148098198 0.149149291 0.150675743 0.154561713 0.154453014 0.156229839 0.177161364 0.170103916 0.171326026 0.175937668 0.176939650 0.164943541 0.172172373 0.546425338 
44     0.225859400 0.220472617 0.236822741 0.240780411 0.240334501 0.261701598 0.242849062 0.243389732 0.241898208 0.238854049 0.238167928 0.229320190 0.227219619 0.228352611 0.256762131 0.222825120 0.241247689 0.240576190 0.245146889 0.234054150 0.233819259 0.244370938 0.237510943 0.240788578 0.240429902 0.240530157 0.239019530 0.235898334 0.231608210 0.199399592 0.235983298 0.236542821 0.226673435 0.134914154 0.038034127 0.000000000 0.063988172 0.147921883 0.148972976 0.150499829 0.154410911 0.154306138 0.156189397 0.176789961 0.169720269 0.170942378 0.175554021 0.176600519 0.164642075 0.171833242 0.546121709 
48     0.231745774 0.226486096 0.243155745 0.246994610 0.246557807 0.267565789 0.248724666 0.249265336 0.247773812 0.244729653 0.244043532 0.235244542 0.233143971 0.234276964 0.262686484 0.228842143 0.247243711 0.246572212 0.251191147 0.240136809 0.239901918 0.250426911 0.243487352 0.246764987 0.246406311 0.246506566 0.244995939 0.241874743 0.237348286 0.205086192 0.241473392 0.242022632 0.232109602 0.140457804 0.065570273 0.063988172 0.000000000 0.153591055 0.154642148 0.156159756 0.160237953 0.160133181 0.161973264 0.182578383 0.175504075 0.176726185 0.181337827 0.182339809 0.170382548 0.177589512 0.551717776 
49     0.211891128 0.205551736 0.222151156 0.226096433 0.225425397 0.246418908 0.227628989 0.228169659 0.226678135 0.223633976 0.222932023 0.214646152 0.212370683 0.213492410 0.242138487 0.208578603 0.226794352 0.226091687 0.230767695 0.219681947 0.219428736 0.229982822 0.222963377 0.226248787 0.225810895 0.226026631 0.224516003 0.221370046 0.216359151 0.183808652 0.220338838 0.220940391 0.211015065 0.124344129 0.148098198 0.147921883 0.153591055 0.000000000 0.019871393 0.044547994 0.056083139 0.056251956 0.057759122 0.131066713 0.124072807 0.125326706 0.130206415 0.131335606 0.118980698 0.126042032 0.530020901 
46     0.212942221 0.206602828 0.223202249 0.227147526 0.226476490 0.247531397 0.228680082 0.229220752 0.227729227 0.224685069 0.223983116 0.215697245 0.213421776 0.214543502 0.243189580 0.209629696 0.227845445 0.227142780 0.231818788 0.220733040 0.220479829 0.231033915 0.224014470 0.227299879 0.226861987 0.227077724 0.225567096 0.222421139 0.217410243 0.184859745 0.221389931 0.221991484 0.212066158 0.125395222 0.149149291 0.148972976 0.154642148 0.019871393 0.000000000 0.045455794 0.057298428 0.057443436 0.059117760 0.132117101 0.125124575 0.126378474 0.131256803 0.132387374 0.120032466 0.127093799 0.531071994 
41     0.214564974 0.208349080 0.224970620 0.228916353 0.228396243 0.249126877 0.230340834 0.230881504 0.229389979 0.226345821 0.225643868 0.217233089 0.214957620 0.216039738 0.244721785 0.211165540 0.229302731 0.228595223 0.233276073 0.222297089 0.222043878 0.232612026 0.225476191 0.228761601 0.228323709 0.228539445 0.227028818 0.223773137 0.219039130 0.186442405 0.222906215 0.223431823 0.213568140 0.127015369 0.150675743 0.150499829 0.156159756 0.044547994 0.045455794 0.000000000 0.059500862 0.059603509 0.061027143 0.133739672 0.126664885 0.127918784 0.132834196 0.133993240 0.121626934 0.128703282 0.532680577 
45     0.218606766 0.212264899 0.228859426 0.232759364 0.232239254 0.253116366 0.234365328 0.234905997 0.233414473 0.230370314 0.229668362 0.221298679 0.219012590 0.220144937 0.248929955 0.215207331 0.233396352 0.232694942 0.237400087 0.226316182 0.226062971 0.236626494 0.229651723 0.232937132 0.232471525 0.232714977 0.231204349 0.228058392 0.223049474 0.190411880 0.227015712 0.227604642 0.217716574 0.130994133 0.154561713 0.154410911 0.160237953 0.056083139 0.057298428 0.059500862 0.000000000 0.025246367 0.045814391 0.138293753 0.131202912 0.132456810 0.137398457 0.138488460 0.126090388 0.133140847 0.536923741 
39     0.218501993 0.212160126 0.228754654 0.232654591 0.232134482 0.253011593 0.234260555 0.234801224 0.233309700 0.230265541 0.229563589 0.221193907 0.218907817 0.220040164 0.248825183 0.215102558 0.233291579 0.232590169 0.237295314 0.226211410 0.225958199 0.236521721 0.229546950 0.232832359 0.232366752 0.232610204 0.231099576 0.227953619 0.222944701 0.190307107 0.226910939 0.227499869 0.217611801 0.130854212 0.154453014 0.154306138 0.160133181 0.056251956 0.057443436 0.059603509 0.025246367 0.000000000 0.045085917 0.138182464 0.131091623 0.132345522 0.137287168 0.138377172 0.125989174 0.133029558 0.536818968 
35     0.220072395 0.213774500 0.230369027 0.234268965 0.233748855 0.254581995 0.235830957 0.236371626 0.234880102 0.231835943 0.231133991 0.222808280 0.220532489 0.221654538 0.250439556 0.216716931 0.234906029 0.234204619 0.238909688 0.227825783 0.227572572 0.238136095 0.231161324 0.234446733 0.233977898 0.234224578 0.232713950 0.229567993 0.224495528 0.192040061 0.228643892 0.229245446 0.219344755 0.132691194 0.156229839 0.156189397 0.161973264 0.057759122 0.059117760 0.061027143 0.045814391 0.045085917 0.000000000 0.140051453 0.132974916 0.134228814 0.139156156 0.140246160 0.127883935 0.134963510 0.537557627 
38     0.240680032 0.234323075 0.250626820 0.255015941 0.254495832 0.275005786 0.256683751 0.257224421 0.255732897 0.252688738 0.251937673 0.243038449 0.240775241 0.241970429 0.270613121 0.237077791 0.255347568 0.254663947 0.259159779 0.248335934 0.247878950 0.258585062 0.251435781 0.254749295 0.254048883 0.254527140 0.253016512 0.249870555 0.244985208 0.212686376 0.249382048 0.249765496 0.239956375 0.153255776 0.177161364 0.176789961 0.182578383 0.131066713 0.132117101 0.133739672 0.138293753 0.138182464 0.140051453 0.000000000 0.078177906 0.079761676 0.084706421 0.085338521 0.086833261 0.093902338 0.556010888 
50     0.233784804 0.227580578 0.243972121 0.248101096 0.247580986 0.267834482 0.249860271 0.250400940 0.248909416 0.245865257 0.245115284 0.236179039 0.233944647 0.235139834 0.263911268 0.230274137 0.248454065 0.247770444 0.252416020 0.241543378 0.241086394 0.251823908 0.244691403 0.248004918 0.247304505 0.247782762 0.246272134 0.243126177 0.238076877 0.205613742 0.242213645 0.242649125 0.232976430 0.146148733 0.170103916 0.169720269 0.175504075 0.124072807 0.125124575 0.126664885 0.131202912 0.131091623 0.132974916 0.078177906 0.000000000 0.024366655 0.074877668 0.076269498 0.079155359 0.086224988 0.548371514 
42     0.234953312 0.228749086 0.245154400 0.249269604 0.248749494 0.269002991 0.251028779 0.251569448 0.250077924 0.247033766 0.246283792 0.237233225 0.234998834 0.236194021 0.264955237 0.231328323 0.249508252 0.248824631 0.253470206 0.242597565 0.242140581 0.252878095 0.245635404 0.248948918 0.248248505 0.248726763 0.247140024 0.244070178 0.239245385 0.206809387 0.243424617 0.243844770 0.234172075 0.147370843 0.171326026 0.170942378 0.176726185 0.125326706 0.126378474 0.127918784 0.132456810 0.132345522 0.134228814 0.079761676 0.024366655 0.000000000 0.075962095 0.077673008 0.080583401 0.087562273 0.549572667 
47     0.239364048 0.233144185 0.249524555 0.253673416 0.253153307 0.273536242 0.255406129 0.255946799 0.254455275 0.251411116 0.250661143 0.241588989 0.239409535 0.240607140 0.269290176 0.235809662 0.254028489 0.253346644 0.257939555 0.247057574 0.246600591 0.257338104 0.250173954 0.253487469 0.252787056 0.253265313 0.251754686 0.248608729 0.243582721 0.211377673 0.248208910 0.248649660 0.238783343 0.152058143 0.175937668 0.175554021 0.181337827 0.130206415 0.131256803 0.132834196 0.137398457 0.137287168 0.139156156 0.084706421 0.074877668 0.075962095 0.000000000 0.061137294 0.085568386 0.092937029 0.554020457 
34     0.240386435 0.234183926 0.250453367 0.254713157 0.254193047 0.274581968 0.256470234 0.257010904 0.255519380 0.252475221 0.251725247 0.242709651 0.240547566 0.241742753 0.270515565 0.236740073 0.255054592 0.254372748 0.258729356 0.248045124 0.247588141 0.258325654 0.251080626 0.254370103 0.253669690 0.254171985 0.252661357 0.249515401 0.244773928 0.212253615 0.249245862 0.249492294 0.239820295 0.152993883 0.176939650 0.176600519 0.182339809 0.131335606 0.132387374 0.133993240 0.138488460 0.138377172 0.140246160 0.085338521 0.076269498 0.077673008 0.061137294 0.000000000 0.086539094 0.093673305 0.554980255 
43     0.228385170 0.222191515 0.238507549 0.242680211 0.242160101 0.262669551 0.244297248 0.244837918 0.243346393 0.240302235 0.239518726 0.230898016 0.228551983 0.229838606 0.258569612 0.224836374 0.243162887 0.242479266 0.247064145 0.236151253 0.235655527 0.246461780 0.239154575 0.242475621 0.241839524 0.242320052 0.240809424 0.237601601 0.232729176 0.200436869 0.236974392 0.237340041 0.227551478 0.141374674 0.164943541 0.164642075 0.170382548 0.118980698 0.120032466 0.121626934 0.126090388 0.125989174 0.127883935 0.086833261 0.079155359 0.080583401 0.085568386 0.086539094 0.000000000 0.061089855 0.544001023 
40     0.235708835 0.229511669 0.245941380 0.250037879 0.249517769 0.269901190 0.251570265 0.252110935 0.250619411 0.247575252 0.246824187 0.238242958 0.235950260 0.237183548 0.265914554 0.232227301 0.250536044 0.249852423 0.254436978 0.243524410 0.243044385 0.253834938 0.246599649 0.249914693 0.249214280 0.249692538 0.248181910 0.245035953 0.240024337 0.207858694 0.244520604 0.244814448 0.235045262 0.148450511 0.172172373 0.171833242 0.177589512 0.126042032 0.127093799 0.128703282 0.133140847 0.133029558 0.134963510 0.093902338 0.086224988 0.087562273 0.092937029 0.093673305 0.061089855 0.000000000 0.551251366 
0     0.573301212 0.565475193 0.583449215 0.588086383 0.587549402 0.606785779 0.588066777 0.588607447 0.587115922 0.584071764 0.583460752 0.575292980 0.573375311 0.574295894 0.602262598 0.568980011 0.585998635 0.586185677 0.590516558 0.580782347 0.580474869 0.588542249 0.583100102 0.586958691 0.586632225 0.586715920 0.585205292 0.582120859 0.577188338 0.541959588 0.577887581 0.577603535 0.565625864 0.522718608 0.546425338 0.546121709 0.551717776 0.530020901 0.531071994 0.532680577 0.536923741 0.536818968 0.537557627 0.556010888 0.548371514 0.549572667 0.554020457 0.554980255 0.544001023 0.551251366 0.000000000 
