51
41     0.000000000 0.082660561 0.082980112 0.126998758 0.129038037 0.125157954 0.123044712 0.124422011 0.127978927 0.120267997 0.119415796 0.128036518 0.128755580 0.127871656 0.129919498 0.130772380 0.129515265 0.127704882 0.131233509 0.130594815 0.126502227 0.134441206 0.133618015 0.133915479 0.133664976 0.130960430 0.133159335 0.131875450 0.127585877 0.127743965 0.138897521 0.130234167 0.127603380 0.131840371 0.129328071 0.130863462 0.130756464 0.135998841 0.134222313 0.137691340 0.135982617 0.147980305 0.147709176 0.133693026 0.148707687 0.137473869 0.138063995 0.138699199 0.135916587 0.144433791 0.166019393 
18     0.082660561 0.000000000 0.054739189 0.122658587 0.124437815 0.122682041 0.119872541 0.121856079 0.124292833 0.117717353 0.117404082 0.126131926 0.126719929 0.124900555 0.126398684 0.128002588 0.126857066 0.124331008 0.127422726 0.126808755 0.124275631 0.132298237 0.129730631 0.130985327 0.130563238 0.127858077 0.130257163 0.128401789 0.124673674 0.125304663 0.135099382 0.127477635 0.125820010 0.129678963 0.125994213 0.127938168 0.127978415 0.133763551 0.130798943 0.134663019 0.132221268 0.143845018 0.143845377 0.131039966 0.144694196 0.133378091 0.133992435 0.134552417 0.132338390 0.140601292 0.162127156 
19     0.082980112 0.054739189 0.000000000 0.123272274 0.124698873 0.122448237 0.120176669 0.122116910 0.124778942 0.118628336 0.118102337 0.126578396 0.127358216 0.125931894 0.127894764 0.129052583 0.127910042 0.126068208 0.129136107 0.128160036 0.124835773 0.133124617 0.130567413 0.131888040 0.131570124 0.128757505 0.132359175 0.130274606 0.126040341 0.126391301 0.135678574 0.128619403 0.126930461 0.130481200 0.127189887 0.128899528 0.129011045 0.134711636 0.132595623 0.135778775 0.133906839 0.145221251 0.144910742 0.131418222 0.146029760 0.133912611 0.134567020 0.135133807 0.132819809 0.140834488 0.163235229 
25     0.126998758 0.122658587 0.123272274 0.000000000 0.101289769 0.109428374 0.106451778 0.108499762 0.112375515 0.111764505 0.112208123 0.119309727 0.119756487 0.118147777 0.120569204 0.120995557 0.119663390 0.117185063 0.122468708 0.122353775 0.117880867 0.126332181 0.123281150 0.123954690 0.125256218 0.122525992 0.124534156 0.122545782 0.118439840 0.118143206 0.130007541 0.121007942 0.120177913 0.123251621 0.119316875 0.121579484 0.121888930 0.127654978 0.126490549 0.129583609 0.127874709 0.139056468 0.139106420 0.127765296 0.141662720 0.130024773 0.130670534 0.131490497 0.126988688 0.136738287 0.157518848 
9     0.129038037 0.124437815 0.124698873 0.101289769 0.000000000 0.113552798 0.110732074 0.111797753 0.115173256 0.114717849 0.114166581 0.121837558 0.122142193 0.120257222 0.122254020 0.123157859 0.121231347 0.119780642 0.122791692 0.122505676 0.118166477 0.126050177 0.124319815 0.125284150 0.125810853 0.123776101 0.126644772 0.124269701 0.117713186 0.117868872 0.130124604 0.122403407 0.120991896 0.124063656 0.119154801 0.122475360 0.122741609 0.128296665 0.127239327 0.129987480 0.128379212 0.140984571 0.140799689 0.128569380 0.143625895 0.131251081 0.131811677 0.132768752 0.129788082 0.138312459 0.158940365 
37     0.125157954 0.122682041 0.122448237 0.109428374 0.113552798 0.000000000 0.056163734 0.057496301 0.104644644 0.110918023 0.110512416 0.119311041 0.119622810 0.118183772 0.120012306 0.120106856 0.118042043 0.117696364 0.121934025 0.121664310 0.117396922 0.124971404 0.123296425 0.123844242 0.124721437 0.121530998 0.122240491 0.119183658 0.117171358 0.117641999 0.128929803 0.121141394 0.120010179 0.122509096 0.119291948 0.121175068 0.121349005 0.125685524 0.124828741 0.125787414 0.125496989 0.139131747 0.139239603 0.126278434 0.139357751 0.127023663 0.127664732 0.128692818 0.123234880 0.135274320 0.153936949 
29     0.123044712 0.119872541 0.120176669 0.106451778 0.110732074 0.056163734 0.000000000 0.016443750 0.101783846 0.108522128 0.107649826 0.115689705 0.116529862 0.114128530 0.116165788 0.117338953 0.115142843 0.114658303 0.119777238 0.119658220 0.114479672 0.121509124 0.120600800 0.121777793 0.121165974 0.118936579 0.120384490 0.118508006 0.113954615 0.114411408 0.127196449 0.116724062 0.115320182 0.118489279 0.113996550 0.116474561 0.116988634 0.124257249 0.122092356 0.124130130 0.123480402 0.136044677 0.135904082 0.123340736 0.137231611 0.126209121 0.126861634 0.127839624 0.123417899 0.134164317 0.150909169 
27     0.124422011 0.121856079 0.122116910 0.108499762 0.111797753 0.057496301 0.016443750 0.000000000 0.103228441 0.109730439 0.108908224 0.117133450 0.117934539 0.116351746 0.117497291 0.118819684 0.116662716 0.115906029 0.120988528 0.121018457 0.115330104 0.122176795 0.121865576 0.122771991 0.122312583 0.120039016 0.120997501 0.119635363 0.115373716 0.115485793 0.127803983 0.117685000 0.116451476 0.119535815 0.114843811 0.117309070 0.117847184 0.125735135 0.123668740 0.125742389 0.125119972 0.137680427 0.137302062 0.124137527 0.138781626 0.127869449 0.128523903 0.129500778 0.124876021 0.135716304 0.152321073 
15     0.127978927 0.124292833 0.124778942 0.112375515 0.115173256 0.104644644 0.101783846 0.103228441 0.000000000 0.112709877 0.111873843 0.120587024 0.121983525 0.121243540 0.120958855 0.124002086 0.121802706 0.119701089 0.122947413 0.121928014 0.116767194 0.125113921 0.125386083 0.125127395 0.125473174 0.122608355 0.124737826 0.121880272 0.118693905 0.118596973 0.130365053 0.122725478 0.121398322 0.123806081 0.119681769 0.122002580 0.122043713 0.126952564 0.126571565 0.129391068 0.128436608 0.140938582 0.141360880 0.127330017 0.140790029 0.130234919 0.130858282 0.131695451 0.128081814 0.136282449 0.158565966 
23     0.120267997 0.117717353 0.118628336 0.111764505 0.114717849 0.110918023 0.108522128 0.109730439 0.112709877 0.000000000 0.033750491 0.112863931 0.113525952 0.113398113 0.114635166 0.114731033 0.113420891 0.114185734 0.118295640 0.117266470 0.113576132 0.120250469 0.120131008 0.121101691 0.120702508 0.117533651 0.120603194 0.118106751 0.112915393 0.112825767 0.124747086 0.116987275 0.115111405 0.118327568 0.114467627 0.117234560 0.117009337 0.122645203 0.120888782 0.124244564 0.122086598 0.135728569 0.135257530 0.122026087 0.137062546 0.122894067 0.123473257 0.124085494 0.120884531 0.130190176 0.154168240 
17     0.119415796 0.117404082 0.118102337 0.112208123 0.114166581 0.110512416 0.107649826 0.108908224 0.111873843 0.033750491 0.000000000 0.111862019 0.112590996 0.111990390 0.113226213 0.113537202 0.112218023 0.112616857 0.117465112 0.116493868 0.112484015 0.119114417 0.119000981 0.119922319 0.118660321 0.115363101 0.118892450 0.116428605 0.111944840 0.111639157 0.123360013 0.115867033 0.113970709 0.117246537 0.113664213 0.116097565 0.116370224 0.121124104 0.119085796 0.121870070 0.120278147 0.134619344 0.134479728 0.120913008 0.135387298 0.121774665 0.122284619 0.123025428 0.120563294 0.128987471 0.153089379 
16     0.128036518 0.126131926 0.126578396 0.119309727 0.121837558 0.119311041 0.115689705 0.117133450 0.120587024 0.112863931 0.111862019 0.000000000 0.016916154 0.068122959 0.099662872 0.100699417 0.100086966 0.107916219 0.112341882 0.112461959 0.108564262 0.116336658 0.114517746 0.114303622 0.114619620 0.111458046 0.115118698 0.112676801 0.107008505 0.106274125 0.119343528 0.110004276 0.109476962 0.112525750 0.108819773 0.110474573 0.110379557 0.118818983 0.117055874 0.118075852 0.118231927 0.134619119 0.134714071 0.122676737 0.136136716 0.124762878 0.125322906 0.126411175 0.121447213 0.131473105 0.157181385 
11     0.128755580 0.126719929 0.127358216 0.119756487 0.122142193 0.119622810 0.116529862 0.117934539 0.121983525 0.113525952 0.112590996 0.016916154 0.000000000 0.068806871 0.100089626 0.101187170 0.100567237 0.108499335 0.112420736 0.112552858 0.109178109 0.116721670 0.115206106 0.115095623 0.115510002 0.112352418 0.115921582 0.113484516 0.107608135 0.106937838 0.120222793 0.110851674 0.110455491 0.113509394 0.109132758 0.111292624 0.111290921 0.119472588 0.117516501 0.118661443 0.118775160 0.134246194 0.134574855 0.122085641 0.135624797 0.124914016 0.125176929 0.126263788 0.121425557 0.131089550 0.157282542 
39     0.127871656 0.124900555 0.125931894 0.118147777 0.120257222 0.118183772 0.114128530 0.116351746 0.121243540 0.113398113 0.111990390 0.068122959 0.068806871 0.000000000 0.098014608 0.098566198 0.098051995 0.106775139 0.110542800 0.110044065 0.106339857 0.113842862 0.113119630 0.113788682 0.114076249 0.110617878 0.113614515 0.111677483 0.105141017 0.104516038 0.117056609 0.108249579 0.108076751 0.110964796 0.108035949 0.108515052 0.109392216 0.116549168 0.116608936 0.116998603 0.115714740 0.135044898 0.135124729 0.122032465 0.136503225 0.124974961 0.125245206 0.126308112 0.122361638 0.131669395 0.155869588 
4     0.129919498 0.126398684 0.127894764 0.120569204 0.122254020 0.120012306 0.116165788 0.117497291 0.120958855 0.114635166 0.113226213 0.099662872 0.100089626 0.098014608 0.000000000 0.091598615 0.090405819 0.106395867 0.111505671 0.110342742 0.107223045 0.114190502 0.112957355 0.114917902 0.114079236 0.110541273 0.114314814 0.112844375 0.106207883 0.105520394 0.117443860 0.110553422 0.109005535 0.111472735 0.107858103 0.109906208 0.110763430 0.115884243 0.117199028 0.116886886 0.116013318 0.136522492 0.136426090 0.123423168 0.138437125 0.126071621 0.126118045 0.127330452 0.123515072 0.132849608 0.154678420 
1     0.130772380 0.128002588 0.129052583 0.120995557 0.123157859 0.120106856 0.117338953 0.118819684 0.124002086 0.114731033 0.113537202 0.100699417 0.101187170 0.098566198 0.091598615 0.000000000 0.021873313 0.106487939 0.111954040 0.111094295 0.106185566 0.113295201 0.114440828 0.114879572 0.115087731 0.111928033 0.115048833 0.113138210 0.106428062 0.106071774 0.117997986 0.110304444 0.107956711 0.111757991 0.108766831 0.110284163 0.110813400 0.116908399 0.115760902 0.117862669 0.116396586 0.137946752 0.138008757 0.125572766 0.140709947 0.128664259 0.128956210 0.129845811 0.124941090 0.134936344 0.157719319 
21     0.129515265 0.126857066 0.127910042 0.119663390 0.121231347 0.118042043 0.115142843 0.116662716 0.121802706 0.113420891 0.112218023 0.100086966 0.100567237 0.098051995 0.090405819 0.021873313 0.000000000 0.105229704 0.110501515 0.109595203 0.103933810 0.111100675 0.112010161 0.112980918 0.113277041 0.110120871 0.113777623 0.111315212 0.104576445 0.104508425 0.116031115 0.108526639 0.106186008 0.110125093 0.106623666 0.108392492 0.108933205 0.115110834 0.114104316 0.116000468 0.114280742 0.136455801 0.136459868 0.124298266 0.138961829 0.126810972 0.127134882 0.128275799 0.123640968 0.133259205 0.156068337 
2     0.127704882 0.124331008 0.126068208 0.117185063 0.119780642 0.117696364 0.114658303 0.115906029 0.119701089 0.114185734 0.112616857 0.107916219 0.108499335 0.106775139 0.106395867 0.106487939 0.105229704 0.000000000 0.098952256 0.098524894 0.094309557 0.100986122 0.101784597 0.101538646 0.101097660 0.098444776 0.101335304 0.099887145 0.093052934 0.092503968 0.104345535 0.096021360 0.095183641 0.098935378 0.094717453 0.096696723 0.097627096 0.103611568 0.104966239 0.104660292 0.103862597 0.136067203 0.135459880 0.122640344 0.136440905 0.124185300 0.124392698 0.125609488 0.121001579 0.130435265 0.154051601 
30     0.131233509 0.127422726 0.129136107 0.122468708 0.122791692 0.121934025 0.119777238 0.120988528 0.122947413 0.118295640 0.117465112 0.112341882 0.112420736 0.110542800 0.111505671 0.111954040 0.110501515 0.098952256 0.000000000 0.022755719 0.092827432 0.099063280 0.104341997 0.105672236 0.104166785 0.101376467 0.104627793 0.102951521 0.097564432 0.096092169 0.108505781 0.099829410 0.098766386 0.102241147 0.097964474 0.098546293 0.100236335 0.106704041 0.107720058 0.107775780 0.106407243 0.138987980 0.138497161 0.127723546 0.138723221 0.129373952 0.129696715 0.130902334 0.126501065 0.136238573 0.158871899 
14     0.130594815 0.126808755 0.128160036 0.122353775 0.122505676 0.121664310 0.119658220 0.121018457 0.121928014 0.117266470 0.116493868 0.112461959 0.112552858 0.110044065 0.110342742 0.111094295 0.109595203 0.098524894 0.022755719 0.000000000 0.092871076 0.099481128 0.104165209 0.105516109 0.104080244 0.100331520 0.104651424 0.102957657 0.097203284 0.095890269 0.108093617 0.099802942 0.098587234 0.101920798 0.097566328 0.098183632 0.100025315 0.106519817 0.107831131 0.107927474 0.106358202 0.137853888 0.137368235 0.126796147 0.139867337 0.128516171 0.128846271 0.130035830 0.125234174 0.135645724 0.158594195 
32     0.126502227 0.124275631 0.124835773 0.117880867 0.118166477 0.117396922 0.114479672 0.115330104 0.116767194 0.113576132 0.112484015 0.108564262 0.109178109 0.106339857 0.107223045 0.106185566 0.103933810 0.094309557 0.092827432 0.092871076 0.000000000 0.069647534 0.099876925 0.100535793 0.099908350 0.096809424 0.099491170 0.098415584 0.090817462 0.090204089 0.103839424 0.094471217 0.094105462 0.097801098 0.093145990 0.095700255 0.097025930 0.101831930 0.102449458 0.102480088 0.101940906 0.135514916 0.135132885 0.123322282 0.135448514 0.124503840 0.124561363 0.125873018 0.121230626 0.130795503 0.150504568 
26     0.134441206 0.132298237 0.133124617 0.126332181 0.126050177 0.124971404 0.121509124 0.122176795 0.125113921 0.120250469 0.119114417 0.116336658 0.116721670 0.113842862 0.114190502 0.113295201 0.111100675 0.100986122 0.099063280 0.099481128 0.069647534 0.000000000 0.106461574 0.107713444 0.107493484 0.104456405 0.106953291 0.106141424 0.098961769 0.098231751 0.111825490 0.101319581 0.100253693 0.103702958 0.099815412 0.100513636 0.102388099 0.109698363 0.110177946 0.110850787 0.109126967 0.143605910 0.143313343 0.131335330 0.142096038 0.132971488 0.133330074 0.134574369 0.130203501 0.139066157 0.159670218 
34     0.133618015 0.129730631 0.130567413 0.123281150 0.124319815 0.123296425 0.120600800 0.121865576 0.125386083 0.120131008 0.119000981 0.114517746 0.115206106 0.113119630 0.112957355 0.114440828 0.112010161 0.101784597 0.104341997 0.104165209 0.099876925 0.106461574 0.000000000 0.051823556 0.071462159 0.069369238 0.072374056 0.070668173 0.093570007 0.092304487 0.105441754 0.095670265 0.094635088 0.098643072 0.094332362 0.096758227 0.098022729 0.107854557 0.110000108 0.108923176 0.108600061 0.140827498 0.141317017 0.127386086 0.140699528 0.130233830 0.130320795 0.131770884 0.125710276 0.136619593 0.156926310 
40     0.133915479 0.130985327 0.131888040 0.123954690 0.125284150 0.123844242 0.121777793 0.122771991 0.125127395 0.121101691 0.119922319 0.114303622 0.115095623 0.113788682 0.114917902 0.114879572 0.112980918 0.101538646 0.105672236 0.105516109 0.100535793 0.107713444 0.051823556 0.000000000 0.072547151 0.070123471 0.072924798 0.070177982 0.094744681 0.093434377 0.107083118 0.096158995 0.095401836 0.099506864 0.096006348 0.097428341 0.098969608 0.110045781 0.111305708 0.110112585 0.109827138 0.143282091 0.143493284 0.129332841 0.142392072 0.131461933 0.131616956 0.132946896 0.127554488 0.136445146 0.155815039 
31     0.133664976 0.130563238 0.131570124 0.125256218 0.125810853 0.124721437 0.121165974 0.122312583 0.125473174 0.120702508 0.118660321 0.114619620 0.115510002 0.114076249 0.114079236 0.115087731 0.113277041 0.101097660 0.104166785 0.104080244 0.099908350 0.107493484 0.071462159 0.072547151 0.000000000 0.026044063 0.059529648 0.057594010 0.094399407 0.093080401 0.104826005 0.096318308 0.095371104 0.099058044 0.093697644 0.096501710 0.097609566 0.109662743 0.110388554 0.109841865 0.108892298 0.142097003 0.142540971 0.129372076 0.143176187 0.132112104 0.132242887 0.133171854 0.129004289 0.137918865 0.157744401 
6     0.130960430 0.127858077 0.128757505 0.122525992 0.123776101 0.121530998 0.118936579 0.120039016 0.122608355 0.117533651 0.115363101 0.111458046 0.112352418 0.110617878 0.110541273 0.111928033 0.110120871 0.098444776 0.101376467 0.100331520 0.096809424 0.104456405 0.069369238 0.070123471 0.026044063 0.000000000 0.056954712 0.054874890 0.091462511 0.090101883 0.102971681 0.093160989 0.092324770 0.095674253 0.091554375 0.093231806 0.093996833 0.106661319 0.107077522 0.106924159 0.106050530 0.139230641 0.139724348 0.125562577 0.140404846 0.128423363 0.128583710 0.129940007 0.125035614 0.134351716 0.154829055 
12     0.133159335 0.130257163 0.132359175 0.124534156 0.126644772 0.122240491 0.120384490 0.120997501 0.124737826 0.120603194 0.118892450 0.115118698 0.115921582 0.113614515 0.114314814 0.115048833 0.113777623 0.101335304 0.104627793 0.104651424 0.099491170 0.106953291 0.072374056 0.072924798 0.059529648 0.056954712 0.000000000 0.026850921 0.094847024 0.093069786 0.106059736 0.095881528 0.096309770 0.099388477 0.094388685 0.095843395 0.096765217 0.110014676 0.111004804 0.108988490 0.109531913 0.141800349 0.142222345 0.129305121 0.143146562 0.131644747 0.131986145 0.133309233 0.128690195 0.137175394 0.156462828 
33     0.131875450 0.128401789 0.130274606 0.122545782 0.124269701 0.119183658 0.118508006 0.119635363 0.121880272 0.118106751 0.116428605 0.112676801 0.113484516 0.111677483 0.112844375 0.113138210 0.111315212 0.099887145 0.102951521 0.102957657 0.098415584 0.106141424 0.070668173 0.070177982 0.057594010 0.054874890 0.026850921 0.000000000 0.093472538 0.092151422 0.104034195 0.094561714 0.093902599 0.097098500 0.093347561 0.093857922 0.094992903 0.108222368 0.108508876 0.107241319 0.107694577 0.139743614 0.140046080 0.126964139 0.140773521 0.128697828 0.129039226 0.130364602 0.125802845 0.134675032 0.155294357 
35     0.127585877 0.124673674 0.126040341 0.118439840 0.117713186 0.117171358 0.113954615 0.115373716 0.118693905 0.112915393 0.111944840 0.107008505 0.107608135 0.105141017 0.106207883 0.106428062 0.104576445 0.093052934 0.097564432 0.097203284 0.090817462 0.098961769 0.093570007 0.094744681 0.094399407 0.091462511 0.094847024 0.093472538 0.000000000 0.019497182 0.095177834 0.084407130 0.084592064 0.087229752 0.083458567 0.086329725 0.086636909 0.101907804 0.102848979 0.100977694 0.101808816 0.135841345 0.135361611 0.123758140 0.134647148 0.124773744 0.124850541 0.126383222 0.122286097 0.131084047 0.149188212 
5     0.127743965 0.125304663 0.126391301 0.118143206 0.117868872 0.117641999 0.114411408 0.115485793 0.118596973 0.112825767 0.111639157 0.106274125 0.106937838 0.104516038 0.105520394 0.106071774 0.104508425 0.092503968 0.096092169 0.095890269 0.090204089 0.098231751 0.092304487 0.093434377 0.093080401 0.090101883 0.093069786 0.092151422 0.019497182 0.000000000 0.094203086 0.083609362 0.084027725 0.086514157 0.082966608 0.085625007 0.085953417 0.101256347 0.102207427 0.100450462 0.101020372 0.135420265 0.135200695 0.123351385 0.134137616 0.124551096 0.124627927 0.126138028 0.121841327 0.131142668 0.149430354 
24     0.138897521 0.135099382 0.135678574 0.130007541 0.130124604 0.128929803 0.127196449 0.127803983 0.130365053 0.124747086 0.123360013 0.119343528 0.120222793 0.117056609 0.117443860 0.117997986 0.116031115 0.104345535 0.108505781 0.108093617 0.103839424 0.111825490 0.105441754 0.107083118 0.104826005 0.102971681 0.106059736 0.104034195 0.095177834 0.094203086 0.000000000 0.095735814 0.095960367 0.098669610 0.094757021 0.096328226 0.096688836 0.111951783 0.114144449 0.112938058 0.113022667 0.147093876 0.145984943 0.134563386 0.146431121 0.136308142 0.136199366 0.137550349 0.133317595 0.142035032 0.164533289 
38     0.130234167 0.127477635 0.128619403 0.121007942 0.122403407 0.121141394 0.116724062 0.117685000 0.122725478 0.116987275 0.115867033 0.110004276 0.110851674 0.108249579 0.110553422 0.110304444 0.108526639 0.096021360 0.099829410 0.099802942 0.094471217 0.101319581 0.095670265 0.096158995 0.096318308 0.093160989 0.095881528 0.094561714 0.084407130 0.083609362 0.095735814 0.000000000 0.047393477 0.058877374 0.057998901 0.060013844 0.061107330 0.104052759 0.104210635 0.103061417 0.103794425 0.137379171 0.136969652 0.124358692 0.137105348 0.126107485 0.126675155 0.128163137 0.123978587 0.133641313 0.153189623 
3     0.127603380 0.125820010 0.126930461 0.120177913 0.120991896 0.120010179 0.115320182 0.116451476 0.121398322 0.115111405 0.113970709 0.109476962 0.110455491 0.108076751 0.109005535 0.107956711 0.106186008 0.095183641 0.098766386 0.098587234 0.094105462 0.100253693 0.094635088 0.095401836 0.095371104 0.092324770 0.096309770 0.093902599 0.084592064 0.084027725 0.095960367 0.047393477 0.000000000 0.059819361 0.059256371 0.060884392 0.061957317 0.103045747 0.103189740 0.102123566 0.102391534 0.136854086 0.136740548 0.124085619 0.138075172 0.126089926 0.126696552 0.128187590 0.124003723 0.134570102 0.152455159 
36     0.131840371 0.129678963 0.130481200 0.123251621 0.124063656 0.122509096 0.118489279 0.119535815 0.123806081 0.118327568 0.117246537 0.112525750 0.113509394 0.110964796 0.111472735 0.111757991 0.110125093 0.098935378 0.102241147 0.101920798 0.097801098 0.103702958 0.098643072 0.099506864 0.099058044 0.095674253 0.099388477 0.097098500 0.087229752 0.086514157 0.098669610 0.058877374 0.059819361 0.000000000 0.061239726 0.063379892 0.064619029 0.105362141 0.106733935 0.105781498 0.106304353 0.141065497 0.140498530 0.127779180 0.140696285 0.127997770 0.128702054 0.130100561 0.125710791 0.135670230 0.155915660 
28     0.129328071 0.125994213 0.127189887 0.119316875 0.119154801 0.119291948 0.113996550 0.114843811 0.119681769 0.114467627 0.113664213 0.108819773 0.109132758 0.108035949 0.107858103 0.108766831 0.106623666 0.094717453 0.097964474 0.097566328 0.093145990 0.099815412 0.094332362 0.096006348 0.093697644 0.091554375 0.094388685 0.093347561 0.083458567 0.082966608 0.094757021 0.057998901 0.059256371 0.061239726 0.000000000 0.058526090 0.058916304 0.100314153 0.101469214 0.100073179 0.101568213 0.135725935 0.135369949 0.124032030 0.136820919 0.125338307 0.125901935 0.127210435 0.122711937 0.131633335 0.152438785 
20     0.130863462 0.127938168 0.128899528 0.121579484 0.122475360 0.121175068 0.116474561 0.117309070 0.122002580 0.117234560 0.116097565 0.110474573 0.111292624 0.108515052 0.109906208 0.110284163 0.108392492 0.096696723 0.098546293 0.098183632 0.095700255 0.100513636 0.096758227 0.097428341 0.096501710 0.093231806 0.095843395 0.093857922 0.086329725 0.085625007 0.096328226 0.060013844 0.060884392 0.063379892 0.058526090 0.000000000 0.035066377 0.103983212 0.105228067 0.103763789 0.103321897 0.137094517 0.136523743 0.126262524 0.138941752 0.127499365 0.128097037 0.129430378 0.124666138 0.134629005 0.154002757 
22     0.130756464 0.127978415 0.129011045 0.121888930 0.122741609 0.121349005 0.116988634 0.117847184 0.122043713 0.117009337 0.116370224 0.110379557 0.111290921 0.109392216 0.110763430 0.110813400 0.108933205 0.097627096 0.100236335 0.100025315 0.097025930 0.102388099 0.098022729 0.098969608 0.097609566 0.093996833 0.096765217 0.094992903 0.086636909 0.085953417 0.096688836 0.061107330 0.061957317 0.064619029 0.058916304 0.035066377 0.000000000 0.105310147 0.106270667 0.104854564 0.104307318 0.137901057 0.137244899 0.125890283 0.138339219 0.126431798 0.127028798 0.128432976 0.124473838 0.133768707 0.153748695 
10     0.135998841 0.133763551 0.134711636 0.127654978 0.128296665 0.125685524 0.124257249 0.125735135 0.126952564 0.122645203 0.121124104 0.118818983 0.119472588 0.116549168 0.115884243 0.116908399 0.115110834 0.103611568 0.106704041 0.106519817 0.101831930 0.109698363 0.107854557 0.110045781 0.109662743 0.106661319 0.110014676 0.108222368 0.101907804 0.101256347 0.111951783 0.104052759 0.103045747 0.105362141 0.100314153 0.103983212 0.105310147 0.000000000 0.083003494 0.079374926 0.080645517 0.145475600 0.145390336 0.131365805 0.144965806 0.133708208 0.134185165 0.135365024 0.131006605 0.139931604 0.161850926 
8     0.134222313 0.130798943 0.132595623 0.126490549 0.127239327 0.124828741 0.122092356 0.123668740 0.126571565 0.120888782 0.119085796 0.117055874 0.117516501 0.116608936 0.117199028 0.115760902 0.114104316 0.104966239 0.107720058 0.107831131 0.102449458 0.110177946 0.110000108 0.111305708 0.110388554 0.107077522 0.111004804 0.108508876 0.102848979 0.102207427 0.114144449 0.104210635 0.103189740 0.106733935 0.101469214 0.105228067 0.106270667 0.083003494 0.000000000 0.066791076 0.066455338 0.145836283 0.145071938 0.129917583 0.143806013 0.133677240 0.134075934 0.135082361 0.130969263 0.139195861 0.161056615 
7     0.137691340 0.134663019 0.135778775 0.129583609 0.129987480 0.125787414 0.124130130 0.125742389 0.129391068 0.124244564 0.121870070 0.118075852 0.118661443 0.116998603 0.116886886 0.117862669 0.116000468 0.104660292 0.107775780 0.107927474 0.102480088 0.110850787 0.108923176 0.110112585 0.109841865 0.106924159 0.108988490 0.107241319 0.100977694 0.100450462 0.112938058 0.103061417 0.102123566 0.105781498 0.100073179 0.103763789 0.104854564 0.079374926 0.066791076 0.000000000 0.055101213 0.146861291 0.146428942 0.132921472 0.147113272 0.135319705 0.135843559 0.137152546 0.131631842 0.141583473 0.160400038 
13     0.135982617 0.132221268 0.133906839 0.127874709 0.128379212 0.125496989 0.123480402 0.125119972 0.128436608 0.122086598 0.120278147 0.118231927 0.118775160 0.115714740 0.116013318 0.116396586 0.114280742 0.103862597 0.106407243 0.106358202 0.101940906 0.109126967 0.108600061 0.109827138 0.108892298 0.106050530 0.109531913 0.107694577 0.101808816 0.101020372 0.113022667 0.103794425 0.102391534 0.106304353 0.101568213 0.103321897 0.104307318 0.080645517 0.066455338 0.055101213 0.000000000 0.145390114 0.144712970 0.131287298 0.145497352 0.134234636 0.134663285 0.135830817 0.131593239 0.139693151 0.162336119 
43     0.147980305 0.143845018 0.145221251 0.139056468 0.140984571 0.139131747 0.136044677 0.137680427 0.140938582 0.135728569 0.134619344 0.134619119 0.134246194 0.135044898 0.136522492 0.137946752 0.136455801 0.136067203 0.138987980 0.137853888 0.135514916 0.143605910 0.140827498 0.143282091 0.142097003 0.139230641 0.141800349 0.139743614 0.135841345 0.135420265 0.147093876 0.137379171 0.136854086 0.141065497 0.135725935 0.137094517 0.137901057 0.145475600 0.145836283 0.146861291 0.145390114 0.000000000 0.029198825 0.130751610 0.144062099 0.132213868 0.132391983 0.133408219 0.128248619 0.138439151 0.171335763 
45     0.147709176 0.143845377 0.144910742 0.139106420 0.140799689 0.139239603 0.135904082 0.137302062 0.141360880 0.135257530 0.134479728 0.134714071 0.134574855 0.135124729 0.136426090 0.138008757 0.136459868 0.135459880 0.138497161 0.137368235 0.135132885 0.143313343 0.141317017 0.143493284 0.142540971 0.139724348 0.142222345 0.140046080 0.135361611 0.135200695 0.145984943 0.136969652 0.136740548 0.140498530 0.135369949 0.136523743 0.137244899 0.145390336 0.145071938 0.146428942 0.144712970 0.029198825 0.000000000 0.131161864 0.145082218 0.132637881 0.133198282 0.134214114 0.128988961 0.138334510 0.171225840 
48     0.133693026 0.131039966 0.131418222 0.127765296 0.128569380 0.126278434 0.123340736 0.124137527 0.127330017 0.122026087 0.120913008 0.122676737 0.122085641 0.122032465 0.123423168 0.125572766 0.124298266 0.122640344 0.127723546 0.126796147 0.123322282 0.131335330 0.127386086 0.129332841 0.129372076 0.125562577 0.129305121 0.126964139 0.123758140 0.123351385 0.134563386 0.124358692 0.124085619 0.127779180 0.124032030 0.126262524 0.125890283 0.131365805 0.129917583 0.132921472 0.131287298 0.130751610 0.131161864 0.000000000 0.116464062 0.104590451 0.105016959 0.106032937 0.104693733 0.112265942 0.157048572 
44     0.148707687 0.144694196 0.146029760 0.141662720 0.143625895 0.139357751 0.137231611 0.138781626 0.140790029 0.137062546 0.135387298 0.136136716 0.135624797 0.136503225 0.138437125 0.140709947 0.138961829 0.136440905 0.138723221 0.139867337 0.135448514 0.142096038 0.140699528 0.142392072 0.143176187 0.140404846 0.143146562 0.140773521 0.134647148 0.134137616 0.146431121 0.137105348 0.138075172 0.140696285 0.136820919 0.138941752 0.138339219 0.144965806 0.143806013 0.147113272 0.145497352 0.144062099 0.145082218 0.116464062 0.000000000 0.119511101 0.119663527 0.120286051 0.118279354 0.124027705 0.170995409 
46     0.137473869 0.133378091 0.133912611 0.130024773 0.131251081 0.127023663 0.126209121 0.127869449 0.130234919 0.122894067 0.121774665 0.124762878 0.124914016 0.124974961 0.126071621 0.128664259 0.126810972 0.124185300 0.129373952 0.128516171 0.124503840 0.132971488 0.130233830 0.131461933 0.132112104 0.128423363 0.131644747 0.128697828 0.124773744 0.124551096 0.136308142 0.126107485 0.126089926 0.127997770 0.125338307 0.127499365 0.126431798 0.133708208 0.133677240 0.135319705 0.134234636 0.132213868 0.132637881 0.104590451 0.119511101 0.000000000 0.016647628 0.020017349 0.064080662 0.093426403 0.161380655 
42     0.138063995 0.133992435 0.134567020 0.130670534 0.131811677 0.127664732 0.126861634 0.128523903 0.130858282 0.123473257 0.122284619 0.125322906 0.125176929 0.125245206 0.126118045 0.128956210 0.127134882 0.124392698 0.129696715 0.128846271 0.124561363 0.133330074 0.130320795 0.131616956 0.132242887 0.128583710 0.131986145 0.129039226 0.124850541 0.124627927 0.136199366 0.126675155 0.126696552 0.128702054 0.125901935 0.128097037 0.127028798 0.134185165 0.134075934 0.135843559 0.134663285 0.132391983 0.133198282 0.105016959 0.119663527 0.016647628 0.000000000 0.019644369 0.063968404 0.093377274 0.161917001 
50     0.138699199 0.134552417 0.135133807 0.131490497 0.132768752 0.128692818 0.127839624 0.129500778 0.131695451 0.124085494 0.123025428 0.126411175 0.126263788 0.126308112 0.127330452 0.129845811 0.128275799 0.125609488 0.130902334 0.130035830 0.125873018 0.134574369 0.131770884 0.132946896 0.133171854 0.129940007 0.133309233 0.130364602 0.126383222 0.126138028 0.137550349 0.128163137 0.128187590 0.130100561 0.127210435 0.129430378 0.128432976 0.135365024 0.135082361 0.137152546 0.135830817 0.133408219 0.134214114 0.106032937 0.120286051 0.020017349 0.019644369 0.000000000 0.064488522 0.094004671 0.163126632 
47     0.135916587 0.132338390 0.132819809 0.126988688 0.129788082 0.123234880 0.123417899 0.124876021 0.128081814 0.120884531 0.120563294 0.121447213 0.121425557 0.122361638 0.123515072 0.124941090 0.123640968 0.121001579 0.126501065 0.125234174 0.121230626 0.130203501 0.125710276 0.127554488 0.129004289 0.125035614 0.128690195 0.125802845 0.122286097 0.121841327 0.133317595 0.123978587 0.124003723 0.125710791 0.122711937 0.124666138 0.124473838 0.131006605 0.130969263 0.131631842 0.131593239 0.128248619 0.128988961 0.104693733 0.118279354 0.064080662 0.063968404 0.064488522 0.000000000 0.091915127 0.158433457 
49     0.144433791 0.140601292 0.140834488 0.136738287 0.138312459 0.135274320 0.134164317 0.135716304 0.136282449 0.130190176 0.128987471 0.131473105 0.131089550 0.131669395 0.132849608 0.134936344 0.133259205 0.130435265 0.136238573 0.135645724 0.130795503 0.139066157 0.136619593 0.136445146 0.137918865 0.134351716 0.137175394 0.134675032 0.131084047 0.131142668 0.142035032 0.133641313 0.134570102 0.135670230 0.131633335 0.134629005 0.133768707 0.139931604 0.139195861 0.141583473 0.139693151 0.138439151 0.138334510 0.112265942 0.124027705 0.093426403 0.093377274 0.094004671 0.091915127 0.000000000 0.167629361 
0     0.166019393 0.162127156 0.163235229 0.157518848 0.158940365 0.153936949 0.150909169 0.152321073 0.158565966 0.154168240 0.153089379 0.157181385 0.157282542 0.155869588 0.154678420 0.157719319 0.156068337 0.154051601 0.158871899 0.158594195 0.150504568 0.159670218 0.156926310 0.155815039 0.157744401 0.154829055 0.156462828 0.155294357 0.149188212 0.149430354 0.164533289 0.153189623 0.152455159 0.155915660 0.152438785 0.154002757 0.153748695 0.161850926 0.161056615 0.160400038 0.162336119 0.171335763 0.171225840 0.157048572 0.170995409 0.161380655 0.161917001 0.163126632 0.158433457 0.167629361 0.000000000 
