51
41     0.000000000 0.000177510 0.000182760 0.000449440 0.000317960 0.000228220 0.000359960 0.000327210 0.000561240 0.000402940 0.000364420 0.000427220 0.000440850 0.000059860 0.000322010 0.000353430 0.000366910 0.000343710 0.000338630 0.000340780 0.000442930 0.000406600 0.000311510 0.000129300 0.000546680 0.000490960 0.000612190 0.000580020 0.000376080 0.000427170 0.000402860 0.000645050 0.000490000 0.000431760 0.000413340 0.000458060 0.000395910 0.000570990 0.000316220 0.000507360 0.000472050 0.000368990 0.000353460 0.000481140 0.000908760 0.000436000 0.000460840 0.000425420 0.000421510 0.000397920 0.000367030 
18     0.000177510 0.000000000 0.000227470 0.000185060 0.000386810 0.000448640 0.000428810 0.000403440 0.000630090 0.000193630 0.000264360 0.000481590 0.000487270 0.000328550 0.000390860 0.000422280 0.000435760 0.000412560 0.000407480 0.000409630 0.000219200 0.000216120 0.000521370 0.000710390 0.000285220 0.000559810 0.000107560 0.000235520 0.000339210 0.000322230 0.000471710 0.000503560 0.000372290 0.000456780 0.000455730 0.000349100 0.000352390 0.000639840 0.000304610 0.000576210 0.000540900 0.000315530 0.000315530 0.000549990 0.000338680 0.000504850 0.000492100 0.000494270 0.000380270 0.000466770 0.000435880 
19     0.000182760 0.000227470 0.000000000 0.000439430 0.000392060 0.000123690 0.000355420 0.000286800 0.000635340 0.000477040 0.000354350 0.000501320 0.000514950 0.000410250 0.000396110 0.000427530 0.000441010 0.000417810 0.000412730 0.000414880 0.000517030 0.000480700 0.000271100 0.000389290 0.000620780 0.000565060 0.000686290 0.000654120 0.000379210 0.000318230 0.000476960 0.000587210 0.000231300 0.000505860 0.000487440 0.000408260 0.000411550 0.000645090 0.000401010 0.000581460 0.000546150 0.000349010 0.000142270 0.000555240 0.000982860 0.000510100 0.000534940 0.000499520 0.000495610 0.000472020 0.000441130 
25     0.000449440 0.000185060 0.000439430 0.000000000 0.000343180 0.000327060 0.000157190 0.000280430 0.000362590 0.000103180 0.000173910 0.000629070 0.000642700 0.000228030 0.000290050 0.000555280 0.000568760 0.000322810 0.000459500 0.000461650 0.000096190 0.000093110 0.000410350 0.000232890 0.000748530 0.000692810 0.000812180 0.000112510 0.000267960 0.000411990 0.000277750 0.000380550 0.000249280 0.000333770 0.000216380 0.000588970 0.000597760 0.000727520 0.000181600 0.000560640 0.000332950 0.000192520 0.000192520 0.000560910 0.000519500 0.000562760 0.000422130 0.000407540 0.000623360 0.000349080 0.000457900 
9     0.000317960 0.000386810 0.000392060 0.000343180 0.000000000 0.000335930 0.000316100 0.000325710 0.000378350 0.000359080 0.000359040 0.000383360 0.000396990 0.000429900 0.000278150 0.000309570 0.000128500 0.000299850 0.000111450 0.000113600 0.000081090 0.000362740 0.000084130 0.000357750 0.000502820 0.000447100 0.000568330 0.000390000 0.000332220 0.000137390 0.000359000 0.000601190 0.000446140 0.000387900 0.000369480 0.000440820 0.000352050 0.000527130 0.000384190 0.000463500 0.000428190 0.000583110 0.000434160 0.000285120 0.000864900 0.000392140 0.000350510 0.000381560 0.000207770 0.000354060 0.000177930 
37     0.000228220 0.000448640 0.000123690 0.000327060 0.000335930 0.000000000 0.000073970 0.000091820 0.000510300 0.000396850 0.000241980 0.000297590 0.000311220 0.000242560 0.000315920 0.000347340 0.000307090 0.000337620 0.000356600 0.000358750 0.000429940 0.000400510 0.000158730 0.000659510 0.000540590 0.000484870 0.000606100 0.000573930 0.000183560 0.000143440 0.000211530 0.000638960 0.000483910 0.000425670 0.000407250 0.000478590 0.000389820 0.000564900 0.000421960 0.000501270 0.000465960 0.000672860 0.000651370 0.000058140 0.000657970 0.000244670 0.000198680 0.000234090 0.000143760 0.000206590 0.000237400 
29     0.000359960 0.000428810 0.000355420 0.000157190 0.000316100 0.000073970 0.000000000 0.000000180 0.000450600 0.000377020 0.000376980 0.000277760 0.000291390 0.000146840 0.000150670 0.000327510 0.000340990 0.000317790 0.000336770 0.000338920 0.000370240 0.000380680 0.000088600 0.000639680 0.000520760 0.000465040 0.000586270 0.000523260 0.000350160 0.000401250 0.000191700 0.000066330 0.000464080 0.000405840 0.000387420 0.000338560 0.000346480 0.000292100 0.000285630 0.000481440 0.000446130 0.000340700 0.000607270 0.000283740 0.000301860 0.000224840 0.000249680 0.000214260 0.000040530 0.000186760 0.000217570 
27     0.000327210 0.000403440 0.000286800 0.000280430 0.000325710 0.000091820 0.000000180 0.000000000 0.000475530 0.000272390 0.000340970 0.000287370 0.000301000 0.000333910 0.000117060 0.000337120 0.000350600 0.000327400 0.000346380 0.000348530 0.000261400 0.000258320 0.000019980 0.000649290 0.000530370 0.000474650 0.000595880 0.000277720 0.000359770 0.000410860 0.000201310 0.000545760 0.000414490 0.000415450 0.000397030 0.000306150 0.000314070 0.000548050 0.000220200 0.000491050 0.000455740 0.000361730 0.000361730 0.000293350 0.000720970 0.000234450 0.000259290 0.000223870 0.000045830 0.000196370 0.000227180 
15     0.000561240 0.000630090 0.000635340 0.000362590 0.000378350 0.000510300 0.000450600 0.000475530 0.000000000 0.000602360 0.000602320 0.000626640 0.000503190 0.000673180 0.000203100 0.000552850 0.000566330 0.000427320 0.000103410 0.000280360 0.000449240 0.000598760 0.000703640 0.000259960 0.000746100 0.000690380 0.000811610 0.000779440 0.000575500 0.000511420 0.000379520 0.000844470 0.000689420 0.000631180 0.000612760 0.000640530 0.000595330 0.000597530 0.000627470 0.000706780 0.000671470 0.000850000 0.000804170 0.000680560 0.000403480 0.000635420 0.000584070 0.000624840 0.000206730 0.000597340 0.000566450 
23     0.000402940 0.000193630 0.000477040 0.000103180 0.000359080 0.000396850 0.000377020 0.000272390 0.000602360 0.000000000 0.000071780 0.000444280 0.000457910 0.000219990 0.000337090 0.000368510 0.000381990 0.000149230 0.000379750 0.000381900 0.000088150 0.000085070 0.000442120 0.000682660 0.000561760 0.000506040 0.000627270 0.000104470 0.000259920 0.000185150 0.000419920 0.000372510 0.000241240 0.000325730 0.000324680 0.000499760 0.000410990 0.000586070 0.000173560 0.000522440 0.000196450 0.000184480 0.000184480 0.000498200 0.000546630 0.000453060 0.000414090 0.000399500 0.000230540 0.000341040 0.000340660 
17     0.000364420 0.000264360 0.000354350 0.000173910 0.000359040 0.000241980 0.000376980 0.000340970 0.000602320 0.000071780 0.000000000 0.000444240 0.000457870 0.000290720 0.000337050 0.000368470 0.000381950 0.000131170 0.000379710 0.000381860 0.000158880 0.000155800 0.000325270 0.000682620 0.000527780 0.000506000 0.000537710 0.000175200 0.000330650 0.000442210 0.000419880 0.000443240 0.000311970 0.000396460 0.000395410 0.000499720 0.000410950 0.000586030 0.000244290 0.000522400 0.000196410 0.000255210 0.000255210 0.000401010 0.000617360 0.000453020 0.000477860 0.000442440 0.000176320 0.000411770 0.000316000 
16     0.000427220 0.000481590 0.000501320 0.000629070 0.000383360 0.000297590 0.000277760 0.000287370 0.000626640 0.000444280 0.000444240 0.000000000 0.000010980 0.000100640 0.000358150 0.000394770 0.000408250 0.000385050 0.000275720 0.000281930 0.000484270 0.000217660 0.000361300 0.000706940 0.000588020 0.000532300 0.000390550 0.000369220 0.000417420 0.000462960 0.000320660 0.000367980 0.000531340 0.000437440 0.000345620 0.000489830 0.000437250 0.000612330 0.000469390 0.000548700 0.000513390 0.000334310 0.000459470 0.000398940 0.000329680 0.000353800 0.000378640 0.000343220 0.000339310 0.000315720 0.000218730 
11     0.000440850 0.000487270 0.000514950 0.000642700 0.000396990 0.000311220 0.000291390 0.000301000 0.000503190 0.000457910 0.000457870 0.000010980 0.000000000 0.000043760 0.000376980 0.000087170 0.000221960 0.000398680 0.000417660 0.000419810 0.000497900 0.000255830 0.000366980 0.000720570 0.000601650 0.000545930 0.000439900 0.000418570 0.000431050 0.000468640 0.000334290 0.000373660 0.000544970 0.000443120 0.000351300 0.000495510 0.000450880 0.000625960 0.000483020 0.000562330 0.000527020 0.000339990 0.000712430 0.000412570 0.000315160 0.000105420 0.000386470 0.000356850 0.000329660 0.000329350 0.000232360 
39     0.000059860 0.000328550 0.000410250 0.000228030 0.000429900 0.000242560 0.000146840 0.000333910 0.000673180 0.000219990 0.000290720 0.000100640 0.000043760 0.000000000 0.000409890 0.000441310 0.000290020 0.000431590 0.000158110 0.000452720 0.000213000 0.000209920 0.000403130 0.000753480 0.000203990 0.000089150 0.000614200 0.000229320 0.000384770 0.000504790 0.000367200 0.000409810 0.000366090 0.000450580 0.000387450 0.000531660 0.000483790 0.000414740 0.000298410 0.000595240 0.000559930 0.000068620 0.000120870 0.000445480 0.000483020 0.000375040 0.000425180 0.000389760 0.000385850 0.000362260 0.000265270 
4     0.000322010 0.000390860 0.000396110 0.000290050 0.000278150 0.000315920 0.000150670 0.000117060 0.000203100 0.000337090 0.000337050 0.000358150 0.000376980 0.000409890 0.000000000 0.000213620 0.000227100 0.000277860 0.000298820 0.000300970 0.000359440 0.000323110 0.000309100 0.000482450 0.000463190 0.000407470 0.000528700 0.000496530 0.000292590 0.000343680 0.000000110 0.000263060 0.000406510 0.000348270 0.000133150 0.000401190 0.000312420 0.000487500 0.000288240 0.000367550 0.000402860 0.000534850 0.000599690 0.000417270 0.000029690 0.000179210 0.000249440 0.000230760 0.000357640 0.000334050 0.000132150 
1     0.000353430 0.000422280 0.000427530 0.000555280 0.000309570 0.000347340 0.000327510 0.000337120 0.000552850 0.000368510 0.000368470 0.000394770 0.000087170 0.000441310 0.000213620 0.000000000 0.000033940 0.000290120 0.000330240 0.000332390 0.000390860 0.000354530 0.000452150 0.000633150 0.000494610 0.000438890 0.000560120 0.000527950 0.000324010 0.000375100 0.000370410 0.000521440 0.000437930 0.000371380 0.000361270 0.000432610 0.000343840 0.000518920 0.000204840 0.000284150 0.000437620 0.000517430 0.000631110 0.000421790 0.000876310 0.000403550 0.000428390 0.000392970 0.000389060 0.000365470 0.000334580 
21     0.000366910 0.000435760 0.000441010 0.000568760 0.000128500 0.000307090 0.000340990 0.000350600 0.000566330 0.000381990 0.000381950 0.000408250 0.000221960 0.000290020 0.000227100 0.000033940 0.000000000 0.000322760 0.000343720 0.000345870 0.000404340 0.000368010 0.000465630 0.000646630 0.000508090 0.000452370 0.000573600 0.000436590 0.000337490 0.000388580 0.000383890 0.000512900 0.000122490 0.000341410 0.000374750 0.000446090 0.000357320 0.000532400 0.000218320 0.000297630 0.000451100 0.000508890 0.000644590 0.000376590 0.000889790 0.000417030 0.000441870 0.000406450 0.000402540 0.000210140 0.000348060 
2     0.000343710 0.000412560 0.000417810 0.000322810 0.000299850 0.000337620 0.000317790 0.000327400 0.000427320 0.000149230 0.000131170 0.000385050 0.000398680 0.000431590 0.000277860 0.000290120 0.000322760 0.000000000 0.000320520 0.000322670 0.000294370 0.000327090 0.000306310 0.000623430 0.000486910 0.000446810 0.000496840 0.000345610 0.000331930 0.000383020 0.000358950 0.000293830 0.000162560 0.000144430 0.000076860 0.000440530 0.000351760 0.000406290 0.000050780 0.000463210 0.000218340 0.000490760 0.000490760 0.000438970 0.000209770 0.000393830 0.000418670 0.000383250 0.000147030 0.000111140 0.000324860 
30     0.000338630 0.000407480 0.000412730 0.000459500 0.000111450 0.000356600 0.000336770 0.000346380 0.000103410 0.000379750 0.000379710 0.000275720 0.000417660 0.000158110 0.000298820 0.000330240 0.000343720 0.000320520 0.000000000 0.000021690 0.000419740 0.000383410 0.000481030 0.000573910 0.000523490 0.000247430 0.000589000 0.000556830 0.000191510 0.000403980 0.000379670 0.000621860 0.000466810 0.000408570 0.000390150 0.000461490 0.000372720 0.000547800 0.000057260 0.000345030 0.000297170 0.000661860 0.000640370 0.000455770 0.000885570 0.000412810 0.000437650 0.000402230 0.000398320 0.000121250 0.000343840 
14     0.000340780 0.000409630 0.000414880 0.000461650 0.000113600 0.000358750 0.000338920 0.000348530 0.000280360 0.000381900 0.000381860 0.000281930 0.000419810 0.000452720 0.000300970 0.000332390 0.000345870 0.000322670 0.000021690 0.000000000 0.000421890 0.000385560 0.000483180 0.000576060 0.000525640 0.000311390 0.000591150 0.000558980 0.000355040 0.000406130 0.000381820 0.000624010 0.000468960 0.000410720 0.000392300 0.000386280 0.000374870 0.000549950 0.000166430 0.000486320 0.000406340 0.000664010 0.000642520 0.000460100 0.000887720 0.000414960 0.000439800 0.000404380 0.000075090 0.000376880 0.000345990 
32     0.000442930 0.000219200 0.000517030 0.000096190 0.000081090 0.000429940 0.000370240 0.000261400 0.000449240 0.000088150 0.000158880 0.000484270 0.000497900 0.000213000 0.000359440 0.000390860 0.000404340 0.000294370 0.000419740 0.000421890 0.000000000 0.000006120 0.000024040 0.000158460 0.000400150 0.000157950 0.000430520 0.000033220 0.000188670 0.000326780 0.000430010 0.000301260 0.000169990 0.000126240 0.000113740 0.000297460 0.000256180 0.000436160 0.000102310 0.000481350 0.000527120 0.000177490 0.000177490 0.000389790 0.000539640 0.000056030 0.000132940 0.000130790 0.000000640 0.000269790 0.000424080 
26     0.000406600 0.000216120 0.000480700 0.000093110 0.000362740 0.000400510 0.000380680 0.000258320 0.000598760 0.000085070 0.000155800 0.000217660 0.000255830 0.000209920 0.000323110 0.000354530 0.000368010 0.000327090 0.000383410 0.000385560 0.000006120 0.000000000 0.000321360 0.000368150 0.000363820 0.000308100 0.000429330 0.000030140 0.000185590 0.000290450 0.000138480 0.000298180 0.000166910 0.000251400 0.000244560 0.000333130 0.000259190 0.000399830 0.000099230 0.000478270 0.000490790 0.000174410 0.000174410 0.000501860 0.000536560 0.000456720 0.000339760 0.000325170 0.000442230 0.000078890 0.000387750 
34     0.000311510 0.000521370 0.000271100 0.000410350 0.000084130 0.000158730 0.000088600 0.000019980 0.000703640 0.000442120 0.000325270 0.000361300 0.000366980 0.000403130 0.000309100 0.000452150 0.000465630 0.000306310 0.000481030 0.000483180 0.000024040 0.000321360 0.000000000 0.000002010 0.000151040 0.000095320 0.000216550 0.000184380 0.000336980 0.000388070 0.000464780 0.000366760 0.000428800 0.000392660 0.000139290 0.000445580 0.000356810 0.000352670 0.000455400 0.000606080 0.000588410 0.000403750 0.000531460 0.000599480 0.000294870 0.000554340 0.000579180 0.000543760 0.000539850 0.000516260 0.000485370 
40     0.000129300 0.000710390 0.000389290 0.000232890 0.000357750 0.000659510 0.000639680 0.000649290 0.000259960 0.000682660 0.000682620 0.000706940 0.000720570 0.000753480 0.000482450 0.000633150 0.000646630 0.000623430 0.000573910 0.000576060 0.000158460 0.000368150 0.000002010 0.000000000 0.000306100 0.000313160 0.000290760 0.000153800 0.000539280 0.000445420 0.000568730 0.000718790 0.000243210 0.000711480 0.000243790 0.000764400 0.000675630 0.000340260 0.000707770 0.000787080 0.000751770 0.000819860 0.000819860 0.000760860 0.001182010 0.000715720 0.000740560 0.000705140 0.000701230 0.000677640 0.000000390 
31     0.000546680 0.000285220 0.000620780 0.000748530 0.000502820 0.000540590 0.000520760 0.000530370 0.000746100 0.000561760 0.000527780 0.000588020 0.000601650 0.000203990 0.000463190 0.000494610 0.000508090 0.000486910 0.000523490 0.000525640 0.000400150 0.000363820 0.000151040 0.000306100 0.000000000 0.000000040 0.000120690 0.000213320 0.000379440 0.000430530 0.000508380 0.000368300 0.000313470 0.000435120 0.000416700 0.000488040 0.000000550 0.000539910 0.000569230 0.000648540 0.000042280 0.000845850 0.000824360 0.000641940 0.001049810 0.000596800 0.000621640 0.000586220 0.000413900 0.000558720 0.000527830 
6     0.000490960 0.000559810 0.000565060 0.000692810 0.000447100 0.000484870 0.000465040 0.000474650 0.000690380 0.000506040 0.000506000 0.000532300 0.000545930 0.000089150 0.000407470 0.000438890 0.000452370 0.000446810 0.000247430 0.000311390 0.000157950 0.000308100 0.000095320 0.000313160 0.000000040 0.000000000 0.000120650 0.000157600 0.000323720 0.000374810 0.000507940 0.000479860 0.000082270 0.000379400 0.000336510 0.000425080 0.000000510 0.000484190 0.000513510 0.000592820 0.000575150 0.000604230 0.000768640 0.000586220 0.001013840 0.000541080 0.000565920 0.000530500 0.000281760 0.000503000 0.000472110 
12     0.000612190 0.000107560 0.000686290 0.000812180 0.000568330 0.000606100 0.000586270 0.000595880 0.000811610 0.000627270 0.000537710 0.000390550 0.000439900 0.000614200 0.000528700 0.000560120 0.000573600 0.000496840 0.000589000 0.000591150 0.000430520 0.000429330 0.000216550 0.000290760 0.000120690 0.000120650 0.000000000 0.000025680 0.000127890 0.000496040 0.000518310 0.000544240 0.000350670 0.000500630 0.000478520 0.000553550 0.000120700 0.000571360 0.000634740 0.000449110 0.000696380 0.000517350 0.000423320 0.000672610 0.001059740 0.000662310 0.000687150 0.000651730 0.000146710 0.000624230 0.000593340 
33     0.000580020 0.000235520 0.000654120 0.000112510 0.000390000 0.000573930 0.000523260 0.000277720 0.000779440 0.000104470 0.000175200 0.000369220 0.000418570 0.000229320 0.000496530 0.000527950 0.000436590 0.000345610 0.000556830 0.000558980 0.000033220 0.000030140 0.000184380 0.000153800 0.000213320 0.000157600 0.000025680 0.000000000 0.000204110 0.000348140 0.000596930 0.000316700 0.000185430 0.000269920 0.000268870 0.000385930 0.000341910 0.000573250 0.000117750 0.000496790 0.000664210 0.000193810 0.000193810 0.000562200 0.000555960 0.000531440 0.000358280 0.000343690 0.000394280 0.000285230 0.000561170 
35     0.000376080 0.000339210 0.000379210 0.000267960 0.000332220 0.000183560 0.000350160 0.000359770 0.000575500 0.000259920 0.000330650 0.000417420 0.000431050 0.000384770 0.000292590 0.000324010 0.000337490 0.000331930 0.000191510 0.000355040 0.000188670 0.000185590 0.000336980 0.000539280 0.000379440 0.000323720 0.000127890 0.000204110 0.000000000 0.000013800 0.000393060 0.000402930 0.000247880 0.000189640 0.000171220 0.000239830 0.000153790 0.000240590 0.000180280 0.000477940 0.000460270 0.000119780 0.000093050 0.000063110 0.000306110 0.000426200 0.000420810 0.000406220 0.000411710 0.000388120 0.000357230 
5     0.000427170 0.000322230 0.000318230 0.000411990 0.000137390 0.000143440 0.000401250 0.000410860 0.000511420 0.000185150 0.000442210 0.000462960 0.000468640 0.000504790 0.000343680 0.000375100 0.000388580 0.000383020 0.000403980 0.000406130 0.000326780 0.000290450 0.000388070 0.000445420 0.000430530 0.000374810 0.000496040 0.000348140 0.000013800 0.000000000 0.000444150 0.000454020 0.000298970 0.000240730 0.000222310 0.000222850 0.000204880 0.000454840 0.000324310 0.000529030 0.000511360 0.000493290 0.000493290 0.000266010 0.000296650 0.000477290 0.000502130 0.000466710 0.000462800 0.000439210 0.000408320 
24     0.000402860 0.000471710 0.000476960 0.000277750 0.000359000 0.000211530 0.000191700 0.000201310 0.000379520 0.000419920 0.000419880 0.000320660 0.000334290 0.000367200 0.000000110 0.000370410 0.000383890 0.000358950 0.000379670 0.000381820 0.000430010 0.000138480 0.000464780 0.000568730 0.000508380 0.000507940 0.000518310 0.000596930 0.000393060 0.000444150 0.000000000 0.000449710 0.000460610 0.000448740 0.000236610 0.000326270 0.000412890 0.000180660 0.000103550 0.000524340 0.000334140 0.000695930 0.000674440 0.000326640 0.000754260 0.000265920 0.000290760 0.000255340 0.000216320 0.000027060 0.000260470 
38     0.000645050 0.000503560 0.000587210 0.000380550 0.000601190 0.000638960 0.000066330 0.000545760 0.000844470 0.000372510 0.000443240 0.000367980 0.000373660 0.000409810 0.000263060 0.000521440 0.000512900 0.000293830 0.000621860 0.000624010 0.000301260 0.000298180 0.000366760 0.000718790 0.000368300 0.000479860 0.000544240 0.000316700 0.000402930 0.000454020 0.000449710 0.000000000 0.000133430 0.000046780 0.000217090 0.000311160 0.000164220 0.000579000 0.000385790 0.000422930 0.000240610 0.000410430 0.000461850 0.000654380 0.000824000 0.000570860 0.000493250 0.000353330 0.000412380 0.000218650 0.000626200 
3     0.000490000 0.000372290 0.000231300 0.000249280 0.000446140 0.000483910 0.000464080 0.000414490 0.000689420 0.000241240 0.000311970 0.000531340 0.000544970 0.000366090 0.000406510 0.000437930 0.000122490 0.000162560 0.000466810 0.000468960 0.000169990 0.000166910 0.000428800 0.000243210 0.000313470 0.000082270 0.000350670 0.000185430 0.000247880 0.000298970 0.000460610 0.000133430 0.000000000 0.000086650 0.000085820 0.000250580 0.000161810 0.000517670 0.000254520 0.000591860 0.000574190 0.000330580 0.000330580 0.000528730 0.000157660 0.000370130 0.000359070 0.000201030 0.000525630 0.000102180 0.000211460 
36     0.000431760 0.000456780 0.000505860 0.000333770 0.000387900 0.000425670 0.000405840 0.000415450 0.000631180 0.000325730 0.000396460 0.000437440 0.000443120 0.000450580 0.000348270 0.000371380 0.000341410 0.000144430 0.000408570 0.000410720 0.000126240 0.000251400 0.000392660 0.000711480 0.000435120 0.000379400 0.000500630 0.000269920 0.000189640 0.000240730 0.000448740 0.000046780 0.000086650 0.000000000 0.000012500 0.000192340 0.000103570 0.000459430 0.000339010 0.000533620 0.000515950 0.000415070 0.000415070 0.000140740 0.000645230 0.000481880 0.000506720 0.000471300 0.000467390 0.000186670 0.000412910 
28     0.000413340 0.000455730 0.000487440 0.000216380 0.000369480 0.000407250 0.000387420 0.000397030 0.000612760 0.000324680 0.000395410 0.000345620 0.000351300 0.000387450 0.000133150 0.000361270 0.000374750 0.000076860 0.000390150 0.000392300 0.000113740 0.000244560 0.000139290 0.000243790 0.000416700 0.000336510 0.000478520 0.000268870 0.000171220 0.000222310 0.000236610 0.000217090 0.000085820 0.000012500 0.000000000 0.000169840 0.000073010 0.000441010 0.000337960 0.000515200 0.000497530 0.000388070 0.000414020 0.000203820 0.000776170 0.000463460 0.000488300 0.000452880 0.000448970 0.000034400 0.000163460 
20     0.000458060 0.000349100 0.000408260 0.000588970 0.000440820 0.000478590 0.000338560 0.000306150 0.000640530 0.000499760 0.000499720 0.000489830 0.000495510 0.000531660 0.000401190 0.000432610 0.000446090 0.000440530 0.000461490 0.000386280 0.000297460 0.000333130 0.000445580 0.000764400 0.000488040 0.000425080 0.000553550 0.000385930 0.000239830 0.000222850 0.000326270 0.000311160 0.000250580 0.000192340 0.000169840 0.000000000 0.000090890 0.000512350 0.000507230 0.000586540 0.000568870 0.000532280 0.000379730 0.000579940 0.000968460 0.000534800 0.000387890 0.000524220 0.000520310 0.000441870 0.000465830 
22     0.000395910 0.000352390 0.000411550 0.000597760 0.000352050 0.000389820 0.000346480 0.000314070 0.000595330 0.000410990 0.000410950 0.000437250 0.000450880 0.000483790 0.000312420 0.000343840 0.000357320 0.000351760 0.000372720 0.000374870 0.000256180 0.000259190 0.000356810 0.000675630 0.000000550 0.000000510 0.000120700 0.000341910 0.000153790 0.000204880 0.000412890 0.000164220 0.000161810 0.000103570 0.000073010 0.000090890 0.000000000 0.000423580 0.000418460 0.000497770 0.000480100 0.000511590 0.000673590 0.000491170 0.000199030 0.000446030 0.000470870 0.000435450 0.000431540 0.000407950 0.000377060 
10     0.000570990 0.000639840 0.000645090 0.000727520 0.000527130 0.000564900 0.000292100 0.000548050 0.000597530 0.000586070 0.000586030 0.000612330 0.000625960 0.000414740 0.000487500 0.000518920 0.000532400 0.000406290 0.000547800 0.000549950 0.000436160 0.000399830 0.000352670 0.000340260 0.000539910 0.000484190 0.000571360 0.000573250 0.000240590 0.000454840 0.000180660 0.000579000 0.000517670 0.000459430 0.000441010 0.000512350 0.000423580 0.000000000 0.000424040 0.000420210 0.000366970 0.000870160 0.000819250 0.000666250 0.000192750 0.000621110 0.000618950 0.000610530 0.000205490 0.000583030 0.000450160 
8     0.000316220 0.000304610 0.000401010 0.000181600 0.000384190 0.000421960 0.000285630 0.000220200 0.000627470 0.000173560 0.000244290 0.000469390 0.000483020 0.000298410 0.000288240 0.000204840 0.000218320 0.000050780 0.000057260 0.000166430 0.000102310 0.000099230 0.000455400 0.000707770 0.000569230 0.000513510 0.000634740 0.000117750 0.000180280 0.000324310 0.000103550 0.000385790 0.000254520 0.000339010 0.000337960 0.000507230 0.000418460 0.000424040 0.000000000 0.000251710 0.000089760 0.000262900 0.000262900 0.000513010 0.000625050 0.000414550 0.000241390 0.000226800 0.000463680 0.000354320 0.000409200 
7     0.000507360 0.000576210 0.000581460 0.000560640 0.000463500 0.000501270 0.000481440 0.000491050 0.000706780 0.000522440 0.000522400 0.000548700 0.000562330 0.000595240 0.000367550 0.000284150 0.000297630 0.000463210 0.000345030 0.000486320 0.000481350 0.000478270 0.000606080 0.000787080 0.000648540 0.000592820 0.000449110 0.000496790 0.000477940 0.000529030 0.000524340 0.000422930 0.000591860 0.000533620 0.000515200 0.000586540 0.000497770 0.000420210 0.000251710 0.000000000 0.000057680 0.000641940 0.000641940 0.000602620 0.000922450 0.000557480 0.000582320 0.000546900 0.000542990 0.000519400 0.000488510 
13     0.000472050 0.000540900 0.000546150 0.000332950 0.000428190 0.000465960 0.000446130 0.000455740 0.000671470 0.000196450 0.000196410 0.000513390 0.000527020 0.000559930 0.000402860 0.000437620 0.000451100 0.000218340 0.000297170 0.000406340 0.000527120 0.000490790 0.000588410 0.000751770 0.000042280 0.000575150 0.000696380 0.000664210 0.000460270 0.000511360 0.000334140 0.000240610 0.000574190 0.000515950 0.000497530 0.000568870 0.000480100 0.000366970 0.000089760 0.000057680 0.000000000 0.000662060 0.000299470 0.000395640 0.000124320 0.000522170 0.000547010 0.000511590 0.000507680 0.000484090 0.000453200 
43     0.000368990 0.000315530 0.000349010 0.000192520 0.000583110 0.000672860 0.000340700 0.000361730 0.000850000 0.000184480 0.000255210 0.000334310 0.000339990 0.000068620 0.000534850 0.000517430 0.000508890 0.000490760 0.000661860 0.000664010 0.000177490 0.000174410 0.000403750 0.000819860 0.000845850 0.000604230 0.000517350 0.000193810 0.000119780 0.000493290 0.000695930 0.000410430 0.000330580 0.000415070 0.000388070 0.000532280 0.000511590 0.000870160 0.000262900 0.000641940 0.000662060 0.000000000 0.000000000 0.000450270 0.000444030 0.000676590 0.000503430 0.000488840 0.000714580 0.000430380 0.000316540 
45     0.000353460 0.000315530 0.000142270 0.000192520 0.000434160 0.000651370 0.000607270 0.000361730 0.000804170 0.000184480 0.000255210 0.000459470 0.000712430 0.000120870 0.000599690 0.000631110 0.000644590 0.000490760 0.000640370 0.000642520 0.000177490 0.000174410 0.000531460 0.000819860 0.000824360 0.000768640 0.000423320 0.000193810 0.000093050 0.000493290 0.000674440 0.000461850 0.000330580 0.000415070 0.000414020 0.000379730 0.000673590 0.000819250 0.000262900 0.000641940 0.000299470 0.000000000 0.000000000 0.000450270 0.000444030 0.000676590 0.000503430 0.000488840 0.000693090 0.000430380 0.000638610 
48     0.000481140 0.000549990 0.000555240 0.000560910 0.000285120 0.000058140 0.000283740 0.000293350 0.000680560 0.000498200 0.000401010 0.000398940 0.000412570 0.000445480 0.000417270 0.000421790 0.000376590 0.000438970 0.000455770 0.000460100 0.000389790 0.000501860 0.000599480 0.000760860 0.000641940 0.000586220 0.000672610 0.000562200 0.000063110 0.000266010 0.000326640 0.000654380 0.000528730 0.000140740 0.000203820 0.000579940 0.000491170 0.000666250 0.000513010 0.000602620 0.000395640 0.000450270 0.000450270 0.000000000 0.000006260 0.000359780 0.000384620 0.000349200 0.000345290 0.000321700 0.000252510 
44     0.000908760 0.000338680 0.000982860 0.000519500 0.000864900 0.000657970 0.000301860 0.000720970 0.000403480 0.000546630 0.000617360 0.000329680 0.000315160 0.000483020 0.000029690 0.000876310 0.000889790 0.000209770 0.000885570 0.000887720 0.000539640 0.000536560 0.000294870 0.001182010 0.001049810 0.001013840 0.001059740 0.000555960 0.000306110 0.000296650 0.000754260 0.000824000 0.000157660 0.000645230 0.000776170 0.000968460 0.000199030 0.000192750 0.000625050 0.000922450 0.000124320 0.000444030 0.000444030 0.000006260 0.000000000 0.000787400 0.000812240 0.000776820 0.000772910 0.000749320 0.000766370 
46     0.000436000 0.000504850 0.000510100 0.000562760 0.000392140 0.000244670 0.000224840 0.000234450 0.000635420 0.000453060 0.000453020 0.000353800 0.000105420 0.000375040 0.000179210 0.000403550 0.000417030 0.000393830 0.000412810 0.000414960 0.000056030 0.000456720 0.000554340 0.000715720 0.000596800 0.000541080 0.000662310 0.000531440 0.000426200 0.000477290 0.000265920 0.000570860 0.000370130 0.000481880 0.000463460 0.000534800 0.000446030 0.000621110 0.000414550 0.000557480 0.000522170 0.000676590 0.000676590 0.000359780 0.000787400 0.000000000 0.000014050 0.000020200 0.000266400 0.000260980 0.000293610 
42     0.000460840 0.000492100 0.000534940 0.000422130 0.000350510 0.000198680 0.000249680 0.000259290 0.000584070 0.000414090 0.000477860 0.000378640 0.000386470 0.000425180 0.000249440 0.000428390 0.000441870 0.000418670 0.000437650 0.000439800 0.000132940 0.000339760 0.000579180 0.000740560 0.000621640 0.000565920 0.000687150 0.000358280 0.000420810 0.000502130 0.000290760 0.000493250 0.000359070 0.000506720 0.000488300 0.000387890 0.000470870 0.000618950 0.000241390 0.000582320 0.000547010 0.000503430 0.000503430 0.000384620 0.000812240 0.000014050 0.000000000 0.000010710 0.000244520 0.000285820 0.000318450 
50     0.000425420 0.000494270 0.000499520 0.000407540 0.000381560 0.000234090 0.000214260 0.000223870 0.000624840 0.000399500 0.000442440 0.000343220 0.000356850 0.000389760 0.000230760 0.000392970 0.000406450 0.000383250 0.000402230 0.000404380 0.000130790 0.000325170 0.000543760 0.000705140 0.000586220 0.000530500 0.000651730 0.000343690 0.000406220 0.000466710 0.000255340 0.000353330 0.000201030 0.000471300 0.000452880 0.000524220 0.000435450 0.000610530 0.000226800 0.000546900 0.000511590 0.000488840 0.000488840 0.000349200 0.000776820 0.000020200 0.000010710 0.000000000 0.000275810 0.000250400 0.000274810 
47     0.000421510 0.000380270 0.000495610 0.000623360 0.000207770 0.000143760 0.000040530 0.000045830 0.000206730 0.000230540 0.000176320 0.000339310 0.000329660 0.000385850 0.000357640 0.000389060 0.000402540 0.000147030 0.000398320 0.000075090 0.000000640 0.000442230 0.000539850 0.000701230 0.000413900 0.000281760 0.000146710 0.000394280 0.000411710 0.000462800 0.000216320 0.000412380 0.000525630 0.000467390 0.000448970 0.000520310 0.000431540 0.000205490 0.000463680 0.000542990 0.000507680 0.000714580 0.000693090 0.000345290 0.000772910 0.000266400 0.000244520 0.000275810 0.000000000 0.000109720 0.000279120 
49     0.000397920 0.000466770 0.000472020 0.000349080 0.000354060 0.000206590 0.000186760 0.000196370 0.000597340 0.000341040 0.000411770 0.000315720 0.000329350 0.000362260 0.000334050 0.000365470 0.000210140 0.000111140 0.000121250 0.000376880 0.000269790 0.000078890 0.000516260 0.000677640 0.000558720 0.000503000 0.000624230 0.000285230 0.000388120 0.000439210 0.000027060 0.000218650 0.000102180 0.000186670 0.000034400 0.000441870 0.000407950 0.000583030 0.000354320 0.000519400 0.000484090 0.000430380 0.000430380 0.000321700 0.000749320 0.000260980 0.000285820 0.000250400 0.000109720 0.000000000 0.000255530 
0     0.000367030 0.000435880 0.000441130 0.000457900 0.000177930 0.000237400 0.000217570 0.000227180 0.000566450 0.000340660 0.000316000 0.000218730 0.000232360 0.000265270 0.000132150 0.000334580 0.000348060 0.000324860 0.000343840 0.000345990 0.000424080 0.000387750 0.000485370 0.000000390 0.000527830 0.000472110 0.000593340 0.000561170 0.000357230 0.000408320 0.000260470 0.000626200 0.000211460 0.000412910 0.000163460 0.000465830 0.000377060 0.000450160 0.000409200 0.000488510 0.000453200 0.000316540 0.000638610 0.000252510 0.000766370 0.000293610 0.000318450 0.000274810 0.000279120 0.000255530 0.000000000 
