51
3     0.000000000 0.208102059 0.241506145 0.402158111 0.595772500 0.798383023 0.863469800 0.890752163 0.826873317 0.907650133 0.731110956 0.731906951 0.727305787 0.775664874 0.712164946 0.837645057 0.832113451 0.829704554 0.696597819 0.688398205 0.710335978 0.715541193 0.676175307 0.721506679 0.716481519 0.728072286 0.741679690 0.726390020 0.725063302 0.724256107 0.802330147 0.724136925 0.732451138 0.770195008 0.826999713 0.800275507 0.802074492 0.782408961 0.688578478 0.705040634 0.709816282 0.713073185 0.710233546 0.699817896 0.704360065 0.703268979 0.691682002 0.654397568 0.654803945 0.603114615 1.279802981 
4     0.208102059 0.000000000 0.174738052 0.387354063 0.580783539 0.783464463 0.848560691 0.875843055 0.811964209 0.892741025 0.716272996 0.717068991 0.712467827 0.760738174 0.697238246 0.822718357 0.817186750 0.814777854 0.681671119 0.673471505 0.695178145 0.700614492 0.661248607 0.706579978 0.701554819 0.713145585 0.726752990 0.711463320 0.710136602 0.709329407 0.787403447 0.709210225 0.717524438 0.755268308 0.812073012 0.785348807 0.787147792 0.767482261 0.673651778 0.690113934 0.694889582 0.698146485 0.695306846 0.684891196 0.689433365 0.688342279 0.676755302 0.639470868 0.639877245 0.588187915 1.264876055 
2     0.241506145 0.174738052 0.000000000 0.417190547 0.610802537 0.813387731 0.878483960 0.905766323 0.841887478 0.922664294 0.746196265 0.746992259 0.742391096 0.790661443 0.727161515 0.852641626 0.847110019 0.844701123 0.711594387 0.703394773 0.725086275 0.730537761 0.691171876 0.736503247 0.731478087 0.743068854 0.756676259 0.741386588 0.740059871 0.739252675 0.817326715 0.739133494 0.747447706 0.785191576 0.841996281 0.815272076 0.817071060 0.797405529 0.703575046 0.720037202 0.724812850 0.728069753 0.725230115 0.714814465 0.719356633 0.718265548 0.706678570 0.669394136 0.669800514 0.618111183 1.294799324 
1     0.402158111 0.387354063 0.417190547 0.000000000 0.525211456 0.728595754 0.793191528 0.819936065 0.756595045 0.837371862 0.660873054 0.661669048 0.657067885 0.703865602 0.640365674 0.765842559 0.760310952 0.757902055 0.625590430 0.617390816 0.639853874 0.644515517 0.605149632 0.650481003 0.645455844 0.657416724 0.670278473 0.654847407 0.653520689 0.652713493 0.730928929 0.652790133 0.662710058 0.699961222 0.755914735 0.729190529 0.730989514 0.711097581 0.617122245 0.633584401 0.638360049 0.641616952 0.638777313 0.628361663 0.632903832 0.631812746 0.620225769 0.582941335 0.583347712 0.531658382 1.209730615 
5     0.595772500 0.580783539 0.610802537 0.525211456 0.000000000 0.834013753 0.898366371 0.925648734 0.861769889 0.942546705 0.765530221 0.766326215 0.761725051 0.811525856 0.748025928 0.873523421 0.867991814 0.865582918 0.732420736 0.724221122 0.746778469 0.751364109 0.711998224 0.757329595 0.752304436 0.764245957 0.777719549 0.762429879 0.761103161 0.760295966 0.838370006 0.760176784 0.769395493 0.806656642 0.862727933 0.836003727 0.837802712 0.818349234 0.723373045 0.739833775 0.744609424 0.747866327 0.745028113 0.734612463 0.739154632 0.738061504 0.726476569 0.689190093 0.689596470 0.637907140 1.315056121 
13     0.798383023 0.783464463 0.813387731 0.728595754 0.834013753 0.000000000 0.922611954 0.950355922 0.886007833 0.966925513 0.790374009 0.791170004 0.786568840 0.858350212 0.794663364 0.920202989 0.914671382 0.912262485 0.779440906 0.771269306 0.793992556 0.798500542 0.759092297 0.804386850 0.799398509 0.811406663 0.824778150 0.809690199 0.808363481 0.807556286 0.885634402 0.807441180 0.816652134 0.853961521 0.909560540 0.882801967 0.884635319 0.865222784 0.770936428 0.787213041 0.791988689 0.795431135 0.792591497 0.782175847 0.786713163 0.784541373 0.772954396 0.735669962 0.736076339 0.684308861 1.364059939 
36     0.863469800 0.848560691 0.878483960 0.793191528 0.898366371 0.922611954 0.000000000 0.478964571 0.416250346 0.526151765 0.593450403 0.594356290 0.589813038 0.923765164 0.860051158 0.983953462 0.978421856 0.975000822 0.846060562 0.837888962 0.860619793 0.865062566 0.825667386 0.870943843 0.865968811 0.878007025 0.891488113 0.876198527 0.874871809 0.874064614 0.952159746 0.873966524 0.883311131 0.920476063 0.976989113 0.950230540 0.952063893 0.931536000 0.837000683 0.853277295 0.858052944 0.861495390 0.858655752 0.848240102 0.852771848 0.850583890 0.838996912 0.801712478 0.802118856 0.750178992 1.430834351 
44     0.890752163 0.875843055 0.905766323 0.819936065 0.925648734 0.950355922 0.478964571 0.000000000 0.265170954 0.555523703 0.623824484 0.624730371 0.620190873 0.951331229 0.887617223 1.011716805 1.006185198 1.003028745 0.873626626 0.865455027 0.888185858 0.892628631 0.853233451 0.898509908 0.893534876 0.905573089 0.919054178 0.903764592 0.902437874 0.901630679 0.979725811 0.901532589 0.910877196 0.948042128 1.004555178 0.977796605 0.979629958 0.959102065 0.864566748 0.880843360 0.885619009 0.889061455 0.886221816 0.875806166 0.880337913 0.878149955 0.866562977 0.829278543 0.829684921 0.777745057 1.458436105 
30     0.826873317 0.811964209 0.841887478 0.756595045 0.861769889 0.886007833 0.416250346 0.265170954 0.000000000 0.489490106 0.560466439 0.561372326 0.556829074 0.886756855 0.823042848 0.947142430 0.941610823 0.938366955 0.808849400 0.800677800 0.823408631 0.827851404 0.788456225 0.833732681 0.828757649 0.840690147 0.854171236 0.838881650 0.837554932 0.836747736 0.914842868 0.836649647 0.845994254 0.882859786 0.939851246 0.913092673 0.914926025 0.894501087 0.799965770 0.816242383 0.821018031 0.824460477 0.821620839 0.811205189 0.815736935 0.813548977 0.801962000 0.764677565 0.765083943 0.713144079 1.394127512 
29     0.907650133 0.892741025 0.922664294 0.837371862 0.942546705 0.966925513 0.526151765 0.555523703 0.489490106 0.000000000 0.640317809 0.641223696 0.636680444 0.967990351 0.904276345 1.028473140 1.022941533 1.019847815 0.890285748 0.882114149 0.904844980 0.909287752 0.869892573 0.915169029 0.910193998 0.922232211 0.935713300 0.920423714 0.919096996 0.918289801 0.996384933 0.918191711 0.927536318 0.964701250 1.021214300 0.994455727 0.996289080 0.975761187 0.881225870 0.897502482 0.902278131 0.905720577 0.902880938 0.892465288 0.896997035 0.894809077 0.883222099 0.845937665 0.846344042 0.794404179 1.475056415 
48     0.731110956 0.716272996 0.746196265 0.660873054 0.765530221 0.790374009 0.593450403 0.623824484 0.560466439 0.640317809 0.000000000 0.078838173 0.118980720 0.791219399 0.727505392 0.852135015 0.846603408 0.843838601 0.713484365 0.705312765 0.728043597 0.732486369 0.693091190 0.738367646 0.733392615 0.745329512 0.758698172 0.743501801 0.742175084 0.741367888 0.819449689 0.741306209 0.750768594 0.787886869 0.844386005 0.817627432 0.819460785 0.798990978 0.704466658 0.720743270 0.725518918 0.728961365 0.726121726 0.715706076 0.720237823 0.718049864 0.706462887 0.669178453 0.669584830 0.616985035 1.298557838 
14     0.731906951 0.717068991 0.746992259 0.661669048 0.766326215 0.791170004 0.594356290 0.624730371 0.561372326 0.641223696 0.078838173 0.000000000 0.119827210 0.792015393 0.728301386 0.852931009 0.847399402 0.844634595 0.714280359 0.706108759 0.728839591 0.733282363 0.693887184 0.739163640 0.734188609 0.746125506 0.759494167 0.744297796 0.742971078 0.742163882 0.820245683 0.742102204 0.751564589 0.788612981 0.845182000 0.818423426 0.820256779 0.799786972 0.705262652 0.721539264 0.726314912 0.729757359 0.726917720 0.716502070 0.721033817 0.718845858 0.707258881 0.669974447 0.670380824 0.617781029 1.299353832 
12     0.727305787 0.712467827 0.742391096 0.657067885 0.761725051 0.786568840 0.589813038 0.620190873 0.556829074 0.636680444 0.118980720 0.119827210 0.000000000 0.787268694 0.723554687 0.848184310 0.842652703 0.839887896 0.709437603 0.701266003 0.723996834 0.728439154 0.689041173 0.734064140 0.729109455 0.741415714 0.754784374 0.739588003 0.738261285 0.737454090 0.815535890 0.737392411 0.746854796 0.783973070 0.840397413 0.813638840 0.815472192 0.795077179 0.700552859 0.716829471 0.721605120 0.725047566 0.722207928 0.711792278 0.716324024 0.714136066 0.702549088 0.665264654 0.665671032 0.613071237 1.294709751 
24     0.775664874 0.760738174 0.790661443 0.703865602 0.811525856 0.858350212 0.923765164 0.951331229 0.886756855 0.967990351 0.791219399 0.792015393 0.787268694 0.000000000 0.236702764 0.706053137 0.700506780 0.698202002 0.647874408 0.639714039 0.662424371 0.666924477 0.627256782 0.672264087 0.667403973 0.679575484 0.693640011 0.678336599 0.677009881 0.676202686 0.754186920 0.675821259 0.684815075 0.722300591 0.778350809 0.751652816 0.753422052 0.731649778 0.638827465 0.653275839 0.658051487 0.663186252 0.659372428 0.650131607 0.654286122 0.652365982 0.640898942 0.603472994 0.603879371 0.552538537 1.339662184 
22     0.712164946 0.697238246 0.727161515 0.640365674 0.748025928 0.794663364 0.860051158 0.887617223 0.823042848 0.904276345 0.727505392 0.728301386 0.723554687 0.236702764 0.000000000 0.642072460 0.636526104 0.634221325 0.584752657 0.576592289 0.599302620 0.603700934 0.564082195 0.609089499 0.604235878 0.616178917 0.630300903 0.614997491 0.613670774 0.612863578 0.690847813 0.612482151 0.621475967 0.658961484 0.715045808 0.688347815 0.690117051 0.668327021 0.575504708 0.589811394 0.594587043 0.599863495 0.596227875 0.586808850 0.590963365 0.589043225 0.577576185 0.540150237 0.540556614 0.489215780 1.276049491 
17     0.837645057 0.822718357 0.852641626 0.765842559 0.873523421 0.920202989 0.983953462 1.011716805 0.947142430 1.028473140 0.852135015 0.852931009 0.848184310 0.706053137 0.642072460 0.000000000 0.134460290 0.215847385 0.712029086 0.703879686 0.726589208 0.731344187 0.691654559 0.736722832 0.731869212 0.744210127 0.757637183 0.742257943 0.740931225 0.740124030 0.818030665 0.739663510 0.749073364 0.786513446 0.842014088 0.815316096 0.817085331 0.794169585 0.702086573 0.717760994 0.722536643 0.726462034 0.723649319 0.713401004 0.717837677 0.715701226 0.704234186 0.666808238 0.667214615 0.616183671 1.401348840 
20     0.832113451 0.817186750 0.847110019 0.760310952 0.867991814 0.914671382 0.978421856 1.006185198 0.941610823 1.022941533 0.846603408 0.847399402 0.842652703 0.700506780 0.636526104 0.134460290 0.000000000 0.213525849 0.706497479 0.698348079 0.721057601 0.725812581 0.686122952 0.731191226 0.726337605 0.738678520 0.752105576 0.736726336 0.735399618 0.734592423 0.812499058 0.734131903 0.743541757 0.780981839 0.836482481 0.809784489 0.811553724 0.788637978 0.696554966 0.712229387 0.717005036 0.720930427 0.718117712 0.707869397 0.712306070 0.710169619 0.698702579 0.661276631 0.661683008 0.610652064 1.395817233 
46     0.829704554 0.814777854 0.844701123 0.757902055 0.865582918 0.912262485 0.975000822 1.003028745 0.938366955 1.019847815 0.843838601 0.844634595 0.839887896 0.698202002 0.634221325 0.215847385 0.213525849 0.000000000 0.704130648 0.695981248 0.718690770 0.723445749 0.683756121 0.728824394 0.723970773 0.736323318 0.749750374 0.734371134 0.733044416 0.732237221 0.810143856 0.731776701 0.741174926 0.778626637 0.834115650 0.807417657 0.809186893 0.786282776 0.694188135 0.709862556 0.714638204 0.718563596 0.715750881 0.705502566 0.709939238 0.707802788 0.696335747 0.658909799 0.659316177 0.608285233 1.393408336 
38     0.696597819 0.681671119 0.711594387 0.625590430 0.732420736 0.779440906 0.846060562 0.873626626 0.808849400 0.890285748 0.713484365 0.714280359 0.709437603 0.647874408 0.584752657 0.712029086 0.706497479 0.704130648 0.000000000 0.220528823 0.269120172 0.409328041 0.369388970 0.414044606 0.408662682 0.496159861 0.510628340 0.494342729 0.493006355 0.492939912 0.570810898 0.492364692 0.501163365 0.538396941 0.615371110 0.588721328 0.590480680 0.630445156 0.534163687 0.550678423 0.555454072 0.558912866 0.555721896 0.545218930 0.551214027 0.547381652 0.535733176 0.498406850 0.498813227 0.448965123 1.261624733 
23     0.688398205 0.673471505 0.703394773 0.617390816 0.724221122 0.771269306 0.837888962 0.865455027 0.800677800 0.882114149 0.705312765 0.706108759 0.701266003 0.639714039 0.576592289 0.703879686 0.698348079 0.695981248 0.220528823 0.000000000 0.261098273 0.401541224 0.361148795 0.406302047 0.400920123 0.487259872 0.501728352 0.485442741 0.484106367 0.484039923 0.561910910 0.483451485 0.492250158 0.529544480 0.606613829 0.579964047 0.581723398 0.622371979 0.526235857 0.542767730 0.547543378 0.551002173 0.547811203 0.537291099 0.543336282 0.539453822 0.527959792 0.490598508 0.491004885 0.441037292 1.253432534 
33     0.710335978 0.695178145 0.725086275 0.639853874 0.746778469 0.793992556 0.860619793 0.888185858 0.823408631 0.904844980 0.728043597 0.728839591 0.723996834 0.662424371 0.599302620 0.726589208 0.721057601 0.718690770 0.269120172 0.261098273 0.000000000 0.425185840 0.385422542 0.430379418 0.424997494 0.510353899 0.524674407 0.509112453 0.507776079 0.506977212 0.584849583 0.506410759 0.515214803 0.552504182 0.629579495 0.602929713 0.604768169 0.645336450 0.548969924 0.565501797 0.570277445 0.573736240 0.570545270 0.560025166 0.566070350 0.562187889 0.550704743 0.513332575 0.513738952 0.463771359 1.276155784 
28     0.715541193 0.700614492 0.730537761 0.644515517 0.751364109 0.798500542 0.865062566 0.892628631 0.827851404 0.909287752 0.732486369 0.733282363 0.728439154 0.666924477 0.603700934 0.731344187 0.725812581 0.723445749 0.409328041 0.401541224 0.425185840 0.000000000 0.373379709 0.419664934 0.414302929 0.514251051 0.529632812 0.513850288 0.512513914 0.511715047 0.588954059 0.511264668 0.519143133 0.556317075 0.634629323 0.608028003 0.609897677 0.648268997 0.553487848 0.570019721 0.574795370 0.578254164 0.575063194 0.564543090 0.570533362 0.566662881 0.555179736 0.517807567 0.518213945 0.468246352 1.280478458 
6     0.676175307 0.661248607 0.691171876 0.605149632 0.711998224 0.759092297 0.825667386 0.853233451 0.788456225 0.869892573 0.693091190 0.693887184 0.689041173 0.627256782 0.564082195 0.691654559 0.686122952 0.683756121 0.369388970 0.361148795 0.385422542 0.373379709 0.000000000 0.344794990 0.339478170 0.474575444 0.490510614 0.474805728 0.473469354 0.472670487 0.550540492 0.472946109 0.480683710 0.518166742 0.594034577 0.567353845 0.569223518 0.607806538 0.512309057 0.528840930 0.532830005 0.536301691 0.533884403 0.523364299 0.529575090 0.525692629 0.514185567 0.476837315 0.477243693 0.427422200 1.241105101 
31     0.721506679 0.706579978 0.736503247 0.650481003 0.757329595 0.804386850 0.870943843 0.898509908 0.833732681 0.915169029 0.738367646 0.739163640 0.734064140 0.672264087 0.609089499 0.736722832 0.731191226 0.728824394 0.414044606 0.406302047 0.430379418 0.419664934 0.344794990 0.000000000 0.131388108 0.521016990 0.536746735 0.521003688 0.519667314 0.518868447 0.596733428 0.518118505 0.526968050 0.564380399 0.640104963 0.613424231 0.615293904 0.654140077 0.558226721 0.574758595 0.579534243 0.582993037 0.579802067 0.569281964 0.575272236 0.571389775 0.559564724 0.522271828 0.522678205 0.472973245 1.286552001 
34     0.716481519 0.701554819 0.731478087 0.645455844 0.752304436 0.799398509 0.865968811 0.893534876 0.828757649 0.910193998 0.733392615 0.734188609 0.729109455 0.667403973 0.604235878 0.731869212 0.726337605 0.723970773 0.408662682 0.400920123 0.424997494 0.414302929 0.339478170 0.131388108 0.000000000 0.515701886 0.531466982 0.515723935 0.514387561 0.513588694 0.591453675 0.512838752 0.521688298 0.559100646 0.634825211 0.608144478 0.610014151 0.648949102 0.553035747 0.569567620 0.574343269 0.577802063 0.574611093 0.564090989 0.570081261 0.566198800 0.554373749 0.517080854 0.517487231 0.467782271 1.281526456 
19     0.728072286 0.713145585 0.743068854 0.657416724 0.764245957 0.811406663 0.878007025 0.905573089 0.840690147 0.922232211 0.745329512 0.746125506 0.741415714 0.679575484 0.616178917 0.744210127 0.738678520 0.736323318 0.496159861 0.487259872 0.510353899 0.514251051 0.474575444 0.521016990 0.515701886 0.000000000 0.390087761 0.374433901 0.372868017 0.372072180 0.449714375 0.374720375 0.423647210 0.460487137 0.650358454 0.623665861 0.625397776 0.662613607 0.567378445 0.583452259 0.588227908 0.591686702 0.588936632 0.578416528 0.583547562 0.580504093 0.569027896 0.531648779 0.532055156 0.481348282 1.293622393 
21     0.741679690 0.726752990 0.756676259 0.670278473 0.777719549 0.824778150 0.891488113 0.919054178 0.854171236 0.935713300 0.758698172 0.759494167 0.754784374 0.693640011 0.630300903 0.757637183 0.752105576 0.749750374 0.510628340 0.501728352 0.524674407 0.529632812 0.490510614 0.536746735 0.531466982 0.390087761 0.000000000 0.268083351 0.267552094 0.265028429 0.373851502 0.361428667 0.441438398 0.477151694 0.663040148 0.636378660 0.637915938 0.676593931 0.580771846 0.596845660 0.601621308 0.605080102 0.602330032 0.591809928 0.597023349 0.593979879 0.582503683 0.545124565 0.545530942 0.494824068 1.307098791 
16     0.726390020 0.711463320 0.741386588 0.654847407 0.762429879 0.809690199 0.876198527 0.903764592 0.838881650 0.920423714 0.743501801 0.744297796 0.739588003 0.678336599 0.614997491 0.742257943 0.736726336 0.734371134 0.494342729 0.485442741 0.509112453 0.513850288 0.474805728 0.521003688 0.515723935 0.374433901 0.268083351 0.000000000 0.099663394 0.097213156 0.360809837 0.346875425 0.425677405 0.462405810 0.647794960 0.621133471 0.622977069 0.661191199 0.565273694 0.581347508 0.586123156 0.589581950 0.586831880 0.576311776 0.581525197 0.578481727 0.567005531 0.529626413 0.530032790 0.479325916 1.291828787 
32     0.725063302 0.710136602 0.740059871 0.653520689 0.761103161 0.808363481 0.874871809 0.902437874 0.837554932 0.919096996 0.742175084 0.742971078 0.738261285 0.677009881 0.613670774 0.740931225 0.735399618 0.733044416 0.493006355 0.484106367 0.507776079 0.512513914 0.473469354 0.519667314 0.514387561 0.372868017 0.267552094 0.099663394 0.000000000 0.077273993 0.361717624 0.345571561 0.424488247 0.461126557 0.646459913 0.619798425 0.621642023 0.659864481 0.563952727 0.580026540 0.584802189 0.588260983 0.585510913 0.574990809 0.580204229 0.577160760 0.565684564 0.528305446 0.528711823 0.478004949 1.290502070 
18     0.724256107 0.709329407 0.739252675 0.652713493 0.760295966 0.807556286 0.874064614 0.901630679 0.836747736 0.918289801 0.741367888 0.742163882 0.737454090 0.676202686 0.612863578 0.740124030 0.734592423 0.732237221 0.492939912 0.484039923 0.506977212 0.511715047 0.472670487 0.518868447 0.513588694 0.372072180 0.265028429 0.097213156 0.077273993 0.000000000 0.360122219 0.343647684 0.423344167 0.460145587 0.645632489 0.618971000 0.620814599 0.659057285 0.563139780 0.579213594 0.583989243 0.587448037 0.584697967 0.574177863 0.579391283 0.576347814 0.564871617 0.527492500 0.527898877 0.477192003 1.289694874 
7     0.802330147 0.787403447 0.817326715 0.730928929 0.838370006 0.885634402 0.952159746 0.979725811 0.914842868 0.996384933 0.819449689 0.820245683 0.815535890 0.754186920 0.690847813 0.818030665 0.812499058 0.810143856 0.570810898 0.561910910 0.584849583 0.588954059 0.550540492 0.596733428 0.591453675 0.449714375 0.373851502 0.360809837 0.361717624 0.360122219 0.000000000 0.419802536 0.501723867 0.537267646 0.723637933 0.697086875 0.698820043 0.737092091 0.641318869 0.657392683 0.662168331 0.665627126 0.662877056 0.652356952 0.657570372 0.654405891 0.642929695 0.605550577 0.605956954 0.555241425 1.367776675 
15     0.724136925 0.709210225 0.739133494 0.652790133 0.760176784 0.807441180 0.873966524 0.901532589 0.836649647 0.918191711 0.741306209 0.742102204 0.737392411 0.675821259 0.612482151 0.739663510 0.734131903 0.731776701 0.492364692 0.483451485 0.506410759 0.511264668 0.472946109 0.518118505 0.512838752 0.374720375 0.361428667 0.346875425 0.345571561 0.343647684 0.419802536 0.000000000 0.423325978 0.458972696 0.645659038 0.619110153 0.620843321 0.659491798 0.563740049 0.579813863 0.584589511 0.588048305 0.585298235 0.574778131 0.579991552 0.576948082 0.565471886 0.528092768 0.528499145 0.477792271 1.289699860 
39     0.732451138 0.717524438 0.747447706 0.662710058 0.769395493 0.816652134 0.883311131 0.910877196 0.845994254 0.927536318 0.750768594 0.751564589 0.746854796 0.684815075 0.621475967 0.749073364 0.743541757 0.741174926 0.501163365 0.492250158 0.515214803 0.519143133 0.480683710 0.526968050 0.521688298 0.423647210 0.441438398 0.425677405 0.424488247 0.423344167 0.501723867 0.423325978 0.000000000 0.436004911 0.653752853 0.627197265 0.628909002 0.667816345 0.571575298 0.587649112 0.592424760 0.595882646 0.593185650 0.582613381 0.587846413 0.584771524 0.573266024 0.535917967 0.536324345 0.485649881 1.298781827 
50     0.770195008 0.755268308 0.785191576 0.699961222 0.806656642 0.853961521 0.920476063 0.948042128 0.882859786 0.964701250 0.787886869 0.788612981 0.783973070 0.722300591 0.658961484 0.786513446 0.780981839 0.778626637 0.538396941 0.529544480 0.552504182 0.556317075 0.518166742 0.564380399 0.559100646 0.460487137 0.477151694 0.462405810 0.461126557 0.460145587 0.537267646 0.458972696 0.436004911 0.000000000 0.691286157 0.664828174 0.666650341 0.704344714 0.609055434 0.625129248 0.629904896 0.633363691 0.630665786 0.620093516 0.625625580 0.622281624 0.610754610 0.573426310 0.573832687 0.523426300 1.335961535 
37     0.826999713 0.812073012 0.841996281 0.755914735 0.862727933 0.909560540 0.976989113 1.004555178 0.939851246 1.021214300 0.844386005 0.845182000 0.840397413 0.778350809 0.715045808 0.842014088 0.836482481 0.834115650 0.615371110 0.606613829 0.629579495 0.634629323 0.594034577 0.640104963 0.634825211 0.650358454 0.663040148 0.647794960 0.646459913 0.645632489 0.723637933 0.645659038 0.653752853 0.691286157 0.000000000 0.333378775 0.348972323 0.761093114 0.665218720 0.681748865 0.686524514 0.689983308 0.686669591 0.676229198 0.682092751 0.678276196 0.666787582 0.629406711 0.629813088 0.579899801 1.392157632 
10     0.800275507 0.785348807 0.815272076 0.729190529 0.836003727 0.882801967 0.950230540 0.977796605 0.913092673 0.994455727 0.817627432 0.818423426 0.813638840 0.751652816 0.688347815 0.815316096 0.809784489 0.807417657 0.588721328 0.579964047 0.602929713 0.608028003 0.567353845 0.613424231 0.608144478 0.623665861 0.636378660 0.621133471 0.619798425 0.618971000 0.697086875 0.619110153 0.627197265 0.664828174 0.333378775 0.000000000 0.316496991 0.734314786 0.638478642 0.655008788 0.659784436 0.663243230 0.659929514 0.649489121 0.655352674 0.651536119 0.640047505 0.602666634 0.603073011 0.553159724 1.362132413 
42     0.802074492 0.787147792 0.817071060 0.730989514 0.837802712 0.884635319 0.952063893 0.979629958 0.914926025 0.996289080 0.819460785 0.820256779 0.815472192 0.753422052 0.690117051 0.817085331 0.811553724 0.809186893 0.590480680 0.581723398 0.604768169 0.609897677 0.569223518 0.615293904 0.610014151 0.625397776 0.637915938 0.622977069 0.621642023 0.620814599 0.698820043 0.620843321 0.628909002 0.666650341 0.348972323 0.316496991 0.000000000 0.736122706 0.640348633 0.656878779 0.661654427 0.665113221 0.661799505 0.651359112 0.657222665 0.653406110 0.641917496 0.604536625 0.604943002 0.555029715 1.367232412 
25     0.782408961 0.767482261 0.797405529 0.711097581 0.818349234 0.865222784 0.931536000 0.959102065 0.894501087 0.975761187 0.798990978 0.799786972 0.795077179 0.731649778 0.668327021 0.794169585 0.788637978 0.786282776 0.630445156 0.622371979 0.645336450 0.648268997 0.607806538 0.654140077 0.648949102 0.662613607 0.676593931 0.661191199 0.659864481 0.659057285 0.737092091 0.659491798 0.667816345 0.704344714 0.761093114 0.734314786 0.736122706 0.000000000 0.606489812 0.623235622 0.628011270 0.630841185 0.628020803 0.617590843 0.622396531 0.619072905 0.607616522 0.570197230 0.570603607 0.520277650 1.347041874 
49     0.688578478 0.673651778 0.703575046 0.617122245 0.723373045 0.770936428 0.837000683 0.864566748 0.799965770 0.881225870 0.704466658 0.705262652 0.700552859 0.638827465 0.575504708 0.702086573 0.696554966 0.694188135 0.534163687 0.526235857 0.548969924 0.553487848 0.512309057 0.558226721 0.553035747 0.567378445 0.580771846 0.565273694 0.563952727 0.563139780 0.641318869 0.563740049 0.571575298 0.609055434 0.665218720 0.638478642 0.640348633 0.606489812 0.000000000 0.300883443 0.307449269 0.311695433 0.305606496 0.288892030 0.398103948 0.397919297 0.386693148 0.349133211 0.349698483 0.298761285 1.252539680 
9     0.705040634 0.690113934 0.720037202 0.633584401 0.739833775 0.787213041 0.853277295 0.880843360 0.816242383 0.897502482 0.720743270 0.721539264 0.716829471 0.653275839 0.589811394 0.717760994 0.712229387 0.709862556 0.550678423 0.542767730 0.565501797 0.570019721 0.528840930 0.574758595 0.569567620 0.583452259 0.596845660 0.581347508 0.580026540 0.579213594 0.657392683 0.579813863 0.587649112 0.625129248 0.681748865 0.655008788 0.656878779 0.623235622 0.300883443 0.000000000 0.104255118 0.294563090 0.306146954 0.292647100 0.414176474 0.414579678 0.403588468 0.365670576 0.366223109 0.315067209 1.268841488 
43     0.709816282 0.694889582 0.724812850 0.638360049 0.744609424 0.791988689 0.858052944 0.885619009 0.821018031 0.902278131 0.725518918 0.726314912 0.721605120 0.658051487 0.594587043 0.722536643 0.717005036 0.714638204 0.555454072 0.547543378 0.570277445 0.574795370 0.532830005 0.579534243 0.574343269 0.588227908 0.601621308 0.586123156 0.584802189 0.583989243 0.662168331 0.584589511 0.592424760 0.629904896 0.686524514 0.659784436 0.661654427 0.628011270 0.307449269 0.104255118 0.000000000 0.300689368 0.313145297 0.299804480 0.418745199 0.419190735 0.408274721 0.370307352 0.370859885 0.319546815 1.273617136 
40     0.713073185 0.698146485 0.728069753 0.641616952 0.747866327 0.795431135 0.861495390 0.889061455 0.824460477 0.905720577 0.728961365 0.729757359 0.725047566 0.663186252 0.599863495 0.726462034 0.720930427 0.718563596 0.558912866 0.551002173 0.573736240 0.578254164 0.536301691 0.582993037 0.577802063 0.591686702 0.605080102 0.589581950 0.588260983 0.587448037 0.665627126 0.588048305 0.595882646 0.633363691 0.689983308 0.663243230 0.665113221 0.630841185 0.311695433 0.294563090 0.300689368 0.000000000 0.314086865 0.303325979 0.421693615 0.422677366 0.411052530 0.373643620 0.374223896 0.322328710 1.277034387 
27     0.710233546 0.695306846 0.725230115 0.638777313 0.745028113 0.792591497 0.858655752 0.886221816 0.821620839 0.902880938 0.726121726 0.726917720 0.722207928 0.659372428 0.596227875 0.723649319 0.718117712 0.715750881 0.555721896 0.547811203 0.570545270 0.575063194 0.533884403 0.579802067 0.574611093 0.588936632 0.602330032 0.586831880 0.585510913 0.584697967 0.662877056 0.585298235 0.593185650 0.630665786 0.686669591 0.659929514 0.661799505 0.628020803 0.305606496 0.306146954 0.313145297 0.314086865 0.000000000 0.247897074 0.420074672 0.419221950 0.408525212 0.370518685 0.371082000 0.321403664 1.274194748 
8     0.699817896 0.684891196 0.714814465 0.628361663 0.734612463 0.782175847 0.848240102 0.875806166 0.811205189 0.892465288 0.715706076 0.716502070 0.711792278 0.650131607 0.586808850 0.713401004 0.707869397 0.705502566 0.545218930 0.537291099 0.560025166 0.564543090 0.523364299 0.569281964 0.564090989 0.578416528 0.591809928 0.576311776 0.574990809 0.574177863 0.652356952 0.574778131 0.582613381 0.620093516 0.676229198 0.649489121 0.651359112 0.617590843 0.288892030 0.292647100 0.299804480 0.303325979 0.247897074 0.000000000 0.409347902 0.408824784 0.397439618 0.359702586 0.360265846 0.310365401 1.263779099 
11     0.704360065 0.689433365 0.719356633 0.632903832 0.739154632 0.786713163 0.852771848 0.880337913 0.815736935 0.896997035 0.720237823 0.721033817 0.716324024 0.654286122 0.590963365 0.717837677 0.712306070 0.709939238 0.551214027 0.543336282 0.566070350 0.570533362 0.529575090 0.575272236 0.570081261 0.583547562 0.597023349 0.581525197 0.580204229 0.579391283 0.657570372 0.579991552 0.587846413 0.625625580 0.682092751 0.655352674 0.657222665 0.622396531 0.398103948 0.414176474 0.418745199 0.421693615 0.420074672 0.409347902 0.000000000 0.376260180 0.365045942 0.326533014 0.327302428 0.278181958 1.268421439 
26     0.703268979 0.688342279 0.718265548 0.631812746 0.738061504 0.784541373 0.850583890 0.878149955 0.813548977 0.894809077 0.718049864 0.718845858 0.714136066 0.652365982 0.589043225 0.715701226 0.710169619 0.707802788 0.547381652 0.539453822 0.562187889 0.566662881 0.525692629 0.571389775 0.566198800 0.580504093 0.593979879 0.578481727 0.577160760 0.576347814 0.654405891 0.576948082 0.584771524 0.622281624 0.678276196 0.651536119 0.653406110 0.619072905 0.397919297 0.414579678 0.419190735 0.422677366 0.419221950 0.408824784 0.376260180 0.000000000 0.288375389 0.247398406 0.247596450 0.275664818 1.266742043 
41     0.691682002 0.676755302 0.706678570 0.620225769 0.726476569 0.772954396 0.838996912 0.866562977 0.801962000 0.883222099 0.706462887 0.707258881 0.702549088 0.640898942 0.577576185 0.704234186 0.698702579 0.696335747 0.535733176 0.527959792 0.550704743 0.555179736 0.514185567 0.559564724 0.554373749 0.569027896 0.582503683 0.567005531 0.565684564 0.564871617 0.642929695 0.565471886 0.573266024 0.610754610 0.666787582 0.640047505 0.641917496 0.607616522 0.386693148 0.403588468 0.408274721 0.411052530 0.408525212 0.397439618 0.365045942 0.288375389 0.000000000 0.232651884 0.233068761 0.263633436 1.253954957 
47     0.654397568 0.639470868 0.669394136 0.582941335 0.689190093 0.735669962 0.801712478 0.829278543 0.764677565 0.845937665 0.669178453 0.669974447 0.665264654 0.603472994 0.540150237 0.666808238 0.661276631 0.658909799 0.498406850 0.490598508 0.513332575 0.517807567 0.476837315 0.522271828 0.517080854 0.531648779 0.545124565 0.529626413 0.528305446 0.527492500 0.605550577 0.528092768 0.535917967 0.573426310 0.629406711 0.602666634 0.604536625 0.570197230 0.349133211 0.365670576 0.370307352 0.373643620 0.370518685 0.359702586 0.326533014 0.247398406 0.232651884 0.000000000 0.058992450 0.225014900 1.217870631 
35     0.654803945 0.639877245 0.669800514 0.583347712 0.689596470 0.736076339 0.802118856 0.829684921 0.765083943 0.846344042 0.669584830 0.670380824 0.665671032 0.603879371 0.540556614 0.667214615 0.661683008 0.659316177 0.498813227 0.491004885 0.513738952 0.518213945 0.477243693 0.522678205 0.517487231 0.532055156 0.545530942 0.530032790 0.528711823 0.527898877 0.605956954 0.528499145 0.536324345 0.573832687 0.629813088 0.603073011 0.604943002 0.570603607 0.349698483 0.366223109 0.370859885 0.374223896 0.371082000 0.360265846 0.327302428 0.247596450 0.233068761 0.058992450 0.000000000 0.226279226 1.218277009 
45     0.603114615 0.588187915 0.618111183 0.531658382 0.637907140 0.684308861 0.750178992 0.777745057 0.713144079 0.794404179 0.616985035 0.617781029 0.613071237 0.552538537 0.489215780 0.616183671 0.610652064 0.608285233 0.448965123 0.441037292 0.463771359 0.468246352 0.427422200 0.472973245 0.467782271 0.481348282 0.494824068 0.479325916 0.478004949 0.477192003 0.555241425 0.477792271 0.485649881 0.523426300 0.579899801 0.553159724 0.555029715 0.520277650 0.298761285 0.315067209 0.319546815 0.322328710 0.321403664 0.310365401 0.278181958 0.275664818 0.263633436 0.225014900 0.226279226 0.000000000 1.166722372 
0     1.279802981 1.264876055 1.294799324 1.209730615 1.315056121 1.364059939 1.430834351 1.458436105 1.394127512 1.475056415 1.298557838 1.299353832 1.294709751 1.339662184 1.276049491 1.401348840 1.395817233 1.393408336 1.261624733 1.253432534 1.276155784 1.280478458 1.241105101 1.286552001 1.281526456 1.293622393 1.307098791 1.291828787 1.290502070 1.289694874 1.367776675 1.289699860 1.298781827 1.335961535 1.392157632 1.362132413 1.367232412 1.347041874 1.252539680 1.268841488 1.273617136 1.277034387 1.274194748 1.263779099 1.268421439 1.266742043 1.253954957 1.217870631 1.218277009 1.166722372 0.000000000 
