51
3     0.000000000 0.000271610 0.001513390 0.005355000 0.003382240 0.019640060 0.014864580 0.024303740 0.023073980 0.019293200 0.012572250 0.015330610 0.009976620 0.015889740 0.016077440 0.022354750 0.022850310 0.020772240 0.017280520 0.018918050 0.018214490 0.015513960 0.017768910 0.016255370 0.016993870 0.016764700 0.023055900 0.021765020 0.021809550 0.021314280 0.023179890 0.019331410 0.013306530 0.012705050 0.014464210 0.021769530 0.023707960 0.014404650 0.019455450 0.018674150 0.016740120 0.018545290 0.017717350 0.016842440 0.017935580 0.016690840 0.018257540 0.016280850 0.015982000 0.015165370 0.025500520 
4     0.000271610 0.000000000 0.000000040 0.003109900 0.007553850 0.019489880 0.019551220 0.022351030 0.018374150 0.019854510 0.016605160 0.016708750 0.016610090 0.016451050 0.016638750 0.022204570 0.022700130 0.020622060 0.017130340 0.018767870 0.018064310 0.019099020 0.018330220 0.020942010 0.021680510 0.016614520 0.023601360 0.021614840 0.021659370 0.021164100 0.023029710 0.019181230 0.017993170 0.017391690 0.019150850 0.022852410 0.023743840 0.014254470 0.019305270 0.018523970 0.016589940 0.018395110 0.017567170 0.016692260 0.018496890 0.016540660 0.018107360 0.016130670 0.015831820 0.015015190 0.025350340 
2     0.001513390 0.000000040 0.000000000 0.003973950 0.006879620 0.018265390 0.013483530 0.022933410 0.019897150 0.019828250 0.015797820 0.015901410 0.015802750 0.014859850 0.020743770 0.021397230 0.021892790 0.019814720 0.016323000 0.017960530 0.017256970 0.014132910 0.018762370 0.014874320 0.015612820 0.015807180 0.022794020 0.020807500 0.020852030 0.020356760 0.022222370 0.018373890 0.011925480 0.011324000 0.013083160 0.020388480 0.023676910 0.013447130 0.018497930 0.017716630 0.015782600 0.017587770 0.016759830 0.015884920 0.017976510 0.015733320 0.017300020 0.015323330 0.015024480 0.014207850 0.024543000 
1     0.005355000 0.003109900 0.003973950 0.000000000 0.000029370 0.016076080 0.011294220 0.017857430 0.013880550 0.020112850 0.014064520 0.014053320 0.015956780 0.012569800 0.018409280 0.023413190 0.023908750 0.019755700 0.018338960 0.018493770 0.017591280 0.011943600 0.017956100 0.012685010 0.013423510 0.016851490 0.019280330 0.019114150 0.018553530 0.020091020 0.024238330 0.018432280 0.009736170 0.009134690 0.010893850 0.018199170 0.017932830 0.015463090 0.016976080 0.019732590 0.017798560 0.017537830 0.018775790 0.015162420 0.018818740 0.014203350 0.016324980 0.014476550 0.014882690 0.011830200 0.016848850 
5     0.003382240 0.007553850 0.006879620 0.000029370 0.000000000 0.019836320 0.018270010 0.018583890 0.014607010 0.020839310 0.017172250 0.017275840 0.017177180 0.018563080 0.021673910 0.022771660 0.023267220 0.021189150 0.017697430 0.019220230 0.018317740 0.018065930 0.020136800 0.026107000 0.025281890 0.017181610 0.020006790 0.019840610 0.019279990 0.020817480 0.023596800 0.019748320 0.015863800 0.022716110 0.024477880 0.019927680 0.020840210 0.014821560 0.019872360 0.019091060 0.017157030 0.018268020 0.018134260 0.015888880 0.019350940 0.014929810 0.017051440 0.015203010 0.015609150 0.012556660 0.025917430 
13     0.019640060 0.019489880 0.018265390 0.016076080 0.019836320 0.000000000 0.016309740 0.018281190 0.016028010 0.018128130 0.014467130 0.018143190 0.012079470 0.015583090 0.015749590 0.016136470 0.016632030 0.014553960 0.018564780 0.020202310 0.019498750 0.019692190 0.013501610 0.019471810 0.018646700 0.018048960 0.021633050 0.021466870 0.020906250 0.022443740 0.024464150 0.020615670 0.017490060 0.020563230 0.017842690 0.014578040 0.020424260 0.015688910 0.020739710 0.019958410 0.018024380 0.019829550 0.019001610 0.017515140 0.017557450 0.013612250 0.018677700 0.016829270 0.017235410 0.014182920 0.023864720 
36     0.014864580 0.019551220 0.013483530 0.011294220 0.018270010 0.016309740 0.000000000 0.004193630 0.000191180 0.000074820 0.012758050 0.011867960 0.012762980 0.014895800 0.015083500 0.023826880 0.024322440 0.022244370 0.018368130 0.019280180 0.018377690 0.018125880 0.016774970 0.020208240 0.020449560 0.017852310 0.020066740 0.019900560 0.019339940 0.020877430 0.022800430 0.020130600 0.015923750 0.018185810 0.019944970 0.019987630 0.019631150 0.015492260 0.018674400 0.019761760 0.017827730 0.018327970 0.018804960 0.015948830 0.016941640 0.014989760 0.017111390 0.015262960 0.015669100 0.012616610 0.026972650 
44     0.024303740 0.022351030 0.022933410 0.017857430 0.018583890 0.018281190 0.004193630 0.000000000 0.000431980 0.007580530 0.014901600 0.013932170 0.014838540 0.019203540 0.019391240 0.026917270 0.028930950 0.027764190 0.019595110 0.019594060 0.018691570 0.018439760 0.019598140 0.024515980 0.024314720 0.022460390 0.020380620 0.020214440 0.019653820 0.021191310 0.027108170 0.020074320 0.016237630 0.023089940 0.022284270 0.020301510 0.019574870 0.021012080 0.018618120 0.023698190 0.020743160 0.018641850 0.023675310 0.016262710 0.020460780 0.015303640 0.017425270 0.015576840 0.015982980 0.012930490 0.032492470 
30     0.023073980 0.018374150 0.019897150 0.013880550 0.014607010 0.016028010 0.000191180 0.000431980 0.000000000 0.000117700 0.011906550 0.012248320 0.012340530 0.018573860 0.018761560 0.024178090 0.026408500 0.027141960 0.015618230 0.015617180 0.014714690 0.014462880 0.016858960 0.023886300 0.021575540 0.021746180 0.016403740 0.016237560 0.015676940 0.017214430 0.026478490 0.017335140 0.012260750 0.019113060 0.019545090 0.016324630 0.016835690 0.020389850 0.015878940 0.019721310 0.018003980 0.014664970 0.020656280 0.012285830 0.017721600 0.011326760 0.013448390 0.011599960 0.012006100 0.008953610 0.031870240 
29     0.019293200 0.019854510 0.019828250 0.020112850 0.020839310 0.018128130 0.000074820 0.007580530 0.000117700 0.000000000 0.013715890 0.013706280 0.013720820 0.014193000 0.014380700 0.023971390 0.023920410 0.023202210 0.019325970 0.018610870 0.020259940 0.017987880 0.016072170 0.019505440 0.019746760 0.017449850 0.021359160 0.022469860 0.021192550 0.021171970 0.022097630 0.021376860 0.018493050 0.020157600 0.021806600 0.020594360 0.022011220 0.016450100 0.018989300 0.019270400 0.018785570 0.018373320 0.019762800 0.018107090 0.016238840 0.017559060 0.019680690 0.017414740 0.018027450 0.015185910 0.027930490 
48     0.012572250 0.016605160 0.015797820 0.014064520 0.017172250 0.014467130 0.012758050 0.014901600 0.011906550 0.013715890 0.000000000 0.000004280 0.000007930 0.011098330 0.011587940 0.019910750 0.021249850 0.010093350 0.015295540 0.016933070 0.014712070 0.012150930 0.012591620 0.022535040 0.017308200 0.014779720 0.020603830 0.019618580 0.018078870 0.018186530 0.021194910 0.013067800 0.016460840 0.016614570 0.015277750 0.014571820 0.012568350 0.012419670 0.011611600 0.016689170 0.013736640 0.012173350 0.015732370 0.014857460 0.013100430 0.014705860 0.013716950 0.013928720 0.013332730 0.009720840 0.023900060 
14     0.015330610 0.016708750 0.015901410 0.014053320 0.017275840 0.018143190 0.011867960 0.013932170 0.012248320 0.013706280 0.000004280 0.000000000 0.000003670 0.012858930 0.017046040 0.019899550 0.021353440 0.019275370 0.015399130 0.017036660 0.016333100 0.012139730 0.012580420 0.022170780 0.017297000 0.014883310 0.020945600 0.019607380 0.018067670 0.018175330 0.021298500 0.013056600 0.016802610 0.016603370 0.015266550 0.014560620 0.012557150 0.012523260 0.011600400 0.016792760 0.013725440 0.012162150 0.015835960 0.014961050 0.013443060 0.014809450 0.013705750 0.013917520 0.013321530 0.009709640 0.024003650 
12     0.009976620 0.016610090 0.015802750 0.015956780 0.017177180 0.012079470 0.012762980 0.014838540 0.012340530 0.013720820 0.000007930 0.000003670 0.000000000 0.008710670 0.009200280 0.020759220 0.021254780 0.007705690 0.015300470 0.016938000 0.012324410 0.014043190 0.014483880 0.022241590 0.019200460 0.014784650 0.021037810 0.019784970 0.019829500 0.019334230 0.021199840 0.014960060 0.016894820 0.018506830 0.017170010 0.016464080 0.014460610 0.012424600 0.013503860 0.016694100 0.014760070 0.014065610 0.015737300 0.014862390 0.010712770 0.014710790 0.015609210 0.014300800 0.014001950 0.011613100 0.020455180 
24     0.015889740 0.016451050 0.014859850 0.012569800 0.018563080 0.015583090 0.014895800 0.019203540 0.018573860 0.014193000 0.011098330 0.012858930 0.008710670 0.000000000 0.000408700 0.013440470 0.013389490 0.002119860 0.009569900 0.008774510 0.006738580 0.008151520 0.006235810 0.009669080 0.009910400 0.007613490 0.011522800 0.012902580 0.011356190 0.011335610 0.012261270 0.012805370 0.013309240 0.010321240 0.012866220 0.011653980 0.013070840 0.013382630 0.009152940 0.009434040 0.009202480 0.008536960 0.010089150 0.008270730 0.005126940 0.008696140 0.012382420 0.007578380 0.008193710 0.009706200 0.024774270 
22     0.016077440 0.016638750 0.020743770 0.018409280 0.021673910 0.015749590 0.015083500 0.019391240 0.018761560 0.014380700 0.011587940 0.017046040 0.009200280 0.000408700 0.000000000 0.003846670 0.003832860 0.001806310 0.009757600 0.008962210 0.007228190 0.008339220 0.006423510 0.009856780 0.010098100 0.007801190 0.011710500 0.013090280 0.011543890 0.011523310 0.012448970 0.012993070 0.011894630 0.010508940 0.013053920 0.011841680 0.013258540 0.011803800 0.009340640 0.009621740 0.009390180 0.008724660 0.010276850 0.008458430 0.005616550 0.008883840 0.012570120 0.007766080 0.008381410 0.009893900 0.006377810 
17     0.022354750 0.022204570 0.021397230 0.023413190 0.022771660 0.016136470 0.023826880 0.026917270 0.024178090 0.023971390 0.019910750 0.019899550 0.020759220 0.013440470 0.003846670 0.000000000 0.000035430 0.000026350 0.019348290 0.018552900 0.021619850 0.016275420 0.014370220 0.019447470 0.019515310 0.017391880 0.021301190 0.022680970 0.021134580 0.021114000 0.022039660 0.017192290 0.023087630 0.020099630 0.018711300 0.020301800 0.019393300 0.018403600 0.018436550 0.019212430 0.018980870 0.018315350 0.019867540 0.018049120 0.016180870 0.018474530 0.020541900 0.017356770 0.017972100 0.016545790 0.009853740 
20     0.022850310 0.022700130 0.021892790 0.023908750 0.023267220 0.016632030 0.024322440 0.028930950 0.026408500 0.023920410 0.021249850 0.021353440 0.021254780 0.013389490 0.003832860 0.000035430 0.000000000 0.000012540 0.019297310 0.018501920 0.021568870 0.017878930 0.014865780 0.019396490 0.019637810 0.017340900 0.021250210 0.022629990 0.021083600 0.021063020 0.021988680 0.019422700 0.023036650 0.020048650 0.019206860 0.020850350 0.021623710 0.018899160 0.018880350 0.019161450 0.018929890 0.018264370 0.019816560 0.017998140 0.016129890 0.018423550 0.022109830 0.017305790 0.017921120 0.018776200 0.009839930 
46     0.020772240 0.020622060 0.019814720 0.019755700 0.021189150 0.014553960 0.022244370 0.027764190 0.027141960 0.023202210 0.010093350 0.019275370 0.007705690 0.002119860 0.001806310 0.000026350 0.000012540 0.000000000 0.019441280 0.018645890 0.005733600 0.018022900 0.012787710 0.018757910 0.017932800 0.017484870 0.021394180 0.022773960 0.021227570 0.021206990 0.022132650 0.020844610 0.022628070 0.019849330 0.017128790 0.021525360 0.021523960 0.016821090 0.019024320 0.019305420 0.019073860 0.018408340 0.019960530 0.018142110 0.004121960 0.018567520 0.020673980 0.017449760 0.018065090 0.017581810 0.009827390 
38     0.017280520 0.017130340 0.016323000 0.018338960 0.017697430 0.018564780 0.018368130 0.019595110 0.015618230 0.019325970 0.015295540 0.015399130 0.015300470 0.009569900 0.009757600 0.019348290 0.019297310 0.019441280 0.000000000 0.000002410 0.000056480 0.000057080 0.007140290 0.010455680 0.000068690 0.009529840 0.014476200 0.014530160 0.014309590 0.014079420 0.015214670 0.012096550 0.011401200 0.013274640 0.018079480 0.014083620 0.014996150 0.010363690 0.012920100 0.013201200 0.012699160 0.012304120 0.013676390 0.012037890 0.010169640 0.012463300 0.014216580 0.011345540 0.011941040 0.011124410 0.024425240 
23     0.018918050 0.018767870 0.017960530 0.018493770 0.019220230 0.020202310 0.019280180 0.019594060 0.015617180 0.018610870 0.016933070 0.017036660 0.016938000 0.008774510 0.008962210 0.018552900 0.018501920 0.018645890 0.000002410 0.000000000 0.000054070 0.000054670 0.006344900 0.009660290 0.000066280 0.004068480 0.013680810 0.015060590 0.013514200 0.013493620 0.014419280 0.013734080 0.006178230 0.007112510 0.004391620 0.014082570 0.004640680 0.012001220 0.012124710 0.012405810 0.012174250 0.011508730 0.013060920 0.011242500 0.009374250 0.011667910 0.015354190 0.010550150 0.011165480 0.012504790 0.026062770 
33     0.018214490 0.018064310 0.017256970 0.017591280 0.018317740 0.019498750 0.018377690 0.018691570 0.014714690 0.020259940 0.014712070 0.016333100 0.012324410 0.006738580 0.007228190 0.021619850 0.021568870 0.005733600 0.000056480 0.000054070 0.000000000 0.000000600 0.005491500 0.010359560 0.000012210 0.004782420 0.014640650 0.014474470 0.012220610 0.012755430 0.016879000 0.012949230 0.006892170 0.007826450 0.005105560 0.013180080 0.005354620 0.011297660 0.015191660 0.015472760 0.013633130 0.014575680 0.014610360 0.013735450 0.007985500 0.013583850 0.015150550 0.013173860 0.012875010 0.011602300 0.025359210 
28     0.015513960 0.019099020 0.014132910 0.011943600 0.018065930 0.019692190 0.018125880 0.018439760 0.014462880 0.017987880 0.012150930 0.012139730 0.014043190 0.008151520 0.008339220 0.016275420 0.017878930 0.018022900 0.000057080 0.000054670 0.000000600 0.000000000 0.004523570 0.007885810 0.000012810 0.009148510 0.013057820 0.013276450 0.011736740 0.011844400 0.009925020 0.006725670 0.007577590 0.008285050 0.009975870 0.006914910 0.011633480 0.012332370 0.010676730 0.011782820 0.011551260 0.010885740 0.012437930 0.010619510 0.008751260 0.011044920 0.012782080 0.009927160 0.010542490 0.008785970 0.023821090 
6     0.017768910 0.018330220 0.018762370 0.017956100 0.020136800 0.013501610 0.016774970 0.019598140 0.016858960 0.016072170 0.012591620 0.012580420 0.014483880 0.006235810 0.006423510 0.014370220 0.014865780 0.012787710 0.007140290 0.006344900 0.005491500 0.004523570 0.000000000 0.007239470 0.000617870 0.007232800 0.011142110 0.012521890 0.010975500 0.010954920 0.011880580 0.007166360 0.007870810 0.009940550 0.011907220 0.013533150 0.006878420 0.013529320 0.009586010 0.009867110 0.009635550 0.008970030 0.010522220 0.008703800 0.006835550 0.009129210 0.012815490 0.008011450 0.008626780 0.009226660 0.023944550 
31     0.016255370 0.020942010 0.014874320 0.012685010 0.026107000 0.019471810 0.020208240 0.024515980 0.023886300 0.019505440 0.022535040 0.022170780 0.022241590 0.009669080 0.009856780 0.019447470 0.019396490 0.018757910 0.010455680 0.009660290 0.010359560 0.007885810 0.007239470 0.000000000 0.000134730 0.010666070 0.014575380 0.015955160 0.014408770 0.014388190 0.015313850 0.015857950 0.009627940 0.009026460 0.010717280 0.016966420 0.018383280 0.016962590 0.013019280 0.013300380 0.013068820 0.012403300 0.013955490 0.012137070 0.010268820 0.012562480 0.016248760 0.011444720 0.012060050 0.013572540 0.029914750 
34     0.016993870 0.021680510 0.015612820 0.013423510 0.025281890 0.018646700 0.020449560 0.024314720 0.021575540 0.019746760 0.017308200 0.017297000 0.019200460 0.009910400 0.010098100 0.019515310 0.019637810 0.017932800 0.000068690 0.000066280 0.000012210 0.000012810 0.000617870 0.000134730 0.000000000 0.010907390 0.014816700 0.016196480 0.014650090 0.014629510 0.015555170 0.011882940 0.010366440 0.009764960 0.011455780 0.017207740 0.016790750 0.017203910 0.013260600 0.013541700 0.013310140 0.012644620 0.014196810 0.012378390 0.010510140 0.012803800 0.016490080 0.011686040 0.012301370 0.013813860 0.029089640 
19     0.016764700 0.016614520 0.015807180 0.016851490 0.017181610 0.018048960 0.017852310 0.022460390 0.021746180 0.017449850 0.014779720 0.014883310 0.014784650 0.007613490 0.007801190 0.017391880 0.017340900 0.017484870 0.009529840 0.004068480 0.004782420 0.009148510 0.007232800 0.010666070 0.010907390 0.000000000 0.007372590 0.008752370 0.007205980 0.007185400 0.007529540 0.001454090 0.000000870 0.000000920 0.000840700 0.014910830 0.001089760 0.009847870 0.010963690 0.011244790 0.011013230 0.010347710 0.011899900 0.010081480 0.008213230 0.010506890 0.013700760 0.009389130 0.010004460 0.010608590 0.023909420 
21     0.023055900 0.023601360 0.022794020 0.019280330 0.020006790 0.021633050 0.020066740 0.020380620 0.016403740 0.021359160 0.020603830 0.020945600 0.021037810 0.011522800 0.011710500 0.021301190 0.021250210 0.021394180 0.014476200 0.013680810 0.014640650 0.013057820 0.011142110 0.014575380 0.014816700 0.007372590 0.000000000 0.003250120 0.002689500 0.000361790 0.002163480 0.004595720 0.005553770 0.005665610 0.020032380 0.016250590 0.017163120 0.016834710 0.014873000 0.015154100 0.014922540 0.014257020 0.015809210 0.013990790 0.012122540 0.014416200 0.017786130 0.013298440 0.013913770 0.013291350 0.029044620 
16     0.021765020 0.021614840 0.020807500 0.019114150 0.019840610 0.021466870 0.019900560 0.020214440 0.016237560 0.022469860 0.019618580 0.019607380 0.019784970 0.012902580 0.013090280 0.022680970 0.022629990 0.022773960 0.014530160 0.015060590 0.014474470 0.013276450 0.012521890 0.015955160 0.016196480 0.008752370 0.003250120 0.000000000 0.001372460 0.000455990 0.004788860 0.007837980 0.005387590 0.011904840 0.021412160 0.016084410 0.016996940 0.014848190 0.016252780 0.016533880 0.016302320 0.015636800 0.017188990 0.015370570 0.013502320 0.015498320 0.017619950 0.014678220 0.015293550 0.013125170 0.028909740 
32     0.021809550 0.021659370 0.020852030 0.018553530 0.019279990 0.020906250 0.019339940 0.019653820 0.015676940 0.021192550 0.018078870 0.018067670 0.019829500 0.011356190 0.011543890 0.021134580 0.021083600 0.021227570 0.014309590 0.013514200 0.012220610 0.011736740 0.010975500 0.014408770 0.014650090 0.007205980 0.002689500 0.001372460 0.000000000 0.000051690 0.001419390 0.006298270 0.004826970 0.009096880 0.019865770 0.015523790 0.016436320 0.014892720 0.014706390 0.014987490 0.014755930 0.014090410 0.015642600 0.013824180 0.011955930 0.014249590 0.017059330 0.013131830 0.013747160 0.012564550 0.028954270 
18     0.021314280 0.021164100 0.020356760 0.020091020 0.020817480 0.022443740 0.020877430 0.021191310 0.017214430 0.021171970 0.018186530 0.018175330 0.019334230 0.011335610 0.011523310 0.021114000 0.021063020 0.021206990 0.014079420 0.013493620 0.012755430 0.011844400 0.010954920 0.014388190 0.014629510 0.007185400 0.000361790 0.000455990 0.000051690 0.000000000 0.001685470 0.006405930 0.006364460 0.008230590 0.019845190 0.017061280 0.017669080 0.014397450 0.014685810 0.014966910 0.014735350 0.014069830 0.015622020 0.013803600 0.011935350 0.014229010 0.017915290 0.013111250 0.013726580 0.014102040 0.028459000 
7     0.023179890 0.023029710 0.022222370 0.024238330 0.023596800 0.024464150 0.022800430 0.027108170 0.026478490 0.022097630 0.021194910 0.021298500 0.021199840 0.012261270 0.012448970 0.022039660 0.021988680 0.022132650 0.015214670 0.014419280 0.016879000 0.009925020 0.011880580 0.015313850 0.015555170 0.007529540 0.002163480 0.004788860 0.001419390 0.001685470 0.000000000 0.004312740 0.002588850 0.011263530 0.020770850 0.019558610 0.020975470 0.016263060 0.015611470 0.015892570 0.015661010 0.014995490 0.016547680 0.014729260 0.012861010 0.015154670 0.018840950 0.014036910 0.014652240 0.016164730 0.030324610 
15     0.019331410 0.019181230 0.018373890 0.018432280 0.019748320 0.020615670 0.020130600 0.020074320 0.017335140 0.021376860 0.013067800 0.013056600 0.014960060 0.012805370 0.012993070 0.017192290 0.019422700 0.020844610 0.012096550 0.013734080 0.012949230 0.006725670 0.007166360 0.015857950 0.011882940 0.001454090 0.004595720 0.007837980 0.006298270 0.006405930 0.004312740 0.000000000 0.001454960 0.001455010 0.015259750 0.008181330 0.012550350 0.012414580 0.011593600 0.016436670 0.013718640 0.012155350 0.015727280 0.014852370 0.013405110 0.014700770 0.013698950 0.013910720 0.013314730 0.009702840 0.026476130 
39     0.013306530 0.017993170 0.011925480 0.009736170 0.015863800 0.017490060 0.015923750 0.016237630 0.012260750 0.018493050 0.016460840 0.016802610 0.016894820 0.013309240 0.011894630 0.023087630 0.023036650 0.022628070 0.011401200 0.006178230 0.006892170 0.007577590 0.007870810 0.009627940 0.010366440 0.000000870 0.005553770 0.005387590 0.004826970 0.006364460 0.002588850 0.001454960 0.000000000 0.000000050 0.002950450 0.012107600 0.003199510 0.011172390 0.012399110 0.010589350 0.012416920 0.014859720 0.012149090 0.012272880 0.013908980 0.005811020 0.013643140 0.011794710 0.012200850 0.009148360 0.026778290 
50     0.012705050 0.017391690 0.011324000 0.009134690 0.022716110 0.020563230 0.018185810 0.023089940 0.019113060 0.020157600 0.016614570 0.016603370 0.018506830 0.010321240 0.010508940 0.020099630 0.020048650 0.019849330 0.013274640 0.007112510 0.007826450 0.008285050 0.009940550 0.009026460 0.009764960 0.000000920 0.005665610 0.011904840 0.009096880 0.008230590 0.011263530 0.001455010 0.000000050 0.000000000 0.003884730 0.014540620 0.004133790 0.017614750 0.013671440 0.013952540 0.013720980 0.013055460 0.014607650 0.012789230 0.010920980 0.013214640 0.016900920 0.012096880 0.012712210 0.013249610 0.030738870 
37     0.014464210 0.019150850 0.013083160 0.010893850 0.024477880 0.017842690 0.019944970 0.022284270 0.019545090 0.021806600 0.015277750 0.015266550 0.017170010 0.012866220 0.013053920 0.018711300 0.019206860 0.017128790 0.018079480 0.004391620 0.005105560 0.009975870 0.011907220 0.010717280 0.011455780 0.000840700 0.020032380 0.021412160 0.019865770 0.019845190 0.020770850 0.015259750 0.002950450 0.003884730 0.000000000 0.000412580 0.000000040 0.018171110 0.013335250 0.017943620 0.015460290 0.013897000 0.018392440 0.016780310 0.014912060 0.017205720 0.015440600 0.015652370 0.015056380 0.011444490 0.028285630 
10     0.021769530 0.022852410 0.020388480 0.018199170 0.019927680 0.014578040 0.019987630 0.020301510 0.016324630 0.020594360 0.014571820 0.014560620 0.016464080 0.011653980 0.011841680 0.020301800 0.020850350 0.021525360 0.014083620 0.014082570 0.013180080 0.006914910 0.013533150 0.016966420 0.017207740 0.014910830 0.016250590 0.016084410 0.015523790 0.017061280 0.019558610 0.008181330 0.012107600 0.014540620 0.000412580 0.000000000 0.002128930 0.017465180 0.012629320 0.016731380 0.014754360 0.013191070 0.017386490 0.015568070 0.013699820 0.015585390 0.014734670 0.014875720 0.014350450 0.010738560 0.031090310 
42     0.023707960 0.023743840 0.023676910 0.017932830 0.020840210 0.020424260 0.019631150 0.019574870 0.016835690 0.022011220 0.012568350 0.012557150 0.014460610 0.013070840 0.013258540 0.019393300 0.021623710 0.021523960 0.014996150 0.004640680 0.005354620 0.011633480 0.006878420 0.018383280 0.016790750 0.001089760 0.017163120 0.016996940 0.016436320 0.017669080 0.020975470 0.012550350 0.003199510 0.004133790 0.000000040 0.002128930 0.000000000 0.015461710 0.010625850 0.017564290 0.012750890 0.011187600 0.015683040 0.016984930 0.012468510 0.016497920 0.012731200 0.012942970 0.012346980 0.008735090 0.024883350 
25     0.014404650 0.014254470 0.013447130 0.015463090 0.014821560 0.015688910 0.015492260 0.021012080 0.020389850 0.016450100 0.012419670 0.012523260 0.012424600 0.013382630 0.011803800 0.018403600 0.018899160 0.016821090 0.010363690 0.012001220 0.011297660 0.012332370 0.013529320 0.016962590 0.017203910 0.009847870 0.016834710 0.014848190 0.014892720 0.014397450 0.016263060 0.012414580 0.011172390 0.017614750 0.018171110 0.017465180 0.015461710 0.000000000 0.011382150 0.011357600 0.009423570 0.011228740 0.010400800 0.009525890 0.011617480 0.009374290 0.010940990 0.008964300 0.008665450 0.007848820 0.021549370 
49     0.019455450 0.019305270 0.018497930 0.016976080 0.019872360 0.020739710 0.018674400 0.018618120 0.015878940 0.018989300 0.011611600 0.011600400 0.013503860 0.009152940 0.009340640 0.018436550 0.018880350 0.019024320 0.012920100 0.012124710 0.015191660 0.010676730 0.009586010 0.013019280 0.013260600 0.010963690 0.014873000 0.016252780 0.014706390 0.014685810 0.015611470 0.011593600 0.012399110 0.013671440 0.013335250 0.012629320 0.010625850 0.011382150 0.000000000 0.004804360 0.002737600 0.002977460 0.001377190 0.000412940 0.005566260 0.007859920 0.009921290 0.006742160 0.007357490 0.004407440 0.026600170 
9     0.018674150 0.018523970 0.017716630 0.019732590 0.019091060 0.019958410 0.019761760 0.023698190 0.019721310 0.019270400 0.016689170 0.016792760 0.016694100 0.009434040 0.009621740 0.019212430 0.019161450 0.019305420 0.013201200 0.012405810 0.015472760 0.011782820 0.009867110 0.013300380 0.013541700 0.011244790 0.015154100 0.016533880 0.014987490 0.014966910 0.015892570 0.016436670 0.010589350 0.013952540 0.017943620 0.016731380 0.017564290 0.011357600 0.004804360 0.000000000 0.000247820 0.006381340 0.002084580 0.004124890 0.005847360 0.008141020 0.011827300 0.007023260 0.007638590 0.009151080 0.025818870 
43     0.016740120 0.016589940 0.015782600 0.017798560 0.017157030 0.018024380 0.017827730 0.020743160 0.018003980 0.018785570 0.013736640 0.013725440 0.014760070 0.009202480 0.009390180 0.018980870 0.018929890 0.019073860 0.012699160 0.012174250 0.013633130 0.011551260 0.009635550 0.013068820 0.013310140 0.011013230 0.014922540 0.016302320 0.014755930 0.014735350 0.015661010 0.013718640 0.012416920 0.013720980 0.015460290 0.014754360 0.012750890 0.009423570 0.002737600 0.000247820 0.000000000 0.003534830 0.003886630 0.003406070 0.005615800 0.007909460 0.011595740 0.006791700 0.007407030 0.006532480 0.023884840 
40     0.018545290 0.018395110 0.017587770 0.017537830 0.018268020 0.019829550 0.018327970 0.018641850 0.014664970 0.018373320 0.012173350 0.012162150 0.014065610 0.008536960 0.008724660 0.018315350 0.018264370 0.018408340 0.012304120 0.011508730 0.014575680 0.010885740 0.008970030 0.012403300 0.012644620 0.010347710 0.014257020 0.015636800 0.014090410 0.014069830 0.014995490 0.012155350 0.014859720 0.013055460 0.013897000 0.013191070 0.011187600 0.011228740 0.002977460 0.006381340 0.003534830 0.000000000 0.000411830 0.000122880 0.004950280 0.007243940 0.010483040 0.006126180 0.006741510 0.004969190 0.025690010 
27     0.017717350 0.017567170 0.016759830 0.018775790 0.018134260 0.019001610 0.018804960 0.023675310 0.020656280 0.019762800 0.015732370 0.015835960 0.015737300 0.010089150 0.010276850 0.019867540 0.019816560 0.019960530 0.013676390 0.013060920 0.014610360 0.012437930 0.010522220 0.013955490 0.014196810 0.011899900 0.015809210 0.017188990 0.015642600 0.015622020 0.016547680 0.015727280 0.012149090 0.014607650 0.018392440 0.017386490 0.015683040 0.010400800 0.001377190 0.002084580 0.003886630 0.000411830 0.000000000 0.000472230 0.006502470 0.008796130 0.012482410 0.007678370 0.008293700 0.007508650 0.024862070 
8     0.016842440 0.016692260 0.015884920 0.015162420 0.015888880 0.017515140 0.015948830 0.016262710 0.012285830 0.018107090 0.014857460 0.014961050 0.014862390 0.008270730 0.008458430 0.018049120 0.017998140 0.018142110 0.012037890 0.011242500 0.013735450 0.010619510 0.008703800 0.012137070 0.012378390 0.010081480 0.013990790 0.015370570 0.013824180 0.013803600 0.014729260 0.014852370 0.012272880 0.012789230 0.016780310 0.015568070 0.016984930 0.009525890 0.000412940 0.004124890 0.003406070 0.000122880 0.000472230 0.000000000 0.004684050 0.006977710 0.010555360 0.005859950 0.006475280 0.006135240 0.023987160 
11     0.017935580 0.018496890 0.017976510 0.018818740 0.019350940 0.017557450 0.016941640 0.020460780 0.017721600 0.016238840 0.013100430 0.013443060 0.010712770 0.005126940 0.005616550 0.016180870 0.016129890 0.004121960 0.010169640 0.009374250 0.007985500 0.008751260 0.006835550 0.010268820 0.010510140 0.008213230 0.012122540 0.013502320 0.011955930 0.011935350 0.012861010 0.013405110 0.013908980 0.010920980 0.014912060 0.013699820 0.012468510 0.011617480 0.005566260 0.005847360 0.005615800 0.004950280 0.006502470 0.004684050 0.000000000 0.004097920 0.006242570 0.002980160 0.003595490 0.001156510 0.026078750 
26     0.016690840 0.016540660 0.015733320 0.014203350 0.014929810 0.013612250 0.014989760 0.015303640 0.011326760 0.017559060 0.014705860 0.014809450 0.014710790 0.008696140 0.008883840 0.018474530 0.018423550 0.018567520 0.012463300 0.011667910 0.013583850 0.011044920 0.009129210 0.012562480 0.012803800 0.010506890 0.014416200 0.015498320 0.014249590 0.014229010 0.015154670 0.014700770 0.005811020 0.013214640 0.017205720 0.015585390 0.016497920 0.009374290 0.007859920 0.008141020 0.007909460 0.007243940 0.008796130 0.006977710 0.004097920 0.000000000 0.000000140 0.001815920 0.000159910 0.004135930 0.023835560 
41     0.018257540 0.018107360 0.017300020 0.016324980 0.017051440 0.018677700 0.017111390 0.017425270 0.013448390 0.019680690 0.013716950 0.013705750 0.015609210 0.012382420 0.012570120 0.020541900 0.022109830 0.020673980 0.014216580 0.015354190 0.015150550 0.012782080 0.012815490 0.016248760 0.016490080 0.013700760 0.017786130 0.017619950 0.017059330 0.017915290 0.018840950 0.013698950 0.013643140 0.016900920 0.015440600 0.014734670 0.012731200 0.010940990 0.009921290 0.011827300 0.011595740 0.010483040 0.012482410 0.010555360 0.006242570 0.000000140 0.000000000 0.001815780 0.000159770 0.003954210 0.025402260 
47     0.016280850 0.016130670 0.015323330 0.014476550 0.015203010 0.016829270 0.015262960 0.015576840 0.011599960 0.017414740 0.013928720 0.013917520 0.014300800 0.007578380 0.007766080 0.017356770 0.017305790 0.017449760 0.011345540 0.010550150 0.013173860 0.009927160 0.008011450 0.011444720 0.011686040 0.009389130 0.013298440 0.014678220 0.013131830 0.013111250 0.014036910 0.013910720 0.011794710 0.012096880 0.015652370 0.014875720 0.012942970 0.008964300 0.006742160 0.007023260 0.006791700 0.006126180 0.007678370 0.005859950 0.002980160 0.001815920 0.001815780 0.000000000 0.000056110 0.005164260 0.023425570 
35     0.015982000 0.015831820 0.015024480 0.014882690 0.015609150 0.017235410 0.015669100 0.015982980 0.012006100 0.018027450 0.013332730 0.013321530 0.014001950 0.008193710 0.008381410 0.017972100 0.017921120 0.018065090 0.011941040 0.011165480 0.012875010 0.010542490 0.008626780 0.012060050 0.012301370 0.010004460 0.013913770 0.015293550 0.013747160 0.013726580 0.014652240 0.013314730 0.012200850 0.012712210 0.015056380 0.014350450 0.012346980 0.008665450 0.007357490 0.007638590 0.007407030 0.006741510 0.008293700 0.006475280 0.003595490 0.000159910 0.000159770 0.000056110 0.000000000 0.005855510 0.023126720 
45     0.015165370 0.015015190 0.014207850 0.011830200 0.012556660 0.014182920 0.012616610 0.012930490 0.008953610 0.015185910 0.009720840 0.009709640 0.011613100 0.009706200 0.009893900 0.016545790 0.018776200 0.017581810 0.011124410 0.012504790 0.011602300 0.008785970 0.009226660 0.013572540 0.013813860 0.010608590 0.013291350 0.013125170 0.012564550 0.014102040 0.016164730 0.009702840 0.009148360 0.013249610 0.011444490 0.010738560 0.008735090 0.007848820 0.004407440 0.009151080 0.006532480 0.004969190 0.007508650 0.006135240 0.001156510 0.004135930 0.003954210 0.005164260 0.005855510 0.000000000 0.022310090 
0     0.025500520 0.025350340 0.024543000 0.016848850 0.025917430 0.023864720 0.026972650 0.032492470 0.031870240 0.027930490 0.023900060 0.024003650 0.020455180 0.024774270 0.006377810 0.009853740 0.009839930 0.009827390 0.024425240 0.026062770 0.025359210 0.023821090 0.023944550 0.029914750 0.029089640 0.023909420 0.029044620 0.028909740 0.028954270 0.028459000 0.030324610 0.026476130 0.026778290 0.030738870 0.028285630 0.031090310 0.024883350 0.021549370 0.026600170 0.025818870 0.023884840 0.025690010 0.024862070 0.023987160 0.026078750 0.023835560 0.025402260 0.023425570 0.023126720 0.022310090 0.000000000 
