51
39     0.000000000 0.017723148 0.098339786 0.090396525 0.098490498 0.095084927 0.089326965 0.087767654 0.088636237 0.096623957 0.104829444 0.093996745 0.112721659 0.110642137 0.122134809 0.126918550 0.120800235 0.124883430 0.097858797 0.105489907 0.107600181 0.107356895 0.099737221 0.103316214 0.116591384 0.117546283 0.115161683 0.117995567 0.120520186 0.120064221 0.137372601 0.105673938 0.103709995 0.109778645 0.121908153 0.136017818 0.147701844 0.129108338 0.132505259 0.138692597 0.146474628 0.135900407 0.132226121 0.127001745 0.140743734 0.141618734 0.135199739 0.131378132 0.124394697 0.133291570 0.323270557 
11     0.017723148 0.000000000 0.102170927 0.094227666 0.102321639 0.098916068 0.093158106 0.091598795 0.092467378 0.100455098 0.108660584 0.097827886 0.116552800 0.114473278 0.125965950 0.130749691 0.124631376 0.128714571 0.101689938 0.109321048 0.111431322 0.111188036 0.103568361 0.107147355 0.120422525 0.121377424 0.118992824 0.121826708 0.124351327 0.123895362 0.141203742 0.109505079 0.107541136 0.113609786 0.125739294 0.139848959 0.151532985 0.132939479 0.136336400 0.142523738 0.150305769 0.139731548 0.136057262 0.130832886 0.144574875 0.145449874 0.139030880 0.135209273 0.128225838 0.137122711 0.327101698 
31     0.098339786 0.102170927 0.000000000 0.025494538 0.036438900 0.036238208 0.061008523 0.059824529 0.060383728 0.068927294 0.077133418 0.066721627 0.115077486 0.113048218 0.124547044 0.129022479 0.122902667 0.127121237 0.100501553 0.108132662 0.109919125 0.109664916 0.102045241 0.105624235 0.119041135 0.119991787 0.117611434 0.120441070 0.122965690 0.122509724 0.139818105 0.108621397 0.106657454 0.112702965 0.124832473 0.138395146 0.150074887 0.131346749 0.134743671 0.140931009 0.148713040 0.138468242 0.134793956 0.129569580 0.143311569 0.144186569 0.137767574 0.133948802 0.126965367 0.135862240 0.326093786 
8     0.090396525 0.094227666 0.025494538 0.000000000 0.027933795 0.027993017 0.053194349 0.051997712 0.052556912 0.061125931 0.069333203 0.058893701 0.107044230 0.105014963 0.116513788 0.120989223 0.114869411 0.119087981 0.092465220 0.100096329 0.101882792 0.101631660 0.094011985 0.097590979 0.111004802 0.111955454 0.109575101 0.112404738 0.114929357 0.114473392 0.131781772 0.100585064 0.098621121 0.104666633 0.116796141 0.130361890 0.142041632 0.123313494 0.126710415 0.132897753 0.140679784 0.130499679 0.126825393 0.121601017 0.135343006 0.136218006 0.129799011 0.125980239 0.118996804 0.127893677 0.318089293 
2     0.098490498 0.102321639 0.036438900 0.027933795 0.000000000 0.036599946 0.061340849 0.060163813 0.060723013 0.069143473 0.077324539 0.066947747 0.115162744 0.113133477 0.124632303 0.129107737 0.122987925 0.127206496 0.100583734 0.108214844 0.110001307 0.109750174 0.102130500 0.105709493 0.119123317 0.120073969 0.117693616 0.120523252 0.123047872 0.122591906 0.139900287 0.108703579 0.106739635 0.112785147 0.124914655 0.138476672 0.150156414 0.131428276 0.134825197 0.141012535 0.148794566 0.138615128 0.134940842 0.129716466 0.143458455 0.144333455 0.137914460 0.134095688 0.127112253 0.136009126 0.326201829 
34     0.095084927 0.098916068 0.036238208 0.027993017 0.036599946 0.000000000 0.057676329 0.056503209 0.057062409 0.065584547 0.073924420 0.063407398 0.111749925 0.109720658 0.121219483 0.125694918 0.119575106 0.123793676 0.097170915 0.104802024 0.106588487 0.106337355 0.098717680 0.102296674 0.115710497 0.116661149 0.114280796 0.117110433 0.119635052 0.119179086 0.136487467 0.105290759 0.103326816 0.109372327 0.121501836 0.135066066 0.146745808 0.128017670 0.131414591 0.137601929 0.145383960 0.135204522 0.131530236 0.126305860 0.140047849 0.140922849 0.134503854 0.130685082 0.123701647 0.132598520 0.322791222 
19     0.089326965 0.093158106 0.061008523 0.053194349 0.061340849 0.057676329 0.000000000 0.035139804 0.035554511 0.049097295 0.057432955 0.047441426 0.106127902 0.104165166 0.115663991 0.120150570 0.114030759 0.118251546 0.091629192 0.099260302 0.101046764 0.100792555 0.093172881 0.096751874 0.110169943 0.111120595 0.108740242 0.111569879 0.114094498 0.113638533 0.130946913 0.099747086 0.097783143 0.103733202 0.115862710 0.129413707 0.141149573 0.122565923 0.125962844 0.132150183 0.139932214 0.129669036 0.125994750 0.120770374 0.134512363 0.135387363 0.128968368 0.125146762 0.118163327 0.127060200 0.317217250 
25     0.087767654 0.091598795 0.059824529 0.051997712 0.060163813 0.056503209 0.035139804 0.000000000 0.019211960 0.048341412 0.055913897 0.045713958 0.104626682 0.102660995 0.114159821 0.118646656 0.112526844 0.116747376 0.090125277 0.097756387 0.099541612 0.099287403 0.091667728 0.095246722 0.108664791 0.109615443 0.107235090 0.110064726 0.112589346 0.112133380 0.129441761 0.098242915 0.096278972 0.102229031 0.114358540 0.128222354 0.139958220 0.121374570 0.124771491 0.130958830 0.138740861 0.128452780 0.124778494 0.119554118 0.133296107 0.134171106 0.127752112 0.123930505 0.116947070 0.125843943 0.315790915 
32     0.088636237 0.092467378 0.060383728 0.052556912 0.060723013 0.057062409 0.035554511 0.019211960 0.000000000 0.048957678 0.057032325 0.046095216 0.105423416 0.103320563 0.114819388 0.119306223 0.113186411 0.117406943 0.090922011 0.098553120 0.100339583 0.100085374 0.092465699 0.096044693 0.109462762 0.110413414 0.108033061 0.110862697 0.113387317 0.112931351 0.130239732 0.099039649 0.097075706 0.103025765 0.115155273 0.128557309 0.140293174 0.121709525 0.125106446 0.131293785 0.139075815 0.128940881 0.125266595 0.120042220 0.133784209 0.134659208 0.128240213 0.124418607 0.117435172 0.126332045 0.316430659 
6     0.096623957 0.100455098 0.068927294 0.061125931 0.069143473 0.065584547 0.049097295 0.048341412 0.048957678 0.000000000 0.062804070 0.055105360 0.113664553 0.111697881 0.123196707 0.127683957 0.121564145 0.125784933 0.099161862 0.106792972 0.108580721 0.108326512 0.100706837 0.104285831 0.117700656 0.118651308 0.116270955 0.119100592 0.121625211 0.121169245 0.138477626 0.107279801 0.105315858 0.111265917 0.123395425 0.136878791 0.148614742 0.130031092 0.133428013 0.139615352 0.147397383 0.137142907 0.133468621 0.128244245 0.141986235 0.142861234 0.136442239 0.132620633 0.125637198 0.134534071 0.324632672 
37     0.104829444 0.108660584 0.077133418 0.069333203 0.077324539 0.073924420 0.057432955 0.055913897 0.057032325 0.062804070 0.000000000 0.062688714 0.121792123 0.119828810 0.131327636 0.135816172 0.129696360 0.133917148 0.107290718 0.114921827 0.116707052 0.116452843 0.108833168 0.112412162 0.125831633 0.126782285 0.124401932 0.127231569 0.129756188 0.129300223 0.146608603 0.115410730 0.113446787 0.119396846 0.131526354 0.145325352 0.157007910 0.138279773 0.141676694 0.147864032 0.155646063 0.145465206 0.141790920 0.136566545 0.150308534 0.151183533 0.144764538 0.140942932 0.133959497 0.142856370 0.332796907 
1     0.093996745 0.097827886 0.066721627 0.058893701 0.066947747 0.063407398 0.047441426 0.045713958 0.046095216 0.055105360 0.062688714 0.000000000 0.110977624 0.108876587 0.120377008 0.124863843 0.118744031 0.122964563 0.096478914 0.104110024 0.105895249 0.105641040 0.098021365 0.101600359 0.115018428 0.115969080 0.113588727 0.116418363 0.118942983 0.118487017 0.135795398 0.104595673 0.102631730 0.108581789 0.120711297 0.134114662 0.145850613 0.127122475 0.130519396 0.136706734 0.144488765 0.134587999 0.130913713 0.125689337 0.139431326 0.140306326 0.133887331 0.130065724 0.123082290 0.131979162 0.321764609 
18     0.112721659 0.116552800 0.115077486 0.107044230 0.115162744 0.111749925 0.106127902 0.104626682 0.105423416 0.113664553 0.121792123 0.110977624 0.000000000 0.094486829 0.105909975 0.110677475 0.104329481 0.108711049 0.082765765 0.090433557 0.091070865 0.091040572 0.083297487 0.086942944 0.100386568 0.101393704 0.098959078 0.101845199 0.104378897 0.103934039 0.121224218 0.090679689 0.088747681 0.095492750 0.107734474 0.144207001 0.155735723 0.137196389 0.140593311 0.146780387 0.154562418 0.145374308 0.141700022 0.136475646 0.150191444 0.151066444 0.144647449 0.140799148 0.133815713 0.142712586 0.332602473 
28     0.110642137 0.114473278 0.113048218 0.105014963 0.113133477 0.109720658 0.104165166 0.102660995 0.103320563 0.111697881 0.119828810 0.108876587 0.094486829 0.000000000 0.054176518 0.098394940 0.092084525 0.096099814 0.077821504 0.085461548 0.087267471 0.087045009 0.079337249 0.082974493 0.096380800 0.097380772 0.094946187 0.097825145 0.100331071 0.099846361 0.117331840 0.088292601 0.086443737 0.092598496 0.104793614 0.141588655 0.153033412 0.134488904 0.137885825 0.144070067 0.151852098 0.142802567 0.139128280 0.133903905 0.147619703 0.148494702 0.142075707 0.138227406 0.131243971 0.140140844 0.330229944 
30     0.122134809 0.125965950 0.124547044 0.116513788 0.124632303 0.121219483 0.115663991 0.114159821 0.114819388 0.123196707 0.131327636 0.120377008 0.105909975 0.054176518 0.000000000 0.109841332 0.103537900 0.107496327 0.089186532 0.096819809 0.098639297 0.098401000 0.090693241 0.094330484 0.107751547 0.108751520 0.106316935 0.109195892 0.111701818 0.111217109 0.128702588 0.099640349 0.097791485 0.103961242 0.116129857 0.153074205 0.164518962 0.145974453 0.149371375 0.155555617 0.163337648 0.154288116 0.150613830 0.145389455 0.159105253 0.159980252 0.153561257 0.149712956 0.142729521 0.151626394 0.341715494 
16     0.126918550 0.130749691 0.129022479 0.120989223 0.129107737 0.125694918 0.120150570 0.118646656 0.119306223 0.127683957 0.135816172 0.124863843 0.110677475 0.098394940 0.109841332 0.000000000 0.040763533 0.088085455 0.093942185 0.101588691 0.103545638 0.103451301 0.095815616 0.099444715 0.112645465 0.113645437 0.111210853 0.114089810 0.116642932 0.116158223 0.133652701 0.105001818 0.103116488 0.108598701 0.120811395 0.157720469 0.169227986 0.150679582 0.154076503 0.160201881 0.167983912 0.158889847 0.155215561 0.149991185 0.163706983 0.164581982 0.158162988 0.154314687 0.147331252 0.156228125 0.346334049 
24     0.120800235 0.124631376 0.122902667 0.114869411 0.122987925 0.119575106 0.114030759 0.112526844 0.113186411 0.121564145 0.129696360 0.118744031 0.104329481 0.092084525 0.103537900 0.040763533 0.000000000 0.081580477 0.087842573 0.095489079 0.097208007 0.097143467 0.089477984 0.093107084 0.106373921 0.107373894 0.104939309 0.107818266 0.110371389 0.109886679 0.127381158 0.098692411 0.096807081 0.102288790 0.114501484 0.151596889 0.163045541 0.144497138 0.147894059 0.154078302 0.161860332 0.152763132 0.149088846 0.143864470 0.157580268 0.158455268 0.152036273 0.148187972 0.141204537 0.150101410 0.340190237 
36     0.124883430 0.128714571 0.127121237 0.119087981 0.127206496 0.123793676 0.118251546 0.116747376 0.117406943 0.125784933 0.133917148 0.122964563 0.108711049 0.096099814 0.107496327 0.088085455 0.081580477 0.000000000 0.091780923 0.099427428 0.101061424 0.101017640 0.093352157 0.096985023 0.110283284 0.111283257 0.108848672 0.111727629 0.114280752 0.113796042 0.131271809 0.102618112 0.100746865 0.106526042 0.118738736 0.155810215 0.167252047 0.148710463 0.152107384 0.158291627 0.166073658 0.156949917 0.153275631 0.148051255 0.161767053 0.162642052 0.156223058 0.152374757 0.145391322 0.154288195 0.344396780 
20     0.097858797 0.101689938 0.100501553 0.092465220 0.100583734 0.097170915 0.091629192 0.090125277 0.090922011 0.099161862 0.107290718 0.096478914 0.082765765 0.077821504 0.089186532 0.093942185 0.087842573 0.091780923 0.000000000 0.022792691 0.062281690 0.062385226 0.054629711 0.058216029 0.071118375 0.072137730 0.069671257 0.072551962 0.075078877 0.074598618 0.091878364 0.075788801 0.073919821 0.080140855 0.092272419 0.129529033 0.141203673 0.122664680 0.126061601 0.132189814 0.139971844 0.130366604 0.126692317 0.121467942 0.135183740 0.136058739 0.129639744 0.125791443 0.118808008 0.127704881 0.317746227 
22     0.105489907 0.109321048 0.108132662 0.100096329 0.108214844 0.104802024 0.099260302 0.097756387 0.098553120 0.106792972 0.114921827 0.104110024 0.090433557 0.085461548 0.096819809 0.101588691 0.095489079 0.099427428 0.022792691 0.000000000 0.069970274 0.070103571 0.062348056 0.065936237 0.078777649 0.079797003 0.077330531 0.080211236 0.082738150 0.082257891 0.099537638 0.083453156 0.081584176 0.087788651 0.099920215 0.137161002 0.148835643 0.130296649 0.133693571 0.139821783 0.147603814 0.137998573 0.134324287 0.129099911 0.142815709 0.143690708 0.137271714 0.133423413 0.126439978 0.135336851 0.325378196 
12     0.107600181 0.111431322 0.109919125 0.101882792 0.110001307 0.106588487 0.101046764 0.099541612 0.100339583 0.108580721 0.116707052 0.105895249 0.091070865 0.087267471 0.098639297 0.103545638 0.097208007 0.101061424 0.062281690 0.069970274 0.000000000 0.058090561 0.050312577 0.053761714 0.079302607 0.080317469 0.077873820 0.080786620 0.083355455 0.082975578 0.099967730 0.084653978 0.082833172 0.089175373 0.101333116 0.138846846 0.150462622 0.131927335 0.135324256 0.141509791 0.149291822 0.139887808 0.136213522 0.130989146 0.144704944 0.145579943 0.139160949 0.135312647 0.128329213 0.137226086 0.327320310 
35     0.107356895 0.111188036 0.109664916 0.101631660 0.109750174 0.106337355 0.100792555 0.099287403 0.100085374 0.108326512 0.116452843 0.105641040 0.091040572 0.087045009 0.098401000 0.103451301 0.097143467 0.101017640 0.062385226 0.070103571 0.058090561 0.000000000 0.028667831 0.032883867 0.079695867 0.080558560 0.078267080 0.081034245 0.083572689 0.083192214 0.100263839 0.084301533 0.082494033 0.088868005 0.101025749 0.138602709 0.150218485 0.131681655 0.135078576 0.141265653 0.149047684 0.139808013 0.136133727 0.130909351 0.144625149 0.145500148 0.139081154 0.135232852 0.128249418 0.137146291 0.327136115 
3     0.099737221 0.103568361 0.102045241 0.094011985 0.102130500 0.098717680 0.093172881 0.091667728 0.092465699 0.100706837 0.108833168 0.098021365 0.083297487 0.079337249 0.090693241 0.095815616 0.089477984 0.093352157 0.054629711 0.062348056 0.050312577 0.028667831 0.000000000 0.020155149 0.072220921 0.073083614 0.070792134 0.073559299 0.076097742 0.075717268 0.092804331 0.076727800 0.074920301 0.081293610 0.093451354 0.130968069 0.142583845 0.124047016 0.127443937 0.133631014 0.141413044 0.132170643 0.128496356 0.123271981 0.136987779 0.137862778 0.131443783 0.127595482 0.120612047 0.129508920 0.319498744 
17     0.103316214 0.107147355 0.105624235 0.097590979 0.105709493 0.102296674 0.096751874 0.095246722 0.096044693 0.104285831 0.112412162 0.101600359 0.086942944 0.082974493 0.094330484 0.099444715 0.093107084 0.096985023 0.058216029 0.065936237 0.053761714 0.032883867 0.020155149 0.000000000 0.075817570 0.076680263 0.074388783 0.077155948 0.079694391 0.079313917 0.096398024 0.080274429 0.078466929 0.084840239 0.096997983 0.134544976 0.146160753 0.127623923 0.131020844 0.137207921 0.144989952 0.135747550 0.132073264 0.126848888 0.140564686 0.141439686 0.135020691 0.131172390 0.124188955 0.133085828 0.323075652 
26     0.116591384 0.120422525 0.119041135 0.111004802 0.119123317 0.115710497 0.110169943 0.108664791 0.109462762 0.117700656 0.125831633 0.115018428 0.100386568 0.096380800 0.107751547 0.112645465 0.106373921 0.110283284 0.071118375 0.078777649 0.079302607 0.079695867 0.072220921 0.075817570 0.000000000 0.013134972 0.014257660 0.025046976 0.038413312 0.038199282 0.061352588 0.094309086 0.092462000 0.098802178 0.110956601 0.147987074 0.159602851 0.141067496 0.144464417 0.150649951 0.158431982 0.148977782 0.145303496 0.140079120 0.153794918 0.154669918 0.148250923 0.144402622 0.137419187 0.146316060 0.336452645 
5     0.117546283 0.121377424 0.119991787 0.111955454 0.120073969 0.116661149 0.111120595 0.109615443 0.110413414 0.118651308 0.126782285 0.115969080 0.101393704 0.097380772 0.108751520 0.113645437 0.107373894 0.111283257 0.072137730 0.079797003 0.080317469 0.080558560 0.073083614 0.076680263 0.013134972 0.000000000 0.015553191 0.025631687 0.039379202 0.039370619 0.062168671 0.095309059 0.093461972 0.099802151 0.111956573 0.148883488 0.160499264 0.141963909 0.145360830 0.151546365 0.159328396 0.149918238 0.146243952 0.141019577 0.154735374 0.155610374 0.149191379 0.145343078 0.138359643 0.147256516 0.337366770 
40     0.115161683 0.118992824 0.117611434 0.109575101 0.117693616 0.114280796 0.108740242 0.107235090 0.108033061 0.116270955 0.124401932 0.113588727 0.098959078 0.094946187 0.106316935 0.111210853 0.104939309 0.108848672 0.069671257 0.077330531 0.077873820 0.078267080 0.070792134 0.074388783 0.014257660 0.015553191 0.000000000 0.023869423 0.036644384 0.036938556 0.060223041 0.092874474 0.091027388 0.097367566 0.109521989 0.146557373 0.158173150 0.139637795 0.143034716 0.149220251 0.157002281 0.147548081 0.143873795 0.138649420 0.152365217 0.153240217 0.146821222 0.142972921 0.135989486 0.144886359 0.335022944 
38     0.117995567 0.121826708 0.120441070 0.112404738 0.120523252 0.117110433 0.111569879 0.110064726 0.110862697 0.119100592 0.127231569 0.116418363 0.101845199 0.097825145 0.109195892 0.114089810 0.107818266 0.111727629 0.072551962 0.080211236 0.080786620 0.081034245 0.073559299 0.077155948 0.025046976 0.025631687 0.023869423 0.000000000 0.039027836 0.039061451 0.062436518 0.095755067 0.093907981 0.100248159 0.112402582 0.149332771 0.160948548 0.142413193 0.145810114 0.151995648 0.159777679 0.150367522 0.146693236 0.141468860 0.155184658 0.156059657 0.149640663 0.145792362 0.138808927 0.147705800 0.337816053 
4     0.120520186 0.124351327 0.122965690 0.114929357 0.123047872 0.119635052 0.114094498 0.112589346 0.113387317 0.121625211 0.129756188 0.118942983 0.104378897 0.100331071 0.111701818 0.116642932 0.110371389 0.114280752 0.075078877 0.082738150 0.083355455 0.083572689 0.076097742 0.079694391 0.038413312 0.039379202 0.036644384 0.039027836 0.000000000 0.014390125 0.065342537 0.098296943 0.096449857 0.102785280 0.114939703 0.151857391 0.163473167 0.144937812 0.148334733 0.154520268 0.162302299 0.152892141 0.149217855 0.143993480 0.157709277 0.158584277 0.152165282 0.148316981 0.141333546 0.150230419 0.340340673 
10     0.120064221 0.123895362 0.122509724 0.114473392 0.122591906 0.119179086 0.113638533 0.112133380 0.112931351 0.121169245 0.129300223 0.118487017 0.103934039 0.099846361 0.111217109 0.116158223 0.109886679 0.113796042 0.074598618 0.082257891 0.082975578 0.083192214 0.075717268 0.079313917 0.038199282 0.039370619 0.036938556 0.039061451 0.014390125 0.000000000 0.065173418 0.097828035 0.095980949 0.102321128 0.114475550 0.151401425 0.163017201 0.144481847 0.147878768 0.154064302 0.161846333 0.152436176 0.148761890 0.143537514 0.157253312 0.158128311 0.151709317 0.147861015 0.140877581 0.149774454 0.339884707 
41     0.137372601 0.141203742 0.139818105 0.131781772 0.139900287 0.136487467 0.130946913 0.129441761 0.130239732 0.138477626 0.146608603 0.135795398 0.121224218 0.117331840 0.128702588 0.133652701 0.127381158 0.131271809 0.091878364 0.099537638 0.099967730 0.100263839 0.092804331 0.096398024 0.061352588 0.062168671 0.060223041 0.062436518 0.065342537 0.065173418 0.000000000 0.115167843 0.113320757 0.119644775 0.131799198 0.168844846 0.180460622 0.161925268 0.165322189 0.171507723 0.179289754 0.169850476 0.166176190 0.160951814 0.174667612 0.175542611 0.169123616 0.165275315 0.158291881 0.167188754 0.357228200 
29     0.105673938 0.109505079 0.108621397 0.100585064 0.108703579 0.105290759 0.099747086 0.098242915 0.099039649 0.107279801 0.115410730 0.104595673 0.090679689 0.088292601 0.099640349 0.105001818 0.098692411 0.102618112 0.075788801 0.083453156 0.084653978 0.084301533 0.076727800 0.080274429 0.094309086 0.095309059 0.092874474 0.095755067 0.098296943 0.097828035 0.115167843 0.000000000 0.030387992 0.062689575 0.074740450 0.137231734 0.148790006 0.130255284 0.133652205 0.139837739 0.147619770 0.138354004 0.134679718 0.129455342 0.143171140 0.144046139 0.137627144 0.133778843 0.126795409 0.135692281 0.325829579 
21     0.103709995 0.107541136 0.106657454 0.098621121 0.106739635 0.103326816 0.097783143 0.096278972 0.097075706 0.105315858 0.113446787 0.102631730 0.088747681 0.086443737 0.097791485 0.103116488 0.096807081 0.100746865 0.073919821 0.081584176 0.082833172 0.082494033 0.074920301 0.078466929 0.092462000 0.093461972 0.091027388 0.093907981 0.096449857 0.095980949 0.113320757 0.030387992 0.000000000 0.060698998 0.072811362 0.135267791 0.146826063 0.128291341 0.131688262 0.137873796 0.145655827 0.136390061 0.132715775 0.127491399 0.141207197 0.142082196 0.135663201 0.131814900 0.124831466 0.133728338 0.323865636 
33     0.109778645 0.113609786 0.112702965 0.104666633 0.112785147 0.109372327 0.103733202 0.102229031 0.103025765 0.111265917 0.119396846 0.108581789 0.095492750 0.092598496 0.103961242 0.108598701 0.102288790 0.106526042 0.080140855 0.087788651 0.089175373 0.088868005 0.081293610 0.084840239 0.098802178 0.099802151 0.097367566 0.100248159 0.102785280 0.102321128 0.119644775 0.062689575 0.060698998 0.000000000 0.054319390 0.141607995 0.153227256 0.134687669 0.138084590 0.144270125 0.152052156 0.142638605 0.138964319 0.133739943 0.147455741 0.148330740 0.141911746 0.138063445 0.131080010 0.139976883 0.330101083 
9     0.121908153 0.125739294 0.124832473 0.116796141 0.124914655 0.121501836 0.115862710 0.114358540 0.115155273 0.123395425 0.131526354 0.120711297 0.107734474 0.104793614 0.116129857 0.120811395 0.114501484 0.118738736 0.092272419 0.099920215 0.101333116 0.101025749 0.093451354 0.096997983 0.110956601 0.111956573 0.109521989 0.112402582 0.114939703 0.114475550 0.131799198 0.074740450 0.072811362 0.054319390 0.000000000 0.153760289 0.165379549 0.146841478 0.150238399 0.156423934 0.164205964 0.154790898 0.151116612 0.145892236 0.159608034 0.160483033 0.154064039 0.150215738 0.143232303 0.152129176 0.342253376 
7     0.136017818 0.139848959 0.138395146 0.130361890 0.138476672 0.135066066 0.129413707 0.128222354 0.128557309 0.136878791 0.145325352 0.134114662 0.144207001 0.141588655 0.153074205 0.157720469 0.151596889 0.155810215 0.129529033 0.137161002 0.138846846 0.138602709 0.130968069 0.134544976 0.147987074 0.148883488 0.146557373 0.149332771 0.151857391 0.151401425 0.168844846 0.137231734 0.135267791 0.141607995 0.153760289 0.000000000 0.134336675 0.115490554 0.118941438 0.125830160 0.133042991 0.148727102 0.145052816 0.139828440 0.153541703 0.154416703 0.147997708 0.144179155 0.137195720 0.146092593 0.336518846 
23     0.147701844 0.151532985 0.150074887 0.142041632 0.150156414 0.146745808 0.141149573 0.139958220 0.140293174 0.148614742 0.157007910 0.145850613 0.155735723 0.153033412 0.164518962 0.169227986 0.163045541 0.167252047 0.141203673 0.148835643 0.150462622 0.150218485 0.142583845 0.146160753 0.159602851 0.160499264 0.158173150 0.160948548 0.163473167 0.163017201 0.180460622 0.148790006 0.146826063 0.153227256 0.165379549 0.134336675 0.000000000 0.118235817 0.121677007 0.127879863 0.135741495 0.161666571 0.157992284 0.152767909 0.166483707 0.167358706 0.160939711 0.157182427 0.150198993 0.159095865 0.348745531 
14     0.129108338 0.132939479 0.131346749 0.123313494 0.131428276 0.128017670 0.122565923 0.121374570 0.121709525 0.130031092 0.138279773 0.127122475 0.137196389 0.134488904 0.145974453 0.150679582 0.144497138 0.148710463 0.122664680 0.130296649 0.131927335 0.131681655 0.124047016 0.127623923 0.141067496 0.141963909 0.139637795 0.142413193 0.144937812 0.144481847 0.161925268 0.130255284 0.128291341 0.134687669 0.146841478 0.115490554 0.118235817 0.000000000 0.027308233 0.086134142 0.093202436 0.142344652 0.138670366 0.133445991 0.147161788 0.148036788 0.141617793 0.137860509 0.130877075 0.139773947 0.330044691 
15     0.132505259 0.136336400 0.134743671 0.126710415 0.134825197 0.131414591 0.125962844 0.124771491 0.125106446 0.133428013 0.141676694 0.130519396 0.140593311 0.137885825 0.149371375 0.154076503 0.147894059 0.152107384 0.126061601 0.133693571 0.135324256 0.135078576 0.127443937 0.131020844 0.144464417 0.145360830 0.143034716 0.145810114 0.148334733 0.147878768 0.165322189 0.133652205 0.131688262 0.138084590 0.150238399 0.118941438 0.121677007 0.027308233 0.000000000 0.089540928 0.096609222 0.145741573 0.142067287 0.136842912 0.150558709 0.151433709 0.145014714 0.141257430 0.134273996 0.143170868 0.333441612 
13     0.138692597 0.142523738 0.140931009 0.132897753 0.141012535 0.137601929 0.132150183 0.130958830 0.131293785 0.139615352 0.147864032 0.136706734 0.146780387 0.144070067 0.155555617 0.160201881 0.154078302 0.158291627 0.132189814 0.139821783 0.141509791 0.141265653 0.133631014 0.137207921 0.150649951 0.151546365 0.149220251 0.151995648 0.154520268 0.154064302 0.171507723 0.139837739 0.137873796 0.144270125 0.156423934 0.125830160 0.127879863 0.086134142 0.089540928 0.000000000 0.037595353 0.152373988 0.148699702 0.143475326 0.157191124 0.158066123 0.151647128 0.147889845 0.140906410 0.149803283 0.339777622 
27     0.146474628 0.150305769 0.148713040 0.140679784 0.148794566 0.145383960 0.139932214 0.138740861 0.139075815 0.147397383 0.155646063 0.144488765 0.154562418 0.151852098 0.163337648 0.167983912 0.161860332 0.166073658 0.139971844 0.147603814 0.149291822 0.149047684 0.141413044 0.144989952 0.158431982 0.159328396 0.157002281 0.159777679 0.162302299 0.161846333 0.179289754 0.147619770 0.145655827 0.152052156 0.164205964 0.133042991 0.135741495 0.093202436 0.096609222 0.037595353 0.000000000 0.159601157 0.155926871 0.150702495 0.164418293 0.165293293 0.158874298 0.155117014 0.148133579 0.157030452 0.347342947 
48     0.135900407 0.139731548 0.138468242 0.130499679 0.138615128 0.135204522 0.129669036 0.128452780 0.128940881 0.137142907 0.145465206 0.134587999 0.145374308 0.142802567 0.154288116 0.158889847 0.152763132 0.156949917 0.130366604 0.137998573 0.139887808 0.139808013 0.132170643 0.135747550 0.148977782 0.149918238 0.147548081 0.150367522 0.152892141 0.152436176 0.169850476 0.138354004 0.136390061 0.142638605 0.154790898 0.148727102 0.161666571 0.142344652 0.145741573 0.152373988 0.159601157 0.000000000 0.023811268 0.039873664 0.076914209 0.077446139 0.070967575 0.080922183 0.074117633 0.082832813 0.328567576 
46     0.132226121 0.136057262 0.134793956 0.126825393 0.134940842 0.131530236 0.125994750 0.124778494 0.125266595 0.133468621 0.141790920 0.130913713 0.141700022 0.139128280 0.150613830 0.155215561 0.149088846 0.153275631 0.126692317 0.134324287 0.136213522 0.136133727 0.128496356 0.132073264 0.145303496 0.146243952 0.143873795 0.146693236 0.149217855 0.148761890 0.166176190 0.134679718 0.132715775 0.138964319 0.151116612 0.145052816 0.157992284 0.138670366 0.142067287 0.148699702 0.155926871 0.023811268 0.000000000 0.036335903 0.073181110 0.073719355 0.067230030 0.077229394 0.070424844 0.079140024 0.324893290 
42     0.127001745 0.130832886 0.129569580 0.121601017 0.129716466 0.126305860 0.120770374 0.119554118 0.120042220 0.128244245 0.136566545 0.125689337 0.136475646 0.133903905 0.145389455 0.149991185 0.143864470 0.148051255 0.121467942 0.129099911 0.130989146 0.130909351 0.123271981 0.126848888 0.140079120 0.141019577 0.138649420 0.141468860 0.143993480 0.143537514 0.160951814 0.129455342 0.127491399 0.133739943 0.145892236 0.139828440 0.152767909 0.133445991 0.136842912 0.143475326 0.150702495 0.039873664 0.036335903 0.000000000 0.068379121 0.068801931 0.062364537 0.072046751 0.065301499 0.074016679 0.319659590 
50     0.140743734 0.144574875 0.143311569 0.135343006 0.143458455 0.140047849 0.134512363 0.133296107 0.133784209 0.141986235 0.150308534 0.139431326 0.150191444 0.147619703 0.159105253 0.163706983 0.157580268 0.161767053 0.135183740 0.142815709 0.144704944 0.144625149 0.136987779 0.140564686 0.153794918 0.154735374 0.152365217 0.155184658 0.157709277 0.157253312 0.174667612 0.143171140 0.141207197 0.147455741 0.159608034 0.153541703 0.166483707 0.147161788 0.150558709 0.157191124 0.164418293 0.076914209 0.073181110 0.068379121 0.000000000 0.049366590 0.059212369 0.085834352 0.079049950 0.087821333 0.333378107 
45     0.141618734 0.145449874 0.144186569 0.136218006 0.144333455 0.140922849 0.135387363 0.134171106 0.134659208 0.142861234 0.151183533 0.140306326 0.151066444 0.148494702 0.159980252 0.164581982 0.158455268 0.162642052 0.136058739 0.143690708 0.145579943 0.145500148 0.137862778 0.141439686 0.154669918 0.155610374 0.153240217 0.156059657 0.158584277 0.158128311 0.175542611 0.144046139 0.142082196 0.148330740 0.160483033 0.154416703 0.167358706 0.148036788 0.151433709 0.158066123 0.165293293 0.077446139 0.073719355 0.068801931 0.049366590 0.000000000 0.059853752 0.086805032 0.080018074 0.088789457 0.334253107 
43     0.135199739 0.139030880 0.137767574 0.129799011 0.137914460 0.134503854 0.128968368 0.127752112 0.128240213 0.136442239 0.144764538 0.133887331 0.144647449 0.142075707 0.153561257 0.158162988 0.152036273 0.156223058 0.129639744 0.137271714 0.139160949 0.139081154 0.131443783 0.135020691 0.148250923 0.149191379 0.146821222 0.149640663 0.152165282 0.151709317 0.169123616 0.137627144 0.135663201 0.141911746 0.154064039 0.147997708 0.160939711 0.141617793 0.145014714 0.151647128 0.158874298 0.070967575 0.067230030 0.062364537 0.059212369 0.059853752 0.000000000 0.080565445 0.073744596 0.082516519 0.327856013 
49     0.131378132 0.135209273 0.133948802 0.125980239 0.134095688 0.130685082 0.125146762 0.123930505 0.124418607 0.132620633 0.140942932 0.130065724 0.140799148 0.138227406 0.149712956 0.154314687 0.148187972 0.152374757 0.125791443 0.133423413 0.135312647 0.135232852 0.127595482 0.131172390 0.144402622 0.145343078 0.142972921 0.145792362 0.148316981 0.147861015 0.165275315 0.133778843 0.131814900 0.138063445 0.150215738 0.144179155 0.157182427 0.137860509 0.141257430 0.147889845 0.155117014 0.080922183 0.077229394 0.072046751 0.085834352 0.086805032 0.080565445 0.000000000 0.050492288 0.059347238 0.324220090 
44     0.124394697 0.128225838 0.126965367 0.118996804 0.127112253 0.123701647 0.118163327 0.116947070 0.117435172 0.125637198 0.133959497 0.123082290 0.133815713 0.131243971 0.142729521 0.147331252 0.141204537 0.145391322 0.118808008 0.126439978 0.128329213 0.128249418 0.120612047 0.124188955 0.137419187 0.138359643 0.135989486 0.138808927 0.141333546 0.140877581 0.158291881 0.126795409 0.124831466 0.131080010 0.143232303 0.137195720 0.150198993 0.130877075 0.134273996 0.140906410 0.148133579 0.074117633 0.070424844 0.065301499 0.079049950 0.080018074 0.073744596 0.050492288 0.000000000 0.039233960 0.317236655 
47     0.133291570 0.137122711 0.135862240 0.127893677 0.136009126 0.132598520 0.127060200 0.125843943 0.126332045 0.134534071 0.142856370 0.131979162 0.142712586 0.140140844 0.151626394 0.156228125 0.150101410 0.154288195 0.127704881 0.135336851 0.137226086 0.137146291 0.129508920 0.133085828 0.146316060 0.147256516 0.144886359 0.147705800 0.150230419 0.149774454 0.167188754 0.135692281 0.133728338 0.139976883 0.152129176 0.146092593 0.159095865 0.139773947 0.143170868 0.149803283 0.157030452 0.082832813 0.079140024 0.074016679 0.087821333 0.088789457 0.082516519 0.059347238 0.039233960 0.000000000 0.326133528 
0     0.323270557 0.327101698 0.326093786 0.318089293 0.326201829 0.322791222 0.317217250 0.315790915 0.316430659 0.324632672 0.332796907 0.321764609 0.332602473 0.330229944 0.341715494 0.346334049 0.340190237 0.344396780 0.317746227 0.325378196 0.327320310 0.327136115 0.319498744 0.323075652 0.336452645 0.337366770 0.335022944 0.337816053 0.340340673 0.339884707 0.357228200 0.325829579 0.323865636 0.330101083 0.342253376 0.336518846 0.348745531 0.330044691 0.333441612 0.339777622 0.347342947 0.328567576 0.324893290 0.319659590 0.333378107 0.334253107 0.327856013 0.324220090 0.317236655 0.326133528 0.000000000 
