51
39     0.000000000 0.000204530 0.003827280 0.002879640 0.002242850 0.002884140 0.002707100 0.002848180 0.002101400 0.001443900 0.004616200 0.003023250 0.002262680 0.004614950 0.005620110 0.004455270 0.006331240 0.005588070 0.003231750 0.002314330 0.006247630 0.005915590 0.005806890 0.006313210 0.005134160 0.005820410 0.005653440 0.005355620 0.004476800 0.004986160 0.007975970 0.004451600 0.003809480 0.003930670 0.005637040 0.004957490 0.004377720 0.005487080 0.005459530 0.006690690 0.007646120 0.005693040 0.006435740 0.005964390 0.008593030 0.004587430 0.004961280 0.004838310 0.008383260 0.005854420 0.009827240 
11     0.000204530 0.000000000 0.003810930 0.002863290 0.002345850 0.002867790 0.002690750 0.002951180 0.002204400 0.001546900 0.004599850 0.003006900 0.002365680 0.004717950 0.005603760 0.004558270 0.006314890 0.005691070 0.003334750 0.002417330 0.005946650 0.006018590 0.005909890 0.006416210 0.005237160 0.005804060 0.005637090 0.005339270 0.004579800 0.005089160 0.007959620 0.004435250 0.002734110 0.002855300 0.005620690 0.003882120 0.004728440 0.005470730 0.005443180 0.006749650 0.007629770 0.005796040 0.006538740 0.006067390 0.008576680 0.004690430 0.005064280 0.004941310 0.008366910 0.005957420 0.009810890 
31     0.003827280 0.003810930 0.000000000 0.000215590 0.000014240 0.000053570 0.002626760 0.002575120 0.003326710 0.001547730 0.005168700 0.001670220 0.005097040 0.006760970 0.006995550 0.008225610 0.007706680 0.007234040 0.007363320 0.007268510 0.007623070 0.009081690 0.007774230 0.008376940 0.007012100 0.007195850 0.007028880 0.006731060 0.007120690 0.007219310 0.009351410 0.005827040 0.006479680 0.005819050 0.007012480 0.010076050 0.009019930 0.004574950 0.003784350 0.008141440 0.009021560 0.009645050 0.009438630 0.007853830 0.009968470 0.010510620 0.009134450 0.010281800 0.009758700 0.011904560 0.011202680 
8     0.002879640 0.002863290 0.000215590 0.000000000 0.000012250 0.000908980 0.002311960 0.002675010 0.002379070 0.001363340 0.004221060 0.001770110 0.004149400 0.005813330 0.006047910 0.007277970 0.006759040 0.006286400 0.006415680 0.006320870 0.006675430 0.007571850 0.006826590 0.007429300 0.006064460 0.006248210 0.006081240 0.005783420 0.006173050 0.006271670 0.008403770 0.004879400 0.005532040 0.004871410 0.006064840 0.009128410 0.007874030 0.004390560 0.003599960 0.007193800 0.008073920 0.008697410 0.008490990 0.006906190 0.009020830 0.009562980 0.008186810 0.009334160 0.008811060 0.010853910 0.010255040 
2     0.002242850 0.002345850 0.000014240 0.000012250 0.000000000 0.000128980 0.002441580 0.000791930 0.002482910 0.001362550 0.005717700 0.003532780 0.003322190 0.005674460 0.006803910 0.005514780 0.008255680 0.006647580 0.004291260 0.003373840 0.008172070 0.006658860 0.006866400 0.007372720 0.006193670 0.007744850 0.007315290 0.007280060 0.005536310 0.006045670 0.009900410 0.006376040 0.007028680 0.005384910 0.007091680 0.010625050 0.009091680 0.004389770 0.003599170 0.008690440 0.009570560 0.006752550 0.007495250 0.007023900 0.009816720 0.005646940 0.006020790 0.005897820 0.010307700 0.006913930 0.011751680 
34     0.002884140 0.002867790 0.000053570 0.000908980 0.000128980 0.000000000 0.002316460 0.001819170 0.002383570 0.002528990 0.004225560 0.002632610 0.004153900 0.003520910 0.006052410 0.007282470 0.006763540 0.006290900 0.005592460 0.005535310 0.004108760 0.006231670 0.006831090 0.006168820 0.006068960 0.006252710 0.006085740 0.005787920 0.006177550 0.006276170 0.008408270 0.004016320 0.005536540 0.004040830 0.004047290 0.007004050 0.002949770 0.005919380 0.005393550 0.007198300 0.008078420 0.001273330 0.002947170 0.002945560 0.007057770 0.005058060 0.008191310 0.009338660 0.008815560 0.010457710 0.005035910 
19     0.002707100 0.002690750 0.002626760 0.002311960 0.002441580 0.002316460 0.000000000 0.001242820 0.000894810 0.001086390 0.002478010 0.001693990 0.003976860 0.005640790 0.005875370 0.006281780 0.006586500 0.006113860 0.005058260 0.004140840 0.006502890 0.007462230 0.006654050 0.007256760 0.005891920 0.006075670 0.005908700 0.005610880 0.006000510 0.006099130 0.008231230 0.004706860 0.005359500 0.004698870 0.005892300 0.008546370 0.007715350 0.005742340 0.004991210 0.007021260 0.007901380 0.007519550 0.008262250 0.006733650 0.008848290 0.006413940 0.006787790 0.006664820 0.008638520 0.007680930 0.010082500 
25     0.002848180 0.002951180 0.002575120 0.002675010 0.000791930 0.001819170 0.001242820 0.000000000 0.000676090 0.001847860 0.000993480 0.001962060 0.003927520 0.004552160 0.006290490 0.006120110 0.007001620 0.006528980 0.004896590 0.003979170 0.005140010 0.007262920 0.007069170 0.007200070 0.006307040 0.006490790 0.006323820 0.006026000 0.006141640 0.006514250 0.008646350 0.005047570 0.005774620 0.005072080 0.005078540 0.008035300 0.003981020 0.006157460 0.006129910 0.007436380 0.008316500 0.002304580 0.003978420 0.003976810 0.008089020 0.006089310 0.006626120 0.006503150 0.009053640 0.007519260 0.006067160 
32     0.002101400 0.002204400 0.003326710 0.002379070 0.002482910 0.002383570 0.000894810 0.000676090 0.000000000 0.001491600 0.002807230 0.001761100 0.003180740 0.005533010 0.005942480 0.005373330 0.006653610 0.006180970 0.004149810 0.003232390 0.006570000 0.006833650 0.006721160 0.007231270 0.005959030 0.006142780 0.005975810 0.005677990 0.005394860 0.005904220 0.008298340 0.004773970 0.005426610 0.004765980 0.005959410 0.009022980 0.007094760 0.005809450 0.005781900 0.007088370 0.007968490 0.006611100 0.007353800 0.006800760 0.008915400 0.005505490 0.005879340 0.005756370 0.008705630 0.006772480 0.010149610 
6     0.001443900 0.001546900 0.001547730 0.001363340 0.001362550 0.002528990 0.001086390 0.001847860 0.001491600 0.000000000 0.002593480 0.002231810 0.002523240 0.004492420 0.006004960 0.004715830 0.005975380 0.005848630 0.003492310 0.002574890 0.005080270 0.006176150 0.006067450 0.006244180 0.005394720 0.006613490 0.006446520 0.006148700 0.004737360 0.005246720 0.008769050 0.004987830 0.005897320 0.004585960 0.005018800 0.007975560 0.003921280 0.004702780 0.003912180 0.007559080 0.008439200 0.002244840 0.003918680 0.003917070 0.008029280 0.004847990 0.005221840 0.005098870 0.009176340 0.006114980 0.006007420 
37     0.004616200 0.004599850 0.005168700 0.004221060 0.005717700 0.004225560 0.002478010 0.000993480 0.002807230 0.002593480 0.000000000 0.000546300 0.005885960 0.007549890 0.007784470 0.007963530 0.008324780 0.008022960 0.008152240 0.008057430 0.008411990 0.008893170 0.008563150 0.008593580 0.007801020 0.007984770 0.007817800 0.007519980 0.007909610 0.008008230 0.010140330 0.006615960 0.007268600 0.006607970 0.007801400 0.010864970 0.011138130 0.007651440 0.007623890 0.008930360 0.009810480 0.010433970 0.010227550 0.008642750 0.010757390 0.011299540 0.009923370 0.011070720 0.010547620 0.012068030 0.011991600 
1     0.003023250 0.003006900 0.001670220 0.001770110 0.003532780 0.002632610 0.001693990 0.001962060 0.001761100 0.002231810 0.000546300 0.000000000 0.004293010 0.005956940 0.006191520 0.007421580 0.006902650 0.006430010 0.006559290 0.006380140 0.006819040 0.008277660 0.006970200 0.007572910 0.006208070 0.006391820 0.006224850 0.005927030 0.006316660 0.006415280 0.008547380 0.005023010 0.005675650 0.005015020 0.006208450 0.008153400 0.006786440 0.006058490 0.006030940 0.007337410 0.008217530 0.005110000 0.006783840 0.006782230 0.009164440 0.008653240 0.008330420 0.008904120 0.008954670 0.009920230 0.008872580 
18     0.002262680 0.002365680 0.005097040 0.004149400 0.003322190 0.004153900 0.003976860 0.003927520 0.003180740 0.002523240 0.005885960 0.004293010 0.000000000 0.003013650 0.003248230 0.003670810 0.003959360 0.003486720 0.002081330 0.001163910 0.004186710 0.003126530 0.004337870 0.004612720 0.003575740 0.003759490 0.003592520 0.003294700 0.003684330 0.003782950 0.005915050 0.002075460 0.002728100 0.002067470 0.003260900 0.002920950 0.005773760 0.005448080 0.005420530 0.006727000 0.007607120 0.005527360 0.006270060 0.005798710 0.008206530 0.004421750 0.004795600 0.004672630 0.007996760 0.005688740 0.009440740 
28     0.004614950 0.004717950 0.006760970 0.005813330 0.005674460 0.003520910 0.005640790 0.004552160 0.005533010 0.004492420 0.007549890 0.005956940 0.003013650 0.000000000 0.000536110 0.005172610 0.005188890 0.004282160 0.002122430 0.002065280 0.000638730 0.002761640 0.003363560 0.002698790 0.005239670 0.005423420 0.005256450 0.004958630 0.005348260 0.005446880 0.007578980 0.001934430 0.004396290 0.001958940 0.001965400 0.005325480 0.001271200 0.005141260 0.004892990 0.006521830 0.008033710 0.002638360 0.004312200 0.004310590 0.008422800 0.006423090 0.007147870 0.007024900 0.008724680 0.008041010 0.005589160 
30     0.005620110 0.005603760 0.006995550 0.006047910 0.006803910 0.006052410 0.005875370 0.006290490 0.005942480 0.006004960 0.007784470 0.006191520 0.003248230 0.000536110 0.000000000 0.003955160 0.005355270 0.000815850 0.004854260 0.004797110 0.003370560 0.005493470 0.005363810 0.005055350 0.005474250 0.005658000 0.005491030 0.005193210 0.005582840 0.005681460 0.007813560 0.003978230 0.004630870 0.003970240 0.004697230 0.008057310 0.004003030 0.007346590 0.007319040 0.008625510 0.009505630 0.005370190 0.007044030 0.007042420 0.010105040 0.007903470 0.008277320 0.008154350 0.009895270 0.009170460 0.008320990 
16     0.004455270 0.004558270 0.008225610 0.007277970 0.005514780 0.007282470 0.006281780 0.006120110 0.005373330 0.004715830 0.007963530 0.007421580 0.003670810 0.005172610 0.003955160 0.000000000 0.001060530 0.003093550 0.004639880 0.003722460 0.006207660 0.006973160 0.006325150 0.006290610 0.006191730 0.006888060 0.006721090 0.006423270 0.005534370 0.006043730 0.006855700 0.005208290 0.005302570 0.005200300 0.006393730 0.011442680 0.010600480 0.008576650 0.008549100 0.009855570 0.010521410 0.007719950 0.008462650 0.007991300 0.010784120 0.006614340 0.006988190 0.006865220 0.011125330 0.007881330 0.012569310 
24     0.006331240 0.006314890 0.007706680 0.006759040 0.008255680 0.006763540 0.006586500 0.007001620 0.006653610 0.005975380 0.008324780 0.006902650 0.003959360 0.005188890 0.005355270 0.001060530 0.000000000 0.004493660 0.006536600 0.006441790 0.006568910 0.007121390 0.006686400 0.006651860 0.006185380 0.004442720 0.006202160 0.005904340 0.006293970 0.006392590 0.004267960 0.004689360 0.005342000 0.004681370 0.005874800 0.010923750 0.010961730 0.008057720 0.008030170 0.009336640 0.010216760 0.010492750 0.010286330 0.008701530 0.010816170 0.011358320 0.009982150 0.011129500 0.010606400 0.012752260 0.012050380 
36     0.005588070 0.005691070 0.007234040 0.006286400 0.006647580 0.006290900 0.006113860 0.006528980 0.006180970 0.005848630 0.008022960 0.006430010 0.003486720 0.004282160 0.000815850 0.003093550 0.004493660 0.000000000 0.005601830 0.004855260 0.006323710 0.007407710 0.006474870 0.007077580 0.005712740 0.005896490 0.005729520 0.005431700 0.005821330 0.005919950 0.008052050 0.004216720 0.004869360 0.004208730 0.005402160 0.010451110 0.007424780 0.007585080 0.007557530 0.008659470 0.009625210 0.008791940 0.009595450 0.008228890 0.010343530 0.007747140 0.008120990 0.007998020 0.010133760 0.009014130 0.011577740 
20     0.003231750 0.003334750 0.007363320 0.006415680 0.004291260 0.005592460 0.005058260 0.004896590 0.004149810 0.003492310 0.008152240 0.006559290 0.002081330 0.002122430 0.004854260 0.004639880 0.006536600 0.005601830 0.000000000 0.000055210 0.000967110 0.002320900 0.001871820 0.001229340 0.002942220 0.003125970 0.002959000 0.002271280 0.002874290 0.003149430 0.002256170 0.004005980 0.003312650 0.003433840 0.004036950 0.004469200 0.003342750 0.007212810 0.006964540 0.008993280 0.009873400 0.004709910 0.006383750 0.006382140 0.009560600 0.005390820 0.005764670 0.005641700 0.010263040 0.006657810 0.007660710 
22     0.002314330 0.002417330 0.007268510 0.006320870 0.003373840 0.005535310 0.004140840 0.003979170 0.003232390 0.002574890 0.008057430 0.006380140 0.001163910 0.002065280 0.004797110 0.003722460 0.006441790 0.004855260 0.000055210 0.000000000 0.000911900 0.002265690 0.001816610 0.001174130 0.002847410 0.003031160 0.002864190 0.002216070 0.002819080 0.003054620 0.002200960 0.003948830 0.003732750 0.003592590 0.003979800 0.004889300 0.003285600 0.007155660 0.006907390 0.008898470 0.009778590 0.004652760 0.006321710 0.005850360 0.008643180 0.004473400 0.004847250 0.004724280 0.010057660 0.005740390 0.007603560 
12     0.006247630 0.005946650 0.007623070 0.006675430 0.008172070 0.004108760 0.006502890 0.005140010 0.006570000 0.005080270 0.008411990 0.006819040 0.004186710 0.000638730 0.003370560 0.006207660 0.006568910 0.006323710 0.000967110 0.000911900 0.000000000 0.001216130 0.001056550 0.000414070 0.002658670 0.002842420 0.002675450 0.001456010 0.002059020 0.002359820 0.001440900 0.002522280 0.003298690 0.002546790 0.002553250 0.004776210 0.001859050 0.005729110 0.005480840 0.009253030 0.010133150 0.003226210 0.004900050 0.004898440 0.009010650 0.007010940 0.009898540 0.010693160 0.010522790 0.011930840 0.006177010 
35     0.005915590 0.006018590 0.009081690 0.007571850 0.006658860 0.006231670 0.007462230 0.007262920 0.006833650 0.006176150 0.008893170 0.008277660 0.003126530 0.002761640 0.005493470 0.006973160 0.007121390 0.007407710 0.002320900 0.002265690 0.001216130 0.000000000 0.000644810 0.000076810 0.004117290 0.004301040 0.004134070 0.002809800 0.003412810 0.003713610 0.002794690 0.004645190 0.006527190 0.004312060 0.003422090 0.007835800 0.003981960 0.007852020 0.007603750 0.010337980 0.011303720 0.005349120 0.007022960 0.007021350 0.011133560 0.008074660 0.008448510 0.008325540 0.010639240 0.009341650 0.008299920 
3     0.005806890 0.005909890 0.007774230 0.006826590 0.006866400 0.006831090 0.006654050 0.007069170 0.006721160 0.006067450 0.008563150 0.006970200 0.004337870 0.003363560 0.005363810 0.006325150 0.006686400 0.006474870 0.001871820 0.001816610 0.001056550 0.000644810 0.000000000 0.000320010 0.003353130 0.003536880 0.003369910 0.002360720 0.002963730 0.003264530 0.002345610 0.005067870 0.005164900 0.005059880 0.004554630 0.008638160 0.004583880 0.008125270 0.008097720 0.009404190 0.010284310 0.005951040 0.007624880 0.007623270 0.010883720 0.007965960 0.008339810 0.008216840 0.010673950 0.009232950 0.008901840 
17     0.006313210 0.006416210 0.008376940 0.007429300 0.007372720 0.006168820 0.007256760 0.007200070 0.007231270 0.006244180 0.008593580 0.007572910 0.004612720 0.002698790 0.005055350 0.006290610 0.006651860 0.007077580 0.001229340 0.001174130 0.000414070 0.000076810 0.000320010 0.000000000 0.003955840 0.003436680 0.003972620 0.001718240 0.002321250 0.002622050 0.001703130 0.004582340 0.006036230 0.004606850 0.004613310 0.007973390 0.003919110 0.007789170 0.007540900 0.009892460 0.010858200 0.005286270 0.006960110 0.006958500 0.011070710 0.008472280 0.008846130 0.008723160 0.011276660 0.009739270 0.008237070 
26     0.005134160 0.005237160 0.007012100 0.006064460 0.006193670 0.006068960 0.005891920 0.006307040 0.005959030 0.005394720 0.007801020 0.006208070 0.003575740 0.005239670 0.005474250 0.006191730 0.006185380 0.005712740 0.002942220 0.002847410 0.002658670 0.004117290 0.003353130 0.003955840 0.000000000 0.000388950 0.000042570 0.000519550 0.000841260 0.001255430 0.002744420 0.004305740 0.004958380 0.004297750 0.005491180 0.010229170 0.008740550 0.007363140 0.007335590 0.008642060 0.009522180 0.008398840 0.009141540 0.008006950 0.010121590 0.007293230 0.007667080 0.007544110 0.009911820 0.008560220 0.011355800 
5     0.005820410 0.005804060 0.007195850 0.006248210 0.007744850 0.006252710 0.006075670 0.006490790 0.006142780 0.006613490 0.007984770 0.006391820 0.003759490 0.005423420 0.005658000 0.006888060 0.004442720 0.005896490 0.003125970 0.003031160 0.002842420 0.004301040 0.003536880 0.003436680 0.000388950 0.000000000 0.000033290 0.000055800 0.000834690 0.000838860 0.000201250 0.004489490 0.005142130 0.004481500 0.005674930 0.007696500 0.009335080 0.007546890 0.007519340 0.008825810 0.009705930 0.009981920 0.009775500 0.008190700 0.010305340 0.009876200 0.009471320 0.010127080 0.010095570 0.011143190 0.011539550 
40     0.005653440 0.005637090 0.007028880 0.006081240 0.007315290 0.006085740 0.005908700 0.006323820 0.005975810 0.006446520 0.007817800 0.006224850 0.003592520 0.005256450 0.005491030 0.006721090 0.006202160 0.005729520 0.002959000 0.002864190 0.002675450 0.004134070 0.003369910 0.003972620 0.000042570 0.000033290 0.000000000 0.000085820 0.001173590 0.001272210 0.002937280 0.004322520 0.004975160 0.004314530 0.005507960 0.007696590 0.009098940 0.007379920 0.007352370 0.008658840 0.009538960 0.009520460 0.009608530 0.008023730 0.010138370 0.008414850 0.008788700 0.008665730 0.009928600 0.009681840 0.011372580 
38     0.005355620 0.005339270 0.006731060 0.005783420 0.007280060 0.005787920 0.005610880 0.006026000 0.005677990 0.006148700 0.007519980 0.005927030 0.003294700 0.004958630 0.005193210 0.006423270 0.005904340 0.005431700 0.002271280 0.002216070 0.001456010 0.002809800 0.002360720 0.001718240 0.000519550 0.000055800 0.000085820 0.000000000 0.000875770 0.000974390 0.000023710 0.004024700 0.004677340 0.004016710 0.005210140 0.006956570 0.010568790 0.007082100 0.007054550 0.008361020 0.009241140 0.009517130 0.009310710 0.007725910 0.009840550 0.009253930 0.009006530 0.009504810 0.009630780 0.010520920 0.011074760 
4     0.004476800 0.004579800 0.007120690 0.006173050 0.005536310 0.006177550 0.006000510 0.006141640 0.005394860 0.004737360 0.007909610 0.006316660 0.003684330 0.005348260 0.005582840 0.005534370 0.006293970 0.005821330 0.002874290 0.002819080 0.002059020 0.003412810 0.002963730 0.002321250 0.000841260 0.000834690 0.001173590 0.000875770 0.000000000 0.000004170 0.000381310 0.004414330 0.005066970 0.004406340 0.005599770 0.006788830 0.009749400 0.007471730 0.007444180 0.008750650 0.009630770 0.007741480 0.008484180 0.008012830 0.010230180 0.006635870 0.007009720 0.006886750 0.010020410 0.007902860 0.011464390 
10     0.004986160 0.005089160 0.007219310 0.006271670 0.006045670 0.006276170 0.006099130 0.006514250 0.005904220 0.005246720 0.008008230 0.006415280 0.003782950 0.005446880 0.005681460 0.006043730 0.006392590 0.005919950 0.003149430 0.003054620 0.002359820 0.003713610 0.003264530 0.002622050 0.001255430 0.000838860 0.001272210 0.000974390 0.000004170 0.000000000 0.000286170 0.004512950 0.005165590 0.004504960 0.005698390 0.007140290 0.009719310 0.007570350 0.007542800 0.008849270 0.009729390 0.008250840 0.008993540 0.008214160 0.010328800 0.007145230 0.007519080 0.007396110 0.010119030 0.008412220 0.011563010 
41     0.007975970 0.007959620 0.009351410 0.008403770 0.009900410 0.008408270 0.008231230 0.008646350 0.008298340 0.008769050 0.010140330 0.008547380 0.005915050 0.007578980 0.007813560 0.006855700 0.004267960 0.008052050 0.002256170 0.002200960 0.001440900 0.002794690 0.002345610 0.001703130 0.002744420 0.000201250 0.002937280 0.000023710 0.000381310 0.000286170 0.000000000 0.004339410 0.006482830 0.006637060 0.007830490 0.011048100 0.010375910 0.009702450 0.009674900 0.010981370 0.011861490 0.012137480 0.011931060 0.010346260 0.012460900 0.013003050 0.011626880 0.012774230 0.012251130 0.014396990 0.013695110 
29     0.004451600 0.004435250 0.005827040 0.004879400 0.006376040 0.004016320 0.004706860 0.005047570 0.004773970 0.004987830 0.006615960 0.005023010 0.002075460 0.001934430 0.003978230 0.005208290 0.004689360 0.004216720 0.004005980 0.003948830 0.002522280 0.004645190 0.005067870 0.004582340 0.004305740 0.004489490 0.004322520 0.004024700 0.004414330 0.004512950 0.004339410 0.000000000 0.000002310 0.000024670 0.000031130 0.005820890 0.001766610 0.005636670 0.005388400 0.006920790 0.008337120 0.003133770 0.004807610 0.004806000 0.008918210 0.006918500 0.008102510 0.008344040 0.008726760 0.009360150 0.006084570 
21     0.003809480 0.002734110 0.006479680 0.005532040 0.007028680 0.005536540 0.005359500 0.005774620 0.005426610 0.005897320 0.007268600 0.005675650 0.002728100 0.004396290 0.004630870 0.005302570 0.005342000 0.004869360 0.003312650 0.003732750 0.003298690 0.006527190 0.005164900 0.006036230 0.004958380 0.005142130 0.004975160 0.004677340 0.005066970 0.005165590 0.006482830 0.000002310 0.000000000 0.000140030 0.002504980 0.001563670 0.004240460 0.006830720 0.006803170 0.008109640 0.008989760 0.005607620 0.007281460 0.007279850 0.009589170 0.009392350 0.008755150 0.009902500 0.009379400 0.011031210 0.008558420 
33     0.003930670 0.002855300 0.005819050 0.004871410 0.005384910 0.004040830 0.004698870 0.005072080 0.004765980 0.004585960 0.006607970 0.005015020 0.002067470 0.001958940 0.003970240 0.005200300 0.004681370 0.004208730 0.003433840 0.003592590 0.002546790 0.004312060 0.005059880 0.004606850 0.004297750 0.004481500 0.004314530 0.004016710 0.004406340 0.004504960 0.006637060 0.000024670 0.000140030 0.000000000 0.000027520 0.001584120 0.001791120 0.005661180 0.005412910 0.007007240 0.008329130 0.003158280 0.004832120 0.004830510 0.008928540 0.006484470 0.006858320 0.006735350 0.008718770 0.007751460 0.006109080 
9     0.005637040 0.005620690 0.007012480 0.006064840 0.007091680 0.004047290 0.005892300 0.005078540 0.005959410 0.005018800 0.007801400 0.006208450 0.003260900 0.001965400 0.004697230 0.006393730 0.005874800 0.005402160 0.004036950 0.003979800 0.002553250 0.003422090 0.004554630 0.004613310 0.005491180 0.005674930 0.005507960 0.005210140 0.005599770 0.005698390 0.007830490 0.000031130 0.002504980 0.000027520 0.000000000 0.005851860 0.001797580 0.005667640 0.005419370 0.008642440 0.009522560 0.003164740 0.004838580 0.004836970 0.008949180 0.006949470 0.008565090 0.008442120 0.009912200 0.009458230 0.006115540 
7     0.004957490 0.003882120 0.010076050 0.009128410 0.010625050 0.007004050 0.008546370 0.008035300 0.009022980 0.007975560 0.010864970 0.008153400 0.002920950 0.005325480 0.008057310 0.011442680 0.010923750 0.010451110 0.004469200 0.004889300 0.004776210 0.007835800 0.008638160 0.007973390 0.010229170 0.007696500 0.007696590 0.006956570 0.006788830 0.007140290 0.011048100 0.005820890 0.001563670 0.001584120 0.005851860 0.000000000 0.003749260 0.003849590 0.007885500 0.005761130 0.007273010 0.006121500 0.007109800 0.005525000 0.007639640 0.008181790 0.004538070 0.002192150 0.006972760 0.008238260 0.009072300 
23     0.004377720 0.004728440 0.009019930 0.007874030 0.009091680 0.002949770 0.007715350 0.003981020 0.007094760 0.003921280 0.011138130 0.006786440 0.005773760 0.001271200 0.004003030 0.010600480 0.010961730 0.007424780 0.003342750 0.003285600 0.001859050 0.003981960 0.004583880 0.003919110 0.008740550 0.009335080 0.009098940 0.010568790 0.009749400 0.009719310 0.010375910 0.001766610 0.004240460 0.001791120 0.001797580 0.003749260 0.000000000 0.003656720 0.003869050 0.003844710 0.005356590 0.002067220 0.003741060 0.003739450 0.007851660 0.005851950 0.012887980 0.007044890 0.006915200 0.006410580 0.003290520 
14     0.005487080 0.005470730 0.004574950 0.004390560 0.004389770 0.005919380 0.005742340 0.006157460 0.005809450 0.004702780 0.007651440 0.006058490 0.005448080 0.005141260 0.007346590 0.008576650 0.008057720 0.007585080 0.007212810 0.007155660 0.005729110 0.007852020 0.008125270 0.007789170 0.007363140 0.007546890 0.007379920 0.007082100 0.007471730 0.007570350 0.009702450 0.005636670 0.006830720 0.005661180 0.005667640 0.003849590 0.003656720 0.000000000 0.000254590 0.004257510 0.005440090 0.005937280 0.007611120 0.007609510 0.010319510 0.009722010 0.009485490 0.008642580 0.009311000 0.011211590 0.008888080 
15     0.005459530 0.005443180 0.003784350 0.003599960 0.003599170 0.005393550 0.004991210 0.006129910 0.005781900 0.003912180 0.007623890 0.006030940 0.005420530 0.004892990 0.007319040 0.008549100 0.008030170 0.007557530 0.006964540 0.006907390 0.005480840 0.007603750 0.008097720 0.007540900 0.007335590 0.007519340 0.007352370 0.007054550 0.007444180 0.007542800 0.009674900 0.005388400 0.006803170 0.005412910 0.005419370 0.007885500 0.003869050 0.000254590 0.000000000 0.003807960 0.006155450 0.005689010 0.007362850 0.007361240 0.010291960 0.009473740 0.009457940 0.008832330 0.010082190 0.011812420 0.008639810 
13     0.006690690 0.006749650 0.008141440 0.007193800 0.008690440 0.007198300 0.007021260 0.007436380 0.007088370 0.007559080 0.008930360 0.007337410 0.006727000 0.006521830 0.008625510 0.009855570 0.009336640 0.008659470 0.008993280 0.008898470 0.009253030 0.010337980 0.009404190 0.009892460 0.008642060 0.008825810 0.008658840 0.008361020 0.008750650 0.008849270 0.010981370 0.006920790 0.008109640 0.007007240 0.008642440 0.005761130 0.003844710 0.004257510 0.003807960 0.000000000 0.001090840 0.009634390 0.009826580 0.009483790 0.011598430 0.010532250 0.010764410 0.010929840 0.009498990 0.011453560 0.012832640 
27     0.007646120 0.007629770 0.009021560 0.008073920 0.009570560 0.008078420 0.007901380 0.008316500 0.007968490 0.008439200 0.009810480 0.008217530 0.007607120 0.008033710 0.009505630 0.010521410 0.010216760 0.009625210 0.009873400 0.009778590 0.010133150 0.011303720 0.010284310 0.010858200 0.009522180 0.009705930 0.009538960 0.009241140 0.009630770 0.009729390 0.011861490 0.008337120 0.008989760 0.008329130 0.009522560 0.007273010 0.005356590 0.005440090 0.006155450 0.001090840 0.000000000 0.011146270 0.011338460 0.010363910 0.012478550 0.012044130 0.011644530 0.011172150 0.011010870 0.012965440 0.013712760 
48     0.005693040 0.005796040 0.009645050 0.008697410 0.006752550 0.001273330 0.007519550 0.002304580 0.006611100 0.002244840 0.010433970 0.005110000 0.005527360 0.002638360 0.005370190 0.007719950 0.010492750 0.008791940 0.004709910 0.004652760 0.003226210 0.005349120 0.005951040 0.005286270 0.008398840 0.009981920 0.009520460 0.009517130 0.007741480 0.008250840 0.012137480 0.003133770 0.005607620 0.003158280 0.003164740 0.006121500 0.002067220 0.005937280 0.005689010 0.009634390 0.011146270 0.000000000 0.000282040 0.000677080 0.005740750 0.002050420 0.004167340 0.002467410 0.001036560 0.002991130 0.004153360 
46     0.006435740 0.006538740 0.009438630 0.008490990 0.007495250 0.002947170 0.008262250 0.003978420 0.007353800 0.003918680 0.010227550 0.006783840 0.006270060 0.004312200 0.007044030 0.008462650 0.010286330 0.009595450 0.006383750 0.006321710 0.004900050 0.007022960 0.007624880 0.006960110 0.009141540 0.009775500 0.009608530 0.009310710 0.008484180 0.008993540 0.011931060 0.004807610 0.007281460 0.004832120 0.004838580 0.007109800 0.003741060 0.007611120 0.007362850 0.009826580 0.011338460 0.000282040 0.000000000 0.001280640 0.005372790 0.002242610 0.002033490 0.001360110 0.001228750 0.003183320 0.005827200 
42     0.005964390 0.006067390 0.007853830 0.006906190 0.007023900 0.002945560 0.006733650 0.003976810 0.006800760 0.003917070 0.008642750 0.006782230 0.005798710 0.004310590 0.007042420 0.007991300 0.008701530 0.008228890 0.006382140 0.005850360 0.004898440 0.007021350 0.007623270 0.006958500 0.008006950 0.008190700 0.008023730 0.007725910 0.008012830 0.008214160 0.010346260 0.004806000 0.007279850 0.004830510 0.004836970 0.005525000 0.003739450 0.007609510 0.007361240 0.009483790 0.010363910 0.000677080 0.001280640 0.000000000 0.004514860 0.002204150 0.003680840 0.002621140 0.001190290 0.003144860 0.005825590 
50     0.008593030 0.008576680 0.009968470 0.009020830 0.009816720 0.007057770 0.008848290 0.008089020 0.008915400 0.008029280 0.010757390 0.009164440 0.008206530 0.008422800 0.010105040 0.010784120 0.010816170 0.010343530 0.009560600 0.008643180 0.009010650 0.011133560 0.010883720 0.011070710 0.010121590 0.010305340 0.010138370 0.009840550 0.010230180 0.010328800 0.012460900 0.008918210 0.009589170 0.008928540 0.008949180 0.007639640 0.007851660 0.010319510 0.010291960 0.011598430 0.012478550 0.005740750 0.005372790 0.004514860 0.000000000 0.000782360 0.001657110 0.005694940 0.006263460 0.007284500 0.009937800 
45     0.004587430 0.004690430 0.010510620 0.009562980 0.005646940 0.005058060 0.006413940 0.006089310 0.005505490 0.004847990 0.011299540 0.008653240 0.004421750 0.006423090 0.007903470 0.006614340 0.011358320 0.007747140 0.005390820 0.004473400 0.007010940 0.008074660 0.007965960 0.008472280 0.007293230 0.009876200 0.008414850 0.009253930 0.006635870 0.007145230 0.013003050 0.006918500 0.009392350 0.006484470 0.006949470 0.008181790 0.005851950 0.009722010 0.009473740 0.010532250 0.012044130 0.002050420 0.002242610 0.002204150 0.000782360 0.000000000 0.000547720 0.002883240 0.001934420 0.003888990 0.007938090 
43     0.004961280 0.005064280 0.009134450 0.008186810 0.006020790 0.008191310 0.006787790 0.006626120 0.005879340 0.005221840 0.009923370 0.008330420 0.004795600 0.007147870 0.008277320 0.006988190 0.009982150 0.008120990 0.005764670 0.004847250 0.009898540 0.008448510 0.008339810 0.008846130 0.007667080 0.009471320 0.008788700 0.009006530 0.007009720 0.007519080 0.011626880 0.008102510 0.008755150 0.006858320 0.008565090 0.004538070 0.012887980 0.009485490 0.009457940 0.010764410 0.011644530 0.004167340 0.002033490 0.003680840 0.001657110 0.000547720 0.000000000 0.002812140 0.005302610 0.004273200 0.011635970 
49     0.004838310 0.004941310 0.010281800 0.009334160 0.005897820 0.009338660 0.006664820 0.006503150 0.005756370 0.005098870 0.011070720 0.008904120 0.004672630 0.007024900 0.008154350 0.006865220 0.011129500 0.007998020 0.005641700 0.004724280 0.010693160 0.008325540 0.008216840 0.008723160 0.007544110 0.010127080 0.008665730 0.009504810 0.006886750 0.007396110 0.012774230 0.008344040 0.009902500 0.006735350 0.008442120 0.002192150 0.007044890 0.008642580 0.008832330 0.010929840 0.011172150 0.002467410 0.001360110 0.002621140 0.005694940 0.002883240 0.002812140 0.000000000 0.000627990 0.001650570 0.007268210 
44     0.008383260 0.008366910 0.009758700 0.008811060 0.010307700 0.008815560 0.008638520 0.009053640 0.008705630 0.009176340 0.010547620 0.008954670 0.007996760 0.008724680 0.009895270 0.011125330 0.010606400 0.010133760 0.010263040 0.010057660 0.010522790 0.010639240 0.010673950 0.011276660 0.009911820 0.010095570 0.009928600 0.009630780 0.010020410 0.010119030 0.012251130 0.008726760 0.009379400 0.008718770 0.009912200 0.006972760 0.006915200 0.009311000 0.010082190 0.009498990 0.011010870 0.001036560 0.001228750 0.001190290 0.006263460 0.001934420 0.005302610 0.000627990 0.000000000 0.000145300 0.007138520 
47     0.005854420 0.005957420 0.011904560 0.010853910 0.006913930 0.010457710 0.007680930 0.007519260 0.006772480 0.006114980 0.012068030 0.009920230 0.005688740 0.008041010 0.009170460 0.007881330 0.012752260 0.009014130 0.006657810 0.005740390 0.011930840 0.009341650 0.009232950 0.009739270 0.008560220 0.011143190 0.009681840 0.010520920 0.007902860 0.008412220 0.014396990 0.009360150 0.011031210 0.007751460 0.009458230 0.008238260 0.006410580 0.011211590 0.011812420 0.011453560 0.012965440 0.002991130 0.003183320 0.003144860 0.007284500 0.003888990 0.004273200 0.001650570 0.000145300 0.000000000 0.006633900 
0     0.009827240 0.009810890 0.011202680 0.010255040 0.011751680 0.005035910 0.010082500 0.006067160 0.010149610 0.006007420 0.011991600 0.008872580 0.009440740 0.005589160 0.008320990 0.012569310 0.012050380 0.011577740 0.007660710 0.007603560 0.006177010 0.008299920 0.008901840 0.008237070 0.011355800 0.011539550 0.011372580 0.011074760 0.011464390 0.011563010 0.013695110 0.006084570 0.008558420 0.006109080 0.006115540 0.009072300 0.003290520 0.008888080 0.008639810 0.012832640 0.013712760 0.004153360 0.005827200 0.005825590 0.009937800 0.007938090 0.011635970 0.007268210 0.007138520 0.006633900 0.000000000 
