51
1     0.000000000 0.006517980 0.012304990 0.003964450 0.001206330 0.009814190 0.006211290 0.004546580 0.002690330 0.026550990 0.008820780 0.005748120 0.004763250 0.016598460 0.008474710 0.002011640 0.008999040 0.003129790 0.016884050 0.007053460 0.017399010 0.011895210 0.025363870 0.016668370 0.006471060 0.015107840 0.013702030 0.003445610 0.012117050 0.005243850 0.002776910 0.002915310 0.012833830 0.025959300 0.009582510 0.004455310 0.003837800 0.010657090 0.009130450 0.013337260 0.005385180 0.012625410 0.011243270 0.002920050 0.005889760 0.009407340 0.003019010 0.007428310 0.013568490 0.017964370 0.004335470 
5     0.006517980 0.000000000 0.005431820 0.006330810 0.003403500 0.005871990 0.005892120 0.000827230 0.024185120 0.014858660 0.008890800 0.013940000 0.013535230 0.010180710 0.010347300 0.008831960 0.007541570 0.003888950 0.005995910 0.010596480 0.020777250 0.007708730 0.002851540 0.001835410 0.018690970 0.024464990 0.003347820 0.016028330 0.010714110 0.012434930 0.005863040 0.009283260 0.002718460 0.011253670 0.020630490 0.006359530 0.003831900 0.004701130 0.019800000 0.019387430 0.003650550 0.003852680 0.006045180 0.006630720 0.016631290 0.007656190 0.009600280 0.008622960 0.015523110 0.004172830 0.001106210 
3     0.012304990 0.005431820 0.000000000 0.000554010 0.008974970 0.008034540 0.006432500 0.002969820 0.013819350 0.004893580 0.005302640 0.010743720 0.006300690 0.017715560 0.003403330 0.015543240 0.006027160 0.003613220 0.008916970 0.002304070 0.005490990 0.008708960 0.001567120 0.010198920 0.010795560 0.011922590 0.008266240 0.003454590 0.005203030 0.008506970 0.008863750 0.010116310 0.002382070 0.007743920 0.002030900 0.017353490 0.010643150 0.004312850 0.004623110 0.004539360 0.010248550 0.000616220 0.009653940 0.002488030 0.002450130 0.008502240 0.007928230 0.009926060 0.012331030 0.006177600 0.008571010 
21     0.003964450 0.006330810 0.000554010 0.000000000 0.004734780 0.005446230 0.011709230 0.007072400 0.008629400 0.015840120 0.016665540 0.007494750 0.005559240 0.018323520 0.011721190 0.000862620 0.010290350 0.001192070 0.002626450 0.010665410 0.013285810 0.016144730 0.001525570 0.005333160 0.001836330 0.002164380 0.013660050 0.018326070 0.018286130 0.012056060 0.012528850 0.013084460 0.004224460 0.017403000 0.006707010 0.009546140 0.008983850 0.012372780 0.002925790 0.002713260 0.017148070 0.003761180 0.001857810 0.009212610 0.010646290 0.002691190 0.005022130 0.010155820 0.013876150 0.010946990 0.010130870 
39     0.001206330 0.003403500 0.008974970 0.004734780 0.000000000 0.010314330 0.003621600 0.002637010 0.002558830 0.012190250 0.002473400 0.013278830 0.002434760 0.008340820 0.010664010 0.000086930 0.002739350 0.003395960 0.007562960 0.019287850 0.000552370 0.000410080 0.004546000 0.009315880 0.010559470 0.010394290 0.002606180 0.013872900 0.003763080 0.006100500 0.001984270 0.004005090 0.001621240 0.011253160 0.006323310 0.005262260 0.000600830 0.004213910 0.011490720 0.000386170 0.004854610 0.000884320 0.013574090 0.003088040 0.002760110 0.003286780 0.004325010 0.011376820 0.015859520 0.019484500 0.003840200 
12     0.009814190 0.005871990 0.008034540 0.005446230 0.010314330 0.000000000 0.000132240 0.000104990 0.024486400 0.004041310 0.008620360 0.004747110 0.010002230 0.008396410 0.015932050 0.014716460 0.016544440 0.001482280 0.012624970 0.012257420 0.014191890 0.010353770 0.014784470 0.011262920 0.021175340 0.018326760 0.008709030 0.014976480 0.014936540 0.011040740 0.004898320 0.002857180 0.003677850 0.024995350 0.000773770 0.000678890 0.002295300 0.005987790 0.001916410 0.001343590 0.010992220 0.001686810 0.002808440 0.011923490 0.011679730 0.005545000 0.015397650 0.002538350 0.023830890 0.017560260 0.000632990 
4     0.006211290 0.005892120 0.006432500 0.011709230 0.003621600 0.000132240 0.000000000 0.000034440 0.013744330 0.013208910 0.011689070 0.013340950 0.015798780 0.006234930 0.015737220 0.009533730 0.002650780 0.009333980 0.007230530 0.009717410 0.002564700 0.004266780 0.014864450 0.008466990 0.004773660 0.004667720 0.005841750 0.002779050 0.008442890 0.019475420 0.008829170 0.015493950 0.008131490 0.006598320 0.010756390 0.003841160 0.015778840 0.011948250 0.010342230 0.004553360 0.005451520 0.001409710 0.001732410 0.009122630 0.001140320 0.002167990 0.007614870 0.010325790 0.007132690 0.004935200 0.007704670 
48     0.004546580 0.000827230 0.002969820 0.007072400 0.002637010 0.000104990 0.000034440 0.000000000 0.012193710 0.012423620 0.008667660 0.013287990 0.015355480 0.005701790 0.005741100 0.008624730 0.002120540 0.003161390 0.000446840 0.004875740 0.004473680 0.008613060 0.013123730 0.004014510 0.002277350 0.002171410 0.006340480 0.003347240 0.008401960 0.018556020 0.005757010 0.001115230 0.005059200 0.005666910 0.001658360 0.002757870 0.004884120 0.006732490 0.001005800 0.000845350 0.005482920 0.002109500 0.002130050 0.007582830 0.001644730 0.004763540 0.004033550 0.006941710 0.007754490 0.002523680 0.006506440 
27     0.002690330 0.024185120 0.013819350 0.008629400 0.002558830 0.024486400 0.013744330 0.012193710 0.000000000 0.004228350 0.004005630 0.009443250 0.000986720 0.004992680 0.011190920 0.008043730 0.008510320 0.003989150 0.011848400 0.001368030 0.003093500 0.010752210 0.015626360 0.006125720 0.020279810 0.023770530 0.013508150 0.011176280 0.015139810 0.014556700 0.017570580 0.017669720 0.003912530 0.019857000 0.007139230 0.013788160 0.008541570 0.008021580 0.025361990 0.013159740 0.005755300 0.000556350 0.019759660 0.008287240 0.006267520 0.020168930 0.026566830 0.002984950 0.005193080 0.010111320 0.012361230 
35     0.026550990 0.014858660 0.004893580 0.015840120 0.012190250 0.004041310 0.013208910 0.012423620 0.004228350 0.000000000 0.002362380 0.003819330 0.002757530 0.003098330 0.023013660 0.013480520 0.016586960 0.010086260 0.019851850 0.004358260 0.014465640 0.027187600 0.022807240 0.008787360 0.046928740 0.000520780 0.008708570 0.010661270 0.012342690 0.010824370 0.031932560 0.002860500 0.006321240 0.019122900 0.002009170 0.020892560 0.017138910 0.027122630 0.031695990 0.031283420 0.013776800 0.005678550 0.007242730 0.025795160 0.021334690 0.005610200 0.028463190 0.015760950 0.002485660 0.000805860 0.039266590 
16     0.008820780 0.008890800 0.005302640 0.016665540 0.002473400 0.008620360 0.011689070 0.008667660 0.004005630 0.002362380 0.000000000 0.005797230 0.004031410 0.011945320 0.019865810 0.002396130 0.007585100 0.008174200 0.006474800 0.002882460 0.005666600 0.003741630 0.013467150 0.026750760 0.021092370 0.036395280 0.007882560 0.031871920 0.013575210 0.010890770 0.016856610 0.021840840 0.011660410 0.007364560 0.008503790 0.000407270 0.003148420 0.004580260 0.018570700 0.008800700 0.007026950 0.001912890 0.024787680 0.006178040 0.020173660 0.021292890 0.014335510 0.001776690 0.004415650 0.009425790 0.014992810 
30     0.005748120 0.013940000 0.010743720 0.007494750 0.013278830 0.004747110 0.013340950 0.013287990 0.009443250 0.003819330 0.005797230 0.000000000 0.000049900 0.007982170 0.015491610 0.007321100 0.010705840 0.000292330 0.004955960 0.011563450 0.007677490 0.013512990 0.002355990 0.015555420 0.030002940 0.027580560 0.003776280 0.009658230 0.002296110 0.004035700 0.001862130 0.013868330 0.003919980 0.012000130 0.016936950 0.007026810 0.010802910 0.009970400 0.019543540 0.017182110 0.006820420 0.005782130 0.015696130 0.008075350 0.016405800 0.018405980 0.020526470 0.008700520 0.017271530 0.008195420 0.018135780 
14     0.004763250 0.013535230 0.006300690 0.005559240 0.002434760 0.010002230 0.015798780 0.015355480 0.000986720 0.002757530 0.004031410 0.000049900 0.000000000 0.004923180 0.003401990 0.002685540 0.005884930 0.002399680 0.002511120 0.013193430 0.002624040 0.013059190 0.003721450 0.015157610 0.030305120 0.026960310 0.004078460 0.000723510 0.002884640 0.003345020 0.003441050 0.012639290 0.003170600 0.019227680 0.011171510 0.019189370 0.001180690 0.004883100 0.018286140 0.004395740 0.005574930 0.004974890 0.010764940 0.003458580 0.014066260 0.025226550 0.018066640 0.007893280 0.004760290 0.007377500 0.014373610 
8     0.016598460 0.010180710 0.017715560 0.018323520 0.008340820 0.008396410 0.006234930 0.005701790 0.004992680 0.003098330 0.011945320 0.007982170 0.004923180 0.000000000 0.005479240 0.003956300 0.005760940 0.002221490 0.005336900 0.011066700 0.013784050 0.009987040 0.012313630 0.011084890 0.015355250 0.020976340 0.010108130 0.014126430 0.017208540 0.022099550 0.003645240 0.006329400 0.008160470 0.022268350 0.026217800 0.004439870 0.003616300 0.021584300 0.018712140 0.018299570 0.016792280 0.004943150 0.015978500 0.007550260 0.009650600 0.017367480 0.004292520 0.003768750 0.017461530 0.009400150 0.027373000 
42     0.008474710 0.010347300 0.003403330 0.011721190 0.010664010 0.015932050 0.015737220 0.005741100 0.011190920 0.023013660 0.019865810 0.015491610 0.003401990 0.005479240 0.000000000 0.000381430 0.000042170 0.001341100 0.001861060 0.002874720 0.001798950 0.012386190 0.008293800 0.008645920 0.009781280 0.010601610 0.004828590 0.011608570 0.018960270 0.010719310 0.004746770 0.007020810 0.009206370 0.009670360 0.015344600 0.010275310 0.001843330 0.015625740 0.010097560 0.009684990 0.007598310 0.004995080 0.008475840 0.000974290 0.015832820 0.014797690 0.007173990 0.009570670 0.035884590 0.001195910 0.015191130 
47     0.002011640 0.008831960 0.015543240 0.000862620 0.000086930 0.014716460 0.009533730 0.008624730 0.008043730 0.013480520 0.002396130 0.007321100 0.002685540 0.003956300 0.000381430 0.000000000 0.000152480 0.005581620 0.005566850 0.005051370 0.005027310 0.010489830 0.006550340 0.009324970 0.013114050 0.013377730 0.002375160 0.020283970 0.008429150 0.020141920 0.000825540 0.002073990 0.007815840 0.004672950 0.005781290 0.004181970 0.007777290 0.003892600 0.015195110 0.015386420 0.001893290 0.002788250 0.001166530 0.009167760 0.011699430 0.005552810 0.005546340 0.007582100 0.009211010 0.001789110 0.012131250 
26     0.008999040 0.007541570 0.006027160 0.010290350 0.002739350 0.016544440 0.002650780 0.002120540 0.008510320 0.016586960 0.007585100 0.010705840 0.005884930 0.005760940 0.000042170 0.000152480 0.000000000 0.001916900 0.001902130 0.009884330 0.000343850 0.008128880 0.002702630 0.008982550 0.006150160 0.006663410 0.011875290 0.003183240 0.007384820 0.011743480 0.008948570 0.006418020 0.011263930 0.009928390 0.008277060 0.002295800 0.002373510 0.010713820 0.008712000 0.008299430 0.005756500 0.005869970 0.014519430 0.002178810 0.016298830 0.014273200 0.008770100 0.000586200 0.021146730 0.018266590 0.006129650 
29     0.003129790 0.003888950 0.003613220 0.001192070 0.003395960 0.001482280 0.009333980 0.003161390 0.003989150 0.010086260 0.008174200 0.000292330 0.002399680 0.002221490 0.001341100 0.005581620 0.001916900 0.000000000 0.000226350 0.001374140 0.002865540 0.001581130 0.004233850 0.010335480 0.009126690 0.009387120 0.016270040 0.005668610 0.016628050 0.011795960 0.002834810 0.004247270 0.005469830 0.000417800 0.003004970 0.003964030 0.001213140 0.002249380 0.005187170 0.004614350 0.006193510 0.000906640 0.005543580 0.004938240 0.007496720 0.003130400 0.001634380 0.010297390 0.005761140 0.010626230 0.007589350 
10     0.016884050 0.005995910 0.008916970 0.002626450 0.007562960 0.012624970 0.007230530 0.000446840 0.011848400 0.019851850 0.006474800 0.004955960 0.002511120 0.005336900 0.001861060 0.005566850 0.001902130 0.000226350 0.000000000 0.001789140 0.001114540 0.004382480 0.002650820 0.004569600 0.004069520 0.004329950 0.021310320 0.015689930 0.022580620 0.018820500 0.003157620 0.003536200 0.006612770 0.019066650 0.011190980 0.004124900 0.015163630 0.008819320 0.010195600 0.009589500 0.004083560 0.007372940 0.005082980 0.001059790 0.009826320 0.006929930 0.006188400 0.020835860 0.020106230 0.016836760 0.001018080 
6     0.007053460 0.010596480 0.002304070 0.010665410 0.019287850 0.012257420 0.009717410 0.004875740 0.001368030 0.004358260 0.002882460 0.011563450 0.013193430 0.011066700 0.002874720 0.005051370 0.009884330 0.001374140 0.001789140 0.000000000 0.001519730 0.000892970 0.006246660 0.007432540 0.008857280 0.008917360 0.016407830 0.011209390 0.007905890 0.007335560 0.008839660 0.007778460 0.003781100 0.011939230 0.009003350 0.002446590 0.008675750 0.022073850 0.002613220 0.020225390 0.018863680 0.005522670 0.010484740 0.004319310 0.000465580 0.005594990 0.012764830 0.021190710 0.017624760 0.001624500 0.010902440 
45     0.017399010 0.020777250 0.005490990 0.013285810 0.000552370 0.014191890 0.002564700 0.004473680 0.003093500 0.014465640 0.005666600 0.007677490 0.002624040 0.013784050 0.001798950 0.005027310 0.000343850 0.002865540 0.001114540 0.001519730 0.000000000 0.000147250 0.000865080 0.004931510 0.014727620 0.015243210 0.002741920 0.019622320 0.011689170 0.018486540 0.009865900 0.011831540 0.002173450 0.013876690 0.004647880 0.006634270 0.008438150 0.012043880 0.004670590 0.007678440 0.007575200 0.001834060 0.001754430 0.001525430 0.003423110 0.009710900 0.011098220 0.011218670 0.013268320 0.003913410 0.023545040 
50     0.011895210 0.007708730 0.008708960 0.016144730 0.000410080 0.010353770 0.004266780 0.008613060 0.010752210 0.027187600 0.003741630 0.013512990 0.013059190 0.009987040 0.012386190 0.010489830 0.008128880 0.001581130 0.004382480 0.000892970 0.000147250 0.000000000 0.005286720 0.011344490 0.016684940 0.017505270 0.015870080 0.007339910 0.027807990 0.024781990 0.004649190 0.014986570 0.002031160 0.008345560 0.016175230 0.013150610 0.005400760 0.014300940 0.011523440 0.019145730 0.004863770 0.008632760 0.003876870 0.001947250 0.015145170 0.013833890 0.004930910 0.013385310 0.021219290 0.010310850 0.010213930 
24     0.025363870 0.002851540 0.001567120 0.001525570 0.004546000 0.014784470 0.014864450 0.013123730 0.015626360 0.022807240 0.013467150 0.002355990 0.003721450 0.012313630 0.008293800 0.006550340 0.002702630 0.004233850 0.002650820 0.006246660 0.000865080 0.005286720 0.000000000 0.022220690 0.016601020 0.017421350 0.003790130 0.015163550 0.009956290 0.011922690 0.012047400 0.009413380 0.007297410 0.007909580 0.022991890 0.005639310 0.009520720 0.002248270 0.002321380 0.008349700 0.013464030 0.010793270 0.000241110 0.023721220 0.020202390 0.005191160 0.007953720 0.007563480 0.022813790 0.017547140 0.016745380 
37     0.016668370 0.001835410 0.010198920 0.005333160 0.009315880 0.011262920 0.008466990 0.004014510 0.006125720 0.008787360 0.026750760 0.015555420 0.015157610 0.011084890 0.008645920 0.009324970 0.008982550 0.010335480 0.004569600 0.007432540 0.004931510 0.011344490 0.022220690 0.000000000 0.007752350 0.009943970 0.001092260 0.001824210 0.005733100 0.006129940 0.011732100 0.002569860 0.005527940 0.015410090 0.019573560 0.001632690 0.003064120 0.007245340 0.009223220 0.011805970 0.007269640 0.006050730 0.004620360 0.000322550 0.011641120 0.002093600 0.001587280 0.020922640 0.010756740 0.019332230 0.001902240 
17     0.006471060 0.018690970 0.010795560 0.001836330 0.010559470 0.021175340 0.004773660 0.002277350 0.020279810 0.046928740 0.021092370 0.030002940 0.030305120 0.015355250 0.009781280 0.013114050 0.006150160 0.009126690 0.004069520 0.008857280 0.014727620 0.016684940 0.016601020 0.007752350 0.000000000 0.000130700 0.002970660 0.003309870 0.010598870 0.011255430 0.009515770 0.006972690 0.009857770 0.008560140 0.005479160 0.021355760 0.009819220 0.014515520 0.007842160 0.012361330 0.006730010 0.005404450 0.011732060 0.016266060 0.018128350 0.017740840 0.023215570 0.019860590 0.022483450 0.007068790 0.025732160 
22     0.015107840 0.024464990 0.011922590 0.002164380 0.010394290 0.018326760 0.004667720 0.002171410 0.023770530 0.000520780 0.036395280 0.027580560 0.026960310 0.020976340 0.010601610 0.013377730 0.006663410 0.009387120 0.004329950 0.008917360 0.015243210 0.017505270 0.017421350 0.009943970 0.000130700 0.000000000 0.003790990 0.011058020 0.006399400 0.005376000 0.010336100 0.005781420 0.010678100 0.009380470 0.005843850 0.028283040 0.010489110 0.015335850 0.008262620 0.015470310 0.026799200 0.007089790 0.016718470 0.014703720 0.018106320 0.017718810 0.015895260 0.020596900 0.025603200 0.007332130 0.048584520 
15     0.013702030 0.003347820 0.008266240 0.013660050 0.002606180 0.008709030 0.005841750 0.006340480 0.013508150 0.008708570 0.007882560 0.003776280 0.004078460 0.010108130 0.004828590 0.002375160 0.011875290 0.016270040 0.021310320 0.016407830 0.002741920 0.015870080 0.003790130 0.001092260 0.002970660 0.003790990 0.000000000 0.001810880 0.005043170 0.005425760 0.007889590 0.001638580 0.002419830 0.007745280 0.005040320 0.006706950 0.001660050 0.003040560 0.005311060 0.004020050 0.005750330 0.008040960 0.000952890 0.001999960 0.006371550 0.009524230 0.002694300 0.007023010 0.018635900 0.010628120 0.016417110 
18     0.003445610 0.016028330 0.003454590 0.018326070 0.013872900 0.014976480 0.002779050 0.003347240 0.011176280 0.010661270 0.031871920 0.009658230 0.000723510 0.014126430 0.011608570 0.020283970 0.003183240 0.005668610 0.015689930 0.011209390 0.019622320 0.007339910 0.015163550 0.001824210 0.003309870 0.011058020 0.001810880 0.000000000 0.001059880 0.001959600 0.004648110 0.001397220 0.010455700 0.019217820 0.012142990 0.004682730 0.004656320 0.002811690 0.005101180 0.019680720 0.007312140 0.005948690 0.021822190 0.020293980 0.003074080 0.008773930 0.009536540 0.017147010 0.010416120 0.013582300 0.003901990 
28     0.012117050 0.010714110 0.005203030 0.018286130 0.003763080 0.014936540 0.008442890 0.008401960 0.015139810 0.012342690 0.013575210 0.002296110 0.002884640 0.017208540 0.018960270 0.008429150 0.007384820 0.016628050 0.022580620 0.007905890 0.011689170 0.027807990 0.009956290 0.005733100 0.010598870 0.006399400 0.005043170 0.001059880 0.000000000 0.000190120 0.002356560 0.009657830 0.002066920 0.007979610 0.003689800 0.009218770 0.008831940 0.008394470 0.010397250 0.009331020 0.010095120 0.006538780 0.005983800 0.013061950 0.007740190 0.009273770 0.009468930 0.016312520 0.006344130 0.022462720 0.016559750 
49     0.005243850 0.012434930 0.008506970 0.012056060 0.006100500 0.011040740 0.019475420 0.018556020 0.014556700 0.010824370 0.010890770 0.004035700 0.003345020 0.022099550 0.010719310 0.020141920 0.011743480 0.011795960 0.018820500 0.007335560 0.018486540 0.024781990 0.011922690 0.006129940 0.011255430 0.005376000 0.005425760 0.001959600 0.000190120 0.000000000 0.006748940 0.010832970 0.018943590 0.016900560 0.005243360 0.007306460 0.012759240 0.016487740 0.010572200 0.007979160 0.007291370 0.017962330 0.003797040 0.012905840 0.007046300 0.008314460 0.005706500 0.017872470 0.005998540 0.022117130 0.020061950 
20     0.002776910 0.005863040 0.008863750 0.012528850 0.001984270 0.004898320 0.008829170 0.005757010 0.017570580 0.031932560 0.016856610 0.001862130 0.003441050 0.003645240 0.004746770 0.000825540 0.008948570 0.002834810 0.003157620 0.008839660 0.009865900 0.004649190 0.012047400 0.011732100 0.009515770 0.010336100 0.007889590 0.004648110 0.002356560 0.006748940 0.000000000 0.001121410 0.010702480 0.009404850 0.007863320 0.005871240 0.003036360 0.008670310 0.002165650 0.002550560 0.003376440 0.005971560 0.010966800 0.000973950 0.017437400 0.028366300 0.000778170 0.012967950 0.002643860 0.000128120 0.018528960 
9     0.002915310 0.009283260 0.010116310 0.013084460 0.004005090 0.002857180 0.015493950 0.001115230 0.017669720 0.002860500 0.021840840 0.013868330 0.012639290 0.006329400 0.007020810 0.002073990 0.006418020 0.004247270 0.003536200 0.007778460 0.011831540 0.014986570 0.009413380 0.002569860 0.006972690 0.005781420 0.001638580 0.001397220 0.009657830 0.010832970 0.001121410 0.000000000 0.007678010 0.006861770 0.008741670 0.000550410 0.000995220 0.003657220 0.003990370 0.004282390 0.011313980 0.005677480 0.013491760 0.007026610 0.008093150 0.022250080 0.006716570 0.003329030 0.003270010 0.006245180 0.015718930 
33     0.012833830 0.002718460 0.002382070 0.004224460 0.001621240 0.003677850 0.008131490 0.005059200 0.003912530 0.006321240 0.011660410 0.003919980 0.003170600 0.008160470 0.009206370 0.007815840 0.011263930 0.005469830 0.006612770 0.003781100 0.002173450 0.002031160 0.007297410 0.005527940 0.009857770 0.010678100 0.002419830 0.010455700 0.002066920 0.018943590 0.010702480 0.007678010 0.000000000 0.001345130 0.000847750 0.013411530 0.002604210 0.005553110 0.006962560 0.005188930 0.001624220 0.006670440 0.006471890 0.000577890 0.006830160 0.009793380 0.009198910 0.010302170 0.006859250 0.013503440 0.007115040 
43     0.025959300 0.011253670 0.007743920 0.017403000 0.011253160 0.024995350 0.006598320 0.005666910 0.019857000 0.019122900 0.007364560 0.012000130 0.019227680 0.022268350 0.009670360 0.004672950 0.009928390 0.000417800 0.019066650 0.011939230 0.013876690 0.008345560 0.007909580 0.015410090 0.008560140 0.009380470 0.007745280 0.019217820 0.007979610 0.016900560 0.009404850 0.006861770 0.001345130 0.000000000 0.001356890 0.009316550 0.001304700 0.006001000 0.011401090 0.011590620 0.018067110 0.015068020 0.010498950 0.016099830 0.013601230 0.015294480 0.003169580 0.015369790 0.012278550 0.022118180 0.008458020 
11     0.009582510 0.020630490 0.002030900 0.006707010 0.006323310 0.000773770 0.010756390 0.001658360 0.007139230 0.002009170 0.008503790 0.016936950 0.011171510 0.026217800 0.015344600 0.005781290 0.008277060 0.003004970 0.011190980 0.009003350 0.004647880 0.016175230 0.022991890 0.019573560 0.005479160 0.005843850 0.005040320 0.012142990 0.003689800 0.005243360 0.007863320 0.008741670 0.000847750 0.001356890 0.000000000 0.004481610 0.001495040 0.004762680 0.003248670 0.003369410 0.003396060 0.010303040 0.006241180 0.005704720 0.008068570 0.016238780 0.009341380 0.000308200 0.024757980 0.007052830 0.001375610 
44     0.004455310 0.006359530 0.017353490 0.009546140 0.005262260 0.000678890 0.003841160 0.002757870 0.013788160 0.020892560 0.000407270 0.007026810 0.019189370 0.004439870 0.010275310 0.004181970 0.002295800 0.003964030 0.004124900 0.002446590 0.006634270 0.013150610 0.005639310 0.001632690 0.021355760 0.028283040 0.006706950 0.004682730 0.009218770 0.007306460 0.005871240 0.000550410 0.013411530 0.009316550 0.004481610 0.000000000 0.001418290 0.001485940 0.019453060 0.020714030 0.015122500 0.002191380 0.003709420 0.005625010 0.009379250 0.011379430 0.016513820 0.012410620 0.017954400 0.001688800 0.007689340 
32     0.003837800 0.003831900 0.010643150 0.008983850 0.000600830 0.002295300 0.015778840 0.004884120 0.008541570 0.017138910 0.003148420 0.010802910 0.001180690 0.003616300 0.001843330 0.007777290 0.002373510 0.001213140 0.015163630 0.008675750 0.008438150 0.005400760 0.009520720 0.003064120 0.009819220 0.010489110 0.001660050 0.004656320 0.008831940 0.012759240 0.003036360 0.000995220 0.002604210 0.001304700 0.001495040 0.001418290 0.000000000 0.000159660 0.018508690 0.000466710 0.002274960 0.002210930 0.002979890 0.010319350 0.014457880 0.009223510 0.010642390 0.016861250 0.013992680 0.008827200 0.015925940 
41     0.010657090 0.004701130 0.004312850 0.012372780 0.004213910 0.005987790 0.011948250 0.006732490 0.008021580 0.027122630 0.004580260 0.009970400 0.004883100 0.021584300 0.015625740 0.003892600 0.010713820 0.002249380 0.008819320 0.022073850 0.012043880 0.014300940 0.002248270 0.007245340 0.014515520 0.015335850 0.003040560 0.002811690 0.008394470 0.016487740 0.008670310 0.003657220 0.005553110 0.006001000 0.004762680 0.001485940 0.000159660 0.000000000 0.007435240 0.008803310 0.000818150 0.003018060 0.003787180 0.004743450 0.009006620 0.008130180 0.003554670 0.030486870 0.011504850 0.011191680 0.002018060 
23     0.009130450 0.019800000 0.004623110 0.002925790 0.011490720 0.001916410 0.010342230 0.001005800 0.025361990 0.031695990 0.018570700 0.019543540 0.018286140 0.018712140 0.010097560 0.015195110 0.008712000 0.005187170 0.010195600 0.002613220 0.004670590 0.011523440 0.002321380 0.009223220 0.007842160 0.008262620 0.005311060 0.005101180 0.010397250 0.010572200 0.002165650 0.003990370 0.006962560 0.011401090 0.003248670 0.019453060 0.018508690 0.007435240 0.000000000 0.000389100 0.001139600 0.011950330 0.013080690 0.008410780 0.014073740 0.006343540 0.001818380 0.007498710 0.027159740 0.013623650 0.025109460 
19     0.013337260 0.019387430 0.004539360 0.002713260 0.000386170 0.001343590 0.004553360 0.000845350 0.013159740 0.031283420 0.008800700 0.017182110 0.004395740 0.018299570 0.009684990 0.015386420 0.008299430 0.004614350 0.009589500 0.020225390 0.007678440 0.019145730 0.008349700 0.011805970 0.012361330 0.015470310 0.004020050 0.019680720 0.009331020 0.007979160 0.002550560 0.004282390 0.005188930 0.011590620 0.003369410 0.020714030 0.000466710 0.008803310 0.000389100 0.000000000 0.001373490 0.011630980 0.013157510 0.004866750 0.013824630 0.006094430 0.002203290 0.007783270 0.026943790 0.018039280 0.024632920 
7     0.005385180 0.003650550 0.010248550 0.017148070 0.004854610 0.010992220 0.005451520 0.005482920 0.005755300 0.013776800 0.007026950 0.006820420 0.005574930 0.016792280 0.007598310 0.001893290 0.005756500 0.006193510 0.004083560 0.018863680 0.007575200 0.004863770 0.013464030 0.007269640 0.006730010 0.026799200 0.005750330 0.007312140 0.010095120 0.007291370 0.003376440 0.011313980 0.001624220 0.018067110 0.003396060 0.015122500 0.002274960 0.000818150 0.001139600 0.001373490 0.000000000 0.009756120 0.015362500 0.000177830 0.008501380 0.001536610 0.002717430 0.012352320 0.027945380 0.016841420 0.025037410 
13     0.012625410 0.003852680 0.000616220 0.003761180 0.000884320 0.001686810 0.001409710 0.002109500 0.000556350 0.005678550 0.001912890 0.005782130 0.004974890 0.004943150 0.004995080 0.002788250 0.005869970 0.000906640 0.007372940 0.005522670 0.001834060 0.008632760 0.010793270 0.006050730 0.005404450 0.007089790 0.008040960 0.005948690 0.006538780 0.017962330 0.005971560 0.005677480 0.006670440 0.015068020 0.010303040 0.002191380 0.002210930 0.003018060 0.011950330 0.011630980 0.009756120 0.000000000 0.000446380 0.002676810 0.001818400 0.003487540 0.003374140 0.006040190 0.002102460 0.007193850 0.005641340 
40     0.011243270 0.006045180 0.009653940 0.001857810 0.013574090 0.002808440 0.001732410 0.002130050 0.019759660 0.007242730 0.024787680 0.015696130 0.010764940 0.015978500 0.008475840 0.001166530 0.014519430 0.005543580 0.005082980 0.010484740 0.001754430 0.003876870 0.000241110 0.004620360 0.011732060 0.016718470 0.000952890 0.021822190 0.005983800 0.003797040 0.010966800 0.013491760 0.006471890 0.010498950 0.006241180 0.003709420 0.002979890 0.003787180 0.013080690 0.013157510 0.015362500 0.000446380 0.000000000 0.000837040 0.004438670 0.005935150 0.003265730 0.007656880 0.002544810 0.012374180 0.024307450 
31     0.002920050 0.006630720 0.002488030 0.009212610 0.003088040 0.011923490 0.009122630 0.007582830 0.008287240 0.025795160 0.006178040 0.008075350 0.003458580 0.007550260 0.000974290 0.009167760 0.002178810 0.004938240 0.001059790 0.004319310 0.001525430 0.001947250 0.023721220 0.000322550 0.016266060 0.014703720 0.001999960 0.020293980 0.013061950 0.012905840 0.000973950 0.007026610 0.000577890 0.016099830 0.005704720 0.005625010 0.010319350 0.004743450 0.008410780 0.004866750 0.000177830 0.002676810 0.000837040 0.000000000 0.002786640 0.001094670 0.002734720 0.005081210 0.001729990 0.013690790 0.002906770 
36     0.005889760 0.016631290 0.002450130 0.010646290 0.002760110 0.011679730 0.001140320 0.001644730 0.006267520 0.021334690 0.020173660 0.016405800 0.014066260 0.009650600 0.015832820 0.011699430 0.016298830 0.007496720 0.009826320 0.000465580 0.003423110 0.015145170 0.020202390 0.011641120 0.018128350 0.018106320 0.006371550 0.003074080 0.007740190 0.007046300 0.017437400 0.008093150 0.006830160 0.013601230 0.008068570 0.009379250 0.014457880 0.009006620 0.014073740 0.013824630 0.008501380 0.001818400 0.004438670 0.002786640 0.000000000 0.000773170 0.008314370 0.003363490 0.004622270 0.014075410 0.009074220 
46     0.009407340 0.007656190 0.008502240 0.002691190 0.003286780 0.005545000 0.002167990 0.004763540 0.020168930 0.005610200 0.021292890 0.018405980 0.025226550 0.017367480 0.014797690 0.005552810 0.014273200 0.003130400 0.006929930 0.005594990 0.009710900 0.013833890 0.005191160 0.002093600 0.017740840 0.017718810 0.009524230 0.008773930 0.009273770 0.008314460 0.028366300 0.022250080 0.009793380 0.015294480 0.016238780 0.011379430 0.009223510 0.008130180 0.006343540 0.006094430 0.001536610 0.003487540 0.005935150 0.001094670 0.000773170 0.000000000 0.007832830 0.012597040 0.010913530 0.036563270 0.014765400 
34     0.003019010 0.009600280 0.007928230 0.005022130 0.004325010 0.015397650 0.007614870 0.004033550 0.026566830 0.028463190 0.014335510 0.020526470 0.018066640 0.004292520 0.007173990 0.005546340 0.008770100 0.001634380 0.006188400 0.012764830 0.011098220 0.004930910 0.007953720 0.001587280 0.023215570 0.015895260 0.002694300 0.009536540 0.009468930 0.005706500 0.000778170 0.006716570 0.009198910 0.003169580 0.009341380 0.016513820 0.010642390 0.003554670 0.001818380 0.002203290 0.002717430 0.003374140 0.003265730 0.002734720 0.008314370 0.007832830 0.000000000 0.012997770 0.010284810 0.010944180 0.020536770 
25     0.007428310 0.008622960 0.009926060 0.010155820 0.011376820 0.002538350 0.010325790 0.006941710 0.002984950 0.015760950 0.001776690 0.008700520 0.007893280 0.003768750 0.009570670 0.007582100 0.000586200 0.010297390 0.020835860 0.021190710 0.011218670 0.013385310 0.007563480 0.020922640 0.019860590 0.020596900 0.007023010 0.017147010 0.016312520 0.017872470 0.012967950 0.003329030 0.010302170 0.015369790 0.000308200 0.012410620 0.016861250 0.030486870 0.007498710 0.007783270 0.012352320 0.006040190 0.007656880 0.005081210 0.003363490 0.012597040 0.012997770 0.000000000 0.003512780 0.000534440 0.019589090 
38     0.013568490 0.015523110 0.012331030 0.013876150 0.015859520 0.023830890 0.007132690 0.007754490 0.005193080 0.002485660 0.004415650 0.017271530 0.004760290 0.017461530 0.035884590 0.009211010 0.021146730 0.005761140 0.020106230 0.017624760 0.013268320 0.021219290 0.022813790 0.010756740 0.022483450 0.025603200 0.018635900 0.010416120 0.006344130 0.005998540 0.002643860 0.003270010 0.006859250 0.012278550 0.024757980 0.017954400 0.013992680 0.011504850 0.027159740 0.026943790 0.027945380 0.002102460 0.002544810 0.001729990 0.004622270 0.010913530 0.010284810 0.003512780 0.000000000 0.001453650 0.013132810 
2     0.017964370 0.004172830 0.006177600 0.010946990 0.019484500 0.017560260 0.004935200 0.002523680 0.010111320 0.000805860 0.009425790 0.008195420 0.007377500 0.009400150 0.001195910 0.001789110 0.018266590 0.010626230 0.016836760 0.001624500 0.003913410 0.010310850 0.017547140 0.019332230 0.007068790 0.007332130 0.010628120 0.013582300 0.022462720 0.022117130 0.000128120 0.006245180 0.013503440 0.022118180 0.007052830 0.001688800 0.008827200 0.011191680 0.013623650 0.018039280 0.016841420 0.007193850 0.012374180 0.013690790 0.014075410 0.036563270 0.010944180 0.000534440 0.001453650 0.000000000 0.009708630 
0     0.004335470 0.001106210 0.008571010 0.010130870 0.003840200 0.000632990 0.007704670 0.006506440 0.012361230 0.039266590 0.014992810 0.018135780 0.014373610 0.027373000 0.015191130 0.012131250 0.006129650 0.007589350 0.001018080 0.010902440 0.023545040 0.010213930 0.016745380 0.001902240 0.025732160 0.048584520 0.016417110 0.003901990 0.016559750 0.020061950 0.018528960 0.015718930 0.007115040 0.008458020 0.001375610 0.007689340 0.015925940 0.002018060 0.025109460 0.024632920 0.025037410 0.005641340 0.024307450 0.002906770 0.009074220 0.014765400 0.020536770 0.019589090 0.013132810 0.009708630 0.000000000 
