51
1     0.000000000 0.259305671 0.202229196 0.214872253 0.207332345 0.209113296 0.193553701 0.190394690 0.264271851 0.263828146 0.231539138 0.228419962 0.227583442 0.268168094 0.234887345 0.220465550 0.228198155 0.243162683 0.251746824 0.250380917 0.245118435 0.255561220 0.256491647 0.234689835 0.270447802 0.270712275 0.237836390 0.253917923 0.251418183 0.253556029 0.225609500 0.225755049 0.222287051 0.253412248 0.225377438 0.226381377 0.228746712 0.235043473 0.220114232 0.220405041 0.207240047 0.216000498 0.224123525 0.198791467 0.217240662 0.218358305 0.219082824 0.248048481 0.263682938 0.252127868 0.385668396 
5     0.259305671 0.000000000 0.213964328 0.226060665 0.218516332 0.215910709 0.201528931 0.199392983 0.297339240 0.297230666 0.263750331 0.260359110 0.259636122 0.299200406 0.267242356 0.251865492 0.260614886 0.273045290 0.281757097 0.282934785 0.275773567 0.287852426 0.287899338 0.263258053 0.298674058 0.299004304 0.264370010 0.282868307 0.280765251 0.283221494 0.252485136 0.251111437 0.249733655 0.280917120 0.252068170 0.256612455 0.256983302 0.262665493 0.250836169 0.251152844 0.238327273 0.244313108 0.251042546 0.226186823 0.244048327 0.245104131 0.247391282 0.279073579 0.292995437 0.282494669 0.419750456 
3     0.202229196 0.213964328 0.000000000 0.065276682 0.165980971 0.163386502 0.146236939 0.143573719 0.238976126 0.236790982 0.205056831 0.202333308 0.201551967 0.239867887 0.206080412 0.192514409 0.202555206 0.214836049 0.224705216 0.225082021 0.218826217 0.228437555 0.231371996 0.205005359 0.239612103 0.239875949 0.206310232 0.223935118 0.222327413 0.224203968 0.195635346 0.195996325 0.192465004 0.226528998 0.196947290 0.199849231 0.199840424 0.206576567 0.191691170 0.192083237 0.180706127 0.187903352 0.195379107 0.171629168 0.186618623 0.188600695 0.189678236 0.222426887 0.236602061 0.226462844 0.362727182 
21     0.214872253 0.226060665 0.065276682 0.000000000 0.175473426 0.174359106 0.157093066 0.154526795 0.250141223 0.248445099 0.217484172 0.213438968 0.212599438 0.251748453 0.217191212 0.202994364 0.213762511 0.226067001 0.236061865 0.236637933 0.230793075 0.240055732 0.243847518 0.216434881 0.249663206 0.249800823 0.215962080 0.232834559 0.231416991 0.233373834 0.204917372 0.205656273 0.201850509 0.235440797 0.204760979 0.208257453 0.209262855 0.215430028 0.200257382 0.200604236 0.189581024 0.199149263 0.206883925 0.182707847 0.197141562 0.199124412 0.200052131 0.234033844 0.248286386 0.238526937 0.371389426 
39     0.207332345 0.218516332 0.165980971 0.175473426 0.000000000 0.160280772 0.144568778 0.141941360 0.247913495 0.249589218 0.215406795 0.213353224 0.212531801 0.249925037 0.217472386 0.200772330 0.210841757 0.221451448 0.230440963 0.232901030 0.226249720 0.235386905 0.239492442 0.212705382 0.246660676 0.246895086 0.212279309 0.233147064 0.230913120 0.233231199 0.202610545 0.202463970 0.197285093 0.234357749 0.203128239 0.204418775 0.207961006 0.213376995 0.198230153 0.198475084 0.185962279 0.197099779 0.204502635 0.180457018 0.195181148 0.195923616 0.198636184 0.226732432 0.243900574 0.233750997 0.364122533 
12     0.209113296 0.215910709 0.163386502 0.174359106 0.160280772 0.000000000 0.057917182 0.056070807 0.243209115 0.246027457 0.212418468 0.208734464 0.207934772 0.249022600 0.213677550 0.197315540 0.207865635 0.220420678 0.229793627 0.228811118 0.224555565 0.235119218 0.236120958 0.210869832 0.247093592 0.247353497 0.211602187 0.230583478 0.228535615 0.231416778 0.202021568 0.202500388 0.195496704 0.231514787 0.202129504 0.200999533 0.205171246 0.211374131 0.197809829 0.198132065 0.186918951 0.191142377 0.199000193 0.173693587 0.190076980 0.191274740 0.192022542 0.223163411 0.238298896 0.227016756 0.366937461 
4     0.193553701 0.201528931 0.146236939 0.157093066 0.144568778 0.057917182 0.000000000 0.012945587 0.225765440 0.228278460 0.195848926 0.191678465 0.190977475 0.231076404 0.195838627 0.179631267 0.190187908 0.203513321 0.213009201 0.211361232 0.207238673 0.217839256 0.219103977 0.195419357 0.231181073 0.231445210 0.196049929 0.214688669 0.212628748 0.215308400 0.185310663 0.185715132 0.177865654 0.214309517 0.184673210 0.184633996 0.188161526 0.194066479 0.180430092 0.180726753 0.169022891 0.176521801 0.183342913 0.159140059 0.175093754 0.176518421 0.176976633 0.208955694 0.223887161 0.212098313 0.351957183 
48     0.190394690 0.199392983 0.143573719 0.154526795 0.141941360 0.056070807 0.012945587 0.000000000 0.224870884 0.226775244 0.193626930 0.190253864 0.189511860 0.230240957 0.194687250 0.178684065 0.189181885 0.202327619 0.211855515 0.210806874 0.206167067 0.216606156 0.218103246 0.192938475 0.228760191 0.229024328 0.193568039 0.212053164 0.209885170 0.212625626 0.182239387 0.182920509 0.175711236 0.211852958 0.182336018 0.182161405 0.185689574 0.191696890 0.177804194 0.178122967 0.166509879 0.173411867 0.180291363 0.156312675 0.171930416 0.173355077 0.174037049 0.205878816 0.220545345 0.208974010 0.347267254 
27     0.264271851 0.297339240 0.238976126 0.250141223 0.247913495 0.243209115 0.225765440 0.224870884 0.000000000 0.196960785 0.168660185 0.161872691 0.161000562 0.220321380 0.204218935 0.190300163 0.197905724 0.224451802 0.236161945 0.233787254 0.228957005 0.238150204 0.243360405 0.269289122 0.303706610 0.304039757 0.272374664 0.288038914 0.287114474 0.289046286 0.261892781 0.258833363 0.254395227 0.289639879 0.260515397 0.263971788 0.264630803 0.270095447 0.253750229 0.254172723 0.242639827 0.253688833 0.260609389 0.235872585 0.251669002 0.253996252 0.253561105 0.287355796 0.303162271 0.292253970 0.434805726 
35     0.263828146 0.297230666 0.236790982 0.248445099 0.249589218 0.246027457 0.228278460 0.226775244 0.196960785 0.000000000 0.129790649 0.118560006 0.117838774 0.215636485 0.200891781 0.186860334 0.195975335 0.224230377 0.235829208 0.235790016 0.228962446 0.237699043 0.242548047 0.268805383 0.304142374 0.304325811 0.270587000 0.286591148 0.285352140 0.287132110 0.258415858 0.256256523 0.255069252 0.287688826 0.259341195 0.261812455 0.261887684 0.268599707 0.254934884 0.255270775 0.243788375 0.251520655 0.259976646 0.236746096 0.252307086 0.254136422 0.254499707 0.287369572 0.303577772 0.292040889 0.436365567 
16     0.231539138 0.263750331 0.205056831 0.217484172 0.215406795 0.212418468 0.195848926 0.193626930 0.168660185 0.129790649 0.000000000 0.090025540 0.089136959 0.189972207 0.174672210 0.158968913 0.170837855 0.196732475 0.207651868 0.207059813 0.200452132 0.209630646 0.214199402 0.238809233 0.277006209 0.277290494 0.241199770 0.260303389 0.258743394 0.260661632 0.229118500 0.227839886 0.225193836 0.258512865 0.230258262 0.231552244 0.231656039 0.239068005 0.225484607 0.225754334 0.214553862 0.220568484 0.229397392 0.205682409 0.221303074 0.223150975 0.223304949 0.257208352 0.272788349 0.261370476 0.404182507 
30     0.228419962 0.260359110 0.202333308 0.213438968 0.213353224 0.208734464 0.191678465 0.190253864 0.161872691 0.118560006 0.090025540 0.000000000 0.022214684 0.183145734 0.167594899 0.153488302 0.162434523 0.190237951 0.200925956 0.200415148 0.193636949 0.202896148 0.207517342 0.235031744 0.271427425 0.271690507 0.238324605 0.255238214 0.254021941 0.255568065 0.226060578 0.224319388 0.221139923 0.255344805 0.225830408 0.230216316 0.229572785 0.236520042 0.221507459 0.221800586 0.210632140 0.218861414 0.227104877 0.203159117 0.218918794 0.220555805 0.220300510 0.255264684 0.270517321 0.259041152 0.402833153 
14     0.227583442 0.259636122 0.201551967 0.212599438 0.212531801 0.207934772 0.190977475 0.189511860 0.161000562 0.117838774 0.089136959 0.022214684 0.000000000 0.182331520 0.166899963 0.152545352 0.161744556 0.189601723 0.200065267 0.200014563 0.193309581 0.202606154 0.206876512 0.233953472 0.270547998 0.270811080 0.237258383 0.254173144 0.253032703 0.254624792 0.225123190 0.223277180 0.220120286 0.254420752 0.225125344 0.229215713 0.229087928 0.235586816 0.220657241 0.220930269 0.209745258 0.218107053 0.226310196 0.202535204 0.218181000 0.219829175 0.219449364 0.254338454 0.269792027 0.258329637 0.401992566 
8     0.268168094 0.299200406 0.239867887 0.251748453 0.249925037 0.249022600 0.231076404 0.230240957 0.220321380 0.215636485 0.189972207 0.183145734 0.182331520 0.000000000 0.204649057 0.190007721 0.201226161 0.226729087 0.238737038 0.238742519 0.231503722 0.241779663 0.244836520 0.272192018 0.305751881 0.305990565 0.273300408 0.291015734 0.291188488 0.291961770 0.262398108 0.260420025 0.256020472 0.289901444 0.261394339 0.265310142 0.265210828 0.270880037 0.259469026 0.260002601 0.247459314 0.255311189 0.262171896 0.239350926 0.253812222 0.255348515 0.257498129 0.290612142 0.304357000 0.293000778 0.437551574 
42     0.234887345 0.267242356 0.206080412 0.217191212 0.217472386 0.213677550 0.195838627 0.194687250 0.204218935 0.200891781 0.174672210 0.167594899 0.166899963 0.204649057 0.000000000 0.097592532 0.107856680 0.192730141 0.200925644 0.202115756 0.196702263 0.206507734 0.209471723 0.240050386 0.276906079 0.277156630 0.244835095 0.259372712 0.257774666 0.258632008 0.229958973 0.229732641 0.225215860 0.259399693 0.230456402 0.232643138 0.233374962 0.239617608 0.226201040 0.226680698 0.213864680 0.223221297 0.229145597 0.204232221 0.222992979 0.224151081 0.222709596 0.256539856 0.272244253 0.261262514 0.399235756 
47     0.220465550 0.251865492 0.192514409 0.202994364 0.200772330 0.197315540 0.179631267 0.178684065 0.190300163 0.186860334 0.158968913 0.153488302 0.152545352 0.190007721 0.097592532 0.000000000 0.091444855 0.178348392 0.187194892 0.188501217 0.180927836 0.191229436 0.195329145 0.223366220 0.259658099 0.259885442 0.226609843 0.241314549 0.239661713 0.240688090 0.211542126 0.211190803 0.209209302 0.243464584 0.214053420 0.215704147 0.216288277 0.223075071 0.209282490 0.209730709 0.197001084 0.208267715 0.213998596 0.190179673 0.206092239 0.207839815 0.206272092 0.241295233 0.258156139 0.246685388 0.386183178 
26     0.228198155 0.260614886 0.202555206 0.213762511 0.210841757 0.207865635 0.190187908 0.189181885 0.197905724 0.195975335 0.170837855 0.162434523 0.161744556 0.201226161 0.107856680 0.091444855 0.000000000 0.187765732 0.195387167 0.197776733 0.190598977 0.200676986 0.205076930 0.231836537 0.268078973 0.268288588 0.235748781 0.250925873 0.249675949 0.250405549 0.223366196 0.221970780 0.218629571 0.252585999 0.223502444 0.226467034 0.227608406 0.234234202 0.217571065 0.218048000 0.206402407 0.216157893 0.222688772 0.197549232 0.216058226 0.217698762 0.215852735 0.250681271 0.266915637 0.256747837 0.393701164 
29     0.243162683 0.273045290 0.214836049 0.226067001 0.221451448 0.220420678 0.203513321 0.202327619 0.224451802 0.224230377 0.196732475 0.190237951 0.189601723 0.226729087 0.192730141 0.178348392 0.187765732 0.000000000 0.065136548 0.083886852 0.081211179 0.092236578 0.104164535 0.243449023 0.276543523 0.276817554 0.245344848 0.260744287 0.261252136 0.261363574 0.232235346 0.232306457 0.227137035 0.263297119 0.234311152 0.236315193 0.237044434 0.243153657 0.228493561 0.229170611 0.216456058 0.225728945 0.233292931 0.210740563 0.226756777 0.227752544 0.228782126 0.261529443 0.277558041 0.265764481 0.413121742 
10     0.251746824 0.281757097 0.224705216 0.236061865 0.230440963 0.229793627 0.213009201 0.211855515 0.236161945 0.235829208 0.207651868 0.200925956 0.200065267 0.238737038 0.200925644 0.187194892 0.195387167 0.065136548 0.000000000 0.089356448 0.086983644 0.101081294 0.112861281 0.253396003 0.285429346 0.285697907 0.254911046 0.271279225 0.270911257 0.272052508 0.243903240 0.242152477 0.235858410 0.272071940 0.243203536 0.244495795 0.245606854 0.252485026 0.237846356 0.238468426 0.225998939 0.236388312 0.243149156 0.221579385 0.237410333 0.238401093 0.240624925 0.268888815 0.286001623 0.273997616 0.420170828 
6     0.250380917 0.282934785 0.225082021 0.236637933 0.232901030 0.228811118 0.211361232 0.210806874 0.233787254 0.235790016 0.207059813 0.200415148 0.200014563 0.238742519 0.202115756 0.188501217 0.197776733 0.083886852 0.089356448 0.000000000 0.088171018 0.103865190 0.117969807 0.254764899 0.288087299 0.288373032 0.257480373 0.273579646 0.273254648 0.274187042 0.245973435 0.245011752 0.239455153 0.274573457 0.245145311 0.246853110 0.248326881 0.255327071 0.240422415 0.241233180 0.229598933 0.236484281 0.244201334 0.221952956 0.236770121 0.237908617 0.239733112 0.272187641 0.286965247 0.276061344 0.422115198 
45     0.245118435 0.275773567 0.218826217 0.230793075 0.226249720 0.224555565 0.207238673 0.206167067 0.228957005 0.228962446 0.200452132 0.193636949 0.193309581 0.231503722 0.196702263 0.180927836 0.190598977 0.081211179 0.086983644 0.088171018 0.000000000 0.087597916 0.108580790 0.246783512 0.279835977 0.280066130 0.248617228 0.265246356 0.264770686 0.266402613 0.237633970 0.236133921 0.231045719 0.266552106 0.238473894 0.240845706 0.242406173 0.248380375 0.232746736 0.233325964 0.221208868 0.229993583 0.235491371 0.214302254 0.230339289 0.231274030 0.232209280 0.264834953 0.281555626 0.269653341 0.414057624 
50     0.255561220 0.287852426 0.228437555 0.240055732 0.235386905 0.235119218 0.217839256 0.216606156 0.238150204 0.237699043 0.209630646 0.202896148 0.202606154 0.241779663 0.206507734 0.191229436 0.200676986 0.092236578 0.101081294 0.103865190 0.087597916 0.000000000 0.123620634 0.257949213 0.292354239 0.292628511 0.260826666 0.276086398 0.275597287 0.277156247 0.248114831 0.247638517 0.242889907 0.278642876 0.249748359 0.250574376 0.251833801 0.258253282 0.243326145 0.244023765 0.231559868 0.241538821 0.248386988 0.226615852 0.242716607 0.243782325 0.244531638 0.276705318 0.291288928 0.279613659 0.426032590 
24     0.256491647 0.287899338 0.231371996 0.243847518 0.239492442 0.236120958 0.219103977 0.218103246 0.243360405 0.242548047 0.214199402 0.207517342 0.206876512 0.244836520 0.209471723 0.195329145 0.205076930 0.104164535 0.112861281 0.117969807 0.108580790 0.123620634 0.000000000 0.258501976 0.293067867 0.293324155 0.262132684 0.277272591 0.277183177 0.278318690 0.249888630 0.249319730 0.243793863 0.277224676 0.250808606 0.250381067 0.252996584 0.259673008 0.244023308 0.244554500 0.232225672 0.243871294 0.250763947 0.228428200 0.245096963 0.246210188 0.247314701 0.277187208 0.293414142 0.281688690 0.425251922 
37     0.234689835 0.263258053 0.205005359 0.216434881 0.212705382 0.210869832 0.195419357 0.192938475 0.269289122 0.268805383 0.238809233 0.235031744 0.233953472 0.272192018 0.240050386 0.223366220 0.231836537 0.243449023 0.253396003 0.254764899 0.246783512 0.257949213 0.258501976 0.000000000 0.146385888 0.146902559 0.113977820 0.165864426 0.166339994 0.167112936 0.153837921 0.153089021 0.169866133 0.201069367 0.172472712 0.172642264 0.174174796 0.181777147 0.163061679 0.163307178 0.153094464 0.194057432 0.205135462 0.177326452 0.195642345 0.197197904 0.200614309 0.233283186 0.250740367 0.240650076 0.403208962 
17     0.270447802 0.298674058 0.239612103 0.249663206 0.246660676 0.247093592 0.231181073 0.228760191 0.303706610 0.304142374 0.277006209 0.271427425 0.270547998 0.305751881 0.276906079 0.259658099 0.268078973 0.276543523 0.285429346 0.288087299 0.279835977 0.292354239 0.293067867 0.146385888 0.000000000 0.046288966 0.101827825 0.197968774 0.197998253 0.200125625 0.186149093 0.186980660 0.203756386 0.235301424 0.206166793 0.205419161 0.206507276 0.214576009 0.196314357 0.196958993 0.186667506 0.230432888 0.240548001 0.214641188 0.231020872 0.232588734 0.236231059 0.271489958 0.287005778 0.277292640 0.437012337 
22     0.270712275 0.299004304 0.239875949 0.249800823 0.246895086 0.247353497 0.231445210 0.229024328 0.304039757 0.304325811 0.277290494 0.271690507 0.270811080 0.305990565 0.277156630 0.259885442 0.268288588 0.276817554 0.285697907 0.288373032 0.280066130 0.292628511 0.293324155 0.146902559 0.046288966 0.000000000 0.101737627 0.198382390 0.198141087 0.200341338 0.186546571 0.187342370 0.204260516 0.235458284 0.206329248 0.205703130 0.206562797 0.214867554 0.196637524 0.197282160 0.187240305 0.230691055 0.240811083 0.214916807 0.231283954 0.232851816 0.236434858 0.271823556 0.287262591 0.277549454 0.437336427 
15     0.237836390 0.264370010 0.206310232 0.215962080 0.212279309 0.211602187 0.196049929 0.193568039 0.272374664 0.270587000 0.241199770 0.238324605 0.237258383 0.273300408 0.244835095 0.226609843 0.235748781 0.245344848 0.254911046 0.257480373 0.248617228 0.260826666 0.262132684 0.113977820 0.101827825 0.101737627 0.000000000 0.166189801 0.166190040 0.168749439 0.153945955 0.153329123 0.170702033 0.202176622 0.172696218 0.172508478 0.172981148 0.181164626 0.165051619 0.165342561 0.154941833 0.195679407 0.206371248 0.180645891 0.196575522 0.198138655 0.202335218 0.236822195 0.253621390 0.243538675 0.402142247 
18     0.253917923 0.282868307 0.223935118 0.232834559 0.233147064 0.230583478 0.214688669 0.212053164 0.288038914 0.286591148 0.260303389 0.255238214 0.254173144 0.291015734 0.259372712 0.241314549 0.250925873 0.260744287 0.271279225 0.273579646 0.265246356 0.276086398 0.277272591 0.165864426 0.197968774 0.198382390 0.166189801 0.000000000 0.064805791 0.066619062 0.170857973 0.172305790 0.186330324 0.220338653 0.190464369 0.190212407 0.191352225 0.198613479 0.181293917 0.181609435 0.169545050 0.213079517 0.222742671 0.197955316 0.212215140 0.214622070 0.219052606 0.257252562 0.272752827 0.262782305 0.417713059 
28     0.251418183 0.280765251 0.222327413 0.231416991 0.230913120 0.228535615 0.212628748 0.209885170 0.287114474 0.285352140 0.258743394 0.254021941 0.253032703 0.291188488 0.257774666 0.239661713 0.249675949 0.261252136 0.270911257 0.273254648 0.264770686 0.275597287 0.277183177 0.166339994 0.197998253 0.198141087 0.166190040 0.064805791 0.000000000 0.050744389 0.171578152 0.172098229 0.186704395 0.218913495 0.188994023 0.188868975 0.190338324 0.197469099 0.180437125 0.180644979 0.169436978 0.213284275 0.222862417 0.198292676 0.212948636 0.214811937 0.219082738 0.256060487 0.271305323 0.261191846 0.418555909 
49     0.253556029 0.283221494 0.224203968 0.233373834 0.233231199 0.231416778 0.215308400 0.212625626 0.289046286 0.287132110 0.260661632 0.255568065 0.254624792 0.291961770 0.258632008 0.240688090 0.250405549 0.261363574 0.272052508 0.274187042 0.266402613 0.277156247 0.278318690 0.167112936 0.200125625 0.200341338 0.168749439 0.066619062 0.050744389 0.000000000 0.172648285 0.173303576 0.188828231 0.220816469 0.190374073 0.191034320 0.192831713 0.199656036 0.181664780 0.181896679 0.171003039 0.214556903 0.224964904 0.200015456 0.215093891 0.217023946 0.220825258 0.257418806 0.272809537 0.263201614 0.417215178 
20     0.225609500 0.252485136 0.195635346 0.204917372 0.202610545 0.202021568 0.185310663 0.182239387 0.261892781 0.258415858 0.229118500 0.226060578 0.225123190 0.262398108 0.229958973 0.211542126 0.223366196 0.232235346 0.243903240 0.245973435 0.237633970 0.248114831 0.249888630 0.153837921 0.186149093 0.186546571 0.153945955 0.170857973 0.171578152 0.172648285 0.000000000 0.070507181 0.161344144 0.195132935 0.165664607 0.166866758 0.166654014 0.171821995 0.158515589 0.158614478 0.148126809 0.186319289 0.195933529 0.171292050 0.187292057 0.189142872 0.191727409 0.225953074 0.241612195 0.231044090 0.396527506 
9     0.225755049 0.251111437 0.195996325 0.205656273 0.202463970 0.202500388 0.185715132 0.182920509 0.258833363 0.256256523 0.227839886 0.224319388 0.223277180 0.260420025 0.229732641 0.211190803 0.221970780 0.232306457 0.242152477 0.245011752 0.236133921 0.247638517 0.249319730 0.153089021 0.186980660 0.187342370 0.153329123 0.172305790 0.172098229 0.173303576 0.070507181 0.000000000 0.160335294 0.193429989 0.163891995 0.165086018 0.166186274 0.172275895 0.157066641 0.157158461 0.147023369 0.185315191 0.195629522 0.170722947 0.186196214 0.188306676 0.191186101 0.226337369 0.242917112 0.232591001 0.397244415 
33     0.222287051 0.249733655 0.192465004 0.201850509 0.197285093 0.195496704 0.177865654 0.175711236 0.254395227 0.255069252 0.225193836 0.221139923 0.220120286 0.256020472 0.225215860 0.209209302 0.218629571 0.227137035 0.235858410 0.239455153 0.231045719 0.242889907 0.243793863 0.169866133 0.203756386 0.204260516 0.170702033 0.186330324 0.186704395 0.188828231 0.161344144 0.160335294 0.000000000 0.176490308 0.145137834 0.146970814 0.147696939 0.152392205 0.155990540 0.156206946 0.144179737 0.182535113 0.191865916 0.167966853 0.183063752 0.184750399 0.187700036 0.222445014 0.238079966 0.228579641 0.387958883 
43     0.253412248 0.280917120 0.226528998 0.235440797 0.234357749 0.231514787 0.214309517 0.211852958 0.289639879 0.287688826 0.258512865 0.255344805 0.254420752 0.289901444 0.259399693 0.243464584 0.252585999 0.263297119 0.272071940 0.274573457 0.266552106 0.278642876 0.277224676 0.201069367 0.235301424 0.235458284 0.202176622 0.220338653 0.218913495 0.220816469 0.195132935 0.193429989 0.176490308 0.000000000 0.098248473 0.168585679 0.169122362 0.176775219 0.191143129 0.191367438 0.179987979 0.214706892 0.223279897 0.199672277 0.215666795 0.217472638 0.219908557 0.259371475 0.275228477 0.265583232 0.418880757 
11     0.225377438 0.252068170 0.196947290 0.204760979 0.203128239 0.202129504 0.184673210 0.182336018 0.260515397 0.259341195 0.230258262 0.225830408 0.225125344 0.261394339 0.230456402 0.214053420 0.223502444 0.234311152 0.243203536 0.245145311 0.238473894 0.249748359 0.250808606 0.172472712 0.206166793 0.206329248 0.172696218 0.190464369 0.188994023 0.190374073 0.165664607 0.163891995 0.145137834 0.098248473 0.000000000 0.137757789 0.137020422 0.144884113 0.159600424 0.159901788 0.148474179 0.184256879 0.191962051 0.169902394 0.184820812 0.186056741 0.188943897 0.228161431 0.243632324 0.234170899 0.389522853 
44     0.226381377 0.256612455 0.199849231 0.208257453 0.204418775 0.200999533 0.184633996 0.182161405 0.263971788 0.261812455 0.231552244 0.230216316 0.229215713 0.265310142 0.232643138 0.215704147 0.226467034 0.236315193 0.244495795 0.246853110 0.240845706 0.250574376 0.250381067 0.172642264 0.205419161 0.205703130 0.172508478 0.190212407 0.188868975 0.191034320 0.166866758 0.165086018 0.146970814 0.168585679 0.137757789 0.000000000 0.098654132 0.103492011 0.160848337 0.161136272 0.149930135 0.185947095 0.195545033 0.171038575 0.186589695 0.187976149 0.192296492 0.230448542 0.247035449 0.237574269 0.392905097 
32     0.228746712 0.256983302 0.199840424 0.209262855 0.207961006 0.205171246 0.188161526 0.185689574 0.264630803 0.261887684 0.231656039 0.229572785 0.229087928 0.265210828 0.233374962 0.216288277 0.227608406 0.237044434 0.245606854 0.248326881 0.242406173 0.251833801 0.252996584 0.174174796 0.206507276 0.206562797 0.172981148 0.191352225 0.190338324 0.192831713 0.166654014 0.166186274 0.147696939 0.169122362 0.137020422 0.098654132 0.000000000 0.089441901 0.161687316 0.162079676 0.150916449 0.187012373 0.195825380 0.173166963 0.187153171 0.188626380 0.193510818 0.231351102 0.247616297 0.238248900 0.395311143 
41     0.235043473 0.262665493 0.206576567 0.215430028 0.213376995 0.211374131 0.194066479 0.191696890 0.270095447 0.268599707 0.239068005 0.236520042 0.235586816 0.270880037 0.239617608 0.223075071 0.234234202 0.243153657 0.252485026 0.255327071 0.248380375 0.258253282 0.259673008 0.181777147 0.214576009 0.214867554 0.181164626 0.198613479 0.197469099 0.199656036 0.171821995 0.172275895 0.152392205 0.176775219 0.144884113 0.103492011 0.089441901 0.000000000 0.166660262 0.167112364 0.156099174 0.192476715 0.201804132 0.177780054 0.192446831 0.194186260 0.197851684 0.237765790 0.254964422 0.245034639 0.403859342 
23     0.220114232 0.250836169 0.191691170 0.200257382 0.198230153 0.197809829 0.180430092 0.177804194 0.253750229 0.254934884 0.225484607 0.221507459 0.220657241 0.259469026 0.226201040 0.209282490 0.217571065 0.228493561 0.237846356 0.240422415 0.232746736 0.243326145 0.244023308 0.163061679 0.196314357 0.196637524 0.165051619 0.181293917 0.180437125 0.181664780 0.158515589 0.157066641 0.155990540 0.191143129 0.159600424 0.160848337 0.161687316 0.166660262 0.000000000 0.027520806 0.059837195 0.179778796 0.188436538 0.163072434 0.178632177 0.179728069 0.184579008 0.221682592 0.237563330 0.227731280 0.386662190 
19     0.220405041 0.251152844 0.192083237 0.200604236 0.198475084 0.198132065 0.180726753 0.178122967 0.254172723 0.255270775 0.225754334 0.221800586 0.220930269 0.260002601 0.226680698 0.209730709 0.218048000 0.229170611 0.238468426 0.241233180 0.233325964 0.244023765 0.244554500 0.163307178 0.196958993 0.197282160 0.165342561 0.181609435 0.180644979 0.181896679 0.158614478 0.157158461 0.156206946 0.191367438 0.159901788 0.161136272 0.162079676 0.167112364 0.027520806 0.000000000 0.060256271 0.179707891 0.188254086 0.163310110 0.178569067 0.179646270 0.184543724 0.222020240 0.237914490 0.228087561 0.387000178 
7     0.207240047 0.238327273 0.180706127 0.189581024 0.185962279 0.186918951 0.169022891 0.166509879 0.242639827 0.243788375 0.214553862 0.210632140 0.209745258 0.247459314 0.213864680 0.197001084 0.206402407 0.216456058 0.225998939 0.229598933 0.221208868 0.231559868 0.232225672 0.153094464 0.186667506 0.187240305 0.154941833 0.169545050 0.169436978 0.171003039 0.148126809 0.147023369 0.144179737 0.179987979 0.148474179 0.149930135 0.150916449 0.156099174 0.059837195 0.060256271 0.000000000 0.168608203 0.177257595 0.151293885 0.166611808 0.167665042 0.172587446 0.211784628 0.227304094 0.217840330 0.375550916 
13     0.216000498 0.244313108 0.187903352 0.199149263 0.197099779 0.191142377 0.176521801 0.173411867 0.253688833 0.251520655 0.220568484 0.218861414 0.218107053 0.255311189 0.223221297 0.208267715 0.216157893 0.225728945 0.236388312 0.236484281 0.229993583 0.241538821 0.243871294 0.194057432 0.230432888 0.230691055 0.195679407 0.213079517 0.213284275 0.214556903 0.186319289 0.185315191 0.182535113 0.214706892 0.184256879 0.185947095 0.187012373 0.192476715 0.179778796 0.179707891 0.168608203 0.000000000 0.087971991 0.086174175 0.101904498 0.103417824 0.105648228 0.214937429 0.231782162 0.222308641 0.386421571 
40     0.224123525 0.251042546 0.195379107 0.206883925 0.204502635 0.199000193 0.183342913 0.180291363 0.260609389 0.259976646 0.229397392 0.227104877 0.226310196 0.262171896 0.229145597 0.213998596 0.222688772 0.233292931 0.243149156 0.244201334 0.235491371 0.248386988 0.250763947 0.205135462 0.240548001 0.240811083 0.206371248 0.222742671 0.222862417 0.224964904 0.195933529 0.195629522 0.191865916 0.223279897 0.191962051 0.195545033 0.195825380 0.201804132 0.188436538 0.188254086 0.177257595 0.087971991 0.000000000 0.090354566 0.108339872 0.110638123 0.111850564 0.223621653 0.240275003 0.230059682 0.392353947 
31     0.198791467 0.226186823 0.171629168 0.182707847 0.180457018 0.173693587 0.159140059 0.156312675 0.235872585 0.236746096 0.205682409 0.203159117 0.202535204 0.239350926 0.204232221 0.190179673 0.197549232 0.210740563 0.221579385 0.221952956 0.214302254 0.226615852 0.228428200 0.177326452 0.214641188 0.214916807 0.180645891 0.197955316 0.198292676 0.200015456 0.171292050 0.170722947 0.167966853 0.199672277 0.169902394 0.171038575 0.173166963 0.177780054 0.163072434 0.163310110 0.151293885 0.086174175 0.090354566 0.000000000 0.082466476 0.083554455 0.084204579 0.198926982 0.215525051 0.205289224 0.366360111 
36     0.217240662 0.244048327 0.186618623 0.197141562 0.195181148 0.190076980 0.175093754 0.171930416 0.251669002 0.252307086 0.221303074 0.218918794 0.218181000 0.253812222 0.222992979 0.206092239 0.216058226 0.226756777 0.237410333 0.236770121 0.230339289 0.242716607 0.245096963 0.195642345 0.231020872 0.231283954 0.196575522 0.212215140 0.212948636 0.215093891 0.187292057 0.186196214 0.183063752 0.215666795 0.184820812 0.186589695 0.187153171 0.192446831 0.178632177 0.178569067 0.166611808 0.101904498 0.108339872 0.082466476 0.000000000 0.032758243 0.101545405 0.214922683 0.231149697 0.221229939 0.382106525 
46     0.218358305 0.245104131 0.188600695 0.199124412 0.195923616 0.191274740 0.176518421 0.173355077 0.253996252 0.254136422 0.223150975 0.220555805 0.219829175 0.255348515 0.224151081 0.207839815 0.217698762 0.227752544 0.238401093 0.237908617 0.231274030 0.243782325 0.246210188 0.197197904 0.232588734 0.232851816 0.198138655 0.214622070 0.214811937 0.217023946 0.189142872 0.188306676 0.184750399 0.217472638 0.186056741 0.187976149 0.188626380 0.194186260 0.179728069 0.179646270 0.167665042 0.103417824 0.110638123 0.083554455 0.032758243 0.000000000 0.103377648 0.216369431 0.232704970 0.223001679 0.383717249 
34     0.219082824 0.247391282 0.189678236 0.200052131 0.198636184 0.192022542 0.176976633 0.174037049 0.253561105 0.254499707 0.223304949 0.220300510 0.219449364 0.257498129 0.222709596 0.206272092 0.215852735 0.228782126 0.240624925 0.239733112 0.232209280 0.244531638 0.247314701 0.200614309 0.236231059 0.236434858 0.202335218 0.219052606 0.219082738 0.220825258 0.191727409 0.191186101 0.187700036 0.219908557 0.188943897 0.192296492 0.193510818 0.197851684 0.184579008 0.184543724 0.172587446 0.105648228 0.111850564 0.084204579 0.101545405 0.103377648 0.000000000 0.220668713 0.237283545 0.225963618 0.386906187 
25     0.248048481 0.279073579 0.222426887 0.234033844 0.226732432 0.223163411 0.208955694 0.205878816 0.287355796 0.287369572 0.257208352 0.255264684 0.254338454 0.290612142 0.256539856 0.241295233 0.250681271 0.261529443 0.268888815 0.272187641 0.264834953 0.276705318 0.277187208 0.233283186 0.271489958 0.271823556 0.236822195 0.257252562 0.256060487 0.257418806 0.225953074 0.226337369 0.222445014 0.259371475 0.228161431 0.230448542 0.231351102 0.237765790 0.221682592 0.222020240 0.211784628 0.214937429 0.223621653 0.198926982 0.214922683 0.216369431 0.220668713 0.000000000 0.136310785 0.125905932 0.413123503 
38     0.263682938 0.292995437 0.236602061 0.248286386 0.243900574 0.238298896 0.223887161 0.220545345 0.303162271 0.303577772 0.272788349 0.270517321 0.269792027 0.304357000 0.272244253 0.258156139 0.266915637 0.277558041 0.286001623 0.286965247 0.281555626 0.291288928 0.293414142 0.250740367 0.287005778 0.287262591 0.253621390 0.272752827 0.271305323 0.272809537 0.241612195 0.242917112 0.238079966 0.275228477 0.243632324 0.247035449 0.247616297 0.254964422 0.237563330 0.237914490 0.227304094 0.231782162 0.240275003 0.215525051 0.231149697 0.232704970 0.237283545 0.136310785 0.000000000 0.070819691 0.429798870 
2     0.252127868 0.282494669 0.226462844 0.238526937 0.233750997 0.227016756 0.212098313 0.208974010 0.292253970 0.292040889 0.261370476 0.259041152 0.258329637 0.293000778 0.261262514 0.246685388 0.256747837 0.265764481 0.273997616 0.276061344 0.269653341 0.279613659 0.281688690 0.240650076 0.277292640 0.277549454 0.243538675 0.262782305 0.261191846 0.263201614 0.231044090 0.232591001 0.228579641 0.265583232 0.234170899 0.237574269 0.238248900 0.245034639 0.227731280 0.228087561 0.217840330 0.222308641 0.230059682 0.205289224 0.221229939 0.223001679 0.225963618 0.125905932 0.070819691 0.000000000 0.418996334 
0     0.385668396 0.419750456 0.362727182 0.371389426 0.364122533 0.366937461 0.351957183 0.347267254 0.434805726 0.436365567 0.404182507 0.402833153 0.401992566 0.437551574 0.399235756 0.386183178 0.393701164 0.413121742 0.420170828 0.422115198 0.414057624 0.426032590 0.425251922 0.403208962 0.437012337 0.437336427 0.402142247 0.417713059 0.418555909 0.417215178 0.396527506 0.397244415 0.387958883 0.418880757 0.389522853 0.392905097 0.395311143 0.403859342 0.386662190 0.387000178 0.375550916 0.386421571 0.392353947 0.366360111 0.382106525 0.383717249 0.386906187 0.413123503 0.429798870 0.418996334 0.000000000 
