51
2     0.000000000 0.084179429 0.092391091 0.092493531 0.089531971 0.089495947 0.087931218 0.097218789 0.090396701 0.088100918 0.105430868 0.099801694 0.094095060 0.079842918 0.079992656 0.084354467 0.096000299 0.094674270 0.078781792 0.078742566 0.079574143 0.079772290 0.080234367 0.098028595 0.095238459 0.097806212 0.096589144 0.088270282 0.096754076 0.104139989 0.088364948 0.099502097 0.097609870 0.089093388 0.087514240 0.087788703 0.094763830 0.083701664 0.083669460 0.091225676 0.086401084 0.083650766 0.098965326 0.100432079 0.100280487 0.086140440 0.091927569 0.081735160 0.080426162 0.082171903 0.104621301 
10     0.084179429 0.000000000 0.043360845 0.042616284 0.041675528 0.041552653 0.073637607 0.083232298 0.076865365 0.075412509 0.091696322 0.087104498 0.080382005 0.066868975 0.066002138 0.069820208 0.080601720 0.080876649 0.065539312 0.064714890 0.065446064 0.065635278 0.066372840 0.084250772 0.083506683 0.085540763 0.083347081 0.073747069 0.082713313 0.088726459 0.072114549 0.084770153 0.082877348 0.076157536 0.072328986 0.072873705 0.081167801 0.069207750 0.070177392 0.076081715 0.071034683 0.068830770 0.082916012 0.086034351 0.085882608 0.072574596 0.078039164 0.070030046 0.068594160 0.070032998 0.093113218 
6     0.092391091 0.043360845 0.000000000 0.019025338 0.038206894 0.037362418 0.080649353 0.092384252 0.085624255 0.084421079 0.099915774 0.095303692 0.089528796 0.074924280 0.074627749 0.078441494 0.087743548 0.087406893 0.072387062 0.072025499 0.073848538 0.074491815 0.074798555 0.092829345 0.091009416 0.093832184 0.091008874 0.081819547 0.090947098 0.097029620 0.080570263 0.092983867 0.090941165 0.083691776 0.080483452 0.081325051 0.089292303 0.077605058 0.078739408 0.084680097 0.079090140 0.077536554 0.091754933 0.093666188 0.093500044 0.080942248 0.085051219 0.077741498 0.077165572 0.077938798 0.101330016 
4     0.092493531 0.042616284 0.019025338 0.000000000 0.037643735 0.036736749 0.080792701 0.092374873 0.085388125 0.084269139 0.099763475 0.095398963 0.089606680 0.075088050 0.074732929 0.078566349 0.088259199 0.088009555 0.072854358 0.072548575 0.073710319 0.074169202 0.074543895 0.092486312 0.090973595 0.093894475 0.090652713 0.081279604 0.090808135 0.096888738 0.080338222 0.092389671 0.090904382 0.083430125 0.080562481 0.081044727 0.089173546 0.077447824 0.078435322 0.084728463 0.079485765 0.077440293 0.091636969 0.094091914 0.093860289 0.081108265 0.085264647 0.077576373 0.077319500 0.077914253 0.101266368 
17     0.089531971 0.041675528 0.038206894 0.037643735 0.000000000 0.011717926 0.077029915 0.088253611 0.081760639 0.082350842 0.096609313 0.089797897 0.086565858 0.072578365 0.072210652 0.076146864 0.085286086 0.085364243 0.069761504 0.069598121 0.070397187 0.071629281 0.070908374 0.090100332 0.088647974 0.091849747 0.088883999 0.079206422 0.088717370 0.093847582 0.077331402 0.089054930 0.087322360 0.080809917 0.079105875 0.078903587 0.086687853 0.074840109 0.075969938 0.082136026 0.076166715 0.074830973 0.088412640 0.090063550 0.089961264 0.078015684 0.082420945 0.075360744 0.074995421 0.076644693 0.098565732 
19     0.089495947 0.041552653 0.037362418 0.036736749 0.011717926 0.000000000 0.076544092 0.088324933 0.081278527 0.082375517 0.096602688 0.089785731 0.086427065 0.071865312 0.071556159 0.075321921 0.085302681 0.085341716 0.069649297 0.069452272 0.070424905 0.071375106 0.070771847 0.089382465 0.088084750 0.091274638 0.088285701 0.078114263 0.087587558 0.092117855 0.076674318 0.088472149 0.086526771 0.079775632 0.078059924 0.077837409 0.085075242 0.073428912 0.074259369 0.081024210 0.075346065 0.073621911 0.087863663 0.089367721 0.089265434 0.077490042 0.082108606 0.075141620 0.074617029 0.076214179 0.098159125 
15     0.087931218 0.073637607 0.080649353 0.080792701 0.077029915 0.076544092 0.000000000 0.081142933 0.074745963 0.074038772 0.089522921 0.084056809 0.080139408 0.065637591 0.066347835 0.070364704 0.082925092 0.081395376 0.064906986 0.064589759 0.064877358 0.065524677 0.065937455 0.086126024 0.084320925 0.086794131 0.084800503 0.077652371 0.086257756 0.090423600 0.074515050 0.087149564 0.084495172 0.076109667 0.074656151 0.074524964 0.082607116 0.071347043 0.073083549 0.078836402 0.073649542 0.072242639 0.085941980 0.087664186 0.087473485 0.073003623 0.080525112 0.070850178 0.069947862 0.071774566 0.095532801 
23     0.097218789 0.083232298 0.092384252 0.092374873 0.088253611 0.088324933 0.081142933 0.000000000 0.040987238 0.057457175 0.069773433 0.065292305 0.089640741 0.076338903 0.076882787 0.080732116 0.090176296 0.093787552 0.073965221 0.073213305 0.075532219 0.076809574 0.075172249 0.096357880 0.096178839 0.098829566 0.095941073 0.087310054 0.096858631 0.101509543 0.087396359 0.097219796 0.095462985 0.090586551 0.087045144 0.086108976 0.094553477 0.082370461 0.085195091 0.091145771 0.084433475 0.081291168 0.098851368 0.097603742 0.097318340 0.084606191 0.090244664 0.079961953 0.080682470 0.081582811 0.105338242 
3     0.090396701 0.076865365 0.085624255 0.085388125 0.081760639 0.081278527 0.074745963 0.040987238 0.000000000 0.053561262 0.065641823 0.062979480 0.084431008 0.070964709 0.070452596 0.075172413 0.083835922 0.087251157 0.067479332 0.066907027 0.069162542 0.069730658 0.069022948 0.089486702 0.088667156 0.091354259 0.088220975 0.079982691 0.088789244 0.095433718 0.079472423 0.090493050 0.088138949 0.081670202 0.080021339 0.078953565 0.086596064 0.074918003 0.077491714 0.083710663 0.077181220 0.073513781 0.090158378 0.090072636 0.089760138 0.077951907 0.083074135 0.072648885 0.072885835 0.073947266 0.098101179 
8     0.088100918 0.075412509 0.084421079 0.084269139 0.082350842 0.082375517 0.074038772 0.057457175 0.053561262 0.000000000 0.046894990 0.062824986 0.080829976 0.068668902 0.068949013 0.073412908 0.083714493 0.086486024 0.068947718 0.068236094 0.069270349 0.071163121 0.070367343 0.088478087 0.088344840 0.090956278 0.088734396 0.079716953 0.088635631 0.095902661 0.078354920 0.090644256 0.089022717 0.081429101 0.078487869 0.078385045 0.086375857 0.074413168 0.077232246 0.083655723 0.077082733 0.075433848 0.090286410 0.090922889 0.090614587 0.076514795 0.081716047 0.072436307 0.071661525 0.073789457 0.096717888 
1     0.105430868 0.091696322 0.099915774 0.099763475 0.096609313 0.096602688 0.089522921 0.069773433 0.065641823 0.046894990 0.000000000 0.074183501 0.096019326 0.084927357 0.085404644 0.089798349 0.098790054 0.100795330 0.082120032 0.081657981 0.082748978 0.084677456 0.083600960 0.103922123 0.103348127 0.106018198 0.103314500 0.095852740 0.104705113 0.111620166 0.093449416 0.105386356 0.103808487 0.096628679 0.095884180 0.095199545 0.103026843 0.090512870 0.093290814 0.099269925 0.093005297 0.089525135 0.104846225 0.104444674 0.104085054 0.094552688 0.098781607 0.089581313 0.087736706 0.089811245 0.112810134 
11     0.099801694 0.087104498 0.095303692 0.095398963 0.089797897 0.089785731 0.084056809 0.065292305 0.062979480 0.062824986 0.074183501 0.000000000 0.091007562 0.078718386 0.078219706 0.082772321 0.091223006 0.095636989 0.074881220 0.074238820 0.077029820 0.078446943 0.077853641 0.099451718 0.098485582 0.100803765 0.099432740 0.090677657 0.099741316 0.104580073 0.088608386 0.099173895 0.097421248 0.091712786 0.089490054 0.089879156 0.097519398 0.085408320 0.087856661 0.094015392 0.086424992 0.086069378 0.100195886 0.099775252 0.099479028 0.087488232 0.092598110 0.083793455 0.084061671 0.084938550 0.107589387 
22     0.094095060 0.080382005 0.089528796 0.089606680 0.086565858 0.086427065 0.080139408 0.089640741 0.084431008 0.080829976 0.096019326 0.091007562 0.000000000 0.040656442 0.040346313 0.045112211 0.084887619 0.086103737 0.071300894 0.070441589 0.071096352 0.072360131 0.072852869 0.090018521 0.089791257 0.092688289 0.090990569 0.083935527 0.092295737 0.098790545 0.081948699 0.093835085 0.092241935 0.084311689 0.080796275 0.081420852 0.088006627 0.076919265 0.079225470 0.084783560 0.080126212 0.076595699 0.091850222 0.094938384 0.094780643 0.081496622 0.086233759 0.078219273 0.077617706 0.078396822 0.101880358 
14     0.079842918 0.066868975 0.074924280 0.075088050 0.072578365 0.071865312 0.065637591 0.076338903 0.070964709 0.068668902 0.084927357 0.078718386 0.040656442 0.000000000 0.015980242 0.021621775 0.071377520 0.072515738 0.057249664 0.056907968 0.057584360 0.058160066 0.058552674 0.077360972 0.076997302 0.080016357 0.077915986 0.071621864 0.079713417 0.085363860 0.070212330 0.082454469 0.080410325 0.071440308 0.069766667 0.069446713 0.076875475 0.065516217 0.067116193 0.072397073 0.067855629 0.064883608 0.080057136 0.083011033 0.082859198 0.068748979 0.073351025 0.064697595 0.064112090 0.065196003 0.088848101 
12     0.079992656 0.066002138 0.074627749 0.074732929 0.072210652 0.071556159 0.066347835 0.076882787 0.070452596 0.068949013 0.085404644 0.078219706 0.040346313 0.015980242 0.000000000 0.021204543 0.071216960 0.072010864 0.056149829 0.055705956 0.056584221 0.056935454 0.057987366 0.077461159 0.076940484 0.079787918 0.077976184 0.071287689 0.079556919 0.085771961 0.069705992 0.082442435 0.080154902 0.071342866 0.069535425 0.069238804 0.076227446 0.065269083 0.067107159 0.072173888 0.067686366 0.063986863 0.079481686 0.083383347 0.083225606 0.069094799 0.073504854 0.065331166 0.064645297 0.065784794 0.088234761 
16     0.084354467 0.069820208 0.078441494 0.078566349 0.076146864 0.075321921 0.070364704 0.080732116 0.075172413 0.073412908 0.089798349 0.082772321 0.045112211 0.021621775 0.021204543 0.000000000 0.075591375 0.076851104 0.060801447 0.060304295 0.061175696 0.061959462 0.062684621 0.081976290 0.081897540 0.084723292 0.082805204 0.075238181 0.083733543 0.089038307 0.073509064 0.086897094 0.084632339 0.075294584 0.073992530 0.073254172 0.080221754 0.069634786 0.071363490 0.077031320 0.072028808 0.068722207 0.083889348 0.086991371 0.086828499 0.072843434 0.077593781 0.069487413 0.069073795 0.069822545 0.093413574 
20     0.096000299 0.080601720 0.087743548 0.088259199 0.085286086 0.085302681 0.082925092 0.090176296 0.083835922 0.083714493 0.098790054 0.091223006 0.084887619 0.071377520 0.071216960 0.075591375 0.000000000 0.045716903 0.071226339 0.070980921 0.071974589 0.072592918 0.071352211 0.093635114 0.092639798 0.095670281 0.094000639 0.082986314 0.091721223 0.097826547 0.081475596 0.093046096 0.091226486 0.084218983 0.082149505 0.081468151 0.090186986 0.078332870 0.080357876 0.085872374 0.080743531 0.078738903 0.094448956 0.097135655 0.096983735 0.083191638 0.088769462 0.078010960 0.076962811 0.078955272 0.101176522 
13     0.094674270 0.080876649 0.087406893 0.088009555 0.085364243 0.085341716 0.081395376 0.093787552 0.087251157 0.086486024 0.100795330 0.095636989 0.086103737 0.072515738 0.072010864 0.076851104 0.045716903 0.000000000 0.071085029 0.070521127 0.071531872 0.072010901 0.072016323 0.094358157 0.093569806 0.095434069 0.093821313 0.084848097 0.093671380 0.098978471 0.083647776 0.095270841 0.093359558 0.084721780 0.083208250 0.083199474 0.090867008 0.079498636 0.081617997 0.087309227 0.081283542 0.079333360 0.093233079 0.098362405 0.098205034 0.084919693 0.090185374 0.079285199 0.077852009 0.079987782 0.101537207 
7     0.078781792 0.065539312 0.072387062 0.072854358 0.069761504 0.069649297 0.064906986 0.073965221 0.067479332 0.068947718 0.082120032 0.074881220 0.071300894 0.057249664 0.056149829 0.060801447 0.071226339 0.071085029 0.000000000 0.016593764 0.029918890 0.039103774 0.040286330 0.078058341 0.077926701 0.080520960 0.079680301 0.070254644 0.078789865 0.084303936 0.068532942 0.080279694 0.078011730 0.070710809 0.069593612 0.069600163 0.076737666 0.065451517 0.066246640 0.071986818 0.067401853 0.064153180 0.079837348 0.081734519 0.081635362 0.068890046 0.074616331 0.063987451 0.064421794 0.064612182 0.089081764 
5     0.078742566 0.064714890 0.072025499 0.072548575 0.069598121 0.069452272 0.064589759 0.073213305 0.066907027 0.068236094 0.081657981 0.074238820 0.070441589 0.056907968 0.055705956 0.060304295 0.070980921 0.070521127 0.016593764 0.000000000 0.030190793 0.039262138 0.040216946 0.077640038 0.077643376 0.080491197 0.079381232 0.069666689 0.078288727 0.083880767 0.068352024 0.079104139 0.077284172 0.070285499 0.069025050 0.069073231 0.075961765 0.064590321 0.065972911 0.071699733 0.066817211 0.063370408 0.079193550 0.081621956 0.081522800 0.068435772 0.074244942 0.063241746 0.063481132 0.063946719 0.088647308 
9     0.079574143 0.065446064 0.073848538 0.073710319 0.070397187 0.070424905 0.064877358 0.075532219 0.069162542 0.069270349 0.082748978 0.077029820 0.071096352 0.057584360 0.056584221 0.061175696 0.071974589 0.071531872 0.029918890 0.030190793 0.000000000 0.039540872 0.039563806 0.075905452 0.076619877 0.079675677 0.078077741 0.068912577 0.077714418 0.083432787 0.068324900 0.080143799 0.077948325 0.070361583 0.068954732 0.068619244 0.075931250 0.064450186 0.065314566 0.071312290 0.066878557 0.063647942 0.079049859 0.082005729 0.081906573 0.068548035 0.073899775 0.063196436 0.063461773 0.063582601 0.087677156 
21     0.079772290 0.065635278 0.074491815 0.074169202 0.071629281 0.071375106 0.065524677 0.076809574 0.069730658 0.071163121 0.084677456 0.078446943 0.072360131 0.058160066 0.056935454 0.061959462 0.072592918 0.072010901 0.039103774 0.039262138 0.039540872 0.000000000 0.031126506 0.078520577 0.078215387 0.080877660 0.078991565 0.070861180 0.078387542 0.084401148 0.068931525 0.080716161 0.078719559 0.071760532 0.069452904 0.069291802 0.076760123 0.065541926 0.066541977 0.071680224 0.067080489 0.064541319 0.079639887 0.081819635 0.081672615 0.069626415 0.074847041 0.064771453 0.063742697 0.064814575 0.089922290 
18     0.080234367 0.066372840 0.074798555 0.074543895 0.070908374 0.070771847 0.065937455 0.075172249 0.069022948 0.070367343 0.083600960 0.077853641 0.072852869 0.058552674 0.057987366 0.062684621 0.071352211 0.072016323 0.040286330 0.040216946 0.039563806 0.031126506 0.000000000 0.079019641 0.078425863 0.081173276 0.079674695 0.070641673 0.078163017 0.084896713 0.069772056 0.080288480 0.078771759 0.072460635 0.069753747 0.068933083 0.077488369 0.066542038 0.067101274 0.072462708 0.067254946 0.065239023 0.080786669 0.081845533 0.081754024 0.069597103 0.074897279 0.064021276 0.063822602 0.064888042 0.089701631 
39     0.098028595 0.084250772 0.092829345 0.092486312 0.090100332 0.089382465 0.086126024 0.096357880 0.089486702 0.088478087 0.103922123 0.099451718 0.090018521 0.077360972 0.077461159 0.081976290 0.093635114 0.094358157 0.078058341 0.077640038 0.075905452 0.078520577 0.079019641 0.000000000 0.080021540 0.081656609 0.080976184 0.075762409 0.083770782 0.088177033 0.072645157 0.085761667 0.083572373 0.075129870 0.071400864 0.071389358 0.079238785 0.066985466 0.067245394 0.075039171 0.070062685 0.068663257 0.084906753 0.084563743 0.084422532 0.074616062 0.077001214 0.069153802 0.069195043 0.069714449 0.096260918 
27     0.095238459 0.083506683 0.091009416 0.090973595 0.088647974 0.088084750 0.084320925 0.096178839 0.088667156 0.088344840 0.103348127 0.098485582 0.089791257 0.076997302 0.076940484 0.081897540 0.092639798 0.093569806 0.077926701 0.077643376 0.076619877 0.078215387 0.078425863 0.080021540 0.000000000 0.024453969 0.031779364 0.074722602 0.082033186 0.088844497 0.071703771 0.085031114 0.083397759 0.073334159 0.072757984 0.073236461 0.081143821 0.068611709 0.068479800 0.076714801 0.072428977 0.068890465 0.085843203 0.086299503 0.086155545 0.073891588 0.077092750 0.068824572 0.068797527 0.069251540 0.096149682 
33     0.097806212 0.085540763 0.093832184 0.093894475 0.091849747 0.091274638 0.086794131 0.098829566 0.091354259 0.090956278 0.106018198 0.100803765 0.092688289 0.080016357 0.079787918 0.084723292 0.095670281 0.095434069 0.080520960 0.080491197 0.079675677 0.080877660 0.081173276 0.081656609 0.024453969 0.000000000 0.034920166 0.078171213 0.085439782 0.091344521 0.074712398 0.087428443 0.085936153 0.076192281 0.074493194 0.075375817 0.082624051 0.070886295 0.071601790 0.080176721 0.075036704 0.071720458 0.089003938 0.089293991 0.089150049 0.076564314 0.080218988 0.071548807 0.071165389 0.072161894 0.099366253 
41     0.096589144 0.083347081 0.091008874 0.090652713 0.088883999 0.088285701 0.084800503 0.095941073 0.088220975 0.088734396 0.103314500 0.099432740 0.090990569 0.077915986 0.077976184 0.082805204 0.094000639 0.093821313 0.079680301 0.079381232 0.078077741 0.078991565 0.079674695 0.080976184 0.031779364 0.034920166 0.000000000 0.076039181 0.083667001 0.088854190 0.071633342 0.085018695 0.083028749 0.073997445 0.072726427 0.074135608 0.081902066 0.069871770 0.071377799 0.077752072 0.072432385 0.069738598 0.086590674 0.086429026 0.086283231 0.074467898 0.077895281 0.070494887 0.069624426 0.070570470 0.097646520 
42     0.088270282 0.073747069 0.081819547 0.081279604 0.079206422 0.078114263 0.077652371 0.087310054 0.079982691 0.079716953 0.095852740 0.090677657 0.083935527 0.071621864 0.071287689 0.075238181 0.082986314 0.084848097 0.070254644 0.069666689 0.068912577 0.070861180 0.070641673 0.075762409 0.074722602 0.078171213 0.076039181 0.000000000 0.037835900 0.079447305 0.061951798 0.073946867 0.071310747 0.064347012 0.062485168 0.061233275 0.070203167 0.058671831 0.058155028 0.065256167 0.062237686 0.058927204 0.076075077 0.079027518 0.078967555 0.065755725 0.069803173 0.061207604 0.061260901 0.061134783 0.088903343 
25     0.096754076 0.082713313 0.090947098 0.090808135 0.088717370 0.087587558 0.086257756 0.096858631 0.088789244 0.088635631 0.104705113 0.099741316 0.092295737 0.079713417 0.079556919 0.083733543 0.091721223 0.093671380 0.078789865 0.078288727 0.077714418 0.078387542 0.078163017 0.083770782 0.082033186 0.085439782 0.083667001 0.037835900 0.000000000 0.088230242 0.069480341 0.081641968 0.078953693 0.072196726 0.070908964 0.069659045 0.078253350 0.066749953 0.066928955 0.074248479 0.070367220 0.067778259 0.084650154 0.087650351 0.087661966 0.074316620 0.078371531 0.070231154 0.070280731 0.070027067 0.096853692 
28     0.104139989 0.088726459 0.097029620 0.096888738 0.093847582 0.092117855 0.090423600 0.101509543 0.095433718 0.095902661 0.111620166 0.104580073 0.098790545 0.085363860 0.085771961 0.089038307 0.097826547 0.098978471 0.084303936 0.083880767 0.083432787 0.084401148 0.084896713 0.088177033 0.088844497 0.091344521 0.088854190 0.079447305 0.088230242 0.000000000 0.067519835 0.081454289 0.079904337 0.072207298 0.076007449 0.075279933 0.081980324 0.070073300 0.071607641 0.078760803 0.072729828 0.070601977 0.086010654 0.092182809 0.091941489 0.079695804 0.082663831 0.075250718 0.074835252 0.075559702 0.103990792 
31     0.088364948 0.072114549 0.080570263 0.080338222 0.077331402 0.076674318 0.074515050 0.087396359 0.079472423 0.078354920 0.093449416 0.088608386 0.081948699 0.070212330 0.069705992 0.073509064 0.081475596 0.083647776 0.068532942 0.068352024 0.068324900 0.068931525 0.069772056 0.072645157 0.071703771 0.074712398 0.071633342 0.061951798 0.069480341 0.067519835 0.000000000 0.047992684 0.045965250 0.037121967 0.057592243 0.056690293 0.065323636 0.052405654 0.053585155 0.061082925 0.054669935 0.052716329 0.068309658 0.075063464 0.075078488 0.064400886 0.067150804 0.058480287 0.058604077 0.059224640 0.088226793 
40     0.099502097 0.084770153 0.092983867 0.092389671 0.089054930 0.088472149 0.087149564 0.097219796 0.090493050 0.090644256 0.105386356 0.099173895 0.093835085 0.082454469 0.082442435 0.086897094 0.093046096 0.095270841 0.080279694 0.079104139 0.080143799 0.080716161 0.080288480 0.085761667 0.085031114 0.087428443 0.085018695 0.073946867 0.081641968 0.081454289 0.047992684 0.000000000 0.019332147 0.047716876 0.068381495 0.067405246 0.076855191 0.063808760 0.066026134 0.074130034 0.068362806 0.065641676 0.082106127 0.085873151 0.085881680 0.075600187 0.077895530 0.071496171 0.072268733 0.071871850 0.099386229 
48     0.097609870 0.082877348 0.090941165 0.090904382 0.087322360 0.086526771 0.084495172 0.095462985 0.088138949 0.089022717 0.103808487 0.097421248 0.092241935 0.080410325 0.080154902 0.084632339 0.091226486 0.093359558 0.078011730 0.077284172 0.077948325 0.078719559 0.078771759 0.083572373 0.083397759 0.085936153 0.083028749 0.071310747 0.078953693 0.079904337 0.045965250 0.019332147 0.000000000 0.045130446 0.065968344 0.064818839 0.074153125 0.061121993 0.063406300 0.071553403 0.065746834 0.063445092 0.079690990 0.083965193 0.083973718 0.072972507 0.076215471 0.070045428 0.070344147 0.070360971 0.097477893 
36     0.089093388 0.076157536 0.083691776 0.083430125 0.080809917 0.079775632 0.076109667 0.090586551 0.081670202 0.081429101 0.096628679 0.091712786 0.084311689 0.071440308 0.071342866 0.075294584 0.084218983 0.084721780 0.070710809 0.070285499 0.070361583 0.071760532 0.072460635 0.075129870 0.073334159 0.076192281 0.073997445 0.064347012 0.072196726 0.072207298 0.037121967 0.047716876 0.045130446 0.000000000 0.060583221 0.059287193 0.066967467 0.054893511 0.056230828 0.064253037 0.057490989 0.055778026 0.072894929 0.078061070 0.078076872 0.066164453 0.069994285 0.062324660 0.062258776 0.062230419 0.087982349 
43     0.087514240 0.072328986 0.080483452 0.080562481 0.079105875 0.078059924 0.074656151 0.087045144 0.080021339 0.078487869 0.095884180 0.089490054 0.080796275 0.069766667 0.069535425 0.073992530 0.082149505 0.083208250 0.069593612 0.069025050 0.068954732 0.069452904 0.069753747 0.071400864 0.072757984 0.074493194 0.072726427 0.062485168 0.070908964 0.076007449 0.057592243 0.068381495 0.065968344 0.060583221 0.000000000 0.019787270 0.035325512 0.028633351 0.031311268 0.046257415 0.057579775 0.054226301 0.071263774 0.075839311 0.075669654 0.063954947 0.068713713 0.060178292 0.059664736 0.060111027 0.086916319 
49     0.087788703 0.072873705 0.081325051 0.081044727 0.078903587 0.077837409 0.074524964 0.086108976 0.078953565 0.078385045 0.095199545 0.089879156 0.081420852 0.069446713 0.069238804 0.073254172 0.081468151 0.083199474 0.069600163 0.069073231 0.068619244 0.069291802 0.068933083 0.071389358 0.073236461 0.075375817 0.074135608 0.061233275 0.069659045 0.075279933 0.056690293 0.067405246 0.064818839 0.059287193 0.019787270 0.000000000 0.036115266 0.029148932 0.032172918 0.045865964 0.056741519 0.053563951 0.070379349 0.075978247 0.075772651 0.063949927 0.068364840 0.059732502 0.058941505 0.059665482 0.086207978 
44     0.094763830 0.081167801 0.089292303 0.089173546 0.086687853 0.085075242 0.082607116 0.094553477 0.086596064 0.086375857 0.103026843 0.097519398 0.088006627 0.076875475 0.076227446 0.080221754 0.090186986 0.090867008 0.076737666 0.075961765 0.075931250 0.076760123 0.077488369 0.079238785 0.081143821 0.082624051 0.081902066 0.070203167 0.078253350 0.081980324 0.065323636 0.076855191 0.074153125 0.066967467 0.035325512 0.036115266 0.000000000 0.035267937 0.038966490 0.053312141 0.065485431 0.062108114 0.078600119 0.083380252 0.083213782 0.071027982 0.075231872 0.067569292 0.067098217 0.067462832 0.095016650 
24     0.083701664 0.069207750 0.077605058 0.077447824 0.074840109 0.073428912 0.071347043 0.082370461 0.074918003 0.074413168 0.090512870 0.085408320 0.076919265 0.065516217 0.065269083 0.069634786 0.078332870 0.079498636 0.065451517 0.064590321 0.064450186 0.065541926 0.066542038 0.066985466 0.068611709 0.070886295 0.069871770 0.058671831 0.066749953 0.070073300 0.052405654 0.063808760 0.061121993 0.054893511 0.028633351 0.029148932 0.035267937 0.000000000 0.026096350 0.041321197 0.053153329 0.049947353 0.066266928 0.070956735 0.070837547 0.059238307 0.063177492 0.055977530 0.055509350 0.056020911 0.083344752 
38     0.083669460 0.070177392 0.078739408 0.078435322 0.075969938 0.074259369 0.073083549 0.085195091 0.077491714 0.077232246 0.093290814 0.087856661 0.079225470 0.067116193 0.067107159 0.071363490 0.080357876 0.081617997 0.066246640 0.065972911 0.065314566 0.066541977 0.067101274 0.067245394 0.068479800 0.071601790 0.071377799 0.058155028 0.066928955 0.071607641 0.053585155 0.066026134 0.063406300 0.056230828 0.031311268 0.032172918 0.038966490 0.026096350 0.000000000 0.041236376 0.054534845 0.050951026 0.067535780 0.071870772 0.071695035 0.060172482 0.064568896 0.056956950 0.056537758 0.056916430 0.084717285 
45     0.091225676 0.076081715 0.084680097 0.084728463 0.082136026 0.081024210 0.078836402 0.091145771 0.083710663 0.083655723 0.099269925 0.094015392 0.084783560 0.072397073 0.072173888 0.077031320 0.085872374 0.087309227 0.071986818 0.071699733 0.071312290 0.071680224 0.072462708 0.075039171 0.076714801 0.080176721 0.077752072 0.065256167 0.074248479 0.078760803 0.061082925 0.074130034 0.071553403 0.064253037 0.046257415 0.045865964 0.053312141 0.041321197 0.041236376 0.000000000 0.061609996 0.058045107 0.074532453 0.079549965 0.079387072 0.070238404 0.072847139 0.063789493 0.063053334 0.064107339 0.092063247 
37     0.086401084 0.071034683 0.079090140 0.079485765 0.076166715 0.075346065 0.073649542 0.084433475 0.077181220 0.077082733 0.093005297 0.086424992 0.080126212 0.067855629 0.067686366 0.072028808 0.080743531 0.081283542 0.067401853 0.066817211 0.066878557 0.067080489 0.067254946 0.070062685 0.072428977 0.075036704 0.072432385 0.062237686 0.070367220 0.072729828 0.054669935 0.068362806 0.065746834 0.057490989 0.057579775 0.056741519 0.065485431 0.053153329 0.054534845 0.061609996 0.000000000 0.041490755 0.059052682 0.074412457 0.074377281 0.061955240 0.066450482 0.058632024 0.059000178 0.059504853 0.083877237 
26     0.083650766 0.068830770 0.077536554 0.077440293 0.074830973 0.073621911 0.072242639 0.081291168 0.073513781 0.075433848 0.089525135 0.086069378 0.076595699 0.064883608 0.063986863 0.068722207 0.078738903 0.079333360 0.064153180 0.063370408 0.063647942 0.064541319 0.065239023 0.068663257 0.068890465 0.071720458 0.069738598 0.058927204 0.067778259 0.070601977 0.052716329 0.065641676 0.063445092 0.055778026 0.054226301 0.053563951 0.062108114 0.049947353 0.050951026 0.058045107 0.041490755 0.000000000 0.044030726 0.072230409 0.072188447 0.059100717 0.063326289 0.055245192 0.054514707 0.055341352 0.082946934 
47     0.098965326 0.082916012 0.091754933 0.091636969 0.088412640 0.087863663 0.085941980 0.098851368 0.090158378 0.090286410 0.104846225 0.100195886 0.091850222 0.080057136 0.079481686 0.083889348 0.094448956 0.093233079 0.079837348 0.079193550 0.079049859 0.079639887 0.080786669 0.084906753 0.085843203 0.089003938 0.086590674 0.076075077 0.084650154 0.086010654 0.068309658 0.082106127 0.079690990 0.072894929 0.071263774 0.070379349 0.078600119 0.066266928 0.067535780 0.074532453 0.059052682 0.044030726 0.000000000 0.087847291 0.087773917 0.075240890 0.079683354 0.071865227 0.071341121 0.072018213 0.100573285 
46     0.100432079 0.086034351 0.093666188 0.094091914 0.090063550 0.089367721 0.087664186 0.097603742 0.090072636 0.090922889 0.104444674 0.099775252 0.094938384 0.083011033 0.083383347 0.086991371 0.097135655 0.098362405 0.081734519 0.081621956 0.082005729 0.081819635 0.081845533 0.084563743 0.086299503 0.089293991 0.086429026 0.079027518 0.087650351 0.092182809 0.075063464 0.085873151 0.083965193 0.078061070 0.075839311 0.075978247 0.083380252 0.070956735 0.071870772 0.079549965 0.074412457 0.072230409 0.087847291 0.000000000 0.008505537 0.067018903 0.069534925 0.071173723 0.070307652 0.071867376 0.104040294 
30     0.100280487 0.085882608 0.093500044 0.093860289 0.089961264 0.089265434 0.087473485 0.097318340 0.089760138 0.090614587 0.104085054 0.099479028 0.094780643 0.082859198 0.083225606 0.086828499 0.096983735 0.098205034 0.081635362 0.081522800 0.081906573 0.081672615 0.081754024 0.084422532 0.086155545 0.089150049 0.086283231 0.078967555 0.087661966 0.091941489 0.075078488 0.085881680 0.083973718 0.078076872 0.075669654 0.075772651 0.083213782 0.070837547 0.071695035 0.079387072 0.074377281 0.072188447 0.087773917 0.008505537 0.000000000 0.066913715 0.069513630 0.071003164 0.070109361 0.071899736 0.103883353 
34     0.086140440 0.072574596 0.080942248 0.081108265 0.078015684 0.077490042 0.073003623 0.084606191 0.077951907 0.076514795 0.094552688 0.087488232 0.081496622 0.068748979 0.069094799 0.072843434 0.083191638 0.084919693 0.068890046 0.068435772 0.068548035 0.069626415 0.069597103 0.074616062 0.073891588 0.076564314 0.074467898 0.065755725 0.074316620 0.079695804 0.064400886 0.075600187 0.072972507 0.066164453 0.063954947 0.063949927 0.071027982 0.059238307 0.060172482 0.070238404 0.061955240 0.059100717 0.075240890 0.067018903 0.066913715 0.000000000 0.050382971 0.059307746 0.057792069 0.058948601 0.090065928 
32     0.091927569 0.078039164 0.085051219 0.085264647 0.082420945 0.082108606 0.080525112 0.090244664 0.083074135 0.081716047 0.098781607 0.092598110 0.086233759 0.073351025 0.073504854 0.077593781 0.088769462 0.090185374 0.074616331 0.074244942 0.073899775 0.074847041 0.074897279 0.077001214 0.077092750 0.080218988 0.077895281 0.069803173 0.078371531 0.082663831 0.067150804 0.077895530 0.076215471 0.069994285 0.068713713 0.068364840 0.075231872 0.063177492 0.064568896 0.072847139 0.066450482 0.063326289 0.079683354 0.069534925 0.069513630 0.050382971 0.000000000 0.063132413 0.061521518 0.062946406 0.093812298 
35     0.081735160 0.070030046 0.077741498 0.077576373 0.075360744 0.075141620 0.070850178 0.079961953 0.072648885 0.072436307 0.089581313 0.083793455 0.078219273 0.064697595 0.065331166 0.069487413 0.078010960 0.079285199 0.063987451 0.063241746 0.063196436 0.064771453 0.064021276 0.069153802 0.068824572 0.071548807 0.070494887 0.061207604 0.070231154 0.075250718 0.058480287 0.071496171 0.070045428 0.062324660 0.060178292 0.059732502 0.067569292 0.055977530 0.056956950 0.063789493 0.058632024 0.055245192 0.071865227 0.071173723 0.071003164 0.059307746 0.063132413 0.000000000 0.019693380 0.020142322 0.082342942 
29     0.080426162 0.068594160 0.077165572 0.077319500 0.074995421 0.074617029 0.069947862 0.080682470 0.072885835 0.071661525 0.087736706 0.084061671 0.077617706 0.064112090 0.064645297 0.069073795 0.076962811 0.077852009 0.064421794 0.063481132 0.063461773 0.063742697 0.063822602 0.069195043 0.068797527 0.071165389 0.069624426 0.061260901 0.070280731 0.074835252 0.058604077 0.072268733 0.070344147 0.062258776 0.059664736 0.058941505 0.067098217 0.055509350 0.056537758 0.063053334 0.059000178 0.054514707 0.071341121 0.070307652 0.070109361 0.057792069 0.061521518 0.019693380 0.000000000 0.021361857 0.080862214 
50     0.082171903 0.070032998 0.077938798 0.077914253 0.076644693 0.076214179 0.071774566 0.081582811 0.073947266 0.073789457 0.089811245 0.084938550 0.078396822 0.065196003 0.065784794 0.069822545 0.078955272 0.079987782 0.064612182 0.063946719 0.063582601 0.064814575 0.064888042 0.069714449 0.069251540 0.072161894 0.070570470 0.061134783 0.070027067 0.075559702 0.059224640 0.071871850 0.070360971 0.062230419 0.060111027 0.059665482 0.067462832 0.056020911 0.056916430 0.064107339 0.059504853 0.055341352 0.072018213 0.071867376 0.071899736 0.058948601 0.062946406 0.020142322 0.021361857 0.000000000 0.082745129 
0     0.104621301 0.093113218 0.101330016 0.101266368 0.098565732 0.098159125 0.095532801 0.105338242 0.098101179 0.096717888 0.112810134 0.107589387 0.101880358 0.088848101 0.088234761 0.093413574 0.101176522 0.101537207 0.089081764 0.088647308 0.087677156 0.089922290 0.089701631 0.096260918 0.096149682 0.099366253 0.097646520 0.088903343 0.096853692 0.103990792 0.088226793 0.099386229 0.097477893 0.087982349 0.086916319 0.086207978 0.095016650 0.083344752 0.084717285 0.092063247 0.083877237 0.082946934 0.100573285 0.104040294 0.103883353 0.090065928 0.093812298 0.082342942 0.080862214 0.082745129 0.000000000 
