51
22     0.000000000 0.000044210 0.000018330 0.000078400 0.000069430 0.000074650 0.000073920 0.000077370 0.000061270 0.000061310 0.000032210 0.000120180 0.000119460 0.000119870 0.000150700 0.000181350 0.000085430 0.000077750 0.000137710 0.000105080 0.000152300 0.000076490 0.000113120 0.000073590 0.000060260 0.000103340 0.000072010 0.000094320 0.000190660 0.000143100 0.000065600 0.000214150 0.000285340 0.000306790 0.000295030 0.000248970 0.000247620 0.000303920 0.000555560 0.000375330 0.000486920 0.000299270 0.000378170 0.000378460 0.000387220 0.000359930 0.000366400 0.000434830 0.000436760 0.000355070 0.000579980 
27     0.000044210 0.000000000 0.000037260 0.000096510 0.000087540 0.000092760 0.000092030 0.000095480 0.000079380 0.000137840 0.000105300 0.000138290 0.000137570 0.000137980 0.000168810 0.000199460 0.000103540 0.000095860 0.000155820 0.000123190 0.000170410 0.000094600 0.000131230 0.000091700 0.000078370 0.000121450 0.000090120 0.000112430 0.000208770 0.000161210 0.000251550 0.000232260 0.000303450 0.000324900 0.000313140 0.000423980 0.000429060 0.000322030 0.000573670 0.000393440 0.000470550 0.000317380 0.000396280 0.000396570 0.000360120 0.000378040 0.000384510 0.000452940 0.000454870 0.000373180 0.000598090 
13     0.000018330 0.000037260 0.000000000 0.000071450 0.000062480 0.000067700 0.000066970 0.000070420 0.000054320 0.000112780 0.000080240 0.000113230 0.000112510 0.000112920 0.000143750 0.000174400 0.000078480 0.000070800 0.000130760 0.000098130 0.000145350 0.000069540 0.000106170 0.000066640 0.000053310 0.000096390 0.000065060 0.000087370 0.000183710 0.000136150 0.000226490 0.000207200 0.000278390 0.000299840 0.000288080 0.000398920 0.000404000 0.000296970 0.000548610 0.000368380 0.000479970 0.000292320 0.000371220 0.000371510 0.000543370 0.000352980 0.000359450 0.000427880 0.000429810 0.000348120 0.000573030 
28     0.000078400 0.000096510 0.000071450 0.000000000 0.000016530 0.000005990 0.000021020 0.000024470 0.000074070 0.000132530 0.000099990 0.000132500 0.000131780 0.000132190 0.000163020 0.000193670 0.000097750 0.000090070 0.000150030 0.000117400 0.000164620 0.000088810 0.000125440 0.000085910 0.000072580 0.000115660 0.000084330 0.000106640 0.000202980 0.000155420 0.000245760 0.000226470 0.000297660 0.000319110 0.000307350 0.000418190 0.000423270 0.000316240 0.000567880 0.000387650 0.000499240 0.000311590 0.000390490 0.000390780 0.000462370 0.000372250 0.000378720 0.000447150 0.000449080 0.000367390 0.000592300 
18     0.000069430 0.000087540 0.000062480 0.000016530 0.000000000 0.000012780 0.000007790 0.000011240 0.000065100 0.000123560 0.000091020 0.000123530 0.000122810 0.000123220 0.000154050 0.000184700 0.000088780 0.000081100 0.000141060 0.000108430 0.000155650 0.000079840 0.000116470 0.000076940 0.000063610 0.000106690 0.000075360 0.000097670 0.000194010 0.000146450 0.000236790 0.000217500 0.000288690 0.000310140 0.000298380 0.000409220 0.000414300 0.000307270 0.000558910 0.000378680 0.000490270 0.000302620 0.000381520 0.000381810 0.000519990 0.000363280 0.000369750 0.000438180 0.000440110 0.000358420 0.000583330 
8     0.000074650 0.000092760 0.000067700 0.000005990 0.000012780 0.000000000 0.000017270 0.000020720 0.000070320 0.000074000 0.000096240 0.000128750 0.000128030 0.000128440 0.000159270 0.000189920 0.000094000 0.000086320 0.000146280 0.000113650 0.000160870 0.000085060 0.000121690 0.000082160 0.000068830 0.000111910 0.000080580 0.000102890 0.000199230 0.000151670 0.000217630 0.000222720 0.000293910 0.000315360 0.000303600 0.000401000 0.000399650 0.000312490 0.000564130 0.000383900 0.000495490 0.000307840 0.000386740 0.000387030 0.000465350 0.000368500 0.000374970 0.000443400 0.000445330 0.000363640 0.000588550 
6     0.000073920 0.000092030 0.000066970 0.000021020 0.000007790 0.000017270 0.000000000 0.000006000 0.000069590 0.000128050 0.000095510 0.000128020 0.000127300 0.000127710 0.000158540 0.000189190 0.000093270 0.000085590 0.000145550 0.000112920 0.000160140 0.000084330 0.000120960 0.000081430 0.000068100 0.000111180 0.000079850 0.000102160 0.000198500 0.000150940 0.000241280 0.000221990 0.000293180 0.000314630 0.000302870 0.000413710 0.000418790 0.000311760 0.000563400 0.000383170 0.000494760 0.000307110 0.000386010 0.000386300 0.000501750 0.000367770 0.000374240 0.000442670 0.000444600 0.000362910 0.000587820 
29     0.000077370 0.000095480 0.000070420 0.000024470 0.000011240 0.000020720 0.000006000 0.000000000 0.000073040 0.000131500 0.000098960 0.000131470 0.000130750 0.000131160 0.000161990 0.000192640 0.000096720 0.000089040 0.000149000 0.000116370 0.000163590 0.000087780 0.000124410 0.000084880 0.000071550 0.000114630 0.000083300 0.000105610 0.000201950 0.000154390 0.000244730 0.000225440 0.000296630 0.000318080 0.000306320 0.000417160 0.000422240 0.000315210 0.000566850 0.000386620 0.000498210 0.000310560 0.000389460 0.000389750 0.000518110 0.000371220 0.000377690 0.000446120 0.000448050 0.000366360 0.000591270 
16     0.000061270 0.000079380 0.000054320 0.000074070 0.000065100 0.000070320 0.000069590 0.000073040 0.000000000 0.000000000 0.000033980 0.000115850 0.000115130 0.000115540 0.000146370 0.000177020 0.000081100 0.000073420 0.000133380 0.000100750 0.000141570 0.000072160 0.000108790 0.000069260 0.000055930 0.000099010 0.000067680 0.000089990 0.000186330 0.000138770 0.000187590 0.000209820 0.000281010 0.000302460 0.000290700 0.000370960 0.000369610 0.000299590 0.000551230 0.000371000 0.000365900 0.000294940 0.000373840 0.000374130 0.000255470 0.000355600 0.000362070 0.000430500 0.000432430 0.000350740 0.000575650 
14     0.000061310 0.000137840 0.000112780 0.000132530 0.000123560 0.000074000 0.000128050 0.000131500 0.000000000 0.000000000 0.000022660 0.000174310 0.000173590 0.000174000 0.000194590 0.000186910 0.000139560 0.000131880 0.000191840 0.000157600 0.000141570 0.000130620 0.000143470 0.000127720 0.000114390 0.000139100 0.000126140 0.000136200 0.000244790 0.000197230 0.000123570 0.000268280 0.000339470 0.000360920 0.000349160 0.000306940 0.000305590 0.000358050 0.000609690 0.000429460 0.000541050 0.000353400 0.000432300 0.000432590 0.000441730 0.000414060 0.000420530 0.000488960 0.000490890 0.000409200 0.000634110 
10     0.000032210 0.000105300 0.000080240 0.000099990 0.000091020 0.000096240 0.000095510 0.000098960 0.000033980 0.000022660 0.000000000 0.000141770 0.000141050 0.000141460 0.000172290 0.000202940 0.000107020 0.000099340 0.000159300 0.000126670 0.000173890 0.000098080 0.000134710 0.000095180 0.000081850 0.000124930 0.000093600 0.000115910 0.000212250 0.000164690 0.000094470 0.000235740 0.000306930 0.000328380 0.000316620 0.000277840 0.000276490 0.000325510 0.000577150 0.000396920 0.000463070 0.000320860 0.000399760 0.000400050 0.000352640 0.000381520 0.000387990 0.000456420 0.000458350 0.000376660 0.000601570 
5     0.000120180 0.000138290 0.000113230 0.000132500 0.000123530 0.000128750 0.000128020 0.000131470 0.000115850 0.000174310 0.000141770 0.000000000 0.000050200 0.000000440 0.000089260 0.000119910 0.000123390 0.000115710 0.000175670 0.000143040 0.000190260 0.000114450 0.000151080 0.000111550 0.000098220 0.000141300 0.000109970 0.000132280 0.000226060 0.000178500 0.000268840 0.000249550 0.000320740 0.000342190 0.000330430 0.000276260 0.000274910 0.000339320 0.000590960 0.000410730 0.000522320 0.000089520 0.000084860 0.000090810 0.000248370 0.000395330 0.000401800 0.000470230 0.000472160 0.000390470 0.000615380 
23     0.000119460 0.000137570 0.000112510 0.000131780 0.000122810 0.000128030 0.000127300 0.000130750 0.000115130 0.000173590 0.000141050 0.000050200 0.000000000 0.000002380 0.000088540 0.000119190 0.000122670 0.000114990 0.000174950 0.000142320 0.000189540 0.000113730 0.000150360 0.000110830 0.000097500 0.000140580 0.000109250 0.000131560 0.000225340 0.000177780 0.000268120 0.000248830 0.000320020 0.000341470 0.000329710 0.000322130 0.000320780 0.000338600 0.000590240 0.000410010 0.000521600 0.000135390 0.000318240 0.000311790 0.000294240 0.000394610 0.000401080 0.000469510 0.000471440 0.000389750 0.000614660 
25     0.000119870 0.000137980 0.000112920 0.000132190 0.000123220 0.000128440 0.000127710 0.000131160 0.000115540 0.000174000 0.000141460 0.000000440 0.000002380 0.000000000 0.000088950 0.000119600 0.000123080 0.000115400 0.000175360 0.000142730 0.000189950 0.000114140 0.000150770 0.000111240 0.000097910 0.000140990 0.000109660 0.000131970 0.000225750 0.000178190 0.000268530 0.000249240 0.000320430 0.000341880 0.000330120 0.000245290 0.000243940 0.000339010 0.000590650 0.000410420 0.000522010 0.000058550 0.000241400 0.000234950 0.000217400 0.000380590 0.000401490 0.000469920 0.000471850 0.000390160 0.000615070 
20     0.000150700 0.000168810 0.000143750 0.000163020 0.000154050 0.000159270 0.000158540 0.000161990 0.000146370 0.000194590 0.000172290 0.000089260 0.000088540 0.000088950 0.000000000 0.000007930 0.000103890 0.000146230 0.000206190 0.000084690 0.000068660 0.000068150 0.000070560 0.000142070 0.000128740 0.000066190 0.000069640 0.000063290 0.000256580 0.000209020 0.000299360 0.000280070 0.000351260 0.000372710 0.000360950 0.000471790 0.000476870 0.000369840 0.000621480 0.000441250 0.000552840 0.000296590 0.000444090 0.000444380 0.000455440 0.000425850 0.000432320 0.000500750 0.000502680 0.000420990 0.000645900 
11     0.000181350 0.000199460 0.000174400 0.000193670 0.000184700 0.000189920 0.000189190 0.000192640 0.000177020 0.000186910 0.000202940 0.000119910 0.000119190 0.000119600 0.000007930 0.000000000 0.000096210 0.000176880 0.000236840 0.000077010 0.000060980 0.000060470 0.000062880 0.000172720 0.000159390 0.000058510 0.000061960 0.000055610 0.000287230 0.000239670 0.000330010 0.000310720 0.000381910 0.000403360 0.000391600 0.000380820 0.000379470 0.000400490 0.000652130 0.000471900 0.000583490 0.000194080 0.000376930 0.000370480 0.000352930 0.000456500 0.000462970 0.000531400 0.000533330 0.000451640 0.000676550 
21     0.000085430 0.000103540 0.000078480 0.000097750 0.000088780 0.000094000 0.000093270 0.000096720 0.000081100 0.000139560 0.000107020 0.000123390 0.000122670 0.000123080 0.000103890 0.000096210 0.000000000 0.000014320 0.000074280 0.000064880 0.000036290 0.000035780 0.000050750 0.000057600 0.000044270 0.000046380 0.000049830 0.000043480 0.000193870 0.000146310 0.000236650 0.000217360 0.000288550 0.000310000 0.000298240 0.000409080 0.000414160 0.000307130 0.000558770 0.000378540 0.000490130 0.000302480 0.000381380 0.000381670 0.000553530 0.000363140 0.000369610 0.000438040 0.000439970 0.000358280 0.000583190 
26     0.000077750 0.000095860 0.000070800 0.000090070 0.000081100 0.000086320 0.000085590 0.000089040 0.000073420 0.000131880 0.000099340 0.000115710 0.000114990 0.000115400 0.000146230 0.000176880 0.000014320 0.000000000 0.000020390 0.000081530 0.000120670 0.000044860 0.000089450 0.000049920 0.000036590 0.000079670 0.000048340 0.000070650 0.000186190 0.000138630 0.000228970 0.000209680 0.000280870 0.000302320 0.000290560 0.000401400 0.000406480 0.000299450 0.000551090 0.000370860 0.000482450 0.000268390 0.000373700 0.000373990 0.000427240 0.000355460 0.000361930 0.000430360 0.000432290 0.000350600 0.000575510 
9     0.000137710 0.000155820 0.000130760 0.000150030 0.000141060 0.000146280 0.000145550 0.000149000 0.000133380 0.000191840 0.000159300 0.000175670 0.000174950 0.000175360 0.000206190 0.000236840 0.000074280 0.000020390 0.000000000 0.000141490 0.000180630 0.000104820 0.000149410 0.000109880 0.000096550 0.000139630 0.000108300 0.000130610 0.000246150 0.000198590 0.000288930 0.000269640 0.000340830 0.000362280 0.000350520 0.000461360 0.000466440 0.000359410 0.000611050 0.000430820 0.000542410 0.000299740 0.000433660 0.000433950 0.000458590 0.000415420 0.000421890 0.000490320 0.000492250 0.000410560 0.000635470 
19     0.000105080 0.000123190 0.000098130 0.000117400 0.000108430 0.000113650 0.000112920 0.000116370 0.000100750 0.000157600 0.000126670 0.000143040 0.000142320 0.000142730 0.000084690 0.000077010 0.000064880 0.000081530 0.000141490 0.000000000 0.000029650 0.000029140 0.000031550 0.000077370 0.000064040 0.000027180 0.000030630 0.000024280 0.000213520 0.000165960 0.000256300 0.000237010 0.000308200 0.000329650 0.000317890 0.000428730 0.000433810 0.000326780 0.000578420 0.000398190 0.000509780 0.000322130 0.000401030 0.000401320 0.000519370 0.000382790 0.000389260 0.000457690 0.000459620 0.000377930 0.000602840 
3     0.000152300 0.000170410 0.000145350 0.000164620 0.000155650 0.000160870 0.000160140 0.000163590 0.000141570 0.000141570 0.000173890 0.000190260 0.000189540 0.000189950 0.000068660 0.000060980 0.000036290 0.000120670 0.000180630 0.000029650 0.000000000 0.000000550 0.000015520 0.000087600 0.000111140 0.000011150 0.000014600 0.000008250 0.000260740 0.000213180 0.000303520 0.000284230 0.000355420 0.000376870 0.000365110 0.000475950 0.000481030 0.000374000 0.000625640 0.000445410 0.000557000 0.000369350 0.000448250 0.000448540 0.000620400 0.000430010 0.000436480 0.000504910 0.000506840 0.000425150 0.000650060 
24     0.000076490 0.000094600 0.000069540 0.000088810 0.000079840 0.000085060 0.000084330 0.000087780 0.000072160 0.000130620 0.000098080 0.000114450 0.000113730 0.000114140 0.000068150 0.000060470 0.000035780 0.000044860 0.000104820 0.000029140 0.000000550 0.000000000 0.000015010 0.000048660 0.000035330 0.000010640 0.000014090 0.000007740 0.000184930 0.000137370 0.000227710 0.000208420 0.000279610 0.000301060 0.000289300 0.000400140 0.000405220 0.000298190 0.000549830 0.000369600 0.000481190 0.000293540 0.000372440 0.000372730 0.000544570 0.000354200 0.000360670 0.000429100 0.000431030 0.000349340 0.000574250 
7     0.000113120 0.000131230 0.000106170 0.000125440 0.000116470 0.000121690 0.000120960 0.000124410 0.000108790 0.000143470 0.000134710 0.000151080 0.000150360 0.000150770 0.000070560 0.000062880 0.000050750 0.000089450 0.000149410 0.000031550 0.000015520 0.000015010 0.000000000 0.000009320 0.000022360 0.000012850 0.000016340 0.000009950 0.000221560 0.000174000 0.000264340 0.000245050 0.000316240 0.000337690 0.000325930 0.000418590 0.000417240 0.000334820 0.000586460 0.000406230 0.000517820 0.000231850 0.000409070 0.000408250 0.000390700 0.000390830 0.000397300 0.000465730 0.000467660 0.000385970 0.000610880 
2     0.000073590 0.000091700 0.000066640 0.000085910 0.000076940 0.000082160 0.000081430 0.000084880 0.000069260 0.000127720 0.000095180 0.000111550 0.000110830 0.000111240 0.000142070 0.000172720 0.000057600 0.000049920 0.000109880 0.000077370 0.000087600 0.000048660 0.000009320 0.000000000 0.000019530 0.000062610 0.000031280 0.000053590 0.000182030 0.000134470 0.000224810 0.000205520 0.000276710 0.000298160 0.000286400 0.000397240 0.000402320 0.000295290 0.000546930 0.000366700 0.000478290 0.000222950 0.000369540 0.000369830 0.000381800 0.000351300 0.000357770 0.000426200 0.000428130 0.000346440 0.000571350 
15     0.000060260 0.000078370 0.000053310 0.000072580 0.000063610 0.000068830 0.000068100 0.000071550 0.000055930 0.000114390 0.000081850 0.000098220 0.000097500 0.000097910 0.000128740 0.000159390 0.000044270 0.000036590 0.000096550 0.000064040 0.000111140 0.000035330 0.000022360 0.000019530 0.000000000 0.000048960 0.000017630 0.000037720 0.000168700 0.000121140 0.000211480 0.000192190 0.000263380 0.000284830 0.000273070 0.000383910 0.000388990 0.000281960 0.000533600 0.000353370 0.000464960 0.000277310 0.000356210 0.000356500 0.000528360 0.000337970 0.000344440 0.000412870 0.000414800 0.000333110 0.000558020 
4     0.000103340 0.000121450 0.000096390 0.000115660 0.000106690 0.000111910 0.000111180 0.000114630 0.000099010 0.000139100 0.000124930 0.000141300 0.000140580 0.000140990 0.000066190 0.000058510 0.000046380 0.000079670 0.000139630 0.000027180 0.000011150 0.000010640 0.000012850 0.000062610 0.000048960 0.000000000 0.000011970 0.000002900 0.000211780 0.000164220 0.000254560 0.000235270 0.000306460 0.000327910 0.000316150 0.000369090 0.000367740 0.000325040 0.000576680 0.000396450 0.000508040 0.000182350 0.000365200 0.000358750 0.000341200 0.000381050 0.000387520 0.000455950 0.000457880 0.000376190 0.000601100 
31     0.000072010 0.000090120 0.000065060 0.000084330 0.000075360 0.000080580 0.000079850 0.000083300 0.000067680 0.000126140 0.000093600 0.000109970 0.000109250 0.000109660 0.000069640 0.000061960 0.000049830 0.000048340 0.000108300 0.000030630 0.000014600 0.000014090 0.000016340 0.000031280 0.000017630 0.000011970 0.000000000 0.000009070 0.000180450 0.000132890 0.000223230 0.000203940 0.000275130 0.000296580 0.000284820 0.000395660 0.000396260 0.000293710 0.000545350 0.000365120 0.000476710 0.000210870 0.000367960 0.000368250 0.000369720 0.000349720 0.000356190 0.000424620 0.000426550 0.000344860 0.000569770 
32     0.000094320 0.000112430 0.000087370 0.000106640 0.000097670 0.000102890 0.000102160 0.000105610 0.000089990 0.000136200 0.000115910 0.000132280 0.000131560 0.000131970 0.000063290 0.000055610 0.000043480 0.000070650 0.000130610 0.000024280 0.000008250 0.000007740 0.000009950 0.000053590 0.000037720 0.000002900 0.000009070 0.000000000 0.000202760 0.000155200 0.000245540 0.000226250 0.000297440 0.000318890 0.000307130 0.000417970 0.000423050 0.000316020 0.000567660 0.000387430 0.000499020 0.000311370 0.000390270 0.000390560 0.000562420 0.000372030 0.000378500 0.000446930 0.000448860 0.000367170 0.000592080 
12     0.000190660 0.000208770 0.000183710 0.000202980 0.000194010 0.000199230 0.000198500 0.000201950 0.000186330 0.000244790 0.000212250 0.000226060 0.000225340 0.000225750 0.000256580 0.000287230 0.000193870 0.000186190 0.000246150 0.000213520 0.000260740 0.000184930 0.000221560 0.000182030 0.000168700 0.000211780 0.000180450 0.000202760 0.000000000 0.000000620 0.000173440 0.000154150 0.000330040 0.000351490 0.000339730 0.000450570 0.000455650 0.000348620 0.000600260 0.000420030 0.000531620 0.000343970 0.000422870 0.000423160 0.000595020 0.000404630 0.000411100 0.000479530 0.000481460 0.000399770 0.000624680 
30     0.000143100 0.000161210 0.000136150 0.000155420 0.000146450 0.000151670 0.000150940 0.000154390 0.000138770 0.000197230 0.000164690 0.000178500 0.000177780 0.000178190 0.000209020 0.000239670 0.000146310 0.000138630 0.000198590 0.000165960 0.000213180 0.000137370 0.000174000 0.000134470 0.000121140 0.000164220 0.000132890 0.000155200 0.000000620 0.000000000 0.000125880 0.000106590 0.000282480 0.000303930 0.000292170 0.000403010 0.000408090 0.000301060 0.000552700 0.000372470 0.000484060 0.000296410 0.000375310 0.000375600 0.000547460 0.000357070 0.000363540 0.000431970 0.000433900 0.000352210 0.000577120 
17     0.000065600 0.000251550 0.000226490 0.000245760 0.000236790 0.000217630 0.000241280 0.000244730 0.000187590 0.000123570 0.000094470 0.000268840 0.000268120 0.000268530 0.000299360 0.000330010 0.000236650 0.000228970 0.000288930 0.000256300 0.000303520 0.000227710 0.000264340 0.000224810 0.000211480 0.000254560 0.000223230 0.000245540 0.000173440 0.000125880 0.000000000 0.000151660 0.000315220 0.000366760 0.000382510 0.000217410 0.000216060 0.000391400 0.000451360 0.000462810 0.000513040 0.000352330 0.000465650 0.000465940 0.000402610 0.000447410 0.000453880 0.000522310 0.000524240 0.000442550 0.000667460 
1     0.000214150 0.000232260 0.000207200 0.000226470 0.000217500 0.000222720 0.000221990 0.000225440 0.000209820 0.000268280 0.000235740 0.000249550 0.000248830 0.000249240 0.000280070 0.000310720 0.000217360 0.000209680 0.000269640 0.000237010 0.000284230 0.000208420 0.000245050 0.000205520 0.000192190 0.000235270 0.000203940 0.000226250 0.000154150 0.000106590 0.000151660 0.000000000 0.000353530 0.000374980 0.000363220 0.000474060 0.000479140 0.000372110 0.000623750 0.000443520 0.000555110 0.000367460 0.000446360 0.000446650 0.000596530 0.000428120 0.000434590 0.000503020 0.000504950 0.000423260 0.000648170 
33     0.000285340 0.000303450 0.000278390 0.000297660 0.000288690 0.000293910 0.000293180 0.000296630 0.000281010 0.000339470 0.000306930 0.000320740 0.000320020 0.000320430 0.000351260 0.000381910 0.000288550 0.000280870 0.000340830 0.000308200 0.000355420 0.000279610 0.000316240 0.000276710 0.000263380 0.000306460 0.000275130 0.000297440 0.000330040 0.000282480 0.000315220 0.000353530 0.000000000 0.000022390 0.000018650 0.000117470 0.000116120 0.000076060 0.000327700 0.000147470 0.000259060 0.000071410 0.000150310 0.000150600 0.000322460 0.000132070 0.000138540 0.000206970 0.000208900 0.000127210 0.000352120 
39     0.000306790 0.000324900 0.000299840 0.000319110 0.000310140 0.000315360 0.000314630 0.000318080 0.000302460 0.000360920 0.000328380 0.000342190 0.000341470 0.000341880 0.000372710 0.000403360 0.000310000 0.000302320 0.000362280 0.000329650 0.000376870 0.000301060 0.000337690 0.000298160 0.000284830 0.000327910 0.000296580 0.000318890 0.000351490 0.000303930 0.000366760 0.000374980 0.000022390 0.000000000 0.000019560 0.000164660 0.000167660 0.000085320 0.000349150 0.000168920 0.000280510 0.000092860 0.000171760 0.000172050 0.000343910 0.000153520 0.000159990 0.000228420 0.000230350 0.000148660 0.000373570 
43     0.000295030 0.000313140 0.000288080 0.000307350 0.000298380 0.000303600 0.000302870 0.000306320 0.000290700 0.000349160 0.000316620 0.000330430 0.000329710 0.000330120 0.000360950 0.000391600 0.000298240 0.000290560 0.000350520 0.000317890 0.000365110 0.000289300 0.000325930 0.000286400 0.000273070 0.000316150 0.000284820 0.000307130 0.000339730 0.000292170 0.000382510 0.000363220 0.000018650 0.000019560 0.000000000 0.000152900 0.000157980 0.000085750 0.000337390 0.000157160 0.000268750 0.000081100 0.000160000 0.000160290 0.000332150 0.000141760 0.000148230 0.000216660 0.000218590 0.000136900 0.000361810 
38     0.000248970 0.000423980 0.000398920 0.000418190 0.000409220 0.000401000 0.000413710 0.000417160 0.000370960 0.000306940 0.000277840 0.000276260 0.000322130 0.000245290 0.000471790 0.000380820 0.000409080 0.000401400 0.000461360 0.000428730 0.000475950 0.000400140 0.000418590 0.000397240 0.000383910 0.000369090 0.000395660 0.000417970 0.000450570 0.000403010 0.000217410 0.000474060 0.000117470 0.000164660 0.000152900 0.000000000 0.000000050 0.000196590 0.000448230 0.000268000 0.000379590 0.000191940 0.000270840 0.000271130 0.000397230 0.000252600 0.000259070 0.000327500 0.000329430 0.000247740 0.000472650 
42     0.000247620 0.000429060 0.000404000 0.000423270 0.000414300 0.000399650 0.000418790 0.000422240 0.000369610 0.000305590 0.000276490 0.000274910 0.000320780 0.000243940 0.000476870 0.000379470 0.000414160 0.000406480 0.000466440 0.000433810 0.000481030 0.000405220 0.000417240 0.000402320 0.000388990 0.000367740 0.000396260 0.000423050 0.000455650 0.000408090 0.000216060 0.000479140 0.000116120 0.000167660 0.000157980 0.000000050 0.000000000 0.000201670 0.000453310 0.000273080 0.000384670 0.000197020 0.000275920 0.000276210 0.000395880 0.000257680 0.000264150 0.000332580 0.000334510 0.000252820 0.000477730 
50     0.000303920 0.000322030 0.000296970 0.000316240 0.000307270 0.000312490 0.000311760 0.000315210 0.000299590 0.000358050 0.000325510 0.000339320 0.000338600 0.000339010 0.000369840 0.000400490 0.000307130 0.000299450 0.000359410 0.000326780 0.000374000 0.000298190 0.000334820 0.000295290 0.000281960 0.000325040 0.000293710 0.000316020 0.000348620 0.000301060 0.000391400 0.000372110 0.000076060 0.000085320 0.000085750 0.000196590 0.000201670 0.000000000 0.000120670 0.000110110 0.000221700 0.000034050 0.000112950 0.000113240 0.000285100 0.000094710 0.000101180 0.000169610 0.000171540 0.000089850 0.000358040 
45     0.000555560 0.000573670 0.000548610 0.000567880 0.000558910 0.000564130 0.000563400 0.000566850 0.000551230 0.000609690 0.000577150 0.000590960 0.000590240 0.000590650 0.000621480 0.000652130 0.000558770 0.000551090 0.000611050 0.000578420 0.000625640 0.000549830 0.000586460 0.000546930 0.000533600 0.000576680 0.000545350 0.000567660 0.000600260 0.000552700 0.000451360 0.000623750 0.000327700 0.000349150 0.000337390 0.000448230 0.000453310 0.000120670 0.000000000 0.000361750 0.000473340 0.000285690 0.000364590 0.000364880 0.000536740 0.000346350 0.000352820 0.000421250 0.000423180 0.000341490 0.000609680 
44     0.000375330 0.000393440 0.000368380 0.000387650 0.000378680 0.000383900 0.000383170 0.000386620 0.000371000 0.000429460 0.000396920 0.000410730 0.000410010 0.000410420 0.000441250 0.000471900 0.000378540 0.000370860 0.000430820 0.000398190 0.000445410 0.000369600 0.000406230 0.000366700 0.000353370 0.000396450 0.000365120 0.000387430 0.000420030 0.000372470 0.000462810 0.000443520 0.000147470 0.000168920 0.000157160 0.000268000 0.000273080 0.000110110 0.000361750 0.000000000 0.000002750 0.000096640 0.000097550 0.000098440 0.000354010 0.000163420 0.000169890 0.000238320 0.000240250 0.000158560 0.000429450 
48     0.000486920 0.000470550 0.000479970 0.000499240 0.000490270 0.000495490 0.000494760 0.000498210 0.000365900 0.000541050 0.000463070 0.000522320 0.000521600 0.000522010 0.000552840 0.000583490 0.000490130 0.000482450 0.000542410 0.000509780 0.000557000 0.000481190 0.000517820 0.000478290 0.000464960 0.000508040 0.000476710 0.000499020 0.000531620 0.000484060 0.000513040 0.000555110 0.000259060 0.000280510 0.000268750 0.000379590 0.000384670 0.000221700 0.000473340 0.000002750 0.000000000 0.000090760 0.000099720 0.000100610 0.000175210 0.000275010 0.000281480 0.000349910 0.000351840 0.000270150 0.000541040 
35     0.000299270 0.000317380 0.000292320 0.000311590 0.000302620 0.000307840 0.000307110 0.000310560 0.000294940 0.000353400 0.000320860 0.000089520 0.000135390 0.000058550 0.000296590 0.000194080 0.000302480 0.000268390 0.000299740 0.000322130 0.000369350 0.000293540 0.000231850 0.000222950 0.000277310 0.000182350 0.000210870 0.000311370 0.000343970 0.000296410 0.000352330 0.000367460 0.000071410 0.000092860 0.000081100 0.000191940 0.000197020 0.000034050 0.000285690 0.000096640 0.000090760 0.000000000 0.000044020 0.000067320 0.000093640 0.000087360 0.000093830 0.000162260 0.000164190 0.000082500 0.000353390 
49     0.000378170 0.000396280 0.000371220 0.000390490 0.000381520 0.000386740 0.000386010 0.000389460 0.000373840 0.000432300 0.000399760 0.000084860 0.000318240 0.000241400 0.000444090 0.000376930 0.000381380 0.000373700 0.000433660 0.000401030 0.000448250 0.000372440 0.000409070 0.000369540 0.000356210 0.000365200 0.000367960 0.000390270 0.000422870 0.000375310 0.000465650 0.000446360 0.000150310 0.000171760 0.000160000 0.000270840 0.000275920 0.000112950 0.000364590 0.000097550 0.000099720 0.000044020 0.000000000 0.000002130 0.000075400 0.000166460 0.000172930 0.000241360 0.000243290 0.000161600 0.000432290 
34     0.000378460 0.000396570 0.000371510 0.000390780 0.000381810 0.000387030 0.000386300 0.000389750 0.000374130 0.000432590 0.000400050 0.000090810 0.000311790 0.000234950 0.000444380 0.000370480 0.000381670 0.000373990 0.000433950 0.000401320 0.000448540 0.000372730 0.000408250 0.000369830 0.000356500 0.000358750 0.000368250 0.000390560 0.000423160 0.000375600 0.000465940 0.000446650 0.000150600 0.000172050 0.000160290 0.000271130 0.000276210 0.000113240 0.000364880 0.000098440 0.000100610 0.000067320 0.000002130 0.000000000 0.000068950 0.000166750 0.000173220 0.000215690 0.000243580 0.000161890 0.000432580 
47     0.000387220 0.000360120 0.000543370 0.000462370 0.000519990 0.000465350 0.000501750 0.000518110 0.000255470 0.000441730 0.000352640 0.000248370 0.000294240 0.000217400 0.000455440 0.000352930 0.000553530 0.000427240 0.000458590 0.000519370 0.000620400 0.000544570 0.000390700 0.000381800 0.000528360 0.000341200 0.000369720 0.000562420 0.000595020 0.000547460 0.000402610 0.000596530 0.000322460 0.000343910 0.000332150 0.000397230 0.000395880 0.000285100 0.000536740 0.000354010 0.000175210 0.000093640 0.000075400 0.000068950 0.000000000 0.000331040 0.000345080 0.000364710 0.000362160 0.000327420 0.000604440 
41     0.000359930 0.000378040 0.000352980 0.000372250 0.000363280 0.000368500 0.000367770 0.000371220 0.000355600 0.000414060 0.000381520 0.000395330 0.000394610 0.000380590 0.000425850 0.000456500 0.000363140 0.000355460 0.000415420 0.000382790 0.000430010 0.000354200 0.000390830 0.000351300 0.000337970 0.000381050 0.000349720 0.000372030 0.000404630 0.000357070 0.000447410 0.000428120 0.000132070 0.000153520 0.000141760 0.000252600 0.000257680 0.000094710 0.000346350 0.000163420 0.000275010 0.000087360 0.000166460 0.000166750 0.000331040 0.000000000 0.000003110 0.000146100 0.000148030 0.000066340 0.000414050 
36     0.000366400 0.000384510 0.000359450 0.000378720 0.000369750 0.000374970 0.000374240 0.000377690 0.000362070 0.000420530 0.000387990 0.000401800 0.000401080 0.000401490 0.000432320 0.000462970 0.000369610 0.000361930 0.000421890 0.000389260 0.000436480 0.000360670 0.000397300 0.000357770 0.000344440 0.000387520 0.000356190 0.000378500 0.000411100 0.000363540 0.000453880 0.000434590 0.000138540 0.000159990 0.000148230 0.000259070 0.000264150 0.000101180 0.000352820 0.000169890 0.000281480 0.000093830 0.000172930 0.000173220 0.000345080 0.000003110 0.000000000 0.000140750 0.000142680 0.000017920 0.000420520 
40     0.000434830 0.000452940 0.000427880 0.000447150 0.000438180 0.000443400 0.000442670 0.000446120 0.000430500 0.000488960 0.000456420 0.000470230 0.000469510 0.000469920 0.000500750 0.000531400 0.000438040 0.000430360 0.000490320 0.000457690 0.000504910 0.000429100 0.000465730 0.000426200 0.000412870 0.000455950 0.000424620 0.000446930 0.000479530 0.000431970 0.000522310 0.000503020 0.000206970 0.000228420 0.000216660 0.000327500 0.000332580 0.000169610 0.000421250 0.000238320 0.000349910 0.000162260 0.000241360 0.000215690 0.000364710 0.000146100 0.000140750 0.000000000 0.000004090 0.000109740 0.000488950 
46     0.000436760 0.000454870 0.000429810 0.000449080 0.000440110 0.000445330 0.000444600 0.000448050 0.000432430 0.000490890 0.000458350 0.000472160 0.000471440 0.000471850 0.000502680 0.000533330 0.000439970 0.000432290 0.000492250 0.000459620 0.000506840 0.000431030 0.000467660 0.000428130 0.000414800 0.000457880 0.000426550 0.000448860 0.000481460 0.000433900 0.000524240 0.000504950 0.000208900 0.000230350 0.000218590 0.000329430 0.000334510 0.000171540 0.000423180 0.000240250 0.000351840 0.000164190 0.000243290 0.000243580 0.000362160 0.000148030 0.000142680 0.000004090 0.000000000 0.000038860 0.000490880 
37     0.000355070 0.000373180 0.000348120 0.000367390 0.000358420 0.000363640 0.000362910 0.000366360 0.000350740 0.000409200 0.000376660 0.000390470 0.000389750 0.000390160 0.000420990 0.000451640 0.000358280 0.000350600 0.000410560 0.000377930 0.000425150 0.000349340 0.000385970 0.000346440 0.000333110 0.000376190 0.000344860 0.000367170 0.000399770 0.000352210 0.000442550 0.000423260 0.000127210 0.000148660 0.000136900 0.000247740 0.000252820 0.000089850 0.000341490 0.000158560 0.000270150 0.000082500 0.000161600 0.000161890 0.000327420 0.000066340 0.000017920 0.000109740 0.000038860 0.000000000 0.000409190 
0     0.000579980 0.000598090 0.000573030 0.000592300 0.000583330 0.000588550 0.000587820 0.000591270 0.000575650 0.000634110 0.000601570 0.000615380 0.000614660 0.000615070 0.000645900 0.000676550 0.000583190 0.000575510 0.000635470 0.000602840 0.000650060 0.000574250 0.000610880 0.000571350 0.000558020 0.000601100 0.000569770 0.000592080 0.000624680 0.000577120 0.000667460 0.000648170 0.000352120 0.000373570 0.000361810 0.000472650 0.000477730 0.000358040 0.000609680 0.000429450 0.000541040 0.000353390 0.000432290 0.000432580 0.000604440 0.000414050 0.000420520 0.000488950 0.000490880 0.000409190 0.000000000 
