51
22     0.000000000 0.007182580 0.006984128 0.013657475 0.013446211 0.013833604 0.015562354 0.015608021 0.012362834 0.014397502 0.013104721 0.022518380 0.023350393 0.023300749 0.026616381 0.023955975 0.027302235 0.018460564 0.019054568 0.022334758 0.021327596 0.028319659 0.018332942 0.019073151 0.018798216 0.020292825 0.019104605 0.018115233 0.031342079 0.035750168 0.027418786 0.032104094 0.030783474 0.035332262 0.035734858 0.033836142 0.034411108 0.031534481 0.037073023 0.037031662 0.036289459 0.032561576 0.034020323 0.033902134 0.036408103 0.032291334 0.037895550 0.038011848 0.038225569 0.038149900 0.069958549 
27     0.007182580 0.000000000 0.006321574 0.013223178 0.013025542 0.013404076 0.015135923 0.015181929 0.011863130 0.013893631 0.012593078 0.022079622 0.022911636 0.022861992 0.026190147 0.023529741 0.026821227 0.017979557 0.018573560 0.021853750 0.020846588 0.027838162 0.017849726 0.018589935 0.018315001 0.019809609 0.018621390 0.017632017 0.030877797 0.035285886 0.026954653 0.031639961 0.030302267 0.034851055 0.035253651 0.033354935 0.033929900 0.031053274 0.036591816 0.036550848 0.035808645 0.032080369 0.033539116 0.033420927 0.035926895 0.031810127 0.037414343 0.037530641 0.037744362 0.037668693 0.069476907 
13     0.006984128 0.006321574 0.000000000 0.013142225 0.012937738 0.013325130 0.015058154 0.015103089 0.011885275 0.013916151 0.012619757 0.022039321 0.022871334 0.022821690 0.026149846 0.023489440 0.026830378 0.017988708 0.018582711 0.021862902 0.020855740 0.027847802 0.017858587 0.018598796 0.018323862 0.019818470 0.018630251 0.017640878 0.030870740 0.035278829 0.026947446 0.031632754 0.030312135 0.034860922 0.035263519 0.033364803 0.033939768 0.031063142 0.036601683 0.036560715 0.035818513 0.032090236 0.033548984 0.033430794 0.035936763 0.031819995 0.037424211 0.037540508 0.037754229 0.037678561 0.069487209 
28     0.013657475 0.013223178 0.013142225 0.000000000 0.006527381 0.006616554 0.008200668 0.008273538 0.013928446 0.015858397 0.014545010 0.024120989 0.024950345 0.024900701 0.028242698 0.025579593 0.028843326 0.020003418 0.020597422 0.023875513 0.022863719 0.029862668 0.019860915 0.020601124 0.020326189 0.021820797 0.020632578 0.019643206 0.032957997 0.037367614 0.029037509 0.033742515 0.032301250 0.036850037 0.037252633 0.035345939 0.035921970 0.033055135 0.038604218 0.038550065 0.037807636 0.034084559 0.035543644 0.035425454 0.037931423 0.033814655 0.039419485 0.039535169 0.039748890 0.039673221 0.071497388 
18     0.013446211 0.013025542 0.012937738 0.006527381 0.000000000 0.003619805 0.007836231 0.007978228 0.013750730 0.015695249 0.014381895 0.023904658 0.024734225 0.024684581 0.028012694 0.025356617 0.028654747 0.019814926 0.020408930 0.023687020 0.022675227 0.029674665 0.019672911 0.020413120 0.020138186 0.021632794 0.020444575 0.019455202 0.032753849 0.037163465 0.028833360 0.033538367 0.032117173 0.036665960 0.037068557 0.035161857 0.035737893 0.032871059 0.038420141 0.038365988 0.037623559 0.033900482 0.035359567 0.035241378 0.037747347 0.033630579 0.039235408 0.039351092 0.039564813 0.039489144 0.071313312 
8     0.013833604 0.013404076 0.013325130 0.006616554 0.003619805 0.000000000 0.008006061 0.008061241 0.014143511 0.016077506 0.014764570 0.024296963 0.025126529 0.025076886 0.028404998 0.025748921 0.029007296 0.020167476 0.020761479 0.024039570 0.023027776 0.030026725 0.020024972 0.020765181 0.020490246 0.021984854 0.020796635 0.019807263 0.033131715 0.037541332 0.029211227 0.033916234 0.032487425 0.037036212 0.037438809 0.035532416 0.036108145 0.033241311 0.038790393 0.038736240 0.037993811 0.034270734 0.035729819 0.035611630 0.038117599 0.034000831 0.039605660 0.039721344 0.039935065 0.039859396 0.071683563 
6     0.015562354 0.015135923 0.015058154 0.008200668 0.007836231 0.008006061 0.000000000 0.005388336 0.015821262 0.017754023 0.016439991 0.026014990 0.026844557 0.026794913 0.030130054 0.027466949 0.030725100 0.021885279 0.022479282 0.025757373 0.024745579 0.031744528 0.021742775 0.022482984 0.022208049 0.023702658 0.022514438 0.021525066 0.034850266 0.039259883 0.030929778 0.035634785 0.034199921 0.038748709 0.039151305 0.037244912 0.037820641 0.034953807 0.040502890 0.040448737 0.039706308 0.035983230 0.037442316 0.037324126 0.039830095 0.035713327 0.041318157 0.041433840 0.041647561 0.041571893 0.073396060 
29     0.015608021 0.015181929 0.015103089 0.008273538 0.007978228 0.008061241 0.005388336 0.000000000 0.015899907 0.017830921 0.016517567 0.026074343 0.026903910 0.026854266 0.030189406 0.027526302 0.030784452 0.021944631 0.022538634 0.025816725 0.024804932 0.031803881 0.021802127 0.022542336 0.022267402 0.023762010 0.022573791 0.021584418 0.034914727 0.039324344 0.030994239 0.035699246 0.034270437 0.038819224 0.039221821 0.037315907 0.037891157 0.035024322 0.040573405 0.040519252 0.039776823 0.036053746 0.037512831 0.037394642 0.039900611 0.035783843 0.041388672 0.041504356 0.041718077 0.041642408 0.073466575 
16     0.012362834 0.011863130 0.011885275 0.013928446 0.013750730 0.014143511 0.015821262 0.015899907 0.000000000 0.010638643 0.009309007 0.022149455 0.022979021 0.022929378 0.026198216 0.023541371 0.026874629 0.018005240 0.018599243 0.021898664 0.020861096 0.027879150 0.017878542 0.018618751 0.018343816 0.019839417 0.018650161 0.017660789 0.031034026 0.035442115 0.027108477 0.031776574 0.030426453 0.034975241 0.035380749 0.033480182 0.034054086 0.031174968 0.036724051 0.036674002 0.035931800 0.032204217 0.033663302 0.033545113 0.036033098 0.031934313 0.037538721 0.037654827 0.037868548 0.037792879 0.069597568 
14     0.014397502 0.013893631 0.013916151 0.015858397 0.015695249 0.016077506 0.017754023 0.017830921 0.010638643 0.000000000 0.007034198 0.024138636 0.024968203 0.024918559 0.028179530 0.025517361 0.028902946 0.020059218 0.020653221 0.023917796 0.022863174 0.029859685 0.019884584 0.020624793 0.020349858 0.021845459 0.020656203 0.019666831 0.033052681 0.037460770 0.029150249 0.033830723 0.032427702 0.036976489 0.037381997 0.035481430 0.036055335 0.033175703 0.038724786 0.038671512 0.037929309 0.034204952 0.035664037 0.035545848 0.038031276 0.033933963 0.039538793 0.039654476 0.039868197 0.039792529 0.071604360 
10     0.013104721 0.012593078 0.012619757 0.014545010 0.014381895 0.014764570 0.016439991 0.016517567 0.009309007 0.007034198 0.000000000 0.022894864 0.023724431 0.023674787 0.026935758 0.024276919 0.027615019 0.018771291 0.019365294 0.022629869 0.021636478 0.028625916 0.018646985 0.019387194 0.019112259 0.020607860 0.019418605 0.018429232 0.031713642 0.036121157 0.027811017 0.032491492 0.031069096 0.035617883 0.036007337 0.034148189 0.034722093 0.031845983 0.037395066 0.037341583 0.036599381 0.032875232 0.034334317 0.034216127 0.036701865 0.032604243 0.038209073 0.038324756 0.038538477 0.038462808 0.070274640 
5     0.022518380 0.022079622 0.022039321 0.024120989 0.023904658 0.024296963 0.026014990 0.026074343 0.022149455 0.024138636 0.022894864 0.000000000 0.006783748 0.006576905 0.015095085 0.012590669 0.030130484 0.021257158 0.021851961 0.025205722 0.024061681 0.031085104 0.021283586 0.022027320 0.021751445 0.023151553 0.022053236 0.021059522 0.036036921 0.040447781 0.032079190 0.036772240 0.035610773 0.040159560 0.040563909 0.038632500 0.039204986 0.036379735 0.041899902 0.041864980 0.041122778 0.037392565 0.038849994 0.038731804 0.041239143 0.037122327 0.042710446 0.042825476 0.043039197 0.042963529 0.074698597 
23     0.023350393 0.022911636 0.022871334 0.024950345 0.024734225 0.025126529 0.026844557 0.026903910 0.022979021 0.024968203 0.023724431 0.006783748 0.000000000 0.003226935 0.015719713 0.013383002 0.030916568 0.022043242 0.022638045 0.025987531 0.024887664 0.031900661 0.022070887 0.022853659 0.022577535 0.023938605 0.022840289 0.021846823 0.036873255 0.041275412 0.032910999 0.037604050 0.036428874 0.040977662 0.041382010 0.039450873 0.040023359 0.037197836 0.042718594 0.042683081 0.041940879 0.038210666 0.039668191 0.039550002 0.042057244 0.037940428 0.043528547 0.043643577 0.043857298 0.043781630 0.075516699 
25     0.023300749 0.022861992 0.022821690 0.024900701 0.024684581 0.025076886 0.026794913 0.026854266 0.022929378 0.024918559 0.023674787 0.006576905 0.003226935 0.000000000 0.015783220 0.013410904 0.030867155 0.021993830 0.022588632 0.025938118 0.024838251 0.031851248 0.022021475 0.022804246 0.022528122 0.023889193 0.022790876 0.021797411 0.036823611 0.041225768 0.032861355 0.037554406 0.036379230 0.040928018 0.041332366 0.039401229 0.039973715 0.037148192 0.042681850 0.042633437 0.041891235 0.038161022 0.039618547 0.039500358 0.042007600 0.037890784 0.043478903 0.043593934 0.043807654 0.043731986 0.075467055 
20     0.026616381 0.026190147 0.026149846 0.028242698 0.028012694 0.028404998 0.030130054 0.030189406 0.026198216 0.028179530 0.026935758 0.015095085 0.015719713 0.015783220 0.000000000 0.012944569 0.034239160 0.025365578 0.025960381 0.029317051 0.028168109 0.035179602 0.025388910 0.026132644 0.025854767 0.027261803 0.026163028 0.025171167 0.040113884 0.044504261 0.036119712 0.040816349 0.039641770 0.044190558 0.044564469 0.042662061 0.043234546 0.040407137 0.045933383 0.045879682 0.045137480 0.041407267 0.042866915 0.042748725 0.045255855 0.041132322 0.046711835 0.046827622 0.047041343 0.046965674 0.078731334 
11     0.023955975 0.023529741 0.023489440 0.025579593 0.025356617 0.025748921 0.027466949 0.027526302 0.023541371 0.025517361 0.024276919 0.012590669 0.013383002 0.013410904 0.012944569 0.000000000 0.031578811 0.022695470 0.023290273 0.026657700 0.025493635 0.032516468 0.022717758 0.023461492 0.023184891 0.024590651 0.023491876 0.022500015 0.037402523 0.041792900 0.033427931 0.038116900 0.036888769 0.041437556 0.041841905 0.039896597 0.040469082 0.037667956 0.043194491 0.043115188 0.042372985 0.038642773 0.040101241 0.039983052 0.042486799 0.038379775 0.043959287 0.044075075 0.044288796 0.044213127 0.075997687 
21     0.027302235 0.026821227 0.026830378 0.028843326 0.028654747 0.029007296 0.030725100 0.030784452 0.026874629 0.028902946 0.027615019 0.030130484 0.030916568 0.030867155 0.034239160 0.031578811 0.000000000 0.015508032 0.016002108 0.023822130 0.023581688 0.030620442 0.022547835 0.023351122 0.022996071 0.024408375 0.023306148 0.022348452 0.040648151 0.045067646 0.036654646 0.041355824 0.040137800 0.044686588 0.045092096 0.043190343 0.043765943 0.040895989 0.046447376 0.046378949 0.045636746 0.041904000 0.043350038 0.043231849 0.045738633 0.041593612 0.047161690 0.047282260 0.047510482 0.047420312 0.079287634 
26     0.018460564 0.017979557 0.017988708 0.020003418 0.019814926 0.020167476 0.021885279 0.021944631 0.018005240 0.020059218 0.018771291 0.021257158 0.022043242 0.021993830 0.025365578 0.022695470 0.015508032 0.000000000 0.003905538 0.015111789 0.014700856 0.021688989 0.013709883 0.014522950 0.014189841 0.015587405 0.014494788 0.013522021 0.031848843 0.036263362 0.027854000 0.032555750 0.031279519 0.035828307 0.036233815 0.034330937 0.034907662 0.032025325 0.037582413 0.037522361 0.036780159 0.033047412 0.034502998 0.034384808 0.036885274 0.032782536 0.038373098 0.038485686 0.038699407 0.038623738 0.070443173 
9     0.019054568 0.018573560 0.018582711 0.020597422 0.020408930 0.020761479 0.022479282 0.022538634 0.018599243 0.020653221 0.019365294 0.021851961 0.022638045 0.022588632 0.025960381 0.023290273 0.016002108 0.003905538 0.000000000 0.015693135 0.015317241 0.022268648 0.014278337 0.015091404 0.014758913 0.016157541 0.015063860 0.014091092 0.032441599 0.036856117 0.028446755 0.033148506 0.031872275 0.036421062 0.036826571 0.034923904 0.035500417 0.032618080 0.038175169 0.038115117 0.037372914 0.033640168 0.035095753 0.034977564 0.037478029 0.033375292 0.038965853 0.039078441 0.039292162 0.039216493 0.071035928 
19     0.022334758 0.021853750 0.021862902 0.023875513 0.023687020 0.024039570 0.025757373 0.025816725 0.021898664 0.023917796 0.022629869 0.025205722 0.025987531 0.025938118 0.029317051 0.026657700 0.023822130 0.015111789 0.015693135 0.000000000 0.018806334 0.025725918 0.017746149 0.018550373 0.018226476 0.019628549 0.018516208 0.017536516 0.035822938 0.040237055 0.031801272 0.036495041 0.035229571 0.039778359 0.040168644 0.038296600 0.038871516 0.036019747 0.041571134 0.041463846 0.040721644 0.037005127 0.038489083 0.038370893 0.040877677 0.036761448 0.042349066 0.042464597 0.042678318 0.042602649 0.074397686 
3     0.021327596 0.020846588 0.020855740 0.022863719 0.022675227 0.023027776 0.024745579 0.024804932 0.020861096 0.022863174 0.021636478 0.024061681 0.024887664 0.024838251 0.028168109 0.025493635 0.023581688 0.014700856 0.015317241 0.018806334 0.000000000 0.022443788 0.016475755 0.017232513 0.016929388 0.018345363 0.017246300 0.016261320 0.034668319 0.039090113 0.030693810 0.035386633 0.034148900 0.038697687 0.039103195 0.037202126 0.037777042 0.034915321 0.040466708 0.040400566 0.039658363 0.035925616 0.037384608 0.037266419 0.039774142 0.035657913 0.041248474 0.041361062 0.041574783 0.041499114 0.073268370 
24     0.028319659 0.027838162 0.027847802 0.029862668 0.029674665 0.030026725 0.031744528 0.031803881 0.027879150 0.029859685 0.028625916 0.031085104 0.031900661 0.031851248 0.035179602 0.032516468 0.030620442 0.021688989 0.022268648 0.025725918 0.022443788 0.000000000 0.023626880 0.024397126 0.024092425 0.025490249 0.024392691 0.023408992 0.041762321 0.046183375 0.037779292 0.042483331 0.041193756 0.045742544 0.046148052 0.044246983 0.044821899 0.041942116 0.047499531 0.047431708 0.046689505 0.042955364 0.044421309 0.044303120 0.046810722 0.042694363 0.048284256 0.048396844 0.048610564 0.048534896 0.080300129 
7     0.018332942 0.017849726 0.017858587 0.019860915 0.019672911 0.020024972 0.021742775 0.021802127 0.017878542 0.019884584 0.018646985 0.021283586 0.022070887 0.022021475 0.025388910 0.022717758 0.022547835 0.013709883 0.014278337 0.017746149 0.016475755 0.023626880 0.000000000 0.004815798 0.005534455 0.007478763 0.006046271 0.005278043 0.031810875 0.036223128 0.027829099 0.032530334 0.031324064 0.035872852 0.036278360 0.034377153 0.034952069 0.032090486 0.037641873 0.037575731 0.036833528 0.033101114 0.034560731 0.034442542 0.036949894 0.032833078 0.038423639 0.038536227 0.038749948 0.038674279 0.070473124 
2     0.019073151 0.018589935 0.018598796 0.020601124 0.020413120 0.020765181 0.022482984 0.022542336 0.018618751 0.020624793 0.019387194 0.022027320 0.022853659 0.022804246 0.026132644 0.023461492 0.023351122 0.014522950 0.015091404 0.018550373 0.017232513 0.024397126 0.004815798 0.000000000 0.006340017 0.008180012 0.006823835 0.006117967 0.032540665 0.036952918 0.028554711 0.033255945 0.032052385 0.036601172 0.037006681 0.035105473 0.035680389 0.032817317 0.038368704 0.038287010 0.037544807 0.033802213 0.035273901 0.035155712 0.037663064 0.033559014 0.039149576 0.039262164 0.039475885 0.039400216 0.071202688 
15     0.018798216 0.018315001 0.018323862 0.020326189 0.020138186 0.020490246 0.022208049 0.022267402 0.018343816 0.020349858 0.019112259 0.021751445 0.022577535 0.022528122 0.025854767 0.023184891 0.022996071 0.014189841 0.014758913 0.018226476 0.016929388 0.024092425 0.005534455 0.006340017 0.000000000 0.007892444 0.006496692 0.005718051 0.032284630 0.036696883 0.028298676 0.032999910 0.031804469 0.036353257 0.036758765 0.034857558 0.035432474 0.032570891 0.038122278 0.038056136 0.037313933 0.033581519 0.035041136 0.034922947 0.037430299 0.033313483 0.038904044 0.039016632 0.039230353 0.039154684 0.070953529 
4     0.020292825 0.019809609 0.019818470 0.021820797 0.021632794 0.021984854 0.023702658 0.023762010 0.019839417 0.021845459 0.020607860 0.023151553 0.023938605 0.023889193 0.027261803 0.024590651 0.024408375 0.015587405 0.016157541 0.019628549 0.018345363 0.025490249 0.007478763 0.008180012 0.007892444 0.000000000 0.007338331 0.006912598 0.033724535 0.038136788 0.029743628 0.034444863 0.033219435 0.037768222 0.038173731 0.036272523 0.036847439 0.033985856 0.039537243 0.039471101 0.038728898 0.034996861 0.036456101 0.036337912 0.038845264 0.034728448 0.040319010 0.040431597 0.040645318 0.040569650 0.072288969 
31     0.019104605 0.018621390 0.018630251 0.020632578 0.020444575 0.020796635 0.022514438 0.022573791 0.018650161 0.020656203 0.019418605 0.022053236 0.022840289 0.022790876 0.026163028 0.023491876 0.023306148 0.014494788 0.015063860 0.018516208 0.017246300 0.024392691 0.006046271 0.006823835 0.006496692 0.007338331 0.000000000 0.005587293 0.032584557 0.036996810 0.028602781 0.033304015 0.032097746 0.036646534 0.037052042 0.035150835 0.035725751 0.032864168 0.038415555 0.038349412 0.037607210 0.033874796 0.035334413 0.035216224 0.037723576 0.033606760 0.039197321 0.039309909 0.039523630 0.039447961 0.071246806 
32     0.018115233 0.017632017 0.017640878 0.019643206 0.019455202 0.019807263 0.021525066 0.021584418 0.017660789 0.019666831 0.018429232 0.021059522 0.021846823 0.021797411 0.025171167 0.022500015 0.022348452 0.013522021 0.014091092 0.017536516 0.016261320 0.023408992 0.005278043 0.006117967 0.005718051 0.006912598 0.005587293 0.000000000 0.031592599 0.036004853 0.027610824 0.032312058 0.031063793 0.035612580 0.036018089 0.034116881 0.034691797 0.031829181 0.037380568 0.037313439 0.036571236 0.032839199 0.034298439 0.034180250 0.036687602 0.032570786 0.038160797 0.038271232 0.038484953 0.038402080 0.070220823 
12     0.031342079 0.030877797 0.030870740 0.032957997 0.032753849 0.033131715 0.034850266 0.034914727 0.031034026 0.033052681 0.031713642 0.036036921 0.036873255 0.036823611 0.040113884 0.037402523 0.040648151 0.031848843 0.032441599 0.035822938 0.034668319 0.041762321 0.031810875 0.032540665 0.032284630 0.033724535 0.032584557 0.031592599 0.000000000 0.019631922 0.024678765 0.029586731 0.035981289 0.040526795 0.040975106 0.039027768 0.039597225 0.036741562 0.042290831 0.042201567 0.041459365 0.037728771 0.039238206 0.039120017 0.041606013 0.037455967 0.043074087 0.043200454 0.043414175 0.043338506 0.075133137 
30     0.035750168 0.035285886 0.035278829 0.037367614 0.037163465 0.037541332 0.039259883 0.039324344 0.035442115 0.037460770 0.036121157 0.040447781 0.041275412 0.041225768 0.044504261 0.041792900 0.045067646 0.036263362 0.036856117 0.040237055 0.039090113 0.046183375 0.036223128 0.036952918 0.036696883 0.038136788 0.036996810 0.036004853 0.019631922 0.000000000 0.029195153 0.033992225 0.040451037 0.044997510 0.045444542 0.043513962 0.044081687 0.041221719 0.046759501 0.046703937 0.045961735 0.042238031 0.043727363 0.043609173 0.046095170 0.041945747 0.047563908 0.047688202 0.047901923 0.047826255 0.079586488 
17     0.027418786 0.026954653 0.026947446 0.029037509 0.028833360 0.029211227 0.030929778 0.030994239 0.027108477 0.029150249 0.027811017 0.032079190 0.032910999 0.032861355 0.036119712 0.033427931 0.036654646 0.027854000 0.028446755 0.031801272 0.030693810 0.037779292 0.027829099 0.028554711 0.028298676 0.029743628 0.028602781 0.027610824 0.024678765 0.029195153 0.000000000 0.021335114 0.031970827 0.036517301 0.036953996 0.035057457 0.035627830 0.032723184 0.038270639 0.038180018 0.037438667 0.033725861 0.035218849 0.035100659 0.037587281 0.033455137 0.039056882 0.039170708 0.039384429 0.039308760 0.071120176 
1     0.032104094 0.031639961 0.031632754 0.033742515 0.033538367 0.033916234 0.035634785 0.035699246 0.031776574 0.033830723 0.032491492 0.036772240 0.037604050 0.037554406 0.040816349 0.038116900 0.041355824 0.032555750 0.033148506 0.036495041 0.035386633 0.042483331 0.032530334 0.033255945 0.032999910 0.034444863 0.033304015 0.032312058 0.029586731 0.033992225 0.021335114 0.000000000 0.036710613 0.041247809 0.041692002 0.039797526 0.040367899 0.037476264 0.043024274 0.042937262 0.042195059 0.038462350 0.039963694 0.039845504 0.042331501 0.038200004 0.043800681 0.043912254 0.044125975 0.044050306 0.075870538 
33     0.030783474 0.030302267 0.030312135 0.032301250 0.032117173 0.032487425 0.034199921 0.034270437 0.030426453 0.032427702 0.031069096 0.035610773 0.036428874 0.036379230 0.039641770 0.036888769 0.040137800 0.031279519 0.031872275 0.035229571 0.034148900 0.041193756 0.031324064 0.032052385 0.031804469 0.033219435 0.032097746 0.031063793 0.035981289 0.040451037 0.031970827 0.036710613 0.000000000 0.009687655 0.012735398 0.015250944 0.015813926 0.021244501 0.026803167 0.026862515 0.026131266 0.022352815 0.023797210 0.023679021 0.026193931 0.022049877 0.027647630 0.027777521 0.027991521 0.027915573 0.062156278 
39     0.035332262 0.034851055 0.034860922 0.036850037 0.036665960 0.037036212 0.038748709 0.038819224 0.034975241 0.036976489 0.035617883 0.040159560 0.040977662 0.040928018 0.044190558 0.041437556 0.044686588 0.035828307 0.036421062 0.039778359 0.038697687 0.045742544 0.035872852 0.036601172 0.036353257 0.037768222 0.036646534 0.035612580 0.040526795 0.044997510 0.036517301 0.041247809 0.009687655 0.000000000 0.017266805 0.019827716 0.020389442 0.025796108 0.031354774 0.031413244 0.030682979 0.026904528 0.028350657 0.028232468 0.030747378 0.026601483 0.032201184 0.032329234 0.032543235 0.032467286 0.066709132 
43     0.035734858 0.035253651 0.035263519 0.037252633 0.037068557 0.037438809 0.039151305 0.039221821 0.035380749 0.037381997 0.036007337 0.040563909 0.041382010 0.041332366 0.044564469 0.041841905 0.045092096 0.036233815 0.036826571 0.040168644 0.039103195 0.046148052 0.036278360 0.037006681 0.036758765 0.038173731 0.037052042 0.036018089 0.040975106 0.045444542 0.036953996 0.041692002 0.012735398 0.017266805 0.000000000 0.020344005 0.020910053 0.026207460 0.031766525 0.031849045 0.031116132 0.027337681 0.028777893 0.028659704 0.031174615 0.027030873 0.032632505 0.032760555 0.032974556 0.032898607 0.067179181 
38     0.033836142 0.033354935 0.033364803 0.035345939 0.035161857 0.035532416 0.037244912 0.037315907 0.033480182 0.035481430 0.034148189 0.038632500 0.039450873 0.039401229 0.042662061 0.039896597 0.043190343 0.034330937 0.034923904 0.038296600 0.037202126 0.044246983 0.034377153 0.035105473 0.034857558 0.036272523 0.035150835 0.034116881 0.039027768 0.043513962 0.035057457 0.039797526 0.015250944 0.019827716 0.020344005 0.000000000 0.004278861 0.024320173 0.029871097 0.029919211 0.029179340 0.025400711 0.026854089 0.026735899 0.029250810 0.025095332 0.030728981 0.030858516 0.031072516 0.030996568 0.065169645 
42     0.034411108 0.033929900 0.033939768 0.035921970 0.035737893 0.036108145 0.037820641 0.037891157 0.034054086 0.036055335 0.034722093 0.039204986 0.040023359 0.039973715 0.043234546 0.040469082 0.043765943 0.034907662 0.035500417 0.038871516 0.037777042 0.044821899 0.034952069 0.035680389 0.035432474 0.036847439 0.035725751 0.034691797 0.039597225 0.044081687 0.035627830 0.040367899 0.015813926 0.020389442 0.020910053 0.004278861 0.000000000 0.024885647 0.030436571 0.030485144 0.029745272 0.025966643 0.027420021 0.027301832 0.029816742 0.025661265 0.031294913 0.031424448 0.031638449 0.031562500 0.065735564 
50     0.031534481 0.031053274 0.031063142 0.033055135 0.032871059 0.033241311 0.034953807 0.035024322 0.031174968 0.033175703 0.031845983 0.036379735 0.037197836 0.037148192 0.040407137 0.037667956 0.040895989 0.032025325 0.032618080 0.036019747 0.034915321 0.041942116 0.032090486 0.032817317 0.032570891 0.033985856 0.032864168 0.031829181 0.036741562 0.041221719 0.032723184 0.037476264 0.021244501 0.025796108 0.026207460 0.024320173 0.024885647 0.000000000 0.014645977 0.024857066 0.024096774 0.020367248 0.021858386 0.021740197 0.024222875 0.020113511 0.025730789 0.025855217 0.026066388 0.025993269 0.062779923 
45     0.037073023 0.036591816 0.036601683 0.038604218 0.038420141 0.038790393 0.040502890 0.040573405 0.036724051 0.038724786 0.037395066 0.041899902 0.042718594 0.042681850 0.045933383 0.043194491 0.046447376 0.037582413 0.038175169 0.041571134 0.040466708 0.047499531 0.037641873 0.038368704 0.038122278 0.039537243 0.038415555 0.037380568 0.042290831 0.046759501 0.038270639 0.043024274 0.026803167 0.031354774 0.031766525 0.029871097 0.030436571 0.014645977 0.000000000 0.030439738 0.029679446 0.025950852 0.027436906 0.027318717 0.029801395 0.025690702 0.031308572 0.031432999 0.031644170 0.031571052 0.068340770 
44     0.037031662 0.036550848 0.036560715 0.038550065 0.038365988 0.038736240 0.040448737 0.040519252 0.036674002 0.038671512 0.037341583 0.041864980 0.042683081 0.042633437 0.045879682 0.043115188 0.046378949 0.037522361 0.038115117 0.041463846 0.040400566 0.047431708 0.037575731 0.038287010 0.038056136 0.039471101 0.038349412 0.037313439 0.042201567 0.046703937 0.038180018 0.042937262 0.026862515 0.031413244 0.031849045 0.029919211 0.030485144 0.024857066 0.030439738 0.000000000 0.006012007 0.013636274 0.020275972 0.020159478 0.022767070 0.020009699 0.025682637 0.025763100 0.025992528 0.025903223 0.068325192 
48     0.036289459 0.035808645 0.035818513 0.037807636 0.037623559 0.037993811 0.039706308 0.039776823 0.035931800 0.037929309 0.036599381 0.041122778 0.041940879 0.041891235 0.045137480 0.042372985 0.045636746 0.036780159 0.037372914 0.040721644 0.039658363 0.046689505 0.036833528 0.037544807 0.037313933 0.038728898 0.037607210 0.036571236 0.041459365 0.045961735 0.037438667 0.042195059 0.026131266 0.030682979 0.031116132 0.029179340 0.029745272 0.024096774 0.029679446 0.006012007 0.000000000 0.012891273 0.019505860 0.019389366 0.021996958 0.019245194 0.024914554 0.024995018 0.025224445 0.025135140 0.067572539 
35     0.032561576 0.032080369 0.032090236 0.034084559 0.033900482 0.034270734 0.035983230 0.036053746 0.032204217 0.034204952 0.032875232 0.037392565 0.038210666 0.038161022 0.041407267 0.038642773 0.041904000 0.033047412 0.033640168 0.037005127 0.035925616 0.042955364 0.033101114 0.033802213 0.033581519 0.034996861 0.033874796 0.032839199 0.037728771 0.042238031 0.033725861 0.038462350 0.022352815 0.026904528 0.027337681 0.025400711 0.025966643 0.020367248 0.025950852 0.013636274 0.012891273 0.000000000 0.015734677 0.015617837 0.018230232 0.015527671 0.021152331 0.021225755 0.021455182 0.021366528 0.063826289 
49     0.034020323 0.033539116 0.033548984 0.035543644 0.035359567 0.035729819 0.037442316 0.037512831 0.033663302 0.035664037 0.034334317 0.038849994 0.039668191 0.039618547 0.042866915 0.040101241 0.043350038 0.034502998 0.035095753 0.038489083 0.037384608 0.044421309 0.034560731 0.035273901 0.035041136 0.036456101 0.035334413 0.034298439 0.039238206 0.043727363 0.035218849 0.039963694 0.023797210 0.028350657 0.028777893 0.026854089 0.027420021 0.021858386 0.027436906 0.020275972 0.019505860 0.015734677 0.000000000 0.003028477 0.012826535 0.016682421 0.022234567 0.022377200 0.022606628 0.022515253 0.065322852 
34     0.033902134 0.033420927 0.033430794 0.035425454 0.035241378 0.035611630 0.037324126 0.037394642 0.033545113 0.035545848 0.034216127 0.038731804 0.039550002 0.039500358 0.042748725 0.039983052 0.043231849 0.034384808 0.034977564 0.038370893 0.037266419 0.044303120 0.034442542 0.035155712 0.034922947 0.036337912 0.035216224 0.034180250 0.039120017 0.043609173 0.035100659 0.039845504 0.023679021 0.028232468 0.028659704 0.026735899 0.027301832 0.021740197 0.027318717 0.020159478 0.019389366 0.015617837 0.003028477 0.000000000 0.012693768 0.016564506 0.022116653 0.022259286 0.022488714 0.022397338 0.065204663 
47     0.036408103 0.035926895 0.035936763 0.037931423 0.037747347 0.038117599 0.039830095 0.039900611 0.036033098 0.038031276 0.036701865 0.041239143 0.042057244 0.042007600 0.045255855 0.042486799 0.045738633 0.036885274 0.037478029 0.040877677 0.039774142 0.046810722 0.036949894 0.037663064 0.037430299 0.038845264 0.037723576 0.036687602 0.041606013 0.046095170 0.037587281 0.042331501 0.026193931 0.030747378 0.031174615 0.029250810 0.029816742 0.024222875 0.029801395 0.022767070 0.021996958 0.018230232 0.012826535 0.012693768 0.000000000 0.019090971 0.024659369 0.024810118 0.025039545 0.024948170 0.067580065 
41     0.032291334 0.031810127 0.031819995 0.033814655 0.033630579 0.034000831 0.035713327 0.035783843 0.031934313 0.033933963 0.032604243 0.037122327 0.037940428 0.037890784 0.041132322 0.038379775 0.041593612 0.032782536 0.033375292 0.036761448 0.035657913 0.042694363 0.032833078 0.033559014 0.033313483 0.034728448 0.033606760 0.032570786 0.037455967 0.041945747 0.033455137 0.038200004 0.022049877 0.026601483 0.027030873 0.025095332 0.025661265 0.020113511 0.025690702 0.020009699 0.019245194 0.015527671 0.016682421 0.016564506 0.019090971 0.000000000 0.016719528 0.016930837 0.017159160 0.017049924 0.063533633 
36     0.037895550 0.037414343 0.037424211 0.039419485 0.039235408 0.039605660 0.041318157 0.041388672 0.037538721 0.039538793 0.038209073 0.042710446 0.043528547 0.043478903 0.046711835 0.043959287 0.047161690 0.038373098 0.038965853 0.042349066 0.041248474 0.048284256 0.038423639 0.039149576 0.038904044 0.040319010 0.039197321 0.038160797 0.043074087 0.047563908 0.039056882 0.043800681 0.027647630 0.032201184 0.032632505 0.030728981 0.031294913 0.025730789 0.031308572 0.025682637 0.024914554 0.021152331 0.022234567 0.022116653 0.024659369 0.016719528 0.000000000 0.015281558 0.015549915 0.015532930 0.069180994 
40     0.038011848 0.037530641 0.037540508 0.039535169 0.039351092 0.039721344 0.041433840 0.041504356 0.037654827 0.039654476 0.038324756 0.042825476 0.043643577 0.043593934 0.046827622 0.044075075 0.047282260 0.038485686 0.039078441 0.042464597 0.041361062 0.048396844 0.038536227 0.039262164 0.039016632 0.040431597 0.039309909 0.038271232 0.043200454 0.047688202 0.039170708 0.043912254 0.027777521 0.032329234 0.032760555 0.030858516 0.031424448 0.025855217 0.031432999 0.025763100 0.024995018 0.021225755 0.022377200 0.022259286 0.024810118 0.016930837 0.015281558 0.000000000 0.004664141 0.008531295 0.069302746 
46     0.038225569 0.037744362 0.037754229 0.039748890 0.039564813 0.039935065 0.041647561 0.041718077 0.037868548 0.039868197 0.038538477 0.043039197 0.043857298 0.043807654 0.047041343 0.044288796 0.047510482 0.038699407 0.039292162 0.042678318 0.041574783 0.048610564 0.038749948 0.039475885 0.039230353 0.040645318 0.039523630 0.038484953 0.043414175 0.047901923 0.039384429 0.044125975 0.027991521 0.032543235 0.032974556 0.031072516 0.031638449 0.026066388 0.031644170 0.025992528 0.025224445 0.021455182 0.022606628 0.022488714 0.025039545 0.017159160 0.015549915 0.004664141 0.000000000 0.008649111 0.069516467 
37     0.038149900 0.037668693 0.037678561 0.039673221 0.039489144 0.039859396 0.041571893 0.041642408 0.037792879 0.039792529 0.038462808 0.042963529 0.043781630 0.043731986 0.046965674 0.044213127 0.047420312 0.038623738 0.039216493 0.042602649 0.041499114 0.048534896 0.038674279 0.039400216 0.039154684 0.040569650 0.039447961 0.038402080 0.043338506 0.047826255 0.039308760 0.044050306 0.027915573 0.032467286 0.032898607 0.030996568 0.031562500 0.025993269 0.031571052 0.025903223 0.025135140 0.021366528 0.022515253 0.022397338 0.024948170 0.017049924 0.015532930 0.008531295 0.008649111 0.000000000 0.069440798 
0     0.069958549 0.069476907 0.069487209 0.071497388 0.071313312 0.071683563 0.073396060 0.073466575 0.069597568 0.071604360 0.070274640 0.074698597 0.075516699 0.075467055 0.078731334 0.075997687 0.079287634 0.070443173 0.071035928 0.074397686 0.073268370 0.080300129 0.070473124 0.071202688 0.070953529 0.072288969 0.071246806 0.070220823 0.075133137 0.079586488 0.071120176 0.075870538 0.062156278 0.066709132 0.067179181 0.065169645 0.065735564 0.062779923 0.068340770 0.068325192 0.067572539 0.063826289 0.065322852 0.065204663 0.067580065 0.063533633 0.069180994 0.069302746 0.069516467 0.069440798 0.000000000 
