51
1     0.000000000 0.074995135 0.076466872 0.187410055 0.158923816 0.157971117 0.156059670 0.152912383 0.144346335 0.142479702 0.184652569 0.181741698 0.173039117 0.141506629 0.152553221 0.147522590 0.154478298 0.148430954 0.161809523 0.158236657 0.153974748 0.151974528 0.150098837 0.149832220 0.153977212 0.156397157 0.156226988 0.144542126 0.155435844 0.141938322 0.141193453 0.151158611 0.155855742 0.152860991 0.161905812 0.163656276 0.156770900 0.150561691 0.142551598 0.176456593 0.172949792 0.174592050 0.164908237 0.169785372 0.158072837 0.156432846 0.159733882 0.164715830 0.165106890 0.164293222 0.321032702 
20     0.074995135 0.000000000 0.014887691 0.171872900 0.143585202 0.142651430 0.140786499 0.137621191 0.129035764 0.127159204 0.169439208 0.166519169 0.157453851 0.125876145 0.136919729 0.131747989 0.138660056 0.132810758 0.146072057 0.142496605 0.138234696 0.136245682 0.134369990 0.134191326 0.138340935 0.140760880 0.140593002 0.128890901 0.139806002 0.126413641 0.125698906 0.135563765 0.140374287 0.137379537 0.146285617 0.148047150 0.141157187 0.135347095 0.127337455 0.161251515 0.157744713 0.159411968 0.149694107 0.154202498 0.142511192 0.140852245 0.144152953 0.149143747 0.149534807 0.148820113 0.305756823 
16     0.076466872 0.014887691 0.000000000 0.173441390 0.145257521 0.144304822 0.142425403 0.139260095 0.130680040 0.128813407 0.170992146 0.168072107 0.158933587 0.127355117 0.138398701 0.133226961 0.140137645 0.134289730 0.147551029 0.143975577 0.139713669 0.137724654 0.135848962 0.135670298 0.139819907 0.142239852 0.142071975 0.130369873 0.141284974 0.127888584 0.127155957 0.137059017 0.141870346 0.138875595 0.147781675 0.149543209 0.142653246 0.136843154 0.128833514 0.162747573 0.159240772 0.160908027 0.151190166 0.155698557 0.144007251 0.142348303 0.145649012 0.150639805 0.151030865 0.150316172 0.307252882 
13     0.187410055 0.171872900 0.173441390 0.000000000 0.185711041 0.184772917 0.182915513 0.179834730 0.171205405 0.169270250 0.211072507 0.207837365 0.201209653 0.170341359 0.181097352 0.175813116 0.182742025 0.177031874 0.190137062 0.186426933 0.182274291 0.180192863 0.178307152 0.178357864 0.182511982 0.184931927 0.184732118 0.173288066 0.184001855 0.170475232 0.169569582 0.180273927 0.184913076 0.181680407 0.191231792 0.192982256 0.185990278 0.180042987 0.171905106 0.206445417 0.202936838 0.204671574 0.194749861 0.199196933 0.187521647 0.185928457 0.189149333 0.194189948 0.194599085 0.194024195 0.350885156 
22     0.158923816 0.143585202 0.145257521 0.185711041 0.000000000 0.041169733 0.089812918 0.087062938 0.078477668 0.076267741 0.153504067 0.150704339 0.174056564 0.143025668 0.153728488 0.148600679 0.155568425 0.149804559 0.162530195 0.159297965 0.155120985 0.153099984 0.151262666 0.150999849 0.155160492 0.157580437 0.157339068 0.145991437 0.156743904 0.143123663 0.142170035 0.151692998 0.156404509 0.153272439 0.162279434 0.164029898 0.157136765 0.151267728 0.142950121 0.177028854 0.173522052 0.175218316 0.165606827 0.170217644 0.158320761 0.156549826 0.160185630 0.165003182 0.165412319 0.164862499 0.321579514 
27     0.157971117 0.142651430 0.144304822 0.184772917 0.041169733 0.000000000 0.088860424 0.085677305 0.077790813 0.075579230 0.152541143 0.149741414 0.172836646 0.141839927 0.152542747 0.147417919 0.154385666 0.148621799 0.161319622 0.158116037 0.153924869 0.151918056 0.150080738 0.149784641 0.153945284 0.156365229 0.156123861 0.144773731 0.155520185 0.141923858 0.140978560 0.150785573 0.155497083 0.152365013 0.161372009 0.163122473 0.156229340 0.150404996 0.142127995 0.176128484 0.172621682 0.174317947 0.164706457 0.169305290 0.157408407 0.155622598 0.159273277 0.164090828 0.164499966 0.163950146 0.320449750 
2     0.156059670 0.140786499 0.142425403 0.182915513 0.089812918 0.088860424 0.000000000 0.056645459 0.071953592 0.069160902 0.150694457 0.147897436 0.171183576 0.140152680 0.150737393 0.145792061 0.152768188 0.147004322 0.159724495 0.156462966 0.152346463 0.150273836 0.148461330 0.148183057 0.152287504 0.154707449 0.154461611 0.143118450 0.153870916 0.140233802 0.139242172 0.148741423 0.153452933 0.150419708 0.159339474 0.161089938 0.154196805 0.148483619 0.140222530 0.174062804 0.170556003 0.172201547 0.162690254 0.167298958 0.155467530 0.153682355 0.157210704 0.162066328 0.162475808 0.161925994 0.318730540 
15     0.152912383 0.137621191 0.139260095 0.179834730 0.087062938 0.085677305 0.056645459 0.000000000 0.068839912 0.066014033 0.147784274 0.144985281 0.168036045 0.136849301 0.147392720 0.142632815 0.149600562 0.143836695 0.156556902 0.153295709 0.149178836 0.147135352 0.145298034 0.145007978 0.149115535 0.151535480 0.151289642 0.139946480 0.150698946 0.137095917 0.136104288 0.145597964 0.150304898 0.147171149 0.156228303 0.157978767 0.151083379 0.145353258 0.137089731 0.170941032 0.167434231 0.169079775 0.159568482 0.164183951 0.152351258 0.150567348 0.154147456 0.158943592 0.159353072 0.158810898 0.315186770 
30     0.144346335 0.129035764 0.130680040 0.171205405 0.078477668 0.077790813 0.071953592 0.068839912 0.000000000 0.032159233 0.138934908 0.136107576 0.159243370 0.128235500 0.138951369 0.133788251 0.140798230 0.134998475 0.148036464 0.144533516 0.140421015 0.138373017 0.136535882 0.136194665 0.140353474 0.142773419 0.142483984 0.131166282 0.141922102 0.128329400 0.127334154 0.136557601 0.141269111 0.138269995 0.147276915 0.149027379 0.142134246 0.136424983 0.128143162 0.162000477 0.158543823 0.160222691 0.150682729 0.155200306 0.143446266 0.141648207 0.145330587 0.150155268 0.150564406 0.150014592 0.306883161 
5     0.142479702 0.127159204 0.128813407 0.169270250 0.076267741 0.075579230 0.069160902 0.066014033 0.032159233 0.000000000 0.136924176 0.134030640 0.157551856 0.126523266 0.137239136 0.132076018 0.139085996 0.133304493 0.146332497 0.142829549 0.138717048 0.136669050 0.134831915 0.134503672 0.138658069 0.141078014 0.140788579 0.129470877 0.140226696 0.126627253 0.125648417 0.135047428 0.139758938 0.136717182 0.145701024 0.147451488 0.140558355 0.134912579 0.126652727 0.160645555 0.157138753 0.158867612 0.149219804 0.153555693 0.141801653 0.140003594 0.143685974 0.148436785 0.148828515 0.148277544 0.305120421 
10     0.184652569 0.169439208 0.170992146 0.211072507 0.153504067 0.152541143 0.150694457 0.147784274 0.138934908 0.136924176 0.000000000 0.063170106 0.199555232 0.168610965 0.179361098 0.174065431 0.180996070 0.175278032 0.188460153 0.184865027 0.180542559 0.178697551 0.176782902 0.176488858 0.180766566 0.183169395 0.182969431 0.171538903 0.182221264 0.168623052 0.167705401 0.176912839 0.181624350 0.178595208 0.187550901 0.189301365 0.182408852 0.176905860 0.168635264 0.202535262 0.199028460 0.200774746 0.191179754 0.195151827 0.183568481 0.181726319 0.185268348 0.190058105 0.190467242 0.189903158 0.347084796 
26     0.181741698 0.166519169 0.168072107 0.207837365 0.150704339 0.149741414 0.147897436 0.144985281 0.136107576 0.134030640 0.063170106 0.000000000 0.196567395 0.165657597 0.176391648 0.171053570 0.177984209 0.172266171 0.185490387 0.181896615 0.177667617 0.175713796 0.173799147 0.173548295 0.177837550 0.180244070 0.180040415 0.168608706 0.179291068 0.165651635 0.164733984 0.173870135 0.178581646 0.175552504 0.184508197 0.186258661 0.179366148 0.173726607 0.165484257 0.199905492 0.196398690 0.198110685 0.188185156 0.192413240 0.180634089 0.178858281 0.182400310 0.187190067 0.187599204 0.187035120 0.343965345 
18     0.173039117 0.157453851 0.158933587 0.201209653 0.174056564 0.172836646 0.171183576 0.168036045 0.159243370 0.157551856 0.199555232 0.196567395 0.000000000 0.116334418 0.127102234 0.121898736 0.128803504 0.123091680 0.136131675 0.132131831 0.128056580 0.125951360 0.124108702 0.124470356 0.128555429 0.130999772 0.130762105 0.119461560 0.130039690 0.115825732 0.114991532 0.161182303 0.165835930 0.162925489 0.171913287 0.173663751 0.166645536 0.160474617 0.152395947 0.185777037 0.182445685 0.184076510 0.174522494 0.179294765 0.167813062 0.166030033 0.169337443 0.174130027 0.174687702 0.173890763 0.327776142 
31     0.141506629 0.125876145 0.127355117 0.170341359 0.143025668 0.141839927 0.140152680 0.136849301 0.128235500 0.126523266 0.168610965 0.165657597 0.116334418 0.000000000 0.035572783 0.078272702 0.085294009 0.079525159 0.092504861 0.087729215 0.084218687 0.082358332 0.080287313 0.080250271 0.084306223 0.086711224 0.086466118 0.075288833 0.085783283 0.083786738 0.083009232 0.129937650 0.134623107 0.131565977 0.140487744 0.142238208 0.135187398 0.129252024 0.121037446 0.154428174 0.151242237 0.152874365 0.143564382 0.148043336 0.136487119 0.134712981 0.138056076 0.142916145 0.143480361 0.142637774 0.299637534 
25     0.152553221 0.136919729 0.138398701 0.181097352 0.153728488 0.152542747 0.150737393 0.147392720 0.138951369 0.137239136 0.179361098 0.176391648 0.127102234 0.035572783 0.000000000 0.088847400 0.095875082 0.090192308 0.103188114 0.098457153 0.095004745 0.093150402 0.091079391 0.091166195 0.095282428 0.097687430 0.097442323 0.086290895 0.096758092 0.094616341 0.093867517 0.140972530 0.145570656 0.142600857 0.151631857 0.153382321 0.146334495 0.140392266 0.132030770 0.165475307 0.162225832 0.163857960 0.154547977 0.159072088 0.147550861 0.145740210 0.149028333 0.153905587 0.154469803 0.153627217 0.310571270 
7     0.147522590 0.131747989 0.133226961 0.175813116 0.148600679 0.147417919 0.145792061 0.142632815 0.133788251 0.132076018 0.174065431 0.171053570 0.121898736 0.078272702 0.088847400 0.000000000 0.045208068 0.040204117 0.082850249 0.077726451 0.073931925 0.072422211 0.070662905 0.085724332 0.089469155 0.091867466 0.091910202 0.080588413 0.091220722 0.088891258 0.088194270 0.135524985 0.140063947 0.137114710 0.146123288 0.147873752 0.140827104 0.134987742 0.126695998 0.160232178 0.156985066 0.158609324 0.149246611 0.153959096 0.142469951 0.140648694 0.143975446 0.148784856 0.149390947 0.148533021 0.305378074 
21     0.154478298 0.138660056 0.140137645 0.182742025 0.155568425 0.154385666 0.152768188 0.149600562 0.140798230 0.139085996 0.180996070 0.177984209 0.128803504 0.085294009 0.095875082 0.045208068 0.000000000 0.043996153 0.089350220 0.084197309 0.080475374 0.079118288 0.077280215 0.092727987 0.096472342 0.098870206 0.098900284 0.087711627 0.098348829 0.095447612 0.094796564 0.142507456 0.147052297 0.144111164 0.153109646 0.154860110 0.147813462 0.141867066 0.133569002 0.167084421 0.163847687 0.165471945 0.156115975 0.160833124 0.149300627 0.147444902 0.150877201 0.155686611 0.156292701 0.155434776 0.312258371 
28     0.148430954 0.132810758 0.134289730 0.177031874 0.149804559 0.148621799 0.147004322 0.143836695 0.134998475 0.133304493 0.175278032 0.172266171 0.123091680 0.079525159 0.090192308 0.040204117 0.043996153 0.000000000 0.084073537 0.079015292 0.075179137 0.073760664 0.071924540 0.087031312 0.090785834 0.093184191 0.093236584 0.081995945 0.092632124 0.090112790 0.089401251 0.136794348 0.141344065 0.138398055 0.147396537 0.149147001 0.142100353 0.136153046 0.127906945 0.161320517 0.158111932 0.159742837 0.150384336 0.154967378 0.143557749 0.141715638 0.145047175 0.149823564 0.150429655 0.149571729 0.306566849 
24     0.161809523 0.146072057 0.147551029 0.190137062 0.162530195 0.161319622 0.159724495 0.156556902 0.148036464 0.146332497 0.188460153 0.185490387 0.136131675 0.092504861 0.103188114 0.082850249 0.089350220 0.084073537 0.000000000 0.078897609 0.074893789 0.072434688 0.070478892 0.100050222 0.104134025 0.106531889 0.106543225 0.095264752 0.105795282 0.103147768 0.102474305 0.149897479 0.154501461 0.151420070 0.160506415 0.162256879 0.155210232 0.148988060 0.140835438 0.174271535 0.170975147 0.172522201 0.163221317 0.168258377 0.156802658 0.154953555 0.158210031 0.163015258 0.163658136 0.162711281 0.319628040 
12     0.158236657 0.142496605 0.143975577 0.186426933 0.159297965 0.158116037 0.156462966 0.153295709 0.144533516 0.142829549 0.184865027 0.181896615 0.132131831 0.087729215 0.098457153 0.077726451 0.084197309 0.079015292 0.078897609 0.000000000 0.055663114 0.061684360 0.059544722 0.096302548 0.100245585 0.102637112 0.102678978 0.091425343 0.101932768 0.099385037 0.098681557 0.145907130 0.150584850 0.147507805 0.156584201 0.158334665 0.151288017 0.145152807 0.137001499 0.170447919 0.167151531 0.168635750 0.159375269 0.164389454 0.152921373 0.151088869 0.154401902 0.159166169 0.159804170 0.158852680 0.315802520 
14     0.153974748 0.138234696 0.139713669 0.182274291 0.155120985 0.153924869 0.152346463 0.149178836 0.140421015 0.138717048 0.180542559 0.177667617 0.128056580 0.084218687 0.095004745 0.073931925 0.080475374 0.075179137 0.074893789 0.055663114 0.000000000 0.056804611 0.054594390 0.091866432 0.095857881 0.098249409 0.098267082 0.087049142 0.097576534 0.095119179 0.094487961 0.141767354 0.146414608 0.143324910 0.152476497 0.154226961 0.147180313 0.141207446 0.133023201 0.166356943 0.163060555 0.164593405 0.155260202 0.160318020 0.148845219 0.147012714 0.150320357 0.155056172 0.155714994 0.154762660 0.311672996 
4     0.151974528 0.136245682 0.137724654 0.180192863 0.153099984 0.151918056 0.150273836 0.147135352 0.138373017 0.136669050 0.178697551 0.175713796 0.125951360 0.082358332 0.093150402 0.072422211 0.079118288 0.073760664 0.072434688 0.061684360 0.056804611 0.000000000 0.022378059 0.090020699 0.093944710 0.096331016 0.096325973 0.084992223 0.095647349 0.093043362 0.092388300 0.139753930 0.144348636 0.141278519 0.150349167 0.152099631 0.145050188 0.139007379 0.130910150 0.164145766 0.160803021 0.162393011 0.152967463 0.158170541 0.146703995 0.144870871 0.148175151 0.152861081 0.153577940 0.152628405 0.308639850 
23     0.150098837 0.134369990 0.135848962 0.178307152 0.151262666 0.150080738 0.148461330 0.145298034 0.136535882 0.134831915 0.176782902 0.173799147 0.124108702 0.080287313 0.091079391 0.070662905 0.077280215 0.071924540 0.070478892 0.059544722 0.054594390 0.022378059 0.000000000 0.088215385 0.092196854 0.094595211 0.094581906 0.083250426 0.093854323 0.091147331 0.090492270 0.137909809 0.142504515 0.139434398 0.148505045 0.150255509 0.143206067 0.137158271 0.129061042 0.162324678 0.158981932 0.160571923 0.151143154 0.156341762 0.144875216 0.143042092 0.146346371 0.151033282 0.151749160 0.150799625 0.306789966 
29     0.149832220 0.134191326 0.135670298 0.178357864 0.150999849 0.149784641 0.148183057 0.145007978 0.136194665 0.134503672 0.176488858 0.173548295 0.124470356 0.080250271 0.091166195 0.085724332 0.092727987 0.087031312 0.100050222 0.096302548 0.091866432 0.090020699 0.088215385 0.000000000 0.038235242 0.041028527 0.039741834 0.046663900 0.056639001 0.091136074 0.090465259 0.138367175 0.142930816 0.139997601 0.149074030 0.150824495 0.143790877 0.137579649 0.129315026 0.163107125 0.159794256 0.161415465 0.151963954 0.156645393 0.145162072 0.143309516 0.146638613 0.151458672 0.152049940 0.151186123 0.307969075 
3     0.153977212 0.138340935 0.139819907 0.182511982 0.155160492 0.153945284 0.152287504 0.149115535 0.140353474 0.138658069 0.180766566 0.177837550 0.128555429 0.084306223 0.095282428 0.089469155 0.096472342 0.090785834 0.104134025 0.100245585 0.095857881 0.093944710 0.092196854 0.038235242 0.000000000 0.022446551 0.025424136 0.050611180 0.060820205 0.094965850 0.094333036 0.142526638 0.147087210 0.144157064 0.153121890 0.154872354 0.147838868 0.141722655 0.133458033 0.167275276 0.163962408 0.165583616 0.156132106 0.160796927 0.149306832 0.147454275 0.150812783 0.155628860 0.156220128 0.155356311 0.311899621 
9     0.156397157 0.140760880 0.142239852 0.184931927 0.157580437 0.156365229 0.154707449 0.151535480 0.142773419 0.141078014 0.183169395 0.180244070 0.130999772 0.086711224 0.097687430 0.091867466 0.098870206 0.093184191 0.106531889 0.102637112 0.098249409 0.096331016 0.094595211 0.041028527 0.022446551 0.000000000 0.028692162 0.052906689 0.063132522 0.097384166 0.096748047 0.144893382 0.149404294 0.146511406 0.155488633 0.157239097 0.150205612 0.144124272 0.135859649 0.169676892 0.166364024 0.167985233 0.158533722 0.163197657 0.151707562 0.149855005 0.153213513 0.158029590 0.158620858 0.157757040 0.314302450 
11     0.156226988 0.140593002 0.142071975 0.184732118 0.157339068 0.156123861 0.154461611 0.151289642 0.142483984 0.140788579 0.182969431 0.180040415 0.130762105 0.086466118 0.097442323 0.091910202 0.098900284 0.093236584 0.106543225 0.102678978 0.098267082 0.096325973 0.094581906 0.039741834 0.025424136 0.028692162 0.000000000 0.052497440 0.062770737 0.097455553 0.096794055 0.144801295 0.149361867 0.146431721 0.155398305 0.157148769 0.150113525 0.143997312 0.135732690 0.169539117 0.166226249 0.167847457 0.158395947 0.163060768 0.151570673 0.149718116 0.153076624 0.157892701 0.158483969 0.157620152 0.314174278 
6     0.144542126 0.128890901 0.130369873 0.173288066 0.145991437 0.144773731 0.143118450 0.139946480 0.131166282 0.129470877 0.171538903 0.168608706 0.119461560 0.075288833 0.086290895 0.080588413 0.087711627 0.081995945 0.095264752 0.091425343 0.087049142 0.084992223 0.083250426 0.046663900 0.050611180 0.052906689 0.052497440 0.000000000 0.032759931 0.086085004 0.085419092 0.132949462 0.137530861 0.134584525 0.143648063 0.145397149 0.138353614 0.132395045 0.124084273 0.157902833 0.154589965 0.156211173 0.146769317 0.151416315 0.139939196 0.138070307 0.141445147 0.146253479 0.146844748 0.145974168 0.302467341 
8     0.155435844 0.139806002 0.141284974 0.184001855 0.156743904 0.155520185 0.153870916 0.150698946 0.141922102 0.140226696 0.182221264 0.179291068 0.130039690 0.085783283 0.096758092 0.091220722 0.098348829 0.092632124 0.105795282 0.101932768 0.097576534 0.095647349 0.093854323 0.056639001 0.060820205 0.063132522 0.062770737 0.032759931 0.000000000 0.096540143 0.095880436 0.143766971 0.148375426 0.145409369 0.154495017 0.156245481 0.149201210 0.143239809 0.134913726 0.168704033 0.165391165 0.167012373 0.157562632 0.162101762 0.150594346 0.148742380 0.152193275 0.157009352 0.157600620 0.156736803 0.313534405 
19     0.141938322 0.126413641 0.127888584 0.170475232 0.143123663 0.141923858 0.140233802 0.137095917 0.128329400 0.126627253 0.168623052 0.165651635 0.115825732 0.083786738 0.094616341 0.088891258 0.095447612 0.090112790 0.103147768 0.099385037 0.095119179 0.093043362 0.091147331 0.091136074 0.094965850 0.097384166 0.097455553 0.086085004 0.096540143 0.000000000 0.032881939 0.130375217 0.135160225 0.132179264 0.141090256 0.142838078 0.135698551 0.129693715 0.121453499 0.155268772 0.151898670 0.153528007 0.144030864 0.148708024 0.137203349 0.135402178 0.138696153 0.143759655 0.144076249 0.143258419 0.299998778 
17     0.141193453 0.125698906 0.127155957 0.169569582 0.142170035 0.140978560 0.139242172 0.136104288 0.127334154 0.125648417 0.167705401 0.164733984 0.114991532 0.083009232 0.093867517 0.088194270 0.094796564 0.089401251 0.102474305 0.098681557 0.094487961 0.092388300 0.090492270 0.090465259 0.094333036 0.096748047 0.096794055 0.085419092 0.095880436 0.032881939 0.000000000 0.129499610 0.134287601 0.131306640 0.140225336 0.141978732 0.134857031 0.128895980 0.120649179 0.154495495 0.151125393 0.152754730 0.143257587 0.147885858 0.136382070 0.134578103 0.137873988 0.142937490 0.143254084 0.142436253 0.299163445 
35     0.151158611 0.135563765 0.137059017 0.180273927 0.151692998 0.150785573 0.148741423 0.145597964 0.136557601 0.135047428 0.176912839 0.173870135 0.161182303 0.129937650 0.140972530 0.135524985 0.142507456 0.136794348 0.149897479 0.145907130 0.141767354 0.139753930 0.137909809 0.138367175 0.142526638 0.144893382 0.144801295 0.132949462 0.143766971 0.130375217 0.129499610 0.000000000 0.037683030 0.035568156 0.068490734 0.070138824 0.063317303 0.110758493 0.102478316 0.137369207 0.133462277 0.135791797 0.125887261 0.132668441 0.121078017 0.119275056 0.122517607 0.127498625 0.127907763 0.127379956 0.294387546 
49     0.155855742 0.140374287 0.141870346 0.184913076 0.156404509 0.155497083 0.153452933 0.150304898 0.141269111 0.139758938 0.181624350 0.178581646 0.165835930 0.134623107 0.145570656 0.140063947 0.147052297 0.141344065 0.154501461 0.150584850 0.146414608 0.144348636 0.142504515 0.142930816 0.147087210 0.149404294 0.149361867 0.137530861 0.148375426 0.135160225 0.134287601 0.037683030 0.000000000 0.035821495 0.073306875 0.074984204 0.068125884 0.115709661 0.107414165 0.142251056 0.138389699 0.140673646 0.130772726 0.137534456 0.125775903 0.124145383 0.127405460 0.132381891 0.132791029 0.132260710 0.299181420 
36     0.152860991 0.137379537 0.138875595 0.181680407 0.153272439 0.152365013 0.150419708 0.147171149 0.138269995 0.136717182 0.178595208 0.175552504 0.162925489 0.131565977 0.142600857 0.137114710 0.144111164 0.138398055 0.151420070 0.147507805 0.143324910 0.141278519 0.139434398 0.139997601 0.144157064 0.146511406 0.146431721 0.134584525 0.145409369 0.132179264 0.131306640 0.035568156 0.035821495 0.000000000 0.071064513 0.072771339 0.065901856 0.113056642 0.104740199 0.139052042 0.135179793 0.137601943 0.127682074 0.134919897 0.123213821 0.121524390 0.124795006 0.129771437 0.130180575 0.129650256 0.295622797 
40     0.161905812 0.146285617 0.147781675 0.191231792 0.162279434 0.161372009 0.159339474 0.156228303 0.147276915 0.145701024 0.187550901 0.184508197 0.171913287 0.140487744 0.151631857 0.146123288 0.153109646 0.147396537 0.160506415 0.156584201 0.152476497 0.150349167 0.148505045 0.149074030 0.153121890 0.155488633 0.155398305 0.143648063 0.154495017 0.141090256 0.140225336 0.068490734 0.073306875 0.071064513 0.000000000 0.028936110 0.032425406 0.121367110 0.113080398 0.147284840 0.143399411 0.145703693 0.135721050 0.143272583 0.131598832 0.129859362 0.133119205 0.138132900 0.138542038 0.137986671 0.304381849 
44     0.163656276 0.148047150 0.149543209 0.192982256 0.164029898 0.163122473 0.161089938 0.157978767 0.149027379 0.147451488 0.189301365 0.186258661 0.173663751 0.142238208 0.153382321 0.147873752 0.154860110 0.149147001 0.162256879 0.158334665 0.154226961 0.152099631 0.150255509 0.150824495 0.154872354 0.157239097 0.157148769 0.145397149 0.156245481 0.142838078 0.141978732 0.070138824 0.074984204 0.072771339 0.028936110 0.000000000 0.034522704 0.123089606 0.114853723 0.149324710 0.145439281 0.147747300 0.137678703 0.145023047 0.133349296 0.131609826 0.134869669 0.139883364 0.140292502 0.139737135 0.306132313 
43     0.156770900 0.141157187 0.142653246 0.185990278 0.157136765 0.156229340 0.154196805 0.151083379 0.142134246 0.140558355 0.182408852 0.179366148 0.166645536 0.135187398 0.146334495 0.140827104 0.147813462 0.142100353 0.155210232 0.151288017 0.147180313 0.145050188 0.143206067 0.143790877 0.147838868 0.150205612 0.150113525 0.138353614 0.149201210 0.135698551 0.134857031 0.063317303 0.068125884 0.065901856 0.032425406 0.034522704 0.000000000 0.116300457 0.108013745 0.142458774 0.138568244 0.140881363 0.130816082 0.138102613 0.126366321 0.124680759 0.127967249 0.132980944 0.133390082 0.132834715 0.299203023 
46     0.150561691 0.135347095 0.136843154 0.180042987 0.151267728 0.150404996 0.148483619 0.145353258 0.136424983 0.134912579 0.176905860 0.173726607 0.160474617 0.129252024 0.140392266 0.134987742 0.141867066 0.136153046 0.148988060 0.145152807 0.141207446 0.139007379 0.137158271 0.137579649 0.141722655 0.144124272 0.143997312 0.132395045 0.143239809 0.129693715 0.128895980 0.110758493 0.115709661 0.113056642 0.121367110 0.123089606 0.116300457 0.000000000 0.053858188 0.130157355 0.126371236 0.128061563 0.118219807 0.133285527 0.121630125 0.119865246 0.123054217 0.128229620 0.128638758 0.127993088 0.295592213 
45     0.142551598 0.127337455 0.128833514 0.171905106 0.142950121 0.142127995 0.140222530 0.137089731 0.128143162 0.126652727 0.168635264 0.165484257 0.152395947 0.121037446 0.132030770 0.126695998 0.133569002 0.127906945 0.140835438 0.137001499 0.133023201 0.130910150 0.129061042 0.129315026 0.133458033 0.135859649 0.135732690 0.124084273 0.134913726 0.121453499 0.120649179 0.102478316 0.107414165 0.104740199 0.113080398 0.114853723 0.108013745 0.053858188 0.000000000 0.121480767 0.117694648 0.119384975 0.109524591 0.124973814 0.113344833 0.111559160 0.114808173 0.120007943 0.120417080 0.119771411 0.287272854 
47     0.176456593 0.161251515 0.162747573 0.206445417 0.177028854 0.176128484 0.174062804 0.170941032 0.162000477 0.160645555 0.202535262 0.199905492 0.185777037 0.154428174 0.165475307 0.160232178 0.167084421 0.161320517 0.174271535 0.170447919 0.166356943 0.164145766 0.162324678 0.163107125 0.167275276 0.169676892 0.169539117 0.157902833 0.168704033 0.155268772 0.154495495 0.137369207 0.142251056 0.139052042 0.147284840 0.149324710 0.142458774 0.130157355 0.121480767 0.000000000 0.035807962 0.039342986 0.077382622 0.157994325 0.145976307 0.143903160 0.147715740 0.152789293 0.153178782 0.152437861 0.319346045 
50     0.172949792 0.157744713 0.159240772 0.202936838 0.173522052 0.172621682 0.170556003 0.167434231 0.158543823 0.157138753 0.199028460 0.196398690 0.182445685 0.151242237 0.162225832 0.156985066 0.163847687 0.158111932 0.170975147 0.167151531 0.163060555 0.160803021 0.158981932 0.159794256 0.163962408 0.166364024 0.166226249 0.154589965 0.165391165 0.151898670 0.151125393 0.133462277 0.138389699 0.135179793 0.143399411 0.145439281 0.138568244 0.126371236 0.117694648 0.035807962 0.000000000 0.035566013 0.073514900 0.154325293 0.142327202 0.140253315 0.144048627 0.149130735 0.149520224 0.148780679 0.316695360 
42     0.174592050 0.159411968 0.160908027 0.204671574 0.175218316 0.174317947 0.172201547 0.169079775 0.160222691 0.158867612 0.200774746 0.198110685 0.184076510 0.152874365 0.163857960 0.158609324 0.165471945 0.159742837 0.172522201 0.168635750 0.164593405 0.162393011 0.160571923 0.161415465 0.165583616 0.167985233 0.167847457 0.156211173 0.167012373 0.153528007 0.152754730 0.135791797 0.140673646 0.137601943 0.145703693 0.147747300 0.140881363 0.128061563 0.119384975 0.039342986 0.035566013 0.000000000 0.075032875 0.156673253 0.144949758 0.142814263 0.146379159 0.151444203 0.151850130 0.151110585 0.318669792 
34     0.164908237 0.149694107 0.151190166 0.194749861 0.165606827 0.164706457 0.162690254 0.159568482 0.150682729 0.149219804 0.191179754 0.188185156 0.174522494 0.143564382 0.154547977 0.149246611 0.156115975 0.150384336 0.163221317 0.159375269 0.155260202 0.152967463 0.151143154 0.151963954 0.156132106 0.158533722 0.158395947 0.146769317 0.157562632 0.144030864 0.143257587 0.125887261 0.130772726 0.127682074 0.135721050 0.137678703 0.130816082 0.118219807 0.109524591 0.077382622 0.073514900 0.075032875 0.000000000 0.147103842 0.135355704 0.133360480 0.136838592 0.141804452 0.142195512 0.141563201 0.308311113 
37     0.169785372 0.154202498 0.155698557 0.199196933 0.170217644 0.169305290 0.167298958 0.164183951 0.155200306 0.153555693 0.195151827 0.192413240 0.179294765 0.148043336 0.159072088 0.153959096 0.160833124 0.154967378 0.168258377 0.164389454 0.160318020 0.158170541 0.156341762 0.156645393 0.160796927 0.163197657 0.163060768 0.151416315 0.162101762 0.148708024 0.147885858 0.132668441 0.137534456 0.134919897 0.143272583 0.145023047 0.138102613 0.133285527 0.124973814 0.157994325 0.154325293 0.156673253 0.147103842 0.000000000 0.073865961 0.072285654 0.076550139 0.082318805 0.082551248 0.082054064 0.311203181 
48     0.158072837 0.142511192 0.144007251 0.187521647 0.158320761 0.157408407 0.155467530 0.152351258 0.143446266 0.141801653 0.183568481 0.180634089 0.167813062 0.136487119 0.147550861 0.142469951 0.149300627 0.143557749 0.156802658 0.152921373 0.148845219 0.146703995 0.144875216 0.145162072 0.149306832 0.151707562 0.151570673 0.139939196 0.150594346 0.137203349 0.136382070 0.121078017 0.125775903 0.123213821 0.131598832 0.133349296 0.126366321 0.121630125 0.113344833 0.145976307 0.142327202 0.144949758 0.135355704 0.073865961 0.000000000 0.045572233 0.066134006 0.071700395 0.071889062 0.071403858 0.299997211 
33     0.156432846 0.140852245 0.142348303 0.185928457 0.156549826 0.155622598 0.153682355 0.150567348 0.141648207 0.140003594 0.181726319 0.178858281 0.166030033 0.134712981 0.145740210 0.140648694 0.147444902 0.141715638 0.154953555 0.151088869 0.147012714 0.144870871 0.143042092 0.143309516 0.147454275 0.149855005 0.149718116 0.138070307 0.148742380 0.135402178 0.134578103 0.119275056 0.124145383 0.121524390 0.129859362 0.131609826 0.124680759 0.119865246 0.111559160 0.143903160 0.140253315 0.142814263 0.133360480 0.072285654 0.045572233 0.000000000 0.064407896 0.069732914 0.069979023 0.069534415 0.298089090 
41     0.159733882 0.144152953 0.145649012 0.189149333 0.160185630 0.159273277 0.157210704 0.154147456 0.145330587 0.143685974 0.185268348 0.182400310 0.169337443 0.138056076 0.149028333 0.143975446 0.150877201 0.145047175 0.158210031 0.154401902 0.150320357 0.148175151 0.146346371 0.146638613 0.150812783 0.153213513 0.153076624 0.141445147 0.152193275 0.138696153 0.137873988 0.122517607 0.127405460 0.124795006 0.133119205 0.134869669 0.127967249 0.123054217 0.114808173 0.147715740 0.144048627 0.146379159 0.136838592 0.076550139 0.066134006 0.064407896 0.000000000 0.059098175 0.059230071 0.058895811 0.302236105 
39     0.164715830 0.149143747 0.150639805 0.194189948 0.165003182 0.164090828 0.162066328 0.158943592 0.150155268 0.148436785 0.190058105 0.187190067 0.174130027 0.142916145 0.153905587 0.148784856 0.155686611 0.149823564 0.163015258 0.159166169 0.155056172 0.152861081 0.151033282 0.151458672 0.155628860 0.158029590 0.157892701 0.146253479 0.157009352 0.143759655 0.142937490 0.127498625 0.132381891 0.129771437 0.138132900 0.139883364 0.132980944 0.128229620 0.120007943 0.152789293 0.149130735 0.151444203 0.141804452 0.082318805 0.071700395 0.069732914 0.059098175 0.000000000 0.019653750 0.037111645 0.307067488 
38     0.165106890 0.149534807 0.151030865 0.194599085 0.165412319 0.164499966 0.162475808 0.159353072 0.150564406 0.148828515 0.190467242 0.187599204 0.174687702 0.143480361 0.154469803 0.149390947 0.156292701 0.150429655 0.163658136 0.159804170 0.155714994 0.153577940 0.151749160 0.152049940 0.156220128 0.158620858 0.158483969 0.146844748 0.157600620 0.144076249 0.143254084 0.127907763 0.132791029 0.130180575 0.138542038 0.140292502 0.133390082 0.128638758 0.120417080 0.153178782 0.149520224 0.151850130 0.142195512 0.082551248 0.071889062 0.069979023 0.059230071 0.019653750 0.000000000 0.037422738 0.307476626 
32     0.164293222 0.148820113 0.150316172 0.194024195 0.164862499 0.163950146 0.161925994 0.158810898 0.150014592 0.148277544 0.189903158 0.187035120 0.173890763 0.142637774 0.153627217 0.148533021 0.155434776 0.149571729 0.162711281 0.158852680 0.154762660 0.152628405 0.150799625 0.151186123 0.155356311 0.157757040 0.157620152 0.145974168 0.156736803 0.143258419 0.142436253 0.127379956 0.132260710 0.129650256 0.137986671 0.139737135 0.132834715 0.127993088 0.119771411 0.152437861 0.148780679 0.151110585 0.141563201 0.082054064 0.071403858 0.069534415 0.058895811 0.037111645 0.037422738 0.000000000 0.307070589 
0     0.321032702 0.305756823 0.307252882 0.350885156 0.321579514 0.320449750 0.318730540 0.315186770 0.306883161 0.305120421 0.347084796 0.343965345 0.327776142 0.299637534 0.310571270 0.305378074 0.312258371 0.306566849 0.319628040 0.315802520 0.311672996 0.308639850 0.306789966 0.307969075 0.311899621 0.314302450 0.314174278 0.302467341 0.313534405 0.299998778 0.299163445 0.294387546 0.299181420 0.295622797 0.304381849 0.306132313 0.299203023 0.295592213 0.287272854 0.319346045 0.316695360 0.318669792 0.308311113 0.311203181 0.299997211 0.298089090 0.302236105 0.307067488 0.307476626 0.307070589 0.000000000 
