51
1     0.000000000 0.100622987 0.109157115 0.106519459 0.121013571 0.146755915 0.135156766 0.160339907 0.146315120 0.161579583 0.165815905 0.147473012 0.129175723 0.126860519 0.128330569 0.133376551 0.137247512 0.142404577 0.142343687 0.145535181 0.133379492 0.162183150 0.166436641 0.174839281 0.174515117 0.163794015 0.177163231 0.177531508 0.169068978 0.169173260 0.149009745 0.159772137 0.133396522 0.162641813 0.157523738 0.130066596 0.130878663 0.123532600 0.120995663 0.122854920 0.122583955 0.125117854 0.114861810 0.117163541 0.119143524 0.117151208 0.159543977 0.131281315 0.132540558 0.133237319 0.674683441 
4     0.100622987 0.000000000 0.022108647 0.019028730 0.107304701 0.132810541 0.121211392 0.146394533 0.132369746 0.147634209 0.151852927 0.133424076 0.115173438 0.112858234 0.114243083 0.119289064 0.123175129 0.128329117 0.128297780 0.131489274 0.119333142 0.149044100 0.152299711 0.160702351 0.160378188 0.149657085 0.163026301 0.163394579 0.154932049 0.155036330 0.134872816 0.145635207 0.119264123 0.148560944 0.143471753 0.116001852 0.116813919 0.109422575 0.106867997 0.108727254 0.108456290 0.110898979 0.100734145 0.103035875 0.105015859 0.102948496 0.145507859 0.117244195 0.118503438 0.119198753 0.661621269 
2     0.109157115 0.022108647 0.000000000 0.018027316 0.115839797 0.141345636 0.129746488 0.154929629 0.140904841 0.156169305 0.160388023 0.141958204 0.123707567 0.121392363 0.122777211 0.127823193 0.131709258 0.136863245 0.136831909 0.140023402 0.127867270 0.157578229 0.160842398 0.169245038 0.168920875 0.158199772 0.171568988 0.171937266 0.163474736 0.163579017 0.143415503 0.154177894 0.127806810 0.157192814 0.152074740 0.124560269 0.125372336 0.117965262 0.115426414 0.117285671 0.117014706 0.119473718 0.109292561 0.111594292 0.113574275 0.111491183 0.154052759 0.125789096 0.127048339 0.127743654 0.670155398 
3     0.106519459 0.019028730 0.018027316 0.000000000 0.113202140 0.138707980 0.127108831 0.152291972 0.138267185 0.153531648 0.157750366 0.139320548 0.121069910 0.118754706 0.120139555 0.125185536 0.129071601 0.134225589 0.134194252 0.137385746 0.125229614 0.154940572 0.158204742 0.166607382 0.166283218 0.155562116 0.168931332 0.169299609 0.160837079 0.160941360 0.140777846 0.151540238 0.125169153 0.154555158 0.149437083 0.121922612 0.122734679 0.115327606 0.112788757 0.114648014 0.114377050 0.116797023 0.106654905 0.108956635 0.110936619 0.108853526 0.151415103 0.123151439 0.124410682 0.125105997 0.667517741 
41     0.121013571 0.107304701 0.115839797 0.113202140 0.000000000 0.100437656 0.088747765 0.113922098 0.099869084 0.115093164 0.119115361 0.128152519 0.109935976 0.107585353 0.108883857 0.113929839 0.117881287 0.123018312 0.123179215 0.126281609 0.114220334 0.143777190 0.147234301 0.155636941 0.155312058 0.144593029 0.157957726 0.158326723 0.149866638 0.149972274 0.129813456 0.140575848 0.114106776 0.142656820 0.137543780 0.110607301 0.111419369 0.104071514 0.101872542 0.103731799 0.103460834 0.105998454 0.095690848 0.097992579 0.099972562 0.098243727 0.140280716 0.112011598 0.113270841 0.113977159 0.671451952 
7     0.146755915 0.132810541 0.141345636 0.138707980 0.100437656 0.000000000 0.050061007 0.076839680 0.063729070 0.078374626 0.139109274 0.153314166 0.135272979 0.132923115 0.134428110 0.139474092 0.143423372 0.148559597 0.148716066 0.151868455 0.139752173 0.169304031 0.172494342 0.180896982 0.180572099 0.169853070 0.183221567 0.183590564 0.175126680 0.175232315 0.155080918 0.165843310 0.139407478 0.167824860 0.162716083 0.135784675 0.136596742 0.129247967 0.127033904 0.128893161 0.128622197 0.131159817 0.120852211 0.123153941 0.125133925 0.123485764 0.165546237 0.137281328 0.138540571 0.139243775 0.696998622 
49     0.135156766 0.121211392 0.129746488 0.127108831 0.088747765 0.050061007 0.000000000 0.064370219 0.051199545 0.065861205 0.127466661 0.141596145 0.123671326 0.121321462 0.122826457 0.127872438 0.131821719 0.136957944 0.137114413 0.140266802 0.128150519 0.157708937 0.160888823 0.169291463 0.168966579 0.158247551 0.171616047 0.171985044 0.163521160 0.163626796 0.143475399 0.154237790 0.127801958 0.156219340 0.151110564 0.124179155 0.124991222 0.117642448 0.115428385 0.117287642 0.117016677 0.119554297 0.109246691 0.111548421 0.113528405 0.111880244 0.153940717 0.125675808 0.126935051 0.127638255 0.685399473 
14     0.160339907 0.146394533 0.154929629 0.152291972 0.113922098 0.076839680 0.064370219 0.000000000 0.066372926 0.080572125 0.152811126 0.166675304 0.148844435 0.146494571 0.147999566 0.153045548 0.156994828 0.162131053 0.162287523 0.165439912 0.153323629 0.182897076 0.186060544 0.194463184 0.194138301 0.183419272 0.196787768 0.197156765 0.188692881 0.188798517 0.168647120 0.179409512 0.152973679 0.181391062 0.176282285 0.149350877 0.150162944 0.142814169 0.140600106 0.142459363 0.142188398 0.144726018 0.134418412 0.136720143 0.138700126 0.137013527 0.179112439 0.150847529 0.152106772 0.152809976 0.710582614 
8     0.146315120 0.132369746 0.140904841 0.138267185 0.099869084 0.063729070 0.051199545 0.066372926 0.000000000 0.057317086 0.138684914 0.152709144 0.134812001 0.132451561 0.133989538 0.139035520 0.142978426 0.148114652 0.148277494 0.151429884 0.139313601 0.168892710 0.172076956 0.180479596 0.180154713 0.169435684 0.182804180 0.183173178 0.174709293 0.174814929 0.154663532 0.165425924 0.138990091 0.167407474 0.162298697 0.135346510 0.136158577 0.128809802 0.126595739 0.128454996 0.128184032 0.130721652 0.120414046 0.122715776 0.124695760 0.123029939 0.165108072 0.136843163 0.138102406 0.138805610 0.696557827 
42     0.161579583 0.147634209 0.156169305 0.153531648 0.115093164 0.078374626 0.065861205 0.080572125 0.057317086 0.000000000 0.153890409 0.168108824 0.150076465 0.147716024 0.149254001 0.154299983 0.158242890 0.163379115 0.163541958 0.166694347 0.154578064 0.184157173 0.187341419 0.195744059 0.195419176 0.184700147 0.198068644 0.198437641 0.189973757 0.190079392 0.169927995 0.180690387 0.154254555 0.182671937 0.177563160 0.150610973 0.151423041 0.144074266 0.141860203 0.143719460 0.143448495 0.145986115 0.135678509 0.137980239 0.139960223 0.138294403 0.180372535 0.152107626 0.153366869 0.154070073 0.711822290 
11     0.165815905 0.151852927 0.160388023 0.157750366 0.119115361 0.139109274 0.127466661 0.152811126 0.138684914 0.153890409 0.000000000 0.172560296 0.154344075 0.151994211 0.153467891 0.158513873 0.162439353 0.167599505 0.167761229 0.170913618 0.158797335 0.188168170 0.191433307 0.199835947 0.199511064 0.188792035 0.202160531 0.202529528 0.194065644 0.194171280 0.174019883 0.184782275 0.158253802 0.186865407 0.181752367 0.154808488 0.155620555 0.148271780 0.146060763 0.147920020 0.147649055 0.150188658 0.139881052 0.142182782 0.144162766 0.142469699 0.184473944 0.156199034 0.157458277 0.158161481 0.716073681 
9     0.147473012 0.133424076 0.141958204 0.139320548 0.128152519 0.153314166 0.141596145 0.166675304 0.152709144 0.168108824 0.172560296 0.000000000 0.056216759 0.054481184 0.102556092 0.107534829 0.112159718 0.117187811 0.116931856 0.120210145 0.108059245 0.164366477 0.167719807 0.176122447 0.175797564 0.165079483 0.178447980 0.178816977 0.170352173 0.170458728 0.150124455 0.160886881 0.134461095 0.163988451 0.158902503 0.131540090 0.132352157 0.124814105 0.122755056 0.124643811 0.124372846 0.126922416 0.116621709 0.118923439 0.120903423 0.118210019 0.161069913 0.132794357 0.134056107 0.134790883 0.696566996 
50     0.129175723 0.115173438 0.123707567 0.121069910 0.109935976 0.135272979 0.123671326 0.148844435 0.134812001 0.150076465 0.154344075 0.056216759 0.000000000 0.036543920 0.084250594 0.089229331 0.093894575 0.098928591 0.098449149 0.101727437 0.089576538 0.145985720 0.149477391 0.157880031 0.157555147 0.146837067 0.160205563 0.160574560 0.152109756 0.152216312 0.131882039 0.142644465 0.116218679 0.145746034 0.140660087 0.113297673 0.114109740 0.106641495 0.104512640 0.106401394 0.106130429 0.108680000 0.098379292 0.100681022 0.102661006 0.099967603 0.142827497 0.114551941 0.115813690 0.116548467 0.678296182 
34     0.126860519 0.112858234 0.121392363 0.118754706 0.107585353 0.132923115 0.121321462 0.146494571 0.132451561 0.147716024 0.151994211 0.054481184 0.036543920 0.000000000 0.082162574 0.087141311 0.091793893 0.096858685 0.096287088 0.099607994 0.087457094 0.143739609 0.147080129 0.155482769 0.155157886 0.144439805 0.157808301 0.158177299 0.149712495 0.149819050 0.129484777 0.140247203 0.113821417 0.143348772 0.138262825 0.110942727 0.111754795 0.104253753 0.102157694 0.104046448 0.103775484 0.106325054 0.096024346 0.098326077 0.100306060 0.097612657 0.140476731 0.112201175 0.113462924 0.114197701 0.675962140 
15     0.128330569 0.114243083 0.122777211 0.120139555 0.108883857 0.134428110 0.122826457 0.147999566 0.133989538 0.149254001 0.153467891 0.102556092 0.084250594 0.082162574 0.000000000 0.031307667 0.091335966 0.096152508 0.097696308 0.100953499 0.088792097 0.145713882 0.148405117 0.156807757 0.156482874 0.145764794 0.159133290 0.159502287 0.151037483 0.151144038 0.130809765 0.141572191 0.115004055 0.144812645 0.139726698 0.112356979 0.113169046 0.105806964 0.103524667 0.105460700 0.105189735 0.107739306 0.097438598 0.099740328 0.101720312 0.098995253 0.141896309 0.113611039 0.114872788 0.115617279 0.677369764 
5     0.133376551 0.119289064 0.127823193 0.125185536 0.113929839 0.139474092 0.127872438 0.153045548 0.139035520 0.154299983 0.158513873 0.107534829 0.089229331 0.087141311 0.031307667 0.000000000 0.096247901 0.101181366 0.102733981 0.105991172 0.093829769 0.150748316 0.153717392 0.162120032 0.161795149 0.151077068 0.164445565 0.164814562 0.156349758 0.156456313 0.136122040 0.146884466 0.120450213 0.149896047 0.144810100 0.117440381 0.118252448 0.110890366 0.108642939 0.110544102 0.110273137 0.112822707 0.102522000 0.104823730 0.106803713 0.104078655 0.146979711 0.118694441 0.119956190 0.120700680 0.682415745 
10     0.137247512 0.123175129 0.131709258 0.129071601 0.117881287 0.143423372 0.131821719 0.156994828 0.142978426 0.158242890 0.162439353 0.112159718 0.093894575 0.091793893 0.091335966 0.096247901 0.000000000 0.079209226 0.105779198 0.109012945 0.096889998 0.154283182 0.157670998 0.166073638 0.165748754 0.155030674 0.168399170 0.168768167 0.160303363 0.160409919 0.140072945 0.150835371 0.124405033 0.153824421 0.148738474 0.121367999 0.122180067 0.114781440 0.112271605 0.114139514 0.113868549 0.116418120 0.106117412 0.108419142 0.110399126 0.108123945 0.150542931 0.122265083 0.123526832 0.124259838 0.686041582 
32     0.142404577 0.128329117 0.136863245 0.134225589 0.123018312 0.148559597 0.136957944 0.162131053 0.148114652 0.163379115 0.167599505 0.117187811 0.098928591 0.096858685 0.096152508 0.101181366 0.079209226 0.000000000 0.110844315 0.114064772 0.101961740 0.159415984 0.162839075 0.171241715 0.170916832 0.160198751 0.173567248 0.173936245 0.165471441 0.165577996 0.145241023 0.156003449 0.129573111 0.159021092 0.153935144 0.126564670 0.127376737 0.119978111 0.117468276 0.119336185 0.119065220 0.121614791 0.111314083 0.113615813 0.115595797 0.113318092 0.155772962 0.127487693 0.128749442 0.129493932 0.691195501 
44     0.142343687 0.128297780 0.136831909 0.134194252 0.123179215 0.148716066 0.137114413 0.162287523 0.148277494 0.163541958 0.167761229 0.116931856 0.098449149 0.096287088 0.097696308 0.102733981 0.105779198 0.110844315 0.000000000 0.061365065 0.051114298 0.159292084 0.162908594 0.171311234 0.170986350 0.160268270 0.173636766 0.174005763 0.165540959 0.165647515 0.145313242 0.156075668 0.129642629 0.159147497 0.154061550 0.126693758 0.127505825 0.120143743 0.117570324 0.119459310 0.119188346 0.121737916 0.111437208 0.113738939 0.115718922 0.113447549 0.155953206 0.127677650 0.128939399 0.129674176 0.691181429 
23     0.145535181 0.131489274 0.140023402 0.137385746 0.126281609 0.151868455 0.140266802 0.165439912 0.151429884 0.166694347 0.170913618 0.120210145 0.101727437 0.099607994 0.100953499 0.105991172 0.109012945 0.114064772 0.061365065 0.000000000 0.049520752 0.162521926 0.166130473 0.174533113 0.174208230 0.163490149 0.176858646 0.177227643 0.168762839 0.168869394 0.148535121 0.159297547 0.132864509 0.162369377 0.157283429 0.129915638 0.130727705 0.123365623 0.120792204 0.122681190 0.122410225 0.124959796 0.114659088 0.116960818 0.118940802 0.116669429 0.159175086 0.130899530 0.132161279 0.132896056 0.694379831 
48     0.133379492 0.119333142 0.127867270 0.125229614 0.114220334 0.139752173 0.128150519 0.153323629 0.139313601 0.154578064 0.158797335 0.108059245 0.089576538 0.087457094 0.088792097 0.093829769 0.096889998 0.101961740 0.051114298 0.049520752 0.000000000 0.150332112 0.153949333 0.162351973 0.162027090 0.151309009 0.164677506 0.165046503 0.156581699 0.156688254 0.136353981 0.147116407 0.120683369 0.150179218 0.145093271 0.117726094 0.118538161 0.111176079 0.108602660 0.110491646 0.110220682 0.112770252 0.102469544 0.104771274 0.106751258 0.104479885 0.146973870 0.118698314 0.119960063 0.120681128 0.682217233 
26     0.162183150 0.149044100 0.157578229 0.154940572 0.143777190 0.169304031 0.157708937 0.182897076 0.168892710 0.184157173 0.188168170 0.164366477 0.145985720 0.143739609 0.145713882 0.150748316 0.154283182 0.159415984 0.159292084 0.162521926 0.150332112 0.000000000 0.183761934 0.192164574 0.191839691 0.181121582 0.194490079 0.194859076 0.186394272 0.186500827 0.166352373 0.177130196 0.150738996 0.180255563 0.174993580 0.147442164 0.148254232 0.140925913 0.138258289 0.140117546 0.139846582 0.142386184 0.132082889 0.134384619 0.136364603 0.134451446 0.176890966 0.148641545 0.149900788 0.150628279 0.712538425 
16     0.166436641 0.152299711 0.160842398 0.158204742 0.147234301 0.172494342 0.160888823 0.186060544 0.172076956 0.187341419 0.191433307 0.167719807 0.149477391 0.147080129 0.148405117 0.153717392 0.157670998 0.162839075 0.162908594 0.166130473 0.153949333 0.183761934 0.000000000 0.042665379 0.042221018 0.041200482 0.056341370 0.056743660 0.047486115 0.048641340 0.070225615 0.081451315 0.077799135 0.168449562 0.163455673 0.136684608 0.137496675 0.130076236 0.127887184 0.129743758 0.129472793 0.132221059 0.121788064 0.124089794 0.126069777 0.122661349 0.165485583 0.136879652 0.138159799 0.139069355 0.716805669 
27     0.174839281 0.160702351 0.169245038 0.166607382 0.155636941 0.180896982 0.169291463 0.194463184 0.180479596 0.195744059 0.199835947 0.176122447 0.157880031 0.155482769 0.156807757 0.162120032 0.166073638 0.171241715 0.171311234 0.174533113 0.162351973 0.192164574 0.042665379 0.000000000 0.019914433 0.049930000 0.063832744 0.064227378 0.055842692 0.056559733 0.078694429 0.089976279 0.085830587 0.176844353 0.171852400 0.145081335 0.145893402 0.138472963 0.136283911 0.138140485 0.137869520 0.140617786 0.130184791 0.132486521 0.134466504 0.131056999 0.173885161 0.145283481 0.146563627 0.147486666 0.725208309 
22     0.174515117 0.160378188 0.168920875 0.166283218 0.155312058 0.180572099 0.168966579 0.194138301 0.180154713 0.195419176 0.199511064 0.175797564 0.157555147 0.155157886 0.156482874 0.161795149 0.165748754 0.170916832 0.170986350 0.174208230 0.162027090 0.191839691 0.042221018 0.019914433 0.000000000 0.049691199 0.063882649 0.064463592 0.055590664 0.056388913 0.078401423 0.089545895 0.085456224 0.176506360 0.171514407 0.144743341 0.145555409 0.138134969 0.135949937 0.137806511 0.137535546 0.140283812 0.129850817 0.132152547 0.134132530 0.130723025 0.173547168 0.144964556 0.146244702 0.147148673 0.724884146 
17     0.163794015 0.149657085 0.158199772 0.155562116 0.144593029 0.169853070 0.158247551 0.183419272 0.169435684 0.184700147 0.188792035 0.165079483 0.146837067 0.144439805 0.145764794 0.151077068 0.155030674 0.160198751 0.160268270 0.163490149 0.151309009 0.181121582 0.041200482 0.049930000 0.049691199 0.000000000 0.043218600 0.043683609 0.033179546 0.034493187 0.067698122 0.078962029 0.074972305 0.165752114 0.160791980 0.134030906 0.134842973 0.127422534 0.125261874 0.127118449 0.126847484 0.129595750 0.119162754 0.121464484 0.123444468 0.120033981 0.162832149 0.134249536 0.135529683 0.136428759 0.714158671 
31     0.177163231 0.163026301 0.171568988 0.168931332 0.157957726 0.183221567 0.171616047 0.196787768 0.182804180 0.198068644 0.202160531 0.178447980 0.160205563 0.157808301 0.159133290 0.164445565 0.168399170 0.173567248 0.173636766 0.176858646 0.164677506 0.194490079 0.056341370 0.063832744 0.063882649 0.043218600 0.000000000 0.024169731 0.037374726 0.038280454 0.080509543 0.091894762 0.088531756 0.179109127 0.174148993 0.147385984 0.148198051 0.140777612 0.138615687 0.140469461 0.140198496 0.142946935 0.132518518 0.134820248 0.136800231 0.133396376 0.176196065 0.147601652 0.148881798 0.149792675 0.727527887 
18     0.177531508 0.163394579 0.171937266 0.169299609 0.158326723 0.183590564 0.171985044 0.197156765 0.183173178 0.198437641 0.202529528 0.178816977 0.160574560 0.158177299 0.159502287 0.164814562 0.168768167 0.173936245 0.174005763 0.177227643 0.165046503 0.194859076 0.056743660 0.064227378 0.064463592 0.043683609 0.024169731 0.000000000 0.038140523 0.039005589 0.081013670 0.092398888 0.088878831 0.179491235 0.174531101 0.147768092 0.148580159 0.141159720 0.138993775 0.140847549 0.140576584 0.143325023 0.132896606 0.135198336 0.137178320 0.133774464 0.176578172 0.147995560 0.149275706 0.150174783 0.727896165 
45     0.169068978 0.154932049 0.163474736 0.160837079 0.149866638 0.175126680 0.163521160 0.188692881 0.174709293 0.189973757 0.194065644 0.170352173 0.152109756 0.149712495 0.151037483 0.156349758 0.160303363 0.165471441 0.165540959 0.168762839 0.156581699 0.186394272 0.047486115 0.055842692 0.055590664 0.033179546 0.037374726 0.038140523 0.000000000 0.028318048 0.072755322 0.083921316 0.080255801 0.171020477 0.166060343 0.139327662 0.140139729 0.132719290 0.130530238 0.132386812 0.132115847 0.134864113 0.124431118 0.126732848 0.128712832 0.125303174 0.168129198 0.139546586 0.140826732 0.141722422 0.719438007 
29     0.169173260 0.155036330 0.163579017 0.160941360 0.149972274 0.175232315 0.163626796 0.188798517 0.174814929 0.190079392 0.194171280 0.170458728 0.152216312 0.149819050 0.151144038 0.156456313 0.160409919 0.165577996 0.165647515 0.168869394 0.156688254 0.186500827 0.048641340 0.056559733 0.056388913 0.034493187 0.038280454 0.039005589 0.028318048 0.000000000 0.073049838 0.084336149 0.079948486 0.171152086 0.166191952 0.139430878 0.140242946 0.132822506 0.130661847 0.132518421 0.132247456 0.134995722 0.124562727 0.126864457 0.128844441 0.125434783 0.168232951 0.139638538 0.140918684 0.141829562 0.719537916 
47     0.149009745 0.134872816 0.143415503 0.140777846 0.129813456 0.155080918 0.143475399 0.168647120 0.154663532 0.169927995 0.174019883 0.150124455 0.131882039 0.129484777 0.130809765 0.136122040 0.140072945 0.145241023 0.145313242 0.148535121 0.136353981 0.166352373 0.070225615 0.078694429 0.078401423 0.067698122 0.080509543 0.081013670 0.072755322 0.073049838 0.000000000 0.043964680 0.059554193 0.151285349 0.146291299 0.119516940 0.120329007 0.112909610 0.110752970 0.112609544 0.112338579 0.114919661 0.104653850 0.106955580 0.108935564 0.105534386 0.148277397 0.119722616 0.121002762 0.121916522 0.699374850 
21     0.159772137 0.145635207 0.154177894 0.151540238 0.140575848 0.165843310 0.154237790 0.179409512 0.165425924 0.180690387 0.184782275 0.160886881 0.142644465 0.140247203 0.141572191 0.146884466 0.150835371 0.156003449 0.156075668 0.159297547 0.147116407 0.177130196 0.081451315 0.089976279 0.089545895 0.078962029 0.091894762 0.092398888 0.083921316 0.084336149 0.043964680 0.000000000 0.069918653 0.161990442 0.156996392 0.130336010 0.131148077 0.123728680 0.121572040 0.123428614 0.123157650 0.125738732 0.115472920 0.117774650 0.119754634 0.116346155 0.159087008 0.130532228 0.131812374 0.132726134 0.710137242 
35     0.133396522 0.119264123 0.127806810 0.125169153 0.114106776 0.139407478 0.127801958 0.152973679 0.138990091 0.154254555 0.158253802 0.134461095 0.116218679 0.113821417 0.115004055 0.120450213 0.124405033 0.129573111 0.129642629 0.132864509 0.120683369 0.150738996 0.077799135 0.085830587 0.085456224 0.074972305 0.088531756 0.088878831 0.080255801 0.079948486 0.059554193 0.069918653 0.000000000 0.135741932 0.130725423 0.103946817 0.104758884 0.097338445 0.095178886 0.097035460 0.096764495 0.099345577 0.089078145 0.091379875 0.093359859 0.089864452 0.132676267 0.104143713 0.105423859 0.106363054 0.683762048 
24     0.162641813 0.148560944 0.157192814 0.154555158 0.142656820 0.167824860 0.156219340 0.181391062 0.167407474 0.182671937 0.186865407 0.163988451 0.145746034 0.143348772 0.144812645 0.149896047 0.153824421 0.159021092 0.159147497 0.162369377 0.150179218 0.180255563 0.168449562 0.176844353 0.176506360 0.165752114 0.179109127 0.179491235 0.171020477 0.171152086 0.151285349 0.161990442 0.135741932 0.000000000 0.065937372 0.116903420 0.117652069 0.110460095 0.107284581 0.109132638 0.108861675 0.111767398 0.101091990 0.103382305 0.105362979 0.110200299 0.155903504 0.127710665 0.128961925 0.129632484 0.712854037 
12     0.157523738 0.143471753 0.152074740 0.149437083 0.137543780 0.162716083 0.151110564 0.176282285 0.162298697 0.177563160 0.181752367 0.158902503 0.140660087 0.138262825 0.139726698 0.144810100 0.148738474 0.153935144 0.154061550 0.157283429 0.145093271 0.174993580 0.163455673 0.171852400 0.171514407 0.160791980 0.174148993 0.174531101 0.166060343 0.166191952 0.146291299 0.156996392 0.130725423 0.065937372 0.000000000 0.111950181 0.112698830 0.105506361 0.102367649 0.104216841 0.103945877 0.106851601 0.096223268 0.098513583 0.100494257 0.105042733 0.150833689 0.122640851 0.123892110 0.124562669 0.707735962 
6     0.130066596 0.116001852 0.124560269 0.121922612 0.110607301 0.135784675 0.124179155 0.149350877 0.135346510 0.150610973 0.154808488 0.131540090 0.113297673 0.110942727 0.112356979 0.117440381 0.121367999 0.126564670 0.126693758 0.129915638 0.117726094 0.147442164 0.136684608 0.145081335 0.144743341 0.134030906 0.147385984 0.147768092 0.139327662 0.139430878 0.119516940 0.130336010 0.103946817 0.116903420 0.111950181 0.000000000 0.014004798 0.055764824 0.066275750 0.068129871 0.067861601 0.070648358 0.060080740 0.062364674 0.064357584 0.077526197 0.123404865 0.095211102 0.096462361 0.096997410 0.680398880 
36     0.130878663 0.116813919 0.125372336 0.122734679 0.111419369 0.136596742 0.124991222 0.150162944 0.136158577 0.151423041 0.155620555 0.132352157 0.114109740 0.111754795 0.113169046 0.118252448 0.122180067 0.127376737 0.127505825 0.130727705 0.118538161 0.148254232 0.137496675 0.145893402 0.145555409 0.134842973 0.148198051 0.148580159 0.140139729 0.140242946 0.120329007 0.131148077 0.104758884 0.117652069 0.112698830 0.014004798 0.000000000 0.056568242 0.067020032 0.068874153 0.068605882 0.071392639 0.060824958 0.063108892 0.065101802 0.078380609 0.124213490 0.096019726 0.097270986 0.097806035 0.681210947 
46     0.123532600 0.109422575 0.117965262 0.115327606 0.104071514 0.129247967 0.117642448 0.142814169 0.128809802 0.144074266 0.148271780 0.124814105 0.106641495 0.104253753 0.105806964 0.110890366 0.114781440 0.119978111 0.120143743 0.123365623 0.111176079 0.140925913 0.130076236 0.138472963 0.138134969 0.127422534 0.140777612 0.141159720 0.132719290 0.132822506 0.112909610 0.123728680 0.097338445 0.110460095 0.105506361 0.055764824 0.056568242 0.000000000 0.059770011 0.061620112 0.061362911 0.064152544 0.053560826 0.055829871 0.057821709 0.070998019 0.116762666 0.088569764 0.089821024 0.090340076 0.673839855 
33     0.120995663 0.106867997 0.115426414 0.112788757 0.101872542 0.127033904 0.115428385 0.140600106 0.126595739 0.141860203 0.146060763 0.122755056 0.104512640 0.102157694 0.103524667 0.108642939 0.112271605 0.117468276 0.117570324 0.120792204 0.108602660 0.138258289 0.127887184 0.136283911 0.135949937 0.125261874 0.138615687 0.138993775 0.130530238 0.130661847 0.110752970 0.121572040 0.095178886 0.107284581 0.102367649 0.066275750 0.067020032 0.059770011 0.000000000 0.020509212 0.020542506 0.023572362 0.036098181 0.038350211 0.040380181 0.068963445 0.113905468 0.085719972 0.086971232 0.087582691 0.671199586 
25     0.122854920 0.108727254 0.117285671 0.114648014 0.103731799 0.128893161 0.117287642 0.142459363 0.128454996 0.143719460 0.147920020 0.124643811 0.106401394 0.104046448 0.105460700 0.110544102 0.114139514 0.119336185 0.119459310 0.122681190 0.110491646 0.140117546 0.129743758 0.138140485 0.137806511 0.127118449 0.140469461 0.140847549 0.132386812 0.132518421 0.112609544 0.123428614 0.097035460 0.109132638 0.104216841 0.068129871 0.068874153 0.061620112 0.020509212 0.000000000 0.015081825 0.021772881 0.038134495 0.040361886 0.042410189 0.070896074 0.115880653 0.087727850 0.088979109 0.089600047 0.673058842 
39     0.122583955 0.108456290 0.117014706 0.114377050 0.103460834 0.128622197 0.117016677 0.142188398 0.128184032 0.143448495 0.147649055 0.124372846 0.106130429 0.103775484 0.105189735 0.110273137 0.113868549 0.119065220 0.119188346 0.122410225 0.110220682 0.139846582 0.129472793 0.137869520 0.137535546 0.126847484 0.140198496 0.140576584 0.132115847 0.132247456 0.112338579 0.123157650 0.096764495 0.108861675 0.103945877 0.067861601 0.068605882 0.061362911 0.020542506 0.015081825 0.000000000 0.021493330 0.037865850 0.040168034 0.042222724 0.070625110 0.115609689 0.087456885 0.088708145 0.089329082 0.672787878 
38     0.125117854 0.110898979 0.119473718 0.116797023 0.105998454 0.131159817 0.119554297 0.144726018 0.130721652 0.145986115 0.150188658 0.126922416 0.108680000 0.106325054 0.107739306 0.112822707 0.116418120 0.121614791 0.121737916 0.124959796 0.112770252 0.142386184 0.132221059 0.140617786 0.140283812 0.129595750 0.142946935 0.143325023 0.134864113 0.134995722 0.114919661 0.125738732 0.099345577 0.111767398 0.106851601 0.070648358 0.071392639 0.064152544 0.023572362 0.021772881 0.021493330 0.000000000 0.040535439 0.042841462 0.044892313 0.073376823 0.118358198 0.090205394 0.091456654 0.092077591 0.675327481 
13     0.114861810 0.100734145 0.109292561 0.106654905 0.095690848 0.120852211 0.109246691 0.134418412 0.120414046 0.135678509 0.139881052 0.116621709 0.098379292 0.096024346 0.097438598 0.102522000 0.106117412 0.111314083 0.111437208 0.114659088 0.102469544 0.132082889 0.121788064 0.130184791 0.129850817 0.119162754 0.132518518 0.132896606 0.124431118 0.124562727 0.104653850 0.115472920 0.089078145 0.101091990 0.096223268 0.060080740 0.060824958 0.053560826 0.036098181 0.038134495 0.037865850 0.040535439 0.000000000 0.012910640 0.015142060 0.062825158 0.107859705 0.079723862 0.080936153 0.081570655 0.665046900 
43     0.117163541 0.103035875 0.111594292 0.108956635 0.097992579 0.123153941 0.111548421 0.136720143 0.122715776 0.137980239 0.142182782 0.118923439 0.100681022 0.098326077 0.099740328 0.104823730 0.108419142 0.113615813 0.113738939 0.116960818 0.104771274 0.134384619 0.124089794 0.132486521 0.132152547 0.121464484 0.134820248 0.135198336 0.126732848 0.126864457 0.106955580 0.117774650 0.091379875 0.103382305 0.098513583 0.062364674 0.063108892 0.055829871 0.038350211 0.040361886 0.040168034 0.042841462 0.012910640 0.000000000 0.017251062 0.065115214 0.110394945 0.082203771 0.083455030 0.084051167 0.667348630 
37     0.119143524 0.105015859 0.113574275 0.110936619 0.099972562 0.125133925 0.113528405 0.138700126 0.124695760 0.139960223 0.144162766 0.120903423 0.102661006 0.100306060 0.101720312 0.106803713 0.110399126 0.115595797 0.115718922 0.118940802 0.106751258 0.136364603 0.126069777 0.134466504 0.134132530 0.123444468 0.136800231 0.137178320 0.128712832 0.128844441 0.108935564 0.119754634 0.093359859 0.105362979 0.100494257 0.064357584 0.065101802 0.057821709 0.040380181 0.042410189 0.042222724 0.044892313 0.015142060 0.017251062 0.000000000 0.067096519 0.112374929 0.084183754 0.085435014 0.086031151 0.669328614 
40     0.117151208 0.102948496 0.111491183 0.108853526 0.098243727 0.123485764 0.111880244 0.137013527 0.123029939 0.138294403 0.142469699 0.118210019 0.099967603 0.097612657 0.098995253 0.104078655 0.108123945 0.113318092 0.113447549 0.116669429 0.104479885 0.134451446 0.122661349 0.131056999 0.130723025 0.120033981 0.133396376 0.133774464 0.125303174 0.125434783 0.105534386 0.116346155 0.089864452 0.110200299 0.105042733 0.077526197 0.078380609 0.070998019 0.068963445 0.070896074 0.070625110 0.073376823 0.062825158 0.065115214 0.067096519 0.000000000 0.111249363 0.083063087 0.084337759 0.084957290 0.667678458 
19     0.159543977 0.145507859 0.154052759 0.151415103 0.140280716 0.165546237 0.153940717 0.179112439 0.165108072 0.180372535 0.184473944 0.161069913 0.142827497 0.140476731 0.141896309 0.146979711 0.150542931 0.155772962 0.155953206 0.159175086 0.146973870 0.176890966 0.165485583 0.173885161 0.173547168 0.162832149 0.176196065 0.176578172 0.168129198 0.168232951 0.148277397 0.159087008 0.132676267 0.155903504 0.150833689 0.123404865 0.124213490 0.116762666 0.113905468 0.115880653 0.115609689 0.118358198 0.107859705 0.110394945 0.112374929 0.111249363 0.000000000 0.059515609 0.060657718 0.081894997 0.709544699 
20     0.131281315 0.117244195 0.125789096 0.123151439 0.112011598 0.137281328 0.125675808 0.150847529 0.136843163 0.152107626 0.156199034 0.132794357 0.114551941 0.112201175 0.113611039 0.118694441 0.122265083 0.127487693 0.127677650 0.130899530 0.118698314 0.148641545 0.136879652 0.145283481 0.144964556 0.134249536 0.147601652 0.147995560 0.139546586 0.139638538 0.119722616 0.130532228 0.104143713 0.127710665 0.122640851 0.095211102 0.096019726 0.088569764 0.085719972 0.087727850 0.087456885 0.090205394 0.079723862 0.082203771 0.084183754 0.083063087 0.059515609 0.000000000 0.012631832 0.054321003 0.681282037 
28     0.132540558 0.118503438 0.127048339 0.124410682 0.113270841 0.138540571 0.126935051 0.152106772 0.138102406 0.153366869 0.157458277 0.134056107 0.115813690 0.113462924 0.114872788 0.119956190 0.123526832 0.128749442 0.128939399 0.132161279 0.119960063 0.149900788 0.138159799 0.146563627 0.146244702 0.135529683 0.148881798 0.149275706 0.140826732 0.140918684 0.121002762 0.131812374 0.105423859 0.128961925 0.123892110 0.096462361 0.097270986 0.089821024 0.086971232 0.088979109 0.088708145 0.091456654 0.080936153 0.083455030 0.085435014 0.084337759 0.060657718 0.012631832 0.000000000 0.055626004 0.682541280 
30     0.133237319 0.119198753 0.127743654 0.125105997 0.113977159 0.139243775 0.127638255 0.152809976 0.138805610 0.154070073 0.158161481 0.134790883 0.116548467 0.114197701 0.115617279 0.120700680 0.124259838 0.129493932 0.129674176 0.132896056 0.120681128 0.150628279 0.139069355 0.147486666 0.147148673 0.136428759 0.149792675 0.150174783 0.141722422 0.141829562 0.121916522 0.132726134 0.106363054 0.129632484 0.124562669 0.096997410 0.097806035 0.090340076 0.087582691 0.089600047 0.089329082 0.092077591 0.081570655 0.084051167 0.086031151 0.084957290 0.081894997 0.054321003 0.055626004 0.000000000 0.683238287 
0     0.674683441 0.661621269 0.670155398 0.667517741 0.671451952 0.696998622 0.685399473 0.710582614 0.696557827 0.711822290 0.716073681 0.696566996 0.678296182 0.675962140 0.677369764 0.682415745 0.686041582 0.691195501 0.691181429 0.694379831 0.682217233 0.712538425 0.716805669 0.725208309 0.724884146 0.714158671 0.727527887 0.727896165 0.719438007 0.719537916 0.699374850 0.710137242 0.683762048 0.712854037 0.707735962 0.680398880 0.681210947 0.673839855 0.671199586 0.673058842 0.672787878 0.675327481 0.665046900 0.667348630 0.669328614 0.667678458 0.709544699 0.681282037 0.682541280 0.683238287 0.000000000 
