51
1     0.000000000 0.000109980 0.000126970 0.000116370 0.000150320 0.000120640 0.000138730 0.000160640 0.000132260 0.000139170 0.000119930 0.000172540 0.000128910 0.000125060 0.000157570 0.000156340 0.000151250 0.000205580 0.000201830 0.000172380 0.000153460 0.000199760 0.000165050 0.000152990 0.000152920 0.000152690 0.000162390 0.000163340 0.000168590 0.000166410 0.000148020 0.000149160 0.000123400 0.000174400 0.000198470 0.000140060 0.000137350 0.000136710 0.000138280 0.000138750 0.000141330 0.000136220 0.000124980 0.000120400 0.000127170 0.000110740 0.000194270 0.000142290 0.000141350 0.000142590 0.000510110 
4     0.000109980 0.000000000 0.000030370 0.000056530 0.000125700 0.000096020 0.000114110 0.000136020 0.000107640 0.000114550 0.000095310 0.000147920 0.000104290 0.000100440 0.000132950 0.000131720 0.000126630 0.000180960 0.000177210 0.000147760 0.000128840 0.000175140 0.000140430 0.000128370 0.000128300 0.000128070 0.000137770 0.000138720 0.000143970 0.000141790 0.000123400 0.000124540 0.000098780 0.000149780 0.000173850 0.000115440 0.000112730 0.000112090 0.000113660 0.000114130 0.000116710 0.000111600 0.000100360 0.000095780 0.000102550 0.000086120 0.000169650 0.000117670 0.000116730 0.000117970 0.000485490 
2     0.000126970 0.000030370 0.000000000 0.000047330 0.000142690 0.000113010 0.000131100 0.000153010 0.000124630 0.000131540 0.000112300 0.000164910 0.000121280 0.000117430 0.000149940 0.000148710 0.000143620 0.000197950 0.000194200 0.000164750 0.000145830 0.000192130 0.000157420 0.000145360 0.000145290 0.000145060 0.000154760 0.000155710 0.000160960 0.000158780 0.000140390 0.000141530 0.000115770 0.000166770 0.000190840 0.000132430 0.000129720 0.000129080 0.000130650 0.000131120 0.000133700 0.000128590 0.000117350 0.000112770 0.000119540 0.000103110 0.000186640 0.000134660 0.000133720 0.000134960 0.000502480 
3     0.000116370 0.000056530 0.000047330 0.000000000 0.000132090 0.000102410 0.000120500 0.000142410 0.000114030 0.000120940 0.000101700 0.000154310 0.000110680 0.000106830 0.000139340 0.000138110 0.000133020 0.000187350 0.000183600 0.000154150 0.000135230 0.000181530 0.000146820 0.000134760 0.000134690 0.000134460 0.000144160 0.000145110 0.000150360 0.000148180 0.000129790 0.000130930 0.000105170 0.000156170 0.000180240 0.000121830 0.000119120 0.000118480 0.000120050 0.000120520 0.000123100 0.000117990 0.000106750 0.000102170 0.000108940 0.000092510 0.000176040 0.000124060 0.000123120 0.000124360 0.000491880 
41     0.000150320 0.000125700 0.000142690 0.000132090 0.000000000 0.000069440 0.000087530 0.000109440 0.000081060 0.000087970 0.000135410 0.000153380 0.000109750 0.000105900 0.000138410 0.000137180 0.000132090 0.000186420 0.000182670 0.000153220 0.000134300 0.000180600 0.000155510 0.000143450 0.000143380 0.000143150 0.000152850 0.000153800 0.000159050 0.000156870 0.000138480 0.000139620 0.000113860 0.000164860 0.000188930 0.000130520 0.000127810 0.000127170 0.000128740 0.000129210 0.000131790 0.000126680 0.000115440 0.000110860 0.000117630 0.000101200 0.000184730 0.000132750 0.000131810 0.000133050 0.000525590 
7     0.000120640 0.000096020 0.000113010 0.000102410 0.000069440 0.000000000 0.000029010 0.000050920 0.000022540 0.000000920 0.000105730 0.000123700 0.000080070 0.000076220 0.000108730 0.000107500 0.000102410 0.000156740 0.000152990 0.000123540 0.000104620 0.000150920 0.000125830 0.000113770 0.000113700 0.000113470 0.000123170 0.000124120 0.000129370 0.000127190 0.000108800 0.000109940 0.000084180 0.000135180 0.000159250 0.000100840 0.000098130 0.000097490 0.000099060 0.000099530 0.000102110 0.000097000 0.000085760 0.000081180 0.000087950 0.000071520 0.000155050 0.000103070 0.000102130 0.000103370 0.000495910 
49     0.000138730 0.000114110 0.000131100 0.000120500 0.000087530 0.000029010 0.000000000 0.000064090 0.000017200 0.000017290 0.000123820 0.000141790 0.000098160 0.000094310 0.000126820 0.000125590 0.000120500 0.000174830 0.000171080 0.000141630 0.000122710 0.000169010 0.000143920 0.000131860 0.000131790 0.000131560 0.000141260 0.000142210 0.000147460 0.000145280 0.000126890 0.000128030 0.000102270 0.000153270 0.000177340 0.000118930 0.000116220 0.000115580 0.000117150 0.000117620 0.000120200 0.000115090 0.000103850 0.000099270 0.000106040 0.000089610 0.000173140 0.000121160 0.000120220 0.000121460 0.000514000 
14     0.000160640 0.000136020 0.000153010 0.000142410 0.000109440 0.000050920 0.000064090 0.000000000 0.000044470 0.000059370 0.000145730 0.000163700 0.000120070 0.000116220 0.000148730 0.000147500 0.000142410 0.000196740 0.000192990 0.000163540 0.000144620 0.000190920 0.000165830 0.000153770 0.000153700 0.000153470 0.000163170 0.000164120 0.000169370 0.000167190 0.000148800 0.000149940 0.000124180 0.000175180 0.000199250 0.000140840 0.000138130 0.000137490 0.000139060 0.000139530 0.000142110 0.000137000 0.000125760 0.000121180 0.000127950 0.000111520 0.000195050 0.000143070 0.000142130 0.000143370 0.000535910 
8     0.000132260 0.000107640 0.000124630 0.000114030 0.000081060 0.000022540 0.000017200 0.000044470 0.000000000 0.000000410 0.000117350 0.000135320 0.000091690 0.000087840 0.000120350 0.000119120 0.000114030 0.000168360 0.000164610 0.000135160 0.000116240 0.000162540 0.000137450 0.000125390 0.000125320 0.000125090 0.000134790 0.000135740 0.000140990 0.000138810 0.000120420 0.000121560 0.000095800 0.000146800 0.000170870 0.000112460 0.000109750 0.000109110 0.000110680 0.000111150 0.000113730 0.000108620 0.000097380 0.000092800 0.000099570 0.000083140 0.000166670 0.000114690 0.000113750 0.000114990 0.000507530 
42     0.000139170 0.000114550 0.000131540 0.000120940 0.000087970 0.000000920 0.000017290 0.000059370 0.000000410 0.000000000 0.000124260 0.000142230 0.000098600 0.000094750 0.000127260 0.000126030 0.000120940 0.000175270 0.000171520 0.000142070 0.000123150 0.000169450 0.000144360 0.000132300 0.000132230 0.000132000 0.000141700 0.000142650 0.000147900 0.000145720 0.000127330 0.000128470 0.000102710 0.000153710 0.000177780 0.000119370 0.000116660 0.000116020 0.000117590 0.000118060 0.000120640 0.000115530 0.000104290 0.000099710 0.000106480 0.000090050 0.000173580 0.000121600 0.000120660 0.000121900 0.000514440 
11     0.000119930 0.000095310 0.000112300 0.000101700 0.000135410 0.000105730 0.000123820 0.000145730 0.000117350 0.000124260 0.000000000 0.000157630 0.000114000 0.000110150 0.000142660 0.000141430 0.000136340 0.000190670 0.000186920 0.000157470 0.000138550 0.000184850 0.000150140 0.000138080 0.000138010 0.000137780 0.000147480 0.000148430 0.000153680 0.000151500 0.000133110 0.000134250 0.000108490 0.000159490 0.000183560 0.000125150 0.000122440 0.000121800 0.000123370 0.000123840 0.000126420 0.000121310 0.000110070 0.000105490 0.000112260 0.000095830 0.000179360 0.000127380 0.000126440 0.000127680 0.000487600 
9     0.000172540 0.000147920 0.000164910 0.000154310 0.000153380 0.000123700 0.000141790 0.000163700 0.000135320 0.000142230 0.000157630 0.000000000 0.000051360 0.000000540 0.000030360 0.000030360 0.000106490 0.000162040 0.000029230 0.000029250 0.000029360 0.000197080 0.000058670 0.000165670 0.000165600 0.000165370 0.000175070 0.000176020 0.000181270 0.000179090 0.000160700 0.000075300 0.000052630 0.000187080 0.000211150 0.000152740 0.000150030 0.000149390 0.000150960 0.000151430 0.000154010 0.000148900 0.000137660 0.000133080 0.000139850 0.000123420 0.000206950 0.000154970 0.000154030 0.000155270 0.000547810 
50     0.000128910 0.000104290 0.000121280 0.000110680 0.000109750 0.000080070 0.000098160 0.000120070 0.000091690 0.000098600 0.000114000 0.000051360 0.000000000 0.000029370 0.000069680 0.000068450 0.000062860 0.000118410 0.000079510 0.000079530 0.000066290 0.000153450 0.000108950 0.000122040 0.000121970 0.000121740 0.000131440 0.000132390 0.000137640 0.000135460 0.000117070 0.000118210 0.000092450 0.000143450 0.000167520 0.000109110 0.000106400 0.000105760 0.000107330 0.000107800 0.000110380 0.000105270 0.000094030 0.000089450 0.000096220 0.000079790 0.000163320 0.000111340 0.000110400 0.000111640 0.000504180 
34     0.000125060 0.000100440 0.000117430 0.000106830 0.000105900 0.000076220 0.000094310 0.000116220 0.000087840 0.000094750 0.000110150 0.000000540 0.000029370 0.000000000 0.000029820 0.000029820 0.000059010 0.000114560 0.000028690 0.000028710 0.000028820 0.000149600 0.000058130 0.000118190 0.000118120 0.000117890 0.000127590 0.000128540 0.000133790 0.000131610 0.000113220 0.000074760 0.000052090 0.000139600 0.000163670 0.000105260 0.000102550 0.000101910 0.000103480 0.000103950 0.000106530 0.000101420 0.000090180 0.000085600 0.000092370 0.000075940 0.000159470 0.000107490 0.000106550 0.000107790 0.000500330 
15     0.000157570 0.000132950 0.000149940 0.000139340 0.000138410 0.000108730 0.000126820 0.000148730 0.000120350 0.000127260 0.000142660 0.000030360 0.000069680 0.000029820 0.000000000 0.000000000 0.000092020 0.000147070 0.000001150 0.000001170 0.000001280 0.000182110 0.000030630 0.000150700 0.000150630 0.000150400 0.000160100 0.000161050 0.000166300 0.000164120 0.000145730 0.000047260 0.000024590 0.000172110 0.000196180 0.000137770 0.000135060 0.000134420 0.000135990 0.000136460 0.000139040 0.000133930 0.000122690 0.000118110 0.000124880 0.000108450 0.000191980 0.000140000 0.000139060 0.000140300 0.000532840 
5     0.000156340 0.000131720 0.000148710 0.000138110 0.000137180 0.000107500 0.000125590 0.000147500 0.000119120 0.000126030 0.000141430 0.000030360 0.000068450 0.000029820 0.000000000 0.000000000 0.000090790 0.000145840 0.000001150 0.000001170 0.000001280 0.000180880 0.000030630 0.000149470 0.000149400 0.000149170 0.000158870 0.000159820 0.000165070 0.000162890 0.000144500 0.000047260 0.000024590 0.000170880 0.000194950 0.000136540 0.000133830 0.000133190 0.000134760 0.000135230 0.000137810 0.000132700 0.000121460 0.000116880 0.000123650 0.000107220 0.000190750 0.000138770 0.000137830 0.000139070 0.000531610 
10     0.000151250 0.000126630 0.000143620 0.000133020 0.000132090 0.000102410 0.000120500 0.000142410 0.000114030 0.000120940 0.000136340 0.000106490 0.000062860 0.000059010 0.000092020 0.000090790 0.000000000 0.000135360 0.000137000 0.000107550 0.000088630 0.000175790 0.000156440 0.000144380 0.000144310 0.000144080 0.000153780 0.000154730 0.000159980 0.000157800 0.000139410 0.000140550 0.000114790 0.000165790 0.000189860 0.000131450 0.000128740 0.000128100 0.000129670 0.000130140 0.000132720 0.000127610 0.000116370 0.000111790 0.000118560 0.000102130 0.000185660 0.000133680 0.000132740 0.000133980 0.000526520 
32     0.000205580 0.000180960 0.000197950 0.000187350 0.000186420 0.000156740 0.000174830 0.000196740 0.000168360 0.000175270 0.000190670 0.000162040 0.000118410 0.000114560 0.000147070 0.000145840 0.000135360 0.000000000 0.000189550 0.000160100 0.000141180 0.000230120 0.000210770 0.000198710 0.000198640 0.000198410 0.000208110 0.000209060 0.000214310 0.000212130 0.000193740 0.000194880 0.000169120 0.000220120 0.000244190 0.000185780 0.000183070 0.000182430 0.000184000 0.000184470 0.000187050 0.000181940 0.000170700 0.000166120 0.000172890 0.000156460 0.000239990 0.000188010 0.000187070 0.000188310 0.000580850 
44     0.000201830 0.000177210 0.000194200 0.000183600 0.000182670 0.000152990 0.000171080 0.000192990 0.000164610 0.000171520 0.000186920 0.000029230 0.000079510 0.000028690 0.000001150 0.000001150 0.000137000 0.000189550 0.000000000 0.000000020 0.000000130 0.000226370 0.000029500 0.000194960 0.000194890 0.000194660 0.000189700 0.000175160 0.000207270 0.000176080 0.000189990 0.000046130 0.000023460 0.000216370 0.000240440 0.000182030 0.000179320 0.000178680 0.000180250 0.000180720 0.000183300 0.000178190 0.000166950 0.000162370 0.000169140 0.000152710 0.000236240 0.000184260 0.000183320 0.000184560 0.000577100 
23     0.000172380 0.000147760 0.000164750 0.000154150 0.000153220 0.000123540 0.000141630 0.000163540 0.000135160 0.000142070 0.000157470 0.000029250 0.000079530 0.000028710 0.000001170 0.000001170 0.000107550 0.000160100 0.000000020 0.000000000 0.000000150 0.000196920 0.000029520 0.000165510 0.000165440 0.000165210 0.000174910 0.000175180 0.000181110 0.000176100 0.000160540 0.000046150 0.000023480 0.000186920 0.000210990 0.000152580 0.000149870 0.000149230 0.000150800 0.000151270 0.000153850 0.000148740 0.000137500 0.000132920 0.000139690 0.000123260 0.000206790 0.000154810 0.000153870 0.000155110 0.000547650 
48     0.000153460 0.000128840 0.000145830 0.000135230 0.000134300 0.000104620 0.000122710 0.000144620 0.000116240 0.000123150 0.000138550 0.000029360 0.000066290 0.000028820 0.000001280 0.000001280 0.000088630 0.000141180 0.000000130 0.000000150 0.000000000 0.000178000 0.000029630 0.000146590 0.000146520 0.000146290 0.000155990 0.000156940 0.000162190 0.000160010 0.000141620 0.000046260 0.000023590 0.000168000 0.000192070 0.000133660 0.000130950 0.000130310 0.000131880 0.000132350 0.000134930 0.000129820 0.000118580 0.000114000 0.000120770 0.000104340 0.000187870 0.000135890 0.000134950 0.000136190 0.000528730 
26     0.000199760 0.000175140 0.000192130 0.000181530 0.000180600 0.000150920 0.000169010 0.000190920 0.000162540 0.000169450 0.000184850 0.000197080 0.000153450 0.000149600 0.000182110 0.000180880 0.000175790 0.000230120 0.000226370 0.000196920 0.000178000 0.000000000 0.000204950 0.000192890 0.000192820 0.000192590 0.000202290 0.000203240 0.000208490 0.000206310 0.000187920 0.000189060 0.000163300 0.000214300 0.000238370 0.000179960 0.000177250 0.000176610 0.000178180 0.000178650 0.000181230 0.000176120 0.000164880 0.000160300 0.000167070 0.000150640 0.000234170 0.000182190 0.000181250 0.000182490 0.000575030 
16     0.000165050 0.000140430 0.000157420 0.000146820 0.000155510 0.000125830 0.000143920 0.000165830 0.000137450 0.000144360 0.000150140 0.000058670 0.000108950 0.000058130 0.000030630 0.000030630 0.000156440 0.000210770 0.000029500 0.000029520 0.000029630 0.000204950 0.000000000 0.000024560 0.000022600 0.000029600 0.000039300 0.000040250 0.000071240 0.000069060 0.000072350 0.000016630 0.000006120 0.000140070 0.000164140 0.000105730 0.000103020 0.000102380 0.000103950 0.000104420 0.000107000 0.000101890 0.000090650 0.000086070 0.000092840 0.000091670 0.000160220 0.000108240 0.000107300 0.000108540 0.000540320 
27     0.000152990 0.000128370 0.000145360 0.000134760 0.000143450 0.000113770 0.000131860 0.000153770 0.000125390 0.000132300 0.000138080 0.000165670 0.000122040 0.000118190 0.000150700 0.000149470 0.000144380 0.000198710 0.000194960 0.000165510 0.000146590 0.000192890 0.000024560 0.000000000 0.000000000 0.000017540 0.000027240 0.000028190 0.000059180 0.000057000 0.000060290 0.000061430 0.000048370 0.000128010 0.000152080 0.000093670 0.000090960 0.000090320 0.000091890 0.000092360 0.000094940 0.000089830 0.000078590 0.000074010 0.000080780 0.000079610 0.000148160 0.000096180 0.000095240 0.000096480 0.000528260 
22     0.000152920 0.000128300 0.000145290 0.000134690 0.000143380 0.000113700 0.000131790 0.000153700 0.000125320 0.000132230 0.000138010 0.000165600 0.000121970 0.000118120 0.000150630 0.000149400 0.000144310 0.000198640 0.000194890 0.000165440 0.000146520 0.000192820 0.000022600 0.000000000 0.000000000 0.000017470 0.000027170 0.000028120 0.000059110 0.000056930 0.000060220 0.000061360 0.000048300 0.000127940 0.000152010 0.000093600 0.000090890 0.000090250 0.000091820 0.000092290 0.000094870 0.000089760 0.000078520 0.000073940 0.000080710 0.000079540 0.000148090 0.000096110 0.000095170 0.000096410 0.000528190 
17     0.000152690 0.000128070 0.000145060 0.000134460 0.000143150 0.000113470 0.000131560 0.000153470 0.000125090 0.000132000 0.000137780 0.000165370 0.000121740 0.000117890 0.000150400 0.000149170 0.000144080 0.000198410 0.000194660 0.000165210 0.000146290 0.000192590 0.000029600 0.000017540 0.000017470 0.000000000 0.000024140 0.000025090 0.000058880 0.000055520 0.000059990 0.000061130 0.000048070 0.000127710 0.000151780 0.000093370 0.000090660 0.000090020 0.000091590 0.000092060 0.000094640 0.000089530 0.000078290 0.000073710 0.000080480 0.000079310 0.000147860 0.000095880 0.000094940 0.000096180 0.000527960 
31     0.000162390 0.000137770 0.000154760 0.000144160 0.000152850 0.000123170 0.000141260 0.000163170 0.000134790 0.000141700 0.000147480 0.000175070 0.000131440 0.000127590 0.000160100 0.000158870 0.000153780 0.000208110 0.000189700 0.000174910 0.000155990 0.000202290 0.000039300 0.000027240 0.000027170 0.000024140 0.000000000 0.000001850 0.000068580 0.000015480 0.000069690 0.000070830 0.000057770 0.000137410 0.000161480 0.000103070 0.000100360 0.000099720 0.000101290 0.000101760 0.000104340 0.000099230 0.000087990 0.000083410 0.000090180 0.000089010 0.000157560 0.000105580 0.000104640 0.000105880 0.000537660 
18     0.000163340 0.000138720 0.000155710 0.000145110 0.000153800 0.000124120 0.000142210 0.000164120 0.000135740 0.000142650 0.000148430 0.000176020 0.000132390 0.000128540 0.000161050 0.000159820 0.000154730 0.000209060 0.000175160 0.000175180 0.000156940 0.000203240 0.000040250 0.000028190 0.000028120 0.000025090 0.000001850 0.000000000 0.000069530 0.000000940 0.000070640 0.000071780 0.000058720 0.000138360 0.000162430 0.000104020 0.000101310 0.000100670 0.000102240 0.000102710 0.000105290 0.000100180 0.000088940 0.000084360 0.000091130 0.000089960 0.000158510 0.000106530 0.000105590 0.000106830 0.000538610 
45     0.000168590 0.000143970 0.000160960 0.000150360 0.000159050 0.000129370 0.000147460 0.000169370 0.000140990 0.000147900 0.000153680 0.000181270 0.000137640 0.000133790 0.000166300 0.000165070 0.000159980 0.000214310 0.000207270 0.000181110 0.000162190 0.000208490 0.000071240 0.000059180 0.000059110 0.000058880 0.000068580 0.000069530 0.000000000 0.000024080 0.000075890 0.000077030 0.000063970 0.000143610 0.000167680 0.000109270 0.000106560 0.000105920 0.000107490 0.000107960 0.000110540 0.000105430 0.000094190 0.000089610 0.000096380 0.000095210 0.000163760 0.000111780 0.000110840 0.000112080 0.000543860 
29     0.000166410 0.000141790 0.000158780 0.000148180 0.000156870 0.000127190 0.000145280 0.000167190 0.000138810 0.000145720 0.000151500 0.000179090 0.000135460 0.000131610 0.000164120 0.000162890 0.000157800 0.000212130 0.000176080 0.000176100 0.000160010 0.000206310 0.000069060 0.000057000 0.000056930 0.000055520 0.000015480 0.000000940 0.000024080 0.000000000 0.000073710 0.000074850 0.000061790 0.000141430 0.000165500 0.000107090 0.000104380 0.000103740 0.000105310 0.000105780 0.000108360 0.000103250 0.000092010 0.000087430 0.000094200 0.000093030 0.000161580 0.000109600 0.000108660 0.000109900 0.000541680 
47     0.000148020 0.000123400 0.000140390 0.000129790 0.000138480 0.000108800 0.000126890 0.000148800 0.000120420 0.000127330 0.000133110 0.000160700 0.000117070 0.000113220 0.000145730 0.000144500 0.000139410 0.000193740 0.000189990 0.000160540 0.000141620 0.000187920 0.000072350 0.000060290 0.000060220 0.000059990 0.000069690 0.000070640 0.000075890 0.000073710 0.000000000 0.000052340 0.000043400 0.000123040 0.000147110 0.000088700 0.000085990 0.000085350 0.000086920 0.000087390 0.000089970 0.000084860 0.000073620 0.000069040 0.000075810 0.000074640 0.000143190 0.000091210 0.000090270 0.000091510 0.000523290 
21     0.000149160 0.000124540 0.000141530 0.000130930 0.000139620 0.000109940 0.000128030 0.000149940 0.000121560 0.000128470 0.000134250 0.000075300 0.000118210 0.000074760 0.000047260 0.000047260 0.000140550 0.000194880 0.000046130 0.000046150 0.000046260 0.000189060 0.000016630 0.000061430 0.000061360 0.000061130 0.000070830 0.000071780 0.000077030 0.000074850 0.000052340 0.000000000 0.000022750 0.000124180 0.000148250 0.000089840 0.000087130 0.000086490 0.000088060 0.000088530 0.000091110 0.000086000 0.000074760 0.000070180 0.000076950 0.000075780 0.000144330 0.000092350 0.000091410 0.000092650 0.000524430 
35     0.000123400 0.000098780 0.000115770 0.000105170 0.000113860 0.000084180 0.000102270 0.000124180 0.000095800 0.000102710 0.000108490 0.000052630 0.000092450 0.000052090 0.000024590 0.000024590 0.000114790 0.000169120 0.000023460 0.000023480 0.000023590 0.000163300 0.000006120 0.000048370 0.000048300 0.000048070 0.000057770 0.000058720 0.000063970 0.000061790 0.000043400 0.000022750 0.000000000 0.000098420 0.000122490 0.000064080 0.000061370 0.000060730 0.000062300 0.000062770 0.000065350 0.000060240 0.000049000 0.000044420 0.000051190 0.000050020 0.000118570 0.000066590 0.000065650 0.000066890 0.000498670 
24     0.000174400 0.000149780 0.000166770 0.000156170 0.000164860 0.000135180 0.000153270 0.000175180 0.000146800 0.000153710 0.000159490 0.000187080 0.000143450 0.000139600 0.000172110 0.000170880 0.000165790 0.000220120 0.000216370 0.000186920 0.000168000 0.000214300 0.000140070 0.000128010 0.000127940 0.000127710 0.000137410 0.000138360 0.000143610 0.000141430 0.000123040 0.000124180 0.000098420 0.000000000 0.000019210 0.000105800 0.000103090 0.000102450 0.000104020 0.000104490 0.000107070 0.000101960 0.000090720 0.000086140 0.000092910 0.000101020 0.000169570 0.000117590 0.000116650 0.000117890 0.000549670 
12     0.000198470 0.000173850 0.000190840 0.000180240 0.000188930 0.000159250 0.000177340 0.000199250 0.000170870 0.000177780 0.000183560 0.000211150 0.000167520 0.000163670 0.000196180 0.000194950 0.000189860 0.000244190 0.000240440 0.000210990 0.000192070 0.000238370 0.000164140 0.000152080 0.000152010 0.000151780 0.000161480 0.000162430 0.000167680 0.000165500 0.000147110 0.000148250 0.000122490 0.000019210 0.000000000 0.000129870 0.000127160 0.000126520 0.000128090 0.000128560 0.000131140 0.000126030 0.000114790 0.000110210 0.000116980 0.000125090 0.000193640 0.000141660 0.000140720 0.000141960 0.000573740 
6     0.000140060 0.000115440 0.000132430 0.000121830 0.000130520 0.000100840 0.000118930 0.000140840 0.000112460 0.000119370 0.000125150 0.000152740 0.000109110 0.000105260 0.000137770 0.000136540 0.000131450 0.000185780 0.000182030 0.000152580 0.000133660 0.000179960 0.000105730 0.000093670 0.000093600 0.000093370 0.000103070 0.000104020 0.000109270 0.000107090 0.000088700 0.000089840 0.000064080 0.000105800 0.000129870 0.000000000 0.000014570 0.000040770 0.000067780 0.000068250 0.000070830 0.000065720 0.000053080 0.000048500 0.000055270 0.000066680 0.000135230 0.000083250 0.000082310 0.000083550 0.000515330 
36     0.000137350 0.000112730 0.000129720 0.000119120 0.000127810 0.000098130 0.000116220 0.000138130 0.000109750 0.000116660 0.000122440 0.000150030 0.000106400 0.000102550 0.000135060 0.000133830 0.000128740 0.000183070 0.000179320 0.000149870 0.000130950 0.000177250 0.000103020 0.000090960 0.000090890 0.000090660 0.000100360 0.000101310 0.000106560 0.000104380 0.000085990 0.000087130 0.000061370 0.000103090 0.000127160 0.000014570 0.000000000 0.000000070 0.000065070 0.000065540 0.000068120 0.000063010 0.000002410 0.000019110 0.000019890 0.000063970 0.000132520 0.000080540 0.000079600 0.000080840 0.000512620 
46     0.000136710 0.000112090 0.000129080 0.000118480 0.000127170 0.000097490 0.000115580 0.000137490 0.000109110 0.000116020 0.000121800 0.000149390 0.000105760 0.000101910 0.000134420 0.000133190 0.000128100 0.000182430 0.000178680 0.000149230 0.000130310 0.000176610 0.000102380 0.000090320 0.000090250 0.000090020 0.000099720 0.000100670 0.000105920 0.000103740 0.000085350 0.000086490 0.000060730 0.000102450 0.000126520 0.000040770 0.000000070 0.000000000 0.000064430 0.000064900 0.000067480 0.000062370 0.000002340 0.000019040 0.000019820 0.000063330 0.000131880 0.000079900 0.000078960 0.000080200 0.000511980 
33     0.000138280 0.000113660 0.000130650 0.000120050 0.000128740 0.000099060 0.000117150 0.000139060 0.000110680 0.000117590 0.000123370 0.000150960 0.000107330 0.000103480 0.000135990 0.000134760 0.000129670 0.000184000 0.000180250 0.000150800 0.000131880 0.000178180 0.000103950 0.000091890 0.000091820 0.000091590 0.000101290 0.000102240 0.000107490 0.000105310 0.000086920 0.000088060 0.000062300 0.000104020 0.000128090 0.000067780 0.000065070 0.000064430 0.000000000 0.000016170 0.000019790 0.000015580 0.000052700 0.000048120 0.000054890 0.000064900 0.000133450 0.000081470 0.000080530 0.000081770 0.000513550 
25     0.000138750 0.000114130 0.000131120 0.000120520 0.000129210 0.000099530 0.000117620 0.000139530 0.000111150 0.000118060 0.000123840 0.000151430 0.000107800 0.000103950 0.000136460 0.000135230 0.000130140 0.000184470 0.000180720 0.000151270 0.000132350 0.000178650 0.000104420 0.000092360 0.000092290 0.000092060 0.000101760 0.000102710 0.000107960 0.000105780 0.000087390 0.000088530 0.000062770 0.000104490 0.000128560 0.000068250 0.000065540 0.000064900 0.000016170 0.000000000 0.000021160 0.000004190 0.000053170 0.000048590 0.000055360 0.000065370 0.000133920 0.000081940 0.000081000 0.000082240 0.000514020 
39     0.000141330 0.000116710 0.000133700 0.000123100 0.000131790 0.000102110 0.000120200 0.000142110 0.000113730 0.000120640 0.000126420 0.000154010 0.000110380 0.000106530 0.000139040 0.000137810 0.000132720 0.000187050 0.000183300 0.000153850 0.000134930 0.000181230 0.000107000 0.000094940 0.000094870 0.000094640 0.000104340 0.000105290 0.000110540 0.000108360 0.000089970 0.000091110 0.000065350 0.000107070 0.000131140 0.000070830 0.000068120 0.000067480 0.000019790 0.000021160 0.000000000 0.000018630 0.000055750 0.000051170 0.000057940 0.000067950 0.000136500 0.000084520 0.000083580 0.000084820 0.000516600 
38     0.000136220 0.000111600 0.000128590 0.000117990 0.000126680 0.000097000 0.000115090 0.000137000 0.000108620 0.000115530 0.000121310 0.000148900 0.000105270 0.000101420 0.000133930 0.000132700 0.000127610 0.000181940 0.000178190 0.000148740 0.000129820 0.000176120 0.000101890 0.000089830 0.000089760 0.000089530 0.000099230 0.000100180 0.000105430 0.000103250 0.000084860 0.000086000 0.000060240 0.000101960 0.000126030 0.000065720 0.000063010 0.000062370 0.000015580 0.000004190 0.000018630 0.000000000 0.000050640 0.000046060 0.000052830 0.000062840 0.000131390 0.000079410 0.000078470 0.000079710 0.000511490 
13     0.000124980 0.000100360 0.000117350 0.000106750 0.000115440 0.000085760 0.000103850 0.000125760 0.000097380 0.000104290 0.000110070 0.000137660 0.000094030 0.000090180 0.000122690 0.000121460 0.000116370 0.000170700 0.000166950 0.000137500 0.000118580 0.000164880 0.000090650 0.000078590 0.000078520 0.000078290 0.000087990 0.000088940 0.000094190 0.000092010 0.000073620 0.000074760 0.000049000 0.000090720 0.000114790 0.000053080 0.000002410 0.000002340 0.000052700 0.000053170 0.000055750 0.000050640 0.000000000 0.000007300 0.000012950 0.000051600 0.000120150 0.000068170 0.000067230 0.000068470 0.000500250 
43     0.000120400 0.000095780 0.000112770 0.000102170 0.000110860 0.000081180 0.000099270 0.000121180 0.000092800 0.000099710 0.000105490 0.000133080 0.000089450 0.000085600 0.000118110 0.000116880 0.000111790 0.000166120 0.000162370 0.000132920 0.000114000 0.000160300 0.000086070 0.000074010 0.000073940 0.000073710 0.000083410 0.000084360 0.000089610 0.000087430 0.000069040 0.000070180 0.000044420 0.000086140 0.000110210 0.000048500 0.000019110 0.000019040 0.000048120 0.000048590 0.000051170 0.000046060 0.000007300 0.000000000 0.000000780 0.000047020 0.000115570 0.000063590 0.000062650 0.000063890 0.000495670 
37     0.000127170 0.000102550 0.000119540 0.000108940 0.000117630 0.000087950 0.000106040 0.000127950 0.000099570 0.000106480 0.000112260 0.000139850 0.000096220 0.000092370 0.000124880 0.000123650 0.000118560 0.000172890 0.000169140 0.000139690 0.000120770 0.000167070 0.000092840 0.000080780 0.000080710 0.000080480 0.000090180 0.000091130 0.000096380 0.000094200 0.000075810 0.000076950 0.000051190 0.000092910 0.000116980 0.000055270 0.000019890 0.000019820 0.000054890 0.000055360 0.000057940 0.000052830 0.000012950 0.000000780 0.000000000 0.000053790 0.000122340 0.000070360 0.000069420 0.000070660 0.000502440 
40     0.000110740 0.000086120 0.000103110 0.000092510 0.000101200 0.000071520 0.000089610 0.000111520 0.000083140 0.000090050 0.000095830 0.000123420 0.000079790 0.000075940 0.000108450 0.000107220 0.000102130 0.000156460 0.000152710 0.000123260 0.000104340 0.000150640 0.000091670 0.000079610 0.000079540 0.000079310 0.000089010 0.000089960 0.000095210 0.000093030 0.000074640 0.000075780 0.000050020 0.000101020 0.000125090 0.000066680 0.000063970 0.000063330 0.000064900 0.000065370 0.000067950 0.000062840 0.000051600 0.000047020 0.000053790 0.000000000 0.000120890 0.000068910 0.000067970 0.000069210 0.000486010 
19     0.000194270 0.000169650 0.000186640 0.000176040 0.000184730 0.000155050 0.000173140 0.000195050 0.000166670 0.000173580 0.000179360 0.000206950 0.000163320 0.000159470 0.000191980 0.000190750 0.000185660 0.000239990 0.000236240 0.000206790 0.000187870 0.000234170 0.000160220 0.000148160 0.000148090 0.000147860 0.000157560 0.000158510 0.000163760 0.000161580 0.000143190 0.000144330 0.000118570 0.000169570 0.000193640 0.000135230 0.000132520 0.000131880 0.000133450 0.000133920 0.000136500 0.000131390 0.000120150 0.000115570 0.000122340 0.000120890 0.000000000 0.000001040 0.000001280 0.000086700 0.000569540 
20     0.000142290 0.000117670 0.000134660 0.000124060 0.000132750 0.000103070 0.000121160 0.000143070 0.000114690 0.000121600 0.000127380 0.000154970 0.000111340 0.000107490 0.000140000 0.000138770 0.000133680 0.000188010 0.000184260 0.000154810 0.000135890 0.000182190 0.000108240 0.000096180 0.000096110 0.000095880 0.000105580 0.000106530 0.000111780 0.000109600 0.000091210 0.000092350 0.000066590 0.000117590 0.000141660 0.000083250 0.000080540 0.000079900 0.000081470 0.000081940 0.000084520 0.000079410 0.000068170 0.000063590 0.000070360 0.000068910 0.000001040 0.000000000 0.000000240 0.000061380 0.000517560 
28     0.000141350 0.000116730 0.000133720 0.000123120 0.000131810 0.000102130 0.000120220 0.000142130 0.000113750 0.000120660 0.000126440 0.000154030 0.000110400 0.000106550 0.000139060 0.000137830 0.000132740 0.000187070 0.000183320 0.000153870 0.000134950 0.000181250 0.000107300 0.000095240 0.000095170 0.000094940 0.000104640 0.000105590 0.000110840 0.000108660 0.000090270 0.000091410 0.000065650 0.000116650 0.000140720 0.000082310 0.000079600 0.000078960 0.000080530 0.000081000 0.000083580 0.000078470 0.000067230 0.000062650 0.000069420 0.000067970 0.000001280 0.000000240 0.000000000 0.000060440 0.000516620 
30     0.000142590 0.000117970 0.000134960 0.000124360 0.000133050 0.000103370 0.000121460 0.000143370 0.000114990 0.000121900 0.000127680 0.000155270 0.000111640 0.000107790 0.000140300 0.000139070 0.000133980 0.000188310 0.000184560 0.000155110 0.000136190 0.000182490 0.000108540 0.000096480 0.000096410 0.000096180 0.000105880 0.000106830 0.000112080 0.000109900 0.000091510 0.000092650 0.000066890 0.000117890 0.000141960 0.000083550 0.000080840 0.000080200 0.000081770 0.000082240 0.000084820 0.000079710 0.000068470 0.000063890 0.000070660 0.000069210 0.000086700 0.000061380 0.000060440 0.000000000 0.000517860 
0     0.000510110 0.000485490 0.000502480 0.000491880 0.000525590 0.000495910 0.000514000 0.000535910 0.000507530 0.000514440 0.000487600 0.000547810 0.000504180 0.000500330 0.000532840 0.000531610 0.000526520 0.000580850 0.000577100 0.000547650 0.000528730 0.000575030 0.000540320 0.000528260 0.000528190 0.000527960 0.000537660 0.000538610 0.000543860 0.000541680 0.000523290 0.000524430 0.000498670 0.000549670 0.000573740 0.000515330 0.000512620 0.000511980 0.000513550 0.000514020 0.000516600 0.000511490 0.000500250 0.000495670 0.000502440 0.000486010 0.000569540 0.000517560 0.000516620 0.000517860 0.000000000 
