51
4     0.000000000 0.024838655 0.026178187 0.048192724 0.138181767 0.148084494 0.146818826 0.151306589 0.154281752 0.146907228 0.138809239 0.174980720 0.168497042 0.172007127 0.139125464 0.155039786 0.155976149 0.150602508 0.156123946 0.155635805 0.156813175 0.149299505 0.152401590 0.152991823 0.159302794 0.159740175 0.164389267 0.171905189 0.172161458 0.149337073 0.139184534 0.142792662 0.143346951 0.191090655 0.193036967 0.184499843 0.162875020 0.159078652 0.158893522 0.160664286 0.164253269 0.163784069 0.148046191 0.146987523 0.145698537 0.144691745 0.134052610 0.136665937 0.150131049 0.148748178 0.237634596 
10     0.024838655 0.000000000 0.011984207 0.044394505 0.134339007 0.144241734 0.142976066 0.147463829 0.150438992 0.143064468 0.134966479 0.171137960 0.164654282 0.168165244 0.135318000 0.151232322 0.152168685 0.146795044 0.152316482 0.151828340 0.153005710 0.145492040 0.148594126 0.149184359 0.155495330 0.155932711 0.160581803 0.168097725 0.168353994 0.145431858 0.135376525 0.138984654 0.139538943 0.187295278 0.189241590 0.180704466 0.159079642 0.155283275 0.155098145 0.156868909 0.160484688 0.160015488 0.144237121 0.143178454 0.141889467 0.140882675 0.130243540 0.132856868 0.146321979 0.144939108 0.233815664 
11     0.026178187 0.011984207 0.000000000 0.044421886 0.134426212 0.144328939 0.143063271 0.147551034 0.150526197 0.143151673 0.135053684 0.171225165 0.164741487 0.168252449 0.135405205 0.151319527 0.152255890 0.146882249 0.152403687 0.151915545 0.153092915 0.145579245 0.148681331 0.149271564 0.155582535 0.156019916 0.160669008 0.168184930 0.168441199 0.145519062 0.135463730 0.139071859 0.139626148 0.187382483 0.189328795 0.180791671 0.159166847 0.155370480 0.155185350 0.156956114 0.160571893 0.160102693 0.144324326 0.143265659 0.141976672 0.140969880 0.130330745 0.132944073 0.146409184 0.145026313 0.233902869 
3     0.048192724 0.044394505 0.044421886 0.000000000 0.124151222 0.134053949 0.132788281 0.137276044 0.140251207 0.132876684 0.124778695 0.160950175 0.154466498 0.157977459 0.125129075 0.141043557 0.141979920 0.136606279 0.142127717 0.141639576 0.142816946 0.135303115 0.138405362 0.138995594 0.145306565 0.145743946 0.150393038 0.157874568 0.158130258 0.135230057 0.125187761 0.128795889 0.129350178 0.177120019 0.179066331 0.170528584 0.148891005 0.145094638 0.144909507 0.146680272 0.150295984 0.149826785 0.134048495 0.132989827 0.131700841 0.130694049 0.120054914 0.122668241 0.136133353 0.134733195 0.223632208 
13     0.138181767 0.134339007 0.134426212 0.124151222 0.000000000 0.046563924 0.045224455 0.050206152 0.052955075 0.044629173 0.036601860 0.099849943 0.093366265 0.117571380 0.096409608 0.112132826 0.113069189 0.107678879 0.113060241 0.112572099 0.113749469 0.106290927 0.109629528 0.110219761 0.116530732 0.116968113 0.121617205 0.129114215 0.129370484 0.106625233 0.096278465 0.099886416 0.100440706 0.148657500 0.150604275 0.142084278 0.120308202 0.116511835 0.116326704 0.118097469 0.121632984 0.121169968 0.105035094 0.103976426 0.102686564 0.101681039 0.091041905 0.093655232 0.107120344 0.106035747 0.194111672 
1     0.148084494 0.144241734 0.144328939 0.134053949 0.046563924 0.000000000 0.026654158 0.052538926 0.057379517 0.050521831 0.041951703 0.110112962 0.103629284 0.127671443 0.106379277 0.122102834 0.123039198 0.117647757 0.123030249 0.122542108 0.123719478 0.116260935 0.119587006 0.120177238 0.126488209 0.126925590 0.131564728 0.139084223 0.139340493 0.116538822 0.106170436 0.109764732 0.110354295 0.158643163 0.160589939 0.152062486 0.130286410 0.126490042 0.126304912 0.128075676 0.131611192 0.131148175 0.115017818 0.113959150 0.112669288 0.111663763 0.101024628 0.103637956 0.117103068 0.116018471 0.204074892 
9     0.146818826 0.142976066 0.143063271 0.132788281 0.045224455 0.026654158 0.000000000 0.050998329 0.055641182 0.049412955 0.040863482 0.108848279 0.102364601 0.126387103 0.105203376 0.120926934 0.121863297 0.116471856 0.121854349 0.121366207 0.122543577 0.115085035 0.118423636 0.119013868 0.125324839 0.125762221 0.130411313 0.137908323 0.138164592 0.115419341 0.105072572 0.108680524 0.109234813 0.157459064 0.159405839 0.150878386 0.129102310 0.125305942 0.125120812 0.126891576 0.130427092 0.129964075 0.113829202 0.112770534 0.111480671 0.110475147 0.099836012 0.102449340 0.115914451 0.114829854 0.202857330 
7     0.151306589 0.147463829 0.147551034 0.137276044 0.050206152 0.052538926 0.050998329 0.000000000 0.060650285 0.054288100 0.046103390 0.113567178 0.107083500 0.130992221 0.109605236 0.125303585 0.126239693 0.120848028 0.126102943 0.125614801 0.126792171 0.119483751 0.122896583 0.123486815 0.129797786 0.130235168 0.134884260 0.142380973 0.142637243 0.119892288 0.109545519 0.113153471 0.113707760 0.161900042 0.163846818 0.155319365 0.133555139 0.129758772 0.129573641 0.131344406 0.134868071 0.134405054 0.118270181 0.117211513 0.115921650 0.114916126 0.104276991 0.106890319 0.120355430 0.119270833 0.207362362 
2     0.154281752 0.150438992 0.150526197 0.140251207 0.052955075 0.057379517 0.055641182 0.060650285 0.000000000 0.056893572 0.048663263 0.116489080 0.110005402 0.133732540 0.112665592 0.128312373 0.129248736 0.123832733 0.129281020 0.128792878 0.129970248 0.122525054 0.125874178 0.126464410 0.132775381 0.133212763 0.137861855 0.145358865 0.145615134 0.122887467 0.112540698 0.116148650 0.116702939 0.164927189 0.166873964 0.158346511 0.136570435 0.132774068 0.132588937 0.134359702 0.137895217 0.137432201 0.121297327 0.120238659 0.118948797 0.117943273 0.107304138 0.109917465 0.123382577 0.122297980 0.210327869 
5     0.146907228 0.143064468 0.143151673 0.132876684 0.044629173 0.050521831 0.049412955 0.054288100 0.056893572 0.000000000 0.026990493 0.108703289 0.102219611 0.126140301 0.105134072 0.120857610 0.121793974 0.116400965 0.121785025 0.121296884 0.122474254 0.115015711 0.118354313 0.118944545 0.125255516 0.125692897 0.130341990 0.137838999 0.138095269 0.115350018 0.105003249 0.108611201 0.109165490 0.157389740 0.159336516 0.150809063 0.129032986 0.125236619 0.125051489 0.126822253 0.130357769 0.129894752 0.113759879 0.112701211 0.111411348 0.110405824 0.099766689 0.102380017 0.115845128 0.114760531 0.202836314 
8     0.138809239 0.134966479 0.135053684 0.124778695 0.036601860 0.041951703 0.040863482 0.046103390 0.048663263 0.026990493 0.000000000 0.100603976 0.094120298 0.118042312 0.097036084 0.112759621 0.113695985 0.108302977 0.113687036 0.113198895 0.114376265 0.106917723 0.110256324 0.110846556 0.117157527 0.117594909 0.122244001 0.129741010 0.129997280 0.107252029 0.096905260 0.100513212 0.101067501 0.149291751 0.151238527 0.142711074 0.120934998 0.117138630 0.116953500 0.118724264 0.122259780 0.121796763 0.105661890 0.104603222 0.103313359 0.102307835 0.091668700 0.094282028 0.107747139 0.106662542 0.194738326 
6     0.174980720 0.171137960 0.171225165 0.160950175 0.099849943 0.110112962 0.108848279 0.113567178 0.116489080 0.108703289 0.100603976 0.000000000 0.044922270 0.154521701 0.132797016 0.148537228 0.149473592 0.144085213 0.149443054 0.148954913 0.150132283 0.142703484 0.146044295 0.146634528 0.152945499 0.153382880 0.158031972 0.165533372 0.165789641 0.143069371 0.132722602 0.136330554 0.136884843 0.185127778 0.187074554 0.178530865 0.156754789 0.152958422 0.152773291 0.154544055 0.158084747 0.157621730 0.141492116 0.140433448 0.139120515 0.138140213 0.127501078 0.130114406 0.143579517 0.142488236 0.230532533 
12     0.168497042 0.164654282 0.164741487 0.154466498 0.093366265 0.103629284 0.102364601 0.107083500 0.110005402 0.102219611 0.094120298 0.044922270 0.000000000 0.148038023 0.126313338 0.142053550 0.142989914 0.137601535 0.142959376 0.142471235 0.143648605 0.136219806 0.139560618 0.140150850 0.146461821 0.146899202 0.151548294 0.159049694 0.159305963 0.136585693 0.126238924 0.129846876 0.130401165 0.178644100 0.180590876 0.172047187 0.150271111 0.146474744 0.146289613 0.148060378 0.151601069 0.151138052 0.135008465 0.133949797 0.132624379 0.131656535 0.121017400 0.123630728 0.137095839 0.136004558 0.224048855 
14     0.172007127 0.168165244 0.168252449 0.157977459 0.117571380 0.127671443 0.126387103 0.130992221 0.133732540 0.126140301 0.118042312 0.154521701 0.148038023 0.000000000 0.129426444 0.145243565 0.146176258 0.140822017 0.146300176 0.145812034 0.146989404 0.139535568 0.142874633 0.143464866 0.149775837 0.150213218 0.154857078 0.162391430 0.162647699 0.139893891 0.129546946 0.133155074 0.133709363 0.181609520 0.183556295 0.175025927 0.153260436 0.149464069 0.149278938 0.151049703 0.154633268 0.154164184 0.138103559 0.137044891 0.135756288 0.134749113 0.124109978 0.126723305 0.140188417 0.139098207 0.227751073 
46     0.139125464 0.135318000 0.135405205 0.125129075 0.096409608 0.106379277 0.105203376 0.109605236 0.112665592 0.105134072 0.097036084 0.132797016 0.126313338 0.129426444 0.000000000 0.076290302 0.077198294 0.071755794 0.076673125 0.076330827 0.077366568 0.070017281 0.081406640 0.081996872 0.088276226 0.088713739 0.093551567 0.101021589 0.101251635 0.078859489 0.068437958 0.072041667 0.072664868 0.126056801 0.128005680 0.119456492 0.097727768 0.093931400 0.093746065 0.095516829 0.098918814 0.098456018 0.083452276 0.082393608 0.081124468 0.080097527 0.069450337 0.071989004 0.085528071 0.084577974 0.190174863 
20     0.155039786 0.151232322 0.151319527 0.141043557 0.112132826 0.122102834 0.120926934 0.125303585 0.128312373 0.120857610 0.112759621 0.148537228 0.142053550 0.145243565 0.076290302 0.000000000 0.043035214 0.038017752 0.082120762 0.081795721 0.082813459 0.083599839 0.097350631 0.097940863 0.104220447 0.104657730 0.109451923 0.116826865 0.117078182 0.094864954 0.084402286 0.088005995 0.088629195 0.142641614 0.144590429 0.136041241 0.114270665 0.110474298 0.110288962 0.112059727 0.115490954 0.115026264 0.099438065 0.098379397 0.097086667 0.096083452 0.085436764 0.088028405 0.101514520 0.100500946 0.205945256 
31     0.155976149 0.152168685 0.152255890 0.141979920 0.113069189 0.123039198 0.121863297 0.126239693 0.129248736 0.121793974 0.113695985 0.149473592 0.142989914 0.146176258 0.077198294 0.043035214 0.000000000 0.035484946 0.083111203 0.082786162 0.083803900 0.084559295 0.098296184 0.098886417 0.105166001 0.105603284 0.110397477 0.117772144 0.118023462 0.095811275 0.085348607 0.088952316 0.089575517 0.143523416 0.145488337 0.136939149 0.115178336 0.111381969 0.111199871 0.112970635 0.116406584 0.115941894 0.100362914 0.099304246 0.098007910 0.097008301 0.086361613 0.088953254 0.102439369 0.101425795 0.206881619 
38     0.150602508 0.146795044 0.146882249 0.136606279 0.107678879 0.117647757 0.116471856 0.120848028 0.123832733 0.116400965 0.108302977 0.144085213 0.137601535 0.140822017 0.071755794 0.038017752 0.035484946 0.000000000 0.077555471 0.077249862 0.078248168 0.079012397 0.093004681 0.093594914 0.099874498 0.100311781 0.105106456 0.112480265 0.112731582 0.090404014 0.079941345 0.083545055 0.084168255 0.138139901 0.140088717 0.131539528 0.109768952 0.105972585 0.105787249 0.107558014 0.110989241 0.110524551 0.094936352 0.093877684 0.092584954 0.091581739 0.080935051 0.083526692 0.097012807 0.096064968 0.201505075 
40     0.156123946 0.152316482 0.152403687 0.142127717 0.113060241 0.123030249 0.121854349 0.126102943 0.129281020 0.121785025 0.113687036 0.149443054 0.142959376 0.146300176 0.076673125 0.082120762 0.083111203 0.077555471 0.000000000 0.023289403 0.024966382 0.084446575 0.098162669 0.098752902 0.105032486 0.105469769 0.110295701 0.117706976 0.117937022 0.095806399 0.085343871 0.088947581 0.089570781 0.143625343 0.145574159 0.137024971 0.115255232 0.111458865 0.111273529 0.113044293 0.116490231 0.116027434 0.100411415 0.099352747 0.098075225 0.097056666 0.086410001 0.089001642 0.102487734 0.101540965 0.206944164 
49     0.155635805 0.151828340 0.151915545 0.141639576 0.112572099 0.122542108 0.121366207 0.125614801 0.128792878 0.121296884 0.113198895 0.148954913 0.142471235 0.145812034 0.076330827 0.081795721 0.082786162 0.077249862 0.023289403 0.000000000 0.018094951 0.084122954 0.097721832 0.098312065 0.104591649 0.105028932 0.109854864 0.117266285 0.117496331 0.095365562 0.084903034 0.088506744 0.089129944 0.143168348 0.145117164 0.136567976 0.114798237 0.111001869 0.110816534 0.112587298 0.116033236 0.115570439 0.099922424 0.098863756 0.097586234 0.096567675 0.085921010 0.088512651 0.101998743 0.101051974 0.206456022 
33     0.156813175 0.153005710 0.153092915 0.142816946 0.113749469 0.123719478 0.122543577 0.126792171 0.129970248 0.122474254 0.114376265 0.150132283 0.143648605 0.146989404 0.077366568 0.082813459 0.083803900 0.078248168 0.024966382 0.018094951 0.000000000 0.085134356 0.098851898 0.099442130 0.105721715 0.106158997 0.110984930 0.118395379 0.118625426 0.096495336 0.086032808 0.089636518 0.090259718 0.144314572 0.146263388 0.137714199 0.115944460 0.112148093 0.111962757 0.113733522 0.117179459 0.116716663 0.101100644 0.100041976 0.098764453 0.097745894 0.087099229 0.089690870 0.103176962 0.102230194 0.207633392 
29     0.149299505 0.145492040 0.145579245 0.135303115 0.106290927 0.116260935 0.115085035 0.119483751 0.122525054 0.115015711 0.106917723 0.142703484 0.136219806 0.139535568 0.070017281 0.083599839 0.084559295 0.079012397 0.084446575 0.084122954 0.085134356 0.000000000 0.091088505 0.091678737 0.097958091 0.098395604 0.103190103 0.110567002 0.110801546 0.089146341 0.078723641 0.082327350 0.082950550 0.136805313 0.138754193 0.130205005 0.108439844 0.104643477 0.104458141 0.106228905 0.109555848 0.109093052 0.093304814 0.092246146 0.090972870 0.089950064 0.079303399 0.081895034 0.095381132 0.094430511 0.200161172 
16     0.152401590 0.148594126 0.148681331 0.138405362 0.109629528 0.119587006 0.118423636 0.122896583 0.125874178 0.118354313 0.110256324 0.146044295 0.139560618 0.142874633 0.081406640 0.097350631 0.098296184 0.093004681 0.098162669 0.097721832 0.098851898 0.091088505 0.000000000 0.009689414 0.023352877 0.023472900 0.054322798 0.106167201 0.106461400 0.091699558 0.081511680 0.085134004 0.085771448 0.140018946 0.141968428 0.133418717 0.111652456 0.107856077 0.107670773 0.109441537 0.112622354 0.112159557 0.096853241 0.095794573 0.094525432 0.093498491 0.082847976 0.085463442 0.098928697 0.097907835 0.203337365 
28     0.152991823 0.149184359 0.149271564 0.138995594 0.110219761 0.120177238 0.119013868 0.123486815 0.126464410 0.118944545 0.110846556 0.146634528 0.140150850 0.143464866 0.081996872 0.097940863 0.098886417 0.093594914 0.098752902 0.098312065 0.099442130 0.091678737 0.009689414 0.000000000 0.023504039 0.023591915 0.055021285 0.106751292 0.107045491 0.092289790 0.082101913 0.085724237 0.086361681 0.140609178 0.142558660 0.134008950 0.112242688 0.108446309 0.108261005 0.110031770 0.113212586 0.112749790 0.097443473 0.096384805 0.095115665 0.094088724 0.083438208 0.086053675 0.099518930 0.098498067 0.203927598 
50     0.159302794 0.155495330 0.155582535 0.145306565 0.116530732 0.126488209 0.125324839 0.129797786 0.132775381 0.125255516 0.117157527 0.152945499 0.146461821 0.149775837 0.088276226 0.104220447 0.105166001 0.099874498 0.105032486 0.104591649 0.105721715 0.097958091 0.023352877 0.023504039 0.000000000 0.017968625 0.060844186 0.113050546 0.113344745 0.098567625 0.088379747 0.092002071 0.092639515 0.146935103 0.148886222 0.140336512 0.118570251 0.114773871 0.114588567 0.116359332 0.119508921 0.119046124 0.103771035 0.102712368 0.101443227 0.100416286 0.089765771 0.092381237 0.105846492 0.104825630 0.210238569 
47     0.159740175 0.155932711 0.156019916 0.145743946 0.116968113 0.126925590 0.125762221 0.130235168 0.133212763 0.125692897 0.117594909 0.153382880 0.146899202 0.150213218 0.088713739 0.104657730 0.105603284 0.100311781 0.105469769 0.105028932 0.106158997 0.098395604 0.023472900 0.023591915 0.017968625 0.000000000 0.061358247 0.113488473 0.113782672 0.099005006 0.088817129 0.092439453 0.093076897 0.147374122 0.149323604 0.140773893 0.119007632 0.115211253 0.115025949 0.116796713 0.119946302 0.119483505 0.104208417 0.103149749 0.101880608 0.100853667 0.090203152 0.092818618 0.106283873 0.105263011 0.210675950 
44     0.164389267 0.160581803 0.160669008 0.150393038 0.121617205 0.131564728 0.130411313 0.134884260 0.137861855 0.130341990 0.122244001 0.158031972 0.151548294 0.154857078 0.093551567 0.109451923 0.110397477 0.105106456 0.110295701 0.109854864 0.110984930 0.103190103 0.054322798 0.055021285 0.060844186 0.061358247 0.000000000 0.118079391 0.118373917 0.103780711 0.093592834 0.097215158 0.097852602 0.152111317 0.154060800 0.145511089 0.123744916 0.119948549 0.119763238 0.121534003 0.124684925 0.124222129 0.108951359 0.107892691 0.106623551 0.105596610 0.094946094 0.097561561 0.111026816 0.110005953 0.215251370 
18     0.171905189 0.168097725 0.168184930 0.157874568 0.129114215 0.139084223 0.137908323 0.142380973 0.145358865 0.137838999 0.129741010 0.165533372 0.159049694 0.162391430 0.101021589 0.116826865 0.117772144 0.112480265 0.117706976 0.117266285 0.118395379 0.110567002 0.106167201 0.106751292 0.113050546 0.113488473 0.118079391 0.000000000 0.022189313 0.111544429 0.101077489 0.104699813 0.105212600 0.159673332 0.161622385 0.153072675 0.131296567 0.127500200 0.127315113 0.129085878 0.132202657 0.131739861 0.116320473 0.115261805 0.113992651 0.112965723 0.102315208 0.104930675 0.118395930 0.117373509 0.222822504 
23     0.172161458 0.168353994 0.168441199 0.158130258 0.129370484 0.139340493 0.138164592 0.142637243 0.145615134 0.138095269 0.129997280 0.165789641 0.159305963 0.162647699 0.101251635 0.117078182 0.118023462 0.112731582 0.117937022 0.117496331 0.118625426 0.110801546 0.106461400 0.107045491 0.113344745 0.113782672 0.118373917 0.022189313 0.000000000 0.111789020 0.101322080 0.104944404 0.105457192 0.159938948 0.161888001 0.153338290 0.131562183 0.127765816 0.127580729 0.129351493 0.132468273 0.132005476 0.116586088 0.115527421 0.114258267 0.113231339 0.102580824 0.105196290 0.118661545 0.117639125 0.223078774 
15     0.149337073 0.145431858 0.145519062 0.135230057 0.106625233 0.116538822 0.115419341 0.119892288 0.122887467 0.115350018 0.107252029 0.143069371 0.136585693 0.139893891 0.078859489 0.094864954 0.095811275 0.090404014 0.095806399 0.095365562 0.096495336 0.089146341 0.091699558 0.092289790 0.098567625 0.099005006 0.103780711 0.111544429 0.111789020 0.000000000 0.033249058 0.036913206 0.038243708 0.136749370 0.138698255 0.130148956 0.108342167 0.104545799 0.104354321 0.106125086 0.109394118 0.108929427 0.093162115 0.092103447 0.090833724 0.089807365 0.079157229 0.081772696 0.095237909 0.094266431 0.200596964 
24     0.139184534 0.135376525 0.135463730 0.125187761 0.096278465 0.106170436 0.105072572 0.109545519 0.112540698 0.105003249 0.096905260 0.132722602 0.126238924 0.129546946 0.068437958 0.084402286 0.085348607 0.079941345 0.085343871 0.084903034 0.086032808 0.078723641 0.081511680 0.082101913 0.088379747 0.088817129 0.093592834 0.101077489 0.101322080 0.033249058 0.000000000 0.017192476 0.018207672 0.126299818 0.128248702 0.119699403 0.097890298 0.094093931 0.093902008 0.095673353 0.098943669 0.098478979 0.082729873 0.081671205 0.080401482 0.079375123 0.068724987 0.071340454 0.084805668 0.083834189 0.190249720 
32     0.142792662 0.138984654 0.139071859 0.128795889 0.099886416 0.109764732 0.108680524 0.113153471 0.116148650 0.108611201 0.100513212 0.136330554 0.129846876 0.133155074 0.072041667 0.088005995 0.088952316 0.083545055 0.088947581 0.088506744 0.089636518 0.082327350 0.085134004 0.085724237 0.092002071 0.092439453 0.097215158 0.104699813 0.104944404 0.036913206 0.017192476 0.000000000 0.022626001 0.129912980 0.131861865 0.123312566 0.101505777 0.097709410 0.097517932 0.099288696 0.102557728 0.102093038 0.086341190 0.085282522 0.084012799 0.082986441 0.072336304 0.074951771 0.088416985 0.087445506 0.193857762 
35     0.143346951 0.139538943 0.139626148 0.129350178 0.100440706 0.110354295 0.109234813 0.113707760 0.116702939 0.109165490 0.101067501 0.136884843 0.130401165 0.133709363 0.072664868 0.088629195 0.089575517 0.084168255 0.089570781 0.089129944 0.090259718 0.082950550 0.085771448 0.086361681 0.092639515 0.093076897 0.097852602 0.105212600 0.105457192 0.038243708 0.018207672 0.022626001 0.000000000 0.130440927 0.132389812 0.123840513 0.102033724 0.098237357 0.098045879 0.099816643 0.103077510 0.102612820 0.086869137 0.085810469 0.084540746 0.083514387 0.072864251 0.075479718 0.088944931 0.087973453 0.194412051 
48     0.191090655 0.187295278 0.187382483 0.177120019 0.148657500 0.158643163 0.157459064 0.161900042 0.164927189 0.157389740 0.149291751 0.185127778 0.178644100 0.181609520 0.126056801 0.142641614 0.143523416 0.138139901 0.143625343 0.143168348 0.144314572 0.136805313 0.140018946 0.140609178 0.146935103 0.147374122 0.152111317 0.159673332 0.159938948 0.136749370 0.126299818 0.129912980 0.130440927 0.000000000 0.033087518 0.061745717 0.103548406 0.099760707 0.099796054 0.101630206 0.128412726 0.128002105 0.130305974 0.129247306 0.127977642 0.126951236 0.116268616 0.118882132 0.131825791 0.131449924 0.241933192 
26     0.193036967 0.189241590 0.189328795 0.179066331 0.150604275 0.160589939 0.159405839 0.163846818 0.166873964 0.159336516 0.151238527 0.187074554 0.180590876 0.183556295 0.128005680 0.144590429 0.145488337 0.140088717 0.145574159 0.145117164 0.146263388 0.138754193 0.141968428 0.142558660 0.148886222 0.149323604 0.154060800 0.161622385 0.161888001 0.138698255 0.128248702 0.131861865 0.132389812 0.033087518 0.000000000 0.063883959 0.105386093 0.101598394 0.101605697 0.103439850 0.130279119 0.129868498 0.132235806 0.131177138 0.129907474 0.128881068 0.118198447 0.120811963 0.133755622 0.133379755 0.243879967 
43     0.184499843 0.180704466 0.180791671 0.170528584 0.142084278 0.152062486 0.150878386 0.155319365 0.158346511 0.150809063 0.142711074 0.178530865 0.172047187 0.175025927 0.119456492 0.136041241 0.136939149 0.131539528 0.137024971 0.136567976 0.137714199 0.130205005 0.133418717 0.134008950 0.140336512 0.140773893 0.145511089 0.153072675 0.153338290 0.130148956 0.119699403 0.123312566 0.123840513 0.061745717 0.063883959 0.000000000 0.096461733 0.092674034 0.092725025 0.094559178 0.121516456 0.121105835 0.123688891 0.122630223 0.121360559 0.120334153 0.109651532 0.112265048 0.125480680 0.124832840 0.235335980 
19     0.162875020 0.159079642 0.159166847 0.148891005 0.120308202 0.130286410 0.129102310 0.133555139 0.136570435 0.129032986 0.120934998 0.156754789 0.150271111 0.153260436 0.097727768 0.114270665 0.115178336 0.109768952 0.115255232 0.114798237 0.115944460 0.108439844 0.111652456 0.112242688 0.118570251 0.119007632 0.123744916 0.131296567 0.131562183 0.108342167 0.097890298 0.101505777 0.102033724 0.103548406 0.105386093 0.096461733 0.000000000 0.018690855 0.040560462 0.042413559 0.100213694 0.099802042 0.101832975 0.100774307 0.099508563 0.098480318 0.087823399 0.090435300 0.103733460 0.102923381 0.213560347 
36     0.159078652 0.155283275 0.155370480 0.145094638 0.116511835 0.126490042 0.125305942 0.129758772 0.132774068 0.125236619 0.117138630 0.152958422 0.146474744 0.149464069 0.093931400 0.110474298 0.111381969 0.105972585 0.111458865 0.111001869 0.112148093 0.104643477 0.107856077 0.108446309 0.114773871 0.115211253 0.119948549 0.127500200 0.127765816 0.104545799 0.094093931 0.097709410 0.098237357 0.099760707 0.101598394 0.092674034 0.018690855 0.000000000 0.036648113 0.038520525 0.096417327 0.096005675 0.098036608 0.096977940 0.095712196 0.094683951 0.084027032 0.086638933 0.099937093 0.099127014 0.209763980 
37     0.158893522 0.155098145 0.155185350 0.144909507 0.116326704 0.126304912 0.125120812 0.129573641 0.132588937 0.125051489 0.116953500 0.152773291 0.146289613 0.149278938 0.093746065 0.110288962 0.111199871 0.105787249 0.111273529 0.110816534 0.111962757 0.104458141 0.107670773 0.108261005 0.114588567 0.115025949 0.119763238 0.127315113 0.127580729 0.104354321 0.093902008 0.097517932 0.098045879 0.099796054 0.101605697 0.092725025 0.040560462 0.036648113 0.000000000 0.017236110 0.096216581 0.095804929 0.097849356 0.096790688 0.095524944 0.094496699 0.083839780 0.086451681 0.099749841 0.098939762 0.209578850 
41     0.160664286 0.156868909 0.156956114 0.146680272 0.118097469 0.128075676 0.126891576 0.131344406 0.134359702 0.126822253 0.118724264 0.154544055 0.148060378 0.151049703 0.095516829 0.112059727 0.112970635 0.107558014 0.113044293 0.112587298 0.113733522 0.106228905 0.109441537 0.110031770 0.116359332 0.116796713 0.121534003 0.129085878 0.129351493 0.106125086 0.095673353 0.099288696 0.099816643 0.101630206 0.103439850 0.094559178 0.042413559 0.038520525 0.017236110 0.000000000 0.097987345 0.097575694 0.099620120 0.098561452 0.097295709 0.096267463 0.085610545 0.088222446 0.101520605 0.100710526 0.211349614 
45     0.164253269 0.160484688 0.160571893 0.150295984 0.121632984 0.131611192 0.130427092 0.134868071 0.137895217 0.130357769 0.122259780 0.158084747 0.151601069 0.154633268 0.098918814 0.115490954 0.116406584 0.110989241 0.116490231 0.116033236 0.117179459 0.109555848 0.112622354 0.113212586 0.119508921 0.119946302 0.124684925 0.132202657 0.132468273 0.109394118 0.098943669 0.102557728 0.103077510 0.128412726 0.130279119 0.121516456 0.100213694 0.096417327 0.096216581 0.097987345 0.000000000 0.027256380 0.102490614 0.101431946 0.100163743 0.099161569 0.088588065 0.091201581 0.104621211 0.103667583 0.214605643 
30     0.163784069 0.160015488 0.160102693 0.149826785 0.121169968 0.131148175 0.129964075 0.134405054 0.137432201 0.129894752 0.121796763 0.157621730 0.151138052 0.154164184 0.098456018 0.115026264 0.115941894 0.110524551 0.116027434 0.115570439 0.116716663 0.109093052 0.112159557 0.112749790 0.119046124 0.119483505 0.124222129 0.131739861 0.132005476 0.108929427 0.098478979 0.102093038 0.102612820 0.128002105 0.129868498 0.121105835 0.099802042 0.096005675 0.095804929 0.097575694 0.027256380 0.000000000 0.102010100 0.100951432 0.099683229 0.098681054 0.088107551 0.090721067 0.104140697 0.103187069 0.214136560 
42     0.148046191 0.144237121 0.144324326 0.134048495 0.105035094 0.115017818 0.113829202 0.118270181 0.121297327 0.113759879 0.105661890 0.141492116 0.135008465 0.138103559 0.083452276 0.099438065 0.100362914 0.094936352 0.100411415 0.099922424 0.101100644 0.093304814 0.096853241 0.097443473 0.103771035 0.104208417 0.108951359 0.116320473 0.116586088 0.093162115 0.082729873 0.086341190 0.086869137 0.130305974 0.132235806 0.123688891 0.101832975 0.098036608 0.097849356 0.099620120 0.102490614 0.102010100 0.000000000 0.019550314 0.038784605 0.042523612 0.045591547 0.048493330 0.062397905 0.063693268 0.198332576 
17     0.146987523 0.143178454 0.143265659 0.132989827 0.103976426 0.113959150 0.112770534 0.117211513 0.120238659 0.112701211 0.104603222 0.140433448 0.133949797 0.137044891 0.082393608 0.098379397 0.099304246 0.093877684 0.099352747 0.098863756 0.100041976 0.092246146 0.095794573 0.096384805 0.102712368 0.103149749 0.107892691 0.115261805 0.115527421 0.092103447 0.081671205 0.085282522 0.085810469 0.129247306 0.131177138 0.122630223 0.100774307 0.096977940 0.096790688 0.098561452 0.101431946 0.100951432 0.019550314 0.000000000 0.037961240 0.041614307 0.044525580 0.047422959 0.061336472 0.062675548 0.197273908 
34     0.145698537 0.141889467 0.141976672 0.131700841 0.102686564 0.112669288 0.111480671 0.115921650 0.118948797 0.111411348 0.103313359 0.139120515 0.132624379 0.135756288 0.081124468 0.097086667 0.098007910 0.092584954 0.098075225 0.097586234 0.098764453 0.090972870 0.094525432 0.095115665 0.101443227 0.101880608 0.106623551 0.113992651 0.114258267 0.090833724 0.080401482 0.084012799 0.084540746 0.127977642 0.129907474 0.121360559 0.099508563 0.095712196 0.095524944 0.097295709 0.100163743 0.099683229 0.038784605 0.037961240 0.000000000 0.039824207 0.043363037 0.046119615 0.060136814 0.061594038 0.195988440 
25     0.144691745 0.140882675 0.140969880 0.130694049 0.101681039 0.111663763 0.110475147 0.114916126 0.117943273 0.110405824 0.102307835 0.138140213 0.131656535 0.134749113 0.080097527 0.096083452 0.097008301 0.091581739 0.097056666 0.096567675 0.097745894 0.089950064 0.093498491 0.094088724 0.100416286 0.100853667 0.105596610 0.112965723 0.113231339 0.089807365 0.079375123 0.082986441 0.083514387 0.126951236 0.128881068 0.120334153 0.098480318 0.094683951 0.094496699 0.096267463 0.099161569 0.098681054 0.042523612 0.041614307 0.039824207 0.000000000 0.042321199 0.045082813 0.059082047 0.060394316 0.194978057 
27     0.134052610 0.130243540 0.130330745 0.120054914 0.091041905 0.101024628 0.099836012 0.104276991 0.107304138 0.099766689 0.091668700 0.127501078 0.121017400 0.124109978 0.069450337 0.085436764 0.086361613 0.080935051 0.086410001 0.085921010 0.087099229 0.079303399 0.082847976 0.083438208 0.089765771 0.090203152 0.094946094 0.102315208 0.102580824 0.079157229 0.068724987 0.072336304 0.072864251 0.116268616 0.118198447 0.109651532 0.087823399 0.084027032 0.083839780 0.085610545 0.088588065 0.088107551 0.045591547 0.044525580 0.043363037 0.042321199 0.000000000 0.019016048 0.041147229 0.050024647 0.184338922 
39     0.136665937 0.132856868 0.132944073 0.122668241 0.093655232 0.103637956 0.102449340 0.106890319 0.109917465 0.102380017 0.094282028 0.130114406 0.123630728 0.126723305 0.071989004 0.088028405 0.088953254 0.083526692 0.089001642 0.088512651 0.089690870 0.081895034 0.085463442 0.086053675 0.092381237 0.092818618 0.097561561 0.104930675 0.105196290 0.081772696 0.071340454 0.074951771 0.075479718 0.118882132 0.120811963 0.112265048 0.090435300 0.086638933 0.086451681 0.088222446 0.091201581 0.090721067 0.048493330 0.047422959 0.046119615 0.045082813 0.019016048 0.000000000 0.043810178 0.052891062 0.186952250 
22     0.150131049 0.146321979 0.146409184 0.136133353 0.107120344 0.117103068 0.115914451 0.120355430 0.123382577 0.115845128 0.107747139 0.143579517 0.137095839 0.140188417 0.085528071 0.101514520 0.102439369 0.097012807 0.102487734 0.101998743 0.103176962 0.095381132 0.098928697 0.099518930 0.105846492 0.106283873 0.111026816 0.118395930 0.118661545 0.095237909 0.084805668 0.088416985 0.088944931 0.131825791 0.133755622 0.125480680 0.103733460 0.099937093 0.099749841 0.101520605 0.104621211 0.104140697 0.062397905 0.061336472 0.060136814 0.059082047 0.041147229 0.043810178 0.000000000 0.066209289 0.200417361 
21     0.148748178 0.144939108 0.145026313 0.134733195 0.106035747 0.116018471 0.114829854 0.119270833 0.122297980 0.114760531 0.106662542 0.142488236 0.136004558 0.139098207 0.084577974 0.100500946 0.101425795 0.096064968 0.101540965 0.101051974 0.102230194 0.094430511 0.097907835 0.098498067 0.104825630 0.105263011 0.110005953 0.117373509 0.117639125 0.094266431 0.083834189 0.087445506 0.087973453 0.131449924 0.133379755 0.124832840 0.102923381 0.099127014 0.098939762 0.100710526 0.103667583 0.103187069 0.063693268 0.062675548 0.061594038 0.060394316 0.050024647 0.052891062 0.066209289 0.000000000 0.199372451 
0     0.237634596 0.233815664 0.233902869 0.223632208 0.194111672 0.204074892 0.202857330 0.207362362 0.210327869 0.202836314 0.194738326 0.230532533 0.224048855 0.227751073 0.190174863 0.205945256 0.206881619 0.201505075 0.206944164 0.206456022 0.207633392 0.200161172 0.203337365 0.203927598 0.210238569 0.210675950 0.215251370 0.222822504 0.223078774 0.200596964 0.190249720 0.193857762 0.194412051 0.241933192 0.243879967 0.235335980 0.213560347 0.209763980 0.209578850 0.211349614 0.214605643 0.214136560 0.198332576 0.197273908 0.195988440 0.194978057 0.184338922 0.186952250 0.200417361 0.199372451 0.000000000 
