51
8     0.000000000 0.043858111 0.043116297 0.043170893 0.043073229 0.037514904 0.032943964 0.034912135 0.042572381 0.065224255 0.065331757 0.065714473 0.062425388 0.071194704 0.072527239 0.073188725 0.066313882 0.064888676 0.068850767 0.065244349 0.066236703 0.066839431 0.061150142 0.062095284 0.062885780 0.068398060 0.067523694 0.068191487 0.067265471 0.067483999 0.067567990 0.064752071 0.064581401 0.069005791 0.069440003 0.066144012 0.066393577 0.066493326 0.065729100 0.066042617 0.065798124 0.066949230 0.073910275 0.070781344 0.070996204 0.070654965 0.061862287 0.066104311 0.058206745 0.061604840 0.139613673 
9     0.043858111 0.000000000 0.012653321 0.013530456 0.012316760 0.043014570 0.038669342 0.040712273 0.047858888 0.070897092 0.070966168 0.071348884 0.067989487 0.076924136 0.078354441 0.079012966 0.072172928 0.070745542 0.075031317 0.071424899 0.072403321 0.073019981 0.067467199 0.068253090 0.069067016 0.074567249 0.073727872 0.074371841 0.073445601 0.073672943 0.073746216 0.070938718 0.070773011 0.075263229 0.075700022 0.072348047 0.072569256 0.072669442 0.071930782 0.072242434 0.072012955 0.073142989 0.080086723 0.076958249 0.077173654 0.076832415 0.068028250 0.072250991 0.064032749 0.067430923 0.145604699 
7     0.043116297 0.012653321 0.000000000 0.011719101 0.011521718 0.042272587 0.037916149 0.039954624 0.047090505 0.070111735 0.070180810 0.070563526 0.067207311 0.076138181 0.077568486 0.078227011 0.071316871 0.069954693 0.074210860 0.070610111 0.071591610 0.072205193 0.066661215 0.067451551 0.068268168 0.073768402 0.072929025 0.073572994 0.072646754 0.072874096 0.072947369 0.070139871 0.069974163 0.074465255 0.074902498 0.071550523 0.071771732 0.071871918 0.071133258 0.071447207 0.071210505 0.072340539 0.079289199 0.076160725 0.076376130 0.076034891 0.067230726 0.071453467 0.063250535 0.066648630 0.144821798 
10     0.043170893 0.013530456 0.011719101 0.000000000 0.010578159 0.042307537 0.038014983 0.040053040 0.047161376 0.070181786 0.070250862 0.070633578 0.067274181 0.076214160 0.077644465 0.078302989 0.071457509 0.070030961 0.074316447 0.070710029 0.071691528 0.072305111 0.066752328 0.067538220 0.068352145 0.073847005 0.073013002 0.073656971 0.072730731 0.072958073 0.073031346 0.070223848 0.070058140 0.074548132 0.074985152 0.071633177 0.071854386 0.071954572 0.071215912 0.071529861 0.071299373 0.072428119 0.079371853 0.076243379 0.076458783 0.076117545 0.067313380 0.071538047 0.063329100 0.066727195 0.144410720 
4     0.043073229 0.012316760 0.011521718 0.010578159 0.000000000 0.042214443 0.037888140 0.039926615 0.047055457 0.070088994 0.070158069 0.070540785 0.067181388 0.076120818 0.077551123 0.078209648 0.071364717 0.069938169 0.074214930 0.070608511 0.071590011 0.072203593 0.066650811 0.067436702 0.068249648 0.073731340 0.072898870 0.073542839 0.072608536 0.072844090 0.072917214 0.070122330 0.069956623 0.074446841 0.074883634 0.071531659 0.071752869 0.071853055 0.071114394 0.071423075 0.071192930 0.072321675 0.079266518 0.076138045 0.076353449 0.076012211 0.067208046 0.071434603 0.063234509 0.066632604 0.144798562 
6     0.037514904 0.043014570 0.042272587 0.042307537 0.042214443 0.000000000 0.032313911 0.034322818 0.041780338 0.064950238 0.064960858 0.065343573 0.062098934 0.071098939 0.072426923 0.073077603 0.066253706 0.064878038 0.069069234 0.065462816 0.066455455 0.067057898 0.061432276 0.062274228 0.063090520 0.068620704 0.067766825 0.068414731 0.067496337 0.067714087 0.067803533 0.065023638 0.064857931 0.069308345 0.069742251 0.066358665 0.066610536 0.066710722 0.065927497 0.066254847 0.066053038 0.067179965 0.074105425 0.070962407 0.071177811 0.070836573 0.062038111 0.066296653 0.058095325 0.061508312 0.139972542 
13     0.032943964 0.038669342 0.037916149 0.038014983 0.037888140 0.032313911 0.000000000 0.010599177 0.037195376 0.060219077 0.060260567 0.060643283 0.057348575 0.066274461 0.067386445 0.068075998 0.061453287 0.060046901 0.064367747 0.060761329 0.061753968 0.062356411 0.056759089 0.057553385 0.058384713 0.063855883 0.063047081 0.063649904 0.062723979 0.062942506 0.063009345 0.060306328 0.060140621 0.064588185 0.065022396 0.061672277 0.061926521 0.062026707 0.061216170 0.061542613 0.061333823 0.062472979 0.069414929 0.066283482 0.066498887 0.066157648 0.057369280 0.061608964 0.053368267 0.056766295 0.134818087 
12     0.034912135 0.040712273 0.039954624 0.040053040 0.039926615 0.034322818 0.010599177 0.000000000 0.039183726 0.062257947 0.062299437 0.062682153 0.059375473 0.068366317 0.069560383 0.070257864 0.063499295 0.062094723 0.066346720 0.062740302 0.063732941 0.064335384 0.058735403 0.059519707 0.060334988 0.065792462 0.064983660 0.065585532 0.064659107 0.064877634 0.064957425 0.062261448 0.062095741 0.066546722 0.066980934 0.063630815 0.063885058 0.063985244 0.063184452 0.063515580 0.063295109 0.064431517 0.071372077 0.068240630 0.068456035 0.068114796 0.059326428 0.063566112 0.055368194 0.058766222 0.137135653 
1     0.042572381 0.047858888 0.047090505 0.047161376 0.047055457 0.041780338 0.037195376 0.039183726 0.000000000 0.066423922 0.066443071 0.066825786 0.063562120 0.072581318 0.073912974 0.074579966 0.067729420 0.066341457 0.070665252 0.067058834 0.068055614 0.068657948 0.063026075 0.063783244 0.064586599 0.070155810 0.069293437 0.069949782 0.069021314 0.069224694 0.069316404 0.066501911 0.066336203 0.070798136 0.071232348 0.067897592 0.068121248 0.068221434 0.067472765 0.067793603 0.067569331 0.068686439 0.075539529 0.072415546 0.072630951 0.072289713 0.063477606 0.067731071 0.059568310 0.062966405 0.141078141 
5     0.065224255 0.070897092 0.070111735 0.070181786 0.070088994 0.064950238 0.060219077 0.062257947 0.066423922 0.000000000 0.033906128 0.034270643 0.052420880 0.073492180 0.074759704 0.075470970 0.068144125 0.066955235 0.071619098 0.068021606 0.069036946 0.069616688 0.064131154 0.064778567 0.065513549 0.071595381 0.070615727 0.071358250 0.070311425 0.070552945 0.070616147 0.067688677 0.067465432 0.071946257 0.072377763 0.068999432 0.069235496 0.069335682 0.068593026 0.068929737 0.068581093 0.069488175 0.076408050 0.073418289 0.073662268 0.073321030 0.064483101 0.068827666 0.060260273 0.063642053 0.141511665 
11     0.065331757 0.070966168 0.070180810 0.070250862 0.070158069 0.064960858 0.060260567 0.062299437 0.066443071 0.033906128 0.000000000 0.010798265 0.052247338 0.073521201 0.074794560 0.075505826 0.068136003 0.066896122 0.071555924 0.067961906 0.068977246 0.069556988 0.064088894 0.064707299 0.065550708 0.071588156 0.070608503 0.071351026 0.070303640 0.070553053 0.070593356 0.067643611 0.067420367 0.071901191 0.072332697 0.068949666 0.069185862 0.069286048 0.068543392 0.068880103 0.068507114 0.069431776 0.076311246 0.073451153 0.073681803 0.073340565 0.064452772 0.068802737 0.060062804 0.063447242 0.142111259 
2     0.065714473 0.071348884 0.070563526 0.070633578 0.070540785 0.065343573 0.060643283 0.062682153 0.066825786 0.034270643 0.010798265 0.000000000 0.052670267 0.073901025 0.075174383 0.075885649 0.068515826 0.067275945 0.071872132 0.068279904 0.069281072 0.069863765 0.064443434 0.065063060 0.065866780 0.071904228 0.070924575 0.071667098 0.070664786 0.070869125 0.070909428 0.068004756 0.067755451 0.072194314 0.072622674 0.069253054 0.069486668 0.069589436 0.068846780 0.069183491 0.068810502 0.069735165 0.076644629 0.073775465 0.074006115 0.073664877 0.064777084 0.069127049 0.060442392 0.063826830 0.142491920 
3     0.062425388 0.067989487 0.067207311 0.067274181 0.067181388 0.062098934 0.057348575 0.059375473 0.063562120 0.052420880 0.052247338 0.052670267 0.000000000 0.070591212 0.071856877 0.072581920 0.065639536 0.064272201 0.068753848 0.065179155 0.066184922 0.066766671 0.061246925 0.061972045 0.062641926 0.068718815 0.067739162 0.068481684 0.067343922 0.067630769 0.067781434 0.064768211 0.064544967 0.068996881 0.069424637 0.066010384 0.066260150 0.066362534 0.065623154 0.065986892 0.065732845 0.066816300 0.073704208 0.070617201 0.070820555 0.070479316 0.061458697 0.065936339 0.057222492 0.060636443 0.139364023 
49     0.071194704 0.076924136 0.076138181 0.076214160 0.076120818 0.071098939 0.066274461 0.068366317 0.072581318 0.073492180 0.073521201 0.073901025 0.070591212 0.000000000 0.056769270 0.057387970 0.065585203 0.063807059 0.072948759 0.069315812 0.070324699 0.070903329 0.065405440 0.066287072 0.066787270 0.072724619 0.071690923 0.072485113 0.071441639 0.071653208 0.071773018 0.069039231 0.068826872 0.073209411 0.073621455 0.070192977 0.070472590 0.070563921 0.069837122 0.070164773 0.069898234 0.071380875 0.077853045 0.074838306 0.075012858 0.074671620 0.065941062 0.070061296 0.061409552 0.064789864 0.146103055 
24     0.072527239 0.078354441 0.077568486 0.077644465 0.077551123 0.072426923 0.067386445 0.069560383 0.073912974 0.074759704 0.074794560 0.075174383 0.071856877 0.056769270 0.000000000 0.024305698 0.066708074 0.064839991 0.074419819 0.070786873 0.071782312 0.072360941 0.066807887 0.067677818 0.068232263 0.074248713 0.072812298 0.074004198 0.072964299 0.073172415 0.073301797 0.070284285 0.070169076 0.074571712 0.074983756 0.071586545 0.071847423 0.071938563 0.071231329 0.071566369 0.071320840 0.072774144 0.079308837 0.076242762 0.076414275 0.076073037 0.067306311 0.071358711 0.062633579 0.066022437 0.147309055 
38     0.073188725 0.079012966 0.078227011 0.078302989 0.078209648 0.073077603 0.068075998 0.070257864 0.074579966 0.075470970 0.075505826 0.075885649 0.072581920 0.057387970 0.024305698 0.000000000 0.067404775 0.065517657 0.075124499 0.071494720 0.072475797 0.073054426 0.067501948 0.068394352 0.068879328 0.074920669 0.073460045 0.074676154 0.073636255 0.073844180 0.073969189 0.071051416 0.070924380 0.075301751 0.075713795 0.072300016 0.072549713 0.072641044 0.071944161 0.072247225 0.072012782 0.073466086 0.079838406 0.076855436 0.077026949 0.076685711 0.067939980 0.071984972 0.063388812 0.066780657 0.148023626 
19     0.066313882 0.072172928 0.071316871 0.071457509 0.071364717 0.066253706 0.061453287 0.063499295 0.067729420 0.068144125 0.068136003 0.068515826 0.065639536 0.065585203 0.066708074 0.067404775 0.000000000 0.054461958 0.068176803 0.064610342 0.065623266 0.066201895 0.060659997 0.061516140 0.062118282 0.068137453 0.067149609 0.067892938 0.066727517 0.066976620 0.067145915 0.064136009 0.063942736 0.068452826 0.068884332 0.065450634 0.065688310 0.065848315 0.065094886 0.065420904 0.065177870 0.066643474 0.073072704 0.069924986 0.070099538 0.069759452 0.061026084 0.065256552 0.056405549 0.059792093 0.141438409 
33     0.064888676 0.070745542 0.069954693 0.070030961 0.069938169 0.064878038 0.060046901 0.062094723 0.066341457 0.066955235 0.066896122 0.067275945 0.064272201 0.063807059 0.064839991 0.065517657 0.054461958 0.000000000 0.066969730 0.063293426 0.064204339 0.064782968 0.059393407 0.060234129 0.060848439 0.066764862 0.065776430 0.066520347 0.065658403 0.065881879 0.066004107 0.062888335 0.062694545 0.067187396 0.067432666 0.064204468 0.064487862 0.064602831 0.063849402 0.064175420 0.063852383 0.065362785 0.071844630 0.068754174 0.068928402 0.068587163 0.059840335 0.063961982 0.055145581 0.058558011 0.140461084 
26     0.068850767 0.075031317 0.074210860 0.074316447 0.074214930 0.069069234 0.064367747 0.066346720 0.070665252 0.071619098 0.071555924 0.071872132 0.068753848 0.072948759 0.074419819 0.075124499 0.068176803 0.066969730 0.000000000 0.018846940 0.020023995 0.020180691 0.034757818 0.041841972 0.049020294 0.054936559 0.054020347 0.054761327 0.053666163 0.053837565 0.054018997 0.051070447 0.050899646 0.055109921 0.055603464 0.051999168 0.052400355 0.052475248 0.051642849 0.052015244 0.051832770 0.053243819 0.059724189 0.056583889 0.056735512 0.056349038 0.047825051 0.051972813 0.059453485 0.062823526 0.143955406 
39     0.065244349 0.071424899 0.070610111 0.070710029 0.070608511 0.065462816 0.060761329 0.062740302 0.067058834 0.068021606 0.067961906 0.068279904 0.065179155 0.069315812 0.070786873 0.071494720 0.064610342 0.063293426 0.018846940 0.000000000 0.011959699 0.012529941 0.031084984 0.038195000 0.045445524 0.051312199 0.050408353 0.051149334 0.050058268 0.050246936 0.050407693 0.047459269 0.047288468 0.051507996 0.052001539 0.048347800 0.048748986 0.048823879 0.048001328 0.048363875 0.048226834 0.049641036 0.056089386 0.052958613 0.053110236 0.052721906 0.044204634 0.048343661 0.055830657 0.059200698 0.140395792 
20     0.066236703 0.072403321 0.071591610 0.071691528 0.071590011 0.066455455 0.061753968 0.063732941 0.068055614 0.069036946 0.068977246 0.069281072 0.066184922 0.070324699 0.071782312 0.072475797 0.065623266 0.064204339 0.020023995 0.011959699 0.000000000 0.009048016 0.032184843 0.039284493 0.046420143 0.052265754 0.051378075 0.052122520 0.051044550 0.051234365 0.051397245 0.048480527 0.048309726 0.052574578 0.053068121 0.049470681 0.049871868 0.049946761 0.049124210 0.049486757 0.049293416 0.050707618 0.057138047 0.053997747 0.054149371 0.053759936 0.045247753 0.049386781 0.056847110 0.060217151 0.141411516 
35     0.066839431 0.073019981 0.072205193 0.072305111 0.072203593 0.067057898 0.062356411 0.064335384 0.068657948 0.069616688 0.069556988 0.069863765 0.066766671 0.070903329 0.072360941 0.073054426 0.066201895 0.064782968 0.020180691 0.012529941 0.009048016 0.000000000 0.032788433 0.039866666 0.046975118 0.052898176 0.052019781 0.052760762 0.051610513 0.051800329 0.051938699 0.049037378 0.048866577 0.053113955 0.053607498 0.050010059 0.050411245 0.050486138 0.049663587 0.050026134 0.049832793 0.051246522 0.057718825 0.054578525 0.054730148 0.054343098 0.045819687 0.049958715 0.057425739 0.060795780 0.141990874 
30     0.061150142 0.067467199 0.066661215 0.066752328 0.066650811 0.061432276 0.056759089 0.058735403 0.063026075 0.064131154 0.064088894 0.064443434 0.061246925 0.065405440 0.066807887 0.067501948 0.060659997 0.059393407 0.034757818 0.031084984 0.032184843 0.032788433 0.000000000 0.034087302 0.041292550 0.047268621 0.046320654 0.047061634 0.045954742 0.046145002 0.046300445 0.043210092 0.043038805 0.047406146 0.047805465 0.044348183 0.044751042 0.044825935 0.044027054 0.044357784 0.044135786 0.045541933 0.052081359 0.048941144 0.049092767 0.048744741 0.040165149 0.044334767 0.051901521 0.055298615 0.136438523 
17     0.062095284 0.068253090 0.067451551 0.067538220 0.067436702 0.062274228 0.057553385 0.059519707 0.063783244 0.064778567 0.064707299 0.065063060 0.061972045 0.066287072 0.067677818 0.068394352 0.061516140 0.060234129 0.041841972 0.038195000 0.039284493 0.039866666 0.034087302 0.000000000 0.042286389 0.048381769 0.047422254 0.048163189 0.047045282 0.047243117 0.047381501 0.044406476 0.044169601 0.048584225 0.049004898 0.045556594 0.045959763 0.046034656 0.045242054 0.045564845 0.045317395 0.046772839 0.053161582 0.050011258 0.050144551 0.049816027 0.041251745 0.045409908 0.052754164 0.056095745 0.137507090 
22     0.062885780 0.069067016 0.068268168 0.068352145 0.068249648 0.063090520 0.058384713 0.060334988 0.064586599 0.065513549 0.065550708 0.065866780 0.062641926 0.066787270 0.068232263 0.068879328 0.062118282 0.060848439 0.049020294 0.045445524 0.046420143 0.046975118 0.041292550 0.042286389 0.000000000 0.032982900 0.031973331 0.032728073 0.031825008 0.031871121 0.031992026 0.034215173 0.033916593 0.038467663 0.038995247 0.035544208 0.035983923 0.036069446 0.035307423 0.035505522 0.035225098 0.036602873 0.046739845 0.043694578 0.043819797 0.043458317 0.035003109 0.038928075 0.053353088 0.056753842 0.138056898 
42     0.068398060 0.074567249 0.073768402 0.073847005 0.073731340 0.068620704 0.063855883 0.065792462 0.070155810 0.071595381 0.071588156 0.071904228 0.068718815 0.072724619 0.074248713 0.074920669 0.068137453 0.066764862 0.054936559 0.051312199 0.052265754 0.052898176 0.047268621 0.048381769 0.032982900 0.000000000 0.011529117 0.013085518 0.020846568 0.021025835 0.020959913 0.040500161 0.040157853 0.044420309 0.044945233 0.041479542 0.041916003 0.042001421 0.041239415 0.041439607 0.041393144 0.042731314 0.052688007 0.049580840 0.049744546 0.049383066 0.040904377 0.044955919 0.059402852 0.062780871 0.143166854 
25     0.067523694 0.073727872 0.072929025 0.073013002 0.072898870 0.067766825 0.063047081 0.064983660 0.069293437 0.070615727 0.070608503 0.070924575 0.067739162 0.071690923 0.072812298 0.073460045 0.067149609 0.065776430 0.054020347 0.050408353 0.051378075 0.052019781 0.046320654 0.047422254 0.031973331 0.011529117 0.000000000 0.011572079 0.020057600 0.020306689 0.020272998 0.039433698 0.039091390 0.043355363 0.043878771 0.040413177 0.040849638 0.040935056 0.040173050 0.040374552 0.040326682 0.041664852 0.051706594 0.048637914 0.048763133 0.048401653 0.039921589 0.043971851 0.058406564 0.061784583 0.142141086 
41     0.068191487 0.074371841 0.073572994 0.073656971 0.073542839 0.068414731 0.063649904 0.065585532 0.069949782 0.071358250 0.071351026 0.071667098 0.068481684 0.072485113 0.074004198 0.074676154 0.067892938 0.066520347 0.054761327 0.051149334 0.052122520 0.052760762 0.047061634 0.048163189 0.032728073 0.013085518 0.011572079 0.000000000 0.020510801 0.020647620 0.020744293 0.040169168 0.039826860 0.044075976 0.044599384 0.041133693 0.041570154 0.041655572 0.040893566 0.041093758 0.041039334 0.042377003 0.052425012 0.049356332 0.049481551 0.049120071 0.040644691 0.044697548 0.059158337 0.062536356 0.142929280 
29     0.067265471 0.073445601 0.072646754 0.072730731 0.072608536 0.067496337 0.062723979 0.064659107 0.069021314 0.070311425 0.070303640 0.070664786 0.067343922 0.071441639 0.072964299 0.073636255 0.066727517 0.065658403 0.053666163 0.050058268 0.051044550 0.051610513 0.045954742 0.047045282 0.031825008 0.020846568 0.020057600 0.020510801 0.000000000 0.015130969 0.018983052 0.039009536 0.038693312 0.043039956 0.043563428 0.040097517 0.040526417 0.040614609 0.039852603 0.040051812 0.039996291 0.041336335 0.051400334 0.048331654 0.048456873 0.048095394 0.039590428 0.043639337 0.058071694 0.061437006 0.142053175 
32     0.067483999 0.073672943 0.072874096 0.072958073 0.072844090 0.067714087 0.062942506 0.064877634 0.069224694 0.070552945 0.070553053 0.070869125 0.067630769 0.071653208 0.073172415 0.073844180 0.066976620 0.065881879 0.053837565 0.050246936 0.051234365 0.051800329 0.046145002 0.047243117 0.031871121 0.021025835 0.020306689 0.020647620 0.015130969 0.000000000 0.019415196 0.039180127 0.038837818 0.043071491 0.043595835 0.040129766 0.040566227 0.040651645 0.039889639 0.040087529 0.039949089 0.041365026 0.051494828 0.048426148 0.048551367 0.048189887 0.039677188 0.043712891 0.058274354 0.061655639 0.142281007 
15     0.067567990 0.073746216 0.072947369 0.073031346 0.072917214 0.067803533 0.063009345 0.064957425 0.069316404 0.070616147 0.070593356 0.070909428 0.067781434 0.071773018 0.073301797 0.073969189 0.067145915 0.066004107 0.054018997 0.050407693 0.051397245 0.051938699 0.046300445 0.047381501 0.031992026 0.020959913 0.020272998 0.020744293 0.018983052 0.019415196 0.000000000 0.039379454 0.039037145 0.043223404 0.043829005 0.040363414 0.040799876 0.040885553 0.040123547 0.040297249 0.040271619 0.041598898 0.051652004 0.048583323 0.048708543 0.048347063 0.039868635 0.043909793 0.058407442 0.061785461 0.142319994 
40     0.064752071 0.070938718 0.070139871 0.070223848 0.070122330 0.065023638 0.060306328 0.062261448 0.066501911 0.067688677 0.067643611 0.068004756 0.064768211 0.069039231 0.070284285 0.071051416 0.064136009 0.062888335 0.051070447 0.047459269 0.048480527 0.049037378 0.043210092 0.044406476 0.034215173 0.040500161 0.039433698 0.040169168 0.039009536 0.039180127 0.039379454 0.000000000 0.013557025 0.035775992 0.036251908 0.032831821 0.033186650 0.033252094 0.032494250 0.032850294 0.032628930 0.033902634 0.049033932 0.045977635 0.046103804 0.045743302 0.037187669 0.041060189 0.055488333 0.058913764 0.140199313 
48     0.064581401 0.070773011 0.069974163 0.070058140 0.069956623 0.064857931 0.060140621 0.062095741 0.066336203 0.067465432 0.067420367 0.067755451 0.064544967 0.068826872 0.070169076 0.070924380 0.063942736 0.062694545 0.050899646 0.047288468 0.048309726 0.048866577 0.043038805 0.044169601 0.033916593 0.040157853 0.039091390 0.039826860 0.038693312 0.038837818 0.039037145 0.013557025 0.000000000 0.035548423 0.036024339 0.032607356 0.032962184 0.033028925 0.032277742 0.032628450 0.032380444 0.033652639 0.048689447 0.045646286 0.045772454 0.045411953 0.036869404 0.040730576 0.055210698 0.058655108 0.139988842 
31     0.069005791 0.075263229 0.074465255 0.074548132 0.074446841 0.069308345 0.064588185 0.066546722 0.070798136 0.071946257 0.071901191 0.072194314 0.068996881 0.073209411 0.074571712 0.075301751 0.068452826 0.067187396 0.055109921 0.051507996 0.052574578 0.053113955 0.047406146 0.048584225 0.038467663 0.044420309 0.043355363 0.044075976 0.043039956 0.043071491 0.043223404 0.035775992 0.035548423 0.000000000 0.011600987 0.018542360 0.018791728 0.018913870 0.017954655 0.018603163 0.024500138 0.025946756 0.053144899 0.050092843 0.050219012 0.049870515 0.041294733 0.045371540 0.059769975 0.063176803 0.144434467 
43     0.069440003 0.075700022 0.074902498 0.074985152 0.074883634 0.069742251 0.065022396 0.066980934 0.071232348 0.072377763 0.072332697 0.072622674 0.069424637 0.073621455 0.074983756 0.075713795 0.068884332 0.067432666 0.055603464 0.052001539 0.053068121 0.053607498 0.047805465 0.049004898 0.038995247 0.044945233 0.043878771 0.044599384 0.043563428 0.043595835 0.043829005 0.036251908 0.036024339 0.011600987 0.000000000 0.019272382 0.019509916 0.019714294 0.018713794 0.019457907 0.024885380 0.026383961 0.053671498 0.050619684 0.050745853 0.050397356 0.041813110 0.045894443 0.060185239 0.063608384 0.144865973 
50     0.066144012 0.072348047 0.071550523 0.071633177 0.071531659 0.066358665 0.061672277 0.063630815 0.067897592 0.068999432 0.068949666 0.069253054 0.066010384 0.070192977 0.071586545 0.072300016 0.065450634 0.064204468 0.051999168 0.048347800 0.049470681 0.050010059 0.044348183 0.045556594 0.035544208 0.041479542 0.040413177 0.041133693 0.040097517 0.040129766 0.040363414 0.032831821 0.032607356 0.018542360 0.019272382 0.000000000 0.007938611 0.007550977 0.007133014 0.008527901 0.021521000 0.022974659 0.050075526 0.047003209 0.047129378 0.046780881 0.038317586 0.042399283 0.056770826 0.060191010 0.141462133 
44     0.066393577 0.072569256 0.071771732 0.071854386 0.071752869 0.066610536 0.061926521 0.063885058 0.068121248 0.069235496 0.069185862 0.069486668 0.066260150 0.070472590 0.071847423 0.072549713 0.065688310 0.064487862 0.052400355 0.048748986 0.049871868 0.050411245 0.044751042 0.045959763 0.035983923 0.041916003 0.040849638 0.041570154 0.040526417 0.040566227 0.040799876 0.033186650 0.032962184 0.018791728 0.019509916 0.007938611 0.000000000 0.006128209 0.007609582 0.009127608 0.021988732 0.023460552 0.050541738 0.047460381 0.047586550 0.047238053 0.038736458 0.042848640 0.057060195 0.060480379 0.141756553 
14     0.066493326 0.072669442 0.071871918 0.071954572 0.071853055 0.066710722 0.062026707 0.063985244 0.068221434 0.069335682 0.069286048 0.069589436 0.066362534 0.070563921 0.071938563 0.072641044 0.065848315 0.064602831 0.052475248 0.048823879 0.049946761 0.050486138 0.044825935 0.046034656 0.036069446 0.042001421 0.040935056 0.041655572 0.040614609 0.040651645 0.040885553 0.033252094 0.033028925 0.018913870 0.019714294 0.007550977 0.006128209 0.000000000 0.007445957 0.008863985 0.022047004 0.023526161 0.050623206 0.047541850 0.047668018 0.047319521 0.038817927 0.042930108 0.057166741 0.060586925 0.141855463 
46     0.065729100 0.071930782 0.071133258 0.071215912 0.071114394 0.065927497 0.061216170 0.063184452 0.067472765 0.068593026 0.068543392 0.068846780 0.065623154 0.069837122 0.071231329 0.071944161 0.065094886 0.063849402 0.051642849 0.048001328 0.049124210 0.049663587 0.044027054 0.045242054 0.035307423 0.041239415 0.040173050 0.040893566 0.039852603 0.039889639 0.040123547 0.032494250 0.032277742 0.017954655 0.018713794 0.007133014 0.007609582 0.007445957 0.000000000 0.008488717 0.021355687 0.022829381 0.049843661 0.046762304 0.046888472 0.046539975 0.038044693 0.042153816 0.056414643 0.059834827 0.141093788 
34     0.066042617 0.072242434 0.071447207 0.071529861 0.071423075 0.066254847 0.061542613 0.063515580 0.067793603 0.068929737 0.068880103 0.069183491 0.065986892 0.070164773 0.071566369 0.072247225 0.065420904 0.064175420 0.052015244 0.048363875 0.049486757 0.050026134 0.044357784 0.045564845 0.035505522 0.041439607 0.040374552 0.041093758 0.040051812 0.040087529 0.040297249 0.032850294 0.032628450 0.018603163 0.019457907 0.008527901 0.009127608 0.008863985 0.008488717 0.000000000 0.021686566 0.023151798 0.050035928 0.046954753 0.047080921 0.046732424 0.038230830 0.042260316 0.056725448 0.060145632 0.141415690 
37     0.065798124 0.072012955 0.071210505 0.071299373 0.071192930 0.066053038 0.061333823 0.063295109 0.067569331 0.068581093 0.068507114 0.068810502 0.065732845 0.069898234 0.071320840 0.072012782 0.065177870 0.063852383 0.051832770 0.048226834 0.049293416 0.049832793 0.044135786 0.045317395 0.035225098 0.041393144 0.040326682 0.041039334 0.039996291 0.039949089 0.040271619 0.032628930 0.032380444 0.024500138 0.024885380 0.021521000 0.021988732 0.022047004 0.021355687 0.021686566 0.000000000 0.013214361 0.050075554 0.047025236 0.047151405 0.046802908 0.038247387 0.042318644 0.056443512 0.059895359 0.141168721 
27     0.066949230 0.073142989 0.072340539 0.072428119 0.072321675 0.067179965 0.062472979 0.064431517 0.068686439 0.069488175 0.069431776 0.069735165 0.066816300 0.071380875 0.072774144 0.073466086 0.066643474 0.065362785 0.053243819 0.049641036 0.050707618 0.051246522 0.045541933 0.046772839 0.036602873 0.042731314 0.041664852 0.042377003 0.041336335 0.041365026 0.041598898 0.033902634 0.033652639 0.025946756 0.026383961 0.022974659 0.023460552 0.023526161 0.022829381 0.023151798 0.013214361 0.000000000 0.051446559 0.048396241 0.048522410 0.048173913 0.039639474 0.043690914 0.057892061 0.061343916 0.142267731 
18     0.073910275 0.080086723 0.079289199 0.079371853 0.079266518 0.074105425 0.069414929 0.071372077 0.075539529 0.076408050 0.076311246 0.076644629 0.073704208 0.077853045 0.079308837 0.079838406 0.073072704 0.071844630 0.059724189 0.056089386 0.057138047 0.057718825 0.052081359 0.053161582 0.046739845 0.052688007 0.051706594 0.052425012 0.051400334 0.051494828 0.051652004 0.049033932 0.048689447 0.053144899 0.053671498 0.050075526 0.050541738 0.050623206 0.049843661 0.050035928 0.050075554 0.051446559 0.000000000 0.022593374 0.022572812 0.022338042 0.032371522 0.036579964 0.064385510 0.067802374 0.148964429 
36     0.070781344 0.076958249 0.076160725 0.076243379 0.076138045 0.070962407 0.066283482 0.068240630 0.072415546 0.073418289 0.073451153 0.073775465 0.070617201 0.074838306 0.076242762 0.076855436 0.069924986 0.068754174 0.056583889 0.052958613 0.053997747 0.054578525 0.048941144 0.050011258 0.043694578 0.049580840 0.048637914 0.049356332 0.048331654 0.048426148 0.048583323 0.045977635 0.045646286 0.050092843 0.050619684 0.047003209 0.047460381 0.047541850 0.046762304 0.046954753 0.047025236 0.048396241 0.022593374 0.000000000 0.007948178 0.007785923 0.029441778 0.033918235 0.061303703 0.064720567 0.145856369 
21     0.070996204 0.077173654 0.076376130 0.076458783 0.076353449 0.071177811 0.066498887 0.068456035 0.072630951 0.073662268 0.073681803 0.074006115 0.070820555 0.075012858 0.076414275 0.077026949 0.070099538 0.068928402 0.056735512 0.053110236 0.054149371 0.054730148 0.049092767 0.050144551 0.043819797 0.049744546 0.048763133 0.049481551 0.048456873 0.048551367 0.048708543 0.046103804 0.045772454 0.050219012 0.050745853 0.047129378 0.047586550 0.047668018 0.046888472 0.047080921 0.047151405 0.048522410 0.022572812 0.007948178 0.000000000 0.007186722 0.029486357 0.033959745 0.061478555 0.064895418 0.146056705 
45     0.070654965 0.076832415 0.076034891 0.076117545 0.076012211 0.070836573 0.066157648 0.068114796 0.072289713 0.073321030 0.073340565 0.073664877 0.070479316 0.074671620 0.076073037 0.076685711 0.069759452 0.068587163 0.056349038 0.052721906 0.053759936 0.054343098 0.048744741 0.049816027 0.043458317 0.049383066 0.048401653 0.049120071 0.048095394 0.048189887 0.048347063 0.045743302 0.045411953 0.049870515 0.050397356 0.046780881 0.047238053 0.047319521 0.046539975 0.046732424 0.046802908 0.048173913 0.022338042 0.007785923 0.007186722 0.000000000 0.029131651 0.033606523 0.061137316 0.064554180 0.145715467 
16     0.061862287 0.068028250 0.067230726 0.067313380 0.067208046 0.062038111 0.057369280 0.059326428 0.063477606 0.064483101 0.064452772 0.064777084 0.061458697 0.065941062 0.067306311 0.067939980 0.061026084 0.059840335 0.047825051 0.044204634 0.045247753 0.045819687 0.040165149 0.041251745 0.035003109 0.040904377 0.039921589 0.040644691 0.039590428 0.039677188 0.039868635 0.037187669 0.036869404 0.041294733 0.041813110 0.038317586 0.038736458 0.038817927 0.038044693 0.038230830 0.038247387 0.039639474 0.032371522 0.029441778 0.029486357 0.029131651 0.000000000 0.022933751 0.052343659 0.055764548 0.136928533 
23     0.066104311 0.072250991 0.071453467 0.071538047 0.071434603 0.066296653 0.061608964 0.063566112 0.067731071 0.068827666 0.068802737 0.069127049 0.065936339 0.070061296 0.071358711 0.071984972 0.065256552 0.063961982 0.051972813 0.048343661 0.049386781 0.049958715 0.044334767 0.045409908 0.038928075 0.044955919 0.043971851 0.044697548 0.043639337 0.043712891 0.043909793 0.041060189 0.040730576 0.045371540 0.045894443 0.042399283 0.042848640 0.042930108 0.042153816 0.042260316 0.042318644 0.043690914 0.036579964 0.033918235 0.033959745 0.033606523 0.022933751 0.000000000 0.056531648 0.059906759 0.141423664 
47     0.058206745 0.064032749 0.063250535 0.063329100 0.063234509 0.058095325 0.053368267 0.055368194 0.059568310 0.060260273 0.060062804 0.060442392 0.057222492 0.061409552 0.062633579 0.063388812 0.056405549 0.055145581 0.059453485 0.055830657 0.056847110 0.057425739 0.051901521 0.052754164 0.053353088 0.059402852 0.058406564 0.059158337 0.058071694 0.058274354 0.058407442 0.055488333 0.055210698 0.059769975 0.060185239 0.056770826 0.057060195 0.057166741 0.056414643 0.056725448 0.056443512 0.057892061 0.064385510 0.061303703 0.061478555 0.061137316 0.052343659 0.056531648 0.000000000 0.026509566 0.132855139 
28     0.061604840 0.067430923 0.066648630 0.066727195 0.066632604 0.061508312 0.056766295 0.058766222 0.062966405 0.063642053 0.063447242 0.063826830 0.060636443 0.064789864 0.066022437 0.066780657 0.059792093 0.058558011 0.062823526 0.059200698 0.060217151 0.060795780 0.055298615 0.056095745 0.056753842 0.062780871 0.061784583 0.062536356 0.061437006 0.061655639 0.061785461 0.058913764 0.058655108 0.063176803 0.063608384 0.060191010 0.060480379 0.060586925 0.059834827 0.060145632 0.059895359 0.061343916 0.067802374 0.064720567 0.064895418 0.064554180 0.055764548 0.059906759 0.026509566 0.000000000 0.136267600 
0     0.139613673 0.145604699 0.144821798 0.144410720 0.144798562 0.139972542 0.134818087 0.137135653 0.141078141 0.141511665 0.142111259 0.142491920 0.139364023 0.146103055 0.147309055 0.148023626 0.141438409 0.140461084 0.143955406 0.140395792 0.141411516 0.141990874 0.136438523 0.137507090 0.138056898 0.143166854 0.142141086 0.142929280 0.142053175 0.142281007 0.142319994 0.140199313 0.139988842 0.144434467 0.144865973 0.141462133 0.141756553 0.141855463 0.141093788 0.141415690 0.141168721 0.142267731 0.148964429 0.145856369 0.146056705 0.145715467 0.136928533 0.141423664 0.132855139 0.136267600 0.000000000 
