51
30     0.000000000 0.000059660 0.003750030 0.003882270 0.004404990 0.000803130 0.004005900 0.005153290 0.003213840 0.002004900 0.008500340 0.010713760 0.010395130 0.011033790 0.009101400 0.006525700 0.004258050 0.006450650 0.012491040 0.012295390 0.007941230 0.009690600 0.008747100 0.006118440 0.005524900 0.008834130 0.005749660 0.011297530 0.010679290 0.010943220 0.002916040 0.010293460 0.011008640 0.007026650 0.007025840 0.007045580 0.007107040 0.011550740 0.010325360 0.006224250 0.005853240 0.009035930 0.008948320 0.012836390 0.013280140 0.010328320 0.009906180 0.010218720 0.010708580 0.016335150 0.010464960 
34     0.000059660 0.000000000 0.002907260 0.000894000 0.003227850 0.003921000 0.000679690 0.000894780 0.003235380 0.004153100 0.008973560 0.010778500 0.011450730 0.011194810 0.010721770 0.010148230 0.007272190 0.011090520 0.010247050 0.010051400 0.011737510 0.011225940 0.007481720 0.005986780 0.008834180 0.008855670 0.012933300 0.008320030 0.008355930 0.010622430 0.008611790 0.008225670 0.010127370 0.007048190 0.007047380 0.007067120 0.007128580 0.005508820 0.005789380 0.009463780 0.006810610 0.008626410 0.012954330 0.012897950 0.011036150 0.010030680 0.014043840 0.014335930 0.017027300 0.014091160 0.000820280 
7     0.003750030 0.002907260 0.000000000 0.000072920 0.004476840 0.000477710 0.000508480 0.000477710 0.001100480 0.002412680 0.002119110 0.002039020 0.001720390 0.014241410 0.001576590 0.001479040 0.001067670 0.008924450 0.009373010 0.009610040 0.010299920 0.009265570 0.008773710 0.003386860 0.006787920 0.009570360 0.012895100 0.013053120 0.010800060 0.011700600 0.007122280 0.010109860 0.007678540 0.008815950 0.008308340 0.008734190 0.008338850 0.008596060 0.007671710 0.007126460 0.001070820 0.008811290 0.004101380 0.004161650 0.011507150 0.011668330 0.015681490 0.015973580 0.020062730 0.015728810 0.013777990 
19     0.003882270 0.000894000 0.000072920 0.000000000 0.000071820 0.002492690 0.000572990 0.000870620 0.005967520 0.004200140 0.006514620 0.006818500 0.008266860 0.006443670 0.005865860 0.006047510 0.009782990 0.013520850 0.009929890 0.008588000 0.010423440 0.009516720 0.008802060 0.005968110 0.006990780 0.008992050 0.008634930 0.008061990 0.007443750 0.007707680 0.007875610 0.007893940 0.008176570 0.007691490 0.007780730 0.009438120 0.008312240 0.004089760 0.004370320 0.006086960 0.003650970 0.010589240 0.013173650 0.010229220 0.012888930 0.012508770 0.012842810 0.012784090 0.015393390 0.016569250 0.001145880 
5     0.004404990 0.003227850 0.004476840 0.000071820 0.000000000 0.000479390 0.000538430 0.001673590 0.002962120 0.002718010 0.007269130 0.007189040 0.006870410 0.011010470 0.006726610 0.006629060 0.003910590 0.011309780 0.010847150 0.010627390 0.009944910 0.009558270 0.006290510 0.003145340 0.007990470 0.010667760 0.011442550 0.009420660 0.005448220 0.005427680 0.004941170 0.003836940 0.012005660 0.010052650 0.006310460 0.010698430 0.009286540 0.006370000 0.007483750 0.007009820 0.002817300 0.009565970 0.009251400 0.009311670 0.012261830 0.013984040 0.015971900 0.016395700 0.017546460 0.020799540 0.016916010 
25     0.000803130 0.003921000 0.000477710 0.002492690 0.000479390 0.000000000 0.000030790 0.000000020 0.000622790 0.001934990 0.001641420 0.001561330 0.001242700 0.009138290 0.001098900 0.001001350 0.000589980 0.005226450 0.008456570 0.006723450 0.008110600 0.007088630 0.007946960 0.004745960 0.008330820 0.010332090 0.005919030 0.009402030 0.007869810 0.009047720 0.003085410 0.009772140 0.007200850 0.005760810 0.007830650 0.008256500 0.007861160 0.007823780 0.007194020 0.006393620 0.000593130 0.009205300 0.003623690 0.003683960 0.011863310 0.010497690 0.010075550 0.010388090 0.010877950 0.014918320 0.005753580 
28     0.004005900 0.000679690 0.000508480 0.000572990 0.000538430 0.000030790 0.000000000 0.000030770 0.000653560 0.001965760 0.001672190 0.001592100 0.001273470 0.007043050 0.001129670 0.001032120 0.000620750 0.008477530 0.008926090 0.009163120 0.011702960 0.011624710 0.008103960 0.004776730 0.010383730 0.010917340 0.010702730 0.011330210 0.008912690 0.010755170 0.006675360 0.009307190 0.007231620 0.008369030 0.007861420 0.008287270 0.007891930 0.004832750 0.005113310 0.006679540 0.000623900 0.008519530 0.003654460 0.003714730 0.013956160 0.013476730 0.012055300 0.015655880 0.016806640 0.017537210 0.018190120 
38     0.005153290 0.000894780 0.000477710 0.000870620 0.001673590 0.000000020 0.000030770 0.000000000 0.000622790 0.000671480 0.001641420 0.001561330 0.001242700 0.010225080 0.001098900 0.001001350 0.000589980 0.008446760 0.008895320 0.009132350 0.010008090 0.009929840 0.006409090 0.004745960 0.005799110 0.008886790 0.013883190 0.013965380 0.006139950 0.006351780 0.006644590 0.007120140 0.007200850 0.008338260 0.007830650 0.008256500 0.007861160 0.008118370 0.007194020 0.006648770 0.000593130 0.008023090 0.003623690 0.003683960 0.017072780 0.017149540 0.015171920 0.020786350 0.022855310 0.021824010 0.001146660 
3     0.003213840 0.003235380 0.001100480 0.005967520 0.002962120 0.000622790 0.000653560 0.000622790 0.000000000 0.000016250 0.002139610 0.002059520 0.001740890 0.007847730 0.001597090 0.001499540 0.001088170 0.008027040 0.009393510 0.009630540 0.009804310 0.011249150 0.003899870 0.003485410 0.007040260 0.009041530 0.008499620 0.008111470 0.007493230 0.007757160 0.005666000 0.006612940 0.007699040 0.007740970 0.007830210 0.007570720 0.007481890 0.008616560 0.007050140 0.006869220 0.001091320 0.003811900 0.004121880 0.004182150 0.013094160 0.013078280 0.011521730 0.012349150 0.012736440 0.018229500 0.011212130 
41     0.002004900 0.004153100 0.002412680 0.004200140 0.002718010 0.001934990 0.001965760 0.000671480 0.000016250 0.000000000 0.003451810 0.003371720 0.003053090 0.006974010 0.002909290 0.002811740 0.002400370 0.007821790 0.009071150 0.009810480 0.009312370 0.009454600 0.005933850 0.001635600 0.005036660 0.007819100 0.007120800 0.007237750 0.006332070 0.006543900 0.004287180 0.006596690 0.008479370 0.006867250 0.006956490 0.007554470 0.007465640 0.008746830 0.007033890 0.006625110 0.002403520 0.009698370 0.005434080 0.005494350 0.011363710 0.011405070 0.011277320 0.011589860 0.012079720 0.017729420 0.011896070 
13     0.008500340 0.008973560 0.002119110 0.006514620 0.007269130 0.001641420 0.001672190 0.001641420 0.002139610 0.003451810 0.000000000 0.000080090 0.000446460 0.000089870 0.000792860 0.000111990 0.001053180 0.007406220 0.009161900 0.006921160 0.010019230 0.011117080 0.004727040 0.005209160 0.006572630 0.007111630 0.004592890 0.006216340 0.007025600 0.007289530 0.007109950 0.007212800 0.007666210 0.007339340 0.007428580 0.008721860 0.007960090 0.008583730 0.007659380 0.004257740 0.001058490 0.013183650 0.004089050 0.004149320 0.015560510 0.015872180 0.011664290 0.012491710 0.012879000 0.019706930 0.011397790 
12     0.010713760 0.010778500 0.002039020 0.006818500 0.007189040 0.001561330 0.001592100 0.001561330 0.002059520 0.003371720 0.000080090 0.000000000 0.000128870 0.000003130 0.000712770 0.000415870 0.000973090 0.008832030 0.009280590 0.009517620 0.007881490 0.011387670 0.007786330 0.005129070 0.006514250 0.008515520 0.008158400 0.007585460 0.006967220 0.007231150 0.007029860 0.007166830 0.007586120 0.007280960 0.007370200 0.008641770 0.007901710 0.008503640 0.007579290 0.004561620 0.000978400 0.011673770 0.004008960 0.004069230 0.012924760 0.012963810 0.011438330 0.012265750 0.012653040 0.018174580 0.011171830 
14     0.010395130 0.011450730 0.001720390 0.008266860 0.006870410 0.001242700 0.001273470 0.001242700 0.001740890 0.003053090 0.000446460 0.000128870 0.000000000 0.000758530 0.000394140 0.000296590 0.000654460 0.007953130 0.008961960 0.007468070 0.010005190 0.012914860 0.005273950 0.004810440 0.006779100 0.008780370 0.005139800 0.006763250 0.006626050 0.007496000 0.005977750 0.005799160 0.007267490 0.007545810 0.007635050 0.006756940 0.006668110 0.008185010 0.006236360 0.006715410 0.000659770 0.014437690 0.003690330 0.003750600 0.013627210 0.013938880 0.011650250 0.012477670 0.012864960 0.018846810 0.011383750 
36     0.011033790 0.011194810 0.014241410 0.006443670 0.011010470 0.009138290 0.007043050 0.010225080 0.007847730 0.006974010 0.000089870 0.000003130 0.000758530 0.000000000 0.001578780 0.000041040 0.005094590 0.008377260 0.010132940 0.007892200 0.010265370 0.012212170 0.005698080 0.007832710 0.006310490 0.007977920 0.005563930 0.007187380 0.006763460 0.007027390 0.007261320 0.007888570 0.008689320 0.007077200 0.007166440 0.008823830 0.007697950 0.008956780 0.008612500 0.004186790 0.002784330 0.013391670 0.015117510 0.015998320 0.014745580 0.014784630 0.013451220 0.014278640 0.014665930 0.019999840 0.013184720 
40     0.009101400 0.010721770 0.001576590 0.005865860 0.006726610 0.001098900 0.001129670 0.001098900 0.001597090 0.002909290 0.000792860 0.000712770 0.000394140 0.001578780 0.000000000 0.000014090 0.000258600 0.006361430 0.008582110 0.005272210 0.004730340 0.007453070 0.006961210 0.004539790 0.004378100 0.006379370 0.006022250 0.005449310 0.004831070 0.005095000 0.000670890 0.000492300 0.006756930 0.002446520 0.005234050 0.001450080 0.001361250 0.003055680 0.000929500 0.004890130 0.000515970 0.014221600 0.003546530 0.003606800 0.011563160 0.011602210 0.008251470 0.014008150 0.015158910 0.017837230 0.017460070 
22     0.006525700 0.010148230 0.001479040 0.006047510 0.006629060 0.001001350 0.001032120 0.001001350 0.001499540 0.002811740 0.000111990 0.000415870 0.000296590 0.000041040 0.000014090 0.000000000 0.000237040 0.006730830 0.008486510 0.006245770 0.008823520 0.007789170 0.004051650 0.004518230 0.004559750 0.006561020 0.003917500 0.005540950 0.005012720 0.005276650 0.000649330 0.000470740 0.006938580 0.002424960 0.005415700 0.001428520 0.001339690 0.003034120 0.000907940 0.004149490 0.000418420 0.014154210 0.003448980 0.003509250 0.013343010 0.013654680 0.008229910 0.013891080 0.015041840 0.017815670 0.027065890 
4     0.004258050 0.007272190 0.001067670 0.009782990 0.003910590 0.000589980 0.000620750 0.000589980 0.001088170 0.002400370 0.001053180 0.000973090 0.000654460 0.005094590 0.000258600 0.000237040 0.000000000 0.005217140 0.005903720 0.003283690 0.001207080 0.005943690 0.000654960 0.001951960 0.003948980 0.005032520 0.006132210 0.008115330 0.003030120 0.004501650 0.000479850 0.000301260 0.006273070 0.002255480 0.003620530 0.001259040 0.001170210 0.002864640 0.000738460 0.002515390 0.000007050 0.011597990 0.003037610 0.003097880 0.011898340 0.010892870 0.006132400 0.006959820 0.007347110 0.014838370 0.005865900 
18     0.006450650 0.011090520 0.008924450 0.013520850 0.011309780 0.005226450 0.008477530 0.008446760 0.008027040 0.007821790 0.007406220 0.008832030 0.007953130 0.008377260 0.006361430 0.006730830 0.005217140 0.000000000 0.000005550 0.000546020 0.001417410 0.004235880 0.000429790 0.010837720 0.007043820 0.007044270 0.008107250 0.009123140 0.005852200 0.007041140 0.001802350 0.007947810 0.002358610 0.003496020 0.002988410 0.003414260 0.003018920 0.003276130 0.002351780 0.001806530 0.007177350 0.014079160 0.010886590 0.010946860 0.015431590 0.014426120 0.014949410 0.015261950 0.015751810 0.018486600 0.026753170 
39     0.012491040 0.010247050 0.009373010 0.009929890 0.010847150 0.008456570 0.008926090 0.008895320 0.009393510 0.009071150 0.009161900 0.009280590 0.008961960 0.010132940 0.008582110 0.008486510 0.005903720 0.000005550 0.000000000 0.000169730 0.002183880 0.000445750 0.000761740 0.008301130 0.007492380 0.007492830 0.009489510 0.009571700 0.007567160 0.007489700 0.002250910 0.008662310 0.002807170 0.003944580 0.003436970 0.003862820 0.003467480 0.003724690 0.002800340 0.002255090 0.007102040 0.014424050 0.011335150 0.011395420 0.014588120 0.013582650 0.013446640 0.014274060 0.014661350 0.017643130 0.013180140 
2     0.012295390 0.010051400 0.009610040 0.008588000 0.010627390 0.006723450 0.009163120 0.009132350 0.009630540 0.009810480 0.006921160 0.009517620 0.007468070 0.007892200 0.005272210 0.006245770 0.003283690 0.000546020 0.000169730 0.000000000 0.001593000 0.000863540 0.001115380 0.004768990 0.007209340 0.007729860 0.009084190 0.009808730 0.007804190 0.007726730 0.002487940 0.006858590 0.003044200 0.004181610 0.003674000 0.004099850 0.003704510 0.003961720 0.003037370 0.002492120 0.004189830 0.012750990 0.011572180 0.011632450 0.013125000 0.013387000 0.008949430 0.009776850 0.010164140 0.017447480 0.008682930 
21     0.007941230 0.011737510 0.010299920 0.010423440 0.009944910 0.008110600 0.011702960 0.010008090 0.009804310 0.009312370 0.010019230 0.007881490 0.010005190 0.010265370 0.004730340 0.008823520 0.001207080 0.001417410 0.002183880 0.001593000 0.000000000 0.000128470 0.000279530 0.000292110 0.006110760 0.000686050 0.000407370 0.002081050 0.009835490 0.000430920 0.006846830 0.000644850 0.000527050 0.008056860 0.005120200 0.005811820 0.003137770 0.008246730 0.001219240 0.001590350 0.003568040 0.010911090 0.015482130 0.014607480 0.014868110 0.015639950 0.008327640 0.009155060 0.009542350 0.017033610 0.008061140 
37     0.009690600 0.011225940 0.009265570 0.009516720 0.009558270 0.007088630 0.011624710 0.009929840 0.011249150 0.009454600 0.011117080 0.011387670 0.012914860 0.012212170 0.007453070 0.007789170 0.005943690 0.004235880 0.000445750 0.000863540 0.000128470 0.000000000 0.000772570 0.002778700 0.007453880 0.003172640 0.002893960 0.004567640 0.012236440 0.002917510 0.008367930 0.003131440 0.003013640 0.009148420 0.007606790 0.009979840 0.005624360 0.008987110 0.003705830 0.006326900 0.005564040 0.010769730 0.017246570 0.016922760 0.013465590 0.015522390 0.013526700 0.014354120 0.014741410 0.018802980 0.013260200 
16     0.008747100 0.007481720 0.008773710 0.008802060 0.006290510 0.007946960 0.008103960 0.006409090 0.003899870 0.005933850 0.004727040 0.007786330 0.005273950 0.005698080 0.006961210 0.004051650 0.000654960 0.000429790 0.000761740 0.001115380 0.000279530 0.000772570 0.000000000 0.001600660 0.006510380 0.001994600 0.001715920 0.003389600 0.007548110 0.001739470 0.002231860 0.001953400 0.001835600 0.003925530 0.003417920 0.003804880 0.003371660 0.003705640 0.002527790 0.002236040 0.001561100 0.005242970 0.011316100 0.011376370 0.014486940 0.014397240 0.006320700 0.007148120 0.007535410 0.015026670 0.006054200 
1     0.006118440 0.005986780 0.003386860 0.005968110 0.003145340 0.004745960 0.004776730 0.004745960 0.003485410 0.001635600 0.005209160 0.005129070 0.004810440 0.007832710 0.004539790 0.004518230 0.001951960 0.010837720 0.008301130 0.004768990 0.000292110 0.002778700 0.001600660 0.000000000 0.004596980 0.000393940 0.000115260 0.001788940 0.006690880 0.000138810 0.004263220 0.000352740 0.000234940 0.005576460 0.003421650 0.003417700 0.002845660 0.007145830 0.000927130 0.002627900 0.001394240 0.004828510 0.007193590 0.007253860 0.010960590 0.011001950 0.006153840 0.006981260 0.007368550 0.014859810 0.005887340 
9     0.005524900 0.008834180 0.006787920 0.006990780 0.007990470 0.008330820 0.010383730 0.005799110 0.007040260 0.005036660 0.006572630 0.006514250 0.006779100 0.006310490 0.004378100 0.004559750 0.003948980 0.007043820 0.007492380 0.007209340 0.006110760 0.007453880 0.006510380 0.004596980 0.000000000 0.000000450 0.001841590 0.002109960 0.000085980 0.000008520 0.005241630 0.006060930 0.005797890 0.004448690 0.005878770 0.005091340 0.006458200 0.006715410 0.005522650 0.002939590 0.000311480 0.010379340 0.013154220 0.014386160 0.014361650 0.014213980 0.013444380 0.014271800 0.014659090 0.018304890 0.013177880 
10     0.008834130 0.008855670 0.009570360 0.008992050 0.010667760 0.010332090 0.010917340 0.008886790 0.009041530 0.007819100 0.007111630 0.008515520 0.008780370 0.007977920 0.006379370 0.006561020 0.005032520 0.007044270 0.007492830 0.007729860 0.000686050 0.003172640 0.001994600 0.000393940 0.000000450 0.000000000 0.000288300 0.000576890 0.000086430 0.000008970 0.003945630 0.000636220 0.000518420 0.006048710 0.005111570 0.006691360 0.003129140 0.006715860 0.001210610 0.002848790 0.003399160 0.011540590 0.014326340 0.014386610 0.015225570 0.014220100 0.010209870 0.011037290 0.011424580 0.018280580 0.009943370 
29     0.005749660 0.012933300 0.012895100 0.008634930 0.011442550 0.005919030 0.010702730 0.013883190 0.008499620 0.007120800 0.004592890 0.008158400 0.005139800 0.005563930 0.006022250 0.003917500 0.006132210 0.008107250 0.009489510 0.009084190 0.000407370 0.002893960 0.001715920 0.000115260 0.001841590 0.000288300 0.000000000 0.000032580 0.001848660 0.000033150 0.004790200 0.000357540 0.000239740 0.006190070 0.004832890 0.005713510 0.002850460 0.008712540 0.000931930 0.006120140 0.006344250 0.013378170 0.012379390 0.014224570 0.012900300 0.013211970 0.013024570 0.013448370 0.014599130 0.019384450 0.017172370 
17     0.011297530 0.008320030 0.013053120 0.008061990 0.009420660 0.009402030 0.011330210 0.013965380 0.008111470 0.007237750 0.006216340 0.007585460 0.006763250 0.007187380 0.005449310 0.005540950 0.008115330 0.009123140 0.009571700 0.009808730 0.002081050 0.004567640 0.003389600 0.001788940 0.002109960 0.000576890 0.000032580 0.000000000 0.002184740 0.001706830 0.007320950 0.002031220 0.001913420 0.007340940 0.006506570 0.007753870 0.004524140 0.008772830 0.002605610 0.007325150 0.004382630 0.009662420 0.013006870 0.014852050 0.013527780 0.013839450 0.013652050 0.014075850 0.015226610 0.018857620 0.017345320 
11     0.010679290 0.008355930 0.010800060 0.007443750 0.005448220 0.007869810 0.008912690 0.006139950 0.007493230 0.006332070 0.007025600 0.006967220 0.006626050 0.006763460 0.004831070 0.005012720 0.003030120 0.005852200 0.007567160 0.007804190 0.009835490 0.012236440 0.007548110 0.006690880 0.000085980 0.000086430 0.001848660 0.002184740 0.000000000 0.000064510 0.005205480 0.005075760 0.005872670 0.003935020 0.006021940 0.006406420 0.006532980 0.006790190 0.005865840 0.005320610 0.000652320 0.012326180 0.010589350 0.012434530 0.011110260 0.011421930 0.011234530 0.011658330 0.012809090 0.017594410 0.011575630 
27     0.010943220 0.010622430 0.011700600 0.007707680 0.005427680 0.009047720 0.010755170 0.006351780 0.007757160 0.006543900 0.007289530 0.007231150 0.007496000 0.007027390 0.005095000 0.005276650 0.004501650 0.007041140 0.007489700 0.007726730 0.000430920 0.002917510 0.001739470 0.000138810 0.000008520 0.000008970 0.000033150 0.001706830 0.000064510 0.000000000 0.005238950 0.000381090 0.000263290 0.005458850 0.004856440 0.006790910 0.002874010 0.006712730 0.000955480 0.005243150 0.000864150 0.014168660 0.012431830 0.014277010 0.012952740 0.013264410 0.011803200 0.012630620 0.013017910 0.017520770 0.011536700 
20     0.002916040 0.008611790 0.007122280 0.007875610 0.004941170 0.003085410 0.006675360 0.006644590 0.005666000 0.004287180 0.007109950 0.007029860 0.005977750 0.007261320 0.000670890 0.000649330 0.000479850 0.001802350 0.002250910 0.002487940 0.006846830 0.008367930 0.002231860 0.004263220 0.005241630 0.003945630 0.004790200 0.007320950 0.005205480 0.005238950 0.000000000 0.000000030 0.000556260 0.001693670 0.000608510 0.001177210 0.001088380 0.001473780 0.000549430 0.000004360 0.000651900 0.010544550 0.009084420 0.009144690 0.011301800 0.010296330 0.008472720 0.011353020 0.011740310 0.014356810 0.008774740 
23     0.010293460 0.008225670 0.010109860 0.007893940 0.003836940 0.009772140 0.009307190 0.007120140 0.006612940 0.006596690 0.007212800 0.007166830 0.005799160 0.007888570 0.000492300 0.000470740 0.000301260 0.007947810 0.008662310 0.006858590 0.000644850 0.003131440 0.001953400 0.000352740 0.006060930 0.000636220 0.000357540 0.002031220 0.005075760 0.000381090 0.000000030 0.000000000 0.000473540 0.001524740 0.000022800 0.000998620 0.000909790 0.002604220 0.000478040 0.003823210 0.000066190 0.011335130 0.010983850 0.012829030 0.011370640 0.010365170 0.008294130 0.012052830 0.013203590 0.014425650 0.008189030 
35     0.011008640 0.010127370 0.007678540 0.008176570 0.012005660 0.007200850 0.007231620 0.007200850 0.007699040 0.008479370 0.007666210 0.007586120 0.007267490 0.008689320 0.006756930 0.006938580 0.006273070 0.002358610 0.002807170 0.003044200 0.000527050 0.003013640 0.001835600 0.000234940 0.005797890 0.000518420 0.000239740 0.001913420 0.005872670 0.000263290 0.000556260 0.000473540 0.000000000 0.000711430 0.000336660 0.001055670 0.000660330 0.000703620 0.000067390 0.000560620 0.005606650 0.011427190 0.009640680 0.009700950 0.014822970 0.013817500 0.010474950 0.011302370 0.011689660 0.017877980 0.010208450 
32     0.007026650 0.007048190 0.008815950 0.007691490 0.010052650 0.005760810 0.008369030 0.008338260 0.007740970 0.006867250 0.007339340 0.007280960 0.007545810 0.007077200 0.002446520 0.002424960 0.002255480 0.003496020 0.003944580 0.004181610 0.008056860 0.009148420 0.003925530 0.005576460 0.004448690 0.006048710 0.006190070 0.007340940 0.003935020 0.005458850 0.001693670 0.001524740 0.000711430 0.000000000 0.000005310 0.000025050 0.000086510 0.002129150 0.001204800 0.001698030 0.001566090 0.013723730 0.010778090 0.010838360 0.014521600 0.013562000 0.010248350 0.015003610 0.016714830 0.018723770 0.009688930 
6     0.007025840 0.007047380 0.008308340 0.007780730 0.006310460 0.007830650 0.007861420 0.007830650 0.007830210 0.006956490 0.007428580 0.007370200 0.007635050 0.007166440 0.005234050 0.005415700 0.003620530 0.002988410 0.003436970 0.003674000 0.005120200 0.007606790 0.003417920 0.003421650 0.005878770 0.005111570 0.004832890 0.006506570 0.006021940 0.004856440 0.000608510 0.000022800 0.000336660 0.000005310 0.000000000 0.000019760 0.000030590 0.001621540 0.000697190 0.001190420 0.000064150 0.012303000 0.010270480 0.010330750 0.012450940 0.012762610 0.007822410 0.008649830 0.009037120 0.016528380 0.007555910 
26     0.007045580 0.007067120 0.008734190 0.009438120 0.010698430 0.008256500 0.008287270 0.008256500 0.007570720 0.007554470 0.008721860 0.008641770 0.006756940 0.008823830 0.001450080 0.001428520 0.001259040 0.003414260 0.003862820 0.004099850 0.005811820 0.009979840 0.003804880 0.003417700 0.005091340 0.006691360 0.005713510 0.007753870 0.006406420 0.006790910 0.001177210 0.000998620 0.001055670 0.000025050 0.000019760 0.000000000 0.000019990 0.002047390 0.001123040 0.001616270 0.003058860 0.011713710 0.010696330 0.010756600 0.013904680 0.012899210 0.007818460 0.008645880 0.009033170 0.016524430 0.007551960 
31     0.007107040 0.007128580 0.008338850 0.008312240 0.009286540 0.007861160 0.007891930 0.007861160 0.007481890 0.007465640 0.007960090 0.007901710 0.006668110 0.007697950 0.001361250 0.001339690 0.001170210 0.003018920 0.003467480 0.003704510 0.003137770 0.005624360 0.003371660 0.002845660 0.006458200 0.003129140 0.002850460 0.004524140 0.006532980 0.002874010 0.001088380 0.000909790 0.000660330 0.000086510 0.000030590 0.000019990 0.000000000 0.001652050 0.000727700 0.001220930 0.001716330 0.010975900 0.010300990 0.010361260 0.013099400 0.012093930 0.007385240 0.008212660 0.008599950 0.016091210 0.007118740 
24     0.011550740 0.005508820 0.008596060 0.004089760 0.006370000 0.007823780 0.004832750 0.008118370 0.008616560 0.008746830 0.008583730 0.008503640 0.008185010 0.008956780 0.003055680 0.003034120 0.002864640 0.003276130 0.003724690 0.003961720 0.008246730 0.008987110 0.003705640 0.007145830 0.006715410 0.006715860 0.008712540 0.008772830 0.006790190 0.006712730 0.001473780 0.002604220 0.000703620 0.002129150 0.001621540 0.002047390 0.001652050 0.000000000 0.000010930 0.001478140 0.004787490 0.013887700 0.010558200 0.010618470 0.014563590 0.015098240 0.010857510 0.012473270 0.012860560 0.020310750 0.011379350 
15     0.010325360 0.005789380 0.007671710 0.004370320 0.007483750 0.007194020 0.005113310 0.007194020 0.007050140 0.007033890 0.007659380 0.007579290 0.006236360 0.008612500 0.000929500 0.000907940 0.000738460 0.002351780 0.002800340 0.003037370 0.001219240 0.003705830 0.002527790 0.000927130 0.005522650 0.001210610 0.000931930 0.002605610 0.005865840 0.000955480 0.000549430 0.000478040 0.000067390 0.001204800 0.000697190 0.001123040 0.000727700 0.000010930 0.000000000 0.000553790 0.002693470 0.015311740 0.009633850 0.009694120 0.014777510 0.014973610 0.008731330 0.011297010 0.011684300 0.018317090 0.010203090 
8     0.006224250 0.009463780 0.007126460 0.006086960 0.007009820 0.006393620 0.006679540 0.006648770 0.006869220 0.006625110 0.004257740 0.004561620 0.006715410 0.004186790 0.004890130 0.004149490 0.002515390 0.001806530 0.002255090 0.002492120 0.001590350 0.006326900 0.002236040 0.002627900 0.002939590 0.002848790 0.006120140 0.007325150 0.005320610 0.005243150 0.000004360 0.003823210 0.000560620 0.001698030 0.001190420 0.001616270 0.001220930 0.001478140 0.000553790 0.000000000 0.001798560 0.008584880 0.009088600 0.009148870 0.012292310 0.011944420 0.007700540 0.008527960 0.008915250 0.015613990 0.007434040 
33     0.005853240 0.006810610 0.001070820 0.003650970 0.002817300 0.000593130 0.000623900 0.000593130 0.001091320 0.002403520 0.001058490 0.000978400 0.000659770 0.002784330 0.000515970 0.000418420 0.000007050 0.007177350 0.007102040 0.004189830 0.003568040 0.005564040 0.001561100 0.001394240 0.000311480 0.003399160 0.006344250 0.004382630 0.000652320 0.000864150 0.000651900 0.000066190 0.005606650 0.001566090 0.000064150 0.003058860 0.001716330 0.004787490 0.002693470 0.001798560 0.000000000 0.006131450 0.003030560 0.003090830 0.009342680 0.010150400 0.005213100 0.006040520 0.006427810 0.013517280 0.004946600 
43     0.009035930 0.008626410 0.008811290 0.010589240 0.009565970 0.009205300 0.008519530 0.008023090 0.003811900 0.009698370 0.013183650 0.011673770 0.014437690 0.013391670 0.014221600 0.014154210 0.011597990 0.014079160 0.014424050 0.012750990 0.010911090 0.010769730 0.005242970 0.004828510 0.010379340 0.011540590 0.013378170 0.009662420 0.012326180 0.014168660 0.010544550 0.011335130 0.011427190 0.013723730 0.012303000 0.011713710 0.010975900 0.013887700 0.015311740 0.008584880 0.006131450 0.000000000 0.000819210 0.001096200 0.001221250 0.003632280 0.004505810 0.004818350 0.005308210 0.005495630 0.009282550 
46     0.008948320 0.012954330 0.004101380 0.013173650 0.009251400 0.003623690 0.003654460 0.003623690 0.004121880 0.005434080 0.004089050 0.004008960 0.003690330 0.015117510 0.003546530 0.003448980 0.003037610 0.010886590 0.011335150 0.011572180 0.015482130 0.017246570 0.011316100 0.007193590 0.013154220 0.014326340 0.012379390 0.013006870 0.010589350 0.012431830 0.009084420 0.010983850 0.009640680 0.010778090 0.010270480 0.010696330 0.010300990 0.010558200 0.009633850 0.009088600 0.003030560 0.000819210 0.000000000 0.000061630 0.000456000 0.000612270 0.003344420 0.002622810 0.004757030 0.002686380 0.011937040 
49     0.012836390 0.012897950 0.004161650 0.010229220 0.009311670 0.003683960 0.003714730 0.003683960 0.004182150 0.005494350 0.004149320 0.004069230 0.003750600 0.015998320 0.003606800 0.003509250 0.003097880 0.010946860 0.011395420 0.011632450 0.014607480 0.016922760 0.011376370 0.007253860 0.014386160 0.014386610 0.014224570 0.014852050 0.012434530 0.014277010 0.009144690 0.012829030 0.009700950 0.010838360 0.010330750 0.010756600 0.010361260 0.010618470 0.009694120 0.009148870 0.003090830 0.001096200 0.000061630 0.000000000 0.001475710 0.001107360 0.002203360 0.002835400 0.003270490 0.002898970 0.011436530 
47     0.013280140 0.011036150 0.011507150 0.012888930 0.012261830 0.011863310 0.013956160 0.017072780 0.013094160 0.011363710 0.015560510 0.012924760 0.013627210 0.014745580 0.011563160 0.013343010 0.011898340 0.015431590 0.014588120 0.013125000 0.014868110 0.013465590 0.014486940 0.010960590 0.014361650 0.015225570 0.012900300 0.013527780 0.011110260 0.012952740 0.011301800 0.011370640 0.014822970 0.014521600 0.012450940 0.013904680 0.013099400 0.014563590 0.014777510 0.012292310 0.009342680 0.001221250 0.000456000 0.001475710 0.000000000 0.000043020 0.002716770 0.004763740 0.002854650 0.005029200 0.004295600 
44     0.010328320 0.010030680 0.011668330 0.012508770 0.013984040 0.010497690 0.013476730 0.017149540 0.013078280 0.011405070 0.015872180 0.012963810 0.013938880 0.014784630 0.011602210 0.013654680 0.010892870 0.014426120 0.013582650 0.013387000 0.015639950 0.015522390 0.014397240 0.011001950 0.014213980 0.014220100 0.013211970 0.013839450 0.011421930 0.013264410 0.010296330 0.010365170 0.013817500 0.013562000 0.012762610 0.012899210 0.012093930 0.015098240 0.014973610 0.011944420 0.010150400 0.003632280 0.000612270 0.001107360 0.000043020 0.000000000 0.002231810 0.004184040 0.004687290 0.006192190 0.004336960 
42     0.009906180 0.014043840 0.015681490 0.012842810 0.015971900 0.010075550 0.012055300 0.015171920 0.011521730 0.011277320 0.011664290 0.011438330 0.011650250 0.013451220 0.008251470 0.008229910 0.006132400 0.014949410 0.013446640 0.008949430 0.008327640 0.013526700 0.006320700 0.006153840 0.013444380 0.010209870 0.013024570 0.013652050 0.011234530 0.011803200 0.008472720 0.008294130 0.010474950 0.010248350 0.007822410 0.007818460 0.007385240 0.010857510 0.008731330 0.007700540 0.005213100 0.004505810 0.003344420 0.002203360 0.002716770 0.002231810 0.000000000 0.000659530 0.000365870 0.000339220 0.008133690 
50     0.010218720 0.014335930 0.015973580 0.012784090 0.016395700 0.010388090 0.015655880 0.020786350 0.012349150 0.011589860 0.012491710 0.012265750 0.012477670 0.014278640 0.014008150 0.013891080 0.006959820 0.015261950 0.014274060 0.009776850 0.009155060 0.014354120 0.007148120 0.006981260 0.014271800 0.011037290 0.013448370 0.014075850 0.011658330 0.012630620 0.011353020 0.012052830 0.011302370 0.015003610 0.008649830 0.008645880 0.008212660 0.012473270 0.011297010 0.008527960 0.006040520 0.004818350 0.002622810 0.002835400 0.004763740 0.004184040 0.000659530 0.000000000 0.000621980 0.000072610 0.010114360 
45     0.010708580 0.017027300 0.020062730 0.015393390 0.017546460 0.010877950 0.016806640 0.022855310 0.012736440 0.012079720 0.012879000 0.012653040 0.012864960 0.014665930 0.015158910 0.015041840 0.007347110 0.015751810 0.014661350 0.010164140 0.009542350 0.014741410 0.007535410 0.007368550 0.014659090 0.011424580 0.014599130 0.015226610 0.012809090 0.013017910 0.011740310 0.013203590 0.011689660 0.016714830 0.009037120 0.009033170 0.008599950 0.012860560 0.011684300 0.008915250 0.006427810 0.005308210 0.004757030 0.003270490 0.002854650 0.004687290 0.000365870 0.000621980 0.000000000 0.000136720 0.010501650 
48     0.016335150 0.014091160 0.015728810 0.016569250 0.020799540 0.014918320 0.017537210 0.021824010 0.018229500 0.017729420 0.019706930 0.018174580 0.018846810 0.019999840 0.017837230 0.017815670 0.014838370 0.018486600 0.017643130 0.017447480 0.017033610 0.018802980 0.015026670 0.014859810 0.018304890 0.018280580 0.019384450 0.018857620 0.017594410 0.017520770 0.014356810 0.014425650 0.017877980 0.018723770 0.016528380 0.016524430 0.016091210 0.020310750 0.018317090 0.015613990 0.013517280 0.005495630 0.002686380 0.002898970 0.005029200 0.006192190 0.000339220 0.000072610 0.000136720 0.000000000 0.017992910 
0     0.010464960 0.000820280 0.013777990 0.001145880 0.016916010 0.005753580 0.018190120 0.001146660 0.011212130 0.011896070 0.011397790 0.011171830 0.011383750 0.013184720 0.017460070 0.027065890 0.005865900 0.026753170 0.013180140 0.008682930 0.008061140 0.013260200 0.006054200 0.005887340 0.013177880 0.009943370 0.017172370 0.017345320 0.011575630 0.011536700 0.008774740 0.008189030 0.010208450 0.009688930 0.007555910 0.007551960 0.007118740 0.011379350 0.010203090 0.007434040 0.004946600 0.009282550 0.011937040 0.011436530 0.004295600 0.004336960 0.008133690 0.010114360 0.010501650 0.017992910 0.000000000 
