51
30     0.000000000 0.034441438 0.058808339 0.043257801 0.056801202 0.049247307 0.049636095 0.060131859 0.050494004 0.049504279 0.068976421 0.068039183 0.067974385 0.069398576 0.067505966 0.065031538 0.065643792 0.072715563 0.064564445 0.064315119 0.063792092 0.065521055 0.060680759 0.074537208 0.059306330 0.064488403 0.070522964 0.069394054 0.068527857 0.064373074 0.054207078 0.054296816 0.063789471 0.060774057 0.059155007 0.059431845 0.058263676 0.067756920 0.065016106 0.064019025 0.048138162 0.099898329 0.082702157 0.081176887 0.080579898 0.080795518 0.084562951 0.086139869 0.089956931 0.090033868 0.191738466 
34     0.034441438 0.000000000 0.055123233 0.039560109 0.053126477 0.045548709 0.046024225 0.056517431 0.046820825 0.045831100 0.065276856 0.064339618 0.064274820 0.065699011 0.063806401 0.061331973 0.061951681 0.069014944 0.060863827 0.060614500 0.060091474 0.061820436 0.056980141 0.070845768 0.055599952 0.060782025 0.066816586 0.065687676 0.064821478 0.060666695 0.050499646 0.050589383 0.060084563 0.057069150 0.055450100 0.055726938 0.054558768 0.064052012 0.061311198 0.060312646 0.044429956 0.096194357 0.078998184 0.077472914 0.076875925 0.077091545 0.080858978 0.082435896 0.086252958 0.086329896 0.188034494 
7     0.058808339 0.055123233 0.000000000 0.039908036 0.058278529 0.050671208 0.051802846 0.062412249 0.053861616 0.052890596 0.072085198 0.071147959 0.071083161 0.072507353 0.070614743 0.068140315 0.068860045 0.075943616 0.067792498 0.067543172 0.067020146 0.068749108 0.063908813 0.077649347 0.062439528 0.067621601 0.073656162 0.072527252 0.071661054 0.067506271 0.057355853 0.057439605 0.066946598 0.063931184 0.062312134 0.062588972 0.061420803 0.070908062 0.068167248 0.067155241 0.051395379 0.103150696 0.085960068 0.084434799 0.083837810 0.084053429 0.087820862 0.089397780 0.093214843 0.093291780 0.194998744 
19     0.043257801 0.039560109 0.039908036 0.000000000 0.042575880 0.034968759 0.036300841 0.046856093 0.038351081 0.037362709 0.056555063 0.055617824 0.055553026 0.056977218 0.055084808 0.052610381 0.053329551 0.060411312 0.052260194 0.052010867 0.051487841 0.053216804 0.048376508 0.062153839 0.046910097 0.052092170 0.058126731 0.056997821 0.056131624 0.051976841 0.041828280 0.041946338 0.051420079 0.048404665 0.046785615 0.047062453 0.045894283 0.055415849 0.052675034 0.051663307 0.035895176 0.087616642 0.070426014 0.068900745 0.068303756 0.068519376 0.072286808 0.073863726 0.077680789 0.077757726 0.179464691 
5     0.056801202 0.053126477 0.058278529 0.042575880 0.000000000 0.043360848 0.049908843 0.060450706 0.051798710 0.050828907 0.070109603 0.069172365 0.069107567 0.070531758 0.068639260 0.066164832 0.066880834 0.073952605 0.065801487 0.065552161 0.065029135 0.066758097 0.061917802 0.075725969 0.060461813 0.065643886 0.071678447 0.070549537 0.069683340 0.065528557 0.055379829 0.055497888 0.064964648 0.061949235 0.060330184 0.060607022 0.059438853 0.068960171 0.066219356 0.065205993 0.049342394 0.101135615 0.083945199 0.082419930 0.081822940 0.082038560 0.085805993 0.087382911 0.091199974 0.091276911 0.192967432 
25     0.049247307 0.045548709 0.050671208 0.034968759 0.043360848 0.000000000 0.042181250 0.052813805 0.044142288 0.043171690 0.062427536 0.061490298 0.061425500 0.062849691 0.060957193 0.058482765 0.059206307 0.066279888 0.058128770 0.057879444 0.057356418 0.059085380 0.054245085 0.068058098 0.052784117 0.057966190 0.064000752 0.062871842 0.062005644 0.057850861 0.047698595 0.047816654 0.057291865 0.054276452 0.052657402 0.052934240 0.051766070 0.061287388 0.058546574 0.057524759 0.041696725 0.093488991 0.076298363 0.074773094 0.074176104 0.074391724 0.078159157 0.079736075 0.083553137 0.083630075 0.185339234 
28     0.049636095 0.046024225 0.051802846 0.036300841 0.049908843 0.042181250 0.000000000 0.030195062 0.044307429 0.043337670 0.062563118 0.061625879 0.061561081 0.062985273 0.061092775 0.058618347 0.059366799 0.066427110 0.058275992 0.058026665 0.057503639 0.059232602 0.054392306 0.068226977 0.052924316 0.058106389 0.064132999 0.063004089 0.062145843 0.057991060 0.047861161 0.047979220 0.057452005 0.054436592 0.052817542 0.053094379 0.051926210 0.061447775 0.058706961 0.057747649 0.041912200 0.093663277 0.076472649 0.074947379 0.074350390 0.074566010 0.078333443 0.079910361 0.083727423 0.083804360 0.185513987 
38     0.060131859 0.056517431 0.062412249 0.046856093 0.060450706 0.052813805 0.030195062 0.000000000 0.054861107 0.053891347 0.073136354 0.072199115 0.072134317 0.073558508 0.071666010 0.069191582 0.069927972 0.076988282 0.068837164 0.068587838 0.068064812 0.069793774 0.064953479 0.078788876 0.063499887 0.068681960 0.074708570 0.073579660 0.072721413 0.068566631 0.058423060 0.058541119 0.068013904 0.064998490 0.063379440 0.063656278 0.062488109 0.072009674 0.069268860 0.068309548 0.052477013 0.104232135 0.087041507 0.085516238 0.084919248 0.085134868 0.088902301 0.090479219 0.094296281 0.094373219 0.196085040 
3     0.050494004 0.046820825 0.053861616 0.038351081 0.051798710 0.044142288 0.044307429 0.054861107 0.000000000 0.012683574 0.059977398 0.059054421 0.058989623 0.060413815 0.058507054 0.056032627 0.056694230 0.063754576 0.055603458 0.055354132 0.054831106 0.056560068 0.051719773 0.065648437 0.050362034 0.055544107 0.061578668 0.060449758 0.059583560 0.055428777 0.045306424 0.045424483 0.054889126 0.051873712 0.050254662 0.050530980 0.049362810 0.058884587 0.056144293 0.055190834 0.039215517 0.090931024 0.073734639 0.072209369 0.071612380 0.071828000 0.075595433 0.077172351 0.080989413 0.081066350 0.182836057 
41     0.049504279 0.045831100 0.052890596 0.037362709 0.050828907 0.043171690 0.043337670 0.053891347 0.012683574 0.000000000 0.059002224 0.058079248 0.058014450 0.059438641 0.057531881 0.055057453 0.055719057 0.062779403 0.054628285 0.054378959 0.053855933 0.055584895 0.050744600 0.064673152 0.049386749 0.054568822 0.060603383 0.059474473 0.058608275 0.054453493 0.044331140 0.044449198 0.053913841 0.050898427 0.049279377 0.049555695 0.048387526 0.057909302 0.055169008 0.054215549 0.038241867 0.089955850 0.072759465 0.071234196 0.070637206 0.070852826 0.074620259 0.076197177 0.080014240 0.080091177 0.181860884 
13     0.068976421 0.065276856 0.072085198 0.056555063 0.070109603 0.062427536 0.062563118 0.073136354 0.059977398 0.059002224 0.000000000 0.017241641 0.016906687 0.018364988 0.033509406 0.031020550 0.058462104 0.065478473 0.057315042 0.057065716 0.056575749 0.058305913 0.053442796 0.067801826 0.052601146 0.057729949 0.063809631 0.062681212 0.061864956 0.057709921 0.047414633 0.047534985 0.057215966 0.054105122 0.052611332 0.052868899 0.051700729 0.061246117 0.058489095 0.057304909 0.047268261 0.099625737 0.082380091 0.080854821 0.080256981 0.080472601 0.084230881 0.085807799 0.089624862 0.089701799 0.191293970 
12     0.068039183 0.064339618 0.071147959 0.055617824 0.069172365 0.061490298 0.061625879 0.072199115 0.059054421 0.058079248 0.017241641 0.000000000 0.010226590 0.016851067 0.032402774 0.029978073 0.057524885 0.064534896 0.056371465 0.056122139 0.055628110 0.057358273 0.052495157 0.066871439 0.051667364 0.056796167 0.062875849 0.061747431 0.060931175 0.056776140 0.046480852 0.046601203 0.056282185 0.053171340 0.051677551 0.051935117 0.050766948 0.060312335 0.057555314 0.056374830 0.046346429 0.098692890 0.081447244 0.079921974 0.079324134 0.079539754 0.083298034 0.084874952 0.088692015 0.088768952 0.190361123 
14     0.067974385 0.064274820 0.071083161 0.055553026 0.069107567 0.061425500 0.061561081 0.072134317 0.058989623 0.058014450 0.016906687 0.010226590 0.000000000 0.017080808 0.032359088 0.029936712 0.057460843 0.064470854 0.056307423 0.056058096 0.055564067 0.057294231 0.052431114 0.066806641 0.051603321 0.056732124 0.062811806 0.061683388 0.060867132 0.056712097 0.046416809 0.046537160 0.056218142 0.053107298 0.051613508 0.051871075 0.050702905 0.060248292 0.057491271 0.056309201 0.046281631 0.098628092 0.081382446 0.079857176 0.079259336 0.079474956 0.083233236 0.084810154 0.088627217 0.088704154 0.190296325 
36     0.069398576 0.065699011 0.072507353 0.056977218 0.070531758 0.062849691 0.062985273 0.073558508 0.060413815 0.059438641 0.018364988 0.016851067 0.017080808 0.000000000 0.033919175 0.031489547 0.058878298 0.065894667 0.057731236 0.057481909 0.056991943 0.058722106 0.053858990 0.068226553 0.053027134 0.058155937 0.064235619 0.063107201 0.062290945 0.058135910 0.047840622 0.047960973 0.057641955 0.054531111 0.053037321 0.053294888 0.052126718 0.061672105 0.058915084 0.057729944 0.047704678 0.100052660 0.082807014 0.081281744 0.080683904 0.080899524 0.084657804 0.086234722 0.090051785 0.090128722 0.191720893 
40     0.067505966 0.063806401 0.070614743 0.055084808 0.068639260 0.060957193 0.061092775 0.071666010 0.058507054 0.057531881 0.033509406 0.032402774 0.032359088 0.033919175 0.000000000 0.014988357 0.057111777 0.064136295 0.055972864 0.055723537 0.055229508 0.056959672 0.052096555 0.066432034 0.051236629 0.056379058 0.062463415 0.061334996 0.060486432 0.056358327 0.046075258 0.046195609 0.055868891 0.052758047 0.051264257 0.051521824 0.050353654 0.059899615 0.057145735 0.055964978 0.045756987 0.098258314 0.081006703 0.079481433 0.078883593 0.079099213 0.082857493 0.084434411 0.088251474 0.088328411 0.189853694 
22     0.065031538 0.061331973 0.068140315 0.052610381 0.066164832 0.058482765 0.058618347 0.069191582 0.056032627 0.055057453 0.031020550 0.029978073 0.029936712 0.031489547 0.014988357 0.000000000 0.054632609 0.061657127 0.053493696 0.053244370 0.052750341 0.054480504 0.049617388 0.063957606 0.048765388 0.053907817 0.059992173 0.058863755 0.058015190 0.053887086 0.043600830 0.043721181 0.053394464 0.050283620 0.048789830 0.049047396 0.047879227 0.057425188 0.054671307 0.053490607 0.043282560 0.095783887 0.078532275 0.077007006 0.076409165 0.076624785 0.080383066 0.081959984 0.085777046 0.085853983 0.187379267 
4     0.065643792 0.061951681 0.068860045 0.053329551 0.066880834 0.059206307 0.059366799 0.069927972 0.056694230 0.055719057 0.058462104 0.057524885 0.057460843 0.058878298 0.057111777 0.054632609 0.000000000 0.054321946 0.046160660 0.045909799 0.045440841 0.047164964 0.042280417 0.063405563 0.048304539 0.053477852 0.059526684 0.058413353 0.057536581 0.053407905 0.043433129 0.043549956 0.053034614 0.049922379 0.048438737 0.048710517 0.047542347 0.057090783 0.054327353 0.052748732 0.044340179 0.096100035 0.078838936 0.077313666 0.076715826 0.076931446 0.080700526 0.082277444 0.086094507 0.086171444 0.187833740 
18     0.072715563 0.069014944 0.075943616 0.060411312 0.073952605 0.066279888 0.066427110 0.076988282 0.063754576 0.062779403 0.065478473 0.064534896 0.064470854 0.065894667 0.064136295 0.061657127 0.054321946 0.000000000 0.021268918 0.020874818 0.033916321 0.035835858 0.030745991 0.070582781 0.055396667 0.060571163 0.066606537 0.065493207 0.064618754 0.060490078 0.050513467 0.050630294 0.060138748 0.057026514 0.055539403 0.055812643 0.054644473 0.064196166 0.061439402 0.059869860 0.051147986 0.103076331 0.085831328 0.084306059 0.083708219 0.083923839 0.087692919 0.089269837 0.093086899 0.093163836 0.194703567 
39     0.064564445 0.060863827 0.067792498 0.052260194 0.065801487 0.058128770 0.058275992 0.068837164 0.055603458 0.054628285 0.057315042 0.056371465 0.056307423 0.057731236 0.055972864 0.053493696 0.046160660 0.021268918 0.000000000 0.007505779 0.025558045 0.027487606 0.022504730 0.062439773 0.047237993 0.052412489 0.058447864 0.057334533 0.056460080 0.052331404 0.042354280 0.042471107 0.051980075 0.048867840 0.047380730 0.047653969 0.046485800 0.056037493 0.053280728 0.051724564 0.042985853 0.094914876 0.077669873 0.076144603 0.075546763 0.075762383 0.079531463 0.081108381 0.084925443 0.085002381 0.186542112 
2     0.064315119 0.060614500 0.067543172 0.052010867 0.065552161 0.057879444 0.058026665 0.068587838 0.055354132 0.054378959 0.057065716 0.056122139 0.056058096 0.057481909 0.055723537 0.053244370 0.045909799 0.020874818 0.007505779 0.000000000 0.025243903 0.027188568 0.022295666 0.062190446 0.046988667 0.052163163 0.058198537 0.057085206 0.056210754 0.052082078 0.042104954 0.042221781 0.051730748 0.048618514 0.047131403 0.047404643 0.046236473 0.055788166 0.053031401 0.051475238 0.042736526 0.094665549 0.077420546 0.075895277 0.075297437 0.075513057 0.079282137 0.080859055 0.084676117 0.084753054 0.186292785 
21     0.063792092 0.060091474 0.067020146 0.051487841 0.065029135 0.057356418 0.057503639 0.068064812 0.054831106 0.053855933 0.056575749 0.055628110 0.055564067 0.056991943 0.055229508 0.052750341 0.045440841 0.033916321 0.025558045 0.025243903 0.000000000 0.015223765 0.018394529 0.061653818 0.046507604 0.051682100 0.057717475 0.056604144 0.055729403 0.051600727 0.041624276 0.041741103 0.051252415 0.048140180 0.046655760 0.046926310 0.045758140 0.055309833 0.052553068 0.050959924 0.042131834 0.094149142 0.076904139 0.075378870 0.074781030 0.074996650 0.078765730 0.080342648 0.084159710 0.084236647 0.185751803 
37     0.065521055 0.061820436 0.068749108 0.053216804 0.066758097 0.059085380 0.059232602 0.069793774 0.056560068 0.055584895 0.058305913 0.057358273 0.057294231 0.058722106 0.056959672 0.054480504 0.047164964 0.035835858 0.027487606 0.027188568 0.015223765 0.000000000 0.020311798 0.063385088 0.048237795 0.053412292 0.059447666 0.058334335 0.057459594 0.053330919 0.043353593 0.043470420 0.052981732 0.049869497 0.048385077 0.048655627 0.047487457 0.057039150 0.054282385 0.052690115 0.043860784 0.095878105 0.078633102 0.077107832 0.076509992 0.076725612 0.080494692 0.082071610 0.085888672 0.085965610 0.187480766 
16     0.060680759 0.056980141 0.063908813 0.048376508 0.061917802 0.054245085 0.054392306 0.064953479 0.051719773 0.050744600 0.053442796 0.052495157 0.052431114 0.053858990 0.052096555 0.049617388 0.042280417 0.030745991 0.022504730 0.022295666 0.018394529 0.020311798 0.000000000 0.058533195 0.043406726 0.048581223 0.054616597 0.053503266 0.052628525 0.048499849 0.038522657 0.038639484 0.048166064 0.045053829 0.043569409 0.043839958 0.042671789 0.052221156 0.049466717 0.047861098 0.039035674 0.091026320 0.073781317 0.072256048 0.071658208 0.071873828 0.075642908 0.077219826 0.081036888 0.081113825 0.182628981 
1     0.074537208 0.070845768 0.077649347 0.062153839 0.075725969 0.068058098 0.068226977 0.078788876 0.065648437 0.064673152 0.067801826 0.066871439 0.066806641 0.068226553 0.066432034 0.063957606 0.063405563 0.070582781 0.062439773 0.062190446 0.061653818 0.063385088 0.058533195 0.000000000 0.054954537 0.060123022 0.066195398 0.065079525 0.064243049 0.060085083 0.050211178 0.050293713 0.059950006 0.056829831 0.055316595 0.055588204 0.054420034 0.063973905 0.061203630 0.060184316 0.052787820 0.105004638 0.087742507 0.086217237 0.085619397 0.085835017 0.089593297 0.091170215 0.094987278 0.095064215 0.196862737 
9     0.059306330 0.055599952 0.062439528 0.046910097 0.060461813 0.052784117 0.052924316 0.063499887 0.050362034 0.049386749 0.052601146 0.051667364 0.051603321 0.053027134 0.051236629 0.048765388 0.048304539 0.055396667 0.047237993 0.046988667 0.046507604 0.048237795 0.043406726 0.054954537 0.000000000 0.021803968 0.029907466 0.029075768 0.032778494 0.028756798 0.032016244 0.032140588 0.041863100 0.038724417 0.037210282 0.037490236 0.036328100 0.045887357 0.043103357 0.045086057 0.037715085 0.089835919 0.072578759 0.071053490 0.070455650 0.070671269 0.074440350 0.076017268 0.079834330 0.079911267 0.181689935 
10     0.064488403 0.060782025 0.067621601 0.052092170 0.065643886 0.057966190 0.058106389 0.068681960 0.055544107 0.054568822 0.057729949 0.056796167 0.056732124 0.058155937 0.056379058 0.053907817 0.053477852 0.060571163 0.052412489 0.052163163 0.051682100 0.053412292 0.048581223 0.060123022 0.021803968 0.000000000 0.034966063 0.033943576 0.037970611 0.033868885 0.037144626 0.037267191 0.046938388 0.043824849 0.042315709 0.042595663 0.041433527 0.051031982 0.048217892 0.050319366 0.042911791 0.095032299 0.077775139 0.076249870 0.075652030 0.075867650 0.079636730 0.081213648 0.085030710 0.085107647 0.186886315 
29     0.070522964 0.066816586 0.073656162 0.058126731 0.071678447 0.064000752 0.064132999 0.074708570 0.061578668 0.060603383 0.063809631 0.062875849 0.062811806 0.064235619 0.062463415 0.059992173 0.059526684 0.066606537 0.058447864 0.058198537 0.057717475 0.059447666 0.054616597 0.066195398 0.029907466 0.034966063 0.000000000 0.016368411 0.044240566 0.040070959 0.043180056 0.043304400 0.053026466 0.049916493 0.048377215 0.048653601 0.047491466 0.057093488 0.054279397 0.056320058 0.048952491 0.101069737 0.083812577 0.082287308 0.081689467 0.081905087 0.085674168 0.087251086 0.091068148 0.091145085 0.192924642 
17     0.069394054 0.065687676 0.072527252 0.056997821 0.070549537 0.062871842 0.063004089 0.073579660 0.060449758 0.059474473 0.062681212 0.061747431 0.061683388 0.063107201 0.061334996 0.058863755 0.058413353 0.065493207 0.057334533 0.057085206 0.056604144 0.058334335 0.053503266 0.065079525 0.029075768 0.033943576 0.016368411 0.000000000 0.043009527 0.038856829 0.042050621 0.042173186 0.051896610 0.048786638 0.047247359 0.047523746 0.046361610 0.055963632 0.053149542 0.055176996 0.047825476 0.099940827 0.082683667 0.081158397 0.080560557 0.080776177 0.084545257 0.086122175 0.089939238 0.090016175 0.191795732 
11     0.068527857 0.064821478 0.071661054 0.056131624 0.069683340 0.062005644 0.062145843 0.072721413 0.059583560 0.058608275 0.061864956 0.060931175 0.060867132 0.062290945 0.060486432 0.058015190 0.057536581 0.064618754 0.056460080 0.056210754 0.055729403 0.057459594 0.052628525 0.064243049 0.032778494 0.037970611 0.044240566 0.043009527 0.000000000 0.020973367 0.041252582 0.041376390 0.051097272 0.047958588 0.046444454 0.046724408 0.045562272 0.055132725 0.052348538 0.054387566 0.046889511 0.099044357 0.081787197 0.080261928 0.079664087 0.079879707 0.083648787 0.085225705 0.089042768 0.089119705 0.190898373 
27     0.064373074 0.060666695 0.067506271 0.051976841 0.065528557 0.057850861 0.057991060 0.068566631 0.055428777 0.054453493 0.057709921 0.056776140 0.056712097 0.058135910 0.056358327 0.053887086 0.053407905 0.060490078 0.052331404 0.052082078 0.051600727 0.053330919 0.048499849 0.060085083 0.028756798 0.033868885 0.040070959 0.038856829 0.020973367 0.000000000 0.037095114 0.037218922 0.046938527 0.043799844 0.042285709 0.042565663 0.041403527 0.050972921 0.048188734 0.050227266 0.042740484 0.094904515 0.077647355 0.076122086 0.075524246 0.075739866 0.079508946 0.081085864 0.084902926 0.084979863 0.186758531 
20     0.054207078 0.050499646 0.057355853 0.041828280 0.055379829 0.047698595 0.047861161 0.058423060 0.045306424 0.044331140 0.047414633 0.046480852 0.046416809 0.047840622 0.046075258 0.043600830 0.043433129 0.050513467 0.042354280 0.042104954 0.041624276 0.043353593 0.038522657 0.050211178 0.032016244 0.037144626 0.043180056 0.042050621 0.041252582 0.037095114 0.000000000 0.007177856 0.030094624 0.026902943 0.025479318 0.025699734 0.024545920 0.034201038 0.031329399 0.040110442 0.032870202 0.084759445 0.067509671 0.065984402 0.065386561 0.065602181 0.069371262 0.070948180 0.074765242 0.074842179 0.176639838 
23     0.054296816 0.050589383 0.057439605 0.041946338 0.055497888 0.047816654 0.047979220 0.058541119 0.045424483 0.044449198 0.047534985 0.046601203 0.046537160 0.047960973 0.046195609 0.043721181 0.043549956 0.050630294 0.042471107 0.042221781 0.041741103 0.043470420 0.038639484 0.050293713 0.032140588 0.037267191 0.043304400 0.042173186 0.041376390 0.037218922 0.007177856 0.000000000 0.030180556 0.026997731 0.025574106 0.025796424 0.024640708 0.034247184 0.031375613 0.040187529 0.032951710 0.084859297 0.067609523 0.066084254 0.065486414 0.065702034 0.069471114 0.071048032 0.074865094 0.074942031 0.176739691 
35     0.063789471 0.060084563 0.066946598 0.051420079 0.064964648 0.057291865 0.057452005 0.068013904 0.054889126 0.053913841 0.057215966 0.056282185 0.056218142 0.057641955 0.055868891 0.053394464 0.053034614 0.060138748 0.051980075 0.051730748 0.051252415 0.052981732 0.048166064 0.059950006 0.041863100 0.046938388 0.053026466 0.051896610 0.051097272 0.046938527 0.030094624 0.030180556 0.000000000 0.020130714 0.019527292 0.019903516 0.018784881 0.035245994 0.032302536 0.050047981 0.042523668 0.094401770 0.077180996 0.075655727 0.075057887 0.075273507 0.079042587 0.080619505 0.084436567 0.084513504 0.186282217 
32     0.060774057 0.057069150 0.063931184 0.048404665 0.061949235 0.054276452 0.054436592 0.064998490 0.051873712 0.050898427 0.054105122 0.053171340 0.053107298 0.054531111 0.052758047 0.050283620 0.049922379 0.057026514 0.048867840 0.048618514 0.048140180 0.049869497 0.045053829 0.056829831 0.038724417 0.043824849 0.049916493 0.048786638 0.047958588 0.043799844 0.026902943 0.026997731 0.020130714 0.000000000 0.016743673 0.016741486 0.015569614 0.032242584 0.029367327 0.046922467 0.039443315 0.091364902 0.074115054 0.072589784 0.071991944 0.072207564 0.075976644 0.077553562 0.081370625 0.081447562 0.183239242 
6     0.059155007 0.055450100 0.062312134 0.046785615 0.060330184 0.052657402 0.052817542 0.063379440 0.050254662 0.049279377 0.052611332 0.051677551 0.051613508 0.053037321 0.051264257 0.048789830 0.048438737 0.055539403 0.047380730 0.047131403 0.046655760 0.048385077 0.043569409 0.055316595 0.037210282 0.042315709 0.048377215 0.047247359 0.046444454 0.042285709 0.025479318 0.025574106 0.019527292 0.016743673 0.000000000 0.014304572 0.012963118 0.030774672 0.027884949 0.045405243 0.037905544 0.089779269 0.072558495 0.071033226 0.070435386 0.070651006 0.074420086 0.075997004 0.079814066 0.079891003 0.181659716 
26     0.059431845 0.055726938 0.062588972 0.047062453 0.060607022 0.052934240 0.053094379 0.063656278 0.050530980 0.049555695 0.052868899 0.051935117 0.051871075 0.053294888 0.051521824 0.049047396 0.048710517 0.055812643 0.047653969 0.047404643 0.046926310 0.048655627 0.043839958 0.055588204 0.037490236 0.042595663 0.048653601 0.047523746 0.046724408 0.042565663 0.025699734 0.025796424 0.019903516 0.016741486 0.014304572 0.000000000 0.007681296 0.030845089 0.028059059 0.045678565 0.038166163 0.090047570 0.072826797 0.071301527 0.070703687 0.070919307 0.074688387 0.076265305 0.080082368 0.080159305 0.181927894 
31     0.058263676 0.054558768 0.061420803 0.045894283 0.059438853 0.051766070 0.051926210 0.062488109 0.049362810 0.048387526 0.051700729 0.050766948 0.050702905 0.052126718 0.050353654 0.047879227 0.047542347 0.054644473 0.046485800 0.046236473 0.045758140 0.047487457 0.042671789 0.054420034 0.036328100 0.041433527 0.047491466 0.046361610 0.045562272 0.041403527 0.024545920 0.024640708 0.018784881 0.015569614 0.012963118 0.007681296 0.000000000 0.029729855 0.026898143 0.044510396 0.036997993 0.088879401 0.071658627 0.070133358 0.069535518 0.069751138 0.073520218 0.075097136 0.078914198 0.078991135 0.180759724 
24     0.067756920 0.064052012 0.070908062 0.055415849 0.068960171 0.061287388 0.061447775 0.072009674 0.058884587 0.057909302 0.061246117 0.060312335 0.060248292 0.061672105 0.059899615 0.057425188 0.057090783 0.064196166 0.056037493 0.055788166 0.055309833 0.057039150 0.052221156 0.063973905 0.045887357 0.051031982 0.057093488 0.055963632 0.055132725 0.050972921 0.034201038 0.034247184 0.035245994 0.032242584 0.030774672 0.030845089 0.029729855 0.000000000 0.020002670 0.054057786 0.046505672 0.098398956 0.081178183 0.079652913 0.079055073 0.079270693 0.083039773 0.084616691 0.088433753 0.088510691 0.190282443 
15     0.065016106 0.061311198 0.068167248 0.052675034 0.066219356 0.058546574 0.058706961 0.069268860 0.056144293 0.055169008 0.058489095 0.057555314 0.057491271 0.058915084 0.057145735 0.054671307 0.054327353 0.061439402 0.053280728 0.053031401 0.052553068 0.054282385 0.049466717 0.061203630 0.043103357 0.048217892 0.054279397 0.053149542 0.052348538 0.048188734 0.031329399 0.031375613 0.032302536 0.029367327 0.027884949 0.028059059 0.026898143 0.020002670 0.000000000 0.051299041 0.043764665 0.095656404 0.078435631 0.076910361 0.076312521 0.076528141 0.080297221 0.081874139 0.085691202 0.085768139 0.187540015 
8     0.064019025 0.060312646 0.067155241 0.051663307 0.065205993 0.057524759 0.057747649 0.068309548 0.055190834 0.054215549 0.057304909 0.056374830 0.056309201 0.057729944 0.055964978 0.053490607 0.052748732 0.059869860 0.051724564 0.051475238 0.050959924 0.052690115 0.047861098 0.060184316 0.045086057 0.050319366 0.056320058 0.055176996 0.054387566 0.050227266 0.040110442 0.040187529 0.050047981 0.046922467 0.045405243 0.045678565 0.044510396 0.054057786 0.051299041 0.000000000 0.042692288 0.094664254 0.077407141 0.075881872 0.075284032 0.075499652 0.079268732 0.080845650 0.084662712 0.084739649 0.186444338 
33     0.048138162 0.044429956 0.051395379 0.035895176 0.049342394 0.041696725 0.041912200 0.052477013 0.039215517 0.038241867 0.047268261 0.046346429 0.046281631 0.047704678 0.045756987 0.043282560 0.044340179 0.051147986 0.042985853 0.042736526 0.042131834 0.043860784 0.039035674 0.052787820 0.037715085 0.042911791 0.048952491 0.047825476 0.046889511 0.042740484 0.032870202 0.032951710 0.042523668 0.039443315 0.037905544 0.038166163 0.036997993 0.046505672 0.043764665 0.042692288 0.000000000 0.079310249 0.062047626 0.060522356 0.059924516 0.060140136 0.063907569 0.065484487 0.069301549 0.069378486 0.170900820 
43     0.099898329 0.096194357 0.103150696 0.087616642 0.101135615 0.093488991 0.093663277 0.104232135 0.090931024 0.089955850 0.099625737 0.098692890 0.098628092 0.100052660 0.098258314 0.095783887 0.096100035 0.103076331 0.094914876 0.094665549 0.094149142 0.095878105 0.091026320 0.105004638 0.089835919 0.095032299 0.101069737 0.099940827 0.099044357 0.094904515 0.084759445 0.084859297 0.094401770 0.091364902 0.089779269 0.090047570 0.088879401 0.098398956 0.095656404 0.094664254 0.079310249 0.000000000 0.082160353 0.080624221 0.079786343 0.080001963 0.084134961 0.085718699 0.089537650 0.089612698 0.201239645 
46     0.082702157 0.078998184 0.085960068 0.070426014 0.083945199 0.076298363 0.076472649 0.087041507 0.073734639 0.072759465 0.082380091 0.081447244 0.081382446 0.082807014 0.081006703 0.078532275 0.078838936 0.085831328 0.077669873 0.077420546 0.076904139 0.078633102 0.073781317 0.087742507 0.072578759 0.077775139 0.083812577 0.082683667 0.081787197 0.077647355 0.067509671 0.067609523 0.077180996 0.074115054 0.072558495 0.072826797 0.071658627 0.081178183 0.078435631 0.077407141 0.062047626 0.082160353 0.000000000 0.021734238 0.033494365 0.033705929 0.044629611 0.046285563 0.050086231 0.050177655 0.184368818 
49     0.081176887 0.077472914 0.084434799 0.068900745 0.082419930 0.074773094 0.074947379 0.085516238 0.072209369 0.071234196 0.080854821 0.079921974 0.079857176 0.081281744 0.079481433 0.077007006 0.077313666 0.084306059 0.076144603 0.075895277 0.075378870 0.077107832 0.072256048 0.086217237 0.071053490 0.076249870 0.082287308 0.081158397 0.080261928 0.076122086 0.065984402 0.066084254 0.075655727 0.072589784 0.071033226 0.071301527 0.070133358 0.079652913 0.076910361 0.075881872 0.060522356 0.080624221 0.021734238 0.000000000 0.031800430 0.032011994 0.042964358 0.044620309 0.048450003 0.048512401 0.182843549 
47     0.080579898 0.076875925 0.083837810 0.068303756 0.081822940 0.074176104 0.074350390 0.084919248 0.071612380 0.070637206 0.080256981 0.079324134 0.079259336 0.080683904 0.078883593 0.076409165 0.076715826 0.083708219 0.075546763 0.075297437 0.074781030 0.076509992 0.071658208 0.085619397 0.070455650 0.075652030 0.081689467 0.080560557 0.079664087 0.075524246 0.065386561 0.065486414 0.075057887 0.071991944 0.070435386 0.070703687 0.069535518 0.079055073 0.076312521 0.075284032 0.059924516 0.079786343 0.033494365 0.031800430 0.000000000 0.011859433 0.042329447 0.043987868 0.047788537 0.047881868 0.182171600 
44     0.080795518 0.077091545 0.084053429 0.068519376 0.082038560 0.074391724 0.074566010 0.085134868 0.071828000 0.070852826 0.080472601 0.079539754 0.079474956 0.080899524 0.079099213 0.076624785 0.076931446 0.083923839 0.075762383 0.075513057 0.074996650 0.076725612 0.071873828 0.085835017 0.070671269 0.075867650 0.081905087 0.080776177 0.079879707 0.075739866 0.065602181 0.065702034 0.075273507 0.072207564 0.070651006 0.070919307 0.069751138 0.079270693 0.076528141 0.075499652 0.060140136 0.080001963 0.033705929 0.032011994 0.011859433 0.000000000 0.042547356 0.044205777 0.048006446 0.048099777 0.182387219 
42     0.084562951 0.080858978 0.087820862 0.072286808 0.085805993 0.078159157 0.078333443 0.088902301 0.075595433 0.074620259 0.084230881 0.083298034 0.083233236 0.084657804 0.082857493 0.080383066 0.080700526 0.087692919 0.079531463 0.079282137 0.078765730 0.080494692 0.075642908 0.089593297 0.074440350 0.079636730 0.085674168 0.084545257 0.083648787 0.079508946 0.069371262 0.069471114 0.079042587 0.075976644 0.074420086 0.074688387 0.073520218 0.083039773 0.080297221 0.079268732 0.063907569 0.084134961 0.044629611 0.042964358 0.042329447 0.042547356 0.000000000 0.021715650 0.025565759 0.025594092 0.186309833 
50     0.086139869 0.082435896 0.089397780 0.073863726 0.087382911 0.079736075 0.079910361 0.090479219 0.077172351 0.076197177 0.085807799 0.084874952 0.084810154 0.086234722 0.084434411 0.081959984 0.082277444 0.089269837 0.081108381 0.080859055 0.080342648 0.082071610 0.077219826 0.091170215 0.076017268 0.081213648 0.087251086 0.086122175 0.085225705 0.081085864 0.070948180 0.071048032 0.080619505 0.077553562 0.075997004 0.076265305 0.075097136 0.084616691 0.081874139 0.080845650 0.065484487 0.085718699 0.046285563 0.044620309 0.043987868 0.044205777 0.021715650 0.000000000 0.017613972 0.017648693 0.187886751 
45     0.089956931 0.086252958 0.093214843 0.077680789 0.091199974 0.083553137 0.083727423 0.094296281 0.080989413 0.080014240 0.089624862 0.088692015 0.088627217 0.090051785 0.088251474 0.085777046 0.086094507 0.093086899 0.084925443 0.084676117 0.084159710 0.085888672 0.081036888 0.094987278 0.079834330 0.085030710 0.091068148 0.089939238 0.089042768 0.084902926 0.074765242 0.074865094 0.084436567 0.081370625 0.079814066 0.080082368 0.078914198 0.088433753 0.085691202 0.084662712 0.069301549 0.089537650 0.050086231 0.048450003 0.047788537 0.048006446 0.025565759 0.017613972 0.000000000 0.014465055 0.191703813 
48     0.090033868 0.086329896 0.093291780 0.077757726 0.091276911 0.083630075 0.083804360 0.094373219 0.081066350 0.080091177 0.089701799 0.088768952 0.088704154 0.090128722 0.088328411 0.085853983 0.086171444 0.093163836 0.085002381 0.084753054 0.084236647 0.085965610 0.081113825 0.095064215 0.079911267 0.085107647 0.091145085 0.090016175 0.089119705 0.084979863 0.074842179 0.074942031 0.084513504 0.081447562 0.079891003 0.080159305 0.078991135 0.088510691 0.085768139 0.084739649 0.069378486 0.089612698 0.050177655 0.048512401 0.047881868 0.048099777 0.025594092 0.017648693 0.014465055 0.000000000 0.191780750 
0     0.191738466 0.188034494 0.194998744 0.179464691 0.192967432 0.185339234 0.185513987 0.196085040 0.182836057 0.181860884 0.191293970 0.190361123 0.190296325 0.191720893 0.189853694 0.187379267 0.187833740 0.194703567 0.186542112 0.186292785 0.185751803 0.187480766 0.182628981 0.196862737 0.181689935 0.186886315 0.192924642 0.191795732 0.190898373 0.186758531 0.176639838 0.176739691 0.186282217 0.183239242 0.181659716 0.181927894 0.180759724 0.190282443 0.187540015 0.186444338 0.170900820 0.201239645 0.184368818 0.182843549 0.182171600 0.182387219 0.186309833 0.187886751 0.191703813 0.191780750 0.000000000 
