51
4     0.000000000 0.001358590 0.002563930 0.002494660 0.000709770 0.001903810 0.001140970 0.002487950 0.002466810 0.002392590 0.002502710 0.002850410 0.002755630 0.002968600 0.002670190 0.002903720 0.002794720 0.002852430 0.003128970 0.003077810 0.002175940 0.002226410 0.002645560 0.002777030 0.002739780 0.003006800 0.003473850 0.004310860 0.002628950 0.002782930 0.002713850 0.002634530 0.002870970 0.002879610 0.003063740 0.002859240 0.002757350 0.002558470 0.002864870 0.003187520 0.002664280 0.002587940 0.002420550 0.002055320 0.002643770 0.002887280 0.002904080 0.002889740 0.002715370 0.003031070 0.005895120 
1     0.001358590 0.000000000 0.000040300 0.000031090 0.001670830 0.001656840 0.002132470 0.002240980 0.002219840 0.002145620 0.002255740 0.002603440 0.002508660 0.002721630 0.002423220 0.002656750 0.002547750 0.002605460 0.002882000 0.002830840 0.001928970 0.002859510 0.002398590 0.002530060 0.002492810 0.002759830 0.003226880 0.003516490 0.002381980 0.002535960 0.002466880 0.002387560 0.002624000 0.002632640 0.002816770 0.002612270 0.002510380 0.002311500 0.002617900 0.002940550 0.002417310 0.002340970 0.002173580 0.002555470 0.002396800 0.002640310 0.002657110 0.002642770 0.002468400 0.002784100 0.005486800 
6     0.002563930 0.000040300 0.000000000 0.000002970 0.002411200 0.002397210 0.002872840 0.002981350 0.002960210 0.002885990 0.002996110 0.003343810 0.003249030 0.003462000 0.003163590 0.003397120 0.003288120 0.003345830 0.003622370 0.003571210 0.002669340 0.003599880 0.003138960 0.003270430 0.003233180 0.003399030 0.003967250 0.004019140 0.003122350 0.003276330 0.003207250 0.003127930 0.003364370 0.003373010 0.003557140 0.003352640 0.003250750 0.003051870 0.003358270 0.003680920 0.003157680 0.003081340 0.002913950 0.003058120 0.003137170 0.003380680 0.003397480 0.003383140 0.003208770 0.003524470 0.005989450 
2     0.002494660 0.000031090 0.000002970 0.000000000 0.002240700 0.002226710 0.002361550 0.002810850 0.002789710 0.002715490 0.002825610 0.003173310 0.003078530 0.003291500 0.002993090 0.003226620 0.003117620 0.003175330 0.003451870 0.003400710 0.002498840 0.003429380 0.002968460 0.003099930 0.003062680 0.003329700 0.003796750 0.004633760 0.002951850 0.003105830 0.003036750 0.002957430 0.003193870 0.002941680 0.000890890 0.003182140 0.003080250 0.002881370 0.003187770 0.003510420 0.002987180 0.002910840 0.002743450 0.003152500 0.002966670 0.003210180 0.003226980 0.003212640 0.003038270 0.003353970 0.006218020 
3     0.000709770 0.001670830 0.002411200 0.002240700 0.000000000 0.000569220 0.001354940 0.001827610 0.001806470 0.001732250 0.001842370 0.002190070 0.002095290 0.002308260 0.002009850 0.002243380 0.002134380 0.002192090 0.002468630 0.002417470 0.001515600 0.002446140 0.001985220 0.002116690 0.002079440 0.002346460 0.002813510 0.003650520 0.001968610 0.002122590 0.002053510 0.001974190 0.002210630 0.002219270 0.002403400 0.002198900 0.002097010 0.001898130 0.002204530 0.002527180 0.002003940 0.001927600 0.001760210 0.002169260 0.001983430 0.002226940 0.002243740 0.002229400 0.002055030 0.002370730 0.005234780 
5     0.001903810 0.001656840 0.002397210 0.002226710 0.000569220 0.000000000 0.001340950 0.001813620 0.001792480 0.001718260 0.001828380 0.002176080 0.002081300 0.002294270 0.001995860 0.002229390 0.002120390 0.002178100 0.002454640 0.002403480 0.001501610 0.002432150 0.001971230 0.002102700 0.002065450 0.002332470 0.002799520 0.003068240 0.001954620 0.002108600 0.002039520 0.001960200 0.002196640 0.002205280 0.002389410 0.002184910 0.002083020 0.001884140 0.002190540 0.002513190 0.001989950 0.001913610 0.001746220 0.002155270 0.001969440 0.002212950 0.002229750 0.002215410 0.002041040 0.002356740 0.005220790 
7     0.001140970 0.002132470 0.002872840 0.002361550 0.001354940 0.001340950 0.000000000 0.002289250 0.002268110 0.002193890 0.002304010 0.002651710 0.002556930 0.002769900 0.002471490 0.002705020 0.002596020 0.002574200 0.001743180 0.001635280 0.001977240 0.002907780 0.002446860 0.002507140 0.002533330 0.002808100 0.003275150 0.001920520 0.002430250 0.002584230 0.002515150 0.002435830 0.002672270 0.002680910 0.002865040 0.002660540 0.002558650 0.002359770 0.002666170 0.002988820 0.002465580 0.002389240 0.002221850 0.002529100 0.002445070 0.002688580 0.002705380 0.002691040 0.002516670 0.002832370 0.005696420 
50     0.002487950 0.002240980 0.002981350 0.002810850 0.001827610 0.001813620 0.002289250 0.000000000 0.000007180 0.001162950 0.001710260 0.000119540 0.002044300 0.002257270 0.001958860 0.002192390 0.002083390 0.002141100 0.002417640 0.002366480 0.001464610 0.002395150 0.001934230 0.002065700 0.002028450 0.002295470 0.002762520 0.003599530 0.001917620 0.002071600 0.002002520 0.001923200 0.002159640 0.002168280 0.002352410 0.002147910 0.002046020 0.001847140 0.002153540 0.002476190 0.001952950 0.001876610 0.001709220 0.002118270 0.001932440 0.002175950 0.002192750 0.002178410 0.002004040 0.002319740 0.005394630 
40     0.002466810 0.002219840 0.002960210 0.002789710 0.001806470 0.001792480 0.002268110 0.000007180 0.000000000 0.001579000 0.001689120 0.002036820 0.002023160 0.002236130 0.001937720 0.002171250 0.002062250 0.002119960 0.002396500 0.002345340 0.001443470 0.002374010 0.001913090 0.002044560 0.002007310 0.002274330 0.002741380 0.003578390 0.001896480 0.002050460 0.001981380 0.001902060 0.002138500 0.002147140 0.002331270 0.002126770 0.002024880 0.001826000 0.002132400 0.002455050 0.001931810 0.001855470 0.001688080 0.002097130 0.001911300 0.002154810 0.002171610 0.002157270 0.001982900 0.002247680 0.005373490 
27     0.002392590 0.002145620 0.002885990 0.002715490 0.001732250 0.001718260 0.002193890 0.001162950 0.001579000 0.000000000 0.000024750 0.000535010 0.001948940 0.002161910 0.001863500 0.002097030 0.001988030 0.002045740 0.002322280 0.002271120 0.001369250 0.002044640 0.001838870 0.001970340 0.001933090 0.002200110 0.002667160 0.003266330 0.001822260 0.001976240 0.001907160 0.001827840 0.002064280 0.002072920 0.002257050 0.002052550 0.001950660 0.001751780 0.002058180 0.002380830 0.001857590 0.001781250 0.001613860 0.002022910 0.001837080 0.002080590 0.002097390 0.002083050 0.001908680 0.002224380 0.005299270 
23     0.002502710 0.002255740 0.002996110 0.002825610 0.001842370 0.001828380 0.002304010 0.001710260 0.001689120 0.000024750 0.000000000 0.000268270 0.002059060 0.002272030 0.001973620 0.002207150 0.002098150 0.002155860 0.002432400 0.002381240 0.001479370 0.002109570 0.001948990 0.002080460 0.002043210 0.002310230 0.002777280 0.003248160 0.001932380 0.002086360 0.002017280 0.001937960 0.002174400 0.002183040 0.002367170 0.002162670 0.002060780 0.001861900 0.002168300 0.002490950 0.001967710 0.001891370 0.001723980 0.002133030 0.001947200 0.002190710 0.002207510 0.002193170 0.002018800 0.002334500 0.005409390 
21     0.002850410 0.002603440 0.003343810 0.003173310 0.002190070 0.002176080 0.002651710 0.000119540 0.002036820 0.000535010 0.000268270 0.000000000 0.002406760 0.002619730 0.002321320 0.002554850 0.002445850 0.002503560 0.002780100 0.002728940 0.001827070 0.002566890 0.002296690 0.002428160 0.002390910 0.002499390 0.003124980 0.003119500 0.002280080 0.002434060 0.002364980 0.002285660 0.002522100 0.002530740 0.002714870 0.002510370 0.002408480 0.002209600 0.002516000 0.002838650 0.002315410 0.002239070 0.002071680 0.002158480 0.002294900 0.002538410 0.002555210 0.002540870 0.002366500 0.002682200 0.005509110 
25     0.002755630 0.002508660 0.003249030 0.003078530 0.002095290 0.002081300 0.002556930 0.002044300 0.002023160 0.001948940 0.002059060 0.002406760 0.000000000 0.000153400 0.000267430 0.000076130 0.001102650 0.001160360 0.001322970 0.001266230 0.001440750 0.002371290 0.001874730 0.002006200 0.001968950 0.001953900 0.002874800 0.002936970 0.002029900 0.002183880 0.002114800 0.002035480 0.002271920 0.002280560 0.002464690 0.002260190 0.001986520 0.001955360 0.002261760 0.002584410 0.002061170 0.001984830 0.001817440 0.001888750 0.002036600 0.002280110 0.002296910 0.002282570 0.002108200 0.002423900 0.005479300 
33     0.002968600 0.002721630 0.003462000 0.003291500 0.002308260 0.002294270 0.002769900 0.002257270 0.002236130 0.002161910 0.002272030 0.002619730 0.000153400 0.000000000 0.000094490 0.000324760 0.001267150 0.001373330 0.001545030 0.001488290 0.001653720 0.002345660 0.002087700 0.002219170 0.002181920 0.002175960 0.003087770 0.003159030 0.002242870 0.002396850 0.002327770 0.002248450 0.002484890 0.002493530 0.002677660 0.002473160 0.002199490 0.002168330 0.002474730 0.002797380 0.002274140 0.002197800 0.002030410 0.002110810 0.002249570 0.002493080 0.002509880 0.002495540 0.002321170 0.002636870 0.005701360 
22     0.002670190 0.002423220 0.003163590 0.002993090 0.002009850 0.001995860 0.002471490 0.001958860 0.001937720 0.001863500 0.001973620 0.002321320 0.000267430 0.000094490 0.000000000 0.000007490 0.001017210 0.001074920 0.001351460 0.001300300 0.001355310 0.002285850 0.001789290 0.001920760 0.001883510 0.002149880 0.002789360 0.003132950 0.001944460 0.002098440 0.002029360 0.001950040 0.002186480 0.002195120 0.002379250 0.002174750 0.001901080 0.001869920 0.002176320 0.002498970 0.001975730 0.001899390 0.001732000 0.002084730 0.001951160 0.002194670 0.002211470 0.002197130 0.002022760 0.002338460 0.005576870 
16     0.002903720 0.002656750 0.003397120 0.003226620 0.002243380 0.002229390 0.002705020 0.002192390 0.002171250 0.002097030 0.002207150 0.002554850 0.000076130 0.000324760 0.000007490 0.000000000 0.001250740 0.001308450 0.001337680 0.001280940 0.001588840 0.002519380 0.002022820 0.002040620 0.002117040 0.001968610 0.003022890 0.002951680 0.002177990 0.002331970 0.002262890 0.002183570 0.002420010 0.002428650 0.002612780 0.002408280 0.002134610 0.002103450 0.002409850 0.002732500 0.002209260 0.002132920 0.001965530 0.001903460 0.002184690 0.002428200 0.002445000 0.002430660 0.002256290 0.002571990 0.005494010 
49     0.002794720 0.002547750 0.003288120 0.003117620 0.002134380 0.002120390 0.002596020 0.002083390 0.002062250 0.001988030 0.002098150 0.002445850 0.001102650 0.001267150 0.001017210 0.001250740 0.000000000 0.000509680 0.000808890 0.000538620 0.001479840 0.002410380 0.001913820 0.002045290 0.002008040 0.002275060 0.002645310 0.003447830 0.002068990 0.002222970 0.002153890 0.002074570 0.002311010 0.002319650 0.002503780 0.002299280 0.002025610 0.001994450 0.002300850 0.002623500 0.002100260 0.002023920 0.001856530 0.002261520 0.002075690 0.002319200 0.002336000 0.002321660 0.002147290 0.002462990 0.005701400 
19     0.002852430 0.002605460 0.003345830 0.003175330 0.002192090 0.002178100 0.002574200 0.002141100 0.002119960 0.002045740 0.002155860 0.002503560 0.001160360 0.001373330 0.001074920 0.001308450 0.000509680 0.000000000 0.000425510 0.000792190 0.001537550 0.002468090 0.001971530 0.002103000 0.002065750 0.002292130 0.002148090 0.003139380 0.002126700 0.002280680 0.002211600 0.002132280 0.002368720 0.002377360 0.002561490 0.002356990 0.002083320 0.002052160 0.002358560 0.002681210 0.002157970 0.002081630 0.001914240 0.002226980 0.002133400 0.002376910 0.002393710 0.002379370 0.002205000 0.002520700 0.005616290 
37     0.003128970 0.002882000 0.003622370 0.003451870 0.002468630 0.002454640 0.001743180 0.002417640 0.002396500 0.002322280 0.002432400 0.002780100 0.001322970 0.001545030 0.001351460 0.001337680 0.000808890 0.000425510 0.000000000 0.000148680 0.001814090 0.002744630 0.002248070 0.002161260 0.002342290 0.002089250 0.003248140 0.002308360 0.002403240 0.002557220 0.002488140 0.002408820 0.002645260 0.002653900 0.002838030 0.002633530 0.002359860 0.002328700 0.002635100 0.002957750 0.002434510 0.002358170 0.002190780 0.002024100 0.002409940 0.002653450 0.002670250 0.002655910 0.002481540 0.002774800 0.005614650 
15     0.003077810 0.002830840 0.003571210 0.003400710 0.002417470 0.002403480 0.001635280 0.002366480 0.002345340 0.002271120 0.002381240 0.002728940 0.001266230 0.001488290 0.001300300 0.001280940 0.000538620 0.000792190 0.000148680 0.000000000 0.001762930 0.002693470 0.002196910 0.002104520 0.002291130 0.002032510 0.002555300 0.002200460 0.002352080 0.002506060 0.002436980 0.002357660 0.002594100 0.002602740 0.002786870 0.002582370 0.002219080 0.002277540 0.002583940 0.002906590 0.002383350 0.002307010 0.002139620 0.001967360 0.002358780 0.002602290 0.002619090 0.002604750 0.002430380 0.002718060 0.005557910 
11     0.002175940 0.001928970 0.002669340 0.002498840 0.001515600 0.001501610 0.001977240 0.001464610 0.001443470 0.001369250 0.001479370 0.001827070 0.001440750 0.001653720 0.001355310 0.001588840 0.001479840 0.001537550 0.001814090 0.001762930 0.000000000 0.000180980 0.001330680 0.001462150 0.001424900 0.001691920 0.002295110 0.003132120 0.001450210 0.001604190 0.001535110 0.001455790 0.001692230 0.001700870 0.001885000 0.001680500 0.001442470 0.001375670 0.001682070 0.002004720 0.001481480 0.001405140 0.001237750 0.001642740 0.001456910 0.001700420 0.001717220 0.001702880 0.001528510 0.001844210 0.005082620 
42     0.002226410 0.002859510 0.003599880 0.003429380 0.002446140 0.002432150 0.002907780 0.002395150 0.002374010 0.002044640 0.002109570 0.002566890 0.002371290 0.002345660 0.002285850 0.002519380 0.002410380 0.002468090 0.002744630 0.002693470 0.000180980 0.000000000 0.000075770 0.001770400 0.001912750 0.001826180 0.002795210 0.004062660 0.002113590 0.002217260 0.002267910 0.002386330 0.002622770 0.002631410 0.002699880 0.002611040 0.001248430 0.001999840 0.001666820 0.002935260 0.001995890 0.001872260 0.002168290 0.001143360 0.002387450 0.002501800 0.002491570 0.002050670 0.002459050 0.002774750 0.002868130 
20     0.002645560 0.002398590 0.003138960 0.002968460 0.001985220 0.001971230 0.002446860 0.001934230 0.001913090 0.001838870 0.001948990 0.002296690 0.001874730 0.002087700 0.001789290 0.002022820 0.001913820 0.001971530 0.002248070 0.002196910 0.001330680 0.000075770 0.000000000 0.000370060 0.001123250 0.000685370 0.002764730 0.002616990 0.001919830 0.002073810 0.002004730 0.001925410 0.002161850 0.002170490 0.002354620 0.002150120 0.001847830 0.001845290 0.002151690 0.002364850 0.001951100 0.001874760 0.000946630 0.001933370 0.001926530 0.002170040 0.002186840 0.002172500 0.001998130 0.002313830 0.002940040 
36     0.002777030 0.002530060 0.003270430 0.003099930 0.002116690 0.002102700 0.002507140 0.002065700 0.002044560 0.001970340 0.002080460 0.002428160 0.002006200 0.002219170 0.001920760 0.002040620 0.002045290 0.002103000 0.002161260 0.002104520 0.001462150 0.001770400 0.000370060 0.000000000 0.000225880 0.000160710 0.002485170 0.002036620 0.001947930 0.001989300 0.001930700 0.002056880 0.002081810 0.002301960 0.002434170 0.002281590 0.001979300 0.001918090 0.002283160 0.002142940 0.002082570 0.002006230 0.001644350 0.000988400 0.002058000 0.001941560 0.001815490 0.001969340 0.002129600 0.001739100 0.004578950 
28     0.002739780 0.002492810 0.003233180 0.003062680 0.002079440 0.002065450 0.002533330 0.002028450 0.002007310 0.001933090 0.002043210 0.002390910 0.001968950 0.002181920 0.001883510 0.002117040 0.002008040 0.002065750 0.002342290 0.002291130 0.001424900 0.001912750 0.001123250 0.000225880 0.000000000 0.000378560 0.002471120 0.002374200 0.002014050 0.002168030 0.002098950 0.002019630 0.002256070 0.002264710 0.002448840 0.002244340 0.001942050 0.001939510 0.002245910 0.002320200 0.002045320 0.001968980 0.001801590 0.001325980 0.002020750 0.002264260 0.002153070 0.002266720 0.002092350 0.002076680 0.004916530 
34     0.003006800 0.002759830 0.003399030 0.003329700 0.002346460 0.002332470 0.002808100 0.002295470 0.002274330 0.002200110 0.002310230 0.002499390 0.001953900 0.002175960 0.002149880 0.001968610 0.002275060 0.002292130 0.002089250 0.002032510 0.001691920 0.001826180 0.000685370 0.000160710 0.000378560 0.000000000 0.002353730 0.001964610 0.001875920 0.001917290 0.001858690 0.002040910 0.002009800 0.002531730 0.002362160 0.002511360 0.002017510 0.001846080 0.002340010 0.002070930 0.002312340 0.002236000 0.001572340 0.000916390 0.002287770 0.001869550 0.001743480 0.001897330 0.002359370 0.001667090 0.004506940 
30     0.003473850 0.003226880 0.003967250 0.003796750 0.002813510 0.002799520 0.003275150 0.002762520 0.002741380 0.002667160 0.002777280 0.003124980 0.002874800 0.003087770 0.002789360 0.003022890 0.002645310 0.002148090 0.003248140 0.002555300 0.002295110 0.002795210 0.002764730 0.002485170 0.002471120 0.002353730 0.000000000 0.000433240 0.002230600 0.002384580 0.002315500 0.002236180 0.002472620 0.002481260 0.002665390 0.002460890 0.000349610 0.002677640 0.002984040 0.003252350 0.002783450 0.002707110 0.002539720 0.002072250 0.002762940 0.003006450 0.002899340 0.003008910 0.002834540 0.002822950 0.005575600 
18     0.004310860 0.003516490 0.004019140 0.004633760 0.003650520 0.003068240 0.001920520 0.003599530 0.003578390 0.003266330 0.003248160 0.003119500 0.002936970 0.003159030 0.003132950 0.002951680 0.003447830 0.003139380 0.002308360 0.002200460 0.003132120 0.004062660 0.002616990 0.002036620 0.002374200 0.001964610 0.000433240 0.000000000 0.001982930 0.002024300 0.001965700 0.002147920 0.002116810 0.002895880 0.002469170 0.002773910 0.002084550 0.002578950 0.003072880 0.002803800 0.003302380 0.003300810 0.002305210 0.001623700 0.003517030 0.002576860 0.002450790 0.002604640 0.003343740 0.002374400 0.005127050 
13     0.002628950 0.002381980 0.003122350 0.002951850 0.001968610 0.001954620 0.002430250 0.001917620 0.001896480 0.001822260 0.001932380 0.002280080 0.002029900 0.002242870 0.001944460 0.002177990 0.002068990 0.002126700 0.002403240 0.002352080 0.001450210 0.002113590 0.001919830 0.001947930 0.002014050 0.001875920 0.002230600 0.001982930 0.000000000 0.000618360 0.000064000 0.000357890 0.000860320 0.001608820 0.001792950 0.000999110 0.001364940 0.001832740 0.002139140 0.002461790 0.001938550 0.001862210 0.001694820 0.001535010 0.001918040 0.002161550 0.002178350 0.002164010 0.001989640 0.002285710 0.005038360 
8     0.002782930 0.002535960 0.003276330 0.003105830 0.002122590 0.002108600 0.002584230 0.002071600 0.002050460 0.001976240 0.002086360 0.002434060 0.002183880 0.002396850 0.002098440 0.002331970 0.002222970 0.002280680 0.002557220 0.002506060 0.001604190 0.002217260 0.002073810 0.001989300 0.002168030 0.001917290 0.002384580 0.002024300 0.000618360 0.000000000 0.000297880 0.000777860 0.001014300 0.001762800 0.001744960 0.001153090 0.002101040 0.001986720 0.002293120 0.002615770 0.002092530 0.002016190 0.001848800 0.001576380 0.002072020 0.002315530 0.002332330 0.001968660 0.002143620 0.002311990 0.003326210 
44     0.002713850 0.002466880 0.003207250 0.003036750 0.002053510 0.002039520 0.002515150 0.002002520 0.001981380 0.001907160 0.002017280 0.002364980 0.002114800 0.002327770 0.002029360 0.002262890 0.002153890 0.002211600 0.002488140 0.002436980 0.001535110 0.002267910 0.002004730 0.001930700 0.002098950 0.001858690 0.002315500 0.001965700 0.000064000 0.000297880 0.000000000 0.000391450 0.000898240 0.001693720 0.001877850 0.001084010 0.002042440 0.001917640 0.002224040 0.002546690 0.002023450 0.001947110 0.001779720 0.001517780 0.002002940 0.002246450 0.002263250 0.002248910 0.002074540 0.002268480 0.005021130 
46     0.002634530 0.002387560 0.003127930 0.002957430 0.001974190 0.001960200 0.002435830 0.001923200 0.001902060 0.001827840 0.001937960 0.002285660 0.002035480 0.002248450 0.001950040 0.002183570 0.002074570 0.002132280 0.002408820 0.002357660 0.001455790 0.002386330 0.001925410 0.002056880 0.002019630 0.002040910 0.002236180 0.002147920 0.000357890 0.000777860 0.000391450 0.000000000 0.000044070 0.001614400 0.001299510 0.001004690 0.001352190 0.001838320 0.002144720 0.002467370 0.001944130 0.001867790 0.001700400 0.001700000 0.001923620 0.002167130 0.002183930 0.002169590 0.001995220 0.002310920 0.005203350 
9     0.002870970 0.002624000 0.003364370 0.003193870 0.002210630 0.002196640 0.002672270 0.002159640 0.002138500 0.002064280 0.002174400 0.002522100 0.002271920 0.002484890 0.002186480 0.002420010 0.002311010 0.002368720 0.002645260 0.002594100 0.001692230 0.002622770 0.002161850 0.002081810 0.002256070 0.002009800 0.002472620 0.002116810 0.000860320 0.001014300 0.000898240 0.000044070 0.000000000 0.001695110 0.001268400 0.001241130 0.002020250 0.002074760 0.002381160 0.002703810 0.002180570 0.002104230 0.001936840 0.001668890 0.002160060 0.002403570 0.002420370 0.002406030 0.002231660 0.002419590 0.002987590 
39     0.002879610 0.002632640 0.003373010 0.002941680 0.002219270 0.002205280 0.002680910 0.002168280 0.002147140 0.002072920 0.002183040 0.002530740 0.002280560 0.002493530 0.002195120 0.002428650 0.002319650 0.002377360 0.002653900 0.002602740 0.001700870 0.002631410 0.002170490 0.002301960 0.002264710 0.002531730 0.002481260 0.002895880 0.001608820 0.001762800 0.001693720 0.001614400 0.001695110 0.000000000 0.000400980 0.000128490 0.002282280 0.002083400 0.002389800 0.002712450 0.002189210 0.002112870 0.001945480 0.002354530 0.002168700 0.002412210 0.002429010 0.002414670 0.002240300 0.002556000 0.005786290 
35     0.003063740 0.002816770 0.003557140 0.000890890 0.002403400 0.002389410 0.002865040 0.002352410 0.002331270 0.002257050 0.002367170 0.002714870 0.002464690 0.002677660 0.002379250 0.002612780 0.002503780 0.002561490 0.002838030 0.002786870 0.001885000 0.002699880 0.002354620 0.002434170 0.002448840 0.002362160 0.002665390 0.002469170 0.001792950 0.001744960 0.001877850 0.001299510 0.001268400 0.000400980 0.000000000 0.000012240 0.002372610 0.002267530 0.002573930 0.002896580 0.002373340 0.002297000 0.002129610 0.002021250 0.002352830 0.002354940 0.002344710 0.002598800 0.002424430 0.002740130 0.002721270 
17     0.002859240 0.002612270 0.003352640 0.003182140 0.002198900 0.002184910 0.002660540 0.002147910 0.002126770 0.002052550 0.002162670 0.002510370 0.002260190 0.002473160 0.002174750 0.002408280 0.002299280 0.002356990 0.002633530 0.002582370 0.001680500 0.002611040 0.002150120 0.002281590 0.002244340 0.002511360 0.002460890 0.002773910 0.000999110 0.001153090 0.001084010 0.001004690 0.001241130 0.000128490 0.000012240 0.000000000 0.002261910 0.002063030 0.002369430 0.002692080 0.002168840 0.002092500 0.001925110 0.002325990 0.002148330 0.002391840 0.002408640 0.002394300 0.002219930 0.002535630 0.005765920 
43     0.002757350 0.002510380 0.003250750 0.003080250 0.002097010 0.002083020 0.002558650 0.002046020 0.002024880 0.001950660 0.002060780 0.002408480 0.001986520 0.002199490 0.001901080 0.002134610 0.002025610 0.002083320 0.002359860 0.002219080 0.001442470 0.001248430 0.001847830 0.001979300 0.001942050 0.002017510 0.000349610 0.002084550 0.001364940 0.002101040 0.002042440 0.001352190 0.002020250 0.002282280 0.002372610 0.002261910 0.000000000 0.001957080 0.001957130 0.002586130 0.002062890 0.001986550 0.001819160 0.001917580 0.002038320 0.002281830 0.002298630 0.002284290 0.002109920 0.002425620 0.005420930 
45     0.002558470 0.002311500 0.003051870 0.002881370 0.001898130 0.001884140 0.002359770 0.001847140 0.001826000 0.001751780 0.001861900 0.002209600 0.001955360 0.002168330 0.001869920 0.002103450 0.001994450 0.002052160 0.002328700 0.002277540 0.001375670 0.001999840 0.001845290 0.001918090 0.001939510 0.001846080 0.002677640 0.002578950 0.001832740 0.001986720 0.001917640 0.001838320 0.002074760 0.002083400 0.002267530 0.002063030 0.001957080 0.000000000 0.000120220 0.002011350 0.001488110 0.001411770 0.000501330 0.001530730 0.001843500 0.002087010 0.002103810 0.002089470 0.001915100 0.002230800 0.005121280 
31     0.002864870 0.002617900 0.003358270 0.003187770 0.002204530 0.002190540 0.002666170 0.002153540 0.002132400 0.002058180 0.002168300 0.002516000 0.002261760 0.002474730 0.002176320 0.002409850 0.002300850 0.002358560 0.002635100 0.002583940 0.001682070 0.001666820 0.002151690 0.002283160 0.002245910 0.002340010 0.002984040 0.003072880 0.002139140 0.002293120 0.002224040 0.002144720 0.002381160 0.002389800 0.002573930 0.002369430 0.001957130 0.000120220 0.000000000 0.002317750 0.001601030 0.001477400 0.001550780 0.002024660 0.002149900 0.002393410 0.002410210 0.002395870 0.002221500 0.002537200 0.005615210 
14     0.003187520 0.002940550 0.003680920 0.003510420 0.002527180 0.002513190 0.002988820 0.002476190 0.002455050 0.002380830 0.002490950 0.002838650 0.002584410 0.002797380 0.002498970 0.002732500 0.002623500 0.002681210 0.002957750 0.002906590 0.002004720 0.002935260 0.002364850 0.002142940 0.002320200 0.002070930 0.003252350 0.002803800 0.002461790 0.002615770 0.002546690 0.002467370 0.002703810 0.002712450 0.002896580 0.002692080 0.002586130 0.002011350 0.002317750 0.000000000 0.001278840 0.001236180 0.000473700 0.001755580 0.002472550 0.002708740 0.002582670 0.002718520 0.002544150 0.002506280 0.005346130 
38     0.002664280 0.002417310 0.003157680 0.002987180 0.002003940 0.001989950 0.002465580 0.001952950 0.001931810 0.001857590 0.001967710 0.002315410 0.002061170 0.002274140 0.001975730 0.002209260 0.002100260 0.002157970 0.002434510 0.002383350 0.001481480 0.001995890 0.001951100 0.002082570 0.002045320 0.002312340 0.002783450 0.003302380 0.001938550 0.002092530 0.002023450 0.001944130 0.002180570 0.002189210 0.002373340 0.002168840 0.002062890 0.001488110 0.001601030 0.001278840 0.000000000 0.000035470 0.001127790 0.002135140 0.001949310 0.001222230 0.001212000 0.002195280 0.002020910 0.002336610 0.001494700 
24     0.002587940 0.002340970 0.003081340 0.002910840 0.001927600 0.001913610 0.002389240 0.001876610 0.001855470 0.001781250 0.001891370 0.002239070 0.001984830 0.002197800 0.001899390 0.002132920 0.002023920 0.002081630 0.002358170 0.002307010 0.001405140 0.001872260 0.001874760 0.002006230 0.001968980 0.002236000 0.002707110 0.003300810 0.001862210 0.002016190 0.001947110 0.001867790 0.002104230 0.002112870 0.002297000 0.002092500 0.001986550 0.001411770 0.001477400 0.001236180 0.000035470 0.000000000 0.001051450 0.002058800 0.001872970 0.002041900 0.002031670 0.002118940 0.001944570 0.002260270 0.002314370 
32     0.002420550 0.002173580 0.002913950 0.002743450 0.001760210 0.001746220 0.002221850 0.001709220 0.001688080 0.001613860 0.001723980 0.002071680 0.001817440 0.002030410 0.001732000 0.001965530 0.001856530 0.001914240 0.002190780 0.002139620 0.001237750 0.002168290 0.000946630 0.001644350 0.001801590 0.001572340 0.002539720 0.002305210 0.001694820 0.001848800 0.001779720 0.001700400 0.001936840 0.001945480 0.002129610 0.001925110 0.001819160 0.000501330 0.001550780 0.000473700 0.001127790 0.001051450 0.000000000 0.001256990 0.001705580 0.001949090 0.001965890 0.001951550 0.001777180 0.002007690 0.004847540 
10     0.002055320 0.002555470 0.003058120 0.003152500 0.002169260 0.002155270 0.002529100 0.002118270 0.002097130 0.002022910 0.002133030 0.002158480 0.001888750 0.002110810 0.002084730 0.001903460 0.002261520 0.002226980 0.002024100 0.001967360 0.001642740 0.001143360 0.001933370 0.000988400 0.001325980 0.000916390 0.002072250 0.001623700 0.001535010 0.001576380 0.001517780 0.001700000 0.001668890 0.002354530 0.002021250 0.002325990 0.001917580 0.001530730 0.002024660 0.001755580 0.002135140 0.002058800 0.001256990 0.000000000 0.001488530 0.001271780 0.001145710 0.001299560 0.001907210 0.001069320 0.004166030 
41     0.002643770 0.002396800 0.003137170 0.002966670 0.001983430 0.001969440 0.002445070 0.001932440 0.001911300 0.001837080 0.001947200 0.002294900 0.002036600 0.002249570 0.001951160 0.002184690 0.002075690 0.002133400 0.002409940 0.002358780 0.001456910 0.002387450 0.001926530 0.002058000 0.002020750 0.002287770 0.002762940 0.003517030 0.001918040 0.002072020 0.002002940 0.001923620 0.002160060 0.002168700 0.002352830 0.002148330 0.002038320 0.001843500 0.002149900 0.002472550 0.001949310 0.001872970 0.001705580 0.001488530 0.000000000 0.001258170 0.001274970 0.000547210 0.001103780 0.001419480 0.005550450 
47     0.002887280 0.002640310 0.003380680 0.003210180 0.002226940 0.002212950 0.002688580 0.002175950 0.002154810 0.002080590 0.002190710 0.002538410 0.002280110 0.002493080 0.002194670 0.002428200 0.002319200 0.002376910 0.002653450 0.002602290 0.001700420 0.002501800 0.002170040 0.001941560 0.002264260 0.001869550 0.003006450 0.002576860 0.002161550 0.002315530 0.002246450 0.002167130 0.002403570 0.002412210 0.002354940 0.002391840 0.002281830 0.002087010 0.002393410 0.002708740 0.001222230 0.002041900 0.001949090 0.001271780 0.001258170 0.000000000 0.000010350 0.000606580 0.001347290 0.000207670 0.000437830 
48     0.002904080 0.002657110 0.003397480 0.003226980 0.002243740 0.002229750 0.002705380 0.002192750 0.002171610 0.002097390 0.002207510 0.002555210 0.002296910 0.002509880 0.002211470 0.002445000 0.002336000 0.002393710 0.002670250 0.002619090 0.001717220 0.002491570 0.002186840 0.001815490 0.002153070 0.001743480 0.002899340 0.002450790 0.002178350 0.002332330 0.002263250 0.002183930 0.002420370 0.002429010 0.002344710 0.002408640 0.002298630 0.002103810 0.002410210 0.002582670 0.001212000 0.002031670 0.001965890 0.001145710 0.001274970 0.000010350 0.000000000 0.001334530 0.001364090 0.000612210 0.000427600 
26     0.002889740 0.002642770 0.003383140 0.003212640 0.002229400 0.002215410 0.002691040 0.002178410 0.002157270 0.002083050 0.002193170 0.002540870 0.002282570 0.002495540 0.002197130 0.002430660 0.002321660 0.002379370 0.002655910 0.002604750 0.001702880 0.002050670 0.002172500 0.001969340 0.002266720 0.001897330 0.003008910 0.002604640 0.002164010 0.001968660 0.002248910 0.002169590 0.002406030 0.002414670 0.002598800 0.002394300 0.002284290 0.002089470 0.002395870 0.002718520 0.002195280 0.002118940 0.001951550 0.001299560 0.000547210 0.000606580 0.001334530 0.000000000 0.000008520 0.000465990 0.005146970 
29     0.002715370 0.002468400 0.003208770 0.003038270 0.002055030 0.002041040 0.002516670 0.002004040 0.001982900 0.001908680 0.002018800 0.002366500 0.002108200 0.002321170 0.002022760 0.002256290 0.002147290 0.002205000 0.002481540 0.002430380 0.001528510 0.002459050 0.001998130 0.002129600 0.002092350 0.002359370 0.002834540 0.003343740 0.001989640 0.002143620 0.002074540 0.001995220 0.002231660 0.002240300 0.002424430 0.002219930 0.002109920 0.001915100 0.002221500 0.002544150 0.002020910 0.001944570 0.001777180 0.001907210 0.001103780 0.001347290 0.001364090 0.000008520 0.000000000 0.000508230 0.005622050 
12     0.003031070 0.002784100 0.003524470 0.003353970 0.002370730 0.002356740 0.002832370 0.002319740 0.002247680 0.002224380 0.002334500 0.002682200 0.002423900 0.002636870 0.002338460 0.002571990 0.002462990 0.002520700 0.002774800 0.002718060 0.001844210 0.002774750 0.002313830 0.001739100 0.002076680 0.001667090 0.002822950 0.002374400 0.002285710 0.002311990 0.002268480 0.002310920 0.002419590 0.002556000 0.002740130 0.002535630 0.002425620 0.002230800 0.002537200 0.002506280 0.002336610 0.002260270 0.002007690 0.001069320 0.001419480 0.000207670 0.000612210 0.000465990 0.000508230 0.000000000 0.004664850 
0     0.005895120 0.005486800 0.005989450 0.006218020 0.005234780 0.005220790 0.005696420 0.005394630 0.005373490 0.005299270 0.005409390 0.005509110 0.005479300 0.005701360 0.005576870 0.005494010 0.005701400 0.005616290 0.005614650 0.005557910 0.005082620 0.002868130 0.002940040 0.004578950 0.004916530 0.004506940 0.005575600 0.005127050 0.005038360 0.003326210 0.005021130 0.005203350 0.002987590 0.005786290 0.002721270 0.005765920 0.005420930 0.005121280 0.005615210 0.005346130 0.001494700 0.002314370 0.004847540 0.004166030 0.005550450 0.000437830 0.000427600 0.005146970 0.005622050 0.004664850 0.000000000 
