51
13     0.000000000 0.000571800 0.009302230 0.013289500 0.015775460 0.022063290 0.041529480 0.034689520 0.042526730 0.042853750 0.043748240 0.028816510 0.029959250 0.029490400 0.030614090 0.029876950 0.029507240 0.032569670 0.035514920 0.045950490 0.046827480 0.056553310 0.060760570 0.050641110 0.052818700 0.012858300 0.059631700 0.020959770 0.029289600 0.040167990 0.036113190 0.047038950 0.027233590 0.023947410 0.044877350 0.052162540 0.022410630 0.025525090 0.045265410 0.042131060 0.026630190 0.049893880 0.053389680 0.043574880 0.054530710 0.058807310 0.055295000 0.052519250 0.061555080 0.047984010 0.047174560 
18     0.000571800 0.000000000 0.005887010 0.009781530 0.007731450 0.014465510 0.039977240 0.033137280 0.048371200 0.032630340 0.041429720 0.034488830 0.026297090 0.027489570 0.029061850 0.026580070 0.025659510 0.030381790 0.032025610 0.043604530 0.041700740 0.002835490 0.039823360 0.047684530 0.045696160 0.020189260 0.044045250 0.018613810 0.026943640 0.037822030 0.036167410 0.045486710 0.024887630 0.032797140 0.040586190 0.037336940 0.020064670 0.023179130 0.045319630 0.039785100 0.024284230 0.046916910 0.049246450 0.042022640 0.050591830 0.046971130 0.047164620 0.047916870 0.050585600 0.048038230 0.040380950 
15     0.009302230 0.005887010 0.000000000 0.017395870 0.016381490 0.003475780 0.020003790 0.026054430 0.040419040 0.017125060 0.033917590 0.035054270 0.021324160 0.020855310 0.021979000 0.021241860 0.020872150 0.023934580 0.007891970 0.045180080 0.038192390 0.048521300 0.052125480 0.040648610 0.046856650 0.026845890 0.057850840 0.013762620 0.031355470 0.015321310 0.028713920 0.034355420 0.026352120 0.046487760 0.046613120 0.018840440 0.034279320 0.020184170 0.048849190 0.041521600 0.044459750 0.042028720 0.044754590 0.022560490 0.045895620 0.050172220 0.046659910 0.015334830 0.034729560 0.025915880 0.050954070 
2     0.013289500 0.009781530 0.017395870 0.000000000 0.000197690 0.002618330 0.037944010 0.047981740 0.045157920 0.041450910 0.038216440 0.034854160 0.023083810 0.024276290 0.026190240 0.023366790 0.022446230 0.027168510 0.028812330 0.041851510 0.038487460 0.042771630 0.043699690 0.044471250 0.042482880 0.027299240 0.040831970 0.016860790 0.025190620 0.036069010 0.033285020 0.043810620 0.023134610 0.031044120 0.037762060 0.034123660 0.018311650 0.021426110 0.043107930 0.038032080 0.022531210 0.043703630 0.046033170 0.050217910 0.047378550 0.043757850 0.043951340 0.044703590 0.047372320 0.059737660 0.058034540 
6     0.015775460 0.007731450 0.016381490 0.000197690 0.000000000 0.002647670 0.032736650 0.042774380 0.039950560 0.036243550 0.033009080 0.029646800 0.017876450 0.019068930 0.020982880 0.018159430 0.017238870 0.021961150 0.023604970 0.042191770 0.033280100 0.037564270 0.038492330 0.039263890 0.037275520 0.022091880 0.035624610 0.019346750 0.027676580 0.031233110 0.028077660 0.044133450 0.025620570 0.033530080 0.032554700 0.028916300 0.020797610 0.023912070 0.037900570 0.040518040 0.025017170 0.038232740 0.040825810 0.041566600 0.042171190 0.038550490 0.038743980 0.039496230 0.042164960 0.054530300 0.058065030 
14     0.022063290 0.014465510 0.003475780 0.002618330 0.002647670 0.000000000 0.035028140 0.045065870 0.042242050 0.038535040 0.035300570 0.031938290 0.020167940 0.021360420 0.023274370 0.014899590 0.019530360 0.024252640 0.025896460 0.044483260 0.035571590 0.039855760 0.040783820 0.041555380 0.039567010 0.024383370 0.037916100 0.026999340 0.035329170 0.033524600 0.030369150 0.046424940 0.033273160 0.041182670 0.034846190 0.031207790 0.028450200 0.031564660 0.040192060 0.048170630 0.032669760 0.040787760 0.043117300 0.047302040 0.044462680 0.040841980 0.041035470 0.041787720 0.044456450 0.056821790 0.038926820 
5     0.041529480 0.039977240 0.020003790 0.037944010 0.032736650 0.035028140 0.000000000 0.005653020 0.004998690 0.000576290 0.010590870 0.010775480 0.011076060 0.023166960 0.024290650 0.023553510 0.022660240 0.008467060 0.032008880 0.046987030 0.041684010 0.044803380 0.045020050 0.047667800 0.040088380 0.030495790 0.044028520 0.028613030 0.041539810 0.030171720 0.036481570 0.044226490 0.041202530 0.037364300 0.040958610 0.033690850 0.039290660 0.035034580 0.045050890 0.049785650 0.047675950 0.044900280 0.044557710 0.010053530 0.041674330 0.046954400 0.047147890 0.030185240 0.050568870 0.040766290 0.068744220 
4     0.034689520 0.033137280 0.026054430 0.047981740 0.042774380 0.045065870 0.005653020 0.000000000 0.000258370 0.011434760 0.017207650 0.014215870 0.017329190 0.016860340 0.017984030 0.017246890 0.016877180 0.019939610 0.041848420 0.050028820 0.039616480 0.047845170 0.048061840 0.056133740 0.043130170 0.040190130 0.051541100 0.049743570 0.051577540 0.034231180 0.043679170 0.039112030 0.038720930 0.045412720 0.038925460 0.047357940 0.044918490 0.045714560 0.036948170 0.042945690 0.045883840 0.043452810 0.046178680 0.036363880 0.047319710 0.051596310 0.048084000 0.052401710 0.060606600 0.066012330 0.081377170 
3     0.042526730 0.048371200 0.040419040 0.045157920 0.039950560 0.042242050 0.004998690 0.000258370 0.000000000 0.003243880 0.008778650 0.005378490 0.008234830 0.008618580 0.008828460 0.007350290 0.007979510 0.032084060 0.039222790 0.050068050 0.048897920 0.047884400 0.048101070 0.054881710 0.043169400 0.037709700 0.046254950 0.044826550 0.048753720 0.041532310 0.043695480 0.029993450 0.044762420 0.023131260 0.048172520 0.030543000 0.032590230 0.045753790 0.045542370 0.041834270 0.055689870 0.036202550 0.040432210 0.024300090 0.027441290 0.054168310 0.054361800 0.050600490 0.057782780 0.061181540 0.067711350 
10     0.042853750 0.032630340 0.017125060 0.041450910 0.036243550 0.038535040 0.000576290 0.011434760 0.003243880 0.000000000 0.003279680 0.004573870 0.026804720 0.026544830 0.027668520 0.026931380 0.026167140 0.029624100 0.035515780 0.054102580 0.045190910 0.049475080 0.050403140 0.051174700 0.049186330 0.034002690 0.047535420 0.025734300 0.043327150 0.027292990 0.039988470 0.046327100 0.038323800 0.053970840 0.044465510 0.024010240 0.042797560 0.032155850 0.039009610 0.053163520 0.048059160 0.045283490 0.044940920 0.028978240 0.054082000 0.050461300 0.050654790 0.027306510 0.054075770 0.037887560 0.071567860 
7     0.043748240 0.041429720 0.033917590 0.038216440 0.033009080 0.035300570 0.010590870 0.017207650 0.008778650 0.003279680 0.000000000 0.002589020 0.023570250 0.024762730 0.026676680 0.023853230 0.022932670 0.027654950 0.032281310 0.050868110 0.041956440 0.046240610 0.047168670 0.047940230 0.045951860 0.030768220 0.044300950 0.039978270 0.041812240 0.039909450 0.036754000 0.050165390 0.047964140 0.050736370 0.041231040 0.037592640 0.039563090 0.046238910 0.046576910 0.053283130 0.050109770 0.047172610 0.049502150 0.046701320 0.050847530 0.047226830 0.047420320 0.044099040 0.050841300 0.054680090 0.068932860 
16     0.028816510 0.034488830 0.035054270 0.034854160 0.029646800 0.031938290 0.010775480 0.014215870 0.005378490 0.004573870 0.002589020 0.000000000 0.020207970 0.021400450 0.023314400 0.020490950 0.019570390 0.024292670 0.028919030 0.047505830 0.038594160 0.042878330 0.043806390 0.044577950 0.042589580 0.027405940 0.040938670 0.036615990 0.038449960 0.036547170 0.033391720 0.048827790 0.044601860 0.047374090 0.037868760 0.028477190 0.036200810 0.042876630 0.043214630 0.051945530 0.049530400 0.043810330 0.046139870 0.041363010 0.047485250 0.043864550 0.044058040 0.044810290 0.047479020 0.059454900 0.066454570 
12     0.029959250 0.026297090 0.021324160 0.023083810 0.017876450 0.020167940 0.011076060 0.017329190 0.008234830 0.026804720 0.023570250 0.020207970 0.000000000 0.001758760 0.001715530 0.000510570 0.000454130 0.002703910 0.017148680 0.035735480 0.026823810 0.031107980 0.032036040 0.032807600 0.030819230 0.015635590 0.029168320 0.024845640 0.026679610 0.024776820 0.021621370 0.034748870 0.032831510 0.035603740 0.018196310 0.022460010 0.024430460 0.031106280 0.031444280 0.038215420 0.037760050 0.032039980 0.034369520 0.031633610 0.035714900 0.032094200 0.032287690 0.033039940 0.035708670 0.048074010 0.056337710 
9     0.029490400 0.027489570 0.020855310 0.024276290 0.019068930 0.021360420 0.023166960 0.016860340 0.008618580 0.026544830 0.024762730 0.021400450 0.001758760 0.000000000 0.001026130 0.000679910 0.001305190 0.002381800 0.018341160 0.036927960 0.028016290 0.032300460 0.033228520 0.034000080 0.032011710 0.016828070 0.030360800 0.026038120 0.027872090 0.025969300 0.022813850 0.034628830 0.034023990 0.036796220 0.014341920 0.021627110 0.024777210 0.029433620 0.032636760 0.037746570 0.038952530 0.033232460 0.035562000 0.031164760 0.036907380 0.033286680 0.033480170 0.034232420 0.036901150 0.049266490 0.058997020 
11     0.030614090 0.029061850 0.021979000 0.026190240 0.020982880 0.023274370 0.024290650 0.017984030 0.008828460 0.027668520 0.026676680 0.023314400 0.001715530 0.001026130 0.000000000 0.001475990 0.001097410 0.006614520 0.020255110 0.038841910 0.001638790 0.034214410 0.035142470 0.025609760 0.033925660 0.018742020 0.032274750 0.027952070 0.029786040 0.027883250 0.024727800 0.035752520 0.035937940 0.038710170 0.027287470 0.025566440 0.027536890 0.034212710 0.034550710 0.038870260 0.040866480 0.035146410 0.037475950 0.032288450 0.038821330 0.035200630 0.035394120 0.036146370 0.038815100 0.051180440 0.060398320 
17     0.029876950 0.026580070 0.021241860 0.023366790 0.018159430 0.014899590 0.023553510 0.017246890 0.007350290 0.026931380 0.023853230 0.020490950 0.000510570 0.000679910 0.001475990 0.000000000 0.000024050 0.005525100 0.017431660 0.036018460 0.027106790 0.031390960 0.032319020 0.033090580 0.031102210 0.015918570 0.029451300 0.025128620 0.026962590 0.025059800 0.021904350 0.025461260 0.033114490 0.035886720 0.014104530 0.021389720 0.024539820 0.002873480 0.031727260 0.038133120 0.038043030 0.032322960 0.034652500 0.031551310 0.035997880 0.032377180 0.032570670 0.014932980 0.035991650 0.048356990 0.055793540 
1     0.029507240 0.025659510 0.020872150 0.022446230 0.017238870 0.019530360 0.022660240 0.016877180 0.007979510 0.026167140 0.022932670 0.019570390 0.000454130 0.001305190 0.001097410 0.000024050 0.000000000 0.000840550 0.016511100 0.035097900 0.026186230 0.030470400 0.031398460 0.032170020 0.030181650 0.014998010 0.028530740 0.024208060 0.026042030 0.024139240 0.020983790 0.034645670 0.032193930 0.034966160 0.014491990 0.021777180 0.023792880 0.029583690 0.030806700 0.037763410 0.037122470 0.031402400 0.033731940 0.031181600 0.035077320 0.031456620 0.031650110 0.016329240 0.035071090 0.047436430 0.060031070 
8     0.032569670 0.030381790 0.023934580 0.027168510 0.021961150 0.024252640 0.008467060 0.019939610 0.032084060 0.029624100 0.027654950 0.024292670 0.002703910 0.002381800 0.006614520 0.005525100 0.000840550 0.000000000 0.021233380 0.039820180 0.030908510 0.035192680 0.036120740 0.035671280 0.034903930 0.019720290 0.033253020 0.028930340 0.030764310 0.028861520 0.025706070 0.025749280 0.029085700 0.039688440 0.020775760 0.026544710 0.028515160 0.035190980 0.035528980 0.040825840 0.041844750 0.036124680 0.016583290 0.034244030 0.039799600 0.036178900 0.036372390 0.037124640 0.039793370 0.052158710 0.059424100 
43     0.035514920 0.032025610 0.007891970 0.028812330 0.023604970 0.025896460 0.032008880 0.041848420 0.039222790 0.035515780 0.032281310 0.028919030 0.017148680 0.018341160 0.020255110 0.017431660 0.016511100 0.021233380 0.000000000 0.018833470 0.019739490 0.016867930 0.018586440 0.016544930 0.010969380 0.005743370 0.020050860 0.015728180 0.017562150 0.011836840 0.015147530 0.025351390 0.017788670 0.018894290 0.017082320 0.015661690 0.013415880 0.018362010 0.002253280 0.035678890 0.033514050 0.030495140 0.025003650 0.029491840 0.031853340 0.030549360 0.030742850 0.031495100 0.034163830 0.042589040 0.023315360 
39     0.045950490 0.043604530 0.045180080 0.041851510 0.042191770 0.044483260 0.046987030 0.050028820 0.050068050 0.054102580 0.050868110 0.047505830 0.035735480 0.036927960 0.038841910 0.036018460 0.035097900 0.039820180 0.018833470 0.000000000 0.014952370 0.017705390 0.018930470 0.001262730 0.000635700 0.013713250 0.026614120 0.026521580 0.032436730 0.021356290 0.016465010 0.035980240 0.024193820 0.025299440 0.036575130 0.002188430 0.034315340 0.031523420 0.020849270 0.013738620 0.014323510 0.040858870 0.034780770 0.041584180 0.041630460 0.049136160 0.042083570 0.039090510 0.051379050 0.049671560 0.033092480 
41     0.046827480 0.041700740 0.038192390 0.038487460 0.033280100 0.035571590 0.041684010 0.039616480 0.048897920 0.045190910 0.041956440 0.038594160 0.026823810 0.028016290 0.001638790 0.027106790 0.026186230 0.030908510 0.019739490 0.014952370 0.000000000 0.000936500 0.011559160 0.009184800 0.015836590 0.013435860 0.023678400 0.027436450 0.029270420 0.019696630 0.024822660 0.003314740 0.013820710 0.016904590 0.018891670 0.025336820 0.019546200 0.030480840 0.024376750 0.023659350 0.036385100 0.034348830 0.031845050 0.027259900 0.038215730 0.040224490 0.038980020 0.041170230 0.043838960 0.054628060 0.030156760 
49     0.056553310 0.002835490 0.048521300 0.042771630 0.037564270 0.039855760 0.044803380 0.047845170 0.047884400 0.049475080 0.046240610 0.042878330 0.031107980 0.032300460 0.034214410 0.031390960 0.030470400 0.035192680 0.016867930 0.017705390 0.000936500 0.000000000 0.000280320 0.009353820 0.013455420 0.015647600 0.028028580 0.031720620 0.032745230 0.023290640 0.029106830 0.033622730 0.036436500 0.040048570 0.033259390 0.029620990 0.031591440 0.030312210 0.032690330 0.042785960 0.036474990 0.041805480 0.036195230 0.028120420 0.043044920 0.044508660 0.043498030 0.045454400 0.048123130 0.058978240 0.034506940 
33     0.060760570 0.039823360 0.052125480 0.043699690 0.038492330 0.040783820 0.045020050 0.048061840 0.048101070 0.050403140 0.047168670 0.043806390 0.032036040 0.033228520 0.035142470 0.032319020 0.031398460 0.036120740 0.018586440 0.018930470 0.011559160 0.000280320 0.000000000 0.008960630 0.014941060 0.020661530 0.029085900 0.031382140 0.032352040 0.024266960 0.030034890 0.033839400 0.036653170 0.040265240 0.034187450 0.030549050 0.032519500 0.030528880 0.032859950 0.043002630 0.042915320 0.042022150 0.037252550 0.027727230 0.044102240 0.045436720 0.044555350 0.046382460 0.049051190 0.060035560 0.035564260 
23     0.050641110 0.047684530 0.040648610 0.044471250 0.039263890 0.041555380 0.047667800 0.056133740 0.054881710 0.051174700 0.047940230 0.044577950 0.032807600 0.034000080 0.025609760 0.033090580 0.032170020 0.035671280 0.016544930 0.001262730 0.009184800 0.009353820 0.008960630 0.000000000 0.000627250 0.008870130 0.018062010 0.024129210 0.023884620 0.014080240 0.017646240 0.025826600 0.031317390 0.032423010 0.034959010 0.031320610 0.027026250 0.027665020 0.027972840 0.014919850 0.015504740 0.032306760 0.026228660 0.022788040 0.033078350 0.040929120 0.033531460 0.034559040 0.049822750 0.045140090 0.024540370 
21     0.052818700 0.045696160 0.046856650 0.042482880 0.037275520 0.039567010 0.040088380 0.043130170 0.043169400 0.049186330 0.045951860 0.042589580 0.030819230 0.032011710 0.033925660 0.031102210 0.030181650 0.034903930 0.010969380 0.000635700 0.015836590 0.013455420 0.014941060 0.000627250 0.000000000 0.010236620 0.029548320 0.031431870 0.031622790 0.017879660 0.003998370 0.028907730 0.031721500 0.035333570 0.032970640 0.029332240 0.028389130 0.025597210 0.023686960 0.014292820 0.014877710 0.037090480 0.035481220 0.038016690 0.042857180 0.044219910 0.042991670 0.040767080 0.047834380 0.051348130 0.036026680 
19     0.012858300 0.020189260 0.026845890 0.027299240 0.022091880 0.024383370 0.030495790 0.040190130 0.037709700 0.034002690 0.030768220 0.027405940 0.015635590 0.016828070 0.018742020 0.015918570 0.014998010 0.019720290 0.005743370 0.013713250 0.013435860 0.015647600 0.020661530 0.008870130 0.010236620 0.000000000 0.018537770 0.014215090 0.016049060 0.009398060 0.013634440 0.014175460 0.024681430 0.027222410 0.017787000 0.014148600 0.016119050 0.022794870 0.018819290 0.027667400 0.017560030 0.028982050 0.031311590 0.035496330 0.032656970 0.029036270 0.029229760 0.029982010 0.032650740 0.045016080 0.061187500 
29     0.059631700 0.044045250 0.057850840 0.040831970 0.035624610 0.037916100 0.044028520 0.051541100 0.046254950 0.047535420 0.044300950 0.040938670 0.029168320 0.030360800 0.032274750 0.029451300 0.028530740 0.033253020 0.020050860 0.026614120 0.023678400 0.028028580 0.029085900 0.018062010 0.029548320 0.018537770 0.000000000 0.001300460 0.001759120 0.007778630 0.027167170 0.034516590 0.036620810 0.040593300 0.031319730 0.027681330 0.029651780 0.031335430 0.041178890 0.040879840 0.040166530 0.035977170 0.029899070 0.007094180 0.023928610 0.026730470 0.025956690 0.037468990 0.038030650 0.052682080 0.028210780 
37     0.020959770 0.018613810 0.013762620 0.016860790 0.019346750 0.026999340 0.028613030 0.049743570 0.044826550 0.025734300 0.039978270 0.036615990 0.024845640 0.026038120 0.027952070 0.025128620 0.024208060 0.028930340 0.015728180 0.026521580 0.027436450 0.031720620 0.031382140 0.024129210 0.031431870 0.014215090 0.001300460 0.000000000 0.002286490 0.006639890 0.022844490 0.033690040 0.018319040 0.026228550 0.026997050 0.011146660 0.013496080 0.012490390 0.037596400 0.034459770 0.018958900 0.038192100 0.035966270 0.008624850 0.025459280 0.028261140 0.027487360 0.007673050 0.039561320 0.018254100 0.034277980 
42     0.029289600 0.026943640 0.031355470 0.025190620 0.027676580 0.035329170 0.041539810 0.051577540 0.048753720 0.043327150 0.041812240 0.038449960 0.026679610 0.027872090 0.029786040 0.026962590 0.026042030 0.030764310 0.017562150 0.032436730 0.029270420 0.032745230 0.032352040 0.023884620 0.031622790 0.016049060 0.001759120 0.002286490 0.000000000 0.006581750 0.024678460 0.040339200 0.026648870 0.034558380 0.028831020 0.025192620 0.021825910 0.024940370 0.035399470 0.042789600 0.027288730 0.040026070 0.035721680 0.009594750 0.026429180 0.029231040 0.028457260 0.025265900 0.040531220 0.035846950 0.028252600 
32     0.040167990 0.037822030 0.015321310 0.036069010 0.031233110 0.033524600 0.030171720 0.034231180 0.041532310 0.027292990 0.039909450 0.036547170 0.024776820 0.025969300 0.027883250 0.025059800 0.024139240 0.028861520 0.011836840 0.021356290 0.019696630 0.023290640 0.024266960 0.014080240 0.017879660 0.009398060 0.007778630 0.006639890 0.006581750 0.000000000 0.022775670 0.027270640 0.014432840 0.029039380 0.022902660 0.012705350 0.015319220 0.014049080 0.010778120 0.015543960 0.036184760 0.031995400 0.025917300 0.023453800 0.032766990 0.030370760 0.033220100 0.009231740 0.041791970 0.019812790 0.024229010 
26     0.036113190 0.036167410 0.028713920 0.033285020 0.028077660 0.030369150 0.036481570 0.043679170 0.043695480 0.039988470 0.036754000 0.033391720 0.021621370 0.022813850 0.024727800 0.021904350 0.020983790 0.025706070 0.015147530 0.016465010 0.024822660 0.029106830 0.030034890 0.017646240 0.003998370 0.013634440 0.027167170 0.022844490 0.024678460 0.022775670 0.000000000 0.001607970 0.026869730 0.021701650 0.021926860 0.020458860 0.022429310 0.029105130 0.007793360 0.012727590 0.013312480 0.034967830 0.033358820 0.032268340 0.038642750 0.035022050 0.035215540 0.029620750 0.038636520 0.040201800 0.031670530 
28     0.047038950 0.045486710 0.034355420 0.043810620 0.044133450 0.046424940 0.044226490 0.039112030 0.029993450 0.046327100 0.050165390 0.048827790 0.034748870 0.034628830 0.035752520 0.025461260 0.034645670 0.025749280 0.025351390 0.035980240 0.003314740 0.033622730 0.033839400 0.025826600 0.028907730 0.014175460 0.034516590 0.033690040 0.040339200 0.027270640 0.001607970 0.000000000 0.011152790 0.014236670 0.016223750 0.034731150 0.016878280 0.027812920 0.025594470 0.033658420 0.036596570 0.034560300 0.037286170 0.027471370 0.035053700 0.025016670 0.039191490 0.035262250 0.050942740 0.045843300 0.036248850 
47     0.027233590 0.024887630 0.026352120 0.023134610 0.025620570 0.033273160 0.041202530 0.038720930 0.044762420 0.038323800 0.047964140 0.044601860 0.032831510 0.034023990 0.035937940 0.033114490 0.032193930 0.029085700 0.017788670 0.024193820 0.013820710 0.036436500 0.036653170 0.031317390 0.031721500 0.024681430 0.036620810 0.018319040 0.026648870 0.014432840 0.026869730 0.011152790 0.000000000 0.002833060 0.017839300 0.018397340 0.019054900 0.019741070 0.016718530 0.040689010 0.025232720 0.039586700 0.037977440 0.034484610 0.045353400 0.046232190 0.045487890 0.014470650 0.049846660 0.030843600 0.038353070 
48     0.023947410 0.032797140 0.046487760 0.031044120 0.033530080 0.041182670 0.037364300 0.045412720 0.023131260 0.053970840 0.050736370 0.047374090 0.035603740 0.036796220 0.038710170 0.035886720 0.034966160 0.039688440 0.018894290 0.025299440 0.016904590 0.040048570 0.040265240 0.032423010 0.035333570 0.027222410 0.040593300 0.026228550 0.034558380 0.029039380 0.021701650 0.014236670 0.002833060 0.000000000 0.019520980 0.034441230 0.021660480 0.030078870 0.017824150 0.041742320 0.033142230 0.036952770 0.041182430 0.024238200 0.028191510 0.049004420 0.047275390 0.048143920 0.052618890 0.048825930 0.042325560 
44     0.044877350 0.040586190 0.046613120 0.037762060 0.032554700 0.034846190 0.040958610 0.038925460 0.048172520 0.044465510 0.041231040 0.037868760 0.018196310 0.014341920 0.027287470 0.014104530 0.014491990 0.020775760 0.017082320 0.036575130 0.018891670 0.033259390 0.034187450 0.034959010 0.032970640 0.017787000 0.031319730 0.026997050 0.028831020 0.022902660 0.021926860 0.016223750 0.017839300 0.019520980 0.000000000 0.014303880 0.010437310 0.014135490 0.022214020 0.032782670 0.028543540 0.039444870 0.041774410 0.041525610 0.043119790 0.023802650 0.039692580 0.040444830 0.043113560 0.055478900 0.044667780 
36     0.052162540 0.037336940 0.018840440 0.034123660 0.028916300 0.031207790 0.033690850 0.047357940 0.030543000 0.024010240 0.037592640 0.028477190 0.022460010 0.021627110 0.025566440 0.021389720 0.021777180 0.026544710 0.015661690 0.002188430 0.025336820 0.029620990 0.030549050 0.031320610 0.029332240 0.014148600 0.027681330 0.011146660 0.025192620 0.012705350 0.020458860 0.034731150 0.018397340 0.034441230 0.014303880 0.000000000 0.008952910 0.004892870 0.011592480 0.045105650 0.041526540 0.035806470 0.038136010 0.026972930 0.039481390 0.035860690 0.036054180 0.012750870 0.039475160 0.023331920 0.048594090 
27     0.022410630 0.020064670 0.034279320 0.018311650 0.020797610 0.028450200 0.039290660 0.044918490 0.032590230 0.042797560 0.039563090 0.036200810 0.024430460 0.024777210 0.027536890 0.024539820 0.023792880 0.028515160 0.013415880 0.034315340 0.019546200 0.031591440 0.032519500 0.027026250 0.028389130 0.016119050 0.029651780 0.013496080 0.021825910 0.015319220 0.022429310 0.016878280 0.019054900 0.021660480 0.010437310 0.008952910 0.000000000 0.001491480 0.010935690 0.035910630 0.020409760 0.037776920 0.034117210 0.017469140 0.037650480 0.037831140 0.038024630 0.028189750 0.041445610 0.038770800 0.032428920 
30     0.025525090 0.023179130 0.020184170 0.021426110 0.023912070 0.031564660 0.035034580 0.045714560 0.045753790 0.032155850 0.046238910 0.042876630 0.031106280 0.029433620 0.034212710 0.002873480 0.029583690 0.035190980 0.018362010 0.031523420 0.030480840 0.030312210 0.030528880 0.027665020 0.025597210 0.022794870 0.031335430 0.012490390 0.024940370 0.014049080 0.029105130 0.027812920 0.019741070 0.030078870 0.014135490 0.004892870 0.001491480 0.000000000 0.020659500 0.039025090 0.023524220 0.039674870 0.034755980 0.028316660 0.041605670 0.044506960 0.042058780 0.014094600 0.045972410 0.024675650 0.033067690 
22     0.045265410 0.045319630 0.048849190 0.043107930 0.037900570 0.040192060 0.045050890 0.036948170 0.045542370 0.039009610 0.046576910 0.043214630 0.031444280 0.032636760 0.034550710 0.031727260 0.030806700 0.035528980 0.002253280 0.020849270 0.024376750 0.032690330 0.032859950 0.027972840 0.023686960 0.018819290 0.041178890 0.037596400 0.035399470 0.010778120 0.007793360 0.025594470 0.016718530 0.017824150 0.022214020 0.011592480 0.010935690 0.020659500 0.000000000 0.042402820 0.039259770 0.042052990 0.040443730 0.013895290 0.046897600 0.043276900 0.043470390 0.037801010 0.043509930 0.055910700 0.047777150 
20     0.042131060 0.039785100 0.041521600 0.038032080 0.040518040 0.048170630 0.049785650 0.042945690 0.041834270 0.053163520 0.053283130 0.051945530 0.038215420 0.037746570 0.038870260 0.038133120 0.037763410 0.040825840 0.035678890 0.013738620 0.023659350 0.042785960 0.043002630 0.014919850 0.014292820 0.027667400 0.040879840 0.034459770 0.042789600 0.015543960 0.012727590 0.033658420 0.040689010 0.041742320 0.032782670 0.045105650 0.035910630 0.039025090 0.042402820 0.000000000 0.000779290 0.037678040 0.040063370 0.030589110 0.041544940 0.040778810 0.042309230 0.045056290 0.043267190 0.062846380 0.039526560 
25     0.026630190 0.024284230 0.044459750 0.022531210 0.025017170 0.032669760 0.047675950 0.045883840 0.055689870 0.048059160 0.050109770 0.049530400 0.037760050 0.038952530 0.040866480 0.038043030 0.037122470 0.041844750 0.033514050 0.014323510 0.036385100 0.036474990 0.042915320 0.015504740 0.014877710 0.017560030 0.040166530 0.018958900 0.027288730 0.036184760 0.013312480 0.036596570 0.025232720 0.033142230 0.028543540 0.041526540 0.020409760 0.023524220 0.039259770 0.000779290 0.000000000 0.040616190 0.039350060 0.033527260 0.044483090 0.041363700 0.045247380 0.045641180 0.043852080 0.062133070 0.038813250 
35     0.049893880 0.046916910 0.042028720 0.043703630 0.038232740 0.040787760 0.044900280 0.043452810 0.036202550 0.045283490 0.047172610 0.043810330 0.032039980 0.033232460 0.035146410 0.032322960 0.031402400 0.036124680 0.030495140 0.040858870 0.034348830 0.041805480 0.042022150 0.032306760 0.037090480 0.028982050 0.035977170 0.038192100 0.040026070 0.031995400 0.034967830 0.034560300 0.039586700 0.036952770 0.039444870 0.035806470 0.037776920 0.039674870 0.042052990 0.037678040 0.040616190 0.000000000 0.001413410 0.002123750 0.014951460 0.009325760 0.002321280 0.021830420 0.029669090 0.010437470 0.034623890 
34     0.053389680 0.049246450 0.044754590 0.046033170 0.040825810 0.043117300 0.044557710 0.046178680 0.040432210 0.044940920 0.049502150 0.046139870 0.034369520 0.035562000 0.037475950 0.034652500 0.033731940 0.016583290 0.025003650 0.034780770 0.031845050 0.036195230 0.037252550 0.026228660 0.035481220 0.031311590 0.029899070 0.035966270 0.035721680 0.025917300 0.033358820 0.037286170 0.037977440 0.041182430 0.041774410 0.038136010 0.034117210 0.034755980 0.040443730 0.040063370 0.039350060 0.001413410 0.000000000 0.008130110 0.014514730 0.019211610 0.012207130 0.025100330 0.031914930 0.020323320 0.028545790 
50     0.043574880 0.042022640 0.022560490 0.050217910 0.041566600 0.047302040 0.010053530 0.036363880 0.024300090 0.028978240 0.046701320 0.041363010 0.031633610 0.031164760 0.032288450 0.031551310 0.031181600 0.034244030 0.029491840 0.041584180 0.027259900 0.028120420 0.027727230 0.022788040 0.038016690 0.035496330 0.007094180 0.008624850 0.009594750 0.023453800 0.032268340 0.027471370 0.034484610 0.024238200 0.041525610 0.026972930 0.017469140 0.028316660 0.013895290 0.030589110 0.033527260 0.002123750 0.008130110 0.000000000 0.011839220 0.007235170 0.000230690 0.023248230 0.032517710 0.012099220 0.032499130 
38     0.054530710 0.050591830 0.045895620 0.047378550 0.042171190 0.044462680 0.041674330 0.047319710 0.027441290 0.054082000 0.050847530 0.047485250 0.035714900 0.036907380 0.038821330 0.035997880 0.035077320 0.039799600 0.031853340 0.041630460 0.038215730 0.043044920 0.044102240 0.033078350 0.042857180 0.032656970 0.023928610 0.025459280 0.026429180 0.032766990 0.038642750 0.035053700 0.045353400 0.028191510 0.043119790 0.039481390 0.037650480 0.041605670 0.046897600 0.041544940 0.044483090 0.014951460 0.014514730 0.011839220 0.000000000 0.000104560 0.001139440 0.020889900 0.028315220 0.038666700 0.035395480 
45     0.058807310 0.046971130 0.050172220 0.043757850 0.038550490 0.040841980 0.046954400 0.051596310 0.054168310 0.050461300 0.047226830 0.043864550 0.032094200 0.033286680 0.035200630 0.032377180 0.031456620 0.036178900 0.030549360 0.049136160 0.040224490 0.044508660 0.045436720 0.040929120 0.044219910 0.029036270 0.026730470 0.028261140 0.029231040 0.030370760 0.035022050 0.025016670 0.046232190 0.049004420 0.023802650 0.035860690 0.037831140 0.044506960 0.043276900 0.040778810 0.041363700 0.009325760 0.019211610 0.007235170 0.000104560 0.000000000 0.001133720 0.023384290 0.030809610 0.019301230 0.043246250 
24     0.055295000 0.047164620 0.046659910 0.043951340 0.038743980 0.041035470 0.047147890 0.048084000 0.054361800 0.050654790 0.047420320 0.044058040 0.032287690 0.033480170 0.035394120 0.032570670 0.031650110 0.036372390 0.030742850 0.042083570 0.038980020 0.043498030 0.044555350 0.033531460 0.042991670 0.029229760 0.025956690 0.027487360 0.028457260 0.033220100 0.035215540 0.039191490 0.045487890 0.047275390 0.039692580 0.036054180 0.038024630 0.042058780 0.043470390 0.042309230 0.045247380 0.002321280 0.012207130 0.000230690 0.001139440 0.001133720 0.000000000 0.023689700 0.034692220 0.012296750 0.035848590 
46     0.052519250 0.047916870 0.015334830 0.044703590 0.039496230 0.041787720 0.030185240 0.052401710 0.050600490 0.027306510 0.044099040 0.044810290 0.033039940 0.034232420 0.036146370 0.014932980 0.016329240 0.037124640 0.031495100 0.039090510 0.041170230 0.045454400 0.046382460 0.034559040 0.040767080 0.029982010 0.037468990 0.007673050 0.025265900 0.009231740 0.029620750 0.035262250 0.014470650 0.048143920 0.040444830 0.012750870 0.028189750 0.014094600 0.037801010 0.045056290 0.045641180 0.021830420 0.025100330 0.023248230 0.020889900 0.023384290 0.023689700 0.000000000 0.001842460 0.002963850 0.056419750 
40     0.061555080 0.050585600 0.034729560 0.047372320 0.042164960 0.044456450 0.050568870 0.060606600 0.057782780 0.054075770 0.050841300 0.047479020 0.035708670 0.036901150 0.038815100 0.035991650 0.035071090 0.039793370 0.034163830 0.051379050 0.043838960 0.048123130 0.049051190 0.049822750 0.047834380 0.032650740 0.038030650 0.039561320 0.040531220 0.041791970 0.038636520 0.050942740 0.049846660 0.052618890 0.043113560 0.039475160 0.041445610 0.045972410 0.043509930 0.043267190 0.043852080 0.029669090 0.031914930 0.032517710 0.028315220 0.030809610 0.034692220 0.001842460 0.000000000 0.000518760 0.055404300 
31     0.047984010 0.048038230 0.025915880 0.059737660 0.054530300 0.056821790 0.040766290 0.066012330 0.061181540 0.037887560 0.054680090 0.059454900 0.048074010 0.049266490 0.051180440 0.048356990 0.047436430 0.052158710 0.042589040 0.049671560 0.054628060 0.058978240 0.060035560 0.045140090 0.051348130 0.045016080 0.052682080 0.018254100 0.035846950 0.019812790 0.040201800 0.045843300 0.030843600 0.048825930 0.055478900 0.023331920 0.038770800 0.024675650 0.055910700 0.062846380 0.062133070 0.010437470 0.020323320 0.012099220 0.038666700 0.019301230 0.012296750 0.002963850 0.000518760 0.000000000 0.051328800 
0     0.047174560 0.040380950 0.050954070 0.058034540 0.058065030 0.038926820 0.068744220 0.081377170 0.067711350 0.071567860 0.068932860 0.066454570 0.056337710 0.058997020 0.060398320 0.055793540 0.060031070 0.059424100 0.023315360 0.033092480 0.030156760 0.034506940 0.035564260 0.024540370 0.036026680 0.061187500 0.028210780 0.034277980 0.028252600 0.024229010 0.031670530 0.036248850 0.038353070 0.042325560 0.044667780 0.048594090 0.032428920 0.033067690 0.047777150 0.039526560 0.038813250 0.034623890 0.028545790 0.032499130 0.035395480 0.043246250 0.035848590 0.056419750 0.055404300 0.051328800 0.000000000 
