51
13     0.000000000 0.132400233 0.316848985 0.302583508 0.303274786 0.308165110 0.489704041 0.501980972 0.486010875 0.500434712 0.498689237 0.474866207 0.436892389 0.445322030 0.442176578 0.433355918 0.438317090 0.440171419 0.479353960 0.567204823 0.523273168 0.513799125 0.515660954 0.528643386 0.498845503 0.575335116 0.574359492 0.574138756 0.556545125 0.440984355 0.609665044 0.498279592 0.526789007 0.554612368 0.516522640 0.581011608 0.495912825 0.502670478 0.545523566 0.534882933 0.561425742 0.555618381 0.543487494 0.541058997 0.559580740 0.553290781 0.557770406 0.621885554 0.658749168 0.679261818 0.911192019 
18     0.132400233 0.000000000 0.287439511 0.273163414 0.273854692 0.278745016 0.460660478 0.473023291 0.456948113 0.471501304 0.469758341 0.445966179 0.407907868 0.416337509 0.413192056 0.404371397 0.409332568 0.411186898 0.450480199 0.538257914 0.494277884 0.484775309 0.486676819 0.499701838 0.469977190 0.546418971 0.545473034 0.545252299 0.527658668 0.412097898 0.580803798 0.469418346 0.498135003 0.525958363 0.487669211 0.552158179 0.467059396 0.473817049 0.516670137 0.506035631 0.532578441 0.526747546 0.514616658 0.512188161 0.530709904 0.524419945 0.528899570 0.593014718 0.629878333 0.650390983 0.882330238 
15     0.316848985 0.287439511 0.000000000 0.303627691 0.304448786 0.309383805 0.492346507 0.504662682 0.488637828 0.503519758 0.501166311 0.477374150 0.438729728 0.447159369 0.444013917 0.435193258 0.440154429 0.442008759 0.481682296 0.569590259 0.525658604 0.516370070 0.518046391 0.531028822 0.501604459 0.577765910 0.576781328 0.576560593 0.558966961 0.443828361 0.612097315 0.500705945 0.529460076 0.557283437 0.519227013 0.583410511 0.498482442 0.505240094 0.548019608 0.536421648 0.562964457 0.557785836 0.545654948 0.543462263 0.561748194 0.555458235 0.559937860 0.624013066 0.660876680 0.681429273 0.912442670 
2     0.302583508 0.273163414 0.303627691 0.000000000 0.043924897 0.088852561 0.459339336 0.471648716 0.455649033 0.470975639 0.468481644 0.444689483 0.406323650 0.414753291 0.411607838 0.402787179 0.407748351 0.409519435 0.449849312 0.537576234 0.493768520 0.484356045 0.486032365 0.499138737 0.469917414 0.545161767 0.544854843 0.544634108 0.527040476 0.411936874 0.580157454 0.468708757 0.497550253 0.525373613 0.487291228 0.551613831 0.466546657 0.473304309 0.516083823 0.504643591 0.531186400 0.525703895 0.513573007 0.511317596 0.529483702 0.523193743 0.527673368 0.592019154 0.628882768 0.649396307 0.880991956 
6     0.303274786 0.273854692 0.304448786 0.043924897 0.000000000 0.090084848 0.460091718 0.472401098 0.456401415 0.471728021 0.469234027 0.445441865 0.406851547 0.415281188 0.412135735 0.403315076 0.408276247 0.410047332 0.450601694 0.538328616 0.494520902 0.485108427 0.486784747 0.499891120 0.470669796 0.545914149 0.545607225 0.545386490 0.527792859 0.412689256 0.580909836 0.469461139 0.498302635 0.526125996 0.488043610 0.552366213 0.467299039 0.474056692 0.516836205 0.505395973 0.531938783 0.526456277 0.514325389 0.512069978 0.530236084 0.523946125 0.528425750 0.592771536 0.629635151 0.650148690 0.881744338 
14     0.308165110 0.278745016 0.309383805 0.088852561 0.090084848 0.000000000 0.465414070 0.477723450 0.461723767 0.477050373 0.474556378 0.450764216 0.412208059 0.420533316 0.417492247 0.408487049 0.413528376 0.415403844 0.456163214 0.544014077 0.500082421 0.490793887 0.492470208 0.505452639 0.476231315 0.552163630 0.551168745 0.550948010 0.533354378 0.418250775 0.586548852 0.475100156 0.503864154 0.531687515 0.493605130 0.558006413 0.472860559 0.479618211 0.522397725 0.510957493 0.537500302 0.532017796 0.519886909 0.517631498 0.535797604 0.529507645 0.533987269 0.598333055 0.635196670 0.655710209 0.887291470 
5     0.489704041 0.460660478 0.492346507 0.459339336 0.460091718 0.465414070 0.000000000 0.252827299 0.241835332 0.256615559 0.254130202 0.230796264 0.375959499 0.384566337 0.381420885 0.372675365 0.377561396 0.379496926 0.479840183 0.567809503 0.523722775 0.514684480 0.516265634 0.529287679 0.500275919 0.576271123 0.574631867 0.574411132 0.556817500 0.442012762 0.611128273 0.499486991 0.528336408 0.556109816 0.517836258 0.583179659 0.497135881 0.503893533 0.546658800 0.535358807 0.561901616 0.556400889 0.544182737 0.541660753 0.560271714 0.553981755 0.558461380 0.622796826 0.659660441 0.680170152 0.907263380 
4     0.501980972 0.473023291 0.504662682 0.471648716 0.472401098 0.477723450 0.252827299 0.000000000 0.258555453 0.269952268 0.269413412 0.245376298 0.388323806 0.396883106 0.393764678 0.385019158 0.389905189 0.391840720 0.492516201 0.580422573 0.536348240 0.527297550 0.528878704 0.541861135 0.512849375 0.588913787 0.586697848 0.586567525 0.568935834 0.454525111 0.623804326 0.512144827 0.541095513 0.568918874 0.530534253 0.595895069 0.509851291 0.516608943 0.559546429 0.548068155 0.574610964 0.568686106 0.556467954 0.554085639 0.572492170 0.566202211 0.570681836 0.635151715 0.672015329 0.692525041 0.919873030 
3     0.486010875 0.456948113 0.488637828 0.455649033 0.456401415 0.461723767 0.241835332 0.258555453 0.000000000 0.225542958 0.220735402 0.198582122 0.371567919 0.380146159 0.377027732 0.368287935 0.373168243 0.375127082 0.476022012 0.563809778 0.519721709 0.510684756 0.512265909 0.525248341 0.496151168 0.572273995 0.570815184 0.570594449 0.553000817 0.438098327 0.607314486 0.495654986 0.524624782 0.552448143 0.514129950 0.579423461 0.493385379 0.500143032 0.542867026 0.531760230 0.558303039 0.552571168 0.540353016 0.538222494 0.556602381 0.550312422 0.554792047 0.618937437 0.655801051 0.676310763 0.903396804 
10     0.500434712 0.471501304 0.503519758 0.470975639 0.471728021 0.477050373 0.256615559 0.269952268 0.225542958 0.000000000 0.185132446 0.159002131 0.386428916 0.394982493 0.391864065 0.383124269 0.388004576 0.389945830 0.492103661 0.579961267 0.535824243 0.526836245 0.528417398 0.541399830 0.512388070 0.588414810 0.586857974 0.586637239 0.569043607 0.454141117 0.623341036 0.511681537 0.540651332 0.568474693 0.530156501 0.595369297 0.509411930 0.516169582 0.558979043 0.547835153 0.574377963 0.568753852 0.556535700 0.554349668 0.572741350 0.566451391 0.570931016 0.635076406 0.671940020 0.692449732 0.919348269 
7     0.498689237 0.469758341 0.501166311 0.468481644 0.469234027 0.474556378 0.254130202 0.269413412 0.220735402 0.185132446 0.000000000 0.100095801 0.383047056 0.391606356 0.388487928 0.379742408 0.384628439 0.386563970 0.489242721 0.577161036 0.533071533 0.524036014 0.525617168 0.538599599 0.509587839 0.585614579 0.583997034 0.583776299 0.566182667 0.451280177 0.620538914 0.508879415 0.537786366 0.565609727 0.527291534 0.592504330 0.506546964 0.513304616 0.555846873 0.544877008 0.571419817 0.565972005 0.553753853 0.551571642 0.569959504 0.563669545 0.568149169 0.632294559 0.669158173 0.689667885 0.916503020 
16     0.474866207 0.445966179 0.477374150 0.444689483 0.445441865 0.450764216 0.230796264 0.245376298 0.198582122 0.159002131 0.100095801 0.000000000 0.359509656 0.368068956 0.364950528 0.356205009 0.361091039 0.363026570 0.465577525 0.553495840 0.509406337 0.500370818 0.501951972 0.514934403 0.485922643 0.561949383 0.560331838 0.560111103 0.542517471 0.427614981 0.596873718 0.485214219 0.514121170 0.541944531 0.503626338 0.568839134 0.482881768 0.489639420 0.532181677 0.521211812 0.547754621 0.542306809 0.530088657 0.527906446 0.546294308 0.540004349 0.544483973 0.608629363 0.645492978 0.666002689 0.892812074 
12     0.436892389 0.407907868 0.438729728 0.406323650 0.406851547 0.412208059 0.375959499 0.388323806 0.371567919 0.386428916 0.383047056 0.359509656 0.000000000 0.082669111 0.081569751 0.069173152 0.075628073 0.105063823 0.426664759 0.514739621 0.470578856 0.461460815 0.463041968 0.476024400 0.447012639 0.523281203 0.521721164 0.521500429 0.503906797 0.389004965 0.558414784 0.446755285 0.475657034 0.503480395 0.465278737 0.530490906 0.444534166 0.451291819 0.494303453 0.482652603 0.509195413 0.503148142 0.490809943 0.488775466 0.507086160 0.500796201 0.505275826 0.569740952 0.606604566 0.627114278 0.858730074 
9     0.445322030 0.416337509 0.447159369 0.414753291 0.415281188 0.420533316 0.384566337 0.396883106 0.380146159 0.394982493 0.391606356 0.368068956 0.082669111 0.000000000 0.071912035 0.073327971 0.076551275 0.112921817 0.434925211 0.522935383 0.478759269 0.469657786 0.471238939 0.484222155 0.455217879 0.531541656 0.529988039 0.529767303 0.512173672 0.397271840 0.566683426 0.455023926 0.483925675 0.511749036 0.473547379 0.538759547 0.452802808 0.459560460 0.502572094 0.490958014 0.517500824 0.511453862 0.499115663 0.497081186 0.515391880 0.509101921 0.513581546 0.578046672 0.614910286 0.635419998 0.867040705 
11     0.442176578 0.413192056 0.444013917 0.411607838 0.412135735 0.417492247 0.381420885 0.393764678 0.377027732 0.391864065 0.388487928 0.364950528 0.081569751 0.071912035 0.000000000 0.072040133 0.077667818 0.108398771 0.431779759 0.519789931 0.475613817 0.466512334 0.468093487 0.481076702 0.452072427 0.528396203 0.526842586 0.526621851 0.509028220 0.394126387 0.563537973 0.451878474 0.480780223 0.508603584 0.470401926 0.535614095 0.449657355 0.456415008 0.499426642 0.487812562 0.514355372 0.508308410 0.495970211 0.493935734 0.512246428 0.505956469 0.510436094 0.574901219 0.611764834 0.632274546 0.863895253 
17     0.433355918 0.404371397 0.435193258 0.402787179 0.403315076 0.408487049 0.372675365 0.385019158 0.368287935 0.383124269 0.379742408 0.356205009 0.069173152 0.073327971 0.072040133 0.000000000 0.052223537 0.100015474 0.422778960 0.510880966 0.466720201 0.457602159 0.459183313 0.472165744 0.443153984 0.519422548 0.517862509 0.517641774 0.500048142 0.385146310 0.554556129 0.442896629 0.471788292 0.499611653 0.461365278 0.526529868 0.440247219 0.446975245 0.490341635 0.478790714 0.505333523 0.499285191 0.486946992 0.484814151 0.503124844 0.496834885 0.501314510 0.565156282 0.602065090 0.622570117 0.854952848 
1     0.438317090 0.409332568 0.440154429 0.407748351 0.408276247 0.413528376 0.377561396 0.389905189 0.373168243 0.388004576 0.384628439 0.361091039 0.075628073 0.076551275 0.077667818 0.052223537 0.000000000 0.104847543 0.427945606 0.516020468 0.471859703 0.462741661 0.464322815 0.477305246 0.448293486 0.524562050 0.523002011 0.522781276 0.505187644 0.390285812 0.559695631 0.448036131 0.476937881 0.504761242 0.466559584 0.531771752 0.445815013 0.452572665 0.495551482 0.483926833 0.510469642 0.504398281 0.492060082 0.489913748 0.508224442 0.501934483 0.506414108 0.570255879 0.607164687 0.627669715 0.860030171 
8     0.440171419 0.411186898 0.442008759 0.409519435 0.410047332 0.415403844 0.379496926 0.391840720 0.375127082 0.389945830 0.386563970 0.363026570 0.105063823 0.112921817 0.108398771 0.100015474 0.104847543 0.000000000 0.429733897 0.517808759 0.473647994 0.464529953 0.466111106 0.479093537 0.450081777 0.526350341 0.524790302 0.524569567 0.506975935 0.392074103 0.561483787 0.449824288 0.478562836 0.506431196 0.468347740 0.533559909 0.447603169 0.454360822 0.497372456 0.485851255 0.512394065 0.506343927 0.493910228 0.491971252 0.510281946 0.503991986 0.508471611 0.572936737 0.609800352 0.630310063 0.861925860 
43     0.479353960 0.450480199 0.481682296 0.449849312 0.450601694 0.456163214 0.479840183 0.492516201 0.476022012 0.492103661 0.489242721 0.465577525 0.426664759 0.434925211 0.431779759 0.422778960 0.427945606 0.429733897 0.000000000 0.331965421 0.287694962 0.278744239 0.280106790 0.293038988 0.265002337 0.338743820 0.382038935 0.381979407 0.364263463 0.248021393 0.441380985 0.329354229 0.359031453 0.386854814 0.348064668 0.413793643 0.327087337 0.333844990 0.377526063 0.399742203 0.426251105 0.428655826 0.416615127 0.414333559 0.432759312 0.426392978 0.430872603 0.494384369 0.531543755 0.551839153 0.809012259 
39     0.567204823 0.538257914 0.569590259 0.537576234 0.538328616 0.544014077 0.567809503 0.580422573 0.563809778 0.579961267 0.577161036 0.553495840 0.514739621 0.522935383 0.519789931 0.510880966 0.516020468 0.517808759 0.331965421 0.000000000 0.285209933 0.276186377 0.277446108 0.301783984 0.272781042 0.415245306 0.469159778 0.469078686 0.451367978 0.335700039 0.528161741 0.416174947 0.445070566 0.472893927 0.435536021 0.500654391 0.414983684 0.421741336 0.465535432 0.487719163 0.514156695 0.516580783 0.504540084 0.502282469 0.520801319 0.514434985 0.518914610 0.582781107 0.620013404 0.640504178 0.896839534 
41     0.523273168 0.494277884 0.525658604 0.493768520 0.494520902 0.500082421 0.523722775 0.536348240 0.519721709 0.535824243 0.533071533 0.509406337 0.470578856 0.478759269 0.475613817 0.466720201 0.471859703 0.473647994 0.287694962 0.285209933 0.000000000 0.175609557 0.176576846 0.256065198 0.226784883 0.371457337 0.425299353 0.425234590 0.407523881 0.291531897 0.484559530 0.372527571 0.401204742 0.429028103 0.391562673 0.457615472 0.370973516 0.377731168 0.421549960 0.443799368 0.470211665 0.472977353 0.460936654 0.458687449 0.477112221 0.470745887 0.475225512 0.538968187 0.576208173 0.596698946 0.852927830 
49     0.513799125 0.484775309 0.516370070 0.484356045 0.485108427 0.490793887 0.514684480 0.527297550 0.510684756 0.526836245 0.524036014 0.500370818 0.461460815 0.469657786 0.466512334 0.457602159 0.462741661 0.464529953 0.278744239 0.276186377 0.175609557 0.000000000 0.058957232 0.247054157 0.218896633 0.362345857 0.416409737 0.416344974 0.398634265 0.282636359 0.474987692 0.362971558 0.392174288 0.419997649 0.382478306 0.448438172 0.361891887 0.368649539 0.412462086 0.434727692 0.461127586 0.463903567 0.451862868 0.449660161 0.468084934 0.461718599 0.466198224 0.529940900 0.567180885 0.587671659 0.843790747 
33     0.515660954 0.486676819 0.518046391 0.486032365 0.486784747 0.492470208 0.516265634 0.528878704 0.512265909 0.528417398 0.525617168 0.501951972 0.463041968 0.471238939 0.468093487 0.459183313 0.464322815 0.466111106 0.280106790 0.277446108 0.176576846 0.058957232 0.000000000 0.248378571 0.220084546 0.363648948 0.417782496 0.417717733 0.400007025 0.284009119 0.476455271 0.364439138 0.393593511 0.421416872 0.383897529 0.449857395 0.363311110 0.370068763 0.413881309 0.436146915 0.462588915 0.465371146 0.453330447 0.451127741 0.469552513 0.463186179 0.467665804 0.531408480 0.568648465 0.589139238 0.845295665 
23     0.528643386 0.499701838 0.531028822 0.499138737 0.499891120 0.505452639 0.529287679 0.541861135 0.525248341 0.541399830 0.538599599 0.514934403 0.476024400 0.484222155 0.481076702 0.472165744 0.477305246 0.479093537 0.293038988 0.301783984 0.256065198 0.247054157 0.248378571 0.000000000 0.180153157 0.376146881 0.430527698 0.430462934 0.412752226 0.297180413 0.489753369 0.377623577 0.406590270 0.434413631 0.397154932 0.462875174 0.376413264 0.383170916 0.427277639 0.449150503 0.475614235 0.478319131 0.466278432 0.464075726 0.482500498 0.476134164 0.480613789 0.544100962 0.581606059 0.602096832 0.858217338 
21     0.498845503 0.469977190 0.501604459 0.469917414 0.470669796 0.476231315 0.500275919 0.512849375 0.496151168 0.512388070 0.509587839 0.485922643 0.447012639 0.455217879 0.452072427 0.443153984 0.448293486 0.450081777 0.265002337 0.272781042 0.226784883 0.218896633 0.220084546 0.180153157 0.000000000 0.348197586 0.402143001 0.402078238 0.384367530 0.268541518 0.461462444 0.349396667 0.378183442 0.406006803 0.368708636 0.434513726 0.348032352 0.354790005 0.398896824 0.420492735 0.446956467 0.449557647 0.437516948 0.435355639 0.453780412 0.447414078 0.451893702 0.515431846 0.552844575 0.573335349 0.827363435 
19     0.575335116 0.546418971 0.577765910 0.545161767 0.545914149 0.552163630 0.576271123 0.588913787 0.572273995 0.588414810 0.585614579 0.561949383 0.523281203 0.531541656 0.528396203 0.519422548 0.524562050 0.526350341 0.338743820 0.415245306 0.371457337 0.362345857 0.363648948 0.376146881 0.348197586 0.000000000 0.478809034 0.478744271 0.461033563 0.345872055 0.537015204 0.425025219 0.454892730 0.482716091 0.444842852 0.511126813 0.424383142 0.431140794 0.474931566 0.496901146 0.523378224 0.525871064 0.513830365 0.511666661 0.530092848 0.523726514 0.528206139 0.591892046 0.629051432 0.649640316 0.905173047 
29     0.574359492 0.545473034 0.576781328 0.544854843 0.545607225 0.551168745 0.574631867 0.586697848 0.570815184 0.586857974 0.583997034 0.560331838 0.521721164 0.529988039 0.526842586 0.517862509 0.523002011 0.524790302 0.382038935 0.469159778 0.425299353 0.416409737 0.417782496 0.430527698 0.402143001 0.478809034 0.000000000 0.131585505 0.115695298 0.282011424 0.537230051 0.425372603 0.452914414 0.480737775 0.442988691 0.508823364 0.421536435 0.428294087 0.472378719 0.494233190 0.520742091 0.524794480 0.512753780 0.510784034 0.529209758 0.522807774 0.527287399 0.590948241 0.627997628 0.648462413 0.904518213 
37     0.574138756 0.545252299 0.576560593 0.544634108 0.545386490 0.550948010 0.574411132 0.586567525 0.570594449 0.586637239 0.583776299 0.560111103 0.521500429 0.529767303 0.526621851 0.517641774 0.522781276 0.524569567 0.381979407 0.469078686 0.425234590 0.416344974 0.417717733 0.430462934 0.402078238 0.478744271 0.131585505 0.000000000 0.120262735 0.281922370 0.537105560 0.425248111 0.452760003 0.480583364 0.442840363 0.508668954 0.421382024 0.428139676 0.472231105 0.494063528 0.520572430 0.523750947 0.511645032 0.509968355 0.528394080 0.521992096 0.526471721 0.590425583 0.627474970 0.647939756 0.904297478 
42     0.556545125 0.527658668 0.558966961 0.527040476 0.527792859 0.533354378 0.556817500 0.568935834 0.553000817 0.569043607 0.566182667 0.542517471 0.503906797 0.512173672 0.509028220 0.500048142 0.505187644 0.506975935 0.364263463 0.451367978 0.407523881 0.398634265 0.400007025 0.412752226 0.384367530 0.461033563 0.115695298 0.120262735 0.000000000 0.264254624 0.519460004 0.407602556 0.435106967 0.462930328 0.425181245 0.491015918 0.403728988 0.410486640 0.454571987 0.476453206 0.502962108 0.506980113 0.494939414 0.492969667 0.511395391 0.504993407 0.509473032 0.573158885 0.610208273 0.630673058 0.886395059 
32     0.440984355 0.412097898 0.443828361 0.411936874 0.412689256 0.418250775 0.442012762 0.454525111 0.438098327 0.454141117 0.451280177 0.427614981 0.389004965 0.397271840 0.394126387 0.385146310 0.390285812 0.392074103 0.248021393 0.335700039 0.291531897 0.282636359 0.284009119 0.297180413 0.268541518 0.345872055 0.282011424 0.281922370 0.264254624 0.000000000 0.404827754 0.292970306 0.321018834 0.348842195 0.310576683 0.376218276 0.289164837 0.295922489 0.339770026 0.361186748 0.387695649 0.391852419 0.379811720 0.377654401 0.396234046 0.389729879 0.394209504 0.458038044 0.495056847 0.515552217 0.771727317 
26     0.609665044 0.580803798 0.612097315 0.580157454 0.580909836 0.586548852 0.611128273 0.623804326 0.607314486 0.623341036 0.620538914 0.596873718 0.558414784 0.566683426 0.563537973 0.554556129 0.559695631 0.561483787 0.441380985 0.528161741 0.484559530 0.474987692 0.476455271 0.489753369 0.461462444 0.537015204 0.537230051 0.537105560 0.519460004 0.404827754 0.000000000 0.266955567 0.477351110 0.505126084 0.468729188 0.534303229 0.447632154 0.454389806 0.498410374 0.530616033 0.557147164 0.561628939 0.549588240 0.546722850 0.565105947 0.558734420 0.563214045 0.627043440 0.664091987 0.684421361 0.939955814 
28     0.498279592 0.469418346 0.500705945 0.468708757 0.469461139 0.475100156 0.499486991 0.512144827 0.495654986 0.511681537 0.508879415 0.485214219 0.446755285 0.455023926 0.451878474 0.442896629 0.448036131 0.449824288 0.329354229 0.416174947 0.372527571 0.362971558 0.364439138 0.377623577 0.349396667 0.425025219 0.425372603 0.425248111 0.407602556 0.292970306 0.266955567 0.000000000 0.365562655 0.393337629 0.356824418 0.422397821 0.335727384 0.342485036 0.386505604 0.418749737 0.445280868 0.449762430 0.437721731 0.434868246 0.453251343 0.446879817 0.451359442 0.515188836 0.552237384 0.572465626 0.828122535 
47     0.526789007 0.498135003 0.529460076 0.497550253 0.498302635 0.503864154 0.528336408 0.541095513 0.524624782 0.540651332 0.537786366 0.514121170 0.475657034 0.483925675 0.480780223 0.471788292 0.476937881 0.478562836 0.359031453 0.445070566 0.401204742 0.392174288 0.393593511 0.406590270 0.378183442 0.454892730 0.452914414 0.452760003 0.435106967 0.321018834 0.477351110 0.365562655 0.000000000 0.104091073 0.375202621 0.443653524 0.356826142 0.363614732 0.405565566 0.446562185 0.473093316 0.477410237 0.465369538 0.462930416 0.481367874 0.474996348 0.479475972 0.542321313 0.579412010 0.599833369 0.857911394 
48     0.554612368 0.525958363 0.557283437 0.525373613 0.526125996 0.531687515 0.556109816 0.568918874 0.552448143 0.568474693 0.565609727 0.541944531 0.503480395 0.511749036 0.508603584 0.499611653 0.504761242 0.506431196 0.386854814 0.472893927 0.429028103 0.419997649 0.421416872 0.434413631 0.406006803 0.482716091 0.480737775 0.480583364 0.462930328 0.348842195 0.505126084 0.393337629 0.104091073 0.000000000 0.402977595 0.471428498 0.384601116 0.391389706 0.433338005 0.474386448 0.500917579 0.505256129 0.493215430 0.490827140 0.509264598 0.502893071 0.507372696 0.570540293 0.607592839 0.628006255 0.885734755 
44     0.516522640 0.487669211 0.519227013 0.487291228 0.488043610 0.493605130 0.517836258 0.530534253 0.514129950 0.530156501 0.527291534 0.503626338 0.465278737 0.473547379 0.470401926 0.461365278 0.466559584 0.468347740 0.348064668 0.435536021 0.391562673 0.382478306 0.383897529 0.397154932 0.368708636 0.444842852 0.442988691 0.442840363 0.425181245 0.310576683 0.468729188 0.356824418 0.375202621 0.402977595 0.000000000 0.372769955 0.286056606 0.292889000 0.359379559 0.436961685 0.463578787 0.467405716 0.455365017 0.452031635 0.470555967 0.464171745 0.468651369 0.532908339 0.569828918 0.590119018 0.847389214 
36     0.581011608 0.552158179 0.583410511 0.551613831 0.552366213 0.558006413 0.583179659 0.595895069 0.579423461 0.595369297 0.592504330 0.568839134 0.530490906 0.538759547 0.535614095 0.526529868 0.531771752 0.533559909 0.413793643 0.500654391 0.457615472 0.448438172 0.449857395 0.462875174 0.434513726 0.511126813 0.508823364 0.508668954 0.491015918 0.376218276 0.534303229 0.422397821 0.443653524 0.471428498 0.372769955 0.000000000 0.331069759 0.337957720 0.424850243 0.502903848 0.529423197 0.533293379 0.521252680 0.517873086 0.536424261 0.530040039 0.534519664 0.598767832 0.635688411 0.655994318 0.913003672 
27     0.495912825 0.467059396 0.498482442 0.466546657 0.467299039 0.472860559 0.497135881 0.509851291 0.493385379 0.509411930 0.506546964 0.482881768 0.444534166 0.452802808 0.449657355 0.440247219 0.445815013 0.447603169 0.327087337 0.414983684 0.370973516 0.361891887 0.363311110 0.376413264 0.348032352 0.424383142 0.421536435 0.421382024 0.403728988 0.289164837 0.447632154 0.335727384 0.356826142 0.384601116 0.286056606 0.331069759 0.000000000 0.071774962 0.336923955 0.416220395 0.442739743 0.446130225 0.434089526 0.430621598 0.449100937 0.442716715 0.447196339 0.511607577 0.548528157 0.568834063 0.826577231 
30     0.502670478 0.473817049 0.505240094 0.473304309 0.474056692 0.479618211 0.503893533 0.516608943 0.500143032 0.516169582 0.513304616 0.489639420 0.451291819 0.459560460 0.456415008 0.446975245 0.452572665 0.454360822 0.333844990 0.421741336 0.377731168 0.368649539 0.370068763 0.383170916 0.354790005 0.431140794 0.428294087 0.428139676 0.410486640 0.295922489 0.454389806 0.342485036 0.363614732 0.391389706 0.292889000 0.337957720 0.071774962 0.000000000 0.343712545 0.422978047 0.449497396 0.452887877 0.440847178 0.437381793 0.455861132 0.449476909 0.453956534 0.518365230 0.555285809 0.575591715 0.833334884 
22     0.545523566 0.516670137 0.548019608 0.516083823 0.516836205 0.522397725 0.546658800 0.559546429 0.542867026 0.558979043 0.555846873 0.532181677 0.494303453 0.502572094 0.499426642 0.490341635 0.495551482 0.497372456 0.377526063 0.465535432 0.421549960 0.412462086 0.413881309 0.427277639 0.398896824 0.474931566 0.472378719 0.472231105 0.454571987 0.339770026 0.498410374 0.386505604 0.405565566 0.433338005 0.359379559 0.424850243 0.336923955 0.343712545 0.000000000 0.465444318 0.492414726 0.497010889 0.484970190 0.481318293 0.500210407 0.493826185 0.498305810 0.562439426 0.599360005 0.619355187 0.876136897 
20     0.534882933 0.506035631 0.536421648 0.504643591 0.505395973 0.510957493 0.535358807 0.548068155 0.531760230 0.547835153 0.544877008 0.521211812 0.482652603 0.490958014 0.487812562 0.478790714 0.483926833 0.485851255 0.399742203 0.487719163 0.443799368 0.434727692 0.436146915 0.449150503 0.420492735 0.496901146 0.494233190 0.494063528 0.476453206 0.361186748 0.530616033 0.418749737 0.446562185 0.474386448 0.436961685 0.502903848 0.416220395 0.422978047 0.465444318 0.000000000 0.163806909 0.485009212 0.472968513 0.470841417 0.489268876 0.482983576 0.487463201 0.550842100 0.587772322 0.607614614 0.864856498 
25     0.561425742 0.532578441 0.562964457 0.531186400 0.531938783 0.537500302 0.561901616 0.574610964 0.558303039 0.574377963 0.571419817 0.547754621 0.509195413 0.517500824 0.514355372 0.505333523 0.510469642 0.512394065 0.426251105 0.514156695 0.470211665 0.461127586 0.462588915 0.475614235 0.446956467 0.523378224 0.520742091 0.520572430 0.502962108 0.387695649 0.557147164 0.445280868 0.473093316 0.500917579 0.463578787 0.529423197 0.442739743 0.449497396 0.492414726 0.163806909 0.000000000 0.511558445 0.499517746 0.497390650 0.515818109 0.509532809 0.514012434 0.577391333 0.614321555 0.634236642 0.891399308 
35     0.555618381 0.526747546 0.557785836 0.525703895 0.526456277 0.532017796 0.556400889 0.568686106 0.552571168 0.568753852 0.565972005 0.542306809 0.503148142 0.511453862 0.508308410 0.499285191 0.504398281 0.506343927 0.428655826 0.516580783 0.472977353 0.463903567 0.465371146 0.478319131 0.449557647 0.525871064 0.524794480 0.523750947 0.506980113 0.391852419 0.561628939 0.449762430 0.477410237 0.505256129 0.467405716 0.533293379 0.446130225 0.452887877 0.497010889 0.485009212 0.511558445 0.000000000 0.093497619 0.342640218 0.360757631 0.354413437 0.358820251 0.453559578 0.490185318 0.511213002 0.884898952 
34     0.543487494 0.514616658 0.545654948 0.513573007 0.514325389 0.519886909 0.544182737 0.556467954 0.540353016 0.556535700 0.553753853 0.530088657 0.490809943 0.499115663 0.495970211 0.486946992 0.492060082 0.493910228 0.416615127 0.504540084 0.460936654 0.451862868 0.453330447 0.466278432 0.437516948 0.513830365 0.512753780 0.511645032 0.494939414 0.379811720 0.549588240 0.437721731 0.465369538 0.493215430 0.455365017 0.521252680 0.434089526 0.440847178 0.484970190 0.472968513 0.499517746 0.093497619 0.000000000 0.331036987 0.349154401 0.342810207 0.347217021 0.441924420 0.478550159 0.499577844 0.872846414 
50     0.541058997 0.512188161 0.543462263 0.511317596 0.512069978 0.517631498 0.541660753 0.554085639 0.538222494 0.554349668 0.551571642 0.527906446 0.488775466 0.497081186 0.493935734 0.484814151 0.489913748 0.491971252 0.414333559 0.502282469 0.458687449 0.449660161 0.451127741 0.464075726 0.435355639 0.511666661 0.510784034 0.509968355 0.492969667 0.377654401 0.546722850 0.434868246 0.462930416 0.490827140 0.452031635 0.517873086 0.430621598 0.437381793 0.481318293 0.470841417 0.497390650 0.342640218 0.331036987 0.000000000 0.220552987 0.215059543 0.219148825 0.438646533 0.475166125 0.496333539 0.871894505 
38     0.559580740 0.530709904 0.561748194 0.529483702 0.530236084 0.535797604 0.560271714 0.572492170 0.556602381 0.572741350 0.569959504 0.546294308 0.507086160 0.515391880 0.512246428 0.503124844 0.508224442 0.510281946 0.432759312 0.520801319 0.477112221 0.468084934 0.469552513 0.482500498 0.453780412 0.530092848 0.529209758 0.528394080 0.511395391 0.396234046 0.565105947 0.453251343 0.481367874 0.509264598 0.470555967 0.536424261 0.449100937 0.455861132 0.500210407 0.489268876 0.515818109 0.360757631 0.349154401 0.220552987 0.000000000 0.070725115 0.073593385 0.456215442 0.492475161 0.513855499 0.890226069 
45     0.553290781 0.524419945 0.555458235 0.523193743 0.523946125 0.529507645 0.553981755 0.566202211 0.550312422 0.566451391 0.563669545 0.540004349 0.500796201 0.509101921 0.505956469 0.496834885 0.501934483 0.503991986 0.426392978 0.514434985 0.470745887 0.461718599 0.463186179 0.476134164 0.447414078 0.523726514 0.522807774 0.521992096 0.504993407 0.389729879 0.558734420 0.446879817 0.474996348 0.502893071 0.464171745 0.530040039 0.442716715 0.449476909 0.493826185 0.482983576 0.509532809 0.354413437 0.342810207 0.215059543 0.070725115 0.000000000 0.060698700 0.450109659 0.486369378 0.507749716 0.883936110 
24     0.557770406 0.528899570 0.559937860 0.527673368 0.528425750 0.533987269 0.558461380 0.570681836 0.554792047 0.570931016 0.568149169 0.544483973 0.505275826 0.513581546 0.510436094 0.501314510 0.506414108 0.508471611 0.430872603 0.518914610 0.475225512 0.466198224 0.467665804 0.480613789 0.451893702 0.528206139 0.527287399 0.526471721 0.509473032 0.394209504 0.563214045 0.451359442 0.479475972 0.507372696 0.468651369 0.534519664 0.447196339 0.453956534 0.498305810 0.487463201 0.514012434 0.358820251 0.347217021 0.219148825 0.073593385 0.060698700 0.000000000 0.454557520 0.490817239 0.512197577 0.888415735 
46     0.621885554 0.593014718 0.624013066 0.592019154 0.592771536 0.598333055 0.622796826 0.635151715 0.618937437 0.635076406 0.632294559 0.608629363 0.569740952 0.578046672 0.574901219 0.565156282 0.570255879 0.572936737 0.494384369 0.582781107 0.538968187 0.529940900 0.531408480 0.544100962 0.515431846 0.591892046 0.590948241 0.590425583 0.573158885 0.458038044 0.627043440 0.515188836 0.542321313 0.570540293 0.532908339 0.598767832 0.511607577 0.518365230 0.562439426 0.550842100 0.577391333 0.453559578 0.441924420 0.438646533 0.456215442 0.450109659 0.454557520 0.000000000 0.144443764 0.231140087 0.950999639 
40     0.658749168 0.629878333 0.660876680 0.628882768 0.629635151 0.635196670 0.659660441 0.672015329 0.655801051 0.671940020 0.669158173 0.645492978 0.606604566 0.614910286 0.611764834 0.602065090 0.607164687 0.609800352 0.531543755 0.620013404 0.576208173 0.567180885 0.568648465 0.581606059 0.552844575 0.629051432 0.627997628 0.627474970 0.610208273 0.495056847 0.664091987 0.552237384 0.579412010 0.607592839 0.569828918 0.635688411 0.548528157 0.555285809 0.599360005 0.587772322 0.614321555 0.490185318 0.478550159 0.475166125 0.492475161 0.486369378 0.490817239 0.144443764 0.000000000 0.265049108 0.987900597 
31     0.679261818 0.650390983 0.681429273 0.649396307 0.650148690 0.655710209 0.680170152 0.692525041 0.676310763 0.692449732 0.689667885 0.666002689 0.627114278 0.635419998 0.632274546 0.622570117 0.627669715 0.630310063 0.551839153 0.640504178 0.596698946 0.587671659 0.589139238 0.602096832 0.573335349 0.649640316 0.648462413 0.647939756 0.630673058 0.515552217 0.684421361 0.572465626 0.599833369 0.628006255 0.590119018 0.655994318 0.568834063 0.575591715 0.619355187 0.607614614 0.634236642 0.511213002 0.499577844 0.496333539 0.513855499 0.507749716 0.512197577 0.231140087 0.265049108 0.000000000 1.008393666 
0     0.911192019 0.882330238 0.912442670 0.880991956 0.881744338 0.887291470 0.907263380 0.919873030 0.903396804 0.919348269 0.916503020 0.892812074 0.858730074 0.867040705 0.863895253 0.854952848 0.860030171 0.861925860 0.809012259 0.896839534 0.852927830 0.843790747 0.845295665 0.858217338 0.827363435 0.905173047 0.904518213 0.904297478 0.886395059 0.771727317 0.939955814 0.828122535 0.857911394 0.885734755 0.847389214 0.913003672 0.826577231 0.833334884 0.876136897 0.864856498 0.891399308 0.884898952 0.872846414 0.871894505 0.890226069 0.883936110 0.888415735 0.950999639 0.987900597 1.008393666 0.000000000 
