51
14     0.000000000 0.171997512 0.785573806 0.806487779 0.894131071 0.908400833 1.191793654 1.234232884 0.693618832 0.673809000 0.660457939 0.657338997 0.697691938 0.754780918 0.792488402 0.746409394 0.726110833 0.732343072 0.763123206 0.817994613 0.681283423 0.587187551 0.793075115 0.967740594 0.710242612 0.725630884 0.714284107 0.672737175 0.663155112 0.688674296 0.815998101 0.886980462 0.798481643 0.645402094 0.652316585 0.624184492 0.881837619 0.723361609 0.726186838 0.789464412 0.775887800 0.783749815 0.858668375 0.829040063 1.023205981 0.813917334 0.725441122 0.946713932 1.115962964 0.966232099 1.385251516 
7     0.171997512 0.000000000 0.793836213 0.814727503 0.902388881 0.916658643 1.200104414 1.242889055 0.701482846 0.681673014 0.668321953 0.665317250 0.705617574 0.762826784 0.800378252 0.754353845 0.734067214 0.740372451 0.771060364 0.825922861 0.689624504 0.595477898 0.802228606 0.976894085 0.719396103 0.734784375 0.723437598 0.681451954 0.671848022 0.697379526 0.824775946 0.895938087 0.807388822 0.653611117 0.660523961 0.632391868 0.889150000 0.731141344 0.733966572 0.797217333 0.783621601 0.791483615 0.866686288 0.836720107 1.030940216 0.820851009 0.732527515 0.954353589 1.123711450 0.973757175 1.394038464 
20     0.785573806 0.793836213 0.000000000 0.097694476 0.356876517 0.372272550 0.795879398 0.838026911 0.685493229 0.665656486 0.652313208 0.653179424 0.688341770 0.747647313 0.784541362 0.737450791 0.719112633 0.725428392 0.755895120 0.810766527 0.677652786 0.584081849 0.784823121 0.958715558 0.701257826 0.714392487 0.705208028 0.663212363 0.652871381 0.677915022 0.806217781 0.877486829 0.788783762 0.636165978 0.643075428 0.614943976 0.877298395 0.720539079 0.723369136 0.785054125 0.771054448 0.778987903 0.852646316 0.822633376 1.017224110 0.806835733 0.718653425 0.938939843 1.108399914 0.957643053 1.382105565 
15     0.806487779 0.814727503 0.097694476 0.000000000 0.377301848 0.392432283 0.818183762 0.860489796 0.706004742 0.686167999 0.672765869 0.673655161 0.708859189 0.768197339 0.805091388 0.758000817 0.739662659 0.745978418 0.776535725 0.831407132 0.698487701 0.605020129 0.805530895 0.979419535 0.721965599 0.735100261 0.725925421 0.683920136 0.673579154 0.698759028 0.826925555 0.898193243 0.809491535 0.656864876 0.663774326 0.635642873 0.897927270 0.741167954 0.743998011 0.805683000 0.791683323 0.799616779 0.873438786 0.843423125 1.037860849 0.827018560 0.739185045 0.959471463 1.129107001 0.978350140 1.401060298 
9     0.894131071 0.902388881 0.356876517 0.377301848 0.000000000 0.185185007 0.904007600 0.942519329 0.795341812 0.775524196 0.762180919 0.763028008 0.798412760 0.857673341 0.894553650 0.848145105 0.829124921 0.835440680 0.865907408 0.920778815 0.787731247 0.694243722 0.894639043 1.068540600 0.811073747 0.824045304 0.815044881 0.773204249 0.762774998 0.788008937 0.917056034 0.988148332 0.899629591 0.746460237 0.752442522 0.724311069 0.986957786 0.830198472 0.833028529 0.894679504 0.880679828 0.888644965 0.962180552 0.932164890 1.126904433 0.916184215 0.828301066 1.048136838 1.218274258 1.067191066 1.487591630 
17     0.908400833 0.916658643 0.372272550 0.392432283 0.185185007 0.000000000 0.919784445 0.958399020 0.809007432 0.789189817 0.775846539 0.776693628 0.812078380 0.871338961 0.908219270 0.861810725 0.842790542 0.849106300 0.879573029 0.934444436 0.801592879 0.708020307 0.906241064 1.080835303 0.823368450 0.836355008 0.827339583 0.785847431 0.775399732 0.800686322 0.929699216 1.000756769 0.912272772 0.759794891 0.765820437 0.737688984 1.000309016 0.843549703 0.846379759 0.908030735 0.894031058 0.901996196 0.975531783 0.945516121 1.140255663 0.929535446 0.841652297 1.061488069 1.231625489 1.080542297 1.500865990 
11     1.191793654 1.200104414 0.795879398 0.818183762 0.904007600 0.919784445 0.000000000 0.516859450 1.093041933 1.073239988 1.059881040 1.060697428 1.096916728 1.155198514 1.190539676 1.137606241 1.126594967 1.132910725 1.163389787 1.218261194 1.084737732 0.991279078 1.192645513 1.366771187 1.109074679 1.121338953 1.113074397 1.070969360 1.060628003 1.085808252 1.214230643 1.285475964 1.196659282 1.042941124 1.049601161 1.021966292 1.281927436 1.125167559 1.127997616 1.189177466 1.175177789 1.183651123 1.257438507 1.223366754 1.421749085 1.211537890 1.123711957 1.343242916 1.514097101 1.363808103 1.789145751 
3     1.234232884 1.242889055 0.838026911 0.860489796 0.942519329 0.958399020 0.516859450 0.000000000 1.135350978 1.115542380 1.102190085 1.103032867 1.138988801 1.197225897 1.232600499 1.179264174 1.168653218 1.174929057 1.205387757 1.259516960 1.127163288 1.033704633 1.235214400 1.409385232 1.151688724 1.163952998 1.155688442 1.113595769 1.103254412 1.128434661 1.256710136 1.327955457 1.239041308 1.085630494 1.092290531 1.064655663 1.325080258 1.168300342 1.171130399 1.232440207 1.218440530 1.226820239 1.300591329 1.267361926 1.464786545 1.255190911 1.167022873 1.386625609 1.557386189 1.406964009 1.831767503 
18     0.693618832 0.701482846 0.685493229 0.706004742 0.795341812 0.809007432 1.093041933 1.135350978 0.000000000 0.136215090 0.120825350 0.141462934 0.278629340 0.334742158 0.371710895 0.326131464 0.305257258 0.311392949 0.343324593 0.396946669 0.513016982 0.419881406 0.650550416 0.824639003 0.567454105 0.582441022 0.571238120 0.528761602 0.518987482 0.545371947 0.673594355 0.745434266 0.656207291 0.508989873 0.514517118 0.486385665 0.745270255 0.589327919 0.592390672 0.654137589 0.640137912 0.647995926 0.721822255 0.692875156 0.886416286 0.675625520 0.587034752 0.809443954 0.977915790 0.829998113 1.245931198 
16     0.673809000 0.681673014 0.665656486 0.686167999 0.775524196 0.789189817 1.073239988 1.115542380 0.136215090 0.000000000 0.099251452 0.124089407 0.260669102 0.316783883 0.353833835 0.308250776 0.287387448 0.293512260 0.325440838 0.379232750 0.493108360 0.399829485 0.630722676 0.804811264 0.547626366 0.562613283 0.551410381 0.508724098 0.499159743 0.525544208 0.653766616 0.725606526 0.636379552 0.489014839 0.494640093 0.466508640 0.725412136 0.569469800 0.572532553 0.634279470 0.620279793 0.628137807 0.701964136 0.673017037 0.866558167 0.655767401 0.567176632 0.789580395 0.958057671 0.810139994 1.226088043 
5     0.660457939 0.668321953 0.652313208 0.672765869 0.762180919 0.775846539 1.059881040 1.102190085 0.120825350 0.099251452 0.000000000 0.109493101 0.246424632 0.302500781 0.339549958 0.294005996 0.273142668 0.279216504 0.311262512 0.365035961 0.479998761 0.386863184 0.617362316 0.791450903 0.534266005 0.549252922 0.538050020 0.495573502 0.485799382 0.512183847 0.640406255 0.712246166 0.623019191 0.475828980 0.481356225 0.453224772 0.712108110 0.556167026 0.559229779 0.620976696 0.606977019 0.614835033 0.688050647 0.659103548 0.853255393 0.641586569 0.552616342 0.775146964 0.944754897 0.796837220 1.212770305 
6     0.657338997 0.665317250 0.653179424 0.673655161 0.763028008 0.776693628 1.060697428 1.103032867 0.141462934 0.124089407 0.109493101 0.000000000 0.249633081 0.305391674 0.342414540 0.297006105 0.276279811 0.282102459 0.314168528 0.367878471 0.480827459 0.387691883 0.617989814 0.792043584 0.534868171 0.549849210 0.538652186 0.496055690 0.486466796 0.512851261 0.641115765 0.712955675 0.623728701 0.476565444 0.482067496 0.453936043 0.712820633 0.556878297 0.559941050 0.621687967 0.607688290 0.615546304 0.689372633 0.660425534 0.853966664 0.643175898 0.554585130 0.777007742 0.945466168 0.797548491 1.213492368 
12     0.697691938 0.705617574 0.688341770 0.708859189 0.798412760 0.812078380 1.096916728 1.138988801 0.278629340 0.260669102 0.246424632 0.249633081 0.000000000 0.240614114 0.277838755 0.232243886 0.210351912 0.218253968 0.262107361 0.318399401 0.516511660 0.423631645 0.650274234 0.824940143 0.567706246 0.582359604 0.571266341 0.528845883 0.519812791 0.545463323 0.673784712 0.745632894 0.656397648 0.511919295 0.517342797 0.489211344 0.747429332 0.591707182 0.594783129 0.656521281 0.642530370 0.650388383 0.724218021 0.695223949 0.888799948 0.677927051 0.589363492 0.811641477 0.980359778 0.832484827 1.248286854 
8     0.754780918 0.762826784 0.747647313 0.768197339 0.857673341 0.871338961 1.155198514 1.197225897 0.334742158 0.316783883 0.302500781 0.305391674 0.240614114 0.000000000 0.264074302 0.225136783 0.196384579 0.207762566 0.319506025 0.374455318 0.574352011 0.481305855 0.711194815 0.885540840 0.628355942 0.642841642 0.631988252 0.589584729 0.580602482 0.606195075 0.733875596 0.805723778 0.716488532 0.569505565 0.575321134 0.547189681 0.806151603 0.650163562 0.653362188 0.714980947 0.700981270 0.708839284 0.782583028 0.753561142 0.947315068 0.736564260 0.647861157 0.870177750 1.038759458 0.890898196 1.304026113 
4     0.792488402 0.800378252 0.784541362 0.805091388 0.894553650 0.908219270 1.190539676 1.232600499 0.371710895 0.353833835 0.339549958 0.342414540 0.277838755 0.264074302 0.000000000 0.209397785 0.187265419 0.196409849 0.355653572 0.410331235 0.611866758 0.518820602 0.748941881 0.923287905 0.666103007 0.680543277 0.669694454 0.627331795 0.618349547 0.643942140 0.771622661 0.843470843 0.754235598 0.607724716 0.613148219 0.585016766 0.843874631 0.688009270 0.691085216 0.752832133 0.738832457 0.746690470 0.820522553 0.791528481 0.985110830 0.774287289 0.685654763 0.908069717 1.076519101 0.928644708 1.344326099 
1     0.746409394 0.754353845 0.737450791 0.758000817 0.848145105 0.861810725 1.137606241 1.179264174 0.326131464 0.308250776 0.294005996 0.297006105 0.232243886 0.225136783 0.209397785 0.000000000 0.142798532 0.152296370 0.309520385 0.365058762 0.566147214 0.473101058 0.703166790 0.877512814 0.620327916 0.634950578 0.623919363 0.581556704 0.572574456 0.598167049 0.725847571 0.797695753 0.708460507 0.561916641 0.567256463 0.539105272 0.798128015 0.642234179 0.645310126 0.707057042 0.693057366 0.700915380 0.774747462 0.745753390 0.939335740 0.728512198 0.639866070 0.862041976 1.030794654 0.882869617 1.298551008 
10     0.726110833 0.734067214 0.719112633 0.739662659 0.829124921 0.842790542 1.126594967 1.168653218 0.305257258 0.287387448 0.273142668 0.276279811 0.210351912 0.196384579 0.187265419 0.142798532 0.000000000 0.124781267 0.288421527 0.343690421 0.545689300 0.452643144 0.682788065 0.857134089 0.599949191 0.614649108 0.603540638 0.561177979 0.552195732 0.577788324 0.705468846 0.777317028 0.688081782 0.541570900 0.546994403 0.518862950 0.777749290 0.621855454 0.624931401 0.686678317 0.672678641 0.680536655 0.754368737 0.725374665 0.918957015 0.708133473 0.619487345 0.841663251 1.010365285 0.862490892 1.278166948 
13     0.732343072 0.740372451 0.725428392 0.745978418 0.835440680 0.849106300 1.132910725 1.174929057 0.311392949 0.293512260 0.279216504 0.282102459 0.218253968 0.207762566 0.196409849 0.152296370 0.124781267 0.000000000 0.295647557 0.350769036 0.552011775 0.458965620 0.689110541 0.863456565 0.606271667 0.621098123 0.609863114 0.567500454 0.558518207 0.584110800 0.711791321 0.783639503 0.694404257 0.547893376 0.553316878 0.525185426 0.784071765 0.628177929 0.631253876 0.693000793 0.679001116 0.686859130 0.760691213 0.731697141 0.925279490 0.714455949 0.625809821 0.847985727 1.016687760 0.868813368 1.284489424 
22     0.763123206 0.771060364 0.755895120 0.776535725 0.865907408 0.879573029 1.163389787 1.205387757 0.343324593 0.325440838 0.311262512 0.314168528 0.262107361 0.319506025 0.355653572 0.309520385 0.288421527 0.295647557 0.000000000 0.230622549 0.582636231 0.489592570 0.719740207 0.894086231 0.636901333 0.651681484 0.640814187 0.598174829 0.589192582 0.614785174 0.742858195 0.814698106 0.725471131 0.578314768 0.583738271 0.555606818 0.814547808 0.658653972 0.661729919 0.723476836 0.709477159 0.717335173 0.791167255 0.762173184 0.955755533 0.744931991 0.656308707 0.878617054 1.047241993 0.899289411 1.311798609 
21     0.817994613 0.825922861 0.810766527 0.831407132 0.920778815 0.934444436 1.218261194 1.259516960 0.396946669 0.379232750 0.365035961 0.367878471 0.318399401 0.374455318 0.410331235 0.365058762 0.343690421 0.350769036 0.230622549 0.000000000 0.637398466 0.544354805 0.774611614 0.948957638 0.691772740 0.706552891 0.695685594 0.653046236 0.644063988 0.669656581 0.797729602 0.869569512 0.780342538 0.633186175 0.638609678 0.610478225 0.869419215 0.713525379 0.716601326 0.778348242 0.764348566 0.772206580 0.846038662 0.817044591 1.010626940 0.799803398 0.711180114 0.933488461 1.102113400 0.954160818 1.366671625 
19     0.681283423 0.689624504 0.677652786 0.698487701 0.787731247 0.801592879 1.084737732 1.127163288 0.513016982 0.493108360 0.479998761 0.480827459 0.516511660 0.574352011 0.611866758 0.566147214 0.545689300 0.552011775 0.582636231 0.637398466 0.000000000 0.274197352 0.638906833 0.812903868 0.556034189 0.571722643 0.560351312 0.518020028 0.508480830 0.534704513 0.662140569 0.733783210 0.644757287 0.498029261 0.503281864 0.475150411 0.733817050 0.577865674 0.580672737 0.642501621 0.628419548 0.636277562 0.710187611 0.681002033 0.874055333 0.663830125 0.575265112 0.797789820 0.965767501 0.817769479 1.226595280 
2     0.587187551 0.595477898 0.584081849 0.605020129 0.694243722 0.708020307 0.991279078 1.033704633 0.419881406 0.399829485 0.386863184 0.387691883 0.423631645 0.481305855 0.518820602 0.473101058 0.452643144 0.458965620 0.489592570 0.544354805 0.274197352 0.000000000 0.545444004 0.719363404 0.462515777 0.478161387 0.466852537 0.424566376 0.415027802 0.441260362 0.568767971 0.640410612 0.551384688 0.405201516 0.410435242 0.382303789 0.640751134 0.484758577 0.487565639 0.549394524 0.535312450 0.543170464 0.617078058 0.587894936 0.781018019 0.570723028 0.482158014 0.704682723 0.872660403 0.724662381 1.135101303 
50     0.793075115 0.802228606 0.784823121 0.805530895 0.894639043 0.906241064 1.192645513 1.235214400 0.650550416 0.630722676 0.617362316 0.617989814 0.650274234 0.711194815 0.748941881 0.703166790 0.682788065 0.689110541 0.719740207 0.774611614 0.638906833 0.545444004 0.000000000 0.538209281 0.280598388 0.295847579 0.281793981 0.354713906 0.344996579 0.370974673 0.514459526 0.587579396 0.496194979 0.519999575 0.524146237 0.496269601 0.759185987 0.603192767 0.605676130 0.667241550 0.653231299 0.661209641 0.734922487 0.706027226 0.899358645 0.688561519 0.600003161 0.822908266 0.990679820 0.843690334 1.272262291 
27     0.967740594 0.976894085 0.958715558 0.979419535 1.068540600 1.080835303 1.366771187 1.409385232 0.824639003 0.804811264 0.791450903 0.792043584 0.824940143 0.885540840 0.923287905 0.877512814 0.857134089 0.863456565 0.894086231 0.948957638 0.812903868 0.719363404 0.538209281 0.000000000 0.380157295 0.409815766 0.400585097 0.527210405 0.517493079 0.543341886 0.687895055 0.761017331 0.669064430 0.694956124 0.698663325 0.670878425 0.933460516 0.777738387 0.780221750 0.841291630 0.827350299 0.835415868 0.909128534 0.880249850 1.073581268 0.862836048 0.774277691 0.997182795 1.165416829 1.017373137 1.446752212 
23     0.710242612 0.719396103 0.701257826 0.721965599 0.811073747 0.823368450 1.109074679 1.151688724 0.567454105 0.547626366 0.534266005 0.534868171 0.567706246 0.628355942 0.666103007 0.620327916 0.599949191 0.606271667 0.636901333 0.691772740 0.556034189 0.462515777 0.280598388 0.380157295 0.000000000 0.149077774 0.138291534 0.269902709 0.260185382 0.286037473 0.430050926 0.503192546 0.411963479 0.436467624 0.440196425 0.412411525 0.675314963 0.519114580 0.521597943 0.583281033 0.569339702 0.577338617 0.651051284 0.622172600 0.815504018 0.604690495 0.516132137 0.739037242 0.907903033 0.759859341 1.188097327 
44     0.725630884 0.734784375 0.714392487 0.735100261 0.824045304 0.836355008 1.121338953 1.163952998 0.582441022 0.562613283 0.549252922 0.549849210 0.582359604 0.642841642 0.680543277 0.634950578 0.614649108 0.621098123 0.651681484 0.706552891 0.571722643 0.478161387 0.295847579 0.409815766 0.149077774 0.000000000 0.155271540 0.285737594 0.276020267 0.301938498 0.445547260 0.518650626 0.426979753 0.452163314 0.455556321 0.428089987 0.691018432 0.534818049 0.537301412 0.598875717 0.584934386 0.593042086 0.666754753 0.637876069 0.831207487 0.620393964 0.531835606 0.754740711 0.923610822 0.775562810 1.204112403 
34     0.714284107 0.723437598 0.705208028 0.725925421 0.815044881 0.827339583 1.113074397 1.155688442 0.571238120 0.551410381 0.538050020 0.538652186 0.571266341 0.631988252 0.669694454 0.623919363 0.603540638 0.609863114 0.640814187 0.695685594 0.560351312 0.466852537 0.281793981 0.400585097 0.138291534 0.155271540 0.000000000 0.273354625 0.263618562 0.289546137 0.433161367 0.506294653 0.414655369 0.440723465 0.444435268 0.416647069 0.678547029 0.522794703 0.525278066 0.586945467 0.573004135 0.581018740 0.655193036 0.626308405 0.819639823 0.608826300 0.520267942 0.743277552 0.911849007 0.763899259 1.192720132 
26     0.672737175 0.681451954 0.663212363 0.683920136 0.773204249 0.785847431 1.070969360 1.113595769 0.528761602 0.508724098 0.495573502 0.496055690 0.528845883 0.589584729 0.627331795 0.581556704 0.561177979 0.567500454 0.598174829 0.653046236 0.518020028 0.424566376 0.354713906 0.527210405 0.269902709 0.285737594 0.273354625 0.000000000 0.058270854 0.092902408 0.394294781 0.467369247 0.376959377 0.398478741 0.402603899 0.374701541 0.636353185 0.479979722 0.482463085 0.544498633 0.530488383 0.538382464 0.612260568 0.583301511 0.776632930 0.565339655 0.476575752 0.699687891 0.868996895 0.720704864 1.153010108 
48     0.663155112 0.671848022 0.652871381 0.673579154 0.762774998 0.775399732 1.060628003 1.103254412 0.518987482 0.499159743 0.485799382 0.486466796 0.519812791 0.580602482 0.618349547 0.572574456 0.552195732 0.558518207 0.589192582 0.644063988 0.508480830 0.415027802 0.344996579 0.517493079 0.260185382 0.276020267 0.263618562 0.058270854 0.000000000 0.083113710 0.384722184 0.457796651 0.367497270 0.389516975 0.393615811 0.365713453 0.627365097 0.470991634 0.473474997 0.535510545 0.521500295 0.529394376 0.603272480 0.574313423 0.767644841 0.556351566 0.467587664 0.690699803 0.860008807 0.711716776 1.143466168 
25     0.688674296 0.697379526 0.677915022 0.698759028 0.788008937 0.800686322 1.085808252 1.128434661 0.545371947 0.525544208 0.512183847 0.512851261 0.545463323 0.606195075 0.643942140 0.598167049 0.577788324 0.584110800 0.614785174 0.669656581 0.534704513 0.441260362 0.370974673 0.543341886 0.286037473 0.301938498 0.289546137 0.092902408 0.083113710 0.000000000 0.410787906 0.483862372 0.393576288 0.414466719 0.418324164 0.390425634 0.652356527 0.495978342 0.498461704 0.560497252 0.546487002 0.554381083 0.628259187 0.599300130 0.792631549 0.581325145 0.492561242 0.715671892 0.884980976 0.736688945 1.169265228 
24     0.815998101 0.824775946 0.806217781 0.826925555 0.917056034 0.929699216 1.214230643 1.256710136 0.673594355 0.653766616 0.640406255 0.641115765 0.673784712 0.733875596 0.771622661 0.725847571 0.705468846 0.711791321 0.742858195 0.797729602 0.662140569 0.568767971 0.514459526 0.687895055 0.430050926 0.445547260 0.433161367 0.394294781 0.384722184 0.410787906 0.000000000 0.193302868 0.122589899 0.539037071 0.542963606 0.515048296 0.778135005 0.621889326 0.624372689 0.685902760 0.672108597 0.680136775 0.754018683 0.725075279 0.916434188 0.707384453 0.618826096 0.841722988 1.010140302 0.862305134 1.299013535 
33     0.886980462 0.895938087 0.877486829 0.898193243 0.988148332 1.000756769 1.285475964 1.327955457 0.745434266 0.725606526 0.712246166 0.712955675 0.745632894 0.805723778 0.843470843 0.797695753 0.777317028 0.783639503 0.814698106 0.869569512 0.733783210 0.640410612 0.587579396 0.761017331 0.503192546 0.518650626 0.506294653 0.467369247 0.457796651 0.483862372 0.193302868 0.000000000 0.193206093 0.611228662 0.615155197 0.587239887 0.850292065 0.694066066 0.696549429 0.758018396 0.744285337 0.752313515 0.826175743 0.797232338 0.988624975 0.779645799 0.691087442 0.913992546 1.082242681 0.934407513 1.371277650 
32     0.798481643 0.807388822 0.788783762 0.809491535 0.899629591 0.912272772 1.196659282 1.239041308 0.656207291 0.636379552 0.623019191 0.623728701 0.656397648 0.716488532 0.754235598 0.708460507 0.688081782 0.694404257 0.725471131 0.780342538 0.644757287 0.551384688 0.496194979 0.669064430 0.411963479 0.426979753 0.414655369 0.376959377 0.367497270 0.393576288 0.122589899 0.193206093 0.000000000 0.521605821 0.525532357 0.497617047 0.760631686 0.604395635 0.606878998 0.668386194 0.654614907 0.662643084 0.736501266 0.707553331 0.899731770 0.690107199 0.601548841 0.824453946 0.992675079 0.844817500 1.281650288 
41     0.645402094 0.653611117 0.636165978 0.656864876 0.746460237 0.759794891 1.042941124 1.085630494 0.508989873 0.489014839 0.475828980 0.476565444 0.511919295 0.569505565 0.607724716 0.561916641 0.541570900 0.547893376 0.578314768 0.633186175 0.498029261 0.405201516 0.519999575 0.694956124 0.436467624 0.452163314 0.440723465 0.398478741 0.389516975 0.414466719 0.539037071 0.611228662 0.521605821 0.000000000 0.254083082 0.226482489 0.582682022 0.427042428 0.429765385 0.490637298 0.476546696 0.484355414 0.558885608 0.529765456 0.723516917 0.511113662 0.422562110 0.645425463 0.814880279 0.666933052 1.134233888 
43     0.652316585 0.660523961 0.643075428 0.663774326 0.752442522 0.765820437 1.049601161 1.092290531 0.514517118 0.494640093 0.481356225 0.482067496 0.517342797 0.575321134 0.613148219 0.567256463 0.546994403 0.553316878 0.583738271 0.638609678 0.503281864 0.410435242 0.524146237 0.698663325 0.440196425 0.455556321 0.444435268 0.402603899 0.393615811 0.418324164 0.542963606 0.615155197 0.525532357 0.254083082 0.000000000 0.082174218 0.585727275 0.429997852 0.432720809 0.493592723 0.479502121 0.487083016 0.561822821 0.532702668 0.726454130 0.514060908 0.425509356 0.648372709 0.817915382 0.670094124 1.136516078 
47     0.624184492 0.632391868 0.614943976 0.635642873 0.724311069 0.737688984 1.021966292 1.064655663 0.486385665 0.466508640 0.453224772 0.453936043 0.489211344 0.547189681 0.585016766 0.539105272 0.518862950 0.525185426 0.555606818 0.610478225 0.475150411 0.382303789 0.496269601 0.670878425 0.412411525 0.428089987 0.416647069 0.374701541 0.365713453 0.390425634 0.515048296 0.587239887 0.497617047 0.226482489 0.082174218 0.000000000 0.558185873 0.402456450 0.405179407 0.466051321 0.451960719 0.459580092 0.534281419 0.505161266 0.698912728 0.486519506 0.397967954 0.620831307 0.790373980 0.642552722 1.105135548 
49     0.881837619 0.889150000 0.877298395 0.897927270 0.986957786 1.000309016 1.281927436 1.325080258 0.745270255 0.725412136 0.712108110 0.712820633 0.747429332 0.806151603 0.843874631 0.798128015 0.777749290 0.784071765 0.814547808 0.869419215 0.733817050 0.640751134 0.759185987 0.933460516 0.675314963 0.691018432 0.678547029 0.636353185 0.627365097 0.652356527 0.778135005 0.850292065 0.760631686 0.582682022 0.585727275 0.558185873 0.000000000 0.257897610 0.258998850 0.325165420 0.312954687 0.320905994 0.456972866 0.429225726 0.618403557 0.527200043 0.438341966 0.662831847 0.866611238 0.718349788 1.367147417 
36     0.723361609 0.731141344 0.720539079 0.741167954 0.830198472 0.843549703 1.125167559 1.168300342 0.589327919 0.569469800 0.556167026 0.556878297 0.591707182 0.650163562 0.688009270 0.642234179 0.621855454 0.628177929 0.658653972 0.713525379 0.577865674 0.484758577 0.603192767 0.777738387 0.519114580 0.534818049 0.522794703 0.479979722 0.470991634 0.495978342 0.621889326 0.694066066 0.604395635 0.427042428 0.429997852 0.402456450 0.257897610 0.000000000 0.022084855 0.115984227 0.101454169 0.108426248 0.297480628 0.272489721 0.464822126 0.372545436 0.283923775 0.508219005 0.712758567 0.564870524 1.209188580 
35     0.726186838 0.733966572 0.723369136 0.743998011 0.833028529 0.846379759 1.127997616 1.171130399 0.592390672 0.572532553 0.559229779 0.559941050 0.594783129 0.653362188 0.691085216 0.645310126 0.624931401 0.631253876 0.661729919 0.716601326 0.580672737 0.487565639 0.605676130 0.780221750 0.521597943 0.537301412 0.525278066 0.482463085 0.473474997 0.498461704 0.624372689 0.696549429 0.606878998 0.429765385 0.432720809 0.405179407 0.258998850 0.022084855 0.000000000 0.115316209 0.101738083 0.107077301 0.295532697 0.270695111 0.463947164 0.373745476 0.284962788 0.509419045 0.715206641 0.567318513 1.213226540 
30     0.789464412 0.797217333 0.785054125 0.805683000 0.894679504 0.908030735 1.189177466 1.232440207 0.654137589 0.634279470 0.620976696 0.621687967 0.656521281 0.714980947 0.752832133 0.707057042 0.686678317 0.693000793 0.723476836 0.778348242 0.642501621 0.549394524 0.667241550 0.841291630 0.583281033 0.598875717 0.586945467 0.544498633 0.535510545 0.560497252 0.685902760 0.758018396 0.668386194 0.490637298 0.493592723 0.466051321 0.325165420 0.115984227 0.115316209 0.000000000 0.093958065 0.161895065 0.357336179 0.332131239 0.523671872 0.435507824 0.346382656 0.571196472 0.776594196 0.628855445 1.274652794 
31     0.775887800 0.783621601 0.771054448 0.791683323 0.880679828 0.894031058 1.175177789 1.218440530 0.640137912 0.620279793 0.606977019 0.607688290 0.642530370 0.700981270 0.738832457 0.693057366 0.672678641 0.679001116 0.709477159 0.764348566 0.628419548 0.535312450 0.653231299 0.827350299 0.569339702 0.584934386 0.573004135 0.530488383 0.521500295 0.546487002 0.672108597 0.744285337 0.654614907 0.476546696 0.479502121 0.451960719 0.312954687 0.101454169 0.101738083 0.093958065 0.000000000 0.145880855 0.344598625 0.319084490 0.510297003 0.420808093 0.332091142 0.556744930 0.762327090 0.614588339 1.260588488 
29     0.783749815 0.791483615 0.778987903 0.799616779 0.888644965 0.901996196 1.183651123 1.226820239 0.647995926 0.628137807 0.614835033 0.615546304 0.650388383 0.708839284 0.746690470 0.700915380 0.680536655 0.686859130 0.717335173 0.772206580 0.636277562 0.543170464 0.661209641 0.835415868 0.577338617 0.593042086 0.581018740 0.538382464 0.529394376 0.554381083 0.680136775 0.752313515 0.662643084 0.484355414 0.487083016 0.459580092 0.320905994 0.108426248 0.107077301 0.161895065 0.145880855 0.000000000 0.349343769 0.324108163 0.515586843 0.428949943 0.339985801 0.564638903 0.770019764 0.622362131 1.268414029 
45     0.858668375 0.866686288 0.852646316 0.873438786 0.962180552 0.975531783 1.257438507 1.300591329 0.721822255 0.701964136 0.688050647 0.689372633 0.724218021 0.782583028 0.820522553 0.774747462 0.754368737 0.760691213 0.791167255 0.846038662 0.710187611 0.617078058 0.734922487 0.909128534 0.651051284 0.666754753 0.655193036 0.612260568 0.603272480 0.628259187 0.754018683 0.826175743 0.736501266 0.558885608 0.561822821 0.534281419 0.456972866 0.297480628 0.295532697 0.357336179 0.344598625 0.349343769 0.000000000 0.124892769 0.493873554 0.501820744 0.411943288 0.637956891 0.841089145 0.694460968 1.340808682 
46     0.829040063 0.836720107 0.822633376 0.843423125 0.932164890 0.945516121 1.223366754 1.267361926 0.692875156 0.673017037 0.659103548 0.660425534 0.695223949 0.753561142 0.791528481 0.745753390 0.725374665 0.731697141 0.762173184 0.817044591 0.681002033 0.587894936 0.706027226 0.880249850 0.622172600 0.637876069 0.626308405 0.583301511 0.574313423 0.599300130 0.725075279 0.797232338 0.707553331 0.529765456 0.532702668 0.505161266 0.429225726 0.272489721 0.270695111 0.332131239 0.319084490 0.324108163 0.124892769 0.000000000 0.468684276 0.473185627 0.383324907 0.609149010 0.813218566 0.666647389 1.313911684 
40     1.023205981 1.030940216 1.017224110 1.037860849 1.126904433 1.140255663 1.421749085 1.464786545 0.886416286 0.866558167 0.853255393 0.853966664 0.888799948 0.947315068 0.985110830 0.939335740 0.918957015 0.925279490 0.955755533 1.010626940 0.874055333 0.781018019 0.899358645 1.073581268 0.815504018 0.831207487 0.819639823 0.776632930 0.767644841 0.792631549 0.916434188 0.988624975 0.899731770 0.723516917 0.726454130 0.698912728 0.618403557 0.464822126 0.463947164 0.523671872 0.510297003 0.515586843 0.493873554 0.468684276 0.000000000 0.667300428 0.577974068 0.803613443 1.006599063 0.858604529 1.507587276 
28     0.813917334 0.820851009 0.806835733 0.827018560 0.916184215 0.929535446 1.211537890 1.255190911 0.675625520 0.655767401 0.641586569 0.643175898 0.677927051 0.736564260 0.774287289 0.728512198 0.708133473 0.714455949 0.744931991 0.799803398 0.663830125 0.570723028 0.688561519 0.862836048 0.604690495 0.620393964 0.608826300 0.565339655 0.556351566 0.581325145 0.707384453 0.779645799 0.690107199 0.511113662 0.514060908 0.486519506 0.527200043 0.372545436 0.373745476 0.435507824 0.420808093 0.428949943 0.501820744 0.473185627 0.667300428 0.000000000 0.193416725 0.450047306 0.795142204 0.648592879 1.296084972 
37     0.725441122 0.732527515 0.718653425 0.739185045 0.828301066 0.841652297 1.123711957 1.167022873 0.587034752 0.567176632 0.552616342 0.554585130 0.589363492 0.647861157 0.685654763 0.639866070 0.619487345 0.625809821 0.656308707 0.711180114 0.575265112 0.482158014 0.600003161 0.774277691 0.516132137 0.531835606 0.520267942 0.476575752 0.467587664 0.492561242 0.618826096 0.691087442 0.601548841 0.422562110 0.425509356 0.397967954 0.438341966 0.283923775 0.284962788 0.346382656 0.332091142 0.339985801 0.411943288 0.383324907 0.577974068 0.193416725 0.000000000 0.360369350 0.706832257 0.560282209 1.207538596 
39     0.946713932 0.954353589 0.938939843 0.959471463 1.048136838 1.061488069 1.343242916 1.386625609 0.809443954 0.789580395 0.775146964 0.777007742 0.811641477 0.870177750 0.908069717 0.862041976 0.841663251 0.847985727 0.878617054 0.933488461 0.797789820 0.704682723 0.822908266 0.997182795 0.739037242 0.754740711 0.743277552 0.699687891 0.690699803 0.715671892 0.841722988 0.913992546 0.824453946 0.645425463 0.648372709 0.620831307 0.662831847 0.508219005 0.509419045 0.571196472 0.556744930 0.564638903 0.637956891 0.609149010 0.803613443 0.450047306 0.360369350 0.000000000 0.930986938 0.784539625 1.430660842 
42     1.115962964 1.123711450 1.108399914 1.129107001 1.218274258 1.231625489 1.514097101 1.557386189 0.977915790 0.958057671 0.944754897 0.945466168 0.980359778 1.038759458 1.076519101 1.030794654 1.010365285 1.016687760 1.047241993 1.102113400 0.965767501 0.872660403 0.990679820 1.165416829 0.907903033 0.923610822 0.911849007 0.868996895 0.860008807 0.884980976 1.010140302 1.082242681 0.992675079 0.814880279 0.817915382 0.790373980 0.866611238 0.712758567 0.715206641 0.776594196 0.762327090 0.770019764 0.841089145 0.813218566 1.006599063 0.795142204 0.706832257 0.930986938 0.000000000 0.805910297 1.597723359 
38     0.966232099 0.973757175 0.957643053 0.978350140 1.067191066 1.080542297 1.363808103 1.406964009 0.829998113 0.810139994 0.796837220 0.797548491 0.832484827 0.890898196 0.928644708 0.882869617 0.862490892 0.868813368 0.899289411 0.954160818 0.817769479 0.724662381 0.843690334 1.017373137 0.759859341 0.775562810 0.763899259 0.720704864 0.711716776 0.736688945 0.862305134 0.934407513 0.844817500 0.666933052 0.670094124 0.642552722 0.718349788 0.564870524 0.567318513 0.628855445 0.614588339 0.622362131 0.694460968 0.666647389 0.858604529 0.648592879 0.560282209 0.784539625 0.805910297 0.000000000 1.449598636 
0     1.385251516 1.394038464 1.382105565 1.401060298 1.487591630 1.500865990 1.789145751 1.831767503 1.245931198 1.226088043 1.212770305 1.213492368 1.248286854 1.304026113 1.344326099 1.298551008 1.278166948 1.284489424 1.311798609 1.366671625 1.226595280 1.135101303 1.272262291 1.446752212 1.188097327 1.204112403 1.192720132 1.153010108 1.143466168 1.169265228 1.299013535 1.371277650 1.281650288 1.134233888 1.136516078 1.105135548 1.367147417 1.209188580 1.213226540 1.274652794 1.260588488 1.268414029 1.340808682 1.313911684 1.507587276 1.296084972 1.207538596 1.430660842 1.597723359 1.449598636 0.000000000 
