51
14     0.000000000 0.000555270 0.007230590 0.007172100 0.007600180 0.008232030 0.009176090 0.009196250 0.005642840 0.005179820 0.005022670 0.005178950 0.005160820 0.006003500 0.005776990 0.005970760 0.005753790 0.005739220 0.005821580 0.006264560 0.005095380 0.004778210 0.005534210 0.005965620 0.005426950 0.005804370 0.005539450 0.005536960 0.005502720 0.005786120 0.006431060 0.006555140 0.002817130 0.005447060 0.005051600 0.004840060 0.007852080 0.006111180 0.006084180 0.006284050 0.006308310 0.006166000 0.007156360 0.006905590 0.007004400 0.006493220 0.005772630 0.007631340 0.006307920 0.006420170 0.013986350 
7     0.000555270 0.000000000 0.007356080 0.007297590 0.007725670 0.008357520 0.009301580 0.009321740 0.005768330 0.005305310 0.005148160 0.005304440 0.005286310 0.006128990 0.005902480 0.006096250 0.005879280 0.005864710 0.005947070 0.006390050 0.005220870 0.004903700 0.005659700 0.006091110 0.005552440 0.005929860 0.005664940 0.005662450 0.005345240 0.005911610 0.004846910 0.006680630 0.006201430 0.005513010 0.005177090 0.004965550 0.007977570 0.006236670 0.006209670 0.006409540 0.006433800 0.006291490 0.007281850 0.007031080 0.007129890 0.006618710 0.005898120 0.007756830 0.006433410 0.006545660 0.014111840 
20     0.007230590 0.007356080 0.000000000 0.000255760 0.001386470 0.000503290 0.001038610 0.000215060 0.004660950 0.004197930 0.004040780 0.004197060 0.004178930 0.005021610 0.004795100 0.004988870 0.004771900 0.004757330 0.004839690 0.005282670 0.004194010 0.003876840 0.004563940 0.004995350 0.004456680 0.004834100 0.004569180 0.004566690 0.004532450 0.004815850 0.005023020 0.005584870 0.005105670 0.005037930 0.003987440 0.003746860 0.002828680 0.001390440 0.001805220 0.004609110 0.003260940 0.005195730 0.006186090 0.005935320 0.006034130 0.005522950 0.004802360 0.006661070 0.005337650 0.005449900 0.013016080 
15     0.007172100 0.007297590 0.000255760 0.000000000 0.001327980 0.000748830 0.001284150 0.000460600 0.004602460 0.004139440 0.003982290 0.004138570 0.004120440 0.004963120 0.004736610 0.004930380 0.004713410 0.004698840 0.004781200 0.005224180 0.004135520 0.003818350 0.004505450 0.004936860 0.004398190 0.004775610 0.004510690 0.004508200 0.004473960 0.004757360 0.005402300 0.005526380 0.005047180 0.004979440 0.004011500 0.003770920 0.006823320 0.005082420 0.005055420 0.005255290 0.005279550 0.005137240 0.006127600 0.005876830 0.005975640 0.005464460 0.004743870 0.006602580 0.005279160 0.005391410 0.002169310 
9     0.007600180 0.007725670 0.001386470 0.001327980 0.000000000 0.000161400 0.005325630 0.005345790 0.005030540 0.004567520 0.004410370 0.004566650 0.004548520 0.005391200 0.005164690 0.005358460 0.005141490 0.005126920 0.005209280 0.005652260 0.004563600 0.004246430 0.004933530 0.005364940 0.004826270 0.005203690 0.004938770 0.004936280 0.004902040 0.005185440 0.005830380 0.005954460 0.005475260 0.005407520 0.004450920 0.004239380 0.007251400 0.005510500 0.005483500 0.005683370 0.005707630 0.005565320 0.006555680 0.006304910 0.006403720 0.005892540 0.005171950 0.007030660 0.005707240 0.005819490 0.013385670 
17     0.008232030 0.008357520 0.000503290 0.000748830 0.000161400 0.000000000 0.001443180 0.000619630 0.005662390 0.005199370 0.005042220 0.005198500 0.005180370 0.006023050 0.005796540 0.005990310 0.005773340 0.005758770 0.005841130 0.006284110 0.005195450 0.004878280 0.005565380 0.005996790 0.005458120 0.005835540 0.005570620 0.005568130 0.005533890 0.005817290 0.006462230 0.006586310 0.006107110 0.006039370 0.005082770 0.004871230 0.007883250 0.006142350 0.006115350 0.006315220 0.006339480 0.006197170 0.007187530 0.006936760 0.007035570 0.006524390 0.005803800 0.007662510 0.006339090 0.006451340 0.014017520 
11     0.009176090 0.009301580 0.001038610 0.001284150 0.005325630 0.001443180 0.000000000 0.001154950 0.006606450 0.006143430 0.005986280 0.006142560 0.006124430 0.006967110 0.006740600 0.006934370 0.006717400 0.006702830 0.006785190 0.007228170 0.006139510 0.005822340 0.006509440 0.006940850 0.006402180 0.006779600 0.006514680 0.006512190 0.006477950 0.006761350 0.007406290 0.007530370 0.007051170 0.006983430 0.006026830 0.005815290 0.008827310 0.007086410 0.007059410 0.007259280 0.007283540 0.007141230 0.008131590 0.007880820 0.007979630 0.007468450 0.006747860 0.008606570 0.007283150 0.007395400 0.014961580 
3     0.009196250 0.009321740 0.000215060 0.000460600 0.005345790 0.000619630 0.001154950 0.000000000 0.006626610 0.006163590 0.006006440 0.006162720 0.006144590 0.006987270 0.006760760 0.006954530 0.006737560 0.006722990 0.006805350 0.007248330 0.006159670 0.005842500 0.006091000 0.006961010 0.006422340 0.006799760 0.006534840 0.006532350 0.006498110 0.006781510 0.007426450 0.007550530 0.007071330 0.007003590 0.006046990 0.005835450 0.008847470 0.007106570 0.007079570 0.007279440 0.007303700 0.007161390 0.008151750 0.007900980 0.007999790 0.007488610 0.006768020 0.008626730 0.007303310 0.007415560 0.014981740 
18     0.005642840 0.005768330 0.004660950 0.004602460 0.005030540 0.005662390 0.006606450 0.006626610 0.000000000 0.000044830 0.000596910 0.000729820 0.001687560 0.001903950 0.002451450 0.001959850 0.002428250 0.002413680 0.001649930 0.002939020 0.002606260 0.002289090 0.002976190 0.003407600 0.002868930 0.003246350 0.002981430 0.002978940 0.002944700 0.003228100 0.003873040 0.003997120 0.003517920 0.003450180 0.002493580 0.002282040 0.005294060 0.003553160 0.003526160 0.003726030 0.003750290 0.003607980 0.004598340 0.004347570 0.004446380 0.003935200 0.003214610 0.005073320 0.003749900 0.003862150 0.011428330 
16     0.005179820 0.005305310 0.004197930 0.004139440 0.004567520 0.005199370 0.006143430 0.006163590 0.000044830 0.000000000 0.000260770 0.000563910 0.001372260 0.002214940 0.001970310 0.002182200 0.001965230 0.001950660 0.002033020 0.002476000 0.002143240 0.001826070 0.002513170 0.002944580 0.002405910 0.002783330 0.002518410 0.002515920 0.002481680 0.002765080 0.003410020 0.003534100 0.003054900 0.002987160 0.002030560 0.001819020 0.004831040 0.003090140 0.003063140 0.003263010 0.003287270 0.003144960 0.004135320 0.003884550 0.003983360 0.003472180 0.002751590 0.004610300 0.003286880 0.003399130 0.010965310 
5     0.005022670 0.005148160 0.004040780 0.003982290 0.004410370 0.005042220 0.005986280 0.006006440 0.000596910 0.000260770 0.000000000 0.000553390 0.001215110 0.001722940 0.001831280 0.001778840 0.001808080 0.000708030 0.001468920 0.002318850 0.001986090 0.001668920 0.002356020 0.002787430 0.002248760 0.002626180 0.002361260 0.002358770 0.002324530 0.002607930 0.003252870 0.003376950 0.002897750 0.002830010 0.001873410 0.001661870 0.004673890 0.002932990 0.002905990 0.003105860 0.003130120 0.002987810 0.003978170 0.003727400 0.003826210 0.003315030 0.002594440 0.004453150 0.003129730 0.003241980 0.010808160 
6     0.005178950 0.005304440 0.004197060 0.004138570 0.004566650 0.005198500 0.006142560 0.006162720 0.000729820 0.000563910 0.000553390 0.000000000 0.001371390 0.001860430 0.001987560 0.001916330 0.001964360 0.001949790 0.001606410 0.002475130 0.002142370 0.001825200 0.002512300 0.002943710 0.002405040 0.002782460 0.002517540 0.002515050 0.002480810 0.002764210 0.003409150 0.003533230 0.003054030 0.002986290 0.002029690 0.001818150 0.004830170 0.003089270 0.003062270 0.003262140 0.003286400 0.003144090 0.004134450 0.003883680 0.003982490 0.003471310 0.002750720 0.004609430 0.003286010 0.003398260 0.010964440 
12     0.005160820 0.005286310 0.004178930 0.004120440 0.004548520 0.005180370 0.006124430 0.006144590 0.001687560 0.001372260 0.001215110 0.001371390 0.000000000 0.001280890 0.001224950 0.001620700 0.001403730 0.001389160 0.001465430 0.001914500 0.002124240 0.001807070 0.002494170 0.002925580 0.002386910 0.002764330 0.002499410 0.002496920 0.002462680 0.002746080 0.003391020 0.003515100 0.003035900 0.002968160 0.002011560 0.001800020 0.004812040 0.003071140 0.003044140 0.003244010 0.003268270 0.003125960 0.004116320 0.003865550 0.003964360 0.003453180 0.002732590 0.004591300 0.003267880 0.003380130 0.010946310 
8     0.006003500 0.006128990 0.005021610 0.004963120 0.005391200 0.006023050 0.006967110 0.006987270 0.001903950 0.002214940 0.001722940 0.001860430 0.001280890 0.000000000 0.002269610 0.000810340 0.000593370 0.000578800 0.001681820 0.002730100 0.002966920 0.002649750 0.003336850 0.003768260 0.003229590 0.003607010 0.003342090 0.003339600 0.003305360 0.003588760 0.004233700 0.004357780 0.003878580 0.003810840 0.002854240 0.002642700 0.005654720 0.003913820 0.003886820 0.004086690 0.004110950 0.003968640 0.004959000 0.004708230 0.004807040 0.004295860 0.003575270 0.005433980 0.004110560 0.004222810 0.011788990 
4     0.005776990 0.005902480 0.004795100 0.004736610 0.005164690 0.005796540 0.006740600 0.006760760 0.002451450 0.001970310 0.001831280 0.001987560 0.001224950 0.002269610 0.000000000 0.001126640 0.000624010 0.001083340 0.002087690 0.002530670 0.002740410 0.002423240 0.003110340 0.003541750 0.003003080 0.003380500 0.003115580 0.003113090 0.003078850 0.003362250 0.004007190 0.004131270 0.003652070 0.003584330 0.002627730 0.002416190 0.005428210 0.003687310 0.003660310 0.003860180 0.003884440 0.003742130 0.004732490 0.004481720 0.004580530 0.004069350 0.003348760 0.005207470 0.003884050 0.003996300 0.011562480 
1     0.005970760 0.006096250 0.004988870 0.004930380 0.005358460 0.005990310 0.006934370 0.006954530 0.001959850 0.002182200 0.001778840 0.001916330 0.001620700 0.000810340 0.001126640 0.000000000 0.000404450 0.000322000 0.001705560 0.002697360 0.002934180 0.002617010 0.003304110 0.003735520 0.003196850 0.003574270 0.003309350 0.003306860 0.003272620 0.003556020 0.004200960 0.004325040 0.003845840 0.003778100 0.002821500 0.002609960 0.005621980 0.003881080 0.003854080 0.004053950 0.004078210 0.003935900 0.004926260 0.004675490 0.004774300 0.004263120 0.003542530 0.005401240 0.004077820 0.004190070 0.011756250 
10     0.005753790 0.005879280 0.004771900 0.004713410 0.005141490 0.005773340 0.006717400 0.006737560 0.002428250 0.001965230 0.001808080 0.001964360 0.001403730 0.000593370 0.000624010 0.000404450 0.000000000 0.000003790 0.002037410 0.002480390 0.002717210 0.002400040 0.003087140 0.003518550 0.002979880 0.003357300 0.003092380 0.003089890 0.003055650 0.003339050 0.003983990 0.004108070 0.003628870 0.003561130 0.002604530 0.002392990 0.005405010 0.003664110 0.003637110 0.003836980 0.003861240 0.003718930 0.004709290 0.004458520 0.004557330 0.004046150 0.003325560 0.005184270 0.003860850 0.003973100 0.011539280 
13     0.005739220 0.005864710 0.004757330 0.004698840 0.005126920 0.005758770 0.006702830 0.006722990 0.002413680 0.001950660 0.000708030 0.001949790 0.001389160 0.000578800 0.001083340 0.000322000 0.000003790 0.000000000 0.002022840 0.002465820 0.002702640 0.002385470 0.003072570 0.003503980 0.002965310 0.003342730 0.003077810 0.003075320 0.003041080 0.003324480 0.003969420 0.004093500 0.003614300 0.003546560 0.002589960 0.002378420 0.005390440 0.003649540 0.003622540 0.003822410 0.003846670 0.003704360 0.004694720 0.004443950 0.004542760 0.004031580 0.003310990 0.005169700 0.003846280 0.003958530 0.011524710 
22     0.005821580 0.005947070 0.004839690 0.004781200 0.005209280 0.005841130 0.006785190 0.006805350 0.001649930 0.002033020 0.001468920 0.001606410 0.001465430 0.001681820 0.002087690 0.001705560 0.002037410 0.002022840 0.000000000 0.000071420 0.002785000 0.002467830 0.003154930 0.003586340 0.003047670 0.003425090 0.003160170 0.003157680 0.003123440 0.003406840 0.004051780 0.004175860 0.003696660 0.003628920 0.002672320 0.002460780 0.005472800 0.003731900 0.003704900 0.003904770 0.003929030 0.003786720 0.004777080 0.004526310 0.004625120 0.004113940 0.003393350 0.005252060 0.003928640 0.004040890 0.011607070 
21     0.006264560 0.006390050 0.005282670 0.005224180 0.005652260 0.006284110 0.007228170 0.007248330 0.002939020 0.002476000 0.002318850 0.002475130 0.001914500 0.002730100 0.002530670 0.002697360 0.002480390 0.002465820 0.000071420 0.000000000 0.003227980 0.002910810 0.003597910 0.004029320 0.003490650 0.003868070 0.003603150 0.003600660 0.003566420 0.003849820 0.004494760 0.004618840 0.004139640 0.004071900 0.003115300 0.002903760 0.005915780 0.004174880 0.004147880 0.004347750 0.004372010 0.004229700 0.005220060 0.004969290 0.005068100 0.004556920 0.003836330 0.005695040 0.004371620 0.004483870 0.012050050 
19     0.005095380 0.005220870 0.004194010 0.004135520 0.004563600 0.005195450 0.006139510 0.006159670 0.002606260 0.002143240 0.001986090 0.002142370 0.002124240 0.002966920 0.002740410 0.002934180 0.002717210 0.002702640 0.002785000 0.003227980 0.000000000 0.000134130 0.002497630 0.002929040 0.002390370 0.002767790 0.002502870 0.002500380 0.002466140 0.002749540 0.003394480 0.003518560 0.003039360 0.002971620 0.002015020 0.001803480 0.004815500 0.003074600 0.003047600 0.003247470 0.003271730 0.003129420 0.004119780 0.003869010 0.003967820 0.003456640 0.002736050 0.004594760 0.003271340 0.003383590 0.010949770 
2     0.004778210 0.004903700 0.003876840 0.003818350 0.004246430 0.004878280 0.005822340 0.005842500 0.002289090 0.001826070 0.001668920 0.001825200 0.001807070 0.002649750 0.002423240 0.002617010 0.002400040 0.002385470 0.002467830 0.002910810 0.000134130 0.000000000 0.002180460 0.002611870 0.002073200 0.002450620 0.002185700 0.002183210 0.002148970 0.002432370 0.003077310 0.003201390 0.002722190 0.002654450 0.001697850 0.001486310 0.004498330 0.002757430 0.002730430 0.002930300 0.002954560 0.002812250 0.003802610 0.003551840 0.003650650 0.003139470 0.002418880 0.004277590 0.002954170 0.003066420 0.006557490 
50     0.005534210 0.005659700 0.004563940 0.004505450 0.004933530 0.005565380 0.006509440 0.006091000 0.002976190 0.002513170 0.002356020 0.002512300 0.002494170 0.003336850 0.003110340 0.003304110 0.003087140 0.003072570 0.003154930 0.003597910 0.002497630 0.002180460 0.000000000 0.001269870 0.000675700 0.001108620 0.000843700 0.001726430 0.001692190 0.001975590 0.002620530 0.002744610 0.002265410 0.003205470 0.002248870 0.002037330 0.005049350 0.003308450 0.003281450 0.003481320 0.003505580 0.003363270 0.004353630 0.004102860 0.004201670 0.003690490 0.002969900 0.004828610 0.003505190 0.003617440 0.011180380 
27     0.005965620 0.006091110 0.004995350 0.004936860 0.005364940 0.005996790 0.006940850 0.006961010 0.003407600 0.002944580 0.002787430 0.002943710 0.002925580 0.003768260 0.003541750 0.003735520 0.003518550 0.003503980 0.003586340 0.004029320 0.002929040 0.002611870 0.001269870 0.000000000 0.000035860 0.001114810 0.000464370 0.002157840 0.002123600 0.002407000 0.003051940 0.003176020 0.002696820 0.003636880 0.002680280 0.002468740 0.005480760 0.003739860 0.003712860 0.003912730 0.003936990 0.003794680 0.004785040 0.004534270 0.004633080 0.004121900 0.003401310 0.005260020 0.003936600 0.004048850 0.011611790 
23     0.005426950 0.005552440 0.004456680 0.004398190 0.004826270 0.005458120 0.006402180 0.006422340 0.002868930 0.002405910 0.002248760 0.002405040 0.002386910 0.003229590 0.003003080 0.003196850 0.002979880 0.002965310 0.003047670 0.003490650 0.002390370 0.002073200 0.000675700 0.000035860 0.000000000 0.000046070 0.000736440 0.001619170 0.001584930 0.001868330 0.002513270 0.002637350 0.002158150 0.003098210 0.002141610 0.001930070 0.004942090 0.003201190 0.003174190 0.003374060 0.003398320 0.003256010 0.004246370 0.003995600 0.004094410 0.003583230 0.002862640 0.004721350 0.003397930 0.003510180 0.011073120 
44     0.005804370 0.005929860 0.004834100 0.004775610 0.005203690 0.005835540 0.006779600 0.006799760 0.003246350 0.002783330 0.002626180 0.002782460 0.002764330 0.003607010 0.003380500 0.003574270 0.003357300 0.003342730 0.003425090 0.003868070 0.002767790 0.002450620 0.001108620 0.001114810 0.000046070 0.000000000 0.000625360 0.001996590 0.001962350 0.002245750 0.002890690 0.003014770 0.002535570 0.003475630 0.002519030 0.002307490 0.005319510 0.003578610 0.003551610 0.003751480 0.003775740 0.003633430 0.004623790 0.004373020 0.004471830 0.003960650 0.003240060 0.005098770 0.003775350 0.003887600 0.011450540 
34     0.005539450 0.005664940 0.004569180 0.004510690 0.004938770 0.005570620 0.006514680 0.006534840 0.002981430 0.002518410 0.002361260 0.002517540 0.002499410 0.003342090 0.003115580 0.003309350 0.003092380 0.003077810 0.003160170 0.003603150 0.002502870 0.002185700 0.000843700 0.000464370 0.000736440 0.000625360 0.000000000 0.001731670 0.001697430 0.001980830 0.002625770 0.002749850 0.002270650 0.003210710 0.002254110 0.002042570 0.005054590 0.003313690 0.003286690 0.003486560 0.003510820 0.003368510 0.004358870 0.004108100 0.004206910 0.003695730 0.002975140 0.004833850 0.003510430 0.003622680 0.011185620 
26     0.005536960 0.005662450 0.004566690 0.004508200 0.004936280 0.005568130 0.006512190 0.006532350 0.002978940 0.002515920 0.002358770 0.002515050 0.002496920 0.003339600 0.003113090 0.003306860 0.003089890 0.003075320 0.003157680 0.003600660 0.002500380 0.002183210 0.001726430 0.002157840 0.001619170 0.001996590 0.001731670 0.000000000 0.000000000 0.000669100 0.002336920 0.002461000 0.001981800 0.002150690 0.002251620 0.002040080 0.003045600 0.003311200 0.003284200 0.003484070 0.003508330 0.003366020 0.004356380 0.004105610 0.004204420 0.003693240 0.002972650 0.004831360 0.003507940 0.003620190 0.011183130 
48     0.005502720 0.005345240 0.004532450 0.004473960 0.004902040 0.005533890 0.006477950 0.006498110 0.002944700 0.002481680 0.002324530 0.002480810 0.002462680 0.003305360 0.003078850 0.003272620 0.003055650 0.003041080 0.003123440 0.003566420 0.002466140 0.002148970 0.001692190 0.002123600 0.001584930 0.001962350 0.001697430 0.000000000 0.000000000 0.000094110 0.002302680 0.002426760 0.001947560 0.002485620 0.002217380 0.002005840 0.003007840 0.003276960 0.003249960 0.003449830 0.003474090 0.003331780 0.004322140 0.004071370 0.004170180 0.003659000 0.002938410 0.004797120 0.003473700 0.003585950 0.011148890 
25     0.005786120 0.005911610 0.004815850 0.004757360 0.005185440 0.005817290 0.006761350 0.006781510 0.003228100 0.002765080 0.002607930 0.002764210 0.002746080 0.003588760 0.003362250 0.003556020 0.003339050 0.003324480 0.003406840 0.003849820 0.002749540 0.002432370 0.001975590 0.002407000 0.001868330 0.002245750 0.001980830 0.000669100 0.000094110 0.000000000 0.002586080 0.002710160 0.002230960 0.003457380 0.002500780 0.002289240 0.005301260 0.003560360 0.003533360 0.003733230 0.003757490 0.003615180 0.004605540 0.004354770 0.004453580 0.003942400 0.003221810 0.005080520 0.003757100 0.003869350 0.011432290 
24     0.006431060 0.004846910 0.005023020 0.005402300 0.005830380 0.006462230 0.007406290 0.007426450 0.003873040 0.003410020 0.003252870 0.003409150 0.003391020 0.004233700 0.004007190 0.004200960 0.003983990 0.003969420 0.004051780 0.004494760 0.003394480 0.003077310 0.002620530 0.003051940 0.002513270 0.002890690 0.002625770 0.002336920 0.002302680 0.002586080 0.000000000 0.000368330 0.000478320 0.004102320 0.003145720 0.002934180 0.005946200 0.004205300 0.004178300 0.004378170 0.004402430 0.004260120 0.005250480 0.004999710 0.005098520 0.004587340 0.003866750 0.005725460 0.004402040 0.004514290 0.012077230 
33     0.006555140 0.006680630 0.005584870 0.005526380 0.005954460 0.006586310 0.007530370 0.007550530 0.003997120 0.003534100 0.003376950 0.003533230 0.003515100 0.004357780 0.004131270 0.004325040 0.004108070 0.004093500 0.004175860 0.004618840 0.003518560 0.003201390 0.002744610 0.003176020 0.002637350 0.003014770 0.002749850 0.002461000 0.002426760 0.002710160 0.000368330 0.000000000 0.000174880 0.004226400 0.003269800 0.003058260 0.006070280 0.004329380 0.004302380 0.004502250 0.004526510 0.004384200 0.005374560 0.005123790 0.005222600 0.004711420 0.003990830 0.005849540 0.004526120 0.004638370 0.012201310 
32     0.002817130 0.006201430 0.005105670 0.005047180 0.005475260 0.006107110 0.007051170 0.007071330 0.003517920 0.003054900 0.002897750 0.003054030 0.003035900 0.003878580 0.003652070 0.003845840 0.003628870 0.003614300 0.003696660 0.004139640 0.003039360 0.002722190 0.002265410 0.002696820 0.002158150 0.002535570 0.002270650 0.001981800 0.001947560 0.002230960 0.000478320 0.000174880 0.000000000 0.003747200 0.002790600 0.002579060 0.005591080 0.003850180 0.003823180 0.004023050 0.004047310 0.003905000 0.004895360 0.000567340 0.004743400 0.004232220 0.003511630 0.005370340 0.004046920 0.004159170 0.011722110 
41     0.005447060 0.005513010 0.005037930 0.004979440 0.005407520 0.006039370 0.006983430 0.007003590 0.003450180 0.002987160 0.002830010 0.002986290 0.002968160 0.003810840 0.003584330 0.003778100 0.003561130 0.003546560 0.003628920 0.004071900 0.002971620 0.002654450 0.003205470 0.003636880 0.003098210 0.003475630 0.003210710 0.002150690 0.002485620 0.003457380 0.004102320 0.004226400 0.003747200 0.000000000 0.001362780 0.001116990 0.005408160 0.003667260 0.003640260 0.003840130 0.003864390 0.003722080 0.004712440 0.004461670 0.004560480 0.004049300 0.003328710 0.005187420 0.003864000 0.003976250 0.011657610 
43     0.005051600 0.005177090 0.003987440 0.004011500 0.004450920 0.005082770 0.006026830 0.006046990 0.002493580 0.002030560 0.001873410 0.002029690 0.002011560 0.002854240 0.002627730 0.002821500 0.002604530 0.002589960 0.002672320 0.003115300 0.002015020 0.001697850 0.002248870 0.002680280 0.002141610 0.002519030 0.002254110 0.002251620 0.002217380 0.002500780 0.003145720 0.003269800 0.002790600 0.001362780 0.000000000 0.000304200 0.004451560 0.002710660 0.002683660 0.002883530 0.002907790 0.002765480 0.003755840 0.003505070 0.003603880 0.003092700 0.002372110 0.004230820 0.002907400 0.003019650 0.010701010 
47     0.004840060 0.004965550 0.003746860 0.003770920 0.004239380 0.004871230 0.005815290 0.005835450 0.002282040 0.001819020 0.001661870 0.001818150 0.001800020 0.002642700 0.002416190 0.002609960 0.002392990 0.002378420 0.002460780 0.002903760 0.001803480 0.001486310 0.002037330 0.002468740 0.001930070 0.002307490 0.002042570 0.002040080 0.002005840 0.002289240 0.002934180 0.003058260 0.002579060 0.001116990 0.000304200 0.000000000 0.004240020 0.002499120 0.002472120 0.002671990 0.002696250 0.002553940 0.003544300 0.003293530 0.003392340 0.002881160 0.002160570 0.004019280 0.002695860 0.002808110 0.010489470 
49     0.007852080 0.007977570 0.002828680 0.006823320 0.007251400 0.007883250 0.008827310 0.008847470 0.005294060 0.004831040 0.004673890 0.004830170 0.004812040 0.005654720 0.005428210 0.005621980 0.005405010 0.005390440 0.005472800 0.005915780 0.004815500 0.004498330 0.005049350 0.005480760 0.004942090 0.005319510 0.005054590 0.003045600 0.003007840 0.005301260 0.005946200 0.006070280 0.005591080 0.005408160 0.004451560 0.004240020 0.000000000 0.000971630 0.001396740 0.002285760 0.002167350 0.000410000 0.000973830 0.002374490 0.003289320 0.004143980 0.003423390 0.005282100 0.004158500 0.004273190 0.013501490 
36     0.006111180 0.006236670 0.001390440 0.005082420 0.005510500 0.006142350 0.007086410 0.007106570 0.003553160 0.003090140 0.002932990 0.003089270 0.003071140 0.003913820 0.003687310 0.003881080 0.003664110 0.003649540 0.003731900 0.004174880 0.003074600 0.002757430 0.003308450 0.003739860 0.003201190 0.003578610 0.003313690 0.003311200 0.003276960 0.003560360 0.004205300 0.004329380 0.003850180 0.003667260 0.002710660 0.002499120 0.000971630 0.000000000 0.000048170 0.000345890 0.000025330 0.000227840 0.001031000 0.000699060 0.001398400 0.002403080 0.001682490 0.003541200 0.002417600 0.002532290 0.011760590 
35     0.006084180 0.006209670 0.001805220 0.005055420 0.005483500 0.006115350 0.007059410 0.007079570 0.003526160 0.003063140 0.002905990 0.003062270 0.003044140 0.003886820 0.003660310 0.003854080 0.003637110 0.003622540 0.003704900 0.004147880 0.003047600 0.002730430 0.003281450 0.003712860 0.003174190 0.003551610 0.003286690 0.003284200 0.003249960 0.003533360 0.004178300 0.004302380 0.003823180 0.003640260 0.002683660 0.002472120 0.001396740 0.000048170 0.000000000 0.000318890 0.000057090 0.000200840 0.001089970 0.000713100 0.001371400 0.002376080 0.001655490 0.003514200 0.002390600 0.002505290 0.011733590 
30     0.006284050 0.006409540 0.004609110 0.005255290 0.005683370 0.006315220 0.007259280 0.007279440 0.003726030 0.003263010 0.003105860 0.003262140 0.003244010 0.004086690 0.003860180 0.004053950 0.003836980 0.003822410 0.003904770 0.004347750 0.003247470 0.002930300 0.003481320 0.003912730 0.003374060 0.003751480 0.003486560 0.003484070 0.003449830 0.003733230 0.004378170 0.004502250 0.004023050 0.003840130 0.002883530 0.002671990 0.002285760 0.000345890 0.000318890 0.000000000 0.000203960 0.000399390 0.001355950 0.001024010 0.001571270 0.002575950 0.001855360 0.003714070 0.002590470 0.002705160 0.011933460 
31     0.006308310 0.006433800 0.003260940 0.005279550 0.005707630 0.006339480 0.007283540 0.007303700 0.003750290 0.003287270 0.003130120 0.003286400 0.003268270 0.004110950 0.003884440 0.004078210 0.003861240 0.003846670 0.003929030 0.004372010 0.003271730 0.002954560 0.003505580 0.003936990 0.003398320 0.003775740 0.003510820 0.003508330 0.003474090 0.003757490 0.004402430 0.004526510 0.004047310 0.003864390 0.002907790 0.002696250 0.002167350 0.000025330 0.000057090 0.000203960 0.000000000 0.000423650 0.001595350 0.001192630 0.001595530 0.002600210 0.001879620 0.003738330 0.002614730 0.002729420 0.011957720 
29     0.006166000 0.006291490 0.005195730 0.005137240 0.005565320 0.006197170 0.007141230 0.007161390 0.003607980 0.003144960 0.002987810 0.003144090 0.003125960 0.003968640 0.003742130 0.003935900 0.003718930 0.003704360 0.003786720 0.004229700 0.003129420 0.002812250 0.003363270 0.003794680 0.003256010 0.003633430 0.003368510 0.003366020 0.003331780 0.003615180 0.004260120 0.004384200 0.003905000 0.003722080 0.002765480 0.002553940 0.000410000 0.000227840 0.000200840 0.000399390 0.000423650 0.000000000 0.001605180 0.001354410 0.001453220 0.002457900 0.001737310 0.003596020 0.002472420 0.002587110 0.011815410 
45     0.007156360 0.007281850 0.006186090 0.006127600 0.006555680 0.007187530 0.008131590 0.008151750 0.004598340 0.004135320 0.003978170 0.004134450 0.004116320 0.004959000 0.004732490 0.004926260 0.004709290 0.004694720 0.004777080 0.005220060 0.004119780 0.003802610 0.004353630 0.004785040 0.004246370 0.004623790 0.004358870 0.004356380 0.004322140 0.004605540 0.005250480 0.005374560 0.004895360 0.004712440 0.003755840 0.003544300 0.000973830 0.001031000 0.001089970 0.001355950 0.001595350 0.001605180 0.000000000 0.000474210 0.002211600 0.003448260 0.002727670 0.004586380 0.003462780 0.003577470 0.010652760 
46     0.006905590 0.007031080 0.005935320 0.005876830 0.006304910 0.006936760 0.007880820 0.007900980 0.004347570 0.003884550 0.003727400 0.003883680 0.003865550 0.004708230 0.004481720 0.004675490 0.004458520 0.004443950 0.004526310 0.004969290 0.003869010 0.003551840 0.004102860 0.004534270 0.003995600 0.004373020 0.004108100 0.004105610 0.004071370 0.004354770 0.004999710 0.005123790 0.000567340 0.004461670 0.003505070 0.003293530 0.002374490 0.000699060 0.000713100 0.001024010 0.001192630 0.001354410 0.000474210 0.000000000 0.001790780 0.003197490 0.002476900 0.004109020 0.003212010 0.003326700 0.006754140 
40     0.007004400 0.007129890 0.006034130 0.005975640 0.006403720 0.007035570 0.007979630 0.007999790 0.004446380 0.003983360 0.003826210 0.003982490 0.003964360 0.004807040 0.004580530 0.004774300 0.004557330 0.004542760 0.004625120 0.005068100 0.003967820 0.003650650 0.004201670 0.004633080 0.004094410 0.004471830 0.004206910 0.004204420 0.004170180 0.004453580 0.005098520 0.005222600 0.004743400 0.004560480 0.003603880 0.003392340 0.003289320 0.001398400 0.001371400 0.001571270 0.001595530 0.001453220 0.002211600 0.001790780 0.000000000 0.003296300 0.002575710 0.002361800 0.003310820 0.003425510 0.012653810 
28     0.006493220 0.006618710 0.005522950 0.005464460 0.005892540 0.006524390 0.007468450 0.007488610 0.003935200 0.003472180 0.003315030 0.003471310 0.003453180 0.004295860 0.004069350 0.004263120 0.004046150 0.004031580 0.004113940 0.004556920 0.003456640 0.003139470 0.003690490 0.004121900 0.003583230 0.003960650 0.003695730 0.003693240 0.003659000 0.003942400 0.004587340 0.004711420 0.004232220 0.004049300 0.003092700 0.002881160 0.004143980 0.002403080 0.002376080 0.002575950 0.002600210 0.002457900 0.003448260 0.003197490 0.003296300 0.000000000 0.000864950 0.000080550 0.002799640 0.002914330 0.012142630 
37     0.005772630 0.005898120 0.004802360 0.004743870 0.005171950 0.005803800 0.006747860 0.006768020 0.003214610 0.002751590 0.002594440 0.002750720 0.002732590 0.003575270 0.003348760 0.003542530 0.003325560 0.003310990 0.003393350 0.003836330 0.002736050 0.002418880 0.002969900 0.003401310 0.002862640 0.003240060 0.002975140 0.002972650 0.002938410 0.003221810 0.003866750 0.003990830 0.003511630 0.003328710 0.002372110 0.002160570 0.003423390 0.001682490 0.001655490 0.001855360 0.001879620 0.001737310 0.002727670 0.002476900 0.002575710 0.000864950 0.000000000 0.000430460 0.002079050 0.002193740 0.011422040 
39     0.007631340 0.007756830 0.006661070 0.006602580 0.007030660 0.007662510 0.008606570 0.008626730 0.005073320 0.004610300 0.004453150 0.004609430 0.004591300 0.005433980 0.005207470 0.005401240 0.005184270 0.005169700 0.005252060 0.005695040 0.004594760 0.004277590 0.004828610 0.005260020 0.004721350 0.005098770 0.004833850 0.004831360 0.004797120 0.005080520 0.005725460 0.005849540 0.005370340 0.005187420 0.004230820 0.004019280 0.005282100 0.003541200 0.003514200 0.003714070 0.003738330 0.003596020 0.004586380 0.004109020 0.002361800 0.000080550 0.000430460 0.000000000 0.003937760 0.004052450 0.013280750 
42     0.006307920 0.006433410 0.005337650 0.005279160 0.005707240 0.006339090 0.007283150 0.007303310 0.003749900 0.003286880 0.003129730 0.003286010 0.003267880 0.004110560 0.003884050 0.004077820 0.003860850 0.003846280 0.003928640 0.004371620 0.003271340 0.002954170 0.003505190 0.003936600 0.003397930 0.003775350 0.003510430 0.003507940 0.003473700 0.003757100 0.004402040 0.004526120 0.004046920 0.003864000 0.002907400 0.002695860 0.004158500 0.002417600 0.002390600 0.002590470 0.002614730 0.002472420 0.003462780 0.003212010 0.003310820 0.002799640 0.002079050 0.003937760 0.000000000 0.002729030 0.011957330 
38     0.006420170 0.006545660 0.005449900 0.005391410 0.005819490 0.006451340 0.007395400 0.007415560 0.003862150 0.003399130 0.003241980 0.003398260 0.003380130 0.004222810 0.003996300 0.004190070 0.003973100 0.003958530 0.004040890 0.004483870 0.003383590 0.003066420 0.003617440 0.004048850 0.003510180 0.003887600 0.003622680 0.003620190 0.003585950 0.003869350 0.004514290 0.004638370 0.004159170 0.003976250 0.003019650 0.002808110 0.004273190 0.002532290 0.002505290 0.002705160 0.002729420 0.002587110 0.003577470 0.003326700 0.003425510 0.002914330 0.002193740 0.004052450 0.002729030 0.000000000 0.012069580 
0     0.013986350 0.014111840 0.013016080 0.002169310 0.013385670 0.014017520 0.014961580 0.014981740 0.011428330 0.010965310 0.010808160 0.010964440 0.010946310 0.011788990 0.011562480 0.011756250 0.011539280 0.011524710 0.011607070 0.012050050 0.010949770 0.006557490 0.011180380 0.011611790 0.011073120 0.011450540 0.011185620 0.011183130 0.011148890 0.011432290 0.012077230 0.012201310 0.011722110 0.011657610 0.010701010 0.010489470 0.013501490 0.011760590 0.011733590 0.011933460 0.011957720 0.011815410 0.010652760 0.006754140 0.012653810 0.012142630 0.011422040 0.013280750 0.011957330 0.012069580 0.000000000 
