51
24     0.000000000 0.000248410 0.000216170 0.000230780 0.000249890 0.001002380 0.001041900 0.000989730 0.000499100 0.002056800 0.001559020 0.001436120 0.001585470 0.001766870 0.001744880 0.002069880 0.001669560 0.001695790 0.002391430 0.001658420 0.001850180 0.001936920 0.002059730 0.001554200 0.001604420 0.001382360 0.001322640 0.001367440 0.001800820 0.001544720 0.001381090 0.001476730 0.001784220 0.001571910 0.001487650 0.001512670 0.001433270 0.001366160 0.001389380 0.002256960 0.001639040 0.001820030 0.001813530 0.001677890 0.002113060 0.002428180 0.001486730 0.002385910 0.001703190 0.001196820 0.002674560 
46     0.000248410 0.000000000 0.000203100 0.000311030 0.000832600 0.001666640 0.001706160 0.001653990 0.001631300 0.002721060 0.002223280 0.002568320 0.002292520 0.002431130 0.002409140 0.002734140 0.002333820 0.002360050 0.003055690 0.002322680 0.002514440 0.002601180 0.002723990 0.002218460 0.002268680 0.002046620 0.001986900 0.002031700 0.002465080 0.002208980 0.002045350 0.002140990 0.002448480 0.002236170 0.002151910 0.002176930 0.002097530 0.002030420 0.002053640 0.002921220 0.002303300 0.002484290 0.002477790 0.002342150 0.002777320 0.003092440 0.002150990 0.003050170 0.002367450 0.001861080 0.003338820 
20     0.000216170 0.000203100 0.000000000 0.000157390 0.000395490 0.001056120 0.001095640 0.001043470 0.002920760 0.002110540 0.001612760 0.002165990 0.001682000 0.001820610 0.001798620 0.002123620 0.001723300 0.001749530 0.002445170 0.001712160 0.001903920 0.001990660 0.002113470 0.001607940 0.001658160 0.001436100 0.001376380 0.001421180 0.001854560 0.001598460 0.001434830 0.001530470 0.001837960 0.001625650 0.001541390 0.001566410 0.001487010 0.001419900 0.001443120 0.002310700 0.001692780 0.001873770 0.001867270 0.001731630 0.002166800 0.002481920 0.001540470 0.002439650 0.001756930 0.001250560 0.002728300 
39     0.000230780 0.000311030 0.000157390 0.000000000 0.000320150 0.000980780 0.001020300 0.000968130 0.001375370 0.002035200 0.001537420 0.002090650 0.001606660 0.001745270 0.001723280 0.002048280 0.001647960 0.001674190 0.002369830 0.001636820 0.001828580 0.001915320 0.002038130 0.001532600 0.001582820 0.001360760 0.001301040 0.001345840 0.001779220 0.001523120 0.001359490 0.001455130 0.001762620 0.001550310 0.001466050 0.001491070 0.001411670 0.001344560 0.001367780 0.002235360 0.001617440 0.001798430 0.001791930 0.001656290 0.002091460 0.002406580 0.001465130 0.002364310 0.001681590 0.001175220 0.002652960 
4     0.000249890 0.000832600 0.000395490 0.000320150 0.000000000 0.000835830 0.000875350 0.000823180 0.000622550 0.001890250 0.001392470 0.001559570 0.001461710 0.001600320 0.001578330 0.001903330 0.001503010 0.001529240 0.002224880 0.001491870 0.001683630 0.001770370 0.001893180 0.001387650 0.001437870 0.001215810 0.001156090 0.001200890 0.001634270 0.001378170 0.001214540 0.001310180 0.001617670 0.001405360 0.001321100 0.001346120 0.001266720 0.001199610 0.001222830 0.002090410 0.001472490 0.001653480 0.001646980 0.001511340 0.001946510 0.002261630 0.001320180 0.002219360 0.001536640 0.001030270 0.002508010 
33     0.001002380 0.001666640 0.001056120 0.000980780 0.000835830 0.000000000 0.000064920 0.000327350 0.002300280 0.001490060 0.000992280 0.001545510 0.001061520 0.001200130 0.001178140 0.001503140 0.001102820 0.001129050 0.001824690 0.001091680 0.001283440 0.001370180 0.001492990 0.000987460 0.001037680 0.000815620 0.000755900 0.000800700 0.001234080 0.000977980 0.000814350 0.000909990 0.001217480 0.001005170 0.000920910 0.000945930 0.000866530 0.000799420 0.000822640 0.001690220 0.001072300 0.001253290 0.001246790 0.001111150 0.001546320 0.001861440 0.000919990 0.001819170 0.001136450 0.000630080 0.002107820 
40     0.001041900 0.001706160 0.001095640 0.001020300 0.000875350 0.000064920 0.000000000 0.000366870 0.002016030 0.001529580 0.001031800 0.001585030 0.001101040 0.001239650 0.001217660 0.001542660 0.001142340 0.001168570 0.001864210 0.001131200 0.001322960 0.001409700 0.001532510 0.001026980 0.001077200 0.000855140 0.000795420 0.000840220 0.001273600 0.001017500 0.000853870 0.000949510 0.001257000 0.001044690 0.000960430 0.000985450 0.000906050 0.000838940 0.000862160 0.001729740 0.001111820 0.001292810 0.001286310 0.001150670 0.001585840 0.001900960 0.000959510 0.001858690 0.001175970 0.000669600 0.002147340 
23     0.000989730 0.001653990 0.001043470 0.000968130 0.000823180 0.000327350 0.000366870 0.000000000 0.002287630 0.001477410 0.000979630 0.001532860 0.001048870 0.001187480 0.001165490 0.001490490 0.001090170 0.001116400 0.001812040 0.001079030 0.001270790 0.001357530 0.001480340 0.000974810 0.001025030 0.000802970 0.000743250 0.000788050 0.001221430 0.000965330 0.000801700 0.000897340 0.001204830 0.000992520 0.000908260 0.000933280 0.000853880 0.000786770 0.000809990 0.001677570 0.001059650 0.001240640 0.001234140 0.001098500 0.001533670 0.001848790 0.000907340 0.001806520 0.001123800 0.000617430 0.002095170 
10     0.000499100 0.001631300 0.002920760 0.001375370 0.000622550 0.002300280 0.002016030 0.002287630 0.000000000 0.001948450 0.001668520 0.001720300 0.001737760 0.001876370 0.001854380 0.002179380 0.001779060 0.001805290 0.002500930 0.001767920 0.001959680 0.002046420 0.002169230 0.001663700 0.001713920 0.002225180 0.002165460 0.002210260 0.002643640 0.002387540 0.002223910 0.002319550 0.002627040 0.002414730 0.002330470 0.002355490 0.002276090 0.002208980 0.002232200 0.003099780 0.002481860 0.002662850 0.002656350 0.002520710 0.002955880 0.003271000 0.002329550 0.003228730 0.002546010 0.001705480 0.003272640 
8     0.002056800 0.002721060 0.002110540 0.002035200 0.001890250 0.001490060 0.001529580 0.001477410 0.001948450 0.000000000 0.000469200 0.001287590 0.000803600 0.000942210 0.000920220 0.001245220 0.000844900 0.000871130 0.001566770 0.000833760 0.001025520 0.001112260 0.001235070 0.000729540 0.000779760 0.001414960 0.001355240 0.001400040 0.001833420 0.001577320 0.001413690 0.001509330 0.001816820 0.001604510 0.001520250 0.001545270 0.001465870 0.001398760 0.001421980 0.002289560 0.001671640 0.001852630 0.001846130 0.001710490 0.002145660 0.002460780 0.001519330 0.002418510 0.001735790 0.000895260 0.002462420 
7     0.001559020 0.002223280 0.001612760 0.001537420 0.001392470 0.000992280 0.001031800 0.000979630 0.001668520 0.000469200 0.000000000 0.000789810 0.000305820 0.000444430 0.000422440 0.000747440 0.000347120 0.000373350 0.001068990 0.000335980 0.000527740 0.000614480 0.000737290 0.000231760 0.000281980 0.000917180 0.000857460 0.000902260 0.001335640 0.001079540 0.000915910 0.001011550 0.001319040 0.001106730 0.001022470 0.001047490 0.000968090 0.000900980 0.000924200 0.001791780 0.001173860 0.001354850 0.001348350 0.001212710 0.001647880 0.001963000 0.001021550 0.001920730 0.001238010 0.000397480 0.001964640 
41     0.001436120 0.002568320 0.002165990 0.002090650 0.001559570 0.001545510 0.001585030 0.001532860 0.001720300 0.001287590 0.000789810 0.000000000 0.000190800 0.000485490 0.000713930 0.001038930 0.000897210 0.000923440 0.001619080 0.000886070 0.001077830 0.001164570 0.001287380 0.000781850 0.000832070 0.001470410 0.001410690 0.001455490 0.001888870 0.001632770 0.001469140 0.001564780 0.001872270 0.001659960 0.001575700 0.001600720 0.001521320 0.001454210 0.001477430 0.002345010 0.001727090 0.001908080 0.001901580 0.001765940 0.002201110 0.002516230 0.001574780 0.002473960 0.001791240 0.000950710 0.002155650 
37     0.001585470 0.002292520 0.001682000 0.001606660 0.001461710 0.001061520 0.001101040 0.001048870 0.001737760 0.000803600 0.000305820 0.000190800 0.000000000 0.000251930 0.000229940 0.000554940 0.000413220 0.000439450 0.001135090 0.000402080 0.000593840 0.000680580 0.000803390 0.000297860 0.000348080 0.000986420 0.000926700 0.000971500 0.001404880 0.001148780 0.000985150 0.001080790 0.001388280 0.001175970 0.001091710 0.001116730 0.001037330 0.000970220 0.000993440 0.001861020 0.001243100 0.001424090 0.001417590 0.001281950 0.001717120 0.002032240 0.001090790 0.001989970 0.001307250 0.000466720 0.002033880 
16     0.001766870 0.002431130 0.001820610 0.001745270 0.001600320 0.001200130 0.001239650 0.001187480 0.001876370 0.000942210 0.000444430 0.000485490 0.000251930 0.000000000 0.000328390 0.000653390 0.000551830 0.000578060 0.001273700 0.000540690 0.000732450 0.000819190 0.000942000 0.000436470 0.000486690 0.001125030 0.001065310 0.001110110 0.001543490 0.001287390 0.001123760 0.001219400 0.001526890 0.001314580 0.001230320 0.001255340 0.001175940 0.001108830 0.001132050 0.001999630 0.001381710 0.001562700 0.001556200 0.001420560 0.001855730 0.002170850 0.001229400 0.002128580 0.001445860 0.000605330 0.002172490 
5     0.001744880 0.002409140 0.001798620 0.001723280 0.001578330 0.001178140 0.001217660 0.001165490 0.001854380 0.000920220 0.000422440 0.000713930 0.000229940 0.000328390 0.000000000 0.000221010 0.000529840 0.000556070 0.001251710 0.000518700 0.000710460 0.000797200 0.000920010 0.000414480 0.000464700 0.001103040 0.001043320 0.001088120 0.001521500 0.001265400 0.001101770 0.001197410 0.001504900 0.001292590 0.001208330 0.001233350 0.001153950 0.001086840 0.001110060 0.001977640 0.001359720 0.001540710 0.001534210 0.001398570 0.001833740 0.002148860 0.001207410 0.002106590 0.001423870 0.000583340 0.002150500 
34     0.002069880 0.002734140 0.002123620 0.002048280 0.001903330 0.001503140 0.001542660 0.001490490 0.002179380 0.001245220 0.000747440 0.001038930 0.000554940 0.000653390 0.000221010 0.000000000 0.000854840 0.000881070 0.001576710 0.000843700 0.001035460 0.001122200 0.001245010 0.000739480 0.000789700 0.001428040 0.001368320 0.001413120 0.001685300 0.001590400 0.001426770 0.001522410 0.001829900 0.001617590 0.001533330 0.001558350 0.001478950 0.001411840 0.001435060 0.002302640 0.001684720 0.001865710 0.001859210 0.001723570 0.002158740 0.002473860 0.001532410 0.002419710 0.001748870 0.000908340 0.002475500 
29     0.001669560 0.002333820 0.001723300 0.001647960 0.001503010 0.001102820 0.001142340 0.001090170 0.001779060 0.000844900 0.000347120 0.000897210 0.000413220 0.000551830 0.000529840 0.000854840 0.000000000 0.000092190 0.000997690 0.000054440 0.000507000 0.000593740 0.000582960 0.000211020 0.000261240 0.001027720 0.000968000 0.001012800 0.001446180 0.001190080 0.001026450 0.001122090 0.001429580 0.001217270 0.001133010 0.001158030 0.001078630 0.001011520 0.001034740 0.001902320 0.001284400 0.001465390 0.001458890 0.001323250 0.001758420 0.002073540 0.001132090 0.002031270 0.001348550 0.000508020 0.002075180 
15     0.001695790 0.002360050 0.001749530 0.001674190 0.001529240 0.001129050 0.001168570 0.001116400 0.001805290 0.000871130 0.000373350 0.000923440 0.000439450 0.000578060 0.000556070 0.000881070 0.000092190 0.000000000 0.000601760 0.000081050 0.000533230 0.000619970 0.000742780 0.000237250 0.000287470 0.001053950 0.000994230 0.001039030 0.001472410 0.001216310 0.001052680 0.001148320 0.001455810 0.001243500 0.001159240 0.001184260 0.001104860 0.001037750 0.001060970 0.001928550 0.001310630 0.001491620 0.001485120 0.001349480 0.001784650 0.002099770 0.001158320 0.002057500 0.001374780 0.000534250 0.002101410 
12     0.002391430 0.003055690 0.002445170 0.002369830 0.002224880 0.001824690 0.001864210 0.001812040 0.002500930 0.001566770 0.001068990 0.001619080 0.001135090 0.001273700 0.001251710 0.001576710 0.000997690 0.000601760 0.000000000 0.000004460 0.001228870 0.001315610 0.001006290 0.000932890 0.000983110 0.001749590 0.001689870 0.001734670 0.002168050 0.001911950 0.001748320 0.001843960 0.002151450 0.001939140 0.001854880 0.001879900 0.001800500 0.001733390 0.001756610 0.002624190 0.002006270 0.002187260 0.002180760 0.002045120 0.002480290 0.002795410 0.001853960 0.002753140 0.002070420 0.001229890 0.002797050 
11     0.001658420 0.002322680 0.001712160 0.001636820 0.001491870 0.001091680 0.001131200 0.001079030 0.001767920 0.000833760 0.000335980 0.000886070 0.000402080 0.000540690 0.000518700 0.000843700 0.000054440 0.000081050 0.000004460 0.000000000 0.000495860 0.000582600 0.000705410 0.000199880 0.000250100 0.001016580 0.000956860 0.001001660 0.001435040 0.001178940 0.001015310 0.001110950 0.001418440 0.001206130 0.001121870 0.001146890 0.001067490 0.001000380 0.001023600 0.001891180 0.001273260 0.001454250 0.001447750 0.001312110 0.001747280 0.002062400 0.001120950 0.002020130 0.001337410 0.000496880 0.002064040 
49     0.001850180 0.002514440 0.001903920 0.001828580 0.001683630 0.001283440 0.001322960 0.001270790 0.001959680 0.001025520 0.000527740 0.001077830 0.000593840 0.000732450 0.000710460 0.001035460 0.000507000 0.000533230 0.001228870 0.000495860 0.000000000 0.000058020 0.000399980 0.000390340 0.000440560 0.001208340 0.001148620 0.001193420 0.001626800 0.001370700 0.001207070 0.001302710 0.001610200 0.001397890 0.001313630 0.001338650 0.001259250 0.001192140 0.001215360 0.002082940 0.001465020 0.001646010 0.001639510 0.001503870 0.001939040 0.002254160 0.001312710 0.002211890 0.001529170 0.000688640 0.002255800 
28     0.001936920 0.002601180 0.001990660 0.001915320 0.001770370 0.001370180 0.001409700 0.001357530 0.002046420 0.001112260 0.000614480 0.001164570 0.000680580 0.000819190 0.000797200 0.001122200 0.000593740 0.000619970 0.001315610 0.000582600 0.000058020 0.000000000 0.000982610 0.000477080 0.000527300 0.001295080 0.001235360 0.001280160 0.001474560 0.001457440 0.001293810 0.001389450 0.001696940 0.001484630 0.001400370 0.001425390 0.001345990 0.001278880 0.001302100 0.002169680 0.001551760 0.001732750 0.001726250 0.001590610 0.002025780 0.002340900 0.001399450 0.002208970 0.001615910 0.000775380 0.002342540 
13     0.002059730 0.002723990 0.002113470 0.002038130 0.001893180 0.001492990 0.001532510 0.001480340 0.002169230 0.001235070 0.000737290 0.001287380 0.000803390 0.000942000 0.000920010 0.001245010 0.000582960 0.000742780 0.001006290 0.000705410 0.000399980 0.000982610 0.000000000 0.000597850 0.000648070 0.001417890 0.001358170 0.001402970 0.001836350 0.001580250 0.001416620 0.001512260 0.001819750 0.001607440 0.001523180 0.001548200 0.001468800 0.001401690 0.001424910 0.002292490 0.001674570 0.001855560 0.001849060 0.001713420 0.002148590 0.002463710 0.001522260 0.002421440 0.001738720 0.000898190 0.002465350 
19     0.001554200 0.002218460 0.001607940 0.001532600 0.001387650 0.000987460 0.001026980 0.000974810 0.001663700 0.000729540 0.000231760 0.000781850 0.000297860 0.000436470 0.000414480 0.000739480 0.000211020 0.000237250 0.000932890 0.000199880 0.000390340 0.000477080 0.000597850 0.000000000 0.000124500 0.000912360 0.000852640 0.000897440 0.001330820 0.001074720 0.000911090 0.001006730 0.001314220 0.001101910 0.001017650 0.001042670 0.000963270 0.000896160 0.000919380 0.001786960 0.000783410 0.001350030 0.001343530 0.001207890 0.001643060 0.001958180 0.001016730 0.001915910 0.001233190 0.000392660 0.001959820 
3     0.001604420 0.002268680 0.001658160 0.001582820 0.001437870 0.001037680 0.001077200 0.001025030 0.001713920 0.000779760 0.000281980 0.000832070 0.000348080 0.000486690 0.000464700 0.000789700 0.000261240 0.000287470 0.000983110 0.000250100 0.000440560 0.000527300 0.000648070 0.000124500 0.000000000 0.000962580 0.000902860 0.000947660 0.001381040 0.001124940 0.000961310 0.001056950 0.001364440 0.001152130 0.001067870 0.001092890 0.001013490 0.000946380 0.000969600 0.001837180 0.001219260 0.001400250 0.001393750 0.001258110 0.001693280 0.002008400 0.001066950 0.001966130 0.001283410 0.000442880 0.002010040 
6     0.001382360 0.002046620 0.001436100 0.001360760 0.001215810 0.000815620 0.000855140 0.000802970 0.002225180 0.001414960 0.000917180 0.001470410 0.000986420 0.001125030 0.001103040 0.001428040 0.001027720 0.001053950 0.001749590 0.001016580 0.001208340 0.001295080 0.001417890 0.000912360 0.000962580 0.000000000 0.000271600 0.000316400 0.000843880 0.000587780 0.000424150 0.000519790 0.000827280 0.000614970 0.000530710 0.000555730 0.000476330 0.000409220 0.000448500 0.001316080 0.000698160 0.000879150 0.000872650 0.000737010 0.001172180 0.001487300 0.000545850 0.001445030 0.000762310 0.000554980 0.002032720 
32     0.001322640 0.001986900 0.001376380 0.001301040 0.001156090 0.000755900 0.000795420 0.000743250 0.002165460 0.001355240 0.000857460 0.001410690 0.000926700 0.001065310 0.001043320 0.001368320 0.000968000 0.000994230 0.001689870 0.000956860 0.001148620 0.001235360 0.001358170 0.000852640 0.000902860 0.000271600 0.000000000 0.000087400 0.000784160 0.000528060 0.000364430 0.000460070 0.000767560 0.000555250 0.000470990 0.000496010 0.000416610 0.000349500 0.000388780 0.001256360 0.000638440 0.000819430 0.000812930 0.000677290 0.001112460 0.001427580 0.000486130 0.001385310 0.000702590 0.000495260 0.001973000 
25     0.001367440 0.002031700 0.001421180 0.001345840 0.001200890 0.000800700 0.000840220 0.000788050 0.002210260 0.001400040 0.000902260 0.001455490 0.000971500 0.001110110 0.001088120 0.001413120 0.001012800 0.001039030 0.001734670 0.001001660 0.001193420 0.001280160 0.001402970 0.000897440 0.000947660 0.000316400 0.000087400 0.000000000 0.000828960 0.000572860 0.000409230 0.000504870 0.000812360 0.000600050 0.000515790 0.000540810 0.000461410 0.000394300 0.000433580 0.001301160 0.000683240 0.000864230 0.000857730 0.000722090 0.001157260 0.001472380 0.000530930 0.001430110 0.000747390 0.000540060 0.002017800 
17     0.001800820 0.002465080 0.001854560 0.001779220 0.001634270 0.001234080 0.001273600 0.001221430 0.002643640 0.001833420 0.001335640 0.001888870 0.001404880 0.001543490 0.001521500 0.001685300 0.001446180 0.001472410 0.002168050 0.001435040 0.001626800 0.001474560 0.001836350 0.001330820 0.001381040 0.000843880 0.000784160 0.000828960 0.000000000 0.000427820 0.000124880 0.000626530 0.000934020 0.000980630 0.000896370 0.000921390 0.000841990 0.000774880 0.000866960 0.001734540 0.001116620 0.001297610 0.001291110 0.001155470 0.001590640 0.001905760 0.000964310 0.001607810 0.001180770 0.000973440 0.002451180 
1     0.001544720 0.002208980 0.001598460 0.001523120 0.001378170 0.000977980 0.001017500 0.000965330 0.002387540 0.001577320 0.001079540 0.001632770 0.001148780 0.001287390 0.001265400 0.001590400 0.001190080 0.001216310 0.001911950 0.001178940 0.001370700 0.001457440 0.001580250 0.001074720 0.001124940 0.000587780 0.000528060 0.000572860 0.000427820 0.000000000 0.000224890 0.000370430 0.000677920 0.000724530 0.000640270 0.000665290 0.000585890 0.000518780 0.000610860 0.001478440 0.000860520 0.001041510 0.001035010 0.000899370 0.001334540 0.001649660 0.000708210 0.001607390 0.000924670 0.000717340 0.002195080 
38     0.001381090 0.002045350 0.001434830 0.001359490 0.001214540 0.000814350 0.000853870 0.000801700 0.002223910 0.001413690 0.000915910 0.001469140 0.000985150 0.001123760 0.001101770 0.001426770 0.001026450 0.001052680 0.001748320 0.001015310 0.001207070 0.001293810 0.001416620 0.000911090 0.000961310 0.000424150 0.000364430 0.000409230 0.000124880 0.000224890 0.000000000 0.000206800 0.000514290 0.000560900 0.000476640 0.000501660 0.000422260 0.000355150 0.000447230 0.001314810 0.000696890 0.000877880 0.000871380 0.000735740 0.001170910 0.001486030 0.000544580 0.001443760 0.000761040 0.000553710 0.002031450 
35     0.001476730 0.002140990 0.001530470 0.001455130 0.001310180 0.000909990 0.000949510 0.000897340 0.002319550 0.001509330 0.001011550 0.001564780 0.001080790 0.001219400 0.001197410 0.001522410 0.001122090 0.001148320 0.001843960 0.001110950 0.001302710 0.001389450 0.001512260 0.001006730 0.001056950 0.000519790 0.000460070 0.000504870 0.000626530 0.000370430 0.000206800 0.000000000 0.000460420 0.000656540 0.000572280 0.000597300 0.000517900 0.000450790 0.000542870 0.001410450 0.000792530 0.000973520 0.000967020 0.000831380 0.001266550 0.001581670 0.000640220 0.001539400 0.000856680 0.000649350 0.002127090 
43     0.001784220 0.002448480 0.001837960 0.001762620 0.001617670 0.001217480 0.001257000 0.001204830 0.002627040 0.001816820 0.001319040 0.001872270 0.001388280 0.001526890 0.001504900 0.001829900 0.001429580 0.001455810 0.002151450 0.001418440 0.001610200 0.001696940 0.001819750 0.001314220 0.001364440 0.000827280 0.000767560 0.000812360 0.000934020 0.000677920 0.000514290 0.000460420 0.000000000 0.000964030 0.000879770 0.000904790 0.000825390 0.000758280 0.000850360 0.001717940 0.001100020 0.001281010 0.001274510 0.001138870 0.001574040 0.001889160 0.000947710 0.001846890 0.001164170 0.000956840 0.002434580 
48     0.001571910 0.002236170 0.001625650 0.001550310 0.001405360 0.001005170 0.001044690 0.000992520 0.002414730 0.001604510 0.001106730 0.001659960 0.001175970 0.001314580 0.001292590 0.001617590 0.001217270 0.001243500 0.001939140 0.001206130 0.001397890 0.001484630 0.001607440 0.001101910 0.001152130 0.000614970 0.000555250 0.000600050 0.000980630 0.000724530 0.000560900 0.000656540 0.000964030 0.000000000 0.000418040 0.000455760 0.000363660 0.000176670 0.000638050 0.001505630 0.000887710 0.001068700 0.001062200 0.000926560 0.001361730 0.001676850 0.000735400 0.001634580 0.000951860 0.000744530 0.002222270 
9     0.001487650 0.002151910 0.001541390 0.001466050 0.001321100 0.000920910 0.000960430 0.000908260 0.002330470 0.001520250 0.001022470 0.001575700 0.001091710 0.001230320 0.001208330 0.001533330 0.001133010 0.001159240 0.001854880 0.001121870 0.001313630 0.001400370 0.001523180 0.001017650 0.001067870 0.000530710 0.000470990 0.000515790 0.000896370 0.000640270 0.000476640 0.000572280 0.000879770 0.000418040 0.000000000 0.000101490 0.000073500 0.000224990 0.000553790 0.001421370 0.000803450 0.000984440 0.000977940 0.000842300 0.001277470 0.001592590 0.000651140 0.001550320 0.000867600 0.000660270 0.002138010 
45     0.001512670 0.002176930 0.001566410 0.001491070 0.001346120 0.000945930 0.000985450 0.000933280 0.002355490 0.001545270 0.001047490 0.001600720 0.001116730 0.001255340 0.001233350 0.001558350 0.001158030 0.001184260 0.001879900 0.001146890 0.001338650 0.001425390 0.001548200 0.001042670 0.001092890 0.000555730 0.000496010 0.000540810 0.000921390 0.000665290 0.000501660 0.000597300 0.000904790 0.000455760 0.000101490 0.000000000 0.000256590 0.000250010 0.000578810 0.001446390 0.000828470 0.001009460 0.001002960 0.000867320 0.001302490 0.001617610 0.000676160 0.001575340 0.000892620 0.000685290 0.002163030 
42     0.001433270 0.002097530 0.001487010 0.001411670 0.001266720 0.000866530 0.000906050 0.000853880 0.002276090 0.001465870 0.000968090 0.001521320 0.001037330 0.001175940 0.001153950 0.001478950 0.001078630 0.001104860 0.001800500 0.001067490 0.001259250 0.001345990 0.001468800 0.000963270 0.001013490 0.000476330 0.000416610 0.000461410 0.000841990 0.000585890 0.000422260 0.000517900 0.000825390 0.000363660 0.000073500 0.000256590 0.000000000 0.000170610 0.000499410 0.001366990 0.000749070 0.000930060 0.000923560 0.000787920 0.001223090 0.001538210 0.000596760 0.001495940 0.000813220 0.000605890 0.002083630 
27     0.001366160 0.002030420 0.001419900 0.001344560 0.001199610 0.000799420 0.000838940 0.000786770 0.002208980 0.001398760 0.000900980 0.001454210 0.000970220 0.001108830 0.001086840 0.001411840 0.001011520 0.001037750 0.001733390 0.001000380 0.001192140 0.001278880 0.001401690 0.000896160 0.000946380 0.000409220 0.000349500 0.000394300 0.000774880 0.000518780 0.000355150 0.000450790 0.000758280 0.000176670 0.000224990 0.000250010 0.000170610 0.000000000 0.000432300 0.001299880 0.000681960 0.000862950 0.000856450 0.000720810 0.001155980 0.001471100 0.000529650 0.001428830 0.000746110 0.000538780 0.002016520 
26     0.001389380 0.002053640 0.001443120 0.001367780 0.001222830 0.000822640 0.000862160 0.000809990 0.002232200 0.001421980 0.000924200 0.001477430 0.000993440 0.001132050 0.001110060 0.001435060 0.001034740 0.001060970 0.001756610 0.001023600 0.001215360 0.001302100 0.001424910 0.000919380 0.000969600 0.000448500 0.000388780 0.000433580 0.000866960 0.000610860 0.000447230 0.000542870 0.000850360 0.000638050 0.000553790 0.000578810 0.000499410 0.000432300 0.000000000 0.000983480 0.000365560 0.000546550 0.000540050 0.000404410 0.000839580 0.001154700 0.000351630 0.001250810 0.000379610 0.000562000 0.002039740 
31     0.002256960 0.002921220 0.002310700 0.002235360 0.002090410 0.001690220 0.001729740 0.001677570 0.003099780 0.002289560 0.001791780 0.002345010 0.001861020 0.001999630 0.001977640 0.002302640 0.001902320 0.001928550 0.002624190 0.001891180 0.002082940 0.002169680 0.002292490 0.001786960 0.001837180 0.001316080 0.001256360 0.001301160 0.001734540 0.001478440 0.001314810 0.001410450 0.001717940 0.001505630 0.001421370 0.001446390 0.001366990 0.001299880 0.000983480 0.000000000 0.000259970 0.000062070 0.000201090 0.000699790 0.001679360 0.001994480 0.001219210 0.002118390 0.001435670 0.001429580 0.002907320 
47     0.001639040 0.002303300 0.001692780 0.001617440 0.001472490 0.001072300 0.001111820 0.001059650 0.002481860 0.001671640 0.001173860 0.001727090 0.001243100 0.001381710 0.001359720 0.001684720 0.001284400 0.001310630 0.002006270 0.001273260 0.001465020 0.001551760 0.001674570 0.000783410 0.001219260 0.000698160 0.000638440 0.000683240 0.001116620 0.000860520 0.000696890 0.000792530 0.001100020 0.000887710 0.000803450 0.000828470 0.000749070 0.000681960 0.000365560 0.000259970 0.000000000 0.000103500 0.000176950 0.000047010 0.001061440 0.001376560 0.000601290 0.001500470 0.000817750 0.000811660 0.002289400 
30     0.001820030 0.002484290 0.001873770 0.001798430 0.001653480 0.001253290 0.001292810 0.001240640 0.002662850 0.001852630 0.001354850 0.001908080 0.001424090 0.001562700 0.001540710 0.001865710 0.001465390 0.001491620 0.002187260 0.001454250 0.001646010 0.001732750 0.001855560 0.001350030 0.001400250 0.000879150 0.000819430 0.000864230 0.001297610 0.001041510 0.000877880 0.000973520 0.001281010 0.001068700 0.000984440 0.001009460 0.000930060 0.000862950 0.000546550 0.000062070 0.000103500 0.000000000 0.000000670 0.000228000 0.001242430 0.001557550 0.000782280 0.001681460 0.000998740 0.000992650 0.002470390 
36     0.001813530 0.002477790 0.001867270 0.001791930 0.001646980 0.001246790 0.001286310 0.001234140 0.002656350 0.001846130 0.001348350 0.001901580 0.001417590 0.001556200 0.001534210 0.001859210 0.001458890 0.001485120 0.002180760 0.001447750 0.001639510 0.001726250 0.001849060 0.001343530 0.001393750 0.000872650 0.000812930 0.000857730 0.001291110 0.001035010 0.000871380 0.000967020 0.001274510 0.001062200 0.000977940 0.001002960 0.000923560 0.000856450 0.000540050 0.000201090 0.000176950 0.000000670 0.000000000 0.000221500 0.001235930 0.001551050 0.000775780 0.001674960 0.000992240 0.000986150 0.002463890 
18     0.001677890 0.002342150 0.001731630 0.001656290 0.001511340 0.001111150 0.001150670 0.001098500 0.002520710 0.001710490 0.001212710 0.001765940 0.001281950 0.001420560 0.001398570 0.001723570 0.001323250 0.001349480 0.002045120 0.001312110 0.001503870 0.001590610 0.001713420 0.001207890 0.001258110 0.000737010 0.000677290 0.000722090 0.001155470 0.000899370 0.000735740 0.000831380 0.001138870 0.000926560 0.000842300 0.000867320 0.000787920 0.000720810 0.000404410 0.000699790 0.000047010 0.000228000 0.000221500 0.000000000 0.001100290 0.001415410 0.000640140 0.001539320 0.000856600 0.000850510 0.002328250 
44     0.002113060 0.002777320 0.002166800 0.002091460 0.001946510 0.001546320 0.001585840 0.001533670 0.002955880 0.002145660 0.001647880 0.002201110 0.001717120 0.001855730 0.001833740 0.002158740 0.001758420 0.001784650 0.002480290 0.001747280 0.001939040 0.002025780 0.002148590 0.001643060 0.001693280 0.001172180 0.001112460 0.001157260 0.001590640 0.001334540 0.001170910 0.001266550 0.001574040 0.001361730 0.001277470 0.001302490 0.001223090 0.001155980 0.000839580 0.001679360 0.001061440 0.001242430 0.001235930 0.001100290 0.000000000 0.000070670 0.001075310 0.001974490 0.001291770 0.001285680 0.002763420 
2     0.002428180 0.003092440 0.002481920 0.002406580 0.002261630 0.001861440 0.001900960 0.001848790 0.003271000 0.002460780 0.001963000 0.002516230 0.002032240 0.002170850 0.002148860 0.002473860 0.002073540 0.002099770 0.002795410 0.002062400 0.002254160 0.002340900 0.002463710 0.001958180 0.002008400 0.001487300 0.001427580 0.001472380 0.001905760 0.001649660 0.001486030 0.001581670 0.001889160 0.001676850 0.001592590 0.001617610 0.001538210 0.001471100 0.001154700 0.001994480 0.001376560 0.001557550 0.001551050 0.001415410 0.000070670 0.000000000 0.001390430 0.002289610 0.001606890 0.001600800 0.003078540 
21     0.001486730 0.002150990 0.001540470 0.001465130 0.001320180 0.000919990 0.000959510 0.000907340 0.002329550 0.001519330 0.001021550 0.001574780 0.001090790 0.001229400 0.001207410 0.001532410 0.001132090 0.001158320 0.001853960 0.001120950 0.001312710 0.001399450 0.001522260 0.001016730 0.001066950 0.000545850 0.000486130 0.000530930 0.000964310 0.000708210 0.000544580 0.000640220 0.000947710 0.000735400 0.000651140 0.000676160 0.000596760 0.000529650 0.000351630 0.001219210 0.000601290 0.000782280 0.000775780 0.000640140 0.001075310 0.001390430 0.000000000 0.000802730 0.000578800 0.000659350 0.002137090 
14     0.002385910 0.003050170 0.002439650 0.002364310 0.002219360 0.001819170 0.001858690 0.001806520 0.003228730 0.002418510 0.001920730 0.002473960 0.001989970 0.002128580 0.002106590 0.002419710 0.002031270 0.002057500 0.002753140 0.002020130 0.002211890 0.002208970 0.002421440 0.001915910 0.001966130 0.001445030 0.001385310 0.001430110 0.001607810 0.001607390 0.001443760 0.001539400 0.001846890 0.001634580 0.001550320 0.001575340 0.001495940 0.001428830 0.001250810 0.002118390 0.001500470 0.001681460 0.001674960 0.001539320 0.001974490 0.002289610 0.000802730 0.000000000 0.000349020 0.001558530 0.003036270 
22     0.001703190 0.002367450 0.001756930 0.001681590 0.001536640 0.001136450 0.001175970 0.001123800 0.002546010 0.001735790 0.001238010 0.001791240 0.001307250 0.001445860 0.001423870 0.001748870 0.001348550 0.001374780 0.002070420 0.001337410 0.001529170 0.001615910 0.001738720 0.001233190 0.001283410 0.000762310 0.000702590 0.000747390 0.001180770 0.000924670 0.000761040 0.000856680 0.001164170 0.000951860 0.000867600 0.000892620 0.000813220 0.000746110 0.000379610 0.001435670 0.000817750 0.000998740 0.000992240 0.000856600 0.001291770 0.001606890 0.000578800 0.000349020 0.000000000 0.000875810 0.002353550 
50     0.001196820 0.001861080 0.001250560 0.001175220 0.001030270 0.000630080 0.000669600 0.000617430 0.001705480 0.000895260 0.000397480 0.000950710 0.000466720 0.000605330 0.000583340 0.000908340 0.000508020 0.000534250 0.001229890 0.000496880 0.000688640 0.000775380 0.000898190 0.000392660 0.000442880 0.000554980 0.000495260 0.000540060 0.000973440 0.000717340 0.000553710 0.000649350 0.000956840 0.000744530 0.000660270 0.000685290 0.000605890 0.000538780 0.000562000 0.001429580 0.000811660 0.000992650 0.000986150 0.000850510 0.001285680 0.001600800 0.000659350 0.001558530 0.000875810 0.000000000 0.001064880 
0     0.002674560 0.003338820 0.002728300 0.002652960 0.002508010 0.002107820 0.002147340 0.002095170 0.003272640 0.002462420 0.001964640 0.002155650 0.002033880 0.002172490 0.002150500 0.002475500 0.002075180 0.002101410 0.002797050 0.002064040 0.002255800 0.002342540 0.002465350 0.001959820 0.002010040 0.002032720 0.001973000 0.002017800 0.002451180 0.002195080 0.002031450 0.002127090 0.002434580 0.002222270 0.002138010 0.002163030 0.002083630 0.002016520 0.002039740 0.002907320 0.002289400 0.002470390 0.002463890 0.002328250 0.002763420 0.003078540 0.002137090 0.003036270 0.002353550 0.001064880 0.000000000 
