51
24     0.000000000 0.029493978 0.033424352 0.034454165 0.060572206 0.111126045 0.110132710 0.117588871 0.135910259 0.161641411 0.160201609 0.148402086 0.144269551 0.150555752 0.159972047 0.159371231 0.165349042 0.166661339 0.160912809 0.159954835 0.145294798 0.144407416 0.152438949 0.148893000 0.149335782 0.167625328 0.173677503 0.183699862 0.178118963 0.172274853 0.172895335 0.173363169 0.173176173 0.188092488 0.193850535 0.189608291 0.192730711 0.179324897 0.220763297 0.186329374 0.190850230 0.188037277 0.188483118 0.196460773 0.199419834 0.198826711 0.193633797 0.185290866 0.185469025 0.176202892 0.360224721 
46     0.029493978 0.000000000 0.028157077 0.029006319 0.056069751 0.106509122 0.105515787 0.112971948 0.131293336 0.157024488 0.155584686 0.143785163 0.139652628 0.145938829 0.155355124 0.154754308 0.160732119 0.162044416 0.156295886 0.155337912 0.140677875 0.139790493 0.147822026 0.144276077 0.144718859 0.163008405 0.169060580 0.179082939 0.173502040 0.167657930 0.168278412 0.168746246 0.168559250 0.183475565 0.189233612 0.184991368 0.188113788 0.174707974 0.216146375 0.181712451 0.186233307 0.183420354 0.183866195 0.191843850 0.194802911 0.194209788 0.189016874 0.180673943 0.180852102 0.171585969 0.355607798 
20     0.033424352 0.028157077 0.000000000 0.029710838 0.055051244 0.105696605 0.104703270 0.112159430 0.130477891 0.156209043 0.154769241 0.142969718 0.138837183 0.145123384 0.154539679 0.153938863 0.159916674 0.161228971 0.155480441 0.154522467 0.139862430 0.138975048 0.147006581 0.143460632 0.143903414 0.162192960 0.168245135 0.178267494 0.172686595 0.166842485 0.167462967 0.167930801 0.167743805 0.182660120 0.188418167 0.184175923 0.187298343 0.173892529 0.215330930 0.180897006 0.185417862 0.182604909 0.183050750 0.191028405 0.193987466 0.193394343 0.188201429 0.179858498 0.180036657 0.170770524 0.354792353 
39     0.034454165 0.029006319 0.029710838 0.000000000 0.053954810 0.104665046 0.103671711 0.111127872 0.129445852 0.155177004 0.153737202 0.141937679 0.137805144 0.144091345 0.153507639 0.152906824 0.158884635 0.160196931 0.154448402 0.153490428 0.138830391 0.137943009 0.145974542 0.142428593 0.142871375 0.161160921 0.167213095 0.177235455 0.171654556 0.165810446 0.166430928 0.166898762 0.166711766 0.181628081 0.187386127 0.183143884 0.186266304 0.172860490 0.214298890 0.179864967 0.184385823 0.181572870 0.182018711 0.189996366 0.192955427 0.192362303 0.187169390 0.178826459 0.179004618 0.169738485 0.353760314 
4     0.060572206 0.056069751 0.055051244 0.053954810 0.000000000 0.097955375 0.096962040 0.104416333 0.122913572 0.148600157 0.147160356 0.135360100 0.131227566 0.137513766 0.146930061 0.146329245 0.152316226 0.153628523 0.147879993 0.146922019 0.132261982 0.131374600 0.139406133 0.135860184 0.136302966 0.154446227 0.160498402 0.170520761 0.164939862 0.159095753 0.159716234 0.160184069 0.159997073 0.174913388 0.180671434 0.176429190 0.179551611 0.166145796 0.207584197 0.173150273 0.177671129 0.174858176 0.175304018 0.183281672 0.186240734 0.185647610 0.180454697 0.172111766 0.172289925 0.163001270 0.347015387 
33     0.111126045 0.106509122 0.105696605 0.104665046 0.097955375 0.000000000 0.024010291 0.061237820 0.112577401 0.138109572 0.136671468 0.124868306 0.120735772 0.127020013 0.136436307 0.135835491 0.142085061 0.143397357 0.137648828 0.136690854 0.122109654 0.121222272 0.129293324 0.125696675 0.126139457 0.143714714 0.149766190 0.159788550 0.154170958 0.148326849 0.148890940 0.149393748 0.149206752 0.164118818 0.169876865 0.165634621 0.168757041 0.155351227 0.197101756 0.162579095 0.167099951 0.164286998 0.164732839 0.172710494 0.175673567 0.175080443 0.169967546 0.161612246 0.161802774 0.152346842 0.336298063 
40     0.110132710 0.105515787 0.104703270 0.103671711 0.096962040 0.024010291 0.000000000 0.060495619 0.111739520 0.137216737 0.135778633 0.123959534 0.119827000 0.126111240 0.135527535 0.134926719 0.141176288 0.142488585 0.136740056 0.135782082 0.121200881 0.120313500 0.128384551 0.124787902 0.125230684 0.142835628 0.148887105 0.158909464 0.153291873 0.147447763 0.148011855 0.148514663 0.148327667 0.163239733 0.168997779 0.164755535 0.167877956 0.154472141 0.196222671 0.161700010 0.166220866 0.163407912 0.163853754 0.171831408 0.174794481 0.174201358 0.169088461 0.160733160 0.160923689 0.151467756 0.335418978 
23     0.117588871 0.112971948 0.112159430 0.111127872 0.104416333 0.061237820 0.060495619 0.000000000 0.119097693 0.144692801 0.143254697 0.131414781 0.127282247 0.133581798 0.142998093 0.142397277 0.148655888 0.149968185 0.144219655 0.143261682 0.128680481 0.127793099 0.135864151 0.132267502 0.132710284 0.150278401 0.156329878 0.166352237 0.160734646 0.154890536 0.155454628 0.155957436 0.155770440 0.170682506 0.176440552 0.172198308 0.175320729 0.161914914 0.203660312 0.169142782 0.173663638 0.170850685 0.171296527 0.179274181 0.182237254 0.181644131 0.176526101 0.168172751 0.168361329 0.158834051 0.342400661 
10     0.135910259 0.131293336 0.130477891 0.129445852 0.122913572 0.112577401 0.111739520 0.119097693 0.000000000 0.143701903 0.142263538 0.129235137 0.125104810 0.131667178 0.140863564 0.140262748 0.146555103 0.147875590 0.142085312 0.141127338 0.126052817 0.125165435 0.133477859 0.129870426 0.130313208 0.147969100 0.154045318 0.164067677 0.158525464 0.152681355 0.153286559 0.153743043 0.153556047 0.168462526 0.174235314 0.169993070 0.173115490 0.159694934 0.201531389 0.166945720 0.171466576 0.168640068 0.169103296 0.177109213 0.180055681 0.179462557 0.174385014 0.166013757 0.166208261 0.157210013 0.340779984 
8     0.161641411 0.157024488 0.156209043 0.155177004 0.148600157 0.138109572 0.137216737 0.144692801 0.143701903 0.000000000 0.101624552 0.139894192 0.135771446 0.142268515 0.151406386 0.150805570 0.156832796 0.158145093 0.152399591 0.151438370 0.137177711 0.136287790 0.144167194 0.140708011 0.141150793 0.168582977 0.174651394 0.184673539 0.179231908 0.173387798 0.174022796 0.174424636 0.174237640 0.189146755 0.194919543 0.190383688 0.193506108 0.180379163 0.221969404 0.187536372 0.192027289 0.189198348 0.189644189 0.197629943 0.200629217 0.200036094 0.194704449 0.186447936 0.186617014 0.176934490 0.361170917 
7     0.160201609 0.155584686 0.154769241 0.153737202 0.147160356 0.136671468 0.135778633 0.143254697 0.142263538 0.101624552 0.000000000 0.138302120 0.134179374 0.140674135 0.149812787 0.149211971 0.155448244 0.156760541 0.151015040 0.150053818 0.135674934 0.134785014 0.142850507 0.139220750 0.139663532 0.167033926 0.173126986 0.183149346 0.177666005 0.171821896 0.172456894 0.172710904 0.172523908 0.187540789 0.193313577 0.188859918 0.191982338 0.178773198 0.220457856 0.186010713 0.190501630 0.187672689 0.188115269 0.196126931 0.199093792 0.198500668 0.193112201 0.184966228 0.185135306 0.175495563 0.359724742 
41     0.148402086 0.143785163 0.142969718 0.141937679 0.135360100 0.124868306 0.123959534 0.131414781 0.129235137 0.139894192 0.138302120 0.000000000 0.036725206 0.071139523 0.079795149 0.079247889 0.115147538 0.116481964 0.110663315 0.109833479 0.095156183 0.094241465 0.102337295 0.098993755 0.099462121 0.155641175 0.161735692 0.171758051 0.166190281 0.160346172 0.160986558 0.161476301 0.161289305 0.176193664 0.181966452 0.177638819 0.180761239 0.167426073 0.209162833 0.174619256 0.179134116 0.176304342 0.176750183 0.184750655 0.187694012 0.187100888 0.182137924 0.173709063 0.173880706 0.164105385 0.348220349 
37     0.144269551 0.139652628 0.138837183 0.137805144 0.131227566 0.120735772 0.119827000 0.127282247 0.125104810 0.135771446 0.134179374 0.036725206 0.000000000 0.066794888 0.075413903 0.074999709 0.110944537 0.112278963 0.106460313 0.105630478 0.091074793 0.090160075 0.098134325 0.094809361 0.095277728 0.151511041 0.157605558 0.167627917 0.162052593 0.156208483 0.156849067 0.157348983 0.157161987 0.172044396 0.177812833 0.173489551 0.176611971 0.163265368 0.205035515 0.170491938 0.175006798 0.172177023 0.172622865 0.180623337 0.183566694 0.182973570 0.178010606 0.169581745 0.169753387 0.159981418 0.344096382 
16     0.150555752 0.145938829 0.145123384 0.144091345 0.137513766 0.127020013 0.126111240 0.133581798 0.131667178 0.142268515 0.140674135 0.071139523 0.066794888 0.000000000 0.069654256 0.069199026 0.117179486 0.118513911 0.112703641 0.111873806 0.097364644 0.096456919 0.104573278 0.101240917 0.101718024 0.157961812 0.164056328 0.174078688 0.168429860 0.162585750 0.163240352 0.163738784 0.163551788 0.178456146 0.184228935 0.179901301 0.183023721 0.169688555 0.211418705 0.176875335 0.181390194 0.178560420 0.179006261 0.187006734 0.189950090 0.189356967 0.184394002 0.175965142 0.176136784 0.166419975 0.350504188 
5     0.159972047 0.155355124 0.154539679 0.153507639 0.146930061 0.136436307 0.135527535 0.142998093 0.140863564 0.151406386 0.149812787 0.079795149 0.075413903 0.069654256 0.000000000 0.033756995 0.126504734 0.127839160 0.122028890 0.121199054 0.106725212 0.105817487 0.113815201 0.110488685 0.110965792 0.167208228 0.173302744 0.183325104 0.177699179 0.171855070 0.172495456 0.172985199 0.172798203 0.187702562 0.193475350 0.189147717 0.192270137 0.178934971 0.220671731 0.186128154 0.190643014 0.187813239 0.188259081 0.196259553 0.199202910 0.198609786 0.193646822 0.185217961 0.185389603 0.175653121 0.359760889 
34     0.159371231 0.154754308 0.153938863 0.152906824 0.146329245 0.135835491 0.134926719 0.142397277 0.140262748 0.150805570 0.149211971 0.079247889 0.074999709 0.069199026 0.033756995 0.000000000 0.125912490 0.127246916 0.121436646 0.120606810 0.106132968 0.105225243 0.113222957 0.109896441 0.110373548 0.166607412 0.172701928 0.182724288 0.177098363 0.171254254 0.171894640 0.172384383 0.172197387 0.187101746 0.192874534 0.188546901 0.191669321 0.178334155 0.220070915 0.185527338 0.190042198 0.187212424 0.187658265 0.195658737 0.198602094 0.198008970 0.193046006 0.184617145 0.184788788 0.175052305 0.359160073 
29     0.165349042 0.160732119 0.159916674 0.158884635 0.152316226 0.142085061 0.141176288 0.148655888 0.146555103 0.156832796 0.155448244 0.115147538 0.110944537 0.117179486 0.126504734 0.125912490 0.000000000 0.036707583 0.042711660 0.042897990 0.084270205 0.083134930 0.092652148 0.089508993 0.089779986 0.172616871 0.178711388 0.188733747 0.183109607 0.177265497 0.177930101 0.178393843 0.178206847 0.193111206 0.198883994 0.194556360 0.197678781 0.184343615 0.225953887 0.191556845 0.196069811 0.192919695 0.193365537 0.201688244 0.204631239 0.204038116 0.198936687 0.190507826 0.190679468 0.181007119 0.365157895 
15     0.166661339 0.162044416 0.161228971 0.160196931 0.153628523 0.143397357 0.142488585 0.149968185 0.147875590 0.158145093 0.156760541 0.116481964 0.112278963 0.118513911 0.127839160 0.127246916 0.036707583 0.000000000 0.044778145 0.045522516 0.085560917 0.084433611 0.094301342 0.090861456 0.091234592 0.173942924 0.180037440 0.190059799 0.184435659 0.178591549 0.179256154 0.179719895 0.179532899 0.194437258 0.200210046 0.195882412 0.199004833 0.185669667 0.227279940 0.192882898 0.197395863 0.194256141 0.194701982 0.203014296 0.205957291 0.205364168 0.200262739 0.191833878 0.192005520 0.182333171 0.366483947 
12     0.160912809 0.156295886 0.155480441 0.154448402 0.147879993 0.137648828 0.136740056 0.144219655 0.142085312 0.152399591 0.151015040 0.110663315 0.106460313 0.112703641 0.122028890 0.121436646 0.042711660 0.044778145 0.000000000 0.023713049 0.079976608 0.078837624 0.088489820 0.085207841 0.085507801 0.168163917 0.174258433 0.184280793 0.178656652 0.172812543 0.173477147 0.173940888 0.173753892 0.188658251 0.194431039 0.190103406 0.193225826 0.179890660 0.221500933 0.187103891 0.191616857 0.188475977 0.188921818 0.197235290 0.200178285 0.199585161 0.194483732 0.186054872 0.186226514 0.176554165 0.360704940 
11     0.159954835 0.155337912 0.154522467 0.153490428 0.146922019 0.136690854 0.135782082 0.143261682 0.141127338 0.151438370 0.150053818 0.109833479 0.105630478 0.111873806 0.121199054 0.120606810 0.042897990 0.045522516 0.023713049 0.000000000 0.079247046 0.078108709 0.087791534 0.084530858 0.084803009 0.167205943 0.173300459 0.183322819 0.177698679 0.171854569 0.172519173 0.172982915 0.172795919 0.187700278 0.193473066 0.189145432 0.192267852 0.178932686 0.220542959 0.186145917 0.190658883 0.187518003 0.187963844 0.196277316 0.199220311 0.198627187 0.193525758 0.185096898 0.185268540 0.175596191 0.359746966 
49     0.145294798 0.140677875 0.139862430 0.138830391 0.132261982 0.122109654 0.121200881 0.128680481 0.126052817 0.137177711 0.135674934 0.095156183 0.091074793 0.097364644 0.106725212 0.106132968 0.084270205 0.085560917 0.079976608 0.079247046 0.000000000 0.031371230 0.072833727 0.068952707 0.069490704 0.152411160 0.158505677 0.168528036 0.162906428 0.157062319 0.157729758 0.158193500 0.158006504 0.172910863 0.178683651 0.174356017 0.177478438 0.164143271 0.205726912 0.171329870 0.175842835 0.172973840 0.173419681 0.181461269 0.184404264 0.183811140 0.178709711 0.170280850 0.170452493 0.160856196 0.345005678 
28     0.144407416 0.139790493 0.138975048 0.137943009 0.131374600 0.121222272 0.120313500 0.127793099 0.125165435 0.136287790 0.134785014 0.094241465 0.090160075 0.096456919 0.105817487 0.105225243 0.083134930 0.084433611 0.078837624 0.078108709 0.031371230 0.000000000 0.072056767 0.068141086 0.068679082 0.151527878 0.157622394 0.167644753 0.162023146 0.156179036 0.156846476 0.157310217 0.157123221 0.172027580 0.177800368 0.173472734 0.176595155 0.163259989 0.204843629 0.170446587 0.174959553 0.172090557 0.172536398 0.180577986 0.183520981 0.182927857 0.177826428 0.169397568 0.169569210 0.159969241 0.344119437 
13     0.152438949 0.147822026 0.147006581 0.145974542 0.139406133 0.129293324 0.128384551 0.135864151 0.133477859 0.144167194 0.142850507 0.102337295 0.098134325 0.104573278 0.113815201 0.113222957 0.092652148 0.094301342 0.088489820 0.087791534 0.072833727 0.072056767 0.000000000 0.062711237 0.063136313 0.159698798 0.165793314 0.175815673 0.170170087 0.164325977 0.164997302 0.165478093 0.165291097 0.180174625 0.185945314 0.181618624 0.184741044 0.171407033 0.213047233 0.178657940 0.183170503 0.180308980 0.180754821 0.188789339 0.191732334 0.191139211 0.186037782 0.177608921 0.177780563 0.168107596 0.352257657 
19     0.148893000 0.144276077 0.143460632 0.142428593 0.135860184 0.125696675 0.124787902 0.132267502 0.129870426 0.140708011 0.139220750 0.098993755 0.094809361 0.101240917 0.110488685 0.109896441 0.089508993 0.090861456 0.085207841 0.084530858 0.068952707 0.068141086 0.062711237 0.000000000 0.019059279 0.156116701 0.162211218 0.172233577 0.166608248 0.160764138 0.161435299 0.161899041 0.161712045 0.176616404 0.182389192 0.178061558 0.181183979 0.167848812 0.209411310 0.175024528 0.179535589 0.176675567 0.177121409 0.185155927 0.188095261 0.187502138 0.182352946 0.173911256 0.174009506 0.164585296 0.348727521 
3     0.149335782 0.144718859 0.143903414 0.142871375 0.136302966 0.126139457 0.125230684 0.132710284 0.130313208 0.141150793 0.139663532 0.099462121 0.095277728 0.101718024 0.110965792 0.110373548 0.089779986 0.091234592 0.085507801 0.084803009 0.069490704 0.068679082 0.063136313 0.019059279 0.000000000 0.156540984 0.162421323 0.172431954 0.167030048 0.161185938 0.161857021 0.162320841 0.162133845 0.177038204 0.182810992 0.178483358 0.181605778 0.168270612 0.209908376 0.175517933 0.180029796 0.177168973 0.177614814 0.185649332 0.188592327 0.187999204 0.182897775 0.174468914 0.174640556 0.165028078 0.349170303 
6     0.167625328 0.163008405 0.162192960 0.161160921 0.154446227 0.143714714 0.142835628 0.150278401 0.147969100 0.168582977 0.167033926 0.155641175 0.151511041 0.157961812 0.167208228 0.166607412 0.172616871 0.173942924 0.168163917 0.167205943 0.152411160 0.151527878 0.159698798 0.156116701 0.156540984 0.000000000 0.095137207 0.105056035 0.110781124 0.104944773 0.105574969 0.105824107 0.105637111 0.120170146 0.125947395 0.121958120 0.125087245 0.111425459 0.164563598 0.130027008 0.134548987 0.131958888 0.132404729 0.140171494 0.142985368 0.142386482 0.137618932 0.129223507 0.129363976 0.137040701 0.322142770 
32     0.173677503 0.169060580 0.168245135 0.167213095 0.160498402 0.149766190 0.148887105 0.156329878 0.154045318 0.174651394 0.173126986 0.161735692 0.157605558 0.164056328 0.173302744 0.172701928 0.178711388 0.180037440 0.174258433 0.173300459 0.158505677 0.157622394 0.165793314 0.162211218 0.162421323 0.095137207 0.000000000 0.052489138 0.118098425 0.112236318 0.112845852 0.112990782 0.112803786 0.127536916 0.133294905 0.129303683 0.132426643 0.118782343 0.170802600 0.136269685 0.140791665 0.138201565 0.138647406 0.146414171 0.149198301 0.148599416 0.143707844 0.135352192 0.135538131 0.143485341 0.328465994 
25     0.183699862 0.179082939 0.178267494 0.177235455 0.170520761 0.159788550 0.158909464 0.166352237 0.164067677 0.184673539 0.183149346 0.171758051 0.167627917 0.174078688 0.183325104 0.182724288 0.188733747 0.190059799 0.184280793 0.183322819 0.168528036 0.167644753 0.175815673 0.172233577 0.172431954 0.105056035 0.052489138 0.000000000 0.128108775 0.122246668 0.122861570 0.123001132 0.122814136 0.137552634 0.143310622 0.139319400 0.142442360 0.128798061 0.180859972 0.146419011 0.150942315 0.148352216 0.148798057 0.156564822 0.159428810 0.158829925 0.153818872 0.145409564 0.145595503 0.153507700 0.338488353 
17     0.178118963 0.173502040 0.172686595 0.171654556 0.164939862 0.154170958 0.153291873 0.160734646 0.158525464 0.179231908 0.177666005 0.166190281 0.162052593 0.168429860 0.177699179 0.177098363 0.183109607 0.184435659 0.178656652 0.177698679 0.162906428 0.162023146 0.170170087 0.166608248 0.167030048 0.110781124 0.118098425 0.128108775 0.000000000 0.043661051 0.086320834 0.095756633 0.095545899 0.109606119 0.115395630 0.111524505 0.114660421 0.100856146 0.175483725 0.141594949 0.146123096 0.143530347 0.143976189 0.151742953 0.154462848 0.153867681 0.148662082 0.140236021 0.140452401 0.148138858 0.332699022 
1     0.172274853 0.167657930 0.166842485 0.165810446 0.159095753 0.148326849 0.147447763 0.154890536 0.152681355 0.173387798 0.171821896 0.160346172 0.156208483 0.162585750 0.171855070 0.171254254 0.177265497 0.178591549 0.172812543 0.171854569 0.157062319 0.156179036 0.164325977 0.160764138 0.161185938 0.104944773 0.112236318 0.122246668 0.043661051 0.000000000 0.080386796 0.089862039 0.089659217 0.103728856 0.109518367 0.105647242 0.108783158 0.094978883 0.169642893 0.135754117 0.140282263 0.137689515 0.138135356 0.145902121 0.148622015 0.148026848 0.142821249 0.134395189 0.134611568 0.142294748 0.326854912 
38     0.172895335 0.168278412 0.167462967 0.166430928 0.159716234 0.148890940 0.148011855 0.155454628 0.153286559 0.174022796 0.172456894 0.160986558 0.156849067 0.163240352 0.172495456 0.171894640 0.177930101 0.179256154 0.173477147 0.172519173 0.157729758 0.156846476 0.164997302 0.161435299 0.161857021 0.105574969 0.112845852 0.122861570 0.086320834 0.080386796 0.000000000 0.089952608 0.089756754 0.104667494 0.110258240 0.106432544 0.109575159 0.095938222 0.170147704 0.136275357 0.140804833 0.138212085 0.138657926 0.146424691 0.149218350 0.148623182 0.143350551 0.134924491 0.135140871 0.142959303 0.327535522 
35     0.173363169 0.168746246 0.167930801 0.166898762 0.160184069 0.149393748 0.148514663 0.155957436 0.153743043 0.174424636 0.172710904 0.161476301 0.157348983 0.163738784 0.172985199 0.172384383 0.178393843 0.179719895 0.173940888 0.172982915 0.158193500 0.157310217 0.165478093 0.161899041 0.162320841 0.105824107 0.112990782 0.123001132 0.095756633 0.089862039 0.089952608 0.000000000 0.030718432 0.101426416 0.106654853 0.103136023 0.106257879 0.092804746 0.170723380 0.136630000 0.141164042 0.138571294 0.139017135 0.146782846 0.149595825 0.149000658 0.143882723 0.135476691 0.135693071 0.143441481 0.328017943 
43     0.173176173 0.168559250 0.167743805 0.166711766 0.159997073 0.149206752 0.148327667 0.155770440 0.153556047 0.174237640 0.172523908 0.161289305 0.157161987 0.163551788 0.172798203 0.172197387 0.178206847 0.179532899 0.173753892 0.172795919 0.158006504 0.157123221 0.165291097 0.161712045 0.162133845 0.105637111 0.112803786 0.122814136 0.095545899 0.089659217 0.089756754 0.030718432 0.000000000 0.101248009 0.106561967 0.102958309 0.106080164 0.092627031 0.170536384 0.136443004 0.140977046 0.138384298 0.138830139 0.146595850 0.149408829 0.148813662 0.143695727 0.135289695 0.135506075 0.143254485 0.327830947 
48     0.188092488 0.183475565 0.182660120 0.181628081 0.174913388 0.164118818 0.163239733 0.170682506 0.168462526 0.189146755 0.187540789 0.176193664 0.172044396 0.178456146 0.187702562 0.187101746 0.193111206 0.194437258 0.188658251 0.187700278 0.172910863 0.172027580 0.180174625 0.176616404 0.177038204 0.120170146 0.127536916 0.137552634 0.109606119 0.103728856 0.104667494 0.101426416 0.101248009 0.000000000 0.057862663 0.053599605 0.057036055 0.053311098 0.185301609 0.151289902 0.155818048 0.153225300 0.153671141 0.161437906 0.164230985 0.163635818 0.158455263 0.150044695 0.150261075 0.158025473 0.342018820 
9     0.193850535 0.189233612 0.188418167 0.187386127 0.180671434 0.169876865 0.168997779 0.176440552 0.174235314 0.194919543 0.193313577 0.181966452 0.177812833 0.184228935 0.193475350 0.192874534 0.198883994 0.200210046 0.194431039 0.193473066 0.178683651 0.177800368 0.185945314 0.182389192 0.182810992 0.125947395 0.133294905 0.143310622 0.115395630 0.109518367 0.110258240 0.106654853 0.106561967 0.057862663 0.000000000 0.054062735 0.056733295 0.058271579 0.191084952 0.157042811 0.161570957 0.158978209 0.159424050 0.167190815 0.170014328 0.169419161 0.164238606 0.155828038 0.156044418 0.163784341 0.347777688 
45     0.189608291 0.184991368 0.184175923 0.183143884 0.176429190 0.165634621 0.164755535 0.172198308 0.169993070 0.190383688 0.188859918 0.177638819 0.173489551 0.179901301 0.189147717 0.188546901 0.194556360 0.195882412 0.190103406 0.189145432 0.174356017 0.173472734 0.181618624 0.178061558 0.178483358 0.121958120 0.129303683 0.139319400 0.111524505 0.105647242 0.106432544 0.103136023 0.102958309 0.053599605 0.054062735 0.000000000 0.039849272 0.053232703 0.187081913 0.153039773 0.157567919 0.154975171 0.155421012 0.163187777 0.166011290 0.165416123 0.160235568 0.151825000 0.152041380 0.159683427 0.343676774 
42     0.192730711 0.188113788 0.187298343 0.186266304 0.179551611 0.168757041 0.167877956 0.175320729 0.173115490 0.193506108 0.191982338 0.180761239 0.176611971 0.183023721 0.192270137 0.191669321 0.197678781 0.199004833 0.193225826 0.192267852 0.177478438 0.176595155 0.184741044 0.181183979 0.181605778 0.125087245 0.132426643 0.142442360 0.114660421 0.108783158 0.109575159 0.106257879 0.106080164 0.057036055 0.056733295 0.039849272 0.000000000 0.057539387 0.190200950 0.156158809 0.160686956 0.158094207 0.158540048 0.166306813 0.169130326 0.168535159 0.163354604 0.154944037 0.155160416 0.162805847 0.346799194 
27     0.179324897 0.174707974 0.173892529 0.172860490 0.166145796 0.155351227 0.154472141 0.161914914 0.159694934 0.180379163 0.178773198 0.167426073 0.163265368 0.169688555 0.178934971 0.178334155 0.184343615 0.185669667 0.179890660 0.178932686 0.164143271 0.163259989 0.171407033 0.167848812 0.168270612 0.111425459 0.118782343 0.128798061 0.100856146 0.094978883 0.095938222 0.092804746 0.092627031 0.053311098 0.058271579 0.053232703 0.057539387 0.000000000 0.176587422 0.142575715 0.147103862 0.144511113 0.144956954 0.152723719 0.155516798 0.154921631 0.149741076 0.141330509 0.141546888 0.149278317 0.333262925 
26     0.220763297 0.216146375 0.215330930 0.214298890 0.207584197 0.197101756 0.196222671 0.203660312 0.201531389 0.221969404 0.220457856 0.209162833 0.205035515 0.211418705 0.220671731 0.220070915 0.225953887 0.227279940 0.221500933 0.220542959 0.205726912 0.204843629 0.213047233 0.209411310 0.209908376 0.164563598 0.170802600 0.180859972 0.175483725 0.169642893 0.170147704 0.170723380 0.170536384 0.185301609 0.191084952 0.187081913 0.190200950 0.176587422 0.000000000 0.157629677 0.162184881 0.159771266 0.160217107 0.167715941 0.170253601 0.169683123 0.165019499 0.156294015 0.156479673 0.191497048 0.375779625 
31     0.186329374 0.181712451 0.180897006 0.179864967 0.173150273 0.162579095 0.161700010 0.169142782 0.166945720 0.187536372 0.186010713 0.174619256 0.170491938 0.176875335 0.186128154 0.185527338 0.191556845 0.192882898 0.187103891 0.186145917 0.171329870 0.170446587 0.178657940 0.175024528 0.175517933 0.130027008 0.136269685 0.146419011 0.141594949 0.135754117 0.136275357 0.136630000 0.136443004 0.151289902 0.157042811 0.153039773 0.156158809 0.142575715 0.157629677 0.000000000 0.028798456 0.026359025 0.026368157 0.064316493 0.110757137 0.110070636 0.127126409 0.118691558 0.119030686 0.157026903 0.341364354 
47     0.190850230 0.186233307 0.185417862 0.184385823 0.177671129 0.167099951 0.166220866 0.173663638 0.171466576 0.192027289 0.190501630 0.179134116 0.175006798 0.181390194 0.190643014 0.190042198 0.196069811 0.197395863 0.191616857 0.190658883 0.175842835 0.174959553 0.183170503 0.179535589 0.180029796 0.134548987 0.140791665 0.150942315 0.146123096 0.140282263 0.140804833 0.141164042 0.140977046 0.155818048 0.161570957 0.157567919 0.160686956 0.147103862 0.162184881 0.028798456 0.000000000 0.028369495 0.028683485 0.069642281 0.115284223 0.114597722 0.131617421 0.123199095 0.123593192 0.161544569 0.345883388 
30     0.188037277 0.183420354 0.182604909 0.181572870 0.174858176 0.164286998 0.163407912 0.170850685 0.168640068 0.189198348 0.187672689 0.176304342 0.172177023 0.178560420 0.187813239 0.187212424 0.192919695 0.194256141 0.188475977 0.187518003 0.172973840 0.172090557 0.180308980 0.176675567 0.177168973 0.131958888 0.138201565 0.148352216 0.143530347 0.137689515 0.138212085 0.138571294 0.138384298 0.153225300 0.158978209 0.154975171 0.158094207 0.144511113 0.159771266 0.026359025 0.028369495 0.000000000 0.019103326 0.067282423 0.112861936 0.112175435 0.129237163 0.120818837 0.121212934 0.158954159 0.343291611 
36     0.188483118 0.183866195 0.183050750 0.182018711 0.175304018 0.164732839 0.163853754 0.171296527 0.169103296 0.189644189 0.188115269 0.176750183 0.172622865 0.179006261 0.188259081 0.187658265 0.193365537 0.194701982 0.188921818 0.187963844 0.173419681 0.172536398 0.180754821 0.177121409 0.177614814 0.132404729 0.138647406 0.148798057 0.143976189 0.138135356 0.138657926 0.139017135 0.138830139 0.153671141 0.159424050 0.155421012 0.158540048 0.144956954 0.160217107 0.026368157 0.028683485 0.019103326 0.000000000 0.067437220 0.113309699 0.112623198 0.129683004 0.121264678 0.121658775 0.159400000 0.343737452 
18     0.196460773 0.191843850 0.191028405 0.189996366 0.183281672 0.172710494 0.171831408 0.179274181 0.177109213 0.197629943 0.196126931 0.184750655 0.180623337 0.187006734 0.196259553 0.195658737 0.201688244 0.203014296 0.197235290 0.196277316 0.181461269 0.180577986 0.188789339 0.185155927 0.185649332 0.140171494 0.146414171 0.156564822 0.151742953 0.145902121 0.146424691 0.146782846 0.146595850 0.161437906 0.167190815 0.163187777 0.166306813 0.152723719 0.167715941 0.064316493 0.069642281 0.067282423 0.067437220 0.000000000 0.120723713 0.120036103 0.137185234 0.128763252 0.129165442 0.167145680 0.351483131 
44     0.199419834 0.194802911 0.193987466 0.192955427 0.186240734 0.175673567 0.174794481 0.182237254 0.180055681 0.200629217 0.199093792 0.187694012 0.183566694 0.189950090 0.199202910 0.198602094 0.204631239 0.205957291 0.200178285 0.199220311 0.184404264 0.183520981 0.191732334 0.188095261 0.188592327 0.142985368 0.149198301 0.159428810 0.154462848 0.148622015 0.149218350 0.149595825 0.149408829 0.164230985 0.170014328 0.166011290 0.169130326 0.155516798 0.170253601 0.110757137 0.115284223 0.112861936 0.113309699 0.120723713 0.000000000 0.023840171 0.140577971 0.132029249 0.132324125 0.170060213 0.354365097 
2     0.198826711 0.194209788 0.193394343 0.192362303 0.185647610 0.175080443 0.174201358 0.181644131 0.179462557 0.200036094 0.198500668 0.187100888 0.182973570 0.189356967 0.198609786 0.198008970 0.204038116 0.205364168 0.199585161 0.198627187 0.183811140 0.182927857 0.191139211 0.187502138 0.187999204 0.142386482 0.148599416 0.158829925 0.153867681 0.148026848 0.148623182 0.149000658 0.148813662 0.163635818 0.169419161 0.165416123 0.168535159 0.154921631 0.169683123 0.110070636 0.114597722 0.112175435 0.112623198 0.120036103 0.023840171 0.000000000 0.139991280 0.131458772 0.131753647 0.169467090 0.353771974 
21     0.193633797 0.189016874 0.188201429 0.187169390 0.180454697 0.169967546 0.169088461 0.176526101 0.174385014 0.194704449 0.193112201 0.182137924 0.178010606 0.184394002 0.193646822 0.193046006 0.198936687 0.200262739 0.194483732 0.193525758 0.178709711 0.177826428 0.186037782 0.182352946 0.182897775 0.137618932 0.143707844 0.153818872 0.148662082 0.142821249 0.143350551 0.143882723 0.143695727 0.158455263 0.164238606 0.160235568 0.163354604 0.149741076 0.165019499 0.127126409 0.131617421 0.129237163 0.129683004 0.137185234 0.140577971 0.139991280 0.000000000 0.095100029 0.095555710 0.164194877 0.348632327 
14     0.185290866 0.180673943 0.179858498 0.178826459 0.172111766 0.161612246 0.160733160 0.168172751 0.166013757 0.186447936 0.184966228 0.173709063 0.169581745 0.175965142 0.185217961 0.184617145 0.190507826 0.191833878 0.186054872 0.185096898 0.170280850 0.169397568 0.177608921 0.173911256 0.174468914 0.129223507 0.135352192 0.145409564 0.140236021 0.134395189 0.134924491 0.135476691 0.135289695 0.150044695 0.155828038 0.151825000 0.154944037 0.141330509 0.156294015 0.118691558 0.123199095 0.120818837 0.121264678 0.128763252 0.132029249 0.131458772 0.095100029 0.000000000 0.071062207 0.155819173 0.340254937 
22     0.185469025 0.180852102 0.180036657 0.179004618 0.172289925 0.161802774 0.160923689 0.168361329 0.166208261 0.186617014 0.185135306 0.173880706 0.169753387 0.176136784 0.185389603 0.184788788 0.190679468 0.192005520 0.186226514 0.185268540 0.170452493 0.169569210 0.177780563 0.174009506 0.174640556 0.129363976 0.135538131 0.145595503 0.140452401 0.134611568 0.135140871 0.135693071 0.135506075 0.150261075 0.156044418 0.152041380 0.155160416 0.141546888 0.156479673 0.119030686 0.123593192 0.121212934 0.121658775 0.129165442 0.132324125 0.131753647 0.095555710 0.071062207 0.000000000 0.155990637 0.340403027 
50     0.176202892 0.171585969 0.170770524 0.169738485 0.163001270 0.152346842 0.151467756 0.158834051 0.157210013 0.176934490 0.175495563 0.164105385 0.159981418 0.166419975 0.175653121 0.175052305 0.181007119 0.182333171 0.176554165 0.175596191 0.160856196 0.159969241 0.168107596 0.164585296 0.165028078 0.137040701 0.143485341 0.153507700 0.148138858 0.142294748 0.142959303 0.143441481 0.143254485 0.158025473 0.163784341 0.159683427 0.162805847 0.149278317 0.191497048 0.157026903 0.161544569 0.158954159 0.159400000 0.167145680 0.170060213 0.169467090 0.164194877 0.155819173 0.155990637 0.000000000 0.321769172 
0     0.360224721 0.355607798 0.354792353 0.353760314 0.347015387 0.336298063 0.335418978 0.342400661 0.340779984 0.361170917 0.359724742 0.348220349 0.344096382 0.350504188 0.359760889 0.359160073 0.365157895 0.366483947 0.360704940 0.359746966 0.345005678 0.344119437 0.352257657 0.348727521 0.349170303 0.322142770 0.328465994 0.338488353 0.332699022 0.326854912 0.327535522 0.328017943 0.327830947 0.342018820 0.347777688 0.343676774 0.346799194 0.333262925 0.375779625 0.341364354 0.345883388 0.343291611 0.343737452 0.351483131 0.354365097 0.353771974 0.348632327 0.340254937 0.340403027 0.321769172 0.000000000 
