51
3     0.000000000 0.023633911 0.043144523 0.043125471 0.098135605 0.115489905 0.105652587 0.104673675 0.105529292 0.102153079 0.109231565 0.095598424 0.096992582 0.087293658 0.090017063 0.085800196 0.118077080 0.092279689 0.073264372 0.075205160 0.071363398 0.101577490 0.098553640 0.100526145 0.116982731 0.113878215 0.113727108 0.114290844 0.113358982 0.108511896 0.110705272 0.115768449 0.110581312 0.106890327 0.085494065 0.069740393 0.069066450 0.091204709 0.087647976 0.065745989 0.101020216 0.103771194 0.110647034 0.103404993 0.111683577 0.110765727 0.074440021 0.167037515 0.165916331 0.139515144 0.126760414 
4     0.023633911 0.000000000 0.045701688 0.045682637 0.100703049 0.118057349 0.108220030 0.107241119 0.108096735 0.104720523 0.111799008 0.098165868 0.099560025 0.089861102 0.092584507 0.088367640 0.120644524 0.094847133 0.075831816 0.077772603 0.073930841 0.104144933 0.101121084 0.103093589 0.119550174 0.116445658 0.116294551 0.116858288 0.115926426 0.111079340 0.113272716 0.118335892 0.113148755 0.109457770 0.088061509 0.072307837 0.071633894 0.093772153 0.090215420 0.068313433 0.103587660 0.106338637 0.113214478 0.105972437 0.114251021 0.113333171 0.077007464 0.169604959 0.168483775 0.142082587 0.129327858 
1     0.043144523 0.045701688 0.000000000 0.005394943 0.084988013 0.102342313 0.092504995 0.091526083 0.092381700 0.089005488 0.096083973 0.082450833 0.083844990 0.074174992 0.076898397 0.072681530 0.104929488 0.079132098 0.060116781 0.062057568 0.058215806 0.088458824 0.085434975 0.087407479 0.103823116 0.100718600 0.100567493 0.101131230 0.100199367 0.095352753 0.097546128 0.102609305 0.097422168 0.093731183 0.072333431 0.056579759 0.055905816 0.078044075 0.074487342 0.052585355 0.087859582 0.090610560 0.097486400 0.090244359 0.098522943 0.097605093 0.061314909 0.153901285 0.152780101 0.126378914 0.113598292 
2     0.043125471 0.045682637 0.005394943 0.000000000 0.084960799 0.102315100 0.092477781 0.091498869 0.092354486 0.088978274 0.096056759 0.082423619 0.083817776 0.074147778 0.076871183 0.072654316 0.104902275 0.079104884 0.060089567 0.062030354 0.058188592 0.088431610 0.085407761 0.087380266 0.103795902 0.100691386 0.100540279 0.101104016 0.100172154 0.095325539 0.097518914 0.102582091 0.097394954 0.093703969 0.072306217 0.056552546 0.055878602 0.078016861 0.074460128 0.052558142 0.087832369 0.090583346 0.097459186 0.090217145 0.098495730 0.097577879 0.061287695 0.153874071 0.152752887 0.126351700 0.113571079 
44     0.098135605 0.100703049 0.084988013 0.084960799 0.000000000 0.033233015 0.023562738 0.022534569 0.053864756 0.050374622 0.057536949 0.043903229 0.045479643 0.076683730 0.079469048 0.075243994 0.107522132 0.081720665 0.062677392 0.064635804 0.060787867 0.091079212 0.088067017 0.090039522 0.122323366 0.119218850 0.119067743 0.119631480 0.118699617 0.114390694 0.116584070 0.121707696 0.116520559 0.112829574 0.090609042 0.074869960 0.074196017 0.096327679 0.092770947 0.070935128 0.106237403 0.108988380 0.115864220 0.108623519 0.116900764 0.115984254 0.079372643 0.181792113 0.180670929 0.154302452 0.142042270 
34     0.115489905 0.118057349 0.102342313 0.102315100 0.033233015 0.000000000 0.020981445 0.019789190 0.070923947 0.067666102 0.074785750 0.061065352 0.062706149 0.094021081 0.096806399 0.092581345 0.124866102 0.099061555 0.080020991 0.081979775 0.078131837 0.108419715 0.105407891 0.107380396 0.139671582 0.136567066 0.136415959 0.136979696 0.136047833 0.131738910 0.133932286 0.139055912 0.133868775 0.130177790 0.107957258 0.092218176 0.091544233 0.113675895 0.110119163 0.088283344 0.123585619 0.126336596 0.133212436 0.125971735 0.134248980 0.133332470 0.096744193 0.199146623 0.198025439 0.171656962 0.159412182 
26     0.105652587 0.108220030 0.092504995 0.092477781 0.023562738 0.020981445 0.000000000 0.006344053 0.061045415 0.057762392 0.064882040 0.051186820 0.052827617 0.084183894 0.086969212 0.082744158 0.115028784 0.089224236 0.070183673 0.072142456 0.068294518 0.098582528 0.095570704 0.097543209 0.129834264 0.126729748 0.126578641 0.127142377 0.126210515 0.121901592 0.124094967 0.129218594 0.124031457 0.120340472 0.098119939 0.082380858 0.081706915 0.103838577 0.100281844 0.078446025 0.113748300 0.116499277 0.123375118 0.116134417 0.124411661 0.123495151 0.086906874 0.189309305 0.188188120 0.161819644 0.149574863 
38     0.104673675 0.107241119 0.091526083 0.091498869 0.022534569 0.019789190 0.006344053 0.000000000 0.060173545 0.056880976 0.064000623 0.050280225 0.051921023 0.083204851 0.085990168 0.081765115 0.114049872 0.088245324 0.069204761 0.071163544 0.067315607 0.097603484 0.094591661 0.096564166 0.128855352 0.125750836 0.125599729 0.126163465 0.125231603 0.120922680 0.123116056 0.128239682 0.123052545 0.119361560 0.097141028 0.081401946 0.080728003 0.102859665 0.099302932 0.077467113 0.112769388 0.115520366 0.122396206 0.115155505 0.123432749 0.122516239 0.085927963 0.188330393 0.187209209 0.160840732 0.148595951 
16     0.105529292 0.108096735 0.092381700 0.092354486 0.053864756 0.070923947 0.061045415 0.060173545 0.000000000 0.036840237 0.043834257 0.030156249 0.031614190 0.084159366 0.086941986 0.082717485 0.115008745 0.089211249 0.070169310 0.072121861 0.068279785 0.098542847 0.095530653 0.097503158 0.129747695 0.126643179 0.126492072 0.127055808 0.126123946 0.121816636 0.124010011 0.129133638 0.123946501 0.120255516 0.098034350 0.082295268 0.081621325 0.103752988 0.100196255 0.078360436 0.113662711 0.116413688 0.123289528 0.116048827 0.124326072 0.123409562 0.086851543 0.189172228 0.188051044 0.161682567 0.149454916 
42     0.102153079 0.104720523 0.089005488 0.088978274 0.050374622 0.067666102 0.057762392 0.056880976 0.036840237 0.000000000 0.030369204 0.020357917 0.021865910 0.080805394 0.083588014 0.079363513 0.111654773 0.085857277 0.066815338 0.068767889 0.064925813 0.095189288 0.092177093 0.094149598 0.126371483 0.123266967 0.123115860 0.123679596 0.122747734 0.118440423 0.120633799 0.125757425 0.120570288 0.116879303 0.094658138 0.078919056 0.078245113 0.100376775 0.096820042 0.074984223 0.110286498 0.113037476 0.119913316 0.112672615 0.120949860 0.120033349 0.083482212 0.185796016 0.184674831 0.158306355 0.146078703 
18     0.109231565 0.111799008 0.096083973 0.096056759 0.057536949 0.074785750 0.064882040 0.064000623 0.043834257 0.030369204 0.000000000 0.027591365 0.028917703 0.087883880 0.090666499 0.086441998 0.118733259 0.092935763 0.073893824 0.075846374 0.072004298 0.102267773 0.099255579 0.101228084 0.133449968 0.130345452 0.130194345 0.130758082 0.129826219 0.125518909 0.127712284 0.132835911 0.127648774 0.123957789 0.101736623 0.085997542 0.085323598 0.107455261 0.103898528 0.082062709 0.117364984 0.120115961 0.126991802 0.119751101 0.128028345 0.127111835 0.090560697 0.192874501 0.191753317 0.165384840 0.153157189 
12     0.095598424 0.098165868 0.082450833 0.082423619 0.043903229 0.061065352 0.051186820 0.050280225 0.030156249 0.020357917 0.027591365 0.000000000 0.012367911 0.074250008 0.077032627 0.072808126 0.105099386 0.079301891 0.060259952 0.062212502 0.058370426 0.088634227 0.085622033 0.087594538 0.119816828 0.116712312 0.116561205 0.117124941 0.116193079 0.111885768 0.114079144 0.119202770 0.114015633 0.110324648 0.088103483 0.072364401 0.071690458 0.093822120 0.090265388 0.068429569 0.103731844 0.106482821 0.113358661 0.106117960 0.114395205 0.113478694 0.076927557 0.179241361 0.178120177 0.151751700 0.139524048 
9     0.096992582 0.099560025 0.083844990 0.083817776 0.045479643 0.062706149 0.052827617 0.051921023 0.031614190 0.021865910 0.028917703 0.012367911 0.000000000 0.075653584 0.078423373 0.074198872 0.106490132 0.080692637 0.061650698 0.063603248 0.059761172 0.090024647 0.087012452 0.088984957 0.121210985 0.118106469 0.117955362 0.118519099 0.117587236 0.113279926 0.115473301 0.120596928 0.115409791 0.111718806 0.089497640 0.073758559 0.073084615 0.095216278 0.091659545 0.069823726 0.105126001 0.107876978 0.114752819 0.107512118 0.115789362 0.114872852 0.078321714 0.180635518 0.179514334 0.153145857 0.140918206 
19     0.087293658 0.089861102 0.074174992 0.074147778 0.076683730 0.094021081 0.084183894 0.083204851 0.084159366 0.080805394 0.087883880 0.074250008 0.075653584 0.000000000 0.042904218 0.038698128 0.091723518 0.065881798 0.047006479 0.048955158 0.045119867 0.077204189 0.074185320 0.076157825 0.111594818 0.108490302 0.108339195 0.108902931 0.107971069 0.103619595 0.105812970 0.110936597 0.105749460 0.102058475 0.079893008 0.064137331 0.063463388 0.085611646 0.082054913 0.060202499 0.095520135 0.098271112 0.105146952 0.097906251 0.106183496 0.105266986 0.068819882 0.170990076 0.169868891 0.143500415 0.131242408 
43     0.090017063 0.092584507 0.076898397 0.076871183 0.079469048 0.096806399 0.086969212 0.085990168 0.086941986 0.083588014 0.090666499 0.077032627 0.078423373 0.042904218 0.000000000 0.022020900 0.094491681 0.068663358 0.049674935 0.051616180 0.047780890 0.079927671 0.076908802 0.078881307 0.114365595 0.111261079 0.111109972 0.111673708 0.110741846 0.106390372 0.108583747 0.113707374 0.108520236 0.104829252 0.082663785 0.066908108 0.066234165 0.088382423 0.084825690 0.062973275 0.098290912 0.101041889 0.107917729 0.100677028 0.108954273 0.108037762 0.071534924 0.173761570 0.172640386 0.146271909 0.133976030 
5     0.085800196 0.088367640 0.072681530 0.072654316 0.075243994 0.092581345 0.082744158 0.081765115 0.082717485 0.079363513 0.086441998 0.072808126 0.074198872 0.038698128 0.022020900 0.000000000 0.090278821 0.064450498 0.045463230 0.047404475 0.043569185 0.075719226 0.072700358 0.074672863 0.110148728 0.107044212 0.106893105 0.107456841 0.106524979 0.102173504 0.104366880 0.109490506 0.104303369 0.100612384 0.078446918 0.062691241 0.062017298 0.084165555 0.080608822 0.058756408 0.094074044 0.096825022 0.103700862 0.096460161 0.104737405 0.103820895 0.067318057 0.169544703 0.168423519 0.142055042 0.129759163 
25     0.118077080 0.120644524 0.104929488 0.104902275 0.107522132 0.124866102 0.115028784 0.114049872 0.115008745 0.111654773 0.118733259 0.105099386 0.106490132 0.091723518 0.094491681 0.090278821 0.000000000 0.069532493 0.069579704 0.071336474 0.067603723 0.107970358 0.104936668 0.106909299 0.142303166 0.139198650 0.139047543 0.139611279 0.138679417 0.134314964 0.136508339 0.141631966 0.136444829 0.132753844 0.110651688 0.094896011 0.094222068 0.116370326 0.112813593 0.090961179 0.126277777 0.129028754 0.135904594 0.128663893 0.136941138 0.136024627 0.099529762 0.201703027 0.200581843 0.174213366 0.161983559 
35     0.092279689 0.094847133 0.079132098 0.079104884 0.081720665 0.099061555 0.089224236 0.088245324 0.089211249 0.085857277 0.092935763 0.079301891 0.080692637 0.065881798 0.068663358 0.064450498 0.069532493 0.000000000 0.043675922 0.045445254 0.041683550 0.082157086 0.079123397 0.081096028 0.116505775 0.113401259 0.113250152 0.113813888 0.112882026 0.108517573 0.110710949 0.115834575 0.110647438 0.106956453 0.084854298 0.069098620 0.068424677 0.090572935 0.087016202 0.065163788 0.100480386 0.103231363 0.110107203 0.102866502 0.111143747 0.110227237 0.073732371 0.175905636 0.174784452 0.148415976 0.136186168 
27     0.073264372 0.075831816 0.060116781 0.060089567 0.062677392 0.080020991 0.070183673 0.069204761 0.070169310 0.066815338 0.073893824 0.060259952 0.061650698 0.047006479 0.049674935 0.045463230 0.069579704 0.043675922 0.000000000 0.020542381 0.016818723 0.063226766 0.060204665 0.062177296 0.097557321 0.094452805 0.094301697 0.094865434 0.093933572 0.089569118 0.091762494 0.096886120 0.091698983 0.088007998 0.065905843 0.050150166 0.049476223 0.071624480 0.068067748 0.046215333 0.081531931 0.084282908 0.091158749 0.083918048 0.092195292 0.091278782 0.054692909 0.156923428 0.155802244 0.129433767 0.117183370 
23     0.075205160 0.077772603 0.062057568 0.062030354 0.064635804 0.081979775 0.072142456 0.071163544 0.072121861 0.068767889 0.075846374 0.062212502 0.063603248 0.048955158 0.051616180 0.047404475 0.071336474 0.045445254 0.020542381 0.000000000 0.012905732 0.065199373 0.062165683 0.064138314 0.099498108 0.096393592 0.096242485 0.096806221 0.095874359 0.091509906 0.093703281 0.098826908 0.093639771 0.089948786 0.067846630 0.052090953 0.051417010 0.073565268 0.070008535 0.048156121 0.083472719 0.086223696 0.093099536 0.085858835 0.094136080 0.093219569 0.056633697 0.158864215 0.157743031 0.131374554 0.119124158 
15     0.071363398 0.073930841 0.058215806 0.058188592 0.060787867 0.078131837 0.068294518 0.067315607 0.068279785 0.064925813 0.072004298 0.058370426 0.059761172 0.045119867 0.047780890 0.043569185 0.067603723 0.041683550 0.016818723 0.012905732 0.000000000 0.061363730 0.058330040 0.060302671 0.095656346 0.092551830 0.092400723 0.092964459 0.092032597 0.087668144 0.089861519 0.094985146 0.089798009 0.086107024 0.064004868 0.048249191 0.047575248 0.069723506 0.066166773 0.044314359 0.079630957 0.082381934 0.089257774 0.082017073 0.090294318 0.089377807 0.052791935 0.155022453 0.153901269 0.127532792 0.115282396 
41     0.101577490 0.104144933 0.088458824 0.088431610 0.091079212 0.108419715 0.098582528 0.097603484 0.098542847 0.095189288 0.102267773 0.088634227 0.090024647 0.077204189 0.079927671 0.075719226 0.107970358 0.082157086 0.063226766 0.065199373 0.061363730 0.000000000 0.019016536 0.019924418 0.125830886 0.122726370 0.122575263 0.123138999 0.122207137 0.117859358 0.120052734 0.125176360 0.119989223 0.116298238 0.094163748 0.078408071 0.077734128 0.099882385 0.096325653 0.074473238 0.109792109 0.112543086 0.119418926 0.112178225 0.120455470 0.119538959 0.083044261 0.185285691 0.184164507 0.157796030 0.145499732 
36     0.098553640 0.101121084 0.085434975 0.085407761 0.088067017 0.105407891 0.095570704 0.094591661 0.095530653 0.092177093 0.099255579 0.085622033 0.087012452 0.074185320 0.076908802 0.072700358 0.104936668 0.079123397 0.060204665 0.062165683 0.058330040 0.019016536 0.000000000 0.015538060 0.122807037 0.119702521 0.119551413 0.120115150 0.119183288 0.114835509 0.117028884 0.122152511 0.116965374 0.113274389 0.091139899 0.075384221 0.074710278 0.096858536 0.093301803 0.071449389 0.106768259 0.109519237 0.116395077 0.109154376 0.117431620 0.116515110 0.080020412 0.182261841 0.181140657 0.154772180 0.142475883 
8     0.100526145 0.103093589 0.087407479 0.087380266 0.090039522 0.107380396 0.097543209 0.096564166 0.097503158 0.094149598 0.101228084 0.087594538 0.088984957 0.076157825 0.078881307 0.074672863 0.106909299 0.081096028 0.062177296 0.064138314 0.060302671 0.019924418 0.015538060 0.000000000 0.124779542 0.121675026 0.121523918 0.122087655 0.121155793 0.116808014 0.119001389 0.124125016 0.118937879 0.115246894 0.093112404 0.077356726 0.076682783 0.098831041 0.095274308 0.073421894 0.108740764 0.111491742 0.118367582 0.111126881 0.119404125 0.118487615 0.081992917 0.184234346 0.183113162 0.156744685 0.144448388 
37     0.116982731 0.119550174 0.103823116 0.103795902 0.122323366 0.139671582 0.129834264 0.128855352 0.129747695 0.126371483 0.133449968 0.119816828 0.121210985 0.111594818 0.114365595 0.110148728 0.142303166 0.116505775 0.097557321 0.099498108 0.095656346 0.125830886 0.122807037 0.124779542 0.000000000 0.024093904 0.023671819 0.024470648 0.023591676 0.117191421 0.119389217 0.124563149 0.119378607 0.115686433 0.100826273 0.085065447 0.084401232 0.106556687 0.103000972 0.081117914 0.116336282 0.119087436 0.125963276 0.118727837 0.126999819 0.126089797 0.098573260 0.201102360 0.199981176 0.173579989 0.161465963 
14     0.113878215 0.116445658 0.100718600 0.100691386 0.119218850 0.136567066 0.126729748 0.125750836 0.126643179 0.123266967 0.130345452 0.116712312 0.118106469 0.108490302 0.111261079 0.107044212 0.139198650 0.113401259 0.094452805 0.096393592 0.092551830 0.122726370 0.119702521 0.121675026 0.024093904 0.000000000 0.008964308 0.010300821 0.008986830 0.114127289 0.116325084 0.121499016 0.116314475 0.112622301 0.097758325 0.081997499 0.081333285 0.103488739 0.099933024 0.078049967 0.113268335 0.116019488 0.122895328 0.115659889 0.123931872 0.123021849 0.095469091 0.197997844 0.196876660 0.170475473 0.158361446 
21     0.113727108 0.116294551 0.100567493 0.100540279 0.119067743 0.136415959 0.126578641 0.125599729 0.126492072 0.123115860 0.130194345 0.116561205 0.117955362 0.108339195 0.111109972 0.106893105 0.139047543 0.113250152 0.094301697 0.096242485 0.092400723 0.122575263 0.119551413 0.121523918 0.023671819 0.008964308 0.000000000 0.010987064 0.009691054 0.113981292 0.116179088 0.121353020 0.116168478 0.112476304 0.097604315 0.081843489 0.081179274 0.103334728 0.099779014 0.077895956 0.113114324 0.115865477 0.122741318 0.115505878 0.123777861 0.122867839 0.095317984 0.197846737 0.196725553 0.170324366 0.158210339 
48     0.114290844 0.116858288 0.101131230 0.101104016 0.119631480 0.136979696 0.127142377 0.126163465 0.127055808 0.123679596 0.130758082 0.117124941 0.118519099 0.108902931 0.111673708 0.107456841 0.139611279 0.113813888 0.094865434 0.096806221 0.092964459 0.123138999 0.120115150 0.122087655 0.024470648 0.010300821 0.010987064 0.000000000 0.009295102 0.114539918 0.116737713 0.121911646 0.116727104 0.113034930 0.098170955 0.082410129 0.081745914 0.103901368 0.100345654 0.078462596 0.113680964 0.116432117 0.123307957 0.116072518 0.124344501 0.123434478 0.095881720 0.198410474 0.197289290 0.170888102 0.158774076 
17     0.113358982 0.115926426 0.100199367 0.100172154 0.118699617 0.136047833 0.126210515 0.125231603 0.126123946 0.122747734 0.129826219 0.116193079 0.117587236 0.107971069 0.110741846 0.106524979 0.138679417 0.112882026 0.093933572 0.095874359 0.092032597 0.122207137 0.119183288 0.121155793 0.023591676 0.008986830 0.009691054 0.009295102 0.000000000 0.113613167 0.115810962 0.120984894 0.115800352 0.112108179 0.097236189 0.081475363 0.080811148 0.102966603 0.099410888 0.077527830 0.112746198 0.115497352 0.122373192 0.115137753 0.123409735 0.122499713 0.094949858 0.197478611 0.196357427 0.169956240 0.157842214 
24     0.108511896 0.111079340 0.095352753 0.095325539 0.114390694 0.131738910 0.121901592 0.120922680 0.121816636 0.118440423 0.125518909 0.111885768 0.113279926 0.103619595 0.106390372 0.102173504 0.134314964 0.108517573 0.089569118 0.091509906 0.087668144 0.117859358 0.114835509 0.116808014 0.117191421 0.114127289 0.113981292 0.114539918 0.113613167 0.000000000 0.023912928 0.033816564 0.029226604 0.024977247 0.092438415 0.076677302 0.076009457 0.098142571 0.094589252 0.072703798 0.107970436 0.110721070 0.117595739 0.110359426 0.118632283 0.117721387 0.090634858 0.192545472 0.191424288 0.164996476 0.153237526 
13     0.110705272 0.113272716 0.097546128 0.097518914 0.116584070 0.133932286 0.124094967 0.123116056 0.124010011 0.120633799 0.127712284 0.114079144 0.115473301 0.105812970 0.108583747 0.104366880 0.136508339 0.110710949 0.091762494 0.093703281 0.089861519 0.120052734 0.117028884 0.119001389 0.119389217 0.116325084 0.116179088 0.116737713 0.115810962 0.023912928 0.000000000 0.037007369 0.031897168 0.028114314 0.094629854 0.078868741 0.078200896 0.100334009 0.096780691 0.074895237 0.110161875 0.112912509 0.119787178 0.112550865 0.120823722 0.119912826 0.092828234 0.194738848 0.193617663 0.167189852 0.155430902 
33     0.115768449 0.118335892 0.102609305 0.102582091 0.121707696 0.139055912 0.129218594 0.128239682 0.129133638 0.125757425 0.132835911 0.119202770 0.120596928 0.110936597 0.113707374 0.109490506 0.141631966 0.115834575 0.096886120 0.098826908 0.094985146 0.125176360 0.122152511 0.124125016 0.124563149 0.121499016 0.121353020 0.121911646 0.120984894 0.033816564 0.037007369 0.000000000 0.025809729 0.020482385 0.099801314 0.084040201 0.083372356 0.105505470 0.101952151 0.080066697 0.115294132 0.118044766 0.124919435 0.117683123 0.125955979 0.125045083 0.097951182 0.199769887 0.198648703 0.172220891 0.160511328 
32     0.110581312 0.113148755 0.097422168 0.097394954 0.116520559 0.133868775 0.124031457 0.123052545 0.123946501 0.120570288 0.127648774 0.114015633 0.115409791 0.105749460 0.108520236 0.104303369 0.136444829 0.110647438 0.091698983 0.093639771 0.089798009 0.119989223 0.116965374 0.118937879 0.119378607 0.116314475 0.116168478 0.116727104 0.115800352 0.029226604 0.031897168 0.025809729 0.000000000 0.015349088 0.094612240 0.078851127 0.078183282 0.100316396 0.096763077 0.074877624 0.110105058 0.112855692 0.119730361 0.112494049 0.120766905 0.119856009 0.092764045 0.194582750 0.193461566 0.167033754 0.155324191 
39     0.106890327 0.109457770 0.093731183 0.093703969 0.112829574 0.130177790 0.120340472 0.119361560 0.120255516 0.116879303 0.123957789 0.110324648 0.111718806 0.102058475 0.104829252 0.100612384 0.132753844 0.106956453 0.088007998 0.089948786 0.086107024 0.116298238 0.113274389 0.115246894 0.115686433 0.112622301 0.112476304 0.113034930 0.112108179 0.024977247 0.028114314 0.020482385 0.015349088 0.000000000 0.090923192 0.075162079 0.074494234 0.096627348 0.093074029 0.071188575 0.106416010 0.109166644 0.116041313 0.108805000 0.117077857 0.116166961 0.089073060 0.190891765 0.189770581 0.163342769 0.151633206 
46     0.085494065 0.088061509 0.072333431 0.072306217 0.090609042 0.107957258 0.098119939 0.097141028 0.098034350 0.094658138 0.101736623 0.088103483 0.089497640 0.079893008 0.082663785 0.078446918 0.110651688 0.084854298 0.065905843 0.067846630 0.064004868 0.094163748 0.091139899 0.093112404 0.100826273 0.097758325 0.097604315 0.098170955 0.097236189 0.092438415 0.094629854 0.099801314 0.094612240 0.090923192 0.000000000 0.029507201 0.028848962 0.054656784 0.051051636 0.029328868 0.069079210 0.071826490 0.078724860 0.071520888 0.079850562 0.078912057 0.066806635 0.169426721 0.168305537 0.141904349 0.129982726 
49     0.069740393 0.072307837 0.056579759 0.056552546 0.074869960 0.092218176 0.082380858 0.081401946 0.082295268 0.078919056 0.085997542 0.072364401 0.073758559 0.064137331 0.066908108 0.062691241 0.094896011 0.069098620 0.050150166 0.052090953 0.048249191 0.078408071 0.075384221 0.077356726 0.085065447 0.081997499 0.081843489 0.082410129 0.081475363 0.076677302 0.078868741 0.084040201 0.078851127 0.075162079 0.029507201 0.000000000 0.003527183 0.038899627 0.035309801 0.013467689 0.053349490 0.056096370 0.062994801 0.055770552 0.064089286 0.063151634 0.051051951 0.153674275 0.152553091 0.126151903 0.114229054 
10     0.069066450 0.071633894 0.055905816 0.055878602 0.074196017 0.091544233 0.081706915 0.080728003 0.081621325 0.078245113 0.085323598 0.071690458 0.073084615 0.063463388 0.066234165 0.062017298 0.094222068 0.068424677 0.049476223 0.051417010 0.047575248 0.077734128 0.074710278 0.076682783 0.084401232 0.081333285 0.081179274 0.081745914 0.080811148 0.076009457 0.078200896 0.083372356 0.078183282 0.074494234 0.028848962 0.003527183 0.000000000 0.038186657 0.034598661 0.012756724 0.052650269 0.055397148 0.062295579 0.055071330 0.063390064 0.062452413 0.050376647 0.153000332 0.151879148 0.125477960 0.113555111 
11     0.091204709 0.093772153 0.078044075 0.078016861 0.096327679 0.113675895 0.103838577 0.102859665 0.103752988 0.100376775 0.107455261 0.093822120 0.095216278 0.085611646 0.088382423 0.084165555 0.116370326 0.090572935 0.071624480 0.073565268 0.069723506 0.099882385 0.096858536 0.098831041 0.106556687 0.103488739 0.103334728 0.103901368 0.102966603 0.098142571 0.100334009 0.105505470 0.100316396 0.096627348 0.054656784 0.038899627 0.038186657 0.000000000 0.051624264 0.032755061 0.074698028 0.077479334 0.084377342 0.077136389 0.085471538 0.084534463 0.072509276 0.175137365 0.174016181 0.147614993 0.135693370 
28     0.087647976 0.090215420 0.074487342 0.074460128 0.092770947 0.110119163 0.100281844 0.099302932 0.100196255 0.096820042 0.103898528 0.090265388 0.091659545 0.082054913 0.084825690 0.080608822 0.112813593 0.087016202 0.068067748 0.070008535 0.066166773 0.096325653 0.093301803 0.095274308 0.103000972 0.099933024 0.099779014 0.100345654 0.099410888 0.094589252 0.096780691 0.101952151 0.096763077 0.093074029 0.051051636 0.035309801 0.034598661 0.051624264 0.000000000 0.029258804 0.071175201 0.073956507 0.080854515 0.073613561 0.081948710 0.081011636 0.068952543 0.171580632 0.170459448 0.144058260 0.132136637 
40     0.065745989 0.068313433 0.052585355 0.052558142 0.070935128 0.088283344 0.078446025 0.077467113 0.078360436 0.074984223 0.082062709 0.068429569 0.069823726 0.060202499 0.062973275 0.058756408 0.090961179 0.065163788 0.046215333 0.048156121 0.044314359 0.074473238 0.071449389 0.073421894 0.081117914 0.078049967 0.077895956 0.078462596 0.077527830 0.072703798 0.074895237 0.080066697 0.074877624 0.071188575 0.029328868 0.013467689 0.012756724 0.032755061 0.029258804 0.000000000 0.049285439 0.052073010 0.058971018 0.051732589 0.060067517 0.059130442 0.047094699 0.149672839 0.148551655 0.122150468 0.110255195 
31     0.101020216 0.103587660 0.087859582 0.087832369 0.106237403 0.123585619 0.113748300 0.112769388 0.113662711 0.110286498 0.117364984 0.103731844 0.105126001 0.095520135 0.098290912 0.094074044 0.126277777 0.100480386 0.081531931 0.083472719 0.079630957 0.109792109 0.106768259 0.108740764 0.116336282 0.113268335 0.113114324 0.113680964 0.112746198 0.107970436 0.110161875 0.115294132 0.110105058 0.106416010 0.069079210 0.053349490 0.052650269 0.074698028 0.071175201 0.049285439 0.000000000 0.018803708 0.026642627 0.036432052 0.045420585 0.044278844 0.082310857 0.185000432 0.183879248 0.157478060 0.145492697 
20     0.103771194 0.106338637 0.090610560 0.090583346 0.108988380 0.126336596 0.116499277 0.115520366 0.116413688 0.113037476 0.120115961 0.106482821 0.107876978 0.098271112 0.101041889 0.096825022 0.129028754 0.103231363 0.084282908 0.086223696 0.082381934 0.112543086 0.109519237 0.111491742 0.119087436 0.116019488 0.115865477 0.116432117 0.115497352 0.110721070 0.112912509 0.118044766 0.112855692 0.109166644 0.071826490 0.056096370 0.055397148 0.077479334 0.073956507 0.052073010 0.018803708 0.000000000 0.023442626 0.039831578 0.049482821 0.048576004 0.085061834 0.187751409 0.186630225 0.160229038 0.148243674 
30     0.110647034 0.113214478 0.097486400 0.097459186 0.115864220 0.133212436 0.123375118 0.122396206 0.123289528 0.119913316 0.126991802 0.113358661 0.114752819 0.105146952 0.107917729 0.103700862 0.135904594 0.110107203 0.091158749 0.093099536 0.089257774 0.119418926 0.116395077 0.118367582 0.125963276 0.122895328 0.122741318 0.123307957 0.122373192 0.117595739 0.119787178 0.124919435 0.119730361 0.116041313 0.078724860 0.062994801 0.062295579 0.084377342 0.080854515 0.058971018 0.026642627 0.023442626 0.000000000 0.046581026 0.055898941 0.055093972 0.091937674 0.194627249 0.193506065 0.167104878 0.155119515 
47     0.103404993 0.105972437 0.090244359 0.090217145 0.108623519 0.125971735 0.116134417 0.115155505 0.116048827 0.112672615 0.119751101 0.106117960 0.107512118 0.097906251 0.100677028 0.096460161 0.128663893 0.102866502 0.083918048 0.085858835 0.082017073 0.112178225 0.109154376 0.111126881 0.118727837 0.115659889 0.115505878 0.116072518 0.115137753 0.110359426 0.112550865 0.117683123 0.112494049 0.108805000 0.071520888 0.055770552 0.055071330 0.077136389 0.073613561 0.051732589 0.036432052 0.039831578 0.046581026 0.000000000 0.033112302 0.032159906 0.084695633 0.187385208 0.186264024 0.159862837 0.147877474 
45     0.111683577 0.114251021 0.098522943 0.098495730 0.116900764 0.134248980 0.124411661 0.123432749 0.124326072 0.120949860 0.128028345 0.114395205 0.115789362 0.106183496 0.108954273 0.104737405 0.136941138 0.111143747 0.092195292 0.094136080 0.090294318 0.120455470 0.117431620 0.119404125 0.126999819 0.123931872 0.123777861 0.124344501 0.123409735 0.118632283 0.120823722 0.125955979 0.120766905 0.117077857 0.079850562 0.064089286 0.063390064 0.085471538 0.081948710 0.060067517 0.045420585 0.049482821 0.055898941 0.033112302 0.000000000 0.026660560 0.092974218 0.195663793 0.194542609 0.168141421 0.156156058 
7     0.110765727 0.113333171 0.097605093 0.097577879 0.115984254 0.133332470 0.123495151 0.122516239 0.123409562 0.120033349 0.127111835 0.113478694 0.114872852 0.105266986 0.108037762 0.103820895 0.136024627 0.110227237 0.091278782 0.093219569 0.089377807 0.119538959 0.116515110 0.118487615 0.126089797 0.123021849 0.122867839 0.123434478 0.122499713 0.117721387 0.119912826 0.125045083 0.119856009 0.116166961 0.078912057 0.063151634 0.062452413 0.084534463 0.081011636 0.059130442 0.044278844 0.048576004 0.055093972 0.032159906 0.026660560 0.000000000 0.092056367 0.194745943 0.193624758 0.167223571 0.155238208 
22     0.074440021 0.077007464 0.061314909 0.061287695 0.079372643 0.096744193 0.086906874 0.085927963 0.086851543 0.083482212 0.090560697 0.076927557 0.078321714 0.068819882 0.071534924 0.067318057 0.099529762 0.073732371 0.054692909 0.056633697 0.052791935 0.083044261 0.080020412 0.081992917 0.098573260 0.095469091 0.095317984 0.095881720 0.094949858 0.090634858 0.092828234 0.097951182 0.092764045 0.089073060 0.066806635 0.051051951 0.050376647 0.072509276 0.068952543 0.047094699 0.082310857 0.085061834 0.091937674 0.084695633 0.092974218 0.092056367 0.000000000 0.157990404 0.156869220 0.130468033 0.118682135 
29     0.167037515 0.169604959 0.153901285 0.153874071 0.181792113 0.199146623 0.189309305 0.188330393 0.189172228 0.185796016 0.192874501 0.179241361 0.180635518 0.170990076 0.173761570 0.169544703 0.201703027 0.175905636 0.156923428 0.158864215 0.155022453 0.185285691 0.182261841 0.184234346 0.201102360 0.197997844 0.197846737 0.198410474 0.197478611 0.192545472 0.194738848 0.199769887 0.194582750 0.190891765 0.169426721 0.153674275 0.153000332 0.175137365 0.171580632 0.149672839 0.185000432 0.187751409 0.194627249 0.187385208 0.195663793 0.194745943 0.157990404 0.000000000 0.024362766 0.062021561 0.211241176 
50     0.165916331 0.168483775 0.152780101 0.152752887 0.180670929 0.198025439 0.188188120 0.187209209 0.188051044 0.184674831 0.191753317 0.178120177 0.179514334 0.169868891 0.172640386 0.168423519 0.200581843 0.174784452 0.155802244 0.157743031 0.153901269 0.184164507 0.181140657 0.183113162 0.199981176 0.196876660 0.196725553 0.197289290 0.196357427 0.191424288 0.193617663 0.198648703 0.193461566 0.189770581 0.168305537 0.152553091 0.151879148 0.174016181 0.170459448 0.148551655 0.183879248 0.186630225 0.193506065 0.186264024 0.194542609 0.193624758 0.156869220 0.024362766 0.000000000 0.060208996 0.210119992 
6     0.139515144 0.142082587 0.126378914 0.126351700 0.154302452 0.171656962 0.161819644 0.160840732 0.161682567 0.158306355 0.165384840 0.151751700 0.153145857 0.143500415 0.146271909 0.142055042 0.174213366 0.148415976 0.129433767 0.131374554 0.127532792 0.157796030 0.154772180 0.156744685 0.173579989 0.170475473 0.170324366 0.170888102 0.169956240 0.164996476 0.167189852 0.172220891 0.167033754 0.163342769 0.141904349 0.126151903 0.125477960 0.147614993 0.144058260 0.122150468 0.157478060 0.160229038 0.167104878 0.159862837 0.168141421 0.167223571 0.130468033 0.062021561 0.060208996 0.000000000 0.183718805 
0     0.126760414 0.129327858 0.113598292 0.113571079 0.142042270 0.159412182 0.149574863 0.148595951 0.149454916 0.146078703 0.153157189 0.139524048 0.140918206 0.131242408 0.133976030 0.129759163 0.161983559 0.136186168 0.117183370 0.119124158 0.115282396 0.145499732 0.142475883 0.144448388 0.161465963 0.158361446 0.158210339 0.158774076 0.157842214 0.153237526 0.155430902 0.160511328 0.155324191 0.151633206 0.129982726 0.114229054 0.113555111 0.135693370 0.132136637 0.110255195 0.145492697 0.148243674 0.155119515 0.147877474 0.156156058 0.155238208 0.118682135 0.211241176 0.210119992 0.183718805 0.000000000 
