51
3     0.000000000 0.000471130 0.002153620 0.001864910 0.016191470 0.010278470 0.010823100 0.010282060 0.010004800 0.006375290 0.006249780 0.009382920 0.009958360 0.011631810 0.010940550 0.015786560 0.007812980 0.009691460 0.011616920 0.009537770 0.013160220 0.010346020 0.008855920 0.008982840 0.017240620 0.007629830 0.007061050 0.008368550 0.008457950 0.016093600 0.012356010 0.012205170 0.019869580 0.011259750 0.010946960 0.009935250 0.009601070 0.006204090 0.004284500 0.006393050 0.011353800 0.007645230 0.016322370 0.010906550 0.005322020 0.011504660 0.004807370 0.002471700 0.017415590 0.001948140 0.006026970 
4     0.000471130 0.000000000 0.000920430 0.000576210 0.016699510 0.016244310 0.018320160 0.018406930 0.010613640 0.006984130 0.006858620 0.009991760 0.010567200 0.012843450 0.011549390 0.012032570 0.008421820 0.010300300 0.011373610 0.010433120 0.011882180 0.009057320 0.009464760 0.009591680 0.017849460 0.008238670 0.007669890 0.008977390 0.009066790 0.020371630 0.016634040 0.016483200 0.023944600 0.017506850 0.011555800 0.011546630 0.011609480 0.014108590 0.012189000 0.011969590 0.018463550 0.018973530 0.018976540 0.017705780 0.019394350 0.019409160 0.003518670 0.001183000 0.018968520 0.000659440 0.006635810 
1     0.002153620 0.000920430 0.000000000 0.000000000 0.013055490 0.009322930 0.009867560 0.009326520 0.009671310 0.006041800 0.005916290 0.009049430 0.009624870 0.009148320 0.008947820 0.010006270 0.007479490 0.009357970 0.009693350 0.008582230 0.007542870 0.007584760 0.007698460 0.008649350 0.016398700 0.007296340 0.006727560 0.008035060 0.008124460 0.011835950 0.012252590 0.012952990 0.015255880 0.010009080 0.010613470 0.008045510 0.008134570 0.006978110 0.005058520 0.007167070 0.011942450 0.010959200 0.016657680 0.011680570 0.008635990 0.012278680 0.004556270 0.002220600 0.011011950 0.001697040 0.005693480 
2     0.001864910 0.000576210 0.000000000 0.000000000 0.013147420 0.007234420 0.007779050 0.007238010 0.007642840 0.004013330 0.003887820 0.007020960 0.007596400 0.010051640 0.005718160 0.010909590 0.005451020 0.007329500 0.008159800 0.006493720 0.008208190 0.008488080 0.006493960 0.006620880 0.014878660 0.005267870 0.004699090 0.006006590 0.006095990 0.011837850 0.012168420 0.012868820 0.014587080 0.009924910 0.008585000 0.007849060 0.008277350 0.006883560 0.012239780 0.006006670 0.007623450 0.007929680 0.015962410 0.014028940 0.006157450 0.015915120 0.003805040 0.001469370 0.011396760 0.000945810 0.003665010 
44     0.016191470 0.016699510 0.013055490 0.013147420 0.000000000 0.001199820 0.000889500 0.001083970 0.003749510 0.000726300 0.001310180 0.001128500 0.003822800 0.008590970 0.011960150 0.012567790 0.016367680 0.004970240 0.006592490 0.007984410 0.010555200 0.005597670 0.008474850 0.007602100 0.020991150 0.020494760 0.020231460 0.020833740 0.020669670 0.016055070 0.015557420 0.015881700 0.017660570 0.013859010 0.013994040 0.013003730 0.013417220 0.014168380 0.017712610 0.011778160 0.013821300 0.014601200 0.023145940 0.011918820 0.022060570 0.021248380 0.006310710 0.014543040 0.012536950 0.014867070 0.015429520 
34     0.010278470 0.016244310 0.009322930 0.007234420 0.001199820 0.000000000 0.000009230 0.000007290 0.004957290 0.011235710 0.001981930 0.002980260 0.003367600 0.007445710 0.011632000 0.012520970 0.015444910 0.004515040 0.006137290 0.007912340 0.010201040 0.004452410 0.007329590 0.006456840 0.029628130 0.025325280 0.025061980 0.025853800 0.025500190 0.020885590 0.020877830 0.021202110 0.022106280 0.019179420 0.017793280 0.014874500 0.016604080 0.015315450 0.019684440 0.011322960 0.015614100 0.015255130 0.015309290 0.011463620 0.022128220 0.016706040 0.011486380 0.022733160 0.029209920 0.022209600 0.023944260 
26     0.010823100 0.018320160 0.009867560 0.007779050 0.000889500 0.000009230 0.000000000 0.000001940 0.005105550 0.009859780 0.004057780 0.004087070 0.004437500 0.007058320 0.011244610 0.012133580 0.015989540 0.006590890 0.008213140 0.008456970 0.010998360 0.004065020 0.006942200 0.006069450 0.021310600 0.023551550 0.023760160 0.022760650 0.020245210 0.021695150 0.025557600 0.026670970 0.022650910 0.019923510 0.009332310 0.008824160 0.007443780 0.017391300 0.007517650 0.003076670 0.018590510 0.021430970 0.026084200 0.013539470 0.024204070 0.022869030 0.005735240 0.024272180 0.016930940 0.019195960 0.026020110 
38     0.010282060 0.018406930 0.009326520 0.007238010 0.001083970 0.000007290 0.000001940 0.000000000 0.005157850 0.008049010 0.004144550 0.003791770 0.004142200 0.007266270 0.011452560 0.012341530 0.015448500 0.006677660 0.008299910 0.007915930 0.010922710 0.004272970 0.007150150 0.006277400 0.023666610 0.023424620 0.023464860 0.022951310 0.022883480 0.021154110 0.026143790 0.026506200 0.022109870 0.022561780 0.009037010 0.008528860 0.007148480 0.016417500 0.007222350 0.002781370 0.015814660 0.015455690 0.015509850 0.013626240 0.024290840 0.016906600 0.005439940 0.022641040 0.017251200 0.019516220 0.026106880 
16     0.010004800 0.010613640 0.009671310 0.007642840 0.003749510 0.004957290 0.005105550 0.005157850 0.000000000 0.001326380 0.001771020 0.000907040 0.001479140 0.008362320 0.007729150 0.004902330 0.008041060 0.009919540 0.006848550 0.005655900 0.006324200 0.011351620 0.007532070 0.009210920 0.017650640 0.008039850 0.007471070 0.008778570 0.008867970 0.017796320 0.017725900 0.007638600 0.011579210 0.007778830 0.010343500 0.006513630 0.005544010 0.012861320 0.013099720 0.005532760 0.010170760 0.010950660 0.013089780 0.014741210 0.021471790 0.014486530 0.005935180 0.013369310 0.012256780 0.012845750 0.006289870 
42     0.006375290 0.006984130 0.006041800 0.004013330 0.000726300 0.011235710 0.009859780 0.008049010 0.001326380 0.000000000 0.000268230 0.000413400 0.000254440 0.010906280 0.007539120 0.004377610 0.004411550 0.006290030 0.006381850 0.005131180 0.008326950 0.011055950 0.005454490 0.005581410 0.014021130 0.004410340 0.003841560 0.005149060 0.005238460 0.014799040 0.015011620 0.007113880 0.011054490 0.007254110 0.007727470 0.005988910 0.005019290 0.010147040 0.015624220 0.005008040 0.011551920 0.012331820 0.015148210 0.013652740 0.021985420 0.021388490 0.003977030 0.013833380 0.013725350 0.010845730 0.002660360 
18     0.006249780 0.006858620 0.005916290 0.003887820 0.001310180 0.001981930 0.004057780 0.004144550 0.001771020 0.000268230 0.000000000 0.001317160 0.000200930 0.012857020 0.007413610 0.005187150 0.004286040 0.005488010 0.007110260 0.005940720 0.009633280 0.012366730 0.005328980 0.005455900 0.013895620 0.004284830 0.003716050 0.005023550 0.005112950 0.015606280 0.019443900 0.007923420 0.011864030 0.008063650 0.007601960 0.006798450 0.005828830 0.014642230 0.015439750 0.005817580 0.014499680 0.015279580 0.015022700 0.012436590 0.023101190 0.017577870 0.007123880 0.014887380 0.018469650 0.014363820 0.002534850 
12     0.009382920 0.009991760 0.009049430 0.007020960 0.001128500 0.002980260 0.004087070 0.003791770 0.000907040 0.000413400 0.001317160 0.000000000 0.000009960 0.010559900 0.010546750 0.004827470 0.007419180 0.006486340 0.006831710 0.005581040 0.010006010 0.011672290 0.008462120 0.008589040 0.017028760 0.007417970 0.006849190 0.008156690 0.008246090 0.015072250 0.019084220 0.007563740 0.011504350 0.007703970 0.010735100 0.006438770 0.005469150 0.014816170 0.009756900 0.005315920 0.011205540 0.011985440 0.018155840 0.013434920 0.017143320 0.020843370 0.007974490 0.015173350 0.018659290 0.014649790 0.005667990 
9     0.009958360 0.010567200 0.009624870 0.007596400 0.003822800 0.003367600 0.004437500 0.004142200 0.001479140 0.000254440 0.000200930 0.000009960 0.000000000 0.008915060 0.010854710 0.004530370 0.007994620 0.006873680 0.005324680 0.005283940 0.007011410 0.013879650 0.009037560 0.009164480 0.017604200 0.007993410 0.007424630 0.008732130 0.008821530 0.013772050 0.017192440 0.007266640 0.011207250 0.007406870 0.011013200 0.006141670 0.005172050 0.012327860 0.010107330 0.005160800 0.010840460 0.011620360 0.018731280 0.013822260 0.017240630 0.021958920 0.006453190 0.014686530 0.015906170 0.013026550 0.006243430 
19     0.011631810 0.012843450 0.009148320 0.010051640 0.008590970 0.007445710 0.007058320 0.007266270 0.008362320 0.010906280 0.012857020 0.010559900 0.008915060 0.000000000 0.003660710 0.000857950 0.002516070 0.008461830 0.004591250 0.007886320 0.002077580 0.002059500 0.002173200 0.004627370 0.019802950 0.013647090 0.013850230 0.015157730 0.015247130 0.008446360 0.013274350 0.010405510 0.008270610 0.010103970 0.009987320 0.010720660 0.010941010 0.011786980 0.009867390 0.009855230 0.009814580 0.010594480 0.012268770 0.015571460 0.016561310 0.013665520 0.009080670 0.018860510 0.017859860 0.013706530 0.012669030 
43     0.010940550 0.011549390 0.008947820 0.005718160 0.011960150 0.011632000 0.011244610 0.011452560 0.007729150 0.007539120 0.007413610 0.010546750 0.010854710 0.003660710 0.000000000 0.000115090 0.004800070 0.006678550 0.003905280 0.005749030 0.002474170 0.006003090 0.005981070 0.006107990 0.018586390 0.008975600 0.008406820 0.009714320 0.009803720 0.012799110 0.013582280 0.013906560 0.012623360 0.011883870 0.010647210 0.011028590 0.011256050 0.010798310 0.010050060 0.010170270 0.010474470 0.011254370 0.017352530 0.015886500 0.015186350 0.016607030 0.010094150 0.015209370 0.008825230 0.011090250 0.007225620 
5     0.015786560 0.012032570 0.010006270 0.010909590 0.012567790 0.012520970 0.012133580 0.012341530 0.004902330 0.004377610 0.005187150 0.004827470 0.004530370 0.000857950 0.000115090 0.000000000 0.012242390 0.008695970 0.005491990 0.008108890 0.003492420 0.002917450 0.003031150 0.009426610 0.018700730 0.018689630 0.019092540 0.017898730 0.020109770 0.008532440 0.013996030 0.010533730 0.008356690 0.010190050 0.010888060 0.008502600 0.008439140 0.014053530 0.014457380 0.008427890 0.010715320 0.011495220 0.015213570 0.012826280 0.013036850 0.014457530 0.010539040 0.013845670 0.012397730 0.013191490 0.020617960 
25     0.007812980 0.008421820 0.007479490 0.005451020 0.016367680 0.015444910 0.015989540 0.015448500 0.008041060 0.004411550 0.004286040 0.007419180 0.007994620 0.002516070 0.004800070 0.012242390 0.000000000 0.000196980 0.002003440 0.003683800 0.001822230 0.005481510 0.002501010 0.002329200 0.015458820 0.005848030 0.005279250 0.006586750 0.006676150 0.022252230 0.023019690 0.024698180 0.013070770 0.016924610 0.009165160 0.009155990 0.009218840 0.014885010 0.016035060 0.009578950 0.016072910 0.018804500 0.016585900 0.022216950 0.026659780 0.022826180 0.002145960 0.020666130 0.014810230 0.014626940 0.004098050 
35     0.009691460 0.010300300 0.009357970 0.007329500 0.004970240 0.004515040 0.006590890 0.006677660 0.009919540 0.006290030 0.005488010 0.006486340 0.006873680 0.008461830 0.006678550 0.008695970 0.000196980 0.000000000 0.004021750 0.004304050 0.004485910 0.007210710 0.004731980 0.004858900 0.017053870 0.007726510 0.007157730 0.008465230 0.008554630 0.015326740 0.012656180 0.012146260 0.015734450 0.013528990 0.011043640 0.011034470 0.011097320 0.014353650 0.013272810 0.011069290 0.013871370 0.013512400 0.013566560 0.010032870 0.007265200 0.014963310 0.004809640 0.018932610 0.014716910 0.015052340 0.005976530 
27     0.011616920 0.011373610 0.009693350 0.008159800 0.006592490 0.006137290 0.008213140 0.008299910 0.006848550 0.006381850 0.007110260 0.006831710 0.005324680 0.004591250 0.003905280 0.005491990 0.002003440 0.004021750 0.000000000 0.000334910 0.000893540 0.002317170 0.003777180 0.000753140 0.011424630 0.014108350 0.016184300 0.013032440 0.016921860 0.007927280 0.004189690 0.004038850 0.011309850 0.005062500 0.007310750 0.008642230 0.008772440 0.006777430 0.009387840 0.006081800 0.007138010 0.007917910 0.008750560 0.011518110 0.012882240 0.010147310 0.002013110 0.012089150 0.014515200 0.009039010 0.019710180 
23     0.009537770 0.010433120 0.008582230 0.006493720 0.007984410 0.007912340 0.008456970 0.007915930 0.005655900 0.005131180 0.005940720 0.005581040 0.005283940 0.007886320 0.005749030 0.008108890 0.003683800 0.004304050 0.000334910 0.000000000 0.000253190 0.002596180 0.003409790 0.000385750 0.014181090 0.007859330 0.007290550 0.008598050 0.008687450 0.007559890 0.003822300 0.003671460 0.015227910 0.004695110 0.009415490 0.009528610 0.009192710 0.008431870 0.010826780 0.007992520 0.012258660 0.012564890 0.018597200 0.011130300 0.012474610 0.016572450 0.001645720 0.014529130 0.010695140 0.010340600 0.006109350 
15     0.013160220 0.011882180 0.007542870 0.008208190 0.010555200 0.010201040 0.010998360 0.010922710 0.006324200 0.008326950 0.009633280 0.010006010 0.007011410 0.002077580 0.002474170 0.003492420 0.001822230 0.004485910 0.000893540 0.000253190 0.000000000 0.001098230 0.001211930 0.005510850 0.020014770 0.011195270 0.010626490 0.011933990 0.012023390 0.011639180 0.011552920 0.009444240 0.011447020 0.009550730 0.010927170 0.008813550 0.008943760 0.009350830 0.008645110 0.006793280 0.008747990 0.008389020 0.008443180 0.012079250 0.014564060 0.009839930 0.003671470 0.014074420 0.007420280 0.009685300 0.009445290 
41     0.010346020 0.009057320 0.007584760 0.008488080 0.005597670 0.004452410 0.004065020 0.004272970 0.011351620 0.011055950 0.012366730 0.011672290 0.013879650 0.002059500 0.006003090 0.002917450 0.005481510 0.007210710 0.002317170 0.002596180 0.001098230 0.000000000 0.000291820 0.000337280 0.015922270 0.013928720 0.013359940 0.013142060 0.014306010 0.009691410 0.006196220 0.006045380 0.019193810 0.007069030 0.010418950 0.011445220 0.010691970 0.009435330 0.013590210 0.008995980 0.014085060 0.013743310 0.019979420 0.014718330 0.021350260 0.021771080 0.004019640 0.009772860 0.014238860 0.009249300 0.012178740 
36     0.008855920 0.009464760 0.007698460 0.006493960 0.008474850 0.007329590 0.006942200 0.007150150 0.007532070 0.005454490 0.005328980 0.008462120 0.009037560 0.002173200 0.005981070 0.003031150 0.002501010 0.004731980 0.003777180 0.003409790 0.001211930 0.000291820 0.000000000 0.000188360 0.015371900 0.006890970 0.006322190 0.007629690 0.007719090 0.008835730 0.007009830 0.006858990 0.010052610 0.007882640 0.010208100 0.007480490 0.010261780 0.009234930 0.011786170 0.006338480 0.013508480 0.013166730 0.017628840 0.014499200 0.021203180 0.021220710 0.004833250 0.015057220 0.013816340 0.014533660 0.005140990 
8     0.008982840 0.009591680 0.008649350 0.006620880 0.007602100 0.006456840 0.006069450 0.006277400 0.009210920 0.005581410 0.005455900 0.008589040 0.009164480 0.004627370 0.006107990 0.009426610 0.002329200 0.004858900 0.000753140 0.000385750 0.005510850 0.000337280 0.000188360 0.000000000 0.016628680 0.007017890 0.006449110 0.007756610 0.007846010 0.007723380 0.003985790 0.003834950 0.018911580 0.004858600 0.010335020 0.010325850 0.010388700 0.010937380 0.012669260 0.009355850 0.013164110 0.012822360 0.017755760 0.014641820 0.019139830 0.022442640 0.001809210 0.015942660 0.013139970 0.015404990 0.005267910 
37     0.017240620 0.017849460 0.016398700 0.014878660 0.020991150 0.029628130 0.021310600 0.023666610 0.017650640 0.014021130 0.013895620 0.017028760 0.017604200 0.019802950 0.018586390 0.018700730 0.015458820 0.017053870 0.011424630 0.014181090 0.020014770 0.015922270 0.015371900 0.016628680 0.000000000 0.000420660 0.001105310 0.000998510 0.000385510 0.015921710 0.015182820 0.014032770 0.011766480 0.012822560 0.013556350 0.015008450 0.015129780 0.011886680 0.012766020 0.010660160 0.012604090 0.019626030 0.022099810 0.019725770 0.024814420 0.019076740 0.013889340 0.035028490 0.033580550 0.014271100 0.013672810 
14     0.007629830 0.008238670 0.007296340 0.005267870 0.020494760 0.025325280 0.023551550 0.023424620 0.008039850 0.004410340 0.004284830 0.007417970 0.007993410 0.013647090 0.008975600 0.018689630 0.005848030 0.007726510 0.014108350 0.007859330 0.011195270 0.013928720 0.006890970 0.007017890 0.000420660 0.000000000 0.000013600 0.000036890 0.000116730 0.008738410 0.013485440 0.009890580 0.008870210 0.008216990 0.006008310 0.005999140 0.006061990 0.009698010 0.006783900 0.006422100 0.012916060 0.016072650 0.013429050 0.015152590 0.015224110 0.013209870 0.008652930 0.034929590 0.033481650 0.016848630 0.004062020 
21     0.007061050 0.007669890 0.006727560 0.004699090 0.020231460 0.025061980 0.023760160 0.023464860 0.007471070 0.003841560 0.003716050 0.006849190 0.007424630 0.013850230 0.008406820 0.019092540 0.005279250 0.007157730 0.016184300 0.007290550 0.010626490 0.013359940 0.006322190 0.006449110 0.001105310 0.000013600 0.000000000 0.000191870 0.000016950 0.008475110 0.014086830 0.009969380 0.008949010 0.008295790 0.005439530 0.005430360 0.005493210 0.009434710 0.006972980 0.005853320 0.012347280 0.012352580 0.012860270 0.015696610 0.009697970 0.011118650 0.008084150 0.034343290 0.032895350 0.017913000 0.003493240 
48     0.008368550 0.008977390 0.008035060 0.006006590 0.020833740 0.025853800 0.022760650 0.022951310 0.008778570 0.005149060 0.005023550 0.008156690 0.008732130 0.015157730 0.009714320 0.017898730 0.006586750 0.008465230 0.013032440 0.008598050 0.011933990 0.013142060 0.007629690 0.007756610 0.000998510 0.000036890 0.000191870 0.000000000 0.000079840 0.009266930 0.014697270 0.009769300 0.008748930 0.008095710 0.006747030 0.006737860 0.006800710 0.010226530 0.007361060 0.007160820 0.013654780 0.019818890 0.014167770 0.016488430 0.016710690 0.016894800 0.009053100 0.035560660 0.034112720 0.017367210 0.004800740 
17     0.008457950 0.009066790 0.008124460 0.006095990 0.020669670 0.025500190 0.020245210 0.022883480 0.008867970 0.005238460 0.005112950 0.008246090 0.008821530 0.015247130 0.009803720 0.020109770 0.006676150 0.008554630 0.016921860 0.008687450 0.012023390 0.014306010 0.007719090 0.007846010 0.000385510 0.000116730 0.000016950 0.000079840 0.000000000 0.008913320 0.012903270 0.010130010 0.009109640 0.008456420 0.006836430 0.006827260 0.006890110 0.009805770 0.006579490 0.006425250 0.013744180 0.017540090 0.014257170 0.016134820 0.014885480 0.014239170 0.009413810 0.034640940 0.033193000 0.017700360 0.004890140 
24     0.016093600 0.020371630 0.011835950 0.011837850 0.016055070 0.020885590 0.021695150 0.021154110 0.017796320 0.014799040 0.015606280 0.015072250 0.013772050 0.008446360 0.012799110 0.008532440 0.022252230 0.015326740 0.007927280 0.007559890 0.011639180 0.009691410 0.008835730 0.007723380 0.015921710 0.008738410 0.008475110 0.009266930 0.008913320 0.000000000 0.000025300 0.000733130 0.001073180 0.000087540 0.006241940 0.007268210 0.006514960 0.005258320 0.008849990 0.004818970 0.013670390 0.013976620 0.016233480 0.009243230 0.013813460 0.008899930 0.006489790 0.020916560 0.019915910 0.014704300 0.011486770 
13     0.012356010 0.016634040 0.012252590 0.012168420 0.015557420 0.020877830 0.025557600 0.026143790 0.017725900 0.015011620 0.019443900 0.019084220 0.017192440 0.013274350 0.013582280 0.013996030 0.023019690 0.012656180 0.004189690 0.003822300 0.011552920 0.006196220 0.007009830 0.003985790 0.015182820 0.013485440 0.014086830 0.014697270 0.012903270 0.000025300 0.000000000 0.000514740 0.001203760 0.001186380 0.012154210 0.008791500 0.008903240 0.011170590 0.010830710 0.006599720 0.013741860 0.014048090 0.012302020 0.005311770 0.009882000 0.004968470 0.002752200 0.020846140 0.019845490 0.016965870 0.017622450 
33     0.012205170 0.016483200 0.012952990 0.012868820 0.015881700 0.021202110 0.026670970 0.026506200 0.007638600 0.007113880 0.007923420 0.007563740 0.007266640 0.010405510 0.013906560 0.010533730 0.024698180 0.012146260 0.004038850 0.003671460 0.009444240 0.006045380 0.006858990 0.003834950 0.014032770 0.009890580 0.009969380 0.009769300 0.010130010 0.000733130 0.000514740 0.000000000 0.000452120 0.000016490 0.009567690 0.006469210 0.005499590 0.013574670 0.010878840 0.004913870 0.011376450 0.012156350 0.010616170 0.003625920 0.008196150 0.003282620 0.002601360 0.026385710 0.025385060 0.016733150 0.013515620 
32     0.019869580 0.023944600 0.015255880 0.014587080 0.017660570 0.022106280 0.022650910 0.022109870 0.011579210 0.011054490 0.011864030 0.011504350 0.011207250 0.008270610 0.012623360 0.008356690 0.013070770 0.015734450 0.011309850 0.015227910 0.011447020 0.019193810 0.010052610 0.018911580 0.011766480 0.008870210 0.008949010 0.008748930 0.009109640 0.001073180 0.001203760 0.000452120 0.000000000 0.000296140 0.008755720 0.008652250 0.009219700 0.013830060 0.010066870 0.007878420 0.010821640 0.011601540 0.020461900 0.019835750 0.015184700 0.017686030 0.007527110 0.020947730 0.019947080 0.015921180 0.012703650 
39     0.011259750 0.017506850 0.010009080 0.009924910 0.013859010 0.019179420 0.019923510 0.022561780 0.007778830 0.007254110 0.008063650 0.007703970 0.007406870 0.010103970 0.011883870 0.010190050 0.016924610 0.013528990 0.005062500 0.004695110 0.009550730 0.007069030 0.007882640 0.004858600 0.012822560 0.008216990 0.008295790 0.008095710 0.008456420 0.000087540 0.001186380 0.000016490 0.000296140 0.000000000 0.008926470 0.006536590 0.005639820 0.010388080 0.007161800 0.004344810 0.011707320 0.012487220 0.010047110 0.003056860 0.007627090 0.002713560 0.003625010 0.020162050 0.019161400 0.016091930 0.012874400 
46     0.010946960 0.011555800 0.010613470 0.008585000 0.013994040 0.017793280 0.009332310 0.009037010 0.010343500 0.007727470 0.007601960 0.010735100 0.011013200 0.009987320 0.010647210 0.010888060 0.009165160 0.011043640 0.007310750 0.009415490 0.010927170 0.010418950 0.010208100 0.010335020 0.013556350 0.006008310 0.005439530 0.006747030 0.006836430 0.006241940 0.012154210 0.009567690 0.008755720 0.008926470 0.000000000 0.000303630 0.000384400 0.000924950 0.000938360 0.000473900 0.003337820 0.004117720 0.007924260 0.005423660 0.007482570 0.010390530 0.008610290 0.018373110 0.016925170 0.014817050 0.007379150 
49     0.009935250 0.011546630 0.008045510 0.007849060 0.013003730 0.014874500 0.008824160 0.008528860 0.006513630 0.005988910 0.006798450 0.006438770 0.006141670 0.010720660 0.011028590 0.008502600 0.009155990 0.011034470 0.008642230 0.009528610 0.008813550 0.011445220 0.007480490 0.010325850 0.015008450 0.005999140 0.005430360 0.006737860 0.006827260 0.007268210 0.008791500 0.006469210 0.008652250 0.006536590 0.000303630 0.000000000 0.000074200 0.002761610 0.000473150 0.000207190 0.005220210 0.006000110 0.008044910 0.000962020 0.000954030 0.001234340 0.007070680 0.013806190 0.012805540 0.009925920 0.007369980 
10     0.009601070 0.011609480 0.008134570 0.008277350 0.013417220 0.016604080 0.007443780 0.007148480 0.005544010 0.005019290 0.005828830 0.005469150 0.005172050 0.010941010 0.011256050 0.008439140 0.009218840 0.011097320 0.008772440 0.009192710 0.008943760 0.010691970 0.010261780 0.010388700 0.015129780 0.006061990 0.005493210 0.006800710 0.006890110 0.006514960 0.008903240 0.005499590 0.009219700 0.005639820 0.000384400 0.000074200 0.000000000 0.003036470 0.001198250 0.001044010 0.006314600 0.005972850 0.008107760 0.002824790 0.002816800 0.003097110 0.005646940 0.013826420 0.012825770 0.009946150 0.007432830 
11     0.006204090 0.014108590 0.006978110 0.006883560 0.014168380 0.015315450 0.017391300 0.016417500 0.012861320 0.010147040 0.014642230 0.014816170 0.012327860 0.011786980 0.010798310 0.014053530 0.014885010 0.014353650 0.006777430 0.008431870 0.009350830 0.009435330 0.009234930 0.010937380 0.011886680 0.009698010 0.009434710 0.010226530 0.009805770 0.005258320 0.011170590 0.013574670 0.013830060 0.010388080 0.000924950 0.002761610 0.003036470 0.000000000 0.000748570 0.000740590 0.005394470 0.005700700 0.008554790 0.008483570 0.008555090 0.009951540 0.008315190 0.014577580 0.013576930 0.009623900 0.009208450 
28     0.004284500 0.012189000 0.005058520 0.012239780 0.017712610 0.019684440 0.007517650 0.007222350 0.013099720 0.015624220 0.015439750 0.009756900 0.010107330 0.009867390 0.010050060 0.014457380 0.016035060 0.013272810 0.009387840 0.010826780 0.008645110 0.013590210 0.011786170 0.012669260 0.012766020 0.006783900 0.006972980 0.007361060 0.006579490 0.008849990 0.010830710 0.010878840 0.010066870 0.007161800 0.000938360 0.000473150 0.001198250 0.000748570 0.000000000 0.000247960 0.004828570 0.004486820 0.010722930 0.001263210 0.001255220 0.001535530 0.003704260 0.030178230 0.014547710 0.012234310 0.014951330 
40     0.006393050 0.011969590 0.007167070 0.006006670 0.011778160 0.011322960 0.003076670 0.002781370 0.005532760 0.005008040 0.005817580 0.005315920 0.005160800 0.009855230 0.010170270 0.008427890 0.009578950 0.011069290 0.006081800 0.007992520 0.006793280 0.008995980 0.006338480 0.009355850 0.010660160 0.006422100 0.005853320 0.007160820 0.006425250 0.004818970 0.006599720 0.004913870 0.007878420 0.004344810 0.000473900 0.000207190 0.001044010 0.000740590 0.000247960 0.000000000 0.004517580 0.004823810 0.006883330 0.001421010 0.001413020 0.001693330 0.004251390 0.012519580 0.011071640 0.008928270 0.005130650 
31     0.011353800 0.018463550 0.011942450 0.007623450 0.013821300 0.015614100 0.018590510 0.015814660 0.010170760 0.011551920 0.014499680 0.011205540 0.010840460 0.009814580 0.010474470 0.010715320 0.016072910 0.013871370 0.007138010 0.012258660 0.008747990 0.014085060 0.013508480 0.013164110 0.012604090 0.012916060 0.012347280 0.013654780 0.013744180 0.013670390 0.013741860 0.011376450 0.010821640 0.011707320 0.003337820 0.005220210 0.006314600 0.005394470 0.004828570 0.004517580 0.000000000 0.000447850 0.000579330 0.000019310 0.000087750 0.003890890 0.013679480 0.021730220 0.020282280 0.012717170 0.014286900 
20     0.007645230 0.018973530 0.010959200 0.007929680 0.014601200 0.015255130 0.021430970 0.015455690 0.010950660 0.012331820 0.015279580 0.011985440 0.011620360 0.010594480 0.011254370 0.011495220 0.018804500 0.013512400 0.007917910 0.012564890 0.008389020 0.013743310 0.013166730 0.012822360 0.019626030 0.016072650 0.012352580 0.019818890 0.017540090 0.013976620 0.014048090 0.012156350 0.011601540 0.012487220 0.004117720 0.006000110 0.005972850 0.005700700 0.004486820 0.004823810 0.000447850 0.000000000 0.000037140 0.000507170 0.000988500 0.001856690 0.015369640 0.026987310 0.025539370 0.021863800 0.016753300 
30     0.016322370 0.018976540 0.016657680 0.015962410 0.023145940 0.015309290 0.026084200 0.015509850 0.013089780 0.015148210 0.015022700 0.018155840 0.018731280 0.012268770 0.017352530 0.015213570 0.016585900 0.013566560 0.008750560 0.018597200 0.008443180 0.019979420 0.017628840 0.017755760 0.022099810 0.013429050 0.012860270 0.014167770 0.014257170 0.016233480 0.012302020 0.010616170 0.020461900 0.010047110 0.007924260 0.008044910 0.008107760 0.008554790 0.010722930 0.006883330 0.000579330 0.000037140 0.000000000 0.002864690 0.004176940 0.004510510 0.019087300 0.024559840 0.023111900 0.023905660 0.014799890 
47     0.010906550 0.017705780 0.011680570 0.014028940 0.011918820 0.011463620 0.013539470 0.013626240 0.014741210 0.013652740 0.012436590 0.013434920 0.013822260 0.015571460 0.015886500 0.012826280 0.022216950 0.010032870 0.011518110 0.011130300 0.012079250 0.014718330 0.014499200 0.014641820 0.019725770 0.015152590 0.015696610 0.016488430 0.016134820 0.009243230 0.005311770 0.003625920 0.019835750 0.003056860 0.005423660 0.000962020 0.002824790 0.008483570 0.001263210 0.001421010 0.000019310 0.000507170 0.002864690 0.000000000 0.000008430 0.000288740 0.011256740 0.017743380 0.016295440 0.017089200 0.021600020 
45     0.005322020 0.019394350 0.008635990 0.006157450 0.022060570 0.022128220 0.024204070 0.024290840 0.021471790 0.021985420 0.023101190 0.017143320 0.017240630 0.016561310 0.015186350 0.013036850 0.026659780 0.007265200 0.012882240 0.012474610 0.014564060 0.021350260 0.021203180 0.019139830 0.024814420 0.015224110 0.009697970 0.016710690 0.014885480 0.013813460 0.009882000 0.008196150 0.015184700 0.007627090 0.007482570 0.000954030 0.002816800 0.008555090 0.001255220 0.001413020 0.000087750 0.000988500 0.004176940 0.000008430 0.000000000 0.000237710 0.013470870 0.023799530 0.022351590 0.022529900 0.014098690 
7     0.011504660 0.019409160 0.012278680 0.015915120 0.021248380 0.016706040 0.022869030 0.016906600 0.014486530 0.021388490 0.017577870 0.020843370 0.021958920 0.013665520 0.016607030 0.014457530 0.022826180 0.014963310 0.010147310 0.016572450 0.009839930 0.021771080 0.021220710 0.022442640 0.019076740 0.013209870 0.011118650 0.016894800 0.014239170 0.008899930 0.004968470 0.003282620 0.017686030 0.002713560 0.010390530 0.001234340 0.003097110 0.009951540 0.001535530 0.001693330 0.003890890 0.001856690 0.004510510 0.000288740 0.000237710 0.000000000 0.015867300 0.019629560 0.018181620 0.018975380 0.015519370 
22     0.004807370 0.003518670 0.004556270 0.003805040 0.006310710 0.011486380 0.005735240 0.005439940 0.005935180 0.003977030 0.007123880 0.007974490 0.006453190 0.009080670 0.010094150 0.010539040 0.002145960 0.004809640 0.002013110 0.001645720 0.003671470 0.004019640 0.004833250 0.001809210 0.013889340 0.008652930 0.008084150 0.009053100 0.009413810 0.006489790 0.002752200 0.002601360 0.007527110 0.003625010 0.008610290 0.007070680 0.005646940 0.008315190 0.003704260 0.004251390 0.013679480 0.015369640 0.019087300 0.011256740 0.013470870 0.015867300 0.000000000 0.004234210 0.014502070 0.003710650 0.006902950 
29     0.002471700 0.001183000 0.002220600 0.001469370 0.014543040 0.022733160 0.024272180 0.022641040 0.013369310 0.013833380 0.014887380 0.015173350 0.014686530 0.018860510 0.015209370 0.013845670 0.020666130 0.018932610 0.012089150 0.014529130 0.014074420 0.009772860 0.015057220 0.015942660 0.035028490 0.034929590 0.034343290 0.035560660 0.034640940 0.020916560 0.020846140 0.026385710 0.020947730 0.020162050 0.018373110 0.013806190 0.013826420 0.014577580 0.030178230 0.012519580 0.021730220 0.026987310 0.024559840 0.017743380 0.023799530 0.019629560 0.004234210 0.000000000 0.000207170 0.001003920 0.027882160 
50     0.017415590 0.018968520 0.011011950 0.011396760 0.012536950 0.029209920 0.016930940 0.017251200 0.012256780 0.013725350 0.018469650 0.018659290 0.015906170 0.017859860 0.008825230 0.012397730 0.014810230 0.014716910 0.014515200 0.010695140 0.007420280 0.014238860 0.013816340 0.013139970 0.033580550 0.033481650 0.032895350 0.034112720 0.033193000 0.019915910 0.019845490 0.025385060 0.019947080 0.019161400 0.016925170 0.012805540 0.012825770 0.013576930 0.014547710 0.011071640 0.020282280 0.025539370 0.023111900 0.016295440 0.022351590 0.018181620 0.014502070 0.000207170 0.000000000 0.002424110 0.029326780 
6     0.001948140 0.000659440 0.001697040 0.000945810 0.014867070 0.022209600 0.019195960 0.019516220 0.012845750 0.010845730 0.014363820 0.014649790 0.013026550 0.013706530 0.011090250 0.013191490 0.014626940 0.015052340 0.009039010 0.010340600 0.009685300 0.009249300 0.014533660 0.015404990 0.014271100 0.016848630 0.017913000 0.017367210 0.017700360 0.014704300 0.016965870 0.016733150 0.015921180 0.016091930 0.014817050 0.009925920 0.009946150 0.009623900 0.012234310 0.008928270 0.012717170 0.021863800 0.023905660 0.017089200 0.022529900 0.018975380 0.003710650 0.001003920 0.002424110 0.000000000 0.015460050 
0     0.006026970 0.006635810 0.005693480 0.003665010 0.015429520 0.023944260 0.026020110 0.026106880 0.006289870 0.002660360 0.002534850 0.005667990 0.006243430 0.012669030 0.007225620 0.020617960 0.004098050 0.005976530 0.019710180 0.006109350 0.009445290 0.012178740 0.005140990 0.005267910 0.013672810 0.004062020 0.003493240 0.004800740 0.004890140 0.011486770 0.017622450 0.013515620 0.012703650 0.012874400 0.007379150 0.007369980 0.007432830 0.009208450 0.014951330 0.005130650 0.014286900 0.016753300 0.014799890 0.021600020 0.014098690 0.015519370 0.006902950 0.027882160 0.029326780 0.015460050 0.000000000 
