51
9     0.000000000 0.025588913 0.022433565 0.022542717 0.023080231 0.026716478 0.027714174 0.028893179 0.028748663 0.027322799 0.026681114 0.026849989 0.028581845 0.028896225 0.027708920 0.027962733 0.027156870 0.027105542 0.036930287 0.036253026 0.034884435 0.035024025 0.034888806 0.035396862 0.035719547 0.035901125 0.034436730 0.035001862 0.035376746 0.034180757 0.034155300 0.035924422 0.033141250 0.033346355 0.033997311 0.034306963 0.034265826 0.033677304 0.032388984 0.032439068 0.036255292 0.033031092 0.034538829 0.033196604 0.033800086 0.032538344 0.032742216 0.031517931 0.034441417 0.035102983 0.046059562 
6     0.025588913 0.000000000 0.019767714 0.019703582 0.023838724 0.030692486 0.031304690 0.032463035 0.032459654 0.031194753 0.030235937 0.030349311 0.032086350 0.032845581 0.031059848 0.031371106 0.030763890 0.030801504 0.040464746 0.039520771 0.038582347 0.038733871 0.038327199 0.039242578 0.039061422 0.039443540 0.038509413 0.038929096 0.039208458 0.038076556 0.038121116 0.039781660 0.037311481 0.037434205 0.038050456 0.038404650 0.038314446 0.037779689 0.036548618 0.036504932 0.039996136 0.037063501 0.038524677 0.036794478 0.037414667 0.036427746 0.036582175 0.035203124 0.038418083 0.039012141 0.049755907 
15     0.022433565 0.019767714 0.000000000 0.009007814 0.021201237 0.027674150 0.028659509 0.029650869 0.029634505 0.028299414 0.027487087 0.027587145 0.029420576 0.029904649 0.028716233 0.028604879 0.027880396 0.027904033 0.037677235 0.037161715 0.035626379 0.035992273 0.035497197 0.036220370 0.036226232 0.036507509 0.035268943 0.035741732 0.035991234 0.035339272 0.035293731 0.036787064 0.034389384 0.034480611 0.035016999 0.035445203 0.035341485 0.034841589 0.033561233 0.033708994 0.037120431 0.033980005 0.035707454 0.033950368 0.034976156 0.033417772 0.033542073 0.032031595 0.035389066 0.036243665 0.047199087 
2     0.022542717 0.019703582 0.009007814 0.000000000 0.020763323 0.027735673 0.028420775 0.029548113 0.029583374 0.028095551 0.027388600 0.027428582 0.029268119 0.029744456 0.028540358 0.028726519 0.027939517 0.027978541 0.037711858 0.037046979 0.035687679 0.035952592 0.035644965 0.036192978 0.036293489 0.036585289 0.035422945 0.035860934 0.036078229 0.035477796 0.035364104 0.036958231 0.034590551 0.034737882 0.035263092 0.035601378 0.035433915 0.034964475 0.033699485 0.033658284 0.036981027 0.033813887 0.035806722 0.033755647 0.034913191 0.033459066 0.033556793 0.032226502 0.035153610 0.036042742 0.047154034 
14     0.023080231 0.023838724 0.021201237 0.020763323 0.000000000 0.028147161 0.029182897 0.030484900 0.030432054 0.028612527 0.027951838 0.028064635 0.029921803 0.030295893 0.029309541 0.029240707 0.028827357 0.028816208 0.038324276 0.037545730 0.036340446 0.036497018 0.035789451 0.037207195 0.037359816 0.037517153 0.036327734 0.036721724 0.037022344 0.036006024 0.035978200 0.037686569 0.035095697 0.035061850 0.035814318 0.036182006 0.036030663 0.035531231 0.034280512 0.034226030 0.038054075 0.034887583 0.036300875 0.034832211 0.035614125 0.034006930 0.034026792 0.033099015 0.036404128 0.037119816 0.047974360 
10     0.026716478 0.030692486 0.027674150 0.027735673 0.028147161 0.000000000 0.026355261 0.027267458 0.027257228 0.025929035 0.025442376 0.025471441 0.027453878 0.027897642 0.026394894 0.027016534 0.026247732 0.026172556 0.037326076 0.036332187 0.035122028 0.035302919 0.034911696 0.035207655 0.035399488 0.035777566 0.034239555 0.034763162 0.034999720 0.033760811 0.033663495 0.036005687 0.032908064 0.033171348 0.033968402 0.034420184 0.034431686 0.033930496 0.032199818 0.032449249 0.035984090 0.033284098 0.034352812 0.032674322 0.033827314 0.032062086 0.032465092 0.031670909 0.035056359 0.035813322 0.046136525 
4     0.027714174 0.031304690 0.028659509 0.028420775 0.029182897 0.026355261 0.000000000 0.019023548 0.018788907 0.021425738 0.021038514 0.020967486 0.025854869 0.026572793 0.024869532 0.025588605 0.024447000 0.024350290 0.037658563 0.036866295 0.035713700 0.035679120 0.035038685 0.036255550 0.036147826 0.036509195 0.034862541 0.035284647 0.035507684 0.034892595 0.034911765 0.036922656 0.033709643 0.033880353 0.034735923 0.034882108 0.034739912 0.034282569 0.033171421 0.033403430 0.036915712 0.034347118 0.035741970 0.033984034 0.034641496 0.033116323 0.033295363 0.032193390 0.035736792 0.036173147 0.046534955 
3     0.028893179 0.032463035 0.029650869 0.029548113 0.030484900 0.027267458 0.019023548 0.000000000 0.005369036 0.023005124 0.022412297 0.022416996 0.026869635 0.027399130 0.026065264 0.026585258 0.025616429 0.025430561 0.038959489 0.038100362 0.037345737 0.037268379 0.036658198 0.037562582 0.037759175 0.037851265 0.036366096 0.036763898 0.037023128 0.036221768 0.036326145 0.038204445 0.034856967 0.035172302 0.036057591 0.035997987 0.035882590 0.035539491 0.034111776 0.034506382 0.038389049 0.035338737 0.037260102 0.035175166 0.035657954 0.034462272 0.034480291 0.033416094 0.036951049 0.037371339 0.047994889 
8     0.028748663 0.032459654 0.029634505 0.029583374 0.030432054 0.027257228 0.018788907 0.005369036 0.000000000 0.022984208 0.022413875 0.022327992 0.026909377 0.027206491 0.025991540 0.026581012 0.025569228 0.025408334 0.038924552 0.038020813 0.037261898 0.037282924 0.036613196 0.037635648 0.037810682 0.037897060 0.036402433 0.036797256 0.037031800 0.036261979 0.036367719 0.038290410 0.035022302 0.035279502 0.036141172 0.036114278 0.036019743 0.035669072 0.034118070 0.034600339 0.038340435 0.035385637 0.037205099 0.035014330 0.035729308 0.034416940 0.034396551 0.033394125 0.036965436 0.037365350 0.048076992 
1     0.027322799 0.031194753 0.028299414 0.028095551 0.028612527 0.025929035 0.021425738 0.023005124 0.022984208 0.000000000 0.018291534 0.018143764 0.025247459 0.025914635 0.024552700 0.024725170 0.023868202 0.023672412 0.038014552 0.037112153 0.035981575 0.036115609 0.035545469 0.036186660 0.036459520 0.036870395 0.035044721 0.035526768 0.035788777 0.035166640 0.034899396 0.036362793 0.034287942 0.034689007 0.035328306 0.035442361 0.035239967 0.034790364 0.033873638 0.034101053 0.037248534 0.034294144 0.035832272 0.034191853 0.034857541 0.033424509 0.033441589 0.032257216 0.035716926 0.036307418 0.046924225 
5     0.026681114 0.030235937 0.027487087 0.027388600 0.027951838 0.025442376 0.021038514 0.022412297 0.022413875 0.018291534 0.000000000 0.003728149 0.024867829 0.025516504 0.024056421 0.024584014 0.023460659 0.023278542 0.036750747 0.036011826 0.035050871 0.034757415 0.034521700 0.035052818 0.035298490 0.035486219 0.033859011 0.034460248 0.034635602 0.033867765 0.033865528 0.035521827 0.032948546 0.033322443 0.034126355 0.034429203 0.034168644 0.033653355 0.032765182 0.032943183 0.036081188 0.033028090 0.034849165 0.033131954 0.033851116 0.032238169 0.032383597 0.031264093 0.034680862 0.035219243 0.046005340 
17     0.026849989 0.030349311 0.027587145 0.027428582 0.028064635 0.025471441 0.020967486 0.022416996 0.022327992 0.018143764 0.003728149 0.000000000 0.024972890 0.025517117 0.024144591 0.024698078 0.023519646 0.023324190 0.037175911 0.036443944 0.035437840 0.035212768 0.034952749 0.035449767 0.035564628 0.035742353 0.034218105 0.034763047 0.034933267 0.034256323 0.034254086 0.035886282 0.033365821 0.033713403 0.034557159 0.034775445 0.034532682 0.034027113 0.033101043 0.033269046 0.036396502 0.033424482 0.035215829 0.033596249 0.034245939 0.032574888 0.032756955 0.031520566 0.035022108 0.035545155 0.046253000 
11     0.028581845 0.032086350 0.029420576 0.029268119 0.029921803 0.027453878 0.025854869 0.026869635 0.026909377 0.025247459 0.024867829 0.024972890 0.000000000 0.016508079 0.016065277 0.025935043 0.024958628 0.024935032 0.038859465 0.037695250 0.036470568 0.036790576 0.036480514 0.037072583 0.037199605 0.037492210 0.035811045 0.036237457 0.036593897 0.035955020 0.035928327 0.037719832 0.034732761 0.035068334 0.035711894 0.035609130 0.035554420 0.035145261 0.034590671 0.034560094 0.037993697 0.035526553 0.037032260 0.035222007 0.035974568 0.034586532 0.034646560 0.033212226 0.036769574 0.037182886 0.048115278 
13     0.028896225 0.032845581 0.029904649 0.029744456 0.030295893 0.027897642 0.026572793 0.027399130 0.027206491 0.025914635 0.025516504 0.025517117 0.016508079 0.000000000 0.017027878 0.026753290 0.025738046 0.025665421 0.039425095 0.038467150 0.037137102 0.037511398 0.037290431 0.037634145 0.037665280 0.037989045 0.036335214 0.036793902 0.037132395 0.036356425 0.036403029 0.038152254 0.035374488 0.035665834 0.036365788 0.036366823 0.036207649 0.035720501 0.034866691 0.035063228 0.038735421 0.035879541 0.037525288 0.035835516 0.036610940 0.035108360 0.035167770 0.033924835 0.037127897 0.037503905 0.048548060 
18     0.027708920 0.031059848 0.028716233 0.028540358 0.029309541 0.026394894 0.024869532 0.026065264 0.025991540 0.024552700 0.024056421 0.024144591 0.016065277 0.017027878 0.000000000 0.025164960 0.024261808 0.024129711 0.037830815 0.037015288 0.035781475 0.035870851 0.035861349 0.036460487 0.036600305 0.036785622 0.035101920 0.035634786 0.035685859 0.035116699 0.035105266 0.037042906 0.033944901 0.034273400 0.034878662 0.034981440 0.034816818 0.034422327 0.033532053 0.033683219 0.037267303 0.034940757 0.036412683 0.034378603 0.035284694 0.033768746 0.033905347 0.032487972 0.036341638 0.036695554 0.047316321 
16     0.027962733 0.031371106 0.028604879 0.028726519 0.029240707 0.027016534 0.025588605 0.026585258 0.026581012 0.024725170 0.024584014 0.024698078 0.025935043 0.026753290 0.025164960 0.000000000 0.014013099 0.013763339 0.039019018 0.038166801 0.036911603 0.036884223 0.036447401 0.037078746 0.036927686 0.037200753 0.035924490 0.036427658 0.036677919 0.035683624 0.035686136 0.037826873 0.034676043 0.034934268 0.035668815 0.036001730 0.035901434 0.035415648 0.033822852 0.034560389 0.037847743 0.035250333 0.036450136 0.034843864 0.035456344 0.034250384 0.034463072 0.032927557 0.036629751 0.037331372 0.047624241 
7     0.027156870 0.030763890 0.027880396 0.027939517 0.028827357 0.026247732 0.024447000 0.025616429 0.025569228 0.023868202 0.023460659 0.023519646 0.024958628 0.025738046 0.024261808 0.014013099 0.000000000 0.005009538 0.037716518 0.036781495 0.035716169 0.035708819 0.035487496 0.035811625 0.035739187 0.036147542 0.035010068 0.035485096 0.035799376 0.034431408 0.034383480 0.036739598 0.033392694 0.033681857 0.034578622 0.034557064 0.034560257 0.034091243 0.033022779 0.033174293 0.036932380 0.034144878 0.035594693 0.033679230 0.034498756 0.033299878 0.033500565 0.031839386 0.035388262 0.035841336 0.046836334 
12     0.027105542 0.030801504 0.027904033 0.027978541 0.028816208 0.026172556 0.024350290 0.025430561 0.025408334 0.023672412 0.023278542 0.023324190 0.024935032 0.025665421 0.024129711 0.013763339 0.005009538 0.000000000 0.037798746 0.036814272 0.035808883 0.035803658 0.035533088 0.035834935 0.035792487 0.036000665 0.034885484 0.035340561 0.035706894 0.034464988 0.034436861 0.036747220 0.033458440 0.033725742 0.034628561 0.034551072 0.034525501 0.034074143 0.033030848 0.033071699 0.036981926 0.034187412 0.035652091 0.033606458 0.034454685 0.033317637 0.033456870 0.031885284 0.035331648 0.035891209 0.046518649 
24     0.036930287 0.040464746 0.037677235 0.037711858 0.038324276 0.037326076 0.037658563 0.038959489 0.038924552 0.038014552 0.036750747 0.037175911 0.038859465 0.039425095 0.037830815 0.039019018 0.037716518 0.037798746 0.000000000 0.021715189 0.019781203 0.020084980 0.021065893 0.037640490 0.037927910 0.038242759 0.036839450 0.037367524 0.037488805 0.037191123 0.036922060 0.038952363 0.036141326 0.036691721 0.037057797 0.037052372 0.036866658 0.036448859 0.035248812 0.035221023 0.038701281 0.035813076 0.036510750 0.035373900 0.036443949 0.034464201 0.034952460 0.033595255 0.037284905 0.037727675 0.049112023 
26     0.036253026 0.039520771 0.037161715 0.037046979 0.037545730 0.036332187 0.036866295 0.038100362 0.038020813 0.037112153 0.036011826 0.036443944 0.037695250 0.038467150 0.037015288 0.038166801 0.036781495 0.036814272 0.021715189 0.000000000 0.017847684 0.018282432 0.021329578 0.037113110 0.037451324 0.037621551 0.036134602 0.036674205 0.036787522 0.036443011 0.036122614 0.038286686 0.035323354 0.036007020 0.036273255 0.036575659 0.036325227 0.035936751 0.034774278 0.034938385 0.038068771 0.034871539 0.036482799 0.034624818 0.035771538 0.033838974 0.034452575 0.033385842 0.036726937 0.037165181 0.048612255 
22     0.034884435 0.038582347 0.035626379 0.035687679 0.036340446 0.035122028 0.035713700 0.037345737 0.037261898 0.035981575 0.035050871 0.035437840 0.036470568 0.037137102 0.035781475 0.036911603 0.035716169 0.035808883 0.019781203 0.017847684 0.000000000 0.015784529 0.019272353 0.035308002 0.035595703 0.035885304 0.034509284 0.035013964 0.035302265 0.034655364 0.034346162 0.036484804 0.033250916 0.033923313 0.034111162 0.034479983 0.034275277 0.033843982 0.032791706 0.032701936 0.036317527 0.033368614 0.034470563 0.033126144 0.034199194 0.032035651 0.032598723 0.031545603 0.035258420 0.035666201 0.046728474 
33     0.035024025 0.038733871 0.035992273 0.035952592 0.036497018 0.035302919 0.035679120 0.037268379 0.037282924 0.036115609 0.034757415 0.035212768 0.036790576 0.037511398 0.035870851 0.036884223 0.035708819 0.035803658 0.020084980 0.018282432 0.015784529 0.000000000 0.019851553 0.035723908 0.036066128 0.036130291 0.034961097 0.035344439 0.035475569 0.034900783 0.034639447 0.036567320 0.033820987 0.034417706 0.034543309 0.034925695 0.034806174 0.034417160 0.032992006 0.033199443 0.036345142 0.033553154 0.034727077 0.033173508 0.034260489 0.032339823 0.032996105 0.031635954 0.035602701 0.036015273 0.047184592 
19     0.034888806 0.038327199 0.035497197 0.035644965 0.035789451 0.034911696 0.035038685 0.036658198 0.036613196 0.035545469 0.034521700 0.034952749 0.036480514 0.037290431 0.035861349 0.036447401 0.035487496 0.035533088 0.021065893 0.021329578 0.019272353 0.019851553 0.000000000 0.035960213 0.036032392 0.036196887 0.034995502 0.035560784 0.035803242 0.035267319 0.035008554 0.037022099 0.034112939 0.034636288 0.034906036 0.035145243 0.034859786 0.034506734 0.033374721 0.033442987 0.036743166 0.033900607 0.034984534 0.033393521 0.034306567 0.032449263 0.032857727 0.031834633 0.035549782 0.036013357 0.046840135 
43     0.035396862 0.039242578 0.036220370 0.036192978 0.037207195 0.035207655 0.036255550 0.037562582 0.037635648 0.036186660 0.035052818 0.035449767 0.037072583 0.037634145 0.036460487 0.037078746 0.035811625 0.035834935 0.037640490 0.037113110 0.035308002 0.035723908 0.035960213 0.000000000 0.023541505 0.024157137 0.022684199 0.023219276 0.023514454 0.034504448 0.034514617 0.036515099 0.033676697 0.034139032 0.034428645 0.034624628 0.034618045 0.034020446 0.033317941 0.032799613 0.036170964 0.033557945 0.034929800 0.033453473 0.033757551 0.032368177 0.032618306 0.031715710 0.034693999 0.035262688 0.048245549 
38     0.035719547 0.039061422 0.036226232 0.036293489 0.037359816 0.035399488 0.036147826 0.037759175 0.037810682 0.036459520 0.035298490 0.035564628 0.037199605 0.037665280 0.036600305 0.036927686 0.035739187 0.035792487 0.037927910 0.037451324 0.035595703 0.036066128 0.036032392 0.023541505 0.000000000 0.012677213 0.021203157 0.021132450 0.021488868 0.034781778 0.034696676 0.036777419 0.034004872 0.034288659 0.034654713 0.035039538 0.034921830 0.034375491 0.033168036 0.033574288 0.036584753 0.033906332 0.035102770 0.033600955 0.034682562 0.032881281 0.033137783 0.032478703 0.035432951 0.035742359 0.048365597 
29     0.035901125 0.039443540 0.036507509 0.036585289 0.037517153 0.035777566 0.036509195 0.037851265 0.037897060 0.036870395 0.035486219 0.035742353 0.037492210 0.037989045 0.036785622 0.037200753 0.036147542 0.036000665 0.038242759 0.037621551 0.035885304 0.036130291 0.036196887 0.024157137 0.012677213 0.000000000 0.021916647 0.022110024 0.022410040 0.035211015 0.035131080 0.036752125 0.033919915 0.034376981 0.034772459 0.035075030 0.034962015 0.034733857 0.033106077 0.033517239 0.036624262 0.034102540 0.035276332 0.033168237 0.034656899 0.032998420 0.033153981 0.032535980 0.035579647 0.035963848 0.048465543 
28     0.034436730 0.038509413 0.035268943 0.035422945 0.036327734 0.034239555 0.034862541 0.036366096 0.036402433 0.035044721 0.033859011 0.034218105 0.035811045 0.036335214 0.035101920 0.035924490 0.035010068 0.034885484 0.036839450 0.036134602 0.034509284 0.034961097 0.034995502 0.022684199 0.021203157 0.021916647 0.000000000 0.009224638 0.009540387 0.033245959 0.033184697 0.035298699 0.032340345 0.032690285 0.032880392 0.033223564 0.033233325 0.032823662 0.031509512 0.032084040 0.035293682 0.032508324 0.034094232 0.032857394 0.033431225 0.031538028 0.031887032 0.031205788 0.034183507 0.034716226 0.047536433 
37     0.035001862 0.038929096 0.035741732 0.035860934 0.036721724 0.034763162 0.035284647 0.036763898 0.036797256 0.035526768 0.034460248 0.034763047 0.036237457 0.036793902 0.035634786 0.036427658 0.035485096 0.035340561 0.037367524 0.036674205 0.035013964 0.035344439 0.035560784 0.023219276 0.021132450 0.022110024 0.009224638 0.000000000 0.007167931 0.034036641 0.033971326 0.035984792 0.032742475 0.033212702 0.033615152 0.034111707 0.033958553 0.033579325 0.032137312 0.032701710 0.035900352 0.033150217 0.034674790 0.033267832 0.033751727 0.032203196 0.032420488 0.031518467 0.034639465 0.035159110 0.047809261 
41     0.035376746 0.039208458 0.035991234 0.036078229 0.037022344 0.034999720 0.035507684 0.037023128 0.037031800 0.035788777 0.034635602 0.034933267 0.036593897 0.037132395 0.035685859 0.036677919 0.035799376 0.035706894 0.037488805 0.036787522 0.035302265 0.035475569 0.035803242 0.023514454 0.021488868 0.022410040 0.009540387 0.007167931 0.000000000 0.034335912 0.034251442 0.036236550 0.033025527 0.033481394 0.033941593 0.034355321 0.034219124 0.033807168 0.032430632 0.032973156 0.036077086 0.033342604 0.035028131 0.033784018 0.034242108 0.032581526 0.032809437 0.032131302 0.034953950 0.035465095 0.048069771 
25     0.034180757 0.038076556 0.035339272 0.035477796 0.036006024 0.033760811 0.034892595 0.036221768 0.036261979 0.035166640 0.033867765 0.034256323 0.035955020 0.036356425 0.035116699 0.035683624 0.034431408 0.034464988 0.037191123 0.036443011 0.034655364 0.034900783 0.035267319 0.034504448 0.034781778 0.035211015 0.033245959 0.034036641 0.034335912 0.000000000 0.005377017 0.027448506 0.027661749 0.028103940 0.028790790 0.029184002 0.028771762 0.028335638 0.027359129 0.027730067 0.033833343 0.030867371 0.032393981 0.030339600 0.031409783 0.029707920 0.030087151 0.029153260 0.032176593 0.032959560 0.047340006 
35     0.034155300 0.038121116 0.035293731 0.035364104 0.035978200 0.033663495 0.034911765 0.036326145 0.036367719 0.034899396 0.033865528 0.034254086 0.035928327 0.036403029 0.035105266 0.035686136 0.034383480 0.034436861 0.036922060 0.036122614 0.034346162 0.034639447 0.035008554 0.034514617 0.034696676 0.035131080 0.033184697 0.033971326 0.034251442 0.005377017 0.000000000 0.027158711 0.027515794 0.027984374 0.028597261 0.029019467 0.028594165 0.028151047 0.027156763 0.027584726 0.033785058 0.030901887 0.032148991 0.030317902 0.031493931 0.029635356 0.029992199 0.029086695 0.032084496 0.032867464 0.047058871 
42     0.035924422 0.039781660 0.036787064 0.036958231 0.037686569 0.036005687 0.036922656 0.038204445 0.038290410 0.036362793 0.035521827 0.035886282 0.037719832 0.038152254 0.037042906 0.037826873 0.036739598 0.036747220 0.038952363 0.038286686 0.036484804 0.036567320 0.037022099 0.036515099 0.036777419 0.036752125 0.035298699 0.035984792 0.036236550 0.027448506 0.027158711 0.000000000 0.030168302 0.030523021 0.031304024 0.032128793 0.031702383 0.031307704 0.030041363 0.029850265 0.036338125 0.033326186 0.034959805 0.033047797 0.034160866 0.032591686 0.032696498 0.031460896 0.034804237 0.035445764 0.049238821 
40     0.033141250 0.037311481 0.034389384 0.034590551 0.035095697 0.032908064 0.033709643 0.034856967 0.035022302 0.034287942 0.032948546 0.033365821 0.034732761 0.035374488 0.033944901 0.034676043 0.033392694 0.033458440 0.036141326 0.035323354 0.033250916 0.033820987 0.034112939 0.033676697 0.034004872 0.033919915 0.032340345 0.032742475 0.033025527 0.027661749 0.027515794 0.030168302 0.000000000 0.009315772 0.014166519 0.020325650 0.020015283 0.019972588 0.022344496 0.022314405 0.033039672 0.030150160 0.031779247 0.029979593 0.030888356 0.029286197 0.029289726 0.028181114 0.031118743 0.031782845 0.046130208 
34     0.033346355 0.037434205 0.034480611 0.034737882 0.035061850 0.033171348 0.033880353 0.035172302 0.035279502 0.034689007 0.033322443 0.033713403 0.035068334 0.035665834 0.034273400 0.034934268 0.033681857 0.033725742 0.036691721 0.036007020 0.033923313 0.034417706 0.034636288 0.034139032 0.034288659 0.034376981 0.032690285 0.033212702 0.033481394 0.028103940 0.027984374 0.030523021 0.009315772 0.000000000 0.013908375 0.020422694 0.020079898 0.020156501 0.022575302 0.022470587 0.033628736 0.030565936 0.032079166 0.030391369 0.031401227 0.029963652 0.029929004 0.028825926 0.031539100 0.032170325 0.046469273 
44     0.033997311 0.038050456 0.035016999 0.035263092 0.035814318 0.033968402 0.034735923 0.036057591 0.036141172 0.035328306 0.034126355 0.034557159 0.035711894 0.036365788 0.034878662 0.035668815 0.034578622 0.034628561 0.037057797 0.036273255 0.034111162 0.034543309 0.034906036 0.034428645 0.034654713 0.034772459 0.032880392 0.033615152 0.033941593 0.028790790 0.028597261 0.031304024 0.014166519 0.013908375 0.000000000 0.021129994 0.020879995 0.020929691 0.023314233 0.023064563 0.034028775 0.031154065 0.032295720 0.030467106 0.031736975 0.029988174 0.030012363 0.029111396 0.031662752 0.032101600 0.047269131 
48     0.034306963 0.038404650 0.035445203 0.035601378 0.036182006 0.034420184 0.034882108 0.035997987 0.036114278 0.035442361 0.034429203 0.034775445 0.035609130 0.036366823 0.034981440 0.036001730 0.034557064 0.034551072 0.037052372 0.036575659 0.034479983 0.034925695 0.035145243 0.034624628 0.035039538 0.035075030 0.033223564 0.034111707 0.034355321 0.029184002 0.029019467 0.032128793 0.020325650 0.020422694 0.021129994 0.000000000 0.009351638 0.009813134 0.023755416 0.023368709 0.034190513 0.031351999 0.032957541 0.031173399 0.032014700 0.030530108 0.030700856 0.029340727 0.032106558 0.032768510 0.046587018 
32     0.034265826 0.038314446 0.035341485 0.035433915 0.036030663 0.034431686 0.034739912 0.035882590 0.036019743 0.035239967 0.034168644 0.034532682 0.035554420 0.036207649 0.034816818 0.035901434 0.034560257 0.034525501 0.036866658 0.036325227 0.034275277 0.034806174 0.034859786 0.034618045 0.034921830 0.034962015 0.033233325 0.033958553 0.034219124 0.028771762 0.028594165 0.031702383 0.020015283 0.020079898 0.020879995 0.009351638 0.000000000 0.005998148 0.023371589 0.023282666 0.034174130 0.031273655 0.032852405 0.030957042 0.031849029 0.030195781 0.030403895 0.029161665 0.032306586 0.032951472 0.046783375 
45     0.033677304 0.037779689 0.034841589 0.034964475 0.035531231 0.033930496 0.034282569 0.035539491 0.035669072 0.034790364 0.033653355 0.034027113 0.035145261 0.035720501 0.034422327 0.035415648 0.034091243 0.034074143 0.036448859 0.035936751 0.033843982 0.034417160 0.034506734 0.034020446 0.034375491 0.034733857 0.032823662 0.033579325 0.033807168 0.028335638 0.028151047 0.031307704 0.019972588 0.020156501 0.020929691 0.009813134 0.005998148 0.000000000 0.023475263 0.023437516 0.033670929 0.030772305 0.032418084 0.030816498 0.031408414 0.029682958 0.029957186 0.028695631 0.031829458 0.032474434 0.046583300 
47     0.032388984 0.036548618 0.033561233 0.033699485 0.034280512 0.032199818 0.033171421 0.034111776 0.034118070 0.033873638 0.032765182 0.033101043 0.034590671 0.034866691 0.033532053 0.033822852 0.033022779 0.033030848 0.035248812 0.034774278 0.032791706 0.032992006 0.033374721 0.033317941 0.033168036 0.033106077 0.031509512 0.032137312 0.032430632 0.027359129 0.027156763 0.030041363 0.022344496 0.022575302 0.023314233 0.023755416 0.023371589 0.023475263 0.000000000 0.021098821 0.032182757 0.029159601 0.030982548 0.029027057 0.030039516 0.028482003 0.028641783 0.027638970 0.030622845 0.031193945 0.045136233 
23     0.032439068 0.036504932 0.033708994 0.033658284 0.034226030 0.032449249 0.033403430 0.034506382 0.034600339 0.034101053 0.032943183 0.033269046 0.034560094 0.035063228 0.033683219 0.034560389 0.033174293 0.033071699 0.035221023 0.034938385 0.032701936 0.033199443 0.033442987 0.032799613 0.033574288 0.033517239 0.032084040 0.032701710 0.032973156 0.027730067 0.027584726 0.029850265 0.022314405 0.022470587 0.023064563 0.023368709 0.023282666 0.023437516 0.021098821 0.000000000 0.032394518 0.029545039 0.031030042 0.029295476 0.030045124 0.028689712 0.028999359 0.028036192 0.030792043 0.031298640 0.045674332 
21     0.036255292 0.039996136 0.037120431 0.036981027 0.038054075 0.035984090 0.036915712 0.038389049 0.038340435 0.037248534 0.036081188 0.036396502 0.037993697 0.038735421 0.037267303 0.037847743 0.036932380 0.036981926 0.038701281 0.038068771 0.036317527 0.036345142 0.036743166 0.036170964 0.036584753 0.036624262 0.035293682 0.035900352 0.036077086 0.033833343 0.033785058 0.036338125 0.033039672 0.033628736 0.034028775 0.034190513 0.034174130 0.033670929 0.032182757 0.032394518 0.000000000 0.026267498 0.032627708 0.030276981 0.031697290 0.029096762 0.029383683 0.028759651 0.033507011 0.034188775 0.048935760 
30     0.033031092 0.037063501 0.033980005 0.033813887 0.034887583 0.033284098 0.034347118 0.035338737 0.035385637 0.034294144 0.033028090 0.033424482 0.035526553 0.035879541 0.034940757 0.035250333 0.034144878 0.034187412 0.035813076 0.034871539 0.033368614 0.033553154 0.033900607 0.033557945 0.033906332 0.034102540 0.032508324 0.033150217 0.033342604 0.030867371 0.030901887 0.033326186 0.030150160 0.030565936 0.031154065 0.031351999 0.031273655 0.030772305 0.029159601 0.029545039 0.026267498 0.000000000 0.029707584 0.027595582 0.028883860 0.026307281 0.026650889 0.025854942 0.030126819 0.031030511 0.046227482 
31     0.034538829 0.038524677 0.035707454 0.035806722 0.036300875 0.034352812 0.035741970 0.037260102 0.037205099 0.035832272 0.034849165 0.035215829 0.037032260 0.037525288 0.036412683 0.036450136 0.035594693 0.035652091 0.036510750 0.036482799 0.034470563 0.034727077 0.034984534 0.034929800 0.035102770 0.035276332 0.034094232 0.034674790 0.035028131 0.032393981 0.032148991 0.034959805 0.031779247 0.032079166 0.032295720 0.032957541 0.032852405 0.032418084 0.030982548 0.031030042 0.032627708 0.029707584 0.000000000 0.025506713 0.030261829 0.027761728 0.028185752 0.027412342 0.032264666 0.032970695 0.047461896 
46     0.033196604 0.036794478 0.033950368 0.033755647 0.034832211 0.032674322 0.033984034 0.035175166 0.035014330 0.034191853 0.033131954 0.033596249 0.035222007 0.035835516 0.034378603 0.034843864 0.033679230 0.033606458 0.035373900 0.034624818 0.033126144 0.033173508 0.033393521 0.033453473 0.033600955 0.033168237 0.032857394 0.033267832 0.033784018 0.030339600 0.030317902 0.033047797 0.029979593 0.030391369 0.030467106 0.031173399 0.030957042 0.030816498 0.029027057 0.029295476 0.030276981 0.027595582 0.025506713 0.000000000 0.028252691 0.025885777 0.026060756 0.025207692 0.030793047 0.031595760 0.045842260 
49     0.033800086 0.037414667 0.034976156 0.034913191 0.035614125 0.033827314 0.034641496 0.035657954 0.035729308 0.034857541 0.033851116 0.034245939 0.035974568 0.036610940 0.035284694 0.035456344 0.034498756 0.034454685 0.036443949 0.035771538 0.034199194 0.034260489 0.034306567 0.033757551 0.034682562 0.034656899 0.033431225 0.033751727 0.034242108 0.031409783 0.031493931 0.034160866 0.030888356 0.031401227 0.031736975 0.032014700 0.031849029 0.031408414 0.030039516 0.030045124 0.031697290 0.028883860 0.030261829 0.028252691 0.000000000 0.025905373 0.026457623 0.025380711 0.031586404 0.032295242 0.047714471 
20     0.032538344 0.036427746 0.033417772 0.033459066 0.034006930 0.032062086 0.033116323 0.034462272 0.034416940 0.033424509 0.032238169 0.032574888 0.034586532 0.035108360 0.033768746 0.034250384 0.033299878 0.033317637 0.034464201 0.033838974 0.032035651 0.032339823 0.032449263 0.032368177 0.032881281 0.032998420 0.031538028 0.032203196 0.032581526 0.029707920 0.029635356 0.032591686 0.029286197 0.029963652 0.029988174 0.030530108 0.030195781 0.029682958 0.028482003 0.028689712 0.029096762 0.026307281 0.027761728 0.025885777 0.025905373 0.000000000 0.012670572 0.019250059 0.029249704 0.029899597 0.045903657 
27     0.032742216 0.036582175 0.033542073 0.033556793 0.034026792 0.032465092 0.033295363 0.034480291 0.034396551 0.033441589 0.032383597 0.032756955 0.034646560 0.035167770 0.033905347 0.034463072 0.033500565 0.033456870 0.034952460 0.034452575 0.032598723 0.032996105 0.032857727 0.032618306 0.033137783 0.033153981 0.031887032 0.032420488 0.032809437 0.030087151 0.029992199 0.032696498 0.029289726 0.029929004 0.030012363 0.030700856 0.030403895 0.029957186 0.028641783 0.028999359 0.029383683 0.026650889 0.028185752 0.026060756 0.026457623 0.012670572 0.000000000 0.019616706 0.029830602 0.030628332 0.046200279 
50     0.031517931 0.035203124 0.032031595 0.032226502 0.033099015 0.031670909 0.032193390 0.033416094 0.033394125 0.032257216 0.031264093 0.031520566 0.033212226 0.033924835 0.032487972 0.032927557 0.031839386 0.031885284 0.033595255 0.033385842 0.031545603 0.031635954 0.031834633 0.031715710 0.032478703 0.032535980 0.031205788 0.031518467 0.032131302 0.029153260 0.029086695 0.031460896 0.028181114 0.028825926 0.029111396 0.029340727 0.029161665 0.028695631 0.027638970 0.028036192 0.028759651 0.025854942 0.027412342 0.025207692 0.025380711 0.019250059 0.019616706 0.000000000 0.028878922 0.029740893 0.044272854 
36     0.034441417 0.038418083 0.035389066 0.035153610 0.036404128 0.035056359 0.035736792 0.036951049 0.036965436 0.035716926 0.034680862 0.035022108 0.036769574 0.037127897 0.036341638 0.036629751 0.035388262 0.035331648 0.037284905 0.036726937 0.035258420 0.035602701 0.035549782 0.034693999 0.035432951 0.035579647 0.034183507 0.034639465 0.034953950 0.032176593 0.032084496 0.034804237 0.031118743 0.031539100 0.031662752 0.032106558 0.032306586 0.031829458 0.030622845 0.030792043 0.033507011 0.030126819 0.032264666 0.030793047 0.031586404 0.029249704 0.029830602 0.028878922 0.000000000 0.013248122 0.047784224 
39     0.035102983 0.039012141 0.036243665 0.036042742 0.037119816 0.035813322 0.036173147 0.037371339 0.037365350 0.036307418 0.035219243 0.035545155 0.037182886 0.037503905 0.036695554 0.037331372 0.035841336 0.035891209 0.037727675 0.037165181 0.035666201 0.036015273 0.036013357 0.035262688 0.035742359 0.035963848 0.034716226 0.035159110 0.035465095 0.032959560 0.032867464 0.035445764 0.031782845 0.032170325 0.032101600 0.032768510 0.032951472 0.032474434 0.031193945 0.031298640 0.034188775 0.031030511 0.032970695 0.031595760 0.032295242 0.029899597 0.030628332 0.029740893 0.013248122 0.000000000 0.048363728 
0     0.046059562 0.049755907 0.047199087 0.047154034 0.047974360 0.046136525 0.046534955 0.047994889 0.048076992 0.046924225 0.046005340 0.046253000 0.048115278 0.048548060 0.047316321 0.047624241 0.046836334 0.046518649 0.049112023 0.048612255 0.046728474 0.047184592 0.046840135 0.048245549 0.048365597 0.048465543 0.047536433 0.047809261 0.048069771 0.047340006 0.047058871 0.049238821 0.046130208 0.046469273 0.047269131 0.046587018 0.046783375 0.046583300 0.045136233 0.045674332 0.048935760 0.046227482 0.047461896 0.045842260 0.047714471 0.045903657 0.046200279 0.044272854 0.047784224 0.048363728 0.000000000 
