51
9     0.000000000 0.000278610 0.000191620 0.000011740 0.000243800 0.000125120 0.000156970 0.000615240 0.000611800 0.000568260 0.000490280 0.000460770 0.000731680 0.000874130 0.000741880 0.000644820 0.000369030 0.000392090 0.000359590 0.000306450 0.000237240 0.000751050 0.000447020 0.000579000 0.000625390 0.000514650 0.000408870 0.000619150 0.000744260 0.000590780 0.000626650 0.000661550 0.000686490 0.000600420 0.000656070 0.000487700 0.000366300 0.000050610 0.000152530 0.000337840 0.000638570 0.000328630 0.000164320 0.000637660 0.000223760 0.000492770 0.000326860 0.000472950 0.000335970 0.000398900 0.000479260 
6     0.000278610 0.000000000 0.000007470 0.000179420 0.000266460 0.000415060 0.000279930 0.000561180 0.000716540 0.000486970 0.000330880 0.000337710 0.000505260 0.000464070 0.000454440 0.000540830 0.000265040 0.000288100 0.000611100 0.000087250 0.000887580 0.000540680 0.000491980 0.000820470 0.000372390 0.000947630 0.000335640 0.000907830 0.000911520 0.000662740 0.000272760 0.000900790 0.000806860 0.000856730 0.000862550 0.000405110 0.000866870 0.000101400 0.000704490 0.000849220 0.000859310 0.000838710 0.000602520 0.000276400 0.000289050 0.000765580 0.000881750 0.000569570 0.000457250 0.000968790 0.000761220 
15     0.000191620 0.000007470 0.000000000 0.000023650 0.000190670 0.000262280 0.000203460 0.000196900 0.000207510 0.000340840 0.000306810 0.000313640 0.000406460 0.000440000 0.000464680 0.000109770 0.000134720 0.000157780 0.000272760 0.000880750 0.000816670 0.000067120 0.000360460 0.000785340 0.000809150 0.000275230 0.000873750 0.000528700 0.000568670 0.000436230 0.000313990 0.000865660 0.000098860 0.000167270 0.000299320 0.000531830 0.000529630 0.000389550 0.000551710 0.000696440 0.000491360 0.000426190 0.000567390 0.000609960 0.000009360 0.000612800 0.000614430 0.000252330 0.000849960 0.000816010 0.000732530 
2     0.000011740 0.000179420 0.000023650 0.000000000 0.000249280 0.000134070 0.000250610 0.000444700 0.000600060 0.000377140 0.000191850 0.000183780 0.000476880 0.000435690 0.000460370 0.000424350 0.000171020 0.000064190 0.000689830 0.000890170 0.000859200 0.000676150 0.000212660 0.000303730 0.000845450 0.000732190 0.000869440 0.000802660 0.000842630 0.000367420 0.000083190 0.000850240 0.000690380 0.000773030 0.000100840 0.000161240 0.000510120 0.000276540 0.000588010 0.000388920 0.000167250 0.000687690 0.000551970 0.000310460 0.000014290 0.000649100 0.000509690 0.000226550 0.000905810 0.000807720 0.000696760 
14     0.000243800 0.000266460 0.000190670 0.000249280 0.000000000 0.000456780 0.000404160 0.000181830 0.000186610 0.000443410 0.000287320 0.000228160 0.000461700 0.000282930 0.000445190 0.000653860 0.000397280 0.000671240 0.000272800 0.000441240 0.000844020 0.000874750 0.000320600 0.000778260 0.000870510 0.000904070 0.000195910 0.000864270 0.000867960 0.000244170 0.000576330 0.000858580 0.000215230 0.000279200 0.000332510 0.000505140 0.000272360 0.000014640 0.000662880 0.000531280 0.000600470 0.000740020 0.000498510 0.000454330 0.000145290 0.000362690 0.000613450 0.000343580 0.000282660 0.000475960 0.000717660 
10     0.000125120 0.000415060 0.000262280 0.000134070 0.000456780 0.000000000 0.000236370 0.000389940 0.000545300 0.000320880 0.000505870 0.000427160 0.000337300 0.000179660 0.000095910 0.000300760 0.000304520 0.000327580 0.000228530 0.000103910 0.000674250 0.000689930 0.000186610 0.000792430 0.000298740 0.000498880 0.000465460 0.000400100 0.000288200 0.000438600 0.000308380 0.000684290 0.000251650 0.000143500 0.000162470 0.000727930 0.000184270 0.000460450 0.000186830 0.000211810 0.000688070 0.000628120 0.000137510 0.000591500 0.000529490 0.000118160 0.000058570 0.000224140 0.000377370 0.000676390 0.000079050 
4     0.000156970 0.000279930 0.000203460 0.000250610 0.000404160 0.000236370 0.000000000 0.000117210 0.000306970 0.000078860 0.000377440 0.000384270 0.000119810 0.000356490 0.000374110 0.000242800 0.000204610 0.000326540 0.000239340 0.000051530 0.000818740 0.000786970 0.000242280 0.000428870 0.000804740 0.000802960 0.000562190 0.000846070 0.000845490 0.000558000 0.000527400 0.000739820 0.000638490 0.000605670 0.000785630 0.000234750 0.000587050 0.000317580 0.000547300 0.000692030 0.000624970 0.000343050 0.000391760 0.000605550 0.000040380 0.000608390 0.000774790 0.000125970 0.000841890 0.000786940 0.000410480 
3     0.000615240 0.000561180 0.000196900 0.000444700 0.000181830 0.000389940 0.000117210 0.000000000 0.000003780 0.000163980 0.000346190 0.000209150 0.000403830 0.000162890 0.000385150 0.000119190 0.000328430 0.000300870 0.000734670 0.000163460 0.000085910 0.000185480 0.000886420 0.000534560 0.000580950 0.000614510 0.000564700 0.000574710 0.000626820 0.000685210 0.000561520 0.000815790 0.000192640 0.000150590 0.000458150 0.000529690 0.000475090 0.000628460 0.000548430 0.000670320 0.000325530 0.000534410 0.000210080 0.000368540 0.000609880 0.000524750 0.000065060 0.000504930 0.000629890 0.000526770 0.000361770 
8     0.000611800 0.000716540 0.000207510 0.000600060 0.000186610 0.000545300 0.000306970 0.000003780 0.000000000 0.000319340 0.000309900 0.000240820 0.000559190 0.000127430 0.000401020 0.000398040 0.000388510 0.000360950 0.000731230 0.000153750 0.000076200 0.000175770 0.000852060 0.000531120 0.000577510 0.000611070 0.000561260 0.000571270 0.000725200 0.000681770 0.000679320 0.000812350 0.000203250 0.000161200 0.000468760 0.000540300 0.000465380 0.000639070 0.000449840 0.000666880 0.000322090 0.000426600 0.000206640 0.000137180 0.000606440 0.000521310 0.000574010 0.000501490 0.000626450 0.000531550 0.000487330 
1     0.000568260 0.000486970 0.000340840 0.000377140 0.000443410 0.000320880 0.000078860 0.000163980 0.000319340 0.000000000 0.000143190 0.000050890 0.000336270 0.000284380 0.000317590 0.000157490 0.000233140 0.000406140 0.000623930 0.000096670 0.000546720 0.000283030 0.000056990 0.000466670 0.000738310 0.000736530 0.000637180 0.000821490 0.000657440 0.000845580 0.000493960 0.000218210 0.000510990 0.000665890 0.000479870 0.000598890 0.000295310 0.000598260 0.000252750 0.000396040 0.000635690 0.000664710 0.000102030 0.000093740 0.000192890 0.000435560 0.000375970 0.000379540 0.000793740 0.000312760 0.000636030 
5     0.000490280 0.000330880 0.000306810 0.000191850 0.000287320 0.000505870 0.000377440 0.000346190 0.000309900 0.000143190 0.000000000 0.000020420 0.000434980 0.000393790 0.000225410 0.000452960 0.000031660 0.000122750 0.000232680 0.000826520 0.000295570 0.000407030 0.000421700 0.000622070 0.000246040 0.000385640 0.000734180 0.000436860 0.000841240 0.000797810 0.000770550 0.000403820 0.000237110 0.000786450 0.000149940 0.000578730 0.000323490 0.000790280 0.000757460 0.000129950 0.000729100 0.000380130 0.000070260 0.000485130 0.000872720 0.000347040 0.000591280 0.000352940 0.000863910 0.000294560 0.000690940 
17     0.000460770 0.000337710 0.000313640 0.000183780 0.000228160 0.000427160 0.000384270 0.000209150 0.000240820 0.000050890 0.000020420 0.000000000 0.000441810 0.000400620 0.000425300 0.000479740 0.000275690 0.000356700 0.000621760 0.000493630 0.000277430 0.000617400 0.000428530 0.000804230 0.000323060 0.000648250 0.000677660 0.000719630 0.000848070 0.000804640 0.000797330 0.000240380 0.000434560 0.000793280 0.000799100 0.000784930 0.000803420 0.000797110 0.000784240 0.000129770 0.000161260 0.000400370 0.000097040 0.000537030 0.000350180 0.000604810 0.000590840 0.000352500 0.000704640 0.000827000 0.000697770 
11     0.000731680 0.000505260 0.000406460 0.000476880 0.000461700 0.000337300 0.000119810 0.000403830 0.000559190 0.000336270 0.000434980 0.000441810 0.000000000 0.000055390 0.000000050 0.000063050 0.000402930 0.000395940 0.000913330 0.000113940 0.000490660 0.000458890 0.000199840 0.000521890 0.000146360 0.000909560 0.000657300 0.000460700 0.000271130 0.000863870 0.000701070 0.000289490 0.000205730 0.000852510 0.000858330 0.000230590 0.000261790 0.000262300 0.000583870 0.000502100 0.000373600 0.000742690 0.000570900 0.000746230 0.000524010 0.000542970 0.000424700 0.000425560 0.000424600 0.000547140 0.000403590 
13     0.000874130 0.000464070 0.000440000 0.000435690 0.000282930 0.000179660 0.000356490 0.000162890 0.000127430 0.000284380 0.000393790 0.000400620 0.000055390 0.000000000 0.000108650 0.000459960 0.000657850 0.000504720 0.000872140 0.000873140 0.000466460 0.000146950 0.000338650 0.000822270 0.000776480 0.000836570 0.000852410 0.000862420 0.000610310 0.000571050 0.000482380 0.000953260 0.000218750 0.000811320 0.000817140 0.000210760 0.000163630 0.000089070 0.000182680 0.000353700 0.000881840 0.000793300 0.000652380 0.000679830 0.000896640 0.000783640 0.000836340 0.000757020 0.000081210 0.000868230 0.000489320 
18     0.000741880 0.000454440 0.000464680 0.000460370 0.000445190 0.000095910 0.000374110 0.000385150 0.000401020 0.000317590 0.000225410 0.000425300 0.000000050 0.000108650 0.000000000 0.000063100 0.000571510 0.000155090 0.000866340 0.000834000 0.000490710 0.000241550 0.000032450 0.000333340 0.000290420 0.000342690 0.000657350 0.000887100 0.000449550 0.000825420 0.000580360 0.000977940 0.000331480 0.000836000 0.000605000 0.000202690 0.000233890 0.000273920 0.000666440 0.000814030 0.000824120 0.000817980 0.000552220 0.000661120 0.000629040 0.000673880 0.000861020 0.000699200 0.000469000 0.000591540 0.000403640 
16     0.000644820 0.000540830 0.000109770 0.000424350 0.000653860 0.000300760 0.000242800 0.000119190 0.000398040 0.000157490 0.000452960 0.000479740 0.000063050 0.000459960 0.000063100 0.000000000 0.000106530 0.000118160 0.000771380 0.000505590 0.000507730 0.000131090 0.000283580 0.000367050 0.000785520 0.000754720 0.000674370 0.000868700 0.000534480 0.000832630 0.000541170 0.000793170 0.000630450 0.000690840 0.000766410 0.000830720 0.000732020 0.000825100 0.000528080 0.000567330 0.000682900 0.000711920 0.000411000 0.000163920 0.000655260 0.000589170 0.000183970 0.000342770 0.000852190 0.000200600 0.000306660 
7     0.000369030 0.000265040 0.000134720 0.000171020 0.000397280 0.000304520 0.000204610 0.000328430 0.000388510 0.000233140 0.000031660 0.000275690 0.000402930 0.000657850 0.000571510 0.000106530 0.000000000 0.000013710 0.000683220 0.000888930 0.000621420 0.000571910 0.000685760 0.000297920 0.000640640 0.000685590 0.000139920 0.000537180 0.000603730 0.000838470 0.000579610 0.000502080 0.000696320 0.000644470 0.000832280 0.000763000 0.000794200 0.000830940 0.000316310 0.000738680 0.000748770 0.000617730 0.000452510 0.000652200 0.000379470 0.000655040 0.000080210 0.000623850 0.000482350 0.000218170 0.000312500 
12     0.000392090 0.000288100 0.000157780 0.000064190 0.000671240 0.000327580 0.000326540 0.000300870 0.000360950 0.000406140 0.000122750 0.000356700 0.000395940 0.000504720 0.000155090 0.000118160 0.000013710 0.000000000 0.000899470 0.000888310 0.000209180 0.000641840 0.000697300 0.000158410 0.000597270 0.000697220 0.000332940 0.000758750 0.000855710 0.000850010 0.000630100 0.000842500 0.000620490 0.000522530 0.000844470 0.000735440 0.000766640 0.000806670 0.000316980 0.000761740 0.000771830 0.000800850 0.000640770 0.000675260 0.000402530 0.000678100 0.000212230 0.000629890 0.000339260 0.000203140 0.000324040 
24     0.000359590 0.000611100 0.000272760 0.000689830 0.000272800 0.000228530 0.000239340 0.000734670 0.000731230 0.000623930 0.000232680 0.000621760 0.000913330 0.000872140 0.000866340 0.000771380 0.000683220 0.000899470 0.000000000 0.000244580 0.000113930 0.000095680 0.000201840 0.000293200 0.000602410 0.000033090 0.000610040 0.000683840 0.000267710 0.000582120 0.000259570 0.000712700 0.000472880 0.000528340 0.000056230 0.000580210 0.000157400 0.000406340 0.000565510 0.000191820 0.000758000 0.000669460 0.000736590 0.000757090 0.000670340 0.000293110 0.000712500 0.000105790 0.000764940 0.000374340 0.000575610 
26     0.000306450 0.000087250 0.000880750 0.000890170 0.000441240 0.000103910 0.000051530 0.000163460 0.000153750 0.000096670 0.000826520 0.000493630 0.000113940 0.000873140 0.000834000 0.000505590 0.000888930 0.000888310 0.000244580 0.000000000 0.000053440 0.000051240 0.000204660 0.000337360 0.000679150 0.000245320 0.000266420 0.000739170 0.000042410 0.000529670 0.000546290 0.000282820 0.000047860 0.000028610 0.000564810 0.000143560 0.000142790 0.000163110 0.000566510 0.000475700 0.000427900 0.000670460 0.000580540 0.000428440 0.000302170 0.000463690 0.000227770 0.000561810 0.000601090 0.000805140 0.000205010 
22     0.000237240 0.000887580 0.000816670 0.000859200 0.000844020 0.000674250 0.000818740 0.000085910 0.000076200 0.000546720 0.000295570 0.000277430 0.000490660 0.000466460 0.000490710 0.000507730 0.000621420 0.000209180 0.000113930 0.000053440 0.000000000 0.000017410 0.000321300 0.000250740 0.000644730 0.000615020 0.000242180 0.000636260 0.000102290 0.000552150 0.000307870 0.000682730 0.000227030 0.000207780 0.000380480 0.000299990 0.000299220 0.000319540 0.000264830 0.000160960 0.000625280 0.000639490 0.000706620 0.000159950 0.000481340 0.000497770 0.000204790 0.000582470 0.000734970 0.000266840 0.000118950 
33     0.000751050 0.000540680 0.000067120 0.000676150 0.000874750 0.000689930 0.000786970 0.000185480 0.000175770 0.000283030 0.000407030 0.000617400 0.000458890 0.000146950 0.000241550 0.000131090 0.000571910 0.000641840 0.000095680 0.000051240 0.000017410 0.000000000 0.000185330 0.000123420 0.000623090 0.000668210 0.000210410 0.000344310 0.000070520 0.000110190 0.000131260 0.000537140 0.000096700 0.000077450 0.000538410 0.000170200 0.000169430 0.000189750 0.000566270 0.000498420 0.000568930 0.000670220 0.000603260 0.000599930 0.000196630 0.000580770 0.000178310 0.000610650 0.000525150 0.000723960 0.000087180 
19     0.000447020 0.000491980 0.000360460 0.000212660 0.000320600 0.000186610 0.000242280 0.000886420 0.000852060 0.000056990 0.000421700 0.000428530 0.000199840 0.000338650 0.000032450 0.000283580 0.000685760 0.000697300 0.000201840 0.000204660 0.000321300 0.000185330 0.000000000 0.000074090 0.000564480 0.000609600 0.000016460 0.000533970 0.000277560 0.000417600 0.000481650 0.000981170 0.000179870 0.000235330 0.000118530 0.000448940 0.000199440 0.000483030 0.000418530 0.000045220 0.000285240 0.000821210 0.000116840 0.000908840 0.000508470 0.000811550 0.000864250 0.000660540 0.000455630 0.000231910 0.000197910 
43     0.000579000 0.000820470 0.000785340 0.000303730 0.000778260 0.000792430 0.000428870 0.000534560 0.000531120 0.000466670 0.000622070 0.000804230 0.000521890 0.000822270 0.000333340 0.000367050 0.000297920 0.000158410 0.000293200 0.000337360 0.000250740 0.000123420 0.000074090 0.000000000 0.000111930 0.000134870 0.000328080 0.000309380 0.000183030 0.000648970 0.000610150 0.000496680 0.000634630 0.000637610 0.000237500 0.000000040 0.000647750 0.000030700 0.000261880 0.000634080 0.000124540 0.000472140 0.000536480 0.000556980 0.000373260 0.000264790 0.000067450 0.000468690 0.000587780 0.000656580 0.000274160 
38     0.000625390 0.000372390 0.000809150 0.000845450 0.000870510 0.000298740 0.000804740 0.000580950 0.000577510 0.000738310 0.000246040 0.000323060 0.000146360 0.000776480 0.000290420 0.000785520 0.000640640 0.000597270 0.000602410 0.000679150 0.000644730 0.000623090 0.000564480 0.000111930 0.000000000 0.000023020 0.000090630 0.000145810 0.000130670 0.000695360 0.000692910 0.000585900 0.000579770 0.000411170 0.000431390 0.000111970 0.000694140 0.000142630 0.000221830 0.000680470 0.000604280 0.000438810 0.000582870 0.000603370 0.000243450 0.000287850 0.000587600 0.000324860 0.000468800 0.000591340 0.000942410 
29     0.000514650 0.000947630 0.000275230 0.000732190 0.000904070 0.000498880 0.000802960 0.000614510 0.000611070 0.000736530 0.000385640 0.000648250 0.000909560 0.000836570 0.000342690 0.000754720 0.000685590 0.000697220 0.000033090 0.000245320 0.000615020 0.000668210 0.000609600 0.000134870 0.000023020 0.000000000 0.000252710 0.000268820 0.000276440 0.000712940 0.000668810 0.000859500 0.000624890 0.000680350 0.000669740 0.000134910 0.000218810 0.000165570 0.000712310 0.000621450 0.000637840 0.000473930 0.000616430 0.000636930 0.000277010 0.000568460 0.000621160 0.000548640 0.000673600 0.000590470 0.000607540 
28     0.000408870 0.000335640 0.000873750 0.000869440 0.000195910 0.000465460 0.000562190 0.000564700 0.000561260 0.000637180 0.000734180 0.000677660 0.000657300 0.000852410 0.000657350 0.000674370 0.000139920 0.000332940 0.000610040 0.000266420 0.000242180 0.000210410 0.000016460 0.000328080 0.000090630 0.000252710 0.000000000 0.000073120 0.000003620 0.000219130 0.000319060 0.000303270 0.000664770 0.000357430 0.000606250 0.000434470 0.000677890 0.000671580 0.000662500 0.000131670 0.000417850 0.000303960 0.000387550 0.000119840 0.000248080 0.000518650 0.000533750 0.000409140 0.000332490 0.000365300 0.000285590 
37     0.000619150 0.000907830 0.000528700 0.000802660 0.000864270 0.000400100 0.000846070 0.000574710 0.000571270 0.000821490 0.000436860 0.000719630 0.000460700 0.000862420 0.000887100 0.000868700 0.000537180 0.000758750 0.000683840 0.000739170 0.000636260 0.000344310 0.000533970 0.000309380 0.000145810 0.000268820 0.000073120 0.000000000 0.000050370 0.000689120 0.000686670 0.000101420 0.000198260 0.000499730 0.000573870 0.000309700 0.000687900 0.000681590 0.000672510 0.000544490 0.000598040 0.000428690 0.000209920 0.000466690 0.000289410 0.000201230 0.000270220 0.000309090 0.000170600 0.000430610 0.000691310 
41     0.000744260 0.000911520 0.000568670 0.000842630 0.000867960 0.000288200 0.000845490 0.000626820 0.000725200 0.000657440 0.000841240 0.000848070 0.000271130 0.000610310 0.000449550 0.000534480 0.000603730 0.000855710 0.000267710 0.000042410 0.000102290 0.000070520 0.000277560 0.000183030 0.000130670 0.000276440 0.000003620 0.000050370 0.000000000 0.000576090 0.000573640 0.000350940 0.000561750 0.000564730 0.000570550 0.000324250 0.000574870 0.000568560 0.000266680 0.000561200 0.000751970 0.000484100 0.000387550 0.000451880 0.000661950 0.000645810 0.000706470 0.000412910 0.000758910 0.000460540 0.000145700 
25     0.000590780 0.000662740 0.000436230 0.000367420 0.000244170 0.000438600 0.000558000 0.000685210 0.000681770 0.000845580 0.000797810 0.000804640 0.000863870 0.000571050 0.000825420 0.000832630 0.000838470 0.000850010 0.000582120 0.000529670 0.000552150 0.000110190 0.000417600 0.000648970 0.000695360 0.000712940 0.000219130 0.000689120 0.000576090 0.000000000 0.000004780 0.000333160 0.000399220 0.000402200 0.000408020 0.000411650 0.000412340 0.000406030 0.000396950 0.000398670 0.000304000 0.000439280 0.000687130 0.000703490 0.000688310 0.000416070 0.000168720 0.000590520 0.000577010 0.000778410 0.000896430 
35     0.000626650 0.000272760 0.000313990 0.000083190 0.000576330 0.000308380 0.000527400 0.000561520 0.000679320 0.000493960 0.000770550 0.000797330 0.000701070 0.000482380 0.000580360 0.000541170 0.000579610 0.000630100 0.000259570 0.000546290 0.000307870 0.000131260 0.000481650 0.000610150 0.000692910 0.000668810 0.000319060 0.000686670 0.000573640 0.000004780 0.000000000 0.000521280 0.000396770 0.000399750 0.000300200 0.000409200 0.000409890 0.000403580 0.000394500 0.000396220 0.000189870 0.000559550 0.000684680 0.000243670 0.000697840 0.000436800 0.000603200 0.000317500 0.000582580 0.000739650 0.000018730 
42     0.000661550 0.000900790 0.000865660 0.000850240 0.000858580 0.000684290 0.000739820 0.000815790 0.000812350 0.000218210 0.000403820 0.000240380 0.000289490 0.000953260 0.000977940 0.000793170 0.000502080 0.000842500 0.000712700 0.000282820 0.000682730 0.000537140 0.000981170 0.000496680 0.000585900 0.000859500 0.000303270 0.000101420 0.000350940 0.000333160 0.000521280 0.000000000 0.000268190 0.000274850 0.000484960 0.000423530 0.000564520 0.000550700 0.000105270 0.000308760 0.000827790 0.000414830 0.000764290 0.000286800 0.000420910 0.000640740 0.000509620 0.000525250 0.000303000 0.000718960 0.001027010 
40     0.000686490 0.000806860 0.000098860 0.000690380 0.000215230 0.000251650 0.000638490 0.000192640 0.000203250 0.000510990 0.000237110 0.000434560 0.000205730 0.000218750 0.000331480 0.000630450 0.000696320 0.000620490 0.000472880 0.000047860 0.000227030 0.000096700 0.000179870 0.000634630 0.000579770 0.000624890 0.000664770 0.000198260 0.000561750 0.000399220 0.000396770 0.000268190 0.000000000 0.000042860 0.000208740 0.000088560 0.000188250 0.000208570 0.000129150 0.000341910 0.000377870 0.000505030 0.000672790 0.000356080 0.000317650 0.000348800 0.000515200 0.000298850 0.000701140 0.000764070 0.000731480 
34     0.000600420 0.000856730 0.000167270 0.000773030 0.000279200 0.000143500 0.000605670 0.000150590 0.000161200 0.000665890 0.000786450 0.000793280 0.000852510 0.000811320 0.000836000 0.000690840 0.000644470 0.000522530 0.000528340 0.000028610 0.000207780 0.000077450 0.000235330 0.000637610 0.000411170 0.000680350 0.000357430 0.000499730 0.000564730 0.000402200 0.000399750 0.000274850 0.000042860 0.000000000 0.000129280 0.000169770 0.000169000 0.000173090 0.000140000 0.000344890 0.000697180 0.000083250 0.000277130 0.000438730 0.000306400 0.000431450 0.000548460 0.000246840 0.000704120 0.000136240 0.000232660 
44     0.000656070 0.000862550 0.000299320 0.000100840 0.000332510 0.000162470 0.000785630 0.000458150 0.000468760 0.000479870 0.000149940 0.000799100 0.000858330 0.000817140 0.000605000 0.000766410 0.000832280 0.000844470 0.000056230 0.000564810 0.000380480 0.000538410 0.000118530 0.000237500 0.000431390 0.000669740 0.000606250 0.000573870 0.000570550 0.000408020 0.000300200 0.000484960 0.000208740 0.000129280 0.000000000 0.000034670 0.000268210 0.000046770 0.000345820 0.000292820 0.000703000 0.000614460 0.000296500 0.000355600 0.000718750 0.000233890 0.000174300 0.000453570 0.000709940 0.000144380 0.000271040 
48     0.000487700 0.000405110 0.000531830 0.000161240 0.000505140 0.000727930 0.000234750 0.000529690 0.000540300 0.000598890 0.000578730 0.000784930 0.000230590 0.000210760 0.000202690 0.000830720 0.000763000 0.000735440 0.000580210 0.000143560 0.000299990 0.000170200 0.000448940 0.000000040 0.000111970 0.000134910 0.000434470 0.000309700 0.000324250 0.000411650 0.000409200 0.000423530 0.000088560 0.000169770 0.000034670 0.000000000 0.000061740 0.000030660 0.000352620 0.000354340 0.000541240 0.000245190 0.000685220 0.000593410 0.000443330 0.000586130 0.000525960 0.000541590 0.000264690 0.000776500 0.000265130 
32     0.000366300 0.000866870 0.000529630 0.000510120 0.000272360 0.000184270 0.000587050 0.000475090 0.000465380 0.000295310 0.000323490 0.000803420 0.000261790 0.000163630 0.000233890 0.000732020 0.000794200 0.000766640 0.000157400 0.000142790 0.000299220 0.000169430 0.000199440 0.000647750 0.000694140 0.000218810 0.000677890 0.000687900 0.000574870 0.000412340 0.000409890 0.000564520 0.000188250 0.000169000 0.000268210 0.000061740 0.000000000 0.000068620 0.000353310 0.000027540 0.000576320 0.000618780 0.000046760 0.000457650 0.000340550 0.000298950 0.000239360 0.000249870 0.000284010 0.000544740 0.000027200 
45     0.000050610 0.000101400 0.000389550 0.000276540 0.000014640 0.000460450 0.000317580 0.000628460 0.000639070 0.000598260 0.000790280 0.000797110 0.000262300 0.000089070 0.000273920 0.000825100 0.000830940 0.000806670 0.000406340 0.000163110 0.000319540 0.000189750 0.000483030 0.000030700 0.000142630 0.000165570 0.000671580 0.000681590 0.000568560 0.000406030 0.000403580 0.000550700 0.000208570 0.000173090 0.000046770 0.000030660 0.000068620 0.000000000 0.000347000 0.000153720 0.000517030 0.000200780 0.000106860 0.000564130 0.000255270 0.000556850 0.000105410 0.000525660 0.000707950 0.000770880 0.000011480 
47     0.000152530 0.000704490 0.000551710 0.000588010 0.000662880 0.000186830 0.000547300 0.000548430 0.000449840 0.000252750 0.000757460 0.000784240 0.000583870 0.000182680 0.000666440 0.000528080 0.000316310 0.000316980 0.000565510 0.000566510 0.000264830 0.000566270 0.000418530 0.000261880 0.000221830 0.000712310 0.000662500 0.000672510 0.000266680 0.000396950 0.000394500 0.000105270 0.000129150 0.000140000 0.000345820 0.000352620 0.000353310 0.000347000 0.000000000 0.000283140 0.000148280 0.000603390 0.000320860 0.000520510 0.000209030 0.000183360 0.000241920 0.000272630 0.000698870 0.000408680 0.000275330 
23     0.000337840 0.000849220 0.000696440 0.000388920 0.000531280 0.000211810 0.000692030 0.000670320 0.000666880 0.000396040 0.000129950 0.000129770 0.000502100 0.000353700 0.000814030 0.000567330 0.000738680 0.000761740 0.000191820 0.000475700 0.000160960 0.000498420 0.000045220 0.000634080 0.000680470 0.000621450 0.000131670 0.000544490 0.000561200 0.000398670 0.000396220 0.000308760 0.000341910 0.000344890 0.000292820 0.000354340 0.000027540 0.000153720 0.000283140 0.000000000 0.000693650 0.000605110 0.000074300 0.000665240 0.000435210 0.000136760 0.000266900 0.000507550 0.000604750 0.000551970 0.000330920 
21     0.000638570 0.000859310 0.000491360 0.000167250 0.000600470 0.000688070 0.000624970 0.000325530 0.000322090 0.000635690 0.000729100 0.000161260 0.000373600 0.000881840 0.000824120 0.000682900 0.000748770 0.000771830 0.000758000 0.000427900 0.000625280 0.000568930 0.000285240 0.000124540 0.000604280 0.000637840 0.000417850 0.000598040 0.000751970 0.000304000 0.000189870 0.000827790 0.000377870 0.000697180 0.000703000 0.000541240 0.000576320 0.000517030 0.000148280 0.000693650 0.000000000 0.000191710 0.000327450 0.000391870 0.000612110 0.000223580 0.000329300 0.000264880 0.000248250 0.000716150 0.000631250 
30     0.000328630 0.000838710 0.000426190 0.000687690 0.000740020 0.000628120 0.000343050 0.000534410 0.000426600 0.000664710 0.000380130 0.000400370 0.000742690 0.000793300 0.000817980 0.000711920 0.000617730 0.000800850 0.000669460 0.000670460 0.000639490 0.000670220 0.000821210 0.000472140 0.000438810 0.000473930 0.000303960 0.000428690 0.000484100 0.000439280 0.000559550 0.000414830 0.000505030 0.000083250 0.000614460 0.000245190 0.000618780 0.000200780 0.000603390 0.000605110 0.000191710 0.000000000 0.000235890 0.000556830 0.000573490 0.000096090 0.000432220 0.000078370 0.000167220 0.000580010 0.000735660 
31     0.000164320 0.000602520 0.000567390 0.000551970 0.000498510 0.000137510 0.000391760 0.000210080 0.000206640 0.000102030 0.000070260 0.000097040 0.000570900 0.000652380 0.000552220 0.000411000 0.000452510 0.000640770 0.000736590 0.000580540 0.000706620 0.000603260 0.000116840 0.000536480 0.000582870 0.000616430 0.000387550 0.000209920 0.000387550 0.000687130 0.000684680 0.000764290 0.000672790 0.000277130 0.000296500 0.000685220 0.000046760 0.000106860 0.000320860 0.000074300 0.000327450 0.000235890 0.000000000 0.000171120 0.000465080 0.000252190 0.000192600 0.000506850 0.000631810 0.000051380 0.000365240 
46     0.000637660 0.000276400 0.000609960 0.000310460 0.000454330 0.000591500 0.000605550 0.000368540 0.000137180 0.000093740 0.000485130 0.000537030 0.000746230 0.000679830 0.000661120 0.000163920 0.000652200 0.000675260 0.000757090 0.000428440 0.000159950 0.000599930 0.000908840 0.000556980 0.000603370 0.000636930 0.000119840 0.000466690 0.000451880 0.000703490 0.000243670 0.000286800 0.000356080 0.000438730 0.000355600 0.000593410 0.000457650 0.000564130 0.000520510 0.000665240 0.000391870 0.000556830 0.000171120 0.000000000 0.000477780 0.000075100 0.000192260 0.000104980 0.000570690 0.000715240 0.000930810 
49     0.000223760 0.000289050 0.000009360 0.000014290 0.000145290 0.000529490 0.000040380 0.000609880 0.000606440 0.000192890 0.000872720 0.000350180 0.000524010 0.000896640 0.000629040 0.000655260 0.000379470 0.000402530 0.000670340 0.000302170 0.000481340 0.000196630 0.000508470 0.000373260 0.000243450 0.000277010 0.000248080 0.000289410 0.000661950 0.000688310 0.000697840 0.000420910 0.000317650 0.000306400 0.000718750 0.000443330 0.000340550 0.000255270 0.000209030 0.000435210 0.000612110 0.000573490 0.000465080 0.000477780 0.000000000 0.000439770 0.000355220 0.000544010 0.000173530 0.000376230 0.000971340 
20     0.000492770 0.000765580 0.000612800 0.000649100 0.000362690 0.000118160 0.000608390 0.000524750 0.000521310 0.000435560 0.000347040 0.000604810 0.000542970 0.000783640 0.000673880 0.000589170 0.000655040 0.000678100 0.000293110 0.000463690 0.000497770 0.000580770 0.000811550 0.000264790 0.000287850 0.000568460 0.000518650 0.000201230 0.000645810 0.000416070 0.000436800 0.000640740 0.000348800 0.000431450 0.000233890 0.000586130 0.000298950 0.000556850 0.000183360 0.000136760 0.000223580 0.000096090 0.000252190 0.000075100 0.000439770 0.000000000 0.000060390 0.000046260 0.000150770 0.000087920 0.000129420 
27     0.000326860 0.000881750 0.000614430 0.000509690 0.000613450 0.000058570 0.000774790 0.000065060 0.000574010 0.000375970 0.000591280 0.000590840 0.000424700 0.000836340 0.000861020 0.000183970 0.000080210 0.000212230 0.000712500 0.000227770 0.000204790 0.000178310 0.000864250 0.000067450 0.000587600 0.000621160 0.000533750 0.000270220 0.000706470 0.000168720 0.000603200 0.000509620 0.000515200 0.000548460 0.000174300 0.000525960 0.000239360 0.000105410 0.000241920 0.000266900 0.000329300 0.000432220 0.000192600 0.000192260 0.000355220 0.000060390 0.000000000 0.000041920 0.000534920 0.000623050 0.000910090 
50     0.000472950 0.000569570 0.000252330 0.000226550 0.000343580 0.000224140 0.000125970 0.000504930 0.000501490 0.000379540 0.000352940 0.000352500 0.000425560 0.000757020 0.000699200 0.000342770 0.000623850 0.000629890 0.000105790 0.000561810 0.000582470 0.000610650 0.000660540 0.000468690 0.000324860 0.000548640 0.000409140 0.000309090 0.000412910 0.000590520 0.000317500 0.000525250 0.000298850 0.000246840 0.000453570 0.000541590 0.000249870 0.000525660 0.000272630 0.000507550 0.000264880 0.000078370 0.000506850 0.000104980 0.000544010 0.000046260 0.000041920 0.000000000 0.000487600 0.000550530 0.000825750 
36     0.000335970 0.000457250 0.000849960 0.000905810 0.000282660 0.000377370 0.000841890 0.000629890 0.000626450 0.000793740 0.000863910 0.000704640 0.000424600 0.000081210 0.000469000 0.000852190 0.000482350 0.000339260 0.000764940 0.000601090 0.000734970 0.000525150 0.000455630 0.000587780 0.000468800 0.000673600 0.000332490 0.000170600 0.000758910 0.000577010 0.000582580 0.000303000 0.000701140 0.000704120 0.000709940 0.000264690 0.000284010 0.000707950 0.000698870 0.000604750 0.000248250 0.000167220 0.000631810 0.000570690 0.000173530 0.000150770 0.000534920 0.000487600 0.000000000 0.000107520 0.000230600 
39     0.000398900 0.000968790 0.000816010 0.000807720 0.000475960 0.000676390 0.000786940 0.000526770 0.000531550 0.000312760 0.000294560 0.000827000 0.000547140 0.000868230 0.000591540 0.000200600 0.000218170 0.000203140 0.000374340 0.000805140 0.000266840 0.000723960 0.000231910 0.000656580 0.000591340 0.000590470 0.000365300 0.000430610 0.000460540 0.000778410 0.000739650 0.000718960 0.000764070 0.000136240 0.000144380 0.000776500 0.000544740 0.000770880 0.000408680 0.000551970 0.000716150 0.000580010 0.000051380 0.000715240 0.000376230 0.000087920 0.000623050 0.000550530 0.000107520 0.000000000 0.000243460 
0     0.000479260 0.000761220 0.000732530 0.000696760 0.000717660 0.000079050 0.000410480 0.000361770 0.000487330 0.000636030 0.000690940 0.000697770 0.000403590 0.000489320 0.000403640 0.000306660 0.000312500 0.000324040 0.000575610 0.000205010 0.000118950 0.000087180 0.000197910 0.000274160 0.000942410 0.000607540 0.000285590 0.000691310 0.000145700 0.000896430 0.000018730 0.001027010 0.000731480 0.000232660 0.000271040 0.000265130 0.000027200 0.000011480 0.000275330 0.000330920 0.000631250 0.000735660 0.000365240 0.000930810 0.000971340 0.000129420 0.000910090 0.000825750 0.000230600 0.000243460 0.000000000 
