51
1     0.000000000 1.845645958 1.823711751 1.850523030 1.783438019 1.843704201 1.554516890 1.440634597 1.630049367 1.710142163 1.856475918 1.560904104 1.705117631 1.625838555 1.754771091 1.654573025 1.578911168 1.684911555 1.593925501 1.529967330 1.488898626 1.567542497 1.361363969 1.381448117 1.404434876 1.579344646 1.565243555 1.548448459 1.560824490 1.563410781 1.520628617 1.522962690 1.522101728 1.720345524 1.672693227 1.489388487 1.647783416 2.192216756 1.536708036 1.699688828 1.730605748 1.581316662 1.687981267 1.744932031 1.839259957 1.843014543 1.745792234 1.692939211 1.669482733 1.885808982 2.986199112 
19     1.845645958 0.000000000 0.198031524 0.451988760 0.368970726 0.435170718 1.624092726 1.510533328 1.693622366 1.778910087 1.919444037 1.623899540 1.768901269 1.688701837 1.818516405 1.718344924 1.641956501 1.750152504 1.659501757 1.594946164 1.562008616 1.636018259 1.604696546 1.626455678 1.649597720 1.825769695 1.810152281 1.792808078 1.803827779 1.806414070 1.763608569 1.765942642 1.762967310 1.959746891 1.912487532 1.727129895 1.886958015 2.428129155 1.774392984 1.932324987 1.963170394 1.814231930 1.920713003 1.977551801 2.072131308 2.075885894 1.979100119 1.926287429 1.902830952 2.118611656 3.226303740 
22     1.823711751 0.198031524 0.000000000 0.425772657 0.345338003 0.410717326 1.602158519 1.488599121 1.671688159 1.756975880 1.897509830 1.601965333 1.746967062 1.666950321 1.796582198 1.696410717 1.620293684 1.728218297 1.637567551 1.573011957 1.540074409 1.614084052 1.582762339 1.604521471 1.627663513 1.803835488 1.788218074 1.770873872 1.781893572 1.784479864 1.741674362 1.744008435 1.741033103 1.937812684 1.890553325 1.705195688 1.865023808 2.406194948 1.752458777 1.910390780 1.941236187 1.792297723 1.898778796 1.955617594 2.050197101 2.053951688 1.957165913 1.904353222 1.880896745 2.096677449 3.204369533 
18     1.850523030 0.451988760 0.425772657 0.000000000 0.345878425 0.422653967 1.629357469 1.515798071 1.698944532 1.784572017 1.924750434 1.629205938 1.774207666 1.694190925 1.823822803 1.723651321 1.647246645 1.755458902 1.664808155 1.600252562 1.567010231 1.640894082 1.609687182 1.631446314 1.654588356 1.830760331 1.815142917 1.797798715 1.808818415 1.811404707 1.768599205 1.770933278 1.767957946 1.964737528 1.917478168 1.732353978 1.891948651 2.433242008 1.779383620 1.937315623 1.968161030 1.819222566 1.925703639 1.982542437 2.077121944 2.080876531 1.984090756 1.931278065 1.907821588 2.123602293 3.231294376 
12     1.783438019 0.368970726 0.345338003 0.345878425 0.000000000 0.358348235 1.562290221 1.448730824 1.631877284 1.717504770 1.857683186 1.562138690 1.707140418 1.627123677 1.756755555 1.656584073 1.580228457 1.688391654 1.597740907 1.533185314 1.499942984 1.573923885 1.542458634 1.564361303 1.587503345 1.763675321 1.748057906 1.730713704 1.741733404 1.744319696 1.701514195 1.703848268 1.700872936 1.897652517 1.850393157 1.665176075 1.824863640 2.366143691 1.712298609 1.870230612 1.901076019 1.752137555 1.858618629 1.915457426 2.010036933 2.013791520 1.917005745 1.864193055 1.840736577 2.056517282 3.164209365 
9     1.843704201 0.435170718 0.410717326 0.422653967 0.358348235 0.000000000 1.621986298 1.508426901 1.691618181 1.777245667 1.917083358 1.621538862 1.766540590 1.686523849 1.816155727 1.715984245 1.639584585 1.747684250 1.656630831 1.592215128 1.560126380 1.634068335 1.602595191 1.624354323 1.647496365 1.823668340 1.808050926 1.790706724 1.801726424 1.804312716 1.761507214 1.763841287 1.760579399 1.957358981 1.910099621 1.724882538 1.884578128 2.426117987 1.772013097 1.929448626 1.960294033 1.811355569 1.917824964 1.974367519 2.069295359 2.073049946 1.976264171 1.923451481 1.899995003 2.115775708 3.224215128 
21     1.554516890 1.624092726 1.602158519 1.629357469 1.562290221 1.621986298 0.000000000 0.473467225 0.933950886 1.016143097 1.220796694 0.926071369 1.071285327 0.990651658 1.120468711 1.018472457 0.945141319 1.045206109 0.954462500 0.889836037 1.173205099 1.251507097 1.299640826 1.319737313 1.342600174 1.517900427 1.503332659 1.484595266 1.496986226 1.499572517 1.456767016 1.459101089 1.467586978 1.665210080 1.618243252 1.435072843 1.590104727 2.131954045 1.469122138 1.632934648 1.662590612 1.514364649 1.621375999 1.677711452 1.772176161 1.775930748 1.679791291 1.627091603 1.603635125 1.819259524 2.926064391 
3     1.440634597 1.510533328 1.488599121 1.515798071 1.448730824 1.508426901 0.473467225 0.000000000 0.823855299 0.904020939 1.109013035 0.814896150 0.959794838 0.879818923 1.009635976 0.907594480 0.833650830 0.933248776 0.844367475 0.779921320 1.060013172 1.138234254 1.185840821 1.205937308 1.229177243 1.404477496 1.389909728 1.371162111 1.383563295 1.386149586 1.343344085 1.345678158 1.354352546 1.551925504 1.504958677 1.321588520 1.477559023 2.019897882 1.356121911 1.518890659 1.549399391 1.400320660 1.507218522 1.563436005 1.658145582 1.661900168 1.565877945 1.513178257 1.489721779 1.705346179 2.812587655 
16     1.630049367 1.693622366 1.671688159 1.698944532 1.631877284 1.691618181 0.933950886 0.823855299 0.000000000 0.903721146 1.304041178 1.008808420 1.157721959 1.074769070 1.206238507 1.105458826 1.031605083 1.130847034 1.039449855 0.974886499 1.240832956 1.320934583 1.373724495 1.393820982 1.416445911 1.591577197 1.577009429 1.558373869 1.570651942 1.573238233 1.530432732 1.532766805 1.543856520 1.741500822 1.694533994 1.511363585 1.667692500 2.210031359 1.545675178 1.703582014 1.734116240 1.585240620 1.692055883 1.748658131 1.843220641 1.846975227 1.750449975 1.697771487 1.674315009 1.889419202 2.997975124 
5     1.710142163 1.778910087 1.756975880 1.784572017 1.717504770 1.777245667 1.016143097 0.904020939 0.903721146 0.000000000 1.389059926 1.093871666 1.242738463 1.159836233 1.291856230 1.190370213 1.117000780 1.215577241 1.125866471 1.061862362 1.330607123 1.410308459 1.455460737 1.475557224 1.498335334 1.673327064 1.658795330 1.639935768 1.650147618 1.652733910 1.609928408 1.612266182 1.624518300 1.822162601 1.775195773 1.592025364 1.748354280 2.290693138 1.626336958 1.788976605 1.819510831 1.670635211 1.777450474 1.833988671 1.928615232 1.932369818 1.835318616 1.783166078 1.759709600 1.975308309 3.082151511 
10     1.856475918 1.919444037 1.897509830 1.924750434 1.857683186 1.917083358 1.220796694 1.109013035 1.304041178 1.389059926 0.000000000 0.565166569 0.904488622 0.833057583 0.960867609 0.857992379 0.782316128 1.078684679 0.991315858 0.924921063 1.473176430 1.550809979 1.601306022 1.621402509 1.644648913 1.818477522 1.804170724 1.786678052 1.798205412 1.800791704 1.757986202 1.760320275 1.769870242 1.968600498 1.921587820 1.738417411 1.894472006 2.436810865 1.772460885 1.928266767 1.958800993 1.809457497 1.916966617 1.974833980 2.068168637 2.071923223 1.973937733 1.923446183 1.899989706 2.115658462 3.227200958 
6     1.560904104 1.623899540 1.601965333 1.629205938 1.562138690 1.621538862 0.926071369 0.814896150 1.008808420 1.093871666 0.565166569 0.000000000 0.607154417 0.534541176 0.660276218 0.559783002 0.482257967 0.787441934 0.697037590 0.630693007 1.178162493 1.254991041 1.305814885 1.325911372 1.349157776 1.522977809 1.508672272 1.491178339 1.502705699 1.505291991 1.462486489 1.464820562 1.475729265 1.673398216 1.626385539 1.443215129 1.599223505 2.141585367 1.477788997 1.632505790 1.663040016 1.513812263 1.621132113 1.678016456 1.772236932 1.775991518 1.677951094 1.627541264 1.604084786 1.819749967 2.931859399 
14     1.705117631 1.768901269 1.746967062 1.774207666 1.707140418 1.766540590 1.071285327 0.959794838 1.157721959 1.242738463 0.904488622 0.607154417 0.000000000 0.465464485 0.603032477 0.501841256 0.414738199 0.936192913 0.846459919 0.779315276 1.321483050 1.399587828 1.451192998 1.471289486 1.494535889 1.668364498 1.654057701 1.636565029 1.647817509 1.650403800 1.607677559 1.610011632 1.621642514 1.819265616 1.772298788 1.589128379 1.745332106 2.287886680 1.623947532 1.779805677 1.810339903 1.661003711 1.768028944 1.825133706 1.919514651 1.923269238 1.825178069 1.774618576 1.751162098 1.966830854 3.073070919 
7     1.625838555 1.688701837 1.666950321 1.694190925 1.627123677 1.686523849 0.990651658 0.879818923 1.074769070 1.159836233 0.833057583 0.534541176 0.465464485 0.000000000 0.480812267 0.373490556 0.308268213 0.854325680 0.761368355 0.697019611 1.242709316 1.320686483 1.371905122 1.392001610 1.415248013 1.589076622 1.574769825 1.557277153 1.568804513 1.571390804 1.528585303 1.530919376 1.542228791 1.739851893 1.692885065 1.509714656 1.665918383 2.208472957 1.544533809 1.700368485 1.730902711 1.581713444 1.688793013 1.745843439 1.840798663 1.844553249 1.744038927 1.695328309 1.671871831 1.887540587 2.993694553 
2     1.754771091 1.818516405 1.796582198 1.823822803 1.756755555 1.816155727 1.120468711 1.009635976 1.206238507 1.291856230 0.960867609 0.660276218 0.603032477 0.480812267 0.000000000 0.379753004 0.385162359 0.987819418 0.893404358 0.826655010 1.372020406 1.450311742 1.499336768 1.519433255 1.542679659 1.716256927 1.701425338 1.684448192 1.695530427 1.698116719 1.655448627 1.657782700 1.668638932 1.866216744 1.819295206 1.635866416 1.792221677 2.334776251 1.670406330 1.826867024 1.857401250 1.708185301 1.815264870 1.873104222 1.966696241 1.970450827 1.870497810 1.821800165 1.798343687 2.014012444 3.122327033 
8     1.654573025 1.718344924 1.696410717 1.723651321 1.656584073 1.715984245 1.018472457 0.907594480 1.105458826 1.190370213 0.857992379 0.559783002 0.501841256 0.373490556 0.379753004 0.000000000 0.280978507 0.886090115 0.792402191 0.727259363 1.271807430 1.349946891 1.400057925 1.420154412 1.443400816 1.617275232 1.602968435 1.585475762 1.596285662 1.598871953 1.556203861 1.558537934 1.569325130 1.766902942 1.719981403 1.536552614 1.692907874 2.235462449 1.571092528 1.727553858 1.758088084 1.608871498 1.715951067 1.773790419 1.867382438 1.871137024 1.771184005 1.722486362 1.699029885 1.914698641 3.022406791 
15     1.578911168 1.641956501 1.620293684 1.647246645 1.580228457 1.639584585 0.945141319 0.833650830 1.031605083 1.117000780 0.782316128 0.482257967 0.414738199 0.308268213 0.385162359 0.280978507 0.000000000 0.810446537 0.720689977 0.656621991 1.195770376 1.273909837 1.324686148 1.344782635 1.368029039 1.541903327 1.527596530 1.510103858 1.520979514 1.523565806 1.480897714 1.483231787 1.495259519 1.692882620 1.645915792 1.462745383 1.618949110 2.161503685 1.497564536 1.653311879 1.683846105 1.534744172 1.641823741 1.698874166 1.793255112 1.797009698 1.697063546 1.648359036 1.624902558 1.840571315 2.946851734 
13     1.684911555 1.750152504 1.728218297 1.755458902 1.688391654 1.747684250 1.045206109 0.933248776 1.130847034 1.215577241 1.078684679 0.787441934 0.936192913 0.854325680 0.987819418 0.886090115 0.810446537 0.000000000 0.799916983 0.737060262 1.302200483 1.378243281 1.430761983 1.450858471 1.474104874 1.648355141 1.634206985 1.616745824 1.627883635 1.630469927 1.587664426 1.589998499 1.598594366 1.796217467 1.749250639 1.566080230 1.719693810 2.263252413 1.600126975 1.757552402 1.788086627 1.639141238 1.746116024 1.802822151 1.897293850 1.901048437 1.802899885 1.752307021 1.728850543 1.944519299 3.056119778 
17     1.593925501 1.659501757 1.637567551 1.664808155 1.597740907 1.656630831 0.954462500 0.844367475 1.039449855 1.125866471 0.991315858 0.697037590 0.846459919 0.761368355 0.893404358 0.792402191 0.720689977 0.799916983 0.000000000 0.365512312 1.210851096 1.288127409 1.339477005 1.359573493 1.382819896 1.557070163 1.542922011 1.525460846 1.536598658 1.539184949 1.496379448 1.498713521 1.507756477 1.705522520 1.656928770 1.473845691 1.629192840 2.171645503 1.508166922 1.664759403 1.695293629 1.545097258 1.653413417 1.709801283 1.804330477 1.808085063 1.711550290 1.659373739 1.635917262 1.851586018 2.962526549 
11     1.529967330 1.594946164 1.573011957 1.600252562 1.533185314 1.592215128 0.889836037 0.779921320 0.974886499 1.061862362 0.924921063 0.630693007 0.779315276 0.697019611 0.826655010 0.727259363 0.656621991 0.737060262 0.365512312 0.000000000 1.145866827 1.223980666 1.275721080 1.295817567 1.319063971 1.493314238 1.479166085 1.461704921 1.472842732 1.475429024 1.432623522 1.434957595 1.444321608 1.641990559 1.593463303 1.410292894 1.565403350 2.107856013 1.444377432 1.600956621 1.631490847 1.481571495 1.589610635 1.645998501 1.740527695 1.744282282 1.647747508 1.595570958 1.572114480 1.787783236 2.898682374 
20     1.488898626 1.562008616 1.540074409 1.567010231 1.499942984 1.560126380 1.173205099 1.060013172 1.240832956 1.330607123 1.473176430 1.178162493 1.321483050 1.242709316 1.372020406 1.271807430 1.195770376 1.302200483 1.210851096 1.145866827 0.000000000 1.079465491 1.240655111 1.260755252 1.283637672 1.458133582 1.442436972 1.425423351 1.439079297 1.441665588 1.398860087 1.401194160 1.407335388 1.603625528 1.556826909 1.373636007 1.531752733 2.074073382 1.409138639 1.569185294 1.600030701 1.450540493 1.557605509 1.613597908 1.707682000 1.711436586 1.615715978 1.562057185 1.538600707 1.755317746 2.865028525 
4     1.567542497 1.636018259 1.614084052 1.640894082 1.573923885 1.634068335 1.251507097 1.138234254 1.320934583 1.410308459 1.550809979 1.254991041 1.399587828 1.320686483 1.450311742 1.349946891 1.273909837 1.378243281 1.288127409 1.223980666 1.079465491 0.000000000 1.312763243 1.332863384 1.355850817 1.529723396 1.515790508 1.495721405 1.509523625 1.512109917 1.469304415 1.471638488 1.485007193 1.682917051 1.635525525 1.451949889 1.609856722 2.152175842 1.487562113 1.644542139 1.675387545 1.526372531 1.633429142 1.689285906 1.784540486 1.788295072 1.691872081 1.638994438 1.615537960 1.831071069 2.941061414 
25     1.361363969 1.604696546 1.582762339 1.609687182 1.542458634 1.602595191 1.299640826 1.185840821 1.373724495 1.455460737 1.601306022 1.305814885 1.451192998 1.371905122 1.499336768 1.400057925 1.324686148 1.430761983 1.339477005 1.275721080 1.240655111 1.312763243 0.000000000 0.104375204 0.303218806 0.747992828 0.735090060 0.717360724 0.724893209 0.726660297 0.681812530 0.684146604 1.046503977 1.241892881 1.194392109 1.009876041 1.174760740 1.717566997 1.056730159 1.226958643 1.258060046 1.108440583 1.215797398 1.269263000 1.368267912 1.372022498 1.274727682 1.221980466 1.198523988 1.413921502 2.546951367 
46     1.381448117 1.626455678 1.604521471 1.631446314 1.564361303 1.624354323 1.319737313 1.205937308 1.393820982 1.475557224 1.621402509 1.325911372 1.471289486 1.392001610 1.519433255 1.420154412 1.344782635 1.450858471 1.359573493 1.295817567 1.260755252 1.332863384 0.104375204 0.000000000 0.322649836 0.766916101 0.754013333 0.736283997 0.743603292 0.745370380 0.700522614 0.702856687 1.066367701 1.261756605 1.214255833 1.029739765 1.194624465 1.737430721 1.076593883 1.246822368 1.277923770 1.128304307 1.235661122 1.289126724 1.388131636 1.391886223 1.294591406 1.241844190 1.218387712 1.433785226 2.566628223 
36     1.404434876 1.649597720 1.627663513 1.654588356 1.587503345 1.647496365 1.342600174 1.229177243 1.416445911 1.498335334 1.644648913 1.349157776 1.494535889 1.415248013 1.542679659 1.443400816 1.368029039 1.474104874 1.382819896 1.319063971 1.283637672 1.355850817 0.303218806 0.322649836 0.000000000 0.787851068 0.775732638 0.757886513 0.764398749 0.766165836 0.721318070 0.723652143 1.090037779 1.285426683 1.237925911 1.053501489 1.218294543 1.761100799 1.100263961 1.269996579 1.301097982 1.151298519 1.258835334 1.312318483 1.411333307 1.415087893 1.317793077 1.265045861 1.241589383 1.456986897 2.589607781 
47     1.579344646 1.825769695 1.803835488 1.830760331 1.763675321 1.823668340 1.517900427 1.404477496 1.591577197 1.673327064 1.818477522 1.522977809 1.668364498 1.589076622 1.716256927 1.617275232 1.541903327 1.648355141 1.557070163 1.493314238 1.458133582 1.529723396 0.747992828 0.766916101 0.787851068 0.000000000 0.706287998 0.697024980 0.863893232 0.866128493 0.821903540 0.824353666 1.266793444 1.461126881 1.414595791 1.230422435 1.394519410 1.937342373 1.271762875 1.440218138 1.471324552 1.321997632 1.429168601 1.482454510 1.581414178 1.585168765 1.487873948 1.435126732 1.411670254 1.626163400 2.765795720 
23     1.565243555 1.810152281 1.788218074 1.815142917 1.748057906 1.808050926 1.503332659 1.389909728 1.577009429 1.658795330 1.804170724 1.508672272 1.654057701 1.574769825 1.701425338 1.602968435 1.527596530 1.634206985 1.542922011 1.479166085 1.442436972 1.515790508 0.735090060 0.754013333 0.775732638 0.706287998 0.000000000 0.682451924 0.853066277 0.855301538 0.811104857 0.813554983 1.253838133 1.448934940 1.401704811 1.217595925 1.382303979 1.925110236 1.259426134 1.427614080 1.458720494 1.309608777 1.416779746 1.469965448 1.569025323 1.572779910 1.475485093 1.422737877 1.399281399 1.614074205 2.753312397 
44     1.548448459 1.792808078 1.770873872 1.797798715 1.730713704 1.790706724 1.484595266 1.371162111 1.558373869 1.639935768 1.786678052 1.491178339 1.636565029 1.557277153 1.684448192 1.585475762 1.510103858 1.616745824 1.525460846 1.461704921 1.425423351 1.495721405 0.717360724 0.736283997 0.757886513 0.697024980 0.682451924 0.000000000 0.829142594 0.831583404 0.787151313 0.789601440 1.235513451 1.430826865 1.383683250 1.199719402 1.363801628 1.906607884 1.241133945 1.410596556 1.441702970 1.292341612 1.399512580 1.452316624 1.551758158 1.555512744 1.458217928 1.405470711 1.382014234 1.597411747 2.735479436 
26     1.560824490 1.803827779 1.781893572 1.808818415 1.741733404 1.801726424 1.496986226 1.383563295 1.570651942 1.650147618 1.798205412 1.502705699 1.647817509 1.568804513 1.695530427 1.596285662 1.520979514 1.627883635 1.536598658 1.472842732 1.439079297 1.509523625 0.724893209 0.743603292 0.764398749 0.863893232 0.853066277 0.829142594 0.000000000 0.194138678 0.283645889 0.281866942 1.245861975 1.441011013 1.393196824 1.209531790 1.374379637 1.917185893 1.253113219 1.424068011 1.455174424 1.305489900 1.412767771 1.466972732 1.565020283 1.568774870 1.471480053 1.418732837 1.395276359 1.609728079 2.743379962 
32     1.563410781 1.806414070 1.784479864 1.811404707 1.744319696 1.804312716 1.499572517 1.386149586 1.573238233 1.652733910 1.800791704 1.505291991 1.650403800 1.571390804 1.698116719 1.598871953 1.523565806 1.630469927 1.539184949 1.475429024 1.441665588 1.512109917 0.726660297 0.745370380 0.766165836 0.866128493 0.855301538 0.831583404 0.194138678 0.000000000 0.285874764 0.285829135 1.248927073 1.444137319 1.396822292 1.212580934 1.377365435 1.920171692 1.256114748 1.426876829 1.457983243 1.308298718 1.415576589 1.469781550 1.567829102 1.571583688 1.474288872 1.421541655 1.398085178 1.612536897 2.745946669 
24     1.520628617 1.763608569 1.741674362 1.768599205 1.701514195 1.761507214 1.456767016 1.343344085 1.530432732 1.609928408 1.757986202 1.462486489 1.607677559 1.528585303 1.655448627 1.556203861 1.480897714 1.587664426 1.496379448 1.432623522 1.398860087 1.469304415 0.681812530 0.700522614 0.721318070 0.821903540 0.811104857 0.787151313 0.283645889 0.285874764 0.000000000 0.106705909 1.205414094 1.400624340 1.353309313 1.169067955 1.333852456 1.876658713 1.212601769 1.383363850 1.414470264 1.264785739 1.372063611 1.426268571 1.524316123 1.528070709 1.430775893 1.378028677 1.354572199 1.569023918 2.703125161 
50     1.522962690 1.765942642 1.744008435 1.770933278 1.703848268 1.763841287 1.459101089 1.345678158 1.532766805 1.612266182 1.760320275 1.464820562 1.610011632 1.530919376 1.657782700 1.558537934 1.483231787 1.589998499 1.498713521 1.434957595 1.401194160 1.471638488 0.684146604 0.702856687 0.723652143 0.824353666 0.813554983 0.789601440 0.281866942 0.285829135 0.106705909 0.000000000 1.207748167 1.402958414 1.355643386 1.171402028 1.336186529 1.878992786 1.214935842 1.385697923 1.416804337 1.267119812 1.374397684 1.428602645 1.526650196 1.530404783 1.433109966 1.380362750 1.356906272 1.571357991 2.705459234 
33     1.522101728 1.762967310 1.741033103 1.767957946 1.700872936 1.760579399 1.467586978 1.354352546 1.543856520 1.624518300 1.769870242 1.475729265 1.621642514 1.542228791 1.668638932 1.569325130 1.495259519 1.598594366 1.507756477 1.444321608 1.407335388 1.485007193 1.046503977 1.066367701 1.090037779 1.266793444 1.253838133 1.235513451 1.245861975 1.248927073 1.205414094 1.207748167 0.000000000 0.767680421 0.717465246 0.534740277 0.887920634 1.428882604 0.782856281 1.136178269 1.166856344 1.018240741 1.125126993 1.182780052 1.273519057 1.277274603 1.181335374 1.127500260 1.104043783 1.320962199 2.720390451 
42     1.720345524 1.959746891 1.937812684 1.964737528 1.897652517 1.957358981 1.665210080 1.551925504 1.741500822 1.822162601 1.968600498 1.673398216 1.819265616 1.739851893 1.866216744 1.766902942 1.692882620 1.796217467 1.705522520 1.641990559 1.603625528 1.682917051 1.241892881 1.261756605 1.285426683 1.461126881 1.448934940 1.430826865 1.441011013 1.444137319 1.400624340 1.402958414 0.767680421 0.000000000 0.704865226 0.695232564 1.091907626 1.633327857 0.987052422 1.335273556 1.365951631 1.217056889 1.324208654 1.381861713 1.473199636 1.476955182 1.381146438 1.326829575 1.303373097 1.520415869 2.913650586 
41     1.672693227 1.912487532 1.890553325 1.917478168 1.850393157 1.910099621 1.618243252 1.504958677 1.694533994 1.775195773 1.921587820 1.626385539 1.772298788 1.692885065 1.819295206 1.719981403 1.645915792 1.749250639 1.656928770 1.593463303 1.556826909 1.635525525 1.194392109 1.214255833 1.237925911 1.414595791 1.401704811 1.383683250 1.393196824 1.396822292 1.353309313 1.355643386 0.717465246 0.704865226 0.000000000 0.638662686 1.039554348 1.580172462 0.935683495 1.286520479 1.317198553 1.168357119 1.275622672 1.333275731 1.424057986 1.427813532 1.332004788 1.277925346 1.254468868 1.471449013 2.865839360 
37     1.489388487 1.727129895 1.705195688 1.732353978 1.665176075 1.724882538 1.435072843 1.321588520 1.511363585 1.592025364 1.738417411 1.443215129 1.589128379 1.509714656 1.635866416 1.536552614 1.462745383 1.566080230 1.473845691 1.410292894 1.373636007 1.451949889 1.009876041 1.029739765 1.053501489 1.230422435 1.217595925 1.199719402 1.209531790 1.212580934 1.169067955 1.171402028 0.534740277 0.695232564 0.638662686 0.000000000 0.856527247 1.397641758 0.751161559 1.103037895 1.133715969 0.984874535 1.091841125 1.149494184 1.239933201 1.243688748 1.148438858 1.094359416 1.070902939 1.287883083 2.682583680 
27     1.647783416 1.886958015 1.865023808 1.891948651 1.824863640 1.884578128 1.590104727 1.477559023 1.667692500 1.748354280 1.894472006 1.599223505 1.745332106 1.665918383 1.792221677 1.692907874 1.618949110 1.719693810 1.629192840 1.565403350 1.531752733 1.609856722 1.174760740 1.194624465 1.218294543 1.394519410 1.382303979 1.363801628 1.374379637 1.377365435 1.333852456 1.336186529 0.887920634 1.091907626 1.039554348 0.856527247 0.000000000 1.039849955 0.794414642 1.259874277 1.290552352 1.141515233 1.247344985 1.304936437 1.398324859 1.402148115 1.305161349 1.252864557 1.229408079 1.446244886 2.841737627 
38     2.192216756 2.428129155 2.406194948 2.433242008 2.366143691 2.426117987 2.131954045 2.019897882 2.210031359 2.290693138 2.436810865 2.141585367 2.287886680 2.208472957 2.334776251 2.235462449 2.161503685 2.263252413 2.171645503 2.107856013 2.074073382 2.152175842 1.717566997 1.737430721 1.761100799 1.937342373 1.925110236 1.906607884 1.917185893 1.920171692 1.876658713 1.878992786 1.428882604 1.633327857 1.580172462 1.397641758 1.039849955 0.000000000 1.335990320 1.800562885 1.831240960 1.682203841 1.788033593 1.845625045 1.938158800 1.941906011 1.844851246 1.792614114 1.769157636 1.986216528 3.385255778 
45     1.536708036 1.774392984 1.752458777 1.779383620 1.712298609 1.772013097 1.469122138 1.356121911 1.545675178 1.626336958 1.772460885 1.477788997 1.623947532 1.544533809 1.670406330 1.571092528 1.497564536 1.600126975 1.508166922 1.444377432 1.409138639 1.487562113 1.056730159 1.076593883 1.100263961 1.271762875 1.259426134 1.241133945 1.253113219 1.256114748 1.212601769 1.214935842 0.782856281 0.987052422 0.935683495 0.751161559 0.794414642 1.335990320 0.000000000 1.139700028 1.170378103 1.021496209 1.127170736 1.184762189 1.275773733 1.279596989 1.183927807 1.129822492 1.106366014 1.323934534 2.734125394 
39     1.699688828 1.932324987 1.910390780 1.937315623 1.870230612 1.929448626 1.632934648 1.518890659 1.703582014 1.788976605 1.928266767 1.632505790 1.779805677 1.700368485 1.826867024 1.727553858 1.653311879 1.757552402 1.664759403 1.600956621 1.569185294 1.644542139 1.226958643 1.246822368 1.269996579 1.440218138 1.427614080 1.410596556 1.424068011 1.426876829 1.383363850 1.385697923 1.136178269 1.335273556 1.286520479 1.103037895 1.259874277 1.800562885 1.139700028 0.000000000 0.253553459 0.281138847 0.404818087 0.467366440 0.761066405 0.764564400 0.662243048 0.611991885 0.588489663 0.806041426 2.895626297 
29     1.730605748 1.963170394 1.941236187 1.968161030 1.901076019 1.960294033 1.662590612 1.549399391 1.734116240 1.819510831 1.958800993 1.663040016 1.810339903 1.730902711 1.857401250 1.758088084 1.683846105 1.788086627 1.695293629 1.631490847 1.600030701 1.675387545 1.258060046 1.277923770 1.301097982 1.471324552 1.458720494 1.441702970 1.455174424 1.457983243 1.414470264 1.416804337 1.166856344 1.365951631 1.317198553 1.133715969 1.290552352 1.831240960 1.170378103 0.253553459 0.000000000 0.314075252 0.437596622 0.500138614 0.793559341 0.797057336 0.694829059 0.644484821 0.620982599 0.838627438 2.930450966 
34     1.581316662 1.814231930 1.792297723 1.819222566 1.752137555 1.811355569 1.514364649 1.400320660 1.585240620 1.670635211 1.809457497 1.513812263 1.661003711 1.581713444 1.708185301 1.608871498 1.534744172 1.639141238 1.545097258 1.481571495 1.450540493 1.526372531 1.108440583 1.128304307 1.151298519 1.321997632 1.309608777 1.292341612 1.305489900 1.308298718 1.264785739 1.267119812 1.018240741 1.217056889 1.168357119 0.984874535 1.141515233 1.682203841 1.021496209 0.281138847 0.314075252 0.000000000 0.287522444 0.347069220 0.643656342 0.647154337 0.544984738 0.494722340 0.471220118 0.688214920 2.781162103 
28     1.687981267 1.920713003 1.898778796 1.925703639 1.858618629 1.917824964 1.621375999 1.507218522 1.692055883 1.777450474 1.916966617 1.621132113 1.768028944 1.688793013 1.815264870 1.715951067 1.641823741 1.746116024 1.653413417 1.589610635 1.557605509 1.633429142 1.215797398 1.235661122 1.258835334 1.429168601 1.416779746 1.399512580 1.412767771 1.415576589 1.372063611 1.374397684 1.125126993 1.324208654 1.275622672 1.091841125 1.247344985 1.788033593 1.127170736 0.404818087 0.437596622 0.287522444 0.000000000 0.403919908 0.748285022 0.751783018 0.649364372 0.599251186 0.575754471 0.791975537 2.887853354 
35     1.744932031 1.977551801 1.955617594 1.982542437 1.915457426 1.974367519 1.677711452 1.563436005 1.748658131 1.833988671 1.974833980 1.678016456 1.825133706 1.745843439 1.873104222 1.773790419 1.698874166 1.802822151 1.709801283 1.645998501 1.613597908 1.689285906 1.269263000 1.289126724 1.312318483 1.482454510 1.469965448 1.452316624 1.466972732 1.469781550 1.426268571 1.428602645 1.182780052 1.381861713 1.333275731 1.149494184 1.304936437 1.845625045 1.184762189 0.467366440 0.500138614 0.347069220 0.403919908 0.000000000 0.807316307 0.810814302 0.708649566 0.657857272 0.634355051 0.852966391 2.943489701 
40     1.839259957 2.072131308 2.050197101 2.077121944 2.010036933 2.069295359 1.772176161 1.658145582 1.843220641 1.928615232 2.068168637 1.772236932 1.919514651 1.840798663 1.966696241 1.867382438 1.793255112 1.897293850 1.804330477 1.740527695 1.707682000 1.784540486 1.368267912 1.388131636 1.411333307 1.581414178 1.569025323 1.551758158 1.565020283 1.567829102 1.524316123 1.526650196 1.273519057 1.473199636 1.424057986 1.239933201 1.398324859 1.938158800 1.275773733 0.761066405 0.793559341 0.643656342 0.748285022 0.807316307 0.000000000 0.202552191 0.536606430 0.492479177 0.470123931 0.808811591 3.038910145 
49     1.843014543 2.075885894 2.053951688 2.080876531 2.013791520 2.073049946 1.775930748 1.661900168 1.846975227 1.932369818 2.071923223 1.775991518 1.923269238 1.844553249 1.970450827 1.871137024 1.797009698 1.901048437 1.808085063 1.744282282 1.711436586 1.788295072 1.372022498 1.391886223 1.415087893 1.585168765 1.572779910 1.555512744 1.568774870 1.571583688 1.528070709 1.530404783 1.277274603 1.476955182 1.427813532 1.243688748 1.402148115 1.941906011 1.279596989 0.764564400 0.797057336 0.647154337 0.751783018 0.810814302 0.202552191 0.000000000 0.541836640 0.496259104 0.473923456 0.813624790 3.042664731 
31     1.745792234 1.979100119 1.957165913 1.984090756 1.917005745 1.976264171 1.679791291 1.565877945 1.750449975 1.835318616 1.973937733 1.677951094 1.825178069 1.744038927 1.870497810 1.771184005 1.697063546 1.802899885 1.711550290 1.647747508 1.615715978 1.691872081 1.274727682 1.294591406 1.317793077 1.487873948 1.475485093 1.458217928 1.471480053 1.474288872 1.430775893 1.433109966 1.181335374 1.381146438 1.332004788 1.148438858 1.305161349 1.844851246 1.183927807 0.662243048 0.694829059 0.544984738 0.649364372 0.708649566 0.536606430 0.541836640 0.000000000 0.380500803 0.355189642 0.710228703 2.945077953 
43     1.692939211 1.926287429 1.904353222 1.931278065 1.864193055 1.923451481 1.627091603 1.513178257 1.697771487 1.783166078 1.923446183 1.627541264 1.774618576 1.695328309 1.821800165 1.722486362 1.648359036 1.752307021 1.659373739 1.595570958 1.562057185 1.638994438 1.221980466 1.241844190 1.265045861 1.435126732 1.422737877 1.405470711 1.418732837 1.421541655 1.378028677 1.380362750 1.127500260 1.326829575 1.277925346 1.094359416 1.252864557 1.792614114 1.129822492 0.611991885 0.644484821 0.494722340 0.599251186 0.657857272 0.492479177 0.496259104 0.380500803 0.000000000 0.150979592 0.652259715 2.892346567 
48     1.669482733 1.902830952 1.880896745 1.907821588 1.840736577 1.899995003 1.603635125 1.489721779 1.674315009 1.759709600 1.899989706 1.604084786 1.751162098 1.671871831 1.798343687 1.699029885 1.624902558 1.728850543 1.635917262 1.572114480 1.538600707 1.615537960 1.198523988 1.218387712 1.241589383 1.411670254 1.399281399 1.382014234 1.395276359 1.398085178 1.354572199 1.356906272 1.104043783 1.303373097 1.254468868 1.070902939 1.229408079 1.769157636 1.106366014 0.588489663 0.620982599 0.471220118 0.575754471 0.634355051 0.470123931 0.473923456 0.355189642 0.150979592 0.000000000 0.628842358 2.868890089 
30     1.885808982 2.118611656 2.096677449 2.123602293 2.056517282 2.115775708 1.819259524 1.705346179 1.889419202 1.975308309 2.115658462 1.819749967 1.966830854 1.887540587 2.014012444 1.914698641 1.840571315 1.944519299 1.851586018 1.787783236 1.755317746 1.831071069 1.413921502 1.433785226 1.456986897 1.626163400 1.614074205 1.597411747 1.609728079 1.612536897 1.569023918 1.571357991 1.320962199 1.520415869 1.471449013 1.287883083 1.446244886 1.986216528 1.323934534 0.806041426 0.838627438 0.688214920 0.791975537 0.852966391 0.808811591 0.813624790 0.710228703 0.652259715 0.628842358 0.000000000 3.085340343 
0     2.986199112 3.226303740 3.204369533 3.231294376 3.164209365 3.224215128 2.926064391 2.812587655 2.997975124 3.082151511 3.227200958 2.931859399 3.073070919 2.993694553 3.122327033 3.022406791 2.946851734 3.056119778 2.962526549 2.898682374 2.865028525 2.941061414 2.546951367 2.566628223 2.589607781 2.765795720 2.753312397 2.735479436 2.743379962 2.745946669 2.703125161 2.705459234 2.720390451 2.913650586 2.865839360 2.682583680 2.841737627 3.385255778 2.734125394 2.895626297 2.930450966 2.781162103 2.887853354 2.943489701 3.038910145 3.042664731 2.945077953 2.892346567 2.868890089 3.085340343 0.000000000 
