51
1     0.000000000 0.085715070 0.184301850 0.034211740 0.083573610 0.046702180 0.099422230 0.096039040 0.150747910 0.201165140 0.300703350 0.244094500 0.303596750 0.187993380 0.173013580 0.299966900 0.135329850 0.120064750 0.177408840 0.149368370 0.066472510 0.026149150 0.153959910 0.011141240 0.008296170 0.050170750 0.034942410 0.046966980 0.079359880 0.077711010 0.125802020 0.067277160 0.056490810 0.116594440 0.106735700 0.099343750 0.032083370 0.043353080 0.040911610 0.124431320 0.128922860 0.020767300 0.057511590 0.056678450 0.114280620 0.210032820 0.049524190 0.043610930 0.043953160 0.011779590 0.037841100 
19     0.085715070 0.000000000 0.002007550 0.020737800 0.006359480 0.003305820 0.227158860 0.194267750 0.206723730 0.205321020 0.208935020 0.227105330 0.217039350 0.137317790 0.305877260 0.198877190 0.035185110 0.250833040 0.261653670 0.232548440 0.092586810 0.098995940 0.246347060 0.351401320 0.200470920 0.270093090 0.207896310 0.216092470 0.288829320 0.415672230 0.359491240 0.348378890 0.239103290 0.324602140 0.205099370 0.202470470 0.231210500 0.079215680 0.077319550 0.273201050 0.326544530 0.209002850 0.382411900 0.167936410 0.292097690 0.314720930 0.143801880 0.161718460 0.229204750 0.153539370 0.569524980 
22     0.184301850 0.002007550 0.000000000 0.000174610 0.010823210 0.001497180 0.095647240 0.198101750 0.154002570 0.199012310 0.206030910 0.164342540 0.214999710 0.126871390 0.238300610 0.195652630 0.121828840 0.071035920 0.258749560 0.234040990 0.088151290 0.095771380 0.243442950 0.300075050 0.197566810 0.291237920 0.301206350 0.213188360 0.285925210 0.408617290 0.342053160 0.332246840 0.235965080 0.325983740 0.201961160 0.199332260 0.237109770 0.075410230 0.074415440 0.270296940 0.323640420 0.206098740 0.379273690 0.165032300 0.306392920 0.311816820 0.140897770 0.158814350 0.226300640 0.150635260 0.334607540 
18     0.034211740 0.020737800 0.000174610 0.000000000 0.000543650 0.001433690 0.153625310 0.109575900 0.169338370 0.285511600 0.085733230 0.098659930 0.088593950 0.197201120 0.257410760 0.258941790 0.131519890 0.122387640 0.323788250 0.184081940 0.064320320 0.021553890 0.217305430 0.226972680 0.212668860 0.221626590 0.159429810 0.244858060 0.372176240 0.417323050 0.358196870 0.348390550 0.234816490 0.196156740 0.225250790 0.185308160 0.057334490 0.068604200 0.066162730 0.321255480 0.298570920 0.177364990 0.243721350 0.342527570 0.243631190 0.264913350 0.258890050 0.388844480 0.262625360 0.183008700 0.432786870 
12     0.083573610 0.006359480 0.010823210 0.000543650 0.000000000 0.000552410 0.102216010 0.160251260 0.121357080 0.185587480 0.178148310 0.169962540 0.182354220 0.201674680 0.223124440 0.215089790 0.087519300 0.145839210 0.261816550 0.237107980 0.068720500 0.080071610 0.064800080 0.283458210 0.200633800 0.273005210 0.224733130 0.216255350 0.288992200 0.259293310 0.379447040 0.341136010 0.267139890 0.315636930 0.233135970 0.230507070 0.169769770 0.163356950 0.077482430 0.273363930 0.326707410 0.209165730 0.356156630 0.168099290 0.308934510 0.314883810 0.143964760 0.161881340 0.229367630 0.153702250 0.317990700 
9     0.046702180 0.003305820 0.001497180 0.001433690 0.000552410 0.000000000 0.077410080 0.176634100 0.093039050 0.226195870 0.153342380 0.141644510 0.154036190 0.198160390 0.198318510 0.186771760 0.032160620 0.158132760 0.264441660 0.211053390 0.085103340 0.034044330 0.208504200 0.211970460 0.190982210 0.245077270 0.197781660 0.257348500 0.331130150 0.399272900 0.251015260 0.206431010 0.232032120 0.337659640 0.198028200 0.195399300 0.069824930 0.081094640 0.078653170 0.304939460 0.311061360 0.215716840 0.256211790 0.228324480 0.274161950 0.277403790 0.217383530 0.247829760 0.275115800 0.221360550 0.290568070 
21     0.099422230 0.227158860 0.095647240 0.153625310 0.102216010 0.077410080 0.000000000 0.000103580 0.022499890 0.022928160 0.078855460 0.081859430 0.094326140 0.087189450 0.123831590 0.145764960 0.082146900 0.031353980 0.061732520 0.029749470 0.085983210 0.016225750 0.081236950 0.164607080 0.141640130 0.205418170 0.077788680 0.270914420 0.208439030 0.269990830 0.266252290 0.211537200 0.184910910 0.257091110 0.256679640 0.081271120 0.079585000 0.079536870 0.075915970 0.270055390 0.085418520 0.278869370 0.262201740 0.114632000 0.290088090 0.286243070 0.327444360 0.289862660 0.287696930 0.102104450 0.260966890 
3     0.096039040 0.194267750 0.198101750 0.109575900 0.160251260 0.176634100 0.000103580 0.000000000 0.045827660 0.028813940 0.091174050 0.104100750 0.094034770 0.087624050 0.072644250 0.125492960 0.011916960 0.082017150 0.124739990 0.099409110 0.096812580 0.069404610 0.080476540 0.139618180 0.177489700 0.158674840 0.077028270 0.164567500 0.259306420 0.251848140 0.234306110 0.175781250 0.185011910 0.197254680 0.189443710 0.080510710 0.078824590 0.078776460 0.060658320 0.205091560 0.209583100 0.136403820 0.110823250 0.137338690 0.222796390 0.353437200 0.158039960 0.152126700 0.152468930 0.101344040 0.118501340 
16     0.150747910 0.206723730 0.154002570 0.169338370 0.121357080 0.093039050 0.022499890 0.045827660 0.000000000 0.024424570 0.098517550 0.101521520 0.124444180 0.086141070 0.071161270 0.112947320 0.080416760 0.080534170 0.147994530 0.097926130 0.172891860 0.035887840 0.148921650 0.295368220 0.245934810 0.221987940 0.145473380 0.244755900 0.285983360 0.332036540 0.314494510 0.255969650 0.211254930 0.272804170 0.247603710 0.148955820 0.147269700 0.147221570 0.143600670 0.217360770 0.220202940 0.250150390 0.228120130 0.213046540 0.302973110 0.363787400 0.238216680 0.232303420 0.232645650 0.069728980 0.263312370 
5     0.201165140 0.205321020 0.199012310 0.285511600 0.185587480 0.226195870 0.022928160 0.028813940 0.024424570 0.000000000 0.168823320 0.163514170 0.204900710 0.167632010 0.289411620 0.142108600 0.174660750 0.064084290 0.136318220 0.152895500 0.113563300 0.145982680 0.209378640 0.175672660 0.214126910 0.214703660 0.199672280 0.354548410 0.237397070 0.296958380 0.322814660 0.269412230 0.163102560 0.366628770 0.339713180 0.244597610 0.194931350 0.379778800 0.198736640 0.324713980 0.327556150 0.357503600 0.335473340 0.320399750 0.376196560 0.372351540 0.413552830 0.344521250 0.346135780 0.471612630 0.151069980 
10     0.300703350 0.208935020 0.206030910 0.085733230 0.178148310 0.153342380 0.078855460 0.091174050 0.098517550 0.168823320 0.000000000 0.002969080 0.010036380 0.072697300 0.030274780 0.064942550 0.031131810 0.064822710 0.081327330 0.040655130 0.111554660 0.070357210 0.210347720 0.220014970 0.217085750 0.293842250 0.293506800 0.352326870 0.292736610 0.361822220 0.350549870 0.295834780 0.283109240 0.189199030 0.218293080 0.199707780 0.288170300 0.383588760 0.131284090 0.289215080 0.292057250 0.177073850 0.299974440 0.284900850 0.196290810 0.172683570 0.328953380 0.309022350 0.310636880 0.338690870 0.324367290 
6     0.244094500 0.227105330 0.164342540 0.098659930 0.169962540 0.141644510 0.081859430 0.104100750 0.101521520 0.163514170 0.002969080 0.000000000 0.022963080 0.019655900 0.093367480 0.083343290 0.015813030 0.034256760 0.112821660 0.095489790 0.163017370 0.054284150 0.223274420 0.232941670 0.230012450 0.305664950 0.278261990 0.350448680 0.331971470 0.440483910 0.389784730 0.335069640 0.277102830 0.202125730 0.231219780 0.206275220 0.325901440 0.498342100 0.096743280 0.245639700 0.355545380 0.111931430 0.374678350 0.309562260 0.162140300 0.138533060 0.155939500 0.221016710 0.241610000 0.370546860 0.439120630 
14     0.303596750 0.217039350 0.214999710 0.088593950 0.182354220 0.154036190 0.094326140 0.094034770 0.124444180 0.204900710 0.010036380 0.022963080 0.000000000 0.003360360 0.019521670 0.003421440 0.005524530 0.079908530 0.039222630 0.006030570 0.157443610 0.073217930 0.213208440 0.222875690 0.219946470 0.362359030 0.296367520 0.364180040 0.372097220 0.385345340 0.409573060 0.394854090 0.315207870 0.192059750 0.221153800 0.202568500 0.315835460 0.417787850 0.284935750 0.346289170 0.345479400 0.311030320 0.375308890 0.377403730 0.264389150 0.240781910 0.386121140 0.445312880 0.451150880 0.360480880 0.358566380 
7     0.187993380 0.137317790 0.126871390 0.197201120 0.201674680 0.198160390 0.087189450 0.087624050 0.086141070 0.167632010 0.072697300 0.019655900 0.003360360 0.000000000 0.013588090 0.003045020 0.002498430 0.028184550 0.096228640 0.117245540 0.210137330 0.101607000 0.181289490 0.327736060 0.278302650 0.315288720 0.177841220 0.388744420 0.294971870 0.370043370 0.352785130 0.298070040 0.316339680 0.300666920 0.329760970 0.181323660 0.179637540 0.179589410 0.175968510 0.210480370 0.224631680 0.329604790 0.348734580 0.330539660 0.376620930 0.372775910 0.126634760 0.377654670 0.374229770 0.202156990 0.311702310 
2     0.173013580 0.305877260 0.238300610 0.257410760 0.223124440 0.198318510 0.123831590 0.072644250 0.071161270 0.289411620 0.030274780 0.093367480 0.019521670 0.013588090 0.000000000 0.010569870 0.001593450 0.042590720 0.101045640 0.102477780 0.195157530 0.137134180 0.165496490 0.311943060 0.262509650 0.277963500 0.015842670 0.351352170 0.257646650 0.307894770 0.315459910 0.260744820 0.279014460 0.350098030 0.290272960 0.165530660 0.163844540 0.163796410 0.160175510 0.339151380 0.365054850 0.352965410 0.311409360 0.361642580 0.339295710 0.335450690 0.110297810 0.338911370 0.336904550 0.186363990 0.403596970 
8     0.299966900 0.198877190 0.195652630 0.258941790 0.215089790 0.186771760 0.145764960 0.125492960 0.112947320 0.142108600 0.064942550 0.083343290 0.003421440 0.003045020 0.010569870 0.000000000 0.000006460 0.044627620 0.107155760 0.088352510 0.240544080 0.108207250 0.312348490 0.350089960 0.288116770 0.356238490 0.339776290 0.428798250 0.196473060 0.175530410 0.351030080 0.327447370 0.238034900 0.269872280 0.210047210 0.062722410 0.341218740 0.279039740 0.227724750 0.256454010 0.270605320 0.340331680 0.389684350 0.341266550 0.362075040 0.338467800 0.079169400 0.406100830 0.407715360 0.384526110 0.310690910 
15     0.135329850 0.035185110 0.121828840 0.131519890 0.087519300 0.032160620 0.082146900 0.011916960 0.080416760 0.174660750 0.031131810 0.015813030 0.005524530 0.002498430 0.001593450 0.000006460 0.000000000 0.057043200 0.087164760 0.062456190 0.117392090 0.116143870 0.256134380 0.254279670 0.228860730 0.168964080 0.196703600 0.174856740 0.167841430 0.146898780 0.244595350 0.186070490 0.214105930 0.234985690 0.245478350 0.245494440 0.276612170 0.368152660 0.227552190 0.075474150 0.089625460 0.326833670 0.176316600 0.327768540 0.233085630 0.228965400 0.041489030 0.162415940 0.162758170 0.130584600 0.292132730 
13     0.120064750 0.250833040 0.071035920 0.122387640 0.145839210 0.158132760 0.031353980 0.082017150 0.080534170 0.064084290 0.064822710 0.034256760 0.079908530 0.028184550 0.042590720 0.044627620 0.057043200 0.000000000 0.035255980 0.051293620 0.191237300 0.107011620 0.243037240 0.246289530 0.253104400 0.288057430 0.291877370 0.224969470 0.350888740 0.344774520 0.272135380 0.321748540 0.212542050 0.221280390 0.213469420 0.204029700 0.113225300 0.201748520 0.228937200 0.229117270 0.233608810 0.160429530 0.226775960 0.161364400 0.464460210 0.372408030 0.387114860 0.363642680 0.354202490 0.227875490 0.142527050 
17     0.177408840 0.261653670 0.258749560 0.323788250 0.261816550 0.264441660 0.061732520 0.124739990 0.147994530 0.136318220 0.081327330 0.112821660 0.039222630 0.096228640 0.101045640 0.107155760 0.087164760 0.035255980 0.000000000 0.000087400 0.136012660 0.164317740 0.311925390 0.330718210 0.310448490 0.296123820 0.349221460 0.310202540 0.413167960 0.399830400 0.329479470 0.387973810 0.099379580 0.278624480 0.081859810 0.261373790 0.275842140 0.259092610 0.275560040 0.286461360 0.290952900 0.148907950 0.284120050 0.218708490 0.476740230 0.434902800 0.381672030 0.399588610 0.411546580 0.285219580 0.199871140 
11     0.149368370 0.232548440 0.234040990 0.184081940 0.237107980 0.211053390 0.029749470 0.099409110 0.097926130 0.152895500 0.040655130 0.095489790 0.006030570 0.117245540 0.102477780 0.088352510 0.062456190 0.051293620 0.000087400 0.000000000 0.139564740 0.137287810 0.295704190 0.287007120 0.265270440 0.297829330 0.321180990 0.308462780 0.277512480 0.387421760 0.301439000 0.280610650 0.241845670 0.250584010 0.242773040 0.233333320 0.247801670 0.231052140 0.271161800 0.258420890 0.262912430 0.189733150 0.117113380 0.085100970 0.317520550 0.330995040 0.225847060 0.335826380 0.309309590 0.198557060 0.171830670 
20     0.066472510 0.092586810 0.088151290 0.064320320 0.068720500 0.085103340 0.085983210 0.096812580 0.172891860 0.113563300 0.111554660 0.163017370 0.157443610 0.210137330 0.195157530 0.240544080 0.117392090 0.191237300 0.136012660 0.139564740 0.000000000 0.022890110 0.069127070 0.172913980 0.151925730 0.206020790 0.060905200 0.176805530 0.263002060 0.257880950 0.211958780 0.167374530 0.244710910 0.270610240 0.277865410 0.069161240 0.067475120 0.067426990 0.063806090 0.293513260 0.298004800 0.222558530 0.228927580 0.225760390 0.293932280 0.296712620 0.178327050 0.208773280 0.243272130 0.089994570 0.206923040 
4     0.026149150 0.098995940 0.095771380 0.021553890 0.080071610 0.034044330 0.016225750 0.069404610 0.035887840 0.145982680 0.070357210 0.054284150 0.073217930 0.101607000 0.137134180 0.108207250 0.116143870 0.107011620 0.164317740 0.137287810 0.022890110 0.000000000 0.032599860 0.179046430 0.129613020 0.209338530 0.029151590 0.215714360 0.226474850 0.221353740 0.182619560 0.199502470 0.154010770 0.152994240 0.154938140 0.032634030 0.030947910 0.030899780 0.027278880 0.170585990 0.175077530 0.101898250 0.168244680 0.102833120 0.253608920 0.256850760 0.266808440 0.224518630 0.226133160 0.053467360 0.083995770 
25     0.153959910 0.246347060 0.243442950 0.217305430 0.064800080 0.208504200 0.081236950 0.080476540 0.148921650 0.209378640 0.210347720 0.223274420 0.213208440 0.181289490 0.165496490 0.312348490 0.256134380 0.243037240 0.311925390 0.295704190 0.069127070 0.032599860 0.000000000 0.000632360 0.000146030 0.116391440 0.008988810 0.072270770 0.066325910 0.119354880 0.123913350 0.081720700 0.208947430 0.184743250 0.160772160 0.014177530 0.012491410 0.012443280 0.018550700 0.157403080 0.214785810 0.076174940 0.204510420 0.161326930 0.261279450 0.308958060 0.183857770 0.190609760 0.190951990 0.035010860 0.133914540 
46     0.011141240 0.351401320 0.300075050 0.226972680 0.283458210 0.211970460 0.164607080 0.139618180 0.295368220 0.175672660 0.220014970 0.232941670 0.222875690 0.327736060 0.311943060 0.350089960 0.254279670 0.246289530 0.330718210 0.287007120 0.172913980 0.179046430 0.000632360 0.000000000 0.002931410 0.107673360 0.115493260 0.049635800 0.082028700 0.080379830 0.096502820 0.065695400 0.059744610 0.128556190 0.109989500 0.080291900 0.076235900 0.109047810 0.058929820 0.177695710 0.235078440 0.024021100 0.176473090 0.238041590 0.232381890 0.213286620 0.067979590 0.162572430 0.074828490 0.130741090 0.158582790 
36     0.008296170 0.200470920 0.197566810 0.212668860 0.200633800 0.190982210 0.141640130 0.177489700 0.245934810 0.214126910 0.217085750 0.230012450 0.219946470 0.278302650 0.262509650 0.288116770 0.228860730 0.253104400 0.310448490 0.265270440 0.151925730 0.129613020 0.000146030 0.002931410 0.000000000 0.050155970 0.057975870 0.034151770 0.062652620 0.071105100 0.074209820 0.056109070 0.056899540 0.125711120 0.107144430 0.111190690 0.073390830 0.106202740 0.056084750 0.170000090 0.122937340 0.021176030 0.151054150 0.148030760 0.199607990 0.197201640 0.065134520 0.137153490 0.071983420 0.105322150 0.120618370 
47     0.050170750 0.270093090 0.291237920 0.221626590 0.273005210 0.245077270 0.205418170 0.158674840 0.221987940 0.214703660 0.293842250 0.305664950 0.362359030 0.315288720 0.277963500 0.356238490 0.168964080 0.288057430 0.296123820 0.297829330 0.206020790 0.209338530 0.116391440 0.107673360 0.050155970 0.000000000 0.004773620 0.005528870 0.064363490 0.024851370 0.078495430 0.019970570 0.109914500 0.184850710 0.160319250 0.106579410 0.179891090 0.228142390 0.219172830 0.180935870 0.183778040 0.084606960 0.091157500 0.176621640 0.112030510 0.109624160 0.083170100 0.077256840 0.077599070 0.045425500 0.160345880 
23     0.034942410 0.207896310 0.301206350 0.159429810 0.224733130 0.197781660 0.077788680 0.077028270 0.145473380 0.199672280 0.293506800 0.278261990 0.296367520 0.177841220 0.015842670 0.339776290 0.196703600 0.291877370 0.349221460 0.321180990 0.060905200 0.029151590 0.008988810 0.115493260 0.057975870 0.004773620 0.000000000 0.004574330 0.046010330 0.070503930 0.086423610 0.047710090 0.156686350 0.246719720 0.188058770 0.010729260 0.009043140 0.008995010 0.015102430 0.228037600 0.237035820 0.022410180 0.118897020 0.186803730 0.056253540 0.053847190 0.037243640 0.049638560 0.040645220 0.028053890 0.159391340 
44     0.046966980 0.216092470 0.213188360 0.244858060 0.216255350 0.257348500 0.270914420 0.164567500 0.244755900 0.354548410 0.352326870 0.350448680 0.364180040 0.388744420 0.351352170 0.428798250 0.174856740 0.224969470 0.310202540 0.308462780 0.176805530 0.215714360 0.072270770 0.049635800 0.034151770 0.005528870 0.004574330 0.000000000 0.089027460 0.025258350 0.076779460 0.023177180 0.095570350 0.164381930 0.145815240 0.098304000 0.112061640 0.144873550 0.094755560 0.249991450 0.254482990 0.059846840 0.097050160 0.157499940 0.064403150 0.061996800 0.045393250 0.057788170 0.048794830 0.051318160 0.154826190 
26     0.079359880 0.288829320 0.285925210 0.372176240 0.288992200 0.331130150 0.208439030 0.259306420 0.285983360 0.237397070 0.292736610 0.331971470 0.372097220 0.294971870 0.257646650 0.196473060 0.167841430 0.350888740 0.413167960 0.277512480 0.263002060 0.226474850 0.066325910 0.082028700 0.062652620 0.064363490 0.046010330 0.089027460 0.000000000 0.000093650 0.008100640 0.013438140 0.114971040 0.196774830 0.018481080 0.111635950 0.125103600 0.177266450 0.127148460 0.289159770 0.315063240 0.092239740 0.236307680 0.322005090 0.176636350 0.174230000 0.136198230 0.170021370 0.143047130 0.190575680 0.247845150 
32     0.077711010 0.415672230 0.408617290 0.417323050 0.259293310 0.399272900 0.269990830 0.251848140 0.332036540 0.296958380 0.361822220 0.440483910 0.385345340 0.370043370 0.307894770 0.175530410 0.146898780 0.344774520 0.399830400 0.387421760 0.257880950 0.221353740 0.119354880 0.080379830 0.071105100 0.024851370 0.070503930 0.025258350 0.000093650 0.000000000 0.006502740 0.016103050 0.121634420 0.195125960 0.176559270 0.118299330 0.142805670 0.175617580 0.125499590 0.365185210 0.336596720 0.090590870 0.184330800 0.353329900 0.241099830 0.279856390 0.134549360 0.170430140 0.141398260 0.138598800 0.225958050 
24     0.125802020 0.359491240 0.342053160 0.358196870 0.379447040 0.251015260 0.266252290 0.234306110 0.314494510 0.322814660 0.350549870 0.389784730 0.409573060 0.352785130 0.315459910 0.351030080 0.244595350 0.272135380 0.329479470 0.301439000 0.211958780 0.182619560 0.123913350 0.096502820 0.074209820 0.078495430 0.086423610 0.076779460 0.008100640 0.006502740 0.000000000 0.000538750 0.204578100 0.226977730 0.219166760 0.209727040 0.224195390 0.207445860 0.259718760 0.234814610 0.239306150 0.166126870 0.166788770 0.167061740 0.188193550 0.185787200 0.158801370 0.152888110 0.153230340 0.121056770 0.139649350 
50     0.067277160 0.348378890 0.332246840 0.348390550 0.341136010 0.206431010 0.211537200 0.175781250 0.255969650 0.269412230 0.295834780 0.335069640 0.394854090 0.298070040 0.260744820 0.327447370 0.186070490 0.321748540 0.387973810 0.280610650 0.167374530 0.199502470 0.081720700 0.065695400 0.056109070 0.019970570 0.047710090 0.023177180 0.013438140 0.016103050 0.000538750 0.000000000 0.146053240 0.243938810 0.177425660 0.239521210 0.216050310 0.275442130 0.221417870 0.292257940 0.307302420 0.234123140 0.108263910 0.235058010 0.165032940 0.230563800 0.100276510 0.094363250 0.094705480 0.062531910 0.207645620 
33     0.056490810 0.239103290 0.235965080 0.234816490 0.267139890 0.232032120 0.184910910 0.185011910 0.211254930 0.163102560 0.283109240 0.277102830 0.315207870 0.316339680 0.279014460 0.238034900 0.214105930 0.212542050 0.099379580 0.241845670 0.244710910 0.154010770 0.208947430 0.059744610 0.056899540 0.109914500 0.156686350 0.095570350 0.114971040 0.121634420 0.204578100 0.146053240 0.000000000 0.031117540 0.023306570 0.003335110 0.018020770 0.050832680 0.003129370 0.146746960 0.151238500 0.067350290 0.130325990 0.078994090 0.187095020 0.160089020 0.111308780 0.116425330 0.116767560 0.084593990 0.088631060 
42     0.116594440 0.324602140 0.325983740 0.196156740 0.315636930 0.337659640 0.257091110 0.197254680 0.272804170 0.366628770 0.189199030 0.202125730 0.192059750 0.300666920 0.350098030 0.269872280 0.234985690 0.221280390 0.278624480 0.250584010 0.270610240 0.152994240 0.184743250 0.128556190 0.125711120 0.184850710 0.246719720 0.164381930 0.196774830 0.195125960 0.226977730 0.243938810 0.031117540 0.000000000 0.008730210 0.017586270 0.022628150 0.096703590 0.071940950 0.155485300 0.159976840 0.086797560 0.153143990 0.087732430 0.263613490 0.278899120 0.180120360 0.190115030 0.186969260 0.154243520 0.097369400 
41     0.106735700 0.205099370 0.201961160 0.225250790 0.233135970 0.198028200 0.256679640 0.189443710 0.247603710 0.339713180 0.218293080 0.231219780 0.221153800 0.329760970 0.290272960 0.210047210 0.245478350 0.213469420 0.081859810 0.242773040 0.277865410 0.154938140 0.160772160 0.109989500 0.107144430 0.160319250 0.188058770 0.145815240 0.018481080 0.176559270 0.219166760 0.177425660 0.023306570 0.008730210 0.000000000 0.009417100 0.068265660 0.101077570 0.053374260 0.147674330 0.152165870 0.078986590 0.145333020 0.079921460 0.218467440 0.229507900 0.153711010 0.147797750 0.148139980 0.115966410 0.089558430 
37     0.099343750 0.202470470 0.199332260 0.185308160 0.230507070 0.195399300 0.081271120 0.080510710 0.148955820 0.244597610 0.199707780 0.206275220 0.202568500 0.181323660 0.165530660 0.062722410 0.245494440 0.204029700 0.261373790 0.233333320 0.069161240 0.032634030 0.014177530 0.080291900 0.111190690 0.106579410 0.010729260 0.098304000 0.111635950 0.118299330 0.209727040 0.239521210 0.003335110 0.017586270 0.009417100 0.000000000 0.001793300 0.001745170 0.018584870 0.105257440 0.142726150 0.069546870 0.076968300 0.070481740 0.187297650 0.221513560 0.194708160 0.171188760 0.124099720 0.024395870 0.080118710 
27     0.032083370 0.231210500 0.237109770 0.057334490 0.169769770 0.069824930 0.079585000 0.078824590 0.147269700 0.194931350 0.288170300 0.325901440 0.315835460 0.179637540 0.163844540 0.341218740 0.276612170 0.113225300 0.275842140 0.247801670 0.067475120 0.030947910 0.012491410 0.076235900 0.073390830 0.179891090 0.009043140 0.112061640 0.125103600 0.142805670 0.224195390 0.216050310 0.018020770 0.022628150 0.068265660 0.001793300 0.000000000 0.000058850 0.010165360 0.152702960 0.157194500 0.083841580 0.150361650 0.084950090 0.221458840 0.217613820 0.127800070 0.195034370 0.134648970 0.022709750 0.094587060 
38     0.043353080 0.079215680 0.075410230 0.068604200 0.163356950 0.081094640 0.079536870 0.078776460 0.147221570 0.379778800 0.383588760 0.498342100 0.417787850 0.179589410 0.163796410 0.279039740 0.368152660 0.201748520 0.259092610 0.231052140 0.067426990 0.030899780 0.012443280 0.109047810 0.106202740 0.228142390 0.008995010 0.144873550 0.177266450 0.175617580 0.207445860 0.275442130 0.050832680 0.096703590 0.101077570 0.001745170 0.000058850 0.000000000 0.013881770 0.135953430 0.140444970 0.067265690 0.133612120 0.068200560 0.250479950 0.230595410 0.160611980 0.246034550 0.167460880 0.022661620 0.077837530 
45     0.040911610 0.077319550 0.074415440 0.066162730 0.077482430 0.078653170 0.075915970 0.060658320 0.143600670 0.198736640 0.131284090 0.096743280 0.284935750 0.175968510 0.160175510 0.227724750 0.227552190 0.228937200 0.275560040 0.271161800 0.063806090 0.027278880 0.018550700 0.058929820 0.056084750 0.219172830 0.015102430 0.094755560 0.127148460 0.125499590 0.259718760 0.221417870 0.003129370 0.071940950 0.053374260 0.018584870 0.010165360 0.013881770 0.000000000 0.101240420 0.160192450 0.066535500 0.072951280 0.080471400 0.132227520 0.174381010 0.074070750 0.091987330 0.114685200 0.039418200 0.150325980 
39     0.124431320 0.273201050 0.270296940 0.321255480 0.273363930 0.304939460 0.270055390 0.205091560 0.217360770 0.324713980 0.289215080 0.245639700 0.346289170 0.210480370 0.339151380 0.256454010 0.075474150 0.229117270 0.286461360 0.258420890 0.293513260 0.170585990 0.157403080 0.177695710 0.170000090 0.180935870 0.228037600 0.249991450 0.289159770 0.365185210 0.234814610 0.292257940 0.146746960 0.155485300 0.147674330 0.105257440 0.152702960 0.135953430 0.101240420 0.000000000 0.000029320 0.021032370 0.033440520 0.028473870 0.094210430 0.096427290 0.113991350 0.061595270 0.063209800 0.073219100 0.105206280 
29     0.128922860 0.326544530 0.323640420 0.298570920 0.326707410 0.311061360 0.085418520 0.209583100 0.220202940 0.327556150 0.292057250 0.355545380 0.345479400 0.224631680 0.365054850 0.270605320 0.089625460 0.233608810 0.290952900 0.262912430 0.298004800 0.175077530 0.214785810 0.235078440 0.122937340 0.183778040 0.237035820 0.254482990 0.315063240 0.336596720 0.239306150 0.307302420 0.151238500 0.159976840 0.152165870 0.142726150 0.157194500 0.140444970 0.160192450 0.000029320 0.000000000 0.004460640 0.004493920 0.018686300 0.062381210 0.064598070 0.120985010 0.064437440 0.066051970 0.041389880 0.109697820 
34     0.020767300 0.209002850 0.206098740 0.177364990 0.209165730 0.215716840 0.278869370 0.136403820 0.250150390 0.357503600 0.177073850 0.111931430 0.311030320 0.329604790 0.352965410 0.340331680 0.326833670 0.160429530 0.148907950 0.189733150 0.222558530 0.101898250 0.076174940 0.024021100 0.021176030 0.084606960 0.022410180 0.059846840 0.092239740 0.090590870 0.166126870 0.234123140 0.067350290 0.086797560 0.078986590 0.069546870 0.083841580 0.067265690 0.066535500 0.021032370 0.004460640 0.000000000 0.000103940 0.004664450 0.060612390 0.062829250 0.066422600 0.067201980 0.060910400 0.023440950 0.036518540 
28     0.057511590 0.382411900 0.379273690 0.243721350 0.356156630 0.256211790 0.262201740 0.110823250 0.228120130 0.335473340 0.299974440 0.374678350 0.375308890 0.348734580 0.311409360 0.389684350 0.176316600 0.226775960 0.284120050 0.117113380 0.228927580 0.168244680 0.204510420 0.176473090 0.151054150 0.091157500 0.118897020 0.097050160 0.236307680 0.184330800 0.166788770 0.108263910 0.130325990 0.153143990 0.145333020 0.076968300 0.150361650 0.133612120 0.072951280 0.033440520 0.004493920 0.000103940 0.000000000 0.015569980 0.022451640 0.025693480 0.035406750 0.066737580 0.023405490 0.023644290 0.102864970 
35     0.056678450 0.167936410 0.165032300 0.342527570 0.168099290 0.228324480 0.114632000 0.137338690 0.213046540 0.320399750 0.284900850 0.309562260 0.377403730 0.330539660 0.361642580 0.341266550 0.327768540 0.161364400 0.218708490 0.085100970 0.225760390 0.102833120 0.161326930 0.238041590 0.148030760 0.176621640 0.186803730 0.157499940 0.322005090 0.353329900 0.167061740 0.235058010 0.078994090 0.087732430 0.079921460 0.070481740 0.084950090 0.068200560 0.080471400 0.028473870 0.018686300 0.004664450 0.015569980 0.000000000 0.078193000 0.119876550 0.071166090 0.042494710 0.033196890 0.040904890 0.037453410 
40     0.114280620 0.292097690 0.306392920 0.243631190 0.308934510 0.274161950 0.290088090 0.222796390 0.302973110 0.376196560 0.196290810 0.162140300 0.264389150 0.376620930 0.339295710 0.362075040 0.233085630 0.464460210 0.476740230 0.317520550 0.293932280 0.253608920 0.261279450 0.232381890 0.199607990 0.112030510 0.056253540 0.064403150 0.176636350 0.241099830 0.188193550 0.165032940 0.187095020 0.263613490 0.218467440 0.187297650 0.221458840 0.250479950 0.132227520 0.094210430 0.062381210 0.060612390 0.022451640 0.078193000 0.000000000 0.000499050 0.020771620 0.032925780 0.002187390 0.027603710 0.270742860 
49     0.210032820 0.314720930 0.311816820 0.264913350 0.314883810 0.277403790 0.286243070 0.353437200 0.363787400 0.372351540 0.172683570 0.138533060 0.240781910 0.372775910 0.335450690 0.338467800 0.228965400 0.372408030 0.434902800 0.330995040 0.296712620 0.256850760 0.308958060 0.213286620 0.197201640 0.109624160 0.053847190 0.061996800 0.174230000 0.279856390 0.185787200 0.230563800 0.160089020 0.278899120 0.229507900 0.221513560 0.217613820 0.230595410 0.174381010 0.096427290 0.064598070 0.062829250 0.025693480 0.119876550 0.000499050 0.000000000 0.018365270 0.030519430 0.005429230 0.028142080 0.401383670 
31     0.049524190 0.143801880 0.140897770 0.258890050 0.143964760 0.217383530 0.327444360 0.158039960 0.238216680 0.413552830 0.328953380 0.155939500 0.386121140 0.126634760 0.110297810 0.079169400 0.041489030 0.387114860 0.381672030 0.225847060 0.178327050 0.266808440 0.183857770 0.067979590 0.065134520 0.083170100 0.037243640 0.045393250 0.136198230 0.134549360 0.158801370 0.100276510 0.111308780 0.180120360 0.153711010 0.194708160 0.127800070 0.160611980 0.074070750 0.113991350 0.120985010 0.066422600 0.035406750 0.071166090 0.020771620 0.018365270 0.000000000 0.014156640 0.005163300 0.029226360 0.205986430 
43     0.043610930 0.161718460 0.158814350 0.388844480 0.161881340 0.247829760 0.289862660 0.152126700 0.232303420 0.344521250 0.309022350 0.221016710 0.445312880 0.377654670 0.338911370 0.406100830 0.162415940 0.363642680 0.399588610 0.335826380 0.208773280 0.224518630 0.190609760 0.162572430 0.137153490 0.077256840 0.049638560 0.057788170 0.170021370 0.170430140 0.152888110 0.094363250 0.116425330 0.190115030 0.147797750 0.171188760 0.195034370 0.246034550 0.091987330 0.061595270 0.064437440 0.067201980 0.066737580 0.042494710 0.032925780 0.030519430 0.014156640 0.000000000 0.001812770 0.031933700 0.200073170 
48     0.043953160 0.229204750 0.226300640 0.262625360 0.229367630 0.275115800 0.287696930 0.152468930 0.232645650 0.346135780 0.310636880 0.241610000 0.451150880 0.374229770 0.336904550 0.407715360 0.162758170 0.354202490 0.411546580 0.309309590 0.243272130 0.226133160 0.190951990 0.074828490 0.071983420 0.077599070 0.040645220 0.048794830 0.143047130 0.141398260 0.153230340 0.094705480 0.116767560 0.186969260 0.148139980 0.124099720 0.134648970 0.167460880 0.114685200 0.063209800 0.066051970 0.060910400 0.023405490 0.033196890 0.002187390 0.005429230 0.005163300 0.001812770 0.000000000 0.028557560 0.200415400 
30     0.011779590 0.153539370 0.150635260 0.183008700 0.153702250 0.221360550 0.102104450 0.101344040 0.069728980 0.471612630 0.338690870 0.370546860 0.360480880 0.202156990 0.186363990 0.384526110 0.130584600 0.227875490 0.285219580 0.198557060 0.089994570 0.053467360 0.035010860 0.130741090 0.105322150 0.045425500 0.028053890 0.051318160 0.190575680 0.138598800 0.121056770 0.062531910 0.084593990 0.154243520 0.115966410 0.024395870 0.022709750 0.022661620 0.039418200 0.073219100 0.041389880 0.023440950 0.023644290 0.040904890 0.027603710 0.028142080 0.029226360 0.031933700 0.028557560 0.000000000 0.103964500 
0     0.037841100 0.569524980 0.334607540 0.432786870 0.317990700 0.290568070 0.260966890 0.118501340 0.263312370 0.151069980 0.324367290 0.439120630 0.358566380 0.311702310 0.403596970 0.310690910 0.292132730 0.142527050 0.199871140 0.171830670 0.206923040 0.083995770 0.133914540 0.158582790 0.120618370 0.160345880 0.159391340 0.154826190 0.247845150 0.225958050 0.139649350 0.207645620 0.088631060 0.097369400 0.089558430 0.080118710 0.094587060 0.077837530 0.150325980 0.105206280 0.109697820 0.036518540 0.102864970 0.037453410 0.270742860 0.401383670 0.205986430 0.200073170 0.200415400 0.103964500 0.000000000 
