51
48     0.000000000 0.449247009 1.324699196 1.302336377 0.611266934 0.459084907 0.408582292 0.462028761 0.420964552 0.372193290 0.655573248 0.657486203 1.118593091 0.888292889 0.667066975 0.674102708 0.667966713 0.659198792 0.697117314 1.692188190 1.702995409 1.696691786 1.445285987 1.147941814 1.139011078 1.616132427 0.770142072 1.624530128 1.314327969 0.780508662 0.810306325 0.914688708 1.164949453 0.911737112 0.826019847 0.592868870 0.535458504 0.606766579 0.696125995 0.739744829 0.735263868 0.549360842 0.566627905 1.454857241 2.111555225 2.106794310 1.539646726 1.480906541 1.544320191 1.140835626 1.610254540 
15     0.449247009 0.000000000 1.237173155 1.215035525 0.526671744 0.374668083 0.325411155 0.378876087 0.339582936 0.290900991 0.572476863 0.574389818 1.035496707 0.805196505 0.583970591 0.591006324 0.584870329 0.576102408 0.613905240 1.608976116 1.619783336 1.613479712 1.362073913 1.064729741 1.055799005 1.532920354 0.686929999 1.541318055 1.231115895 0.697296588 0.727094252 0.831452951 1.081713696 0.828501354 0.742784090 0.509633112 0.452222747 0.523530821 0.612890237 0.656509072 0.652028111 0.466125085 0.483392148 1.371621483 2.028319467 2.023558553 1.456410968 1.397670784 1.461084433 1.057508162 1.526953781 
41     1.324699196 1.237173155 0.000000000 0.690146316 1.405521437 1.253563511 1.203002383 1.256582551 1.215154693 1.166422131 1.449208576 1.451121531 1.912228419 1.681928217 1.460702303 1.467738036 1.461602041 1.452834120 1.490577082 2.485647958 2.496455178 2.490151554 2.238745755 1.941401583 1.932470846 2.409592196 1.563601841 2.417989896 2.107787737 1.573968430 1.603766094 1.708148476 1.958409221 1.705196880 1.619479616 1.386328638 1.328918272 1.400226347 1.489585763 1.533204597 1.528723637 1.342820611 1.360087674 2.248317009 2.905014993 2.900254079 2.333106494 2.274366310 2.337779959 1.934311615 2.403714308 
33     1.302336377 1.215035525 0.690146316 0.000000000 1.383416744 1.231458818 1.180897690 1.234477858 1.192677561 1.143944999 1.426981145 1.428894100 1.890000989 1.659700787 1.438474873 1.445510606 1.439374611 1.430606690 1.468349652 2.463420528 2.474227747 2.467924123 2.216518324 1.919174152 1.910243416 2.387364765 1.541374410 2.395762466 2.085560307 1.551741000 1.581538663 1.685921046 1.936181791 1.682969450 1.597252185 1.364101207 1.306690842 1.377998917 1.467358332 1.510977167 1.506496206 1.320593180 1.337860243 2.226089579 2.882787563 2.878026648 2.310879064 2.252138879 2.315552529 1.912084184 2.381486878 
49     0.611266934 0.526671744 1.405521437 1.383416744 0.000000000 0.452677915 0.419988564 0.472933720 0.488215522 0.439591895 0.719719646 0.721632600 1.182739489 0.952439287 0.731213373 0.738249106 0.732113111 0.723345190 0.761308352 1.756379228 1.767186448 1.760882824 1.509477025 1.212132853 1.203202117 1.680100611 0.834110256 1.688498312 1.378296153 0.844476846 0.874274510 0.978866484 1.229127229 0.975914887 0.890197623 0.657046645 0.599636280 0.670944354 0.760303770 0.803922605 0.799441644 0.613538618 0.630805681 1.519048279 2.175746263 2.170985349 1.603837764 1.545097580 1.608511229 1.205263034 1.674450671 
4     0.459084907 0.374668083 1.253563511 1.231458818 0.452677915 0.000000000 0.268404090 0.321653039 0.335923586 0.287299959 0.567737893 0.569650848 1.030757737 0.800457535 0.579231621 0.586267354 0.580131359 0.571363438 0.609324118 1.604394995 1.615202214 1.608898590 1.357492791 1.060148619 1.051217883 1.528116378 0.682126022 1.536514078 1.226311919 0.692492612 0.722290276 0.826882250 1.077142995 0.823930654 0.738213389 0.505062411 0.447652046 0.518960120 0.608319536 0.651938371 0.647457410 0.461554384 0.478821447 1.367064045 2.023762029 2.019001115 1.451853530 1.393113346 1.456526995 1.053278800 1.522466437 
19     0.408582292 0.325411155 1.203002383 1.180897690 0.419988564 0.268404090 0.000000000 0.128024574 0.285842029 0.237218401 0.517582798 0.519495753 0.980602641 0.750302439 0.529076525 0.536112258 0.529976263 0.521208342 0.559169023 1.554239899 1.565047118 1.558743495 1.307337696 1.009993523 1.001062787 1.477961282 0.631970927 1.486358983 1.176156823 0.642337516 0.672135180 0.776727154 1.026987899 0.773775558 0.688058294 0.454907316 0.397496950 0.468805025 0.558164441 0.601783275 0.597302314 0.411399288 0.428666351 1.316908950 1.973606934 1.968846019 1.401698435 1.342958250 1.406371900 1.003123704 1.472311342 
1     0.462028761 0.378876087 1.256582551 1.234477858 0.472933720 0.321653039 0.128024574 0.000000000 0.339300442 0.290676814 0.571071752 0.572984707 1.034091595 0.803791393 0.582565479 0.589601212 0.583465217 0.574697296 0.612657977 1.607728853 1.618536072 1.612232449 1.360826650 1.063482477 1.054551741 1.531450236 0.685459881 1.539847937 1.229645777 0.695826470 0.725624134 0.830216108 1.080476853 0.827264512 0.741547248 0.508396270 0.450985904 0.522293979 0.611653395 0.655272229 0.650791268 0.464888242 0.482155305 1.370397904 2.027095888 2.022334973 1.455187389 1.396447204 1.459860854 1.056612658 1.525800296 
7     0.420964552 0.339582936 1.215154693 1.192677561 0.488215522 0.335923586 0.285842029 0.339300442 0.000000000 0.096997386 0.524189658 0.526102612 0.987209501 0.756909299 0.535683385 0.542719118 0.536583123 0.527815202 0.566033169 1.561104045 1.571911265 1.565607641 1.314201842 1.016857670 1.007926933 1.485010471 0.639020116 1.493408172 1.183206013 0.649386706 0.679184369 0.783216862 1.033477607 0.780265266 0.694511682 0.461360704 0.403950338 0.475258413 0.564617829 0.608236663 0.603755702 0.417852676 0.435119739 1.323362338 1.980060322 1.975299407 1.408151823 1.349411638 1.412825288 1.009661060 1.479039439 
46     0.372193290 0.290900991 1.166422131 1.143944999 0.439591895 0.287299959 0.237218401 0.290676814 0.096997386 0.000000000 0.475546211 0.477459166 0.938566055 0.708265853 0.487039938 0.494075671 0.487939677 0.479171756 0.517389723 1.512460599 1.523267818 1.516964195 1.265558396 0.968214223 0.959283487 1.436367025 0.590376670 1.444764726 1.134562566 0.600743259 0.630540923 0.734573416 0.984834161 0.731621820 0.645868235 0.412717257 0.355306892 0.426614966 0.515974382 0.559593217 0.555112256 0.369209230 0.386476293 1.274718891 1.931416875 1.926655961 1.359508376 1.300768192 1.364181841 0.961017614 1.430395992 
22     0.655573248 0.572476863 1.449208576 1.426981145 0.719719646 0.567737893 0.517582798 0.571071752 0.524189658 0.475546211 0.000000000 0.307394695 0.928463282 0.701858664 0.480621806 0.487661090 0.481523305 0.472758427 0.620812218 1.615892027 1.626699246 1.620395622 1.368688852 1.071645651 1.062714915 1.539947254 0.693956898 1.548357748 1.238155588 0.704326534 0.734124197 0.839717745 1.090033713 0.836727555 0.749553289 0.516402311 0.458993730 0.530301805 0.619649517 0.663268352 0.658787391 0.472884365 0.490151428 1.378991805 2.035689790 2.030928875 1.463781290 1.405041106 1.468454755 1.065870885 1.534521256 
24     0.657486203 0.574389818 1.451121531 1.428894100 0.721632600 0.569650848 0.519495753 0.572984707 0.526102612 0.477459166 0.307394695 0.000000000 0.930293701 0.703370934 0.482428970 0.489468254 0.483329980 0.474565310 0.622796088 1.617875896 1.628683116 1.622379492 1.370672721 1.073629521 1.064698784 1.541925687 0.695935332 1.550336181 1.240134022 0.706304967 0.736102631 0.841693098 1.092009066 0.838702908 0.751542709 0.518391731 0.460983150 0.532291225 0.621638937 0.665257771 0.660776811 0.474873785 0.492140848 1.380981225 2.037679209 2.032918295 1.465770710 1.407030526 1.470444175 1.067861945 1.536797884 
5     1.118593091 1.035496707 1.912228419 1.890000989 1.182739489 1.030757737 0.980602641 1.034091595 0.987209501 0.938566055 0.928463282 0.930293701 0.000000000 1.165593190 0.944523185 0.951556249 0.945422799 0.936650834 1.083357049 2.078436858 2.089244077 2.082940454 1.831233683 1.534190482 1.525259746 2.002491611 1.156501256 2.010902105 1.700699946 1.166863511 1.196661174 1.302720375 1.553036343 1.299730185 1.212569986 0.979419008 0.922010427 0.993318502 1.082666214 1.126285048 1.121804088 0.935901062 0.953168125 1.842003540 2.498701524 2.493940609 1.926793025 1.868052840 1.931466490 1.528621672 1.997594457 
45     0.888292889 0.805196505 1.681928217 1.659700787 0.952439287 0.800457535 0.750302439 0.803791393 0.756909299 0.708265853 0.701858664 0.703370934 1.165593190 0.000000000 0.695413828 0.702340490 0.696275823 0.687647024 0.853486351 1.848566159 1.859373379 1.853069755 1.601362985 1.304319784 1.295389048 1.772575383 0.926585028 1.780985877 1.470783718 0.936954663 0.966752326 1.072705310 1.323021278 1.069715120 0.982202144 0.749051166 0.691642585 0.762950660 0.852298372 0.895917206 0.891436246 0.705533220 0.722800282 1.611988474 2.268686458 2.263925544 1.696777959 1.638037775 1.701451424 1.298639851 1.767460962 
23     0.667066975 0.583970591 1.460702303 1.438474873 0.731213373 0.579231621 0.529076525 0.582565479 0.535683385 0.487039938 0.480621806 0.482428970 0.944523185 0.695413828 0.000000000 0.107301939 0.110270631 0.226740556 0.632190265 1.627270074 1.638077293 1.631773670 1.380066899 1.083023698 1.074092962 1.551284733 0.705294378 1.559695227 1.249493068 0.715664013 0.745461677 0.851263417 1.101579385 0.848273227 0.760760251 0.527609273 0.470200692 0.541508767 0.630856479 0.674475313 0.669994353 0.484091327 0.501358390 1.390546581 2.047244565 2.042483651 1.475336066 1.416595882 1.480009531 1.077371959 1.546101151 
35     0.674102708 0.591006324 1.467738036 1.445510606 0.738249106 0.586267354 0.536112258 0.589601212 0.542719118 0.494075671 0.487661090 0.489468254 0.951556249 0.702340490 0.107301939 0.000000000 0.111401078 0.236329450 0.639225998 1.634305807 1.645113026 1.638809403 1.387102632 1.090059431 1.081128695 1.558320466 0.712330111 1.566730960 1.256528801 0.722699746 0.752497410 0.858299150 1.108615118 0.855308960 0.767795984 0.534645006 0.477236425 0.548544500 0.637892212 0.681511046 0.677030086 0.491127060 0.508394123 1.397582314 2.054280298 2.049519384 1.482371799 1.423631615 1.487045264 1.084407692 1.553136884 
11     0.667966713 0.584870329 1.461602041 1.439374611 0.732113111 0.580131359 0.529976263 0.583465217 0.536583123 0.487939677 0.481523305 0.483329980 0.945422799 0.696275823 0.110270631 0.111401078 0.000000000 0.228793587 0.633090004 1.628169812 1.638977032 1.632673408 1.380966637 1.083923437 1.074992700 1.552184472 0.706194117 1.560594966 1.250392806 0.716563752 0.746361415 0.852163155 1.102479123 0.849172965 0.761659989 0.528509011 0.471100431 0.542408505 0.631756217 0.675375052 0.670894091 0.484991065 0.502258128 1.391446320 2.048144304 2.043383389 1.476235805 1.417495620 1.480909270 1.078271698 1.547000890 
16     0.659198792 0.576102408 1.452834120 1.430606690 0.723345190 0.571363438 0.521208342 0.574697296 0.527815202 0.479171756 0.472758427 0.474565310 0.936650834 0.687647024 0.226740556 0.236329450 0.228793587 0.000000000 0.624322083 1.619401891 1.630209111 1.623905487 1.372198716 1.075155516 1.066224779 1.543416551 0.697426195 1.551827045 1.241624885 0.707795831 0.737593494 0.843395234 1.093711202 0.840405044 0.752892068 0.519741090 0.462332509 0.533640584 0.622988296 0.666607131 0.662126170 0.476223144 0.493490207 1.382678399 2.039376383 2.034615468 1.467467883 1.408727699 1.472141349 1.069503777 1.538232969 
26     0.697117314 0.613905240 1.490577082 1.468349652 0.761308352 0.609324118 0.559169023 0.612657977 0.566033169 0.517389723 0.620812218 0.622796088 1.083357049 0.853486351 0.632190265 0.639225998 0.633090004 0.624322083 0.000000000 1.094200059 1.104821160 1.099000799 0.843867753 0.551564696 0.542688347 1.292198283 0.446209795 1.299466087 0.989263928 0.456788517 0.486603820 0.727358280 0.977529936 0.724375467 0.643395308 0.410246942 0.352822106 0.424130181 0.513610712 0.557229547 0.552748586 0.366845560 0.384112623 1.272754818 1.929452803 1.924691888 1.357544303 1.298804119 1.362217768 1.033562283 1.494545812 
37     1.692188190 1.608976116 2.485647958 2.463420528 1.756379228 1.604394995 1.554239899 1.607728853 1.561104045 1.512460599 1.615892027 1.617875896 2.078436858 1.848566159 1.627270074 1.634305807 1.628169812 1.619401891 1.094200059 0.000000000 0.449091941 0.440652189 1.819161034 1.526256373 1.517080387 2.285293967 1.439305479 2.292777214 1.982575055 1.450086804 1.479902107 1.722601677 1.972773333 1.719618864 1.638603930 1.405455564 1.348030728 1.419338803 1.508819335 1.552438169 1.547957208 1.362054182 1.379321245 2.267844104 2.924542088 2.919781173 2.352633589 2.293893404 2.357307054 2.028688597 2.489639032 
27     1.702995409 1.619783336 2.496455178 2.474227747 1.767186448 1.615202214 1.565047118 1.618536072 1.571911265 1.523267818 1.626699246 1.628683116 2.089244077 1.859373379 1.638077293 1.645113026 1.638977032 1.630209111 1.104821160 0.449091941 0.000000000 0.415713786 1.830147438 1.537150975 1.527974989 2.296101187 1.450112698 2.303584434 1.993382274 1.460894023 1.490709326 1.733408897 1.983580553 1.730426084 1.649411149 1.416262784 1.358837948 1.430146023 1.519626554 1.563245388 1.558764428 1.372861402 1.390128465 2.278651323 2.935349307 2.930588393 2.363440808 2.304700624 2.368114273 2.039495816 2.500446251 
2     1.696691786 1.613479712 2.490151554 2.467924123 1.760882824 1.608898590 1.558743495 1.612232449 1.565607641 1.516964195 1.620395622 1.622379492 2.082940454 1.853069755 1.631773670 1.638809403 1.632673408 1.623905487 1.099000799 0.440652189 0.415713786 0.000000000 1.823911606 1.530915143 1.521739157 2.289797563 1.443809075 2.297280810 1.987078651 1.454590400 1.484405703 1.727105273 1.977276929 1.724122460 1.643107526 1.409959160 1.352534324 1.423842399 1.513322930 1.556941765 1.552460804 1.366557778 1.383824841 2.272347699 2.929045683 2.924284769 2.357137184 2.298397000 2.361810649 2.033192192 2.494142627 
44     1.445285987 1.362073913 2.238745755 2.216518324 1.509477025 1.357492791 1.307337696 1.360826650 1.314201842 1.265558396 1.368688852 1.370672721 1.831233683 1.601362985 1.380066899 1.387102632 1.380966637 1.372198716 0.843867753 1.819161034 1.830147438 1.823911606 0.000000000 1.193217191 1.183705780 2.039020498 1.193032010 2.046733599 1.736531440 1.204026534 1.233824198 1.475700036 1.725871692 1.472717223 1.391733023 1.158584657 1.101159822 1.172467896 1.261948428 1.305567262 1.301086302 1.115183276 1.132450338 2.020969098 2.677667082 2.672906167 2.105758583 2.047018398 2.110432048 1.781627645 2.242446133 
29     1.147941814 1.064729741 1.941401583 1.919174152 1.212132853 1.060148619 1.009993523 1.063482477 1.016857670 0.968214223 1.071645651 1.073629521 1.534190482 1.304319784 1.083023698 1.090059431 1.083923437 1.075155516 0.551564696 1.526256373 1.537150975 1.530915143 1.193217191 0.000000000 0.313414210 1.741345750 0.895357262 1.749002407 1.438800248 0.906311619 0.936109283 1.178354862 1.428526518 1.175372049 1.094387849 0.861239484 0.803814648 0.875122723 0.964603254 1.008222089 1.003741128 0.817838102 0.835105165 1.723623924 2.380321908 2.375560994 1.808413409 1.749673225 1.813086874 1.484489577 1.945535526 
39     1.139011078 1.055799005 1.932470846 1.910243416 1.203202117 1.051217883 1.001062787 1.054551741 1.007926933 0.959283487 1.062714915 1.064698784 1.525259746 1.295389048 1.074092962 1.081128695 1.074992700 1.066224779 0.542688347 1.517080387 1.527974989 1.521739157 1.183705780 0.313414210 0.000000000 1.732415014 0.886426526 1.740071670 1.429869511 0.897380883 0.927178547 1.169424126 1.419595782 1.166441313 1.085457113 0.852308748 0.794883912 0.866191986 0.955672518 0.999291352 0.994810392 0.808907366 0.826174428 1.714693188 2.371391172 2.366630257 1.799482673 1.740742488 1.804156138 1.475558841 1.936604790 
25     1.616132427 1.532920354 2.409592196 2.387364765 1.680100611 1.528116378 1.477961282 1.531450236 1.485010471 1.436367025 1.539947254 1.541925687 2.002491611 1.772575383 1.551284733 1.558320466 1.552184472 1.543416551 1.292198283 2.285293967 2.296101187 2.289797563 2.039020498 1.741345750 1.732415014 0.000000000 1.103339999 2.068609234 1.758226814 1.250313220 1.280055131 1.648406211 1.898577867 1.645442982 1.565606271 1.332457905 1.275033070 1.346341144 1.435688857 1.479307691 1.474826730 1.288923704 1.306190767 2.193216538 2.849914522 2.845153608 2.278006023 2.219265839 2.282678058 1.950370692 2.412450520 
9     0.770142072 0.686929999 1.563601841 1.541374410 0.834110256 0.682126022 0.631970927 0.685459881 0.639020116 0.590376670 0.693956898 0.695935332 1.156501256 0.926585028 0.705294378 0.712330111 0.706194117 0.697426195 0.446209795 1.439305479 1.450112698 1.443809075 1.193032010 0.895357262 0.886426526 1.103339999 0.000000000 1.222300731 0.912035323 0.404360936 0.434102846 0.802408948 1.052580604 0.799445719 0.719609008 0.486460643 0.429035807 0.500343881 0.589691594 0.633310428 0.628829467 0.442926441 0.460193504 1.347142594 2.003840578 1.999079664 1.431932079 1.373191895 1.436604114 1.104367912 1.566425578 
6     1.624530128 1.541318055 2.417989896 2.395762466 1.688498312 1.536514078 1.486358983 1.539847937 1.493408172 1.444764726 1.548357748 1.550336181 2.010902105 1.780985877 1.559695227 1.566730960 1.560594966 1.551827045 1.299466087 2.292777214 2.303584434 2.297280810 2.046733599 1.749002407 1.740071670 2.068609234 1.222300731 0.000000000 0.637618936 1.260218865 1.289964769 1.656312299 1.906483955 1.653349071 1.573511128 1.340362763 1.282937927 1.354246002 1.443593714 1.487212548 1.482731587 1.296828561 1.314095624 2.201048981 2.857746965 2.852986051 2.285838466 2.227098281 2.290510501 1.958492862 2.420581111 
14     1.314327969 1.231115895 2.107787737 2.085560307 1.378296153 1.226311919 1.176156823 1.229645777 1.183206013 1.134562566 1.238155588 1.240134022 1.700699946 1.470783718 1.249493068 1.256528801 1.250392806 1.241624885 0.989263928 1.982575055 1.993382274 1.987078651 1.736531440 1.438800248 1.429869511 1.758226814 0.912035323 0.637618936 0.000000000 0.950013618 0.979759522 1.346110140 1.596281796 1.343146912 1.263308969 1.030160603 0.972735768 1.044043842 1.133391555 1.177010389 1.172529428 0.986626402 1.003893465 1.890846822 2.547544806 2.542783891 1.975636307 1.916896122 1.980308342 1.648290703 2.110378952 
17     0.780508662 0.697296588 1.573968430 1.551741000 0.844476846 0.692492612 0.642337516 0.695826470 0.649386706 0.600743259 0.704326534 0.706304967 1.166863511 0.936954663 0.715664013 0.722699746 0.716563752 0.707795831 0.456788517 1.450086804 1.460894023 1.454590400 1.204026534 0.906311619 0.897380883 1.250313220 0.404360936 1.260218865 0.950013618 0.000000000 0.124706347 0.813411169 1.063582825 0.810447941 0.730235198 0.497086833 0.439661997 0.510970072 0.600317784 0.643936618 0.639455657 0.453552631 0.470819694 1.358177548 2.014875532 2.010114618 1.442967033 1.384226848 1.447639068 1.114787991 1.576632554 
38     0.810306325 0.727094252 1.603766094 1.581538663 0.874274510 0.722290276 0.672135180 0.725624134 0.679184369 0.630540923 0.734124197 0.736102631 1.196661174 0.966752326 0.745461677 0.752497410 0.746361415 0.737593494 0.486603820 1.479902107 1.490709326 1.484405703 1.233824198 0.936109283 0.927178547 1.280055131 0.434102846 1.289964769 0.979759522 0.124706347 0.000000000 0.843208833 1.093380489 0.840245605 0.760032862 0.526884496 0.469459661 0.540767735 0.630115448 0.673734282 0.669253321 0.483350295 0.500617358 1.387975212 2.044673196 2.039912281 1.472764697 1.414024512 1.477436732 1.144585654 1.606430218 
20     0.914688708 0.831452951 1.708148476 1.685921046 0.978866484 0.826882250 0.776727154 0.830216108 0.783216862 0.734573416 0.839717745 0.841693098 1.302720375 1.072705310 0.851263417 0.858299150 0.852163155 0.843395234 0.727358280 1.722601677 1.733408897 1.727105273 1.475700036 1.178354862 1.169424126 1.648406211 0.802408948 1.656312299 1.346110140 0.813411169 0.843208833 0.000000000 0.864749931 0.614304139 0.769632528 0.536495786 0.479101723 0.550409025 0.639652409 0.683271244 0.678790283 0.492887257 0.510154798 1.401148969 2.057842235 2.053081321 1.485933647 1.427193463 1.490612471 1.247340374 1.711577053 
13     1.164949453 1.081713696 1.958409221 1.936181791 1.229127229 1.077142995 1.026987899 1.080476853 1.033477607 0.984834161 1.090033713 1.092009066 1.553036343 1.323021278 1.101579385 1.108615118 1.102479123 1.093711202 0.977529936 1.972773333 1.983580553 1.977276929 1.725871692 1.428526518 1.419595782 1.898577867 1.052580604 1.906483955 1.596281796 1.063582825 1.093380489 0.864749931 0.000000000 0.812776442 1.020233920 0.787097179 0.729703115 0.801010417 0.890253801 0.933872636 0.929391675 0.743488649 0.760756190 1.651749018 2.308442284 2.303681370 1.736533696 1.677793512 1.741212520 1.497762166 1.961915169 
10     0.911737112 0.828501354 1.705196880 1.682969450 0.975914887 0.823930654 0.773775558 0.827264512 0.780265266 0.731621820 0.836727555 0.838702908 1.299730185 1.069715120 0.848273227 0.855308960 0.849172965 0.840405044 0.724375467 1.719618864 1.730426084 1.724122460 1.472717223 1.175372049 1.166441313 1.645442982 0.799445719 1.653349071 1.343146912 0.810447941 0.840245605 0.614304139 0.812776442 0.000000000 0.766941617 0.533804876 0.476410812 0.547718115 0.636961499 0.680580333 0.676099372 0.490196346 0.507463887 1.398336166 2.055029432 2.050268518 1.483120844 1.424380660 1.487799668 1.244383235 1.708500110 
8     0.826019847 0.742784090 1.619479616 1.597252185 0.890197623 0.738213389 0.688058294 0.741547248 0.694511682 0.645868235 0.749553289 0.751542709 1.212569986 0.982202144 0.760760251 0.767795984 0.761659989 0.752892068 0.643395308 1.638603930 1.649411149 1.643107526 1.391733023 1.094387849 1.085457113 1.565606271 0.719609008 1.573511128 1.263308969 0.730235198 0.760032862 0.769632528 1.020233920 0.766941617 0.000000000 0.280099562 0.302651934 0.378470135 0.468146703 0.511751484 0.507211765 0.321219605 0.338614949 1.305717846 1.962429642 1.957668728 1.390505549 1.331765365 1.395195446 1.159646173 1.625337741 
42     0.592868870 0.509633112 1.386328638 1.364101207 0.657046645 0.505062411 0.454907316 0.508396270 0.461360704 0.412717257 0.516402311 0.518391731 0.979419008 0.749051166 0.527609273 0.534645006 0.528509011 0.519741090 0.410246942 1.405455564 1.416262784 1.409959160 1.158584657 0.861239484 0.852308748 1.332457905 0.486460643 1.340362763 1.030160603 0.497086833 0.526884496 0.536495786 0.787097179 0.533804876 0.280099562 0.000000000 0.069432039 0.145211229 0.234891604 0.278489074 0.273945280 0.087972574 0.105365626 1.072529889 1.729241686 1.724480771 1.157317593 1.098577408 1.162007489 0.926495195 1.392186763 
40     0.535458504 0.452222747 1.328918272 1.306690842 0.599636280 0.447652046 0.397496950 0.450985904 0.403950338 0.355306892 0.458993730 0.460983150 0.922010427 0.691642585 0.470200692 0.477236425 0.471100431 0.462332509 0.352822106 1.348030728 1.358837948 1.352534324 1.101159822 0.803814648 0.794883912 1.275033070 0.429035807 1.282937927 0.972735768 0.439661997 0.469459661 0.479101723 0.729703115 0.476410812 0.302651934 0.069432039 0.000000000 0.087672070 0.177305965 0.220825205 0.216318231 0.030404988 0.047716685 1.015390237 1.672102034 1.667341119 1.100177940 1.041437756 1.104867837 0.869086615 1.334764061 
3     0.606766579 0.523530821 1.400226347 1.377998917 0.670944354 0.518960120 0.468805025 0.522293979 0.475258413 0.426614966 0.530301805 0.532291225 0.993318502 0.762950660 0.541508767 0.548544500 0.542408505 0.533640584 0.424130181 1.419338803 1.430146023 1.423842399 1.172467896 0.875122723 0.866191986 1.346341144 0.500343881 1.354246002 1.044043842 0.510970072 0.540767735 0.550409025 0.801010417 0.547718115 0.378470135 0.145211229 0.087672070 0.000000000 0.220510961 0.268002959 0.263655149 0.077709352 0.094905536 1.086750544 1.743462341 1.738701427 1.171538248 1.112798063 1.176228144 0.940394689 1.406072135 
32     0.696125995 0.612890237 1.489585763 1.467358332 0.760303770 0.608319536 0.558164441 0.611653395 0.564617829 0.515974382 0.619649517 0.621638937 1.082666214 0.852298372 0.630856479 0.637892212 0.631756217 0.622988296 0.513610712 1.508819335 1.519626554 1.513322930 1.261948428 0.964603254 0.955672518 1.435688857 0.589691594 1.443593714 1.133391555 0.600317784 0.630115448 0.639652409 0.890253801 0.636961499 0.468146703 0.234891604 0.177305965 0.220510961 0.000000000 0.357695200 0.353681940 0.167030965 0.184492136 1.176364302 1.833076098 1.828315184 1.261152005 1.202411821 1.265841902 1.029871107 1.495484992 
18     0.739744829 0.656509072 1.533204597 1.510977167 0.803922605 0.651938371 0.601783275 0.655272229 0.608236663 0.559593217 0.663268352 0.665257771 1.126285048 0.895917206 0.674475313 0.681511046 0.675375052 0.666607131 0.557229547 1.552438169 1.563245388 1.556941765 1.305567262 1.008222089 0.999291352 1.479307691 0.633310428 1.487212548 1.177010389 0.643936618 0.673734282 0.683271244 0.933872636 0.680580333 0.511751484 0.278489074 0.220825205 0.268002959 0.357695200 0.000000000 0.240558729 0.208657597 0.226265254 1.219983662 1.876695458 1.871934544 1.304771365 1.246031181 1.309461261 1.073489941 1.539103827 
31     0.735263868 0.652028111 1.528723637 1.506496206 0.799441644 0.647457410 0.597302314 0.650791268 0.603755702 0.555112256 0.658787391 0.660776811 1.121804088 0.891436246 0.669994353 0.677030086 0.670894091 0.662126170 0.552748586 1.547957208 1.558764428 1.552460804 1.301086302 1.003741128 0.994810392 1.474826730 0.628829467 1.482731587 1.172529428 0.639455657 0.669253321 0.678790283 0.929391675 0.676099372 0.507211765 0.273945280 0.216318231 0.263655149 0.353681940 0.240558729 0.000000000 0.204798284 0.222360858 1.215502856 1.872214653 1.867453738 1.300290559 1.241550375 1.304980456 1.069008981 1.534622866 
34     0.549360842 0.466125085 1.342820611 1.320593180 0.613538618 0.461554384 0.411399288 0.464888242 0.417852676 0.369209230 0.472884365 0.474873785 0.935901062 0.705533220 0.484091327 0.491127060 0.484991065 0.476223144 0.366845560 1.362054182 1.372861402 1.366557778 1.115183276 0.817838102 0.808907366 1.288923704 0.442926441 1.296828561 0.986626402 0.453552631 0.483350295 0.492887257 0.743488649 0.490196346 0.321219605 0.087972574 0.030404988 0.077709352 0.167030965 0.208657597 0.204798284 0.000000000 0.025411214 1.029599903 1.686311699 1.681550785 1.114387606 1.055647422 1.119077503 0.883105955 1.348719840 
28     0.566627905 0.483392148 1.360087674 1.337860243 0.630805681 0.478821447 0.428666351 0.482155305 0.435119739 0.386476293 0.490151428 0.492140848 0.953168125 0.722800282 0.501358390 0.508394123 0.502258128 0.493490207 0.384112623 1.379321245 1.390128465 1.383824841 1.132450338 0.835105165 0.826174428 1.306190767 0.460193504 1.314095624 1.003893465 0.470819694 0.500617358 0.510154798 0.760756190 0.507463887 0.338614949 0.105365626 0.047716685 0.094905536 0.184492136 0.226265254 0.222360858 0.025411214 0.000000000 1.046865250 1.703577046 1.698816132 1.131652953 1.072912769 1.136342850 0.900373017 1.365986903 
43     1.454857241 1.371621483 2.248317009 2.226089579 1.519048279 1.367064045 1.316908950 1.370397904 1.323362338 1.274718891 1.378991805 1.380981225 1.842003540 1.611988474 1.390546581 1.397582314 1.391446320 1.382678399 1.272754818 2.267844104 2.278651323 2.272347699 2.020969098 1.723623924 1.714693188 2.193216538 1.347142594 2.201048981 1.890846822 1.358177548 1.387975212 1.401148969 1.651749018 1.398336166 1.305717846 1.072529889 1.015390237 1.086750544 1.176364302 1.219983662 1.215502856 1.029599903 1.046865250 0.000000000 0.883887653 0.878933889 0.318078109 0.275311938 0.511820113 1.789490873 2.257053446 
30     2.111555225 2.028319467 2.905014993 2.882787563 2.175746263 2.023762029 1.973606934 2.027095888 1.980060322 1.931416875 2.035689790 2.037679209 2.498701524 2.268686458 2.047244565 2.054280298 2.048144304 2.039376383 1.929452803 2.924542088 2.935349307 2.929045683 2.677667082 2.380321908 2.371391172 2.849914522 2.003840578 2.857746965 2.547544806 2.014875532 2.044673196 2.057842235 2.308442284 2.055029432 1.962429642 1.729241686 1.672102034 1.743462341 1.833076098 1.876695458 1.872214653 1.686311699 1.703577046 0.883887653 0.000000000 0.679178850 0.877331893 0.821864045 1.169105737 2.446188857 2.913751430 
21     2.106794310 2.023558553 2.900254079 2.878026648 2.170985349 2.019001115 1.968846019 2.022334973 1.975299407 1.926655961 2.030928875 2.032918295 2.493940609 2.263925544 2.042483651 2.049519384 2.043383389 2.034615468 1.924691888 2.919781173 2.930588393 2.924284769 2.672906167 2.375560994 2.366630257 2.845153608 1.999079664 2.852986051 2.542783891 2.010114618 2.039912281 2.053081321 2.303681370 2.050268518 1.957668728 1.724480771 1.667341119 1.738701427 1.828315184 1.871934544 1.867453738 1.681550785 1.698816132 0.878933889 0.679178850 0.000000000 0.870344724 0.822236195 1.160091649 2.441427943 2.908990515 
36     1.539646726 1.456410968 2.333106494 2.310879064 1.603837764 1.451853530 1.401698435 1.455187389 1.408151823 1.359508376 1.463781290 1.465770710 1.926793025 1.696777959 1.475336066 1.482371799 1.476235805 1.467467883 1.357544303 2.352633589 2.363440808 2.357137184 2.105758583 1.808413409 1.799482673 2.278006023 1.431932079 2.285838466 1.975636307 1.442967033 1.472764697 1.485933647 1.736533696 1.483120844 1.390505549 1.157317593 1.100177940 1.171538248 1.261152005 1.304771365 1.300290559 1.114387606 1.131652953 0.318078109 0.877331893 0.870344724 0.000000000 0.168579115 0.578194756 1.874280358 2.341842931 
12     1.480906541 1.397670784 2.274366310 2.252138879 1.545097580 1.393113346 1.342958250 1.396447204 1.349411638 1.300768192 1.405041106 1.407030526 1.868052840 1.638037775 1.416595882 1.423631615 1.417495620 1.408727699 1.298804119 2.293893404 2.304700624 2.298397000 2.047018398 1.749673225 1.740742488 2.219265839 1.373191895 2.227098281 1.916896122 1.384226848 1.414024512 1.427193463 1.677793512 1.424380660 1.331765365 1.098577408 1.041437756 1.112798063 1.202411821 1.246031181 1.241550375 1.055647422 1.072912769 0.275311938 0.821864045 0.822236195 0.168579115 0.000000000 0.516990255 1.815540174 2.283102746 
47     1.544320191 1.461084433 2.337779959 2.315552529 1.608511229 1.456526995 1.406371900 1.459860854 1.412825288 1.364181841 1.468454755 1.470444175 1.931466490 1.701451424 1.480009531 1.487045264 1.480909270 1.472141349 1.362217768 2.357307054 2.368114273 2.361810649 2.110432048 1.813086874 1.804156138 2.282678058 1.436604114 2.290510501 1.980308342 1.447639068 1.477436732 1.490612471 1.741212520 1.487799668 1.395195446 1.162007489 1.104867837 1.176228144 1.265841902 1.309461261 1.304980456 1.119077503 1.136342850 0.511820113 1.169105737 1.160091649 0.578194756 0.516990255 0.000000000 1.878953823 2.346516396 
50     1.140835626 1.057508162 1.934311615 1.912084184 1.205263034 1.053278800 1.003123704 1.056612658 1.009661060 0.961017614 1.065870885 1.067861945 1.528621672 1.298639851 1.077371959 1.084407692 1.078271698 1.069503777 1.033562283 2.028688597 2.039495816 2.033192192 1.781627645 1.484489577 1.475558841 1.950370692 1.104367912 1.958492862 1.648290703 1.114787991 1.144585654 1.247340374 1.497762166 1.244383235 1.159646173 0.926495195 0.869086615 0.940394689 1.029871107 1.073489941 1.069008981 0.883105955 0.900373017 1.789490873 2.446188857 2.441427943 1.874280358 1.815540174 1.878953823 0.000000000 1.911490361 
0     1.610254540 1.526953781 2.403714308 2.381486878 1.674450671 1.522466437 1.472311342 1.525800296 1.479039439 1.430395992 1.534521256 1.536797884 1.997594457 1.767460962 1.546101151 1.553136884 1.547000890 1.538232969 1.494545812 2.489639032 2.500446251 2.494142627 2.242446133 1.945535526 1.936604790 2.412450520 1.566425578 2.420581111 2.110378952 1.576632554 1.606430218 1.711577053 1.961915169 1.708500110 1.625337741 1.392186763 1.334764061 1.406072135 1.495484992 1.539103827 1.534622866 1.348719840 1.365986903 2.257053446 2.913751430 2.908990515 2.341842931 2.283102746 2.346516396 1.911490361 0.000000000 
