51
48     0.000000000 0.023441030 0.004389370 0.031429600 0.013341760 0.026034770 0.023680010 0.023826300 0.012476580 0.020550770 0.044219790 0.056195760 0.032441660 0.032808470 0.036631170 0.036369160 0.037630890 0.029717070 0.036750930 0.139374110 0.079603400 0.135126910 0.098107470 0.092336470 0.063846410 0.100786660 0.056587950 0.120396870 0.113708500 0.065814800 0.062302160 0.057408570 0.083788810 0.081002360 0.067205810 0.049512150 0.040770620 0.048713550 0.060089850 0.066599850 0.061586610 0.042782080 0.043823590 0.089020760 0.106304510 0.178325090 0.116628740 0.124638980 0.092984680 0.053428770 0.067195610 
15     0.023441030 0.000000000 0.048169720 0.033098010 0.020040690 0.029164730 0.013952170 0.013586010 0.013079000 0.015067730 0.031239030 0.055386250 0.033849650 0.033039370 0.023650410 0.023388400 0.024650130 0.031385480 0.033980220 0.100314400 0.062360290 0.100232930 0.081866170 0.076095170 0.064078480 0.032889480 0.016288650 0.106090900 0.097467200 0.043455030 0.045486540 0.050805230 0.048226170 0.047295290 0.053858170 0.034398340 0.022290980 0.042110210 0.053486510 0.034021160 0.045345310 0.032287950 0.037220250 0.092532960 0.170498830 0.173926470 0.093721320 0.082669200 0.088626640 0.040448010 0.082874850 
41     0.004389370 0.048169720 0.000000000 0.005604820 0.022114240 0.020682880 0.024025130 0.026335220 0.012807740 0.010447700 0.054656930 0.055147140 0.064554930 0.082801710 0.074692320 0.077560370 0.072164030 0.050973500 0.099244630 0.160941600 0.159882550 0.191517870 0.108592640 0.148727430 0.136710740 0.157133620 0.126161470 0.155076330 0.170099460 0.122245310 0.129031330 0.124186750 0.125797540 0.102258790 0.096421900 0.085617150 0.066157810 0.095952090 0.098274720 0.104524880 0.052215310 0.057013870 0.083501190 0.178917530 0.159777220 0.159753410 0.156892660 0.137416530 0.193987990 0.075242910 0.115304060 
33     0.031429600 0.033098010 0.005604820 0.000000000 0.027035480 0.036159520 0.032343210 0.032489500 0.041332310 0.038972270 0.074595110 0.065325310 0.134623870 0.077468920 0.062099090 0.064967140 0.059570800 0.038380270 0.086651400 0.159395680 0.158336630 0.191425370 0.137117210 0.137411300 0.136618240 0.187745010 0.106892130 0.183600900 0.170006960 0.106248340 0.112749170 0.111593520 0.113204310 0.089665560 0.083828670 0.073023920 0.065712040 0.083358860 0.110155370 0.091931650 0.081717150 0.068141220 0.070907960 0.150827760 0.155992740 0.155968930 0.186832750 0.152814260 0.165898220 0.062649680 0.143828630 
49     0.013341760 0.020040690 0.022114240 0.027035480 0.000000000 0.006011870 0.010800390 0.012135440 0.014582340 0.012222300 0.050884810 0.026329810 0.048884040 0.062366000 0.043296190 0.043034180 0.044295910 0.023277350 0.042341360 0.142031850 0.042498600 0.137784650 0.100765210 0.094994210 0.026741610 0.071558090 0.050253790 0.125327010 0.109587600 0.059480640 0.055968000 0.080477340 0.098101390 0.074562640 0.058353890 0.057921000 0.019290290 0.050631680 0.066974450 0.065428490 0.064244350 0.038830140 0.043086770 0.089768150 0.099970350 0.217026620 0.136875900 0.121032440 0.151275430 0.047546760 0.030090810 
4     0.026034770 0.029164730 0.020682880 0.036159520 0.006011870 0.000000000 0.005892830 0.008202920 0.008753800 0.001416470 0.055048730 0.055538940 0.025515120 0.059033680 0.047055630 0.045217660 0.050245400 0.032401390 0.059119560 0.126706480 0.125647430 0.141095340 0.104075900 0.098304900 0.086288210 0.056380920 0.039780090 0.121728280 0.105988870 0.051165780 0.057666610 0.064774680 0.093851570 0.083686680 0.054755160 0.042935760 0.030503660 0.047066650 0.055072810 0.057512600 0.052395900 0.041080350 0.044247230 0.094729870 0.101570570 0.101546760 0.133277170 0.116451880 0.115353310 0.056670800 0.106884350 
19     0.023680010 0.013952170 0.024025130 0.032343210 0.010800390 0.005892830 0.000000000 0.000369640 0.011500480 0.009044620 0.040393850 0.055530120 0.037426800 0.036616520 0.032805230 0.032543220 0.033804950 0.028585080 0.042406670 0.103891550 0.065937440 0.103810080 0.082573650 0.076802650 0.064785960 0.096960720 0.059945250 0.108204360 0.098174680 0.047032180 0.049063690 0.049779940 0.051803320 0.050872440 0.050543190 0.041883520 0.033141990 0.041084920 0.052461220 0.051066030 0.046052790 0.035153450 0.036194960 0.090517900 0.110142930 0.110119120 0.097298470 0.093513550 0.092203790 0.049602830 0.090171460 
1     0.023826300 0.013586010 0.026335220 0.032489500 0.012135440 0.008202920 0.000369640 0.000000000 0.018803320 0.011905210 0.047705880 0.055676410 0.037060640 0.036250360 0.040117260 0.039855250 0.041116980 0.028731370 0.050447070 0.103525390 0.065571280 0.103443920 0.102229350 0.096458350 0.084441660 0.102606960 0.059579090 0.109301890 0.098320720 0.046666020 0.048697530 0.057253240 0.051437160 0.050506280 0.047087010 0.047325900 0.037987150 0.048558220 0.056590740 0.063408120 0.064940680 0.039254950 0.041762810 0.087061720 0.112059310 0.112035500 0.096932310 0.093147390 0.091837630 0.053000780 0.098727410 
7     0.012476580 0.013079000 0.012807740 0.041332310 0.014582340 0.008753800 0.011500480 0.018803320 0.000000000 0.001157050 0.027600650 0.047194500 0.031046380 0.042888960 0.020012030 0.019750020 0.021011750 0.040165580 0.030341840 0.122502210 0.084953580 0.118255010 0.081235570 0.075464570 0.063447880 0.055146840 0.038546010 0.064722080 0.096836600 0.048982450 0.055341910 0.056737690 0.083117930 0.101732870 0.055037530 0.042024930 0.037807410 0.048042670 0.059418970 0.049727950 0.044714710 0.039466340 0.041229080 0.095012240 0.122192680 0.122168870 0.101773070 0.124241350 0.106542670 0.036809630 0.072545790 
46     0.020550770 0.015067730 0.010447700 0.038972270 0.012222300 0.001416470 0.009044620 0.011905210 0.001157050 0.000000000 0.029589380 0.045303760 0.033035110 0.039361820 0.022000760 0.021738750 0.023000480 0.033015920 0.032330570 0.111045010 0.116823870 0.106797810 0.069778370 0.064007370 0.051990680 0.063048650 0.046447820 0.065867280 0.085379400 0.037525250 0.045654270 0.050411970 0.076792210 0.084301210 0.048238850 0.030567730 0.026350210 0.039900080 0.052629940 0.038270750 0.033257510 0.028009140 0.029771880 0.088213560 0.100184820 0.100161010 0.108736880 0.091165090 0.105499940 0.038798360 0.081225200 
22     0.044219790 0.031239030 0.054656930 0.074595110 0.050884810 0.055048730 0.040393850 0.047705880 0.027600650 0.029589380 0.000000000 0.000531710 0.021052070 0.037156950 0.012385300 0.012123290 0.013385020 0.006945390 0.030764290 0.120740250 0.111459990 0.123697310 0.073469840 0.080906870 0.068890180 0.084589970 0.061437250 0.104190040 0.102278900 0.054424750 0.056487680 0.064175220 0.095177480 0.075954250 0.054101530 0.045430870 0.038794800 0.054763220 0.063605260 0.053133890 0.048120650 0.042872280 0.044635020 0.094076240 0.139103070 0.159848110 0.132623540 0.123305350 0.139900210 0.037232080 0.073207850 
24     0.056195760 0.055386250 0.055147140 0.065325310 0.026329810 0.055538940 0.055530120 0.055676410 0.047194500 0.045303760 0.000531710 0.000000000 0.022453360 0.016317820 0.012821160 0.036270510 0.020441020 0.013594440 0.051408060 0.122164930 0.067778030 0.123336460 0.086317020 0.080546020 0.052021040 0.100197840 0.061701820 0.039746320 0.093002020 0.026308790 0.030366150 0.088322440 0.096818820 0.075928730 0.058078720 0.045070020 0.040852500 0.053372930 0.059118930 0.052773040 0.047759800 0.042511430 0.044274170 0.102671520 0.149807420 0.182277620 0.112394160 0.131900630 0.119244840 0.061379300 0.055370240 
5     0.032441660 0.033849650 0.064554930 0.134623870 0.048884040 0.025515120 0.037426800 0.037060640 0.031046380 0.033035110 0.021052070 0.022453360 0.000000000 0.004320920 0.015203240 0.015569020 0.016830750 0.015976520 0.027760820 0.071653850 0.033699740 0.071572380 0.076249390 0.088691650 0.084498900 0.088035700 0.027707550 0.042128400 0.077430350 0.014794480 0.016825990 0.045428470 0.019565620 0.018634740 0.051499680 0.039764580 0.035835240 0.046793890 0.052125990 0.086365690 0.075583420 0.040243310 0.043205250 0.063872410 0.239308050 0.245973790 0.065060770 0.061275850 0.059966090 0.040677810 0.083086310 
45     0.032808470 0.033039370 0.082801710 0.077468920 0.062366000 0.059033680 0.036616520 0.036250360 0.042888960 0.039361820 0.037156950 0.016317820 0.004320920 0.000000000 0.006844240 0.037421750 0.027730940 0.007617520 0.026950540 0.070843570 0.032889460 0.070762100 0.075439110 0.105487870 0.093471180 0.105441820 0.026897270 0.035440780 0.076620070 0.013984200 0.016015710 0.044618190 0.018755340 0.017824460 0.052920280 0.042338410 0.033596880 0.041539810 0.051315710 0.063749700 0.061111120 0.035608340 0.036649850 0.063062130 0.142246040 0.174716240 0.064250490 0.060465570 0.059155810 0.076335740 0.076398690 
23     0.036631170 0.023650410 0.074692320 0.062099090 0.043296190 0.047055630 0.032805230 0.040117260 0.020012030 0.022000760 0.012385300 0.012821160 0.015203240 0.006844240 0.000000000 0.000370260 0.000873100 0.002087500 0.023175670 0.111010310 0.109951260 0.124739400 0.087719960 0.081948960 0.069932270 0.063755870 0.047155040 0.031944120 0.089614240 0.018506590 0.022563950 0.056586600 0.083350770 0.086006080 0.038380530 0.038619420 0.029280670 0.041886950 0.047884260 0.054175980 0.049162740 0.030548470 0.033056330 0.078355240 0.168572290 0.201042490 0.103007740 0.107584350 0.127070050 0.029643460 0.072070300 
35     0.036369160 0.023388400 0.077560370 0.064967140 0.043034180 0.045217660 0.032543220 0.039855250 0.019750020 0.021738750 0.012123290 0.036270510 0.015569020 0.037421750 0.000370260 0.000000000 0.001477370 0.009566310 0.022913660 0.111761770 0.110702720 0.126235000 0.089215560 0.082779610 0.071427870 0.076739340 0.053586620 0.087348090 0.091455630 0.051154370 0.048637050 0.056324590 0.083513440 0.086757540 0.040221920 0.040460810 0.031122060 0.043728340 0.049725650 0.055671580 0.050658340 0.032389860 0.034897720 0.080196630 0.149282490 0.181752690 0.114400100 0.109425740 0.136241070 0.029381450 0.071808290 
11     0.037630890 0.024650130 0.072164030 0.059570800 0.044295910 0.050245400 0.033804950 0.041116980 0.021011750 0.023000480 0.013385020 0.020441020 0.016830750 0.027730940 0.000873100 0.001477370 0.000000000 0.004823450 0.024175390 0.110875010 0.109815960 0.147240520 0.110221080 0.084041340 0.092433390 0.078001070 0.054848350 0.085850470 0.085713750 0.054850990 0.049898780 0.053825390 0.080205630 0.085870780 0.043918540 0.044157430 0.034818680 0.045130370 0.053422270 0.060622670 0.064701680 0.036086480 0.038594340 0.083893250 0.130667240 0.163137440 0.085837120 0.113122360 0.137714400 0.030643180 0.073070020 
16     0.029717070 0.031385480 0.050973500 0.038380270 0.023277350 0.032401390 0.028585080 0.028731370 0.040165580 0.033015920 0.006945390 0.013594440 0.015976520 0.007617520 0.002087500 0.009566310 0.004823450 0.000000000 0.051951010 0.104793310 0.103734260 0.120469610 0.083450170 0.077679170 0.065662480 0.093698660 0.054672900 0.032717400 0.099051200 0.019279870 0.023337230 0.056868700 0.083248940 0.075933790 0.048553540 0.042203170 0.037985650 0.048173680 0.058057270 0.049906190 0.044892950 0.039644580 0.041407320 0.088528250 0.132937090 0.165407290 0.127075550 0.115853040 0.127843330 0.030575150 0.073675310 
26     0.036750930 0.033980220 0.099244630 0.086651400 0.042341360 0.059119560 0.042406670 0.050447070 0.030341840 0.032330570 0.030764290 0.051408060 0.027760820 0.026950540 0.023175670 0.022913660 0.024175390 0.051951010 0.000000000 0.047503230 0.017990100 0.023093820 0.002090710 0.029128820 0.015574410 0.081023020 0.026848140 0.089839470 0.055514630 0.027203600 0.029235110 0.041626090 0.038716740 0.037785860 0.026110310 0.032938940 0.024407770 0.036835160 0.043011360 0.050516480 0.041632170 0.025675570 0.028183430 0.072901020 0.109055200 0.181614300 0.080341170 0.076556250 0.075246490 0.016286650 0.055314970 
37     0.139374110 0.100314400 0.160941600 0.159395680 0.142031850 0.126706480 0.103891550 0.103525390 0.122502210 0.111045010 0.120740250 0.122164930 0.071653850 0.070843570 0.111010310 0.111761770 0.110875010 0.104793310 0.047503230 0.000000000 0.002223660 0.000270730 0.071445220 0.093863920 0.081847230 0.162554250 0.084009700 0.133732500 0.133732500 0.071096630 0.073128140 0.108472620 0.082609770 0.081678890 0.088571180 0.087841080 0.065583520 0.080975710 0.095345520 0.096789800 0.108417510 0.070448170 0.071973800 0.123045840 0.235768530 0.242434270 0.124234200 0.120449280 0.119139520 0.117888620 0.238853990 
27     0.079603400 0.062360290 0.159882550 0.158336630 0.042498600 0.125647430 0.065937440 0.065571280 0.084953580 0.116823870 0.111459990 0.067778030 0.033699740 0.032889460 0.109951260 0.110702720 0.109815960 0.103734260 0.017990100 0.002223660 0.000000000 0.001034300 0.017639700 0.058252600 0.018733050 0.124600140 0.046055590 0.095778390 0.095778390 0.033142520 0.035174030 0.070468570 0.044655660 0.043724780 0.025448520 0.049630120 0.026230390 0.036173370 0.077216030 0.084029590 0.078095820 0.031130650 0.031780950 0.085091730 0.234709480 0.241375220 0.086280090 0.082495170 0.081185410 0.116829570 0.055472210 
2     0.135126910 0.100232930 0.191517870 0.191425370 0.137784650 0.141095340 0.103810080 0.103443920 0.118255010 0.106797810 0.123697310 0.123336460 0.071572380 0.070762100 0.124739400 0.126235000 0.147240520 0.120469610 0.023093820 0.000270730 0.001034300 0.000000000 0.055357890 0.053240190 0.051771410 0.162472780 0.083928230 0.133651030 0.133651030 0.069240540 0.073046670 0.108186760 0.082528300 0.081597420 0.063166710 0.087348310 0.063948580 0.073891560 0.115088670 0.113256840 0.108243600 0.068848840 0.069499140 0.122964370 0.229321770 0.250948950 0.124152730 0.120367810 0.119058050 0.133161800 0.173112780 
44     0.098107470 0.081866170 0.108592640 0.137117210 0.100765210 0.104075900 0.082573650 0.102229350 0.081235570 0.069778370 0.073469840 0.086317020 0.076249390 0.075439110 0.087719960 0.089215560 0.110221080 0.083450170 0.002090710 0.071445220 0.017639700 0.055357890 0.000000000 0.018548460 0.067306860 0.096319680 0.057058800 0.101931650 0.111129110 0.039853350 0.050006570 0.069404110 0.087205310 0.083809690 0.024384060 0.048565660 0.025165930 0.035108910 0.045130040 0.076237400 0.063268100 0.030066190 0.030716490 0.127641380 0.268931180 0.275596920 0.128829740 0.125044820 0.123735060 0.096142360 0.171891500 
29     0.092336470 0.076095170 0.148727430 0.137411300 0.094994210 0.098304900 0.076802650 0.096458350 0.075464570 0.064007370 0.080906870 0.080546020 0.088691650 0.105487870 0.081948960 0.082779610 0.084041340 0.077679170 0.029128820 0.093863920 0.058252600 0.053240190 0.018548460 0.000000000 0.002287420 0.104734200 0.060446190 0.147724760 0.105358110 0.036714710 0.040982970 0.101492040 0.114512180 0.100340480 0.064996960 0.062763380 0.058545860 0.072095730 0.084825590 0.070466400 0.065453160 0.060204790 0.061967530 0.129118790 0.193468030 0.218423120 0.169442860 0.160124670 0.133082710 0.076152600 0.140586950 
39     0.063846410 0.064078480 0.136710740 0.136618240 0.026741610 0.086288210 0.064785960 0.084441660 0.063447880 0.051990680 0.068890180 0.052021040 0.084498900 0.093471180 0.069932270 0.071427870 0.092433390 0.065662480 0.015574410 0.081847230 0.018733050 0.051771410 0.067306860 0.002287420 0.000000000 0.146948650 0.058977410 0.110311890 0.093341420 0.035245930 0.039514190 0.119856890 0.102495490 0.105073510 0.068629510 0.050746690 0.028914700 0.060079040 0.072808900 0.058449710 0.053436470 0.048188100 0.049950840 0.127650010 0.195327160 0.216954340 0.177373950 0.163268230 0.131613930 0.078354670 0.039715220 
25     0.100786660 0.032889480 0.157133620 0.187745010 0.071558090 0.056380920 0.096960720 0.102606960 0.055146840 0.063048650 0.084589970 0.100197840 0.088035700 0.105441820 0.063755870 0.076739340 0.078001070 0.093698660 0.081023020 0.162554250 0.124600140 0.162472780 0.096319680 0.104734200 0.146948650 0.000000000 0.013752370 0.119270950 0.074966640 0.055093390 0.033536670 0.119996910 0.117208020 0.116277140 0.081770210 0.051710620 0.039603260 0.081875640 0.082920180 0.051333440 0.106354110 0.049600230 0.056998140 0.121163600 0.274151260 0.258929590 0.149974820 0.150392710 0.153737770 0.068261210 0.115600210 
9     0.056587950 0.016288650 0.126161470 0.106892130 0.050253790 0.039780090 0.059945250 0.059579090 0.038546010 0.046447820 0.061437250 0.061701820 0.027707550 0.026897270 0.047155040 0.053586620 0.054848350 0.054672900 0.026848140 0.084009700 0.046055590 0.083928230 0.057058800 0.060446190 0.058977410 0.013752370 0.000000000 0.059550960 0.017562000 0.014393130 0.010383950 0.064526320 0.038663470 0.037732590 0.040940620 0.035109790 0.023002430 0.051665470 0.066089280 0.034732610 0.062999040 0.032999400 0.040397310 0.077290120 0.087492320 0.192207840 0.080287900 0.076502980 0.075193220 0.051660380 0.098999380 
6     0.120396870 0.106090900 0.155076330 0.183600900 0.125327010 0.121728280 0.108204360 0.109301890 0.064722080 0.065867280 0.104190040 0.039746320 0.042128400 0.035440780 0.031944120 0.087348090 0.085850470 0.032717400 0.089839470 0.133732500 0.095778390 0.133651030 0.101931650 0.147724760 0.110311890 0.119270950 0.059550960 0.000000000 0.000000000 0.019878010 0.023935370 0.114249120 0.088386270 0.087455390 0.069934620 0.078317330 0.066598940 0.076365140 0.070700330 0.104670910 0.088838390 0.074657160 0.076296680 0.128822340 0.285604430 0.270382760 0.130010700 0.126225780 0.124916020 0.113865830 0.085658110 
14     0.113708500 0.097467200 0.170099460 0.170006960 0.109587600 0.105988870 0.098174680 0.098320720 0.096836600 0.085379400 0.102278900 0.093002020 0.077430350 0.076620070 0.089614240 0.091455630 0.085713750 0.099051200 0.055514630 0.133732500 0.095778390 0.133651030 0.111129110 0.105358110 0.093341420 0.074966640 0.017562000 0.000000000 0.000000000 0.060661320 0.050724200 0.086245440 0.088386270 0.087455390 0.077483970 0.077722860 0.068384110 0.080990390 0.086987700 0.091838430 0.086825190 0.069651910 0.072159770 0.116877360 0.269865020 0.254643350 0.120515270 0.126225780 0.124916020 0.111743390 0.214709720 
17     0.065814800 0.043455030 0.122245310 0.106248340 0.059480640 0.051165780 0.047032180 0.046666020 0.048982450 0.037525250 0.054424750 0.026308790 0.014794480 0.013984200 0.018506590 0.051154370 0.054850990 0.019279870 0.027203600 0.071096630 0.033142520 0.069240540 0.039853350 0.036714710 0.035245930 0.055093390 0.014393130 0.019878010 0.060661320 0.000000000 0.000878100 0.051613250 0.025750400 0.024819520 0.023735170 0.036281260 0.024517040 0.034460020 0.046686440 0.043984280 0.038971040 0.029350650 0.030067600 0.066186470 0.096719170 0.209037760 0.067374830 0.063589910 0.062280150 0.063889240 0.072220580 
38     0.062302160 0.045486540 0.129031330 0.112749170 0.055968000 0.057666610 0.049063690 0.048697530 0.055341910 0.045654270 0.056487680 0.030366150 0.016825990 0.016015710 0.022563950 0.048637050 0.049898780 0.023337230 0.029235110 0.073128140 0.035174030 0.073046670 0.050006570 0.040982970 0.039514190 0.033536670 0.010383950 0.023935370 0.050724200 0.000878100 0.000000000 0.053644760 0.027781910 0.026851030 0.033888390 0.040345120 0.034376190 0.044613240 0.056556750 0.052113300 0.047100060 0.039220960 0.040220820 0.068217980 0.093206530 0.208831000 0.069406340 0.065621420 0.064311660 0.064951480 0.076277940 
20     0.057408570 0.050805230 0.124186750 0.111593520 0.080477340 0.064774680 0.049779940 0.057253240 0.056737690 0.050411970 0.064175220 0.088322440 0.045428470 0.044618190 0.056586600 0.056324590 0.053825390 0.056868700 0.041626090 0.108472620 0.070468570 0.108186760 0.069404110 0.101492040 0.119856890 0.119996910 0.064526320 0.114249120 0.086245440 0.051613250 0.053644760 0.000000000 0.009953590 0.005586500 0.040185420 0.018535920 0.007463830 0.009155770 0.020870980 0.029685400 0.038479980 0.011177900 0.010508860 0.047377630 0.057579830 0.132200170 0.098507660 0.078641920 0.096784860 0.049697580 0.114874820 
13     0.083788810 0.048226170 0.125797540 0.113204310 0.098101390 0.093851570 0.051803320 0.051437160 0.083117930 0.076792210 0.095177480 0.096818820 0.019565620 0.018755340 0.083350770 0.083513440 0.080205630 0.083248940 0.038716740 0.082609770 0.044655660 0.082528300 0.087205310 0.114512180 0.102495490 0.117208020 0.038663470 0.088386270 0.088386270 0.025750400 0.027781910 0.009953590 0.000000000 0.001401980 0.036672120 0.037777650 0.022815930 0.031750590 0.035067550 0.063636520 0.067910040 0.029081790 0.032878080 0.074828330 0.138526290 0.233002840 0.029183120 0.072231770 0.070922010 0.090112410 0.155289650 
10     0.081002360 0.047295290 0.102258790 0.089665560 0.074562640 0.083686680 0.050872440 0.050506280 0.101732870 0.084301210 0.075954250 0.075928730 0.018634740 0.017824460 0.086006080 0.086757540 0.085870780 0.075933790 0.037785860 0.081678890 0.043724780 0.081597420 0.083809690 0.100340480 0.105073510 0.116277140 0.037732590 0.087455390 0.087455390 0.024819520 0.026851030 0.005586500 0.001401980 0.000000000 0.035741240 0.030884640 0.021885050 0.030819710 0.034136670 0.046940340 0.044371290 0.028150910 0.031947200 0.061631390 0.071833590 0.149455110 0.075085810 0.071300890 0.069991130 0.079288500 0.170860340 
8     0.067205810 0.053858170 0.096421900 0.083828670 0.058353890 0.054755160 0.050543190 0.047087010 0.055037530 0.048238850 0.054101530 0.058078720 0.051499680 0.052920280 0.038380530 0.040221920 0.043918540 0.048553540 0.026110310 0.088571180 0.025448520 0.063166710 0.024384060 0.064996960 0.068629510 0.081770210 0.040940620 0.069934620 0.077483970 0.023735170 0.033888390 0.040185420 0.036672120 0.035741240 0.000000000 0.000204690 0.000912870 0.011124250 0.013083430 0.021567160 0.020646770 0.005866170 0.006516470 0.062224280 0.033437830 0.033414020 0.104772270 0.086286790 0.073903370 0.074108040 0.086143710 
42     0.049512150 0.034398340 0.085617150 0.073023920 0.057921000 0.042935760 0.041883520 0.047325900 0.042024930 0.030567730 0.045430870 0.045070020 0.039764580 0.042338410 0.038619420 0.040460810 0.044157430 0.042203170 0.032938940 0.087841080 0.049630120 0.087348310 0.048565660 0.062763380 0.050746690 0.051710620 0.035109790 0.078317330 0.077722860 0.036281260 0.040345120 0.018535920 0.037777650 0.030884640 0.000204690 0.000000000 0.001874580 0.008000120 0.010272360 0.017031640 0.012018400 0.006770030 0.008511600 0.054826470 0.036430970 0.036407160 0.083768660 0.064292530 0.049414330 0.055200080 0.078874250 
40     0.040770620 0.022290980 0.066157810 0.065712040 0.019290290 0.030503660 0.033141990 0.037987150 0.037807410 0.026350210 0.038794800 0.040852500 0.035835240 0.033596880 0.029280670 0.031122060 0.034818680 0.037985650 0.024407770 0.065583520 0.026230390 0.063948580 0.025165930 0.058545860 0.028914700 0.039603260 0.023002430 0.066598940 0.068384110 0.024517040 0.034376190 0.007463830 0.022815930 0.021885050 0.000912870 0.001874580 0.000000000 0.002130250 0.001698270 0.002241170 0.006755320 0.002773970 0.003537220 0.051704890 0.024401190 0.024377380 0.065789470 0.046313340 0.047876710 0.044127990 0.029396720 
3     0.048713550 0.042110210 0.095952090 0.083358860 0.050631680 0.047066650 0.041084920 0.048558220 0.048042670 0.039900080 0.054763220 0.053372930 0.046793890 0.041539810 0.041886950 0.043728340 0.045130370 0.048173680 0.036835160 0.080975710 0.036173370 0.073891560 0.035108910 0.072095730 0.060079040 0.081875640 0.051665470 0.076365140 0.080990390 0.034460020 0.044613240 0.009155770 0.031750590 0.030819710 0.011124250 0.008000120 0.002130250 0.000000000 0.004975960 0.004039310 0.016593830 0.000508100 0.002223910 0.054265770 0.062188380 0.062164570 0.077177550 0.062690330 0.058229690 0.045819930 0.070470030 
32     0.060089850 0.053486510 0.098274720 0.110155370 0.066974450 0.055072810 0.052461220 0.056590740 0.059418970 0.052629940 0.063605260 0.059118930 0.052125990 0.051315710 0.047884260 0.049725650 0.053422270 0.058057270 0.043011360 0.095345520 0.077216030 0.115088670 0.045130040 0.084825590 0.072808900 0.082920180 0.066089280 0.070700330 0.086987700 0.046686440 0.056556750 0.020870980 0.035067550 0.034136670 0.013083430 0.010272360 0.001698270 0.004975960 0.000000000 0.014429880 0.011468020 0.002132880 0.002171980 0.058363150 0.068831480 0.124662830 0.094634620 0.079607690 0.062327070 0.057535140 0.074567410 
18     0.066599850 0.034021160 0.104524880 0.091931650 0.065428490 0.057512600 0.051066030 0.063408120 0.049727950 0.038270750 0.053133890 0.052773040 0.086365690 0.063749700 0.054175980 0.055671580 0.060622670 0.049906190 0.050516480 0.096789800 0.084029590 0.113256840 0.076237400 0.070466400 0.058449710 0.051333440 0.034732610 0.104670910 0.091838430 0.043984280 0.052113300 0.029685400 0.063636520 0.046940340 0.021567160 0.017031640 0.002241170 0.004039310 0.014429880 0.000000000 0.003051280 0.002367170 0.005866170 0.078709480 0.034176930 0.034153120 0.082381130 0.062905000 0.086375530 0.065657460 0.115884390 
31     0.061586610 0.045345310 0.052215310 0.081717150 0.064244350 0.052395900 0.046052790 0.064940680 0.044714710 0.033257510 0.048120650 0.047759800 0.075583420 0.061111120 0.049162740 0.050658340 0.064701680 0.044892950 0.041632170 0.108417510 0.078095820 0.108243600 0.063268100 0.065453160 0.053436470 0.106354110 0.062999040 0.088838390 0.086825190 0.038971040 0.047100060 0.038479980 0.067910040 0.044371290 0.020646770 0.012018400 0.006755320 0.016593830 0.011468020 0.003051280 0.000000000 0.004951810 0.002500870 0.061453750 0.034915660 0.034891850 0.112583780 0.087764620 0.101438000 0.060644220 0.119935970 
34     0.042782080 0.032287950 0.057013870 0.068141220 0.038830140 0.041080350 0.035153450 0.039254950 0.039466340 0.028009140 0.042872280 0.042511430 0.040243310 0.035608340 0.030548470 0.032389860 0.036086480 0.039644580 0.025675570 0.070448170 0.031130650 0.068848840 0.030066190 0.060204790 0.048188100 0.049600230 0.032999400 0.074657160 0.069651910 0.029350650 0.039220960 0.011177900 0.029081790 0.028150910 0.005866170 0.006770030 0.002773970 0.000508100 0.002132880 0.002367170 0.004951810 0.000000000 0.000259250 0.053678610 0.038116330 0.038092520 0.072035630 0.052559500 0.057642530 0.047842060 0.069882870 
28     0.043823590 0.037220250 0.083501190 0.070907960 0.043086770 0.044247230 0.036194960 0.041762810 0.041229080 0.029771880 0.044635020 0.044274170 0.043205250 0.036649850 0.033056330 0.034897720 0.038594340 0.041407320 0.028183430 0.071973800 0.031780950 0.069499140 0.030716490 0.061967530 0.049950840 0.056998140 0.040397310 0.076296680 0.072159770 0.030067600 0.040220820 0.010508860 0.032878080 0.031947200 0.006516470 0.008511600 0.003537220 0.002223910 0.002171980 0.005866170 0.002500870 0.000259250 0.000000000 0.059327950 0.042451080 0.042427270 0.071690410 0.052214280 0.063291870 0.047173020 0.075532210 
43     0.089020760 0.092532960 0.178917530 0.150827760 0.089768150 0.094729870 0.090517900 0.087061720 0.095012240 0.088213560 0.094076240 0.102671520 0.063872410 0.063062130 0.078355240 0.080196630 0.083893250 0.088528250 0.072901020 0.123045840 0.085091730 0.122964370 0.127641380 0.129118790 0.127650010 0.121163600 0.077290120 0.128822340 0.116877360 0.066186470 0.068217980 0.047377630 0.074828330 0.061631390 0.062224280 0.054826470 0.051704890 0.054265770 0.058363150 0.078709480 0.061453750 0.053678610 0.059327950 0.000000000 0.000851130 0.033321330 0.000469090 0.002596860 0.007094720 0.095257460 0.098977420 
30     0.106304510 0.170498830 0.159777220 0.155992740 0.099970350 0.101570570 0.110142930 0.112059310 0.122192680 0.100184820 0.139103070 0.149807420 0.239308050 0.142246040 0.168572290 0.149282490 0.130667240 0.132937090 0.109055200 0.235768530 0.234709480 0.229321770 0.268931180 0.193468030 0.195327160 0.274151260 0.087492320 0.285604430 0.269865020 0.096719170 0.093206530 0.057579830 0.138526290 0.071833590 0.033437830 0.036430970 0.024401190 0.062188380 0.068831480 0.034176930 0.034915660 0.038116330 0.042451080 0.000851130 0.000000000 0.002098250 0.000571160 0.013135270 0.011402860 0.162934610 0.166654570 
21     0.178325090 0.173926470 0.159753410 0.155968930 0.217026620 0.101546760 0.110119120 0.112035500 0.122168870 0.100161010 0.159848110 0.182277620 0.245973790 0.174716240 0.201042490 0.181752690 0.163137440 0.165407290 0.181614300 0.242434270 0.241375220 0.250948950 0.275596920 0.218423120 0.216954340 0.258929590 0.192207840 0.270382760 0.254643350 0.209037760 0.208831000 0.132200170 0.233002840 0.149455110 0.033414020 0.036407160 0.024377380 0.062164570 0.124662830 0.034153120 0.034891850 0.038092520 0.042427270 0.033321330 0.002098250 0.000000000 0.010734330 0.007898490 0.043873060 0.184561790 0.188281750 
36     0.116628740 0.093721320 0.156892660 0.186832750 0.136875900 0.133277170 0.097298470 0.096932310 0.101773070 0.108736880 0.132623540 0.112394160 0.065060770 0.064250490 0.103007740 0.114400100 0.085837120 0.127075550 0.080341170 0.124234200 0.086280090 0.124152730 0.128829740 0.169442860 0.177373950 0.149974820 0.080287900 0.130010700 0.120515270 0.067374830 0.069406340 0.098507660 0.029183120 0.075085810 0.104772270 0.083768660 0.065789470 0.077177550 0.094634620 0.082381130 0.112583780 0.072035630 0.071690410 0.000469090 0.000571160 0.010734330 0.000000000 0.000277460 0.008283080 0.158856800 0.162857840 
12     0.124638980 0.082669200 0.137416530 0.152814260 0.121032440 0.116451880 0.093513550 0.093147390 0.124241350 0.091165090 0.123305350 0.131900630 0.061275850 0.060465570 0.107584350 0.109425740 0.113122360 0.115853040 0.076556250 0.120449280 0.082495170 0.120367810 0.125044820 0.160124670 0.163268230 0.150392710 0.076502980 0.126225780 0.126225780 0.063589910 0.065621420 0.078641920 0.072231770 0.071300890 0.086286790 0.064292530 0.046313340 0.062690330 0.079607690 0.062905000 0.087764620 0.052559500 0.052214280 0.002596860 0.013135270 0.007898490 0.000277460 0.000000000 0.004498160 0.130875680 0.134595640 
47     0.092984680 0.088626640 0.193987990 0.165898220 0.151275430 0.115353310 0.092203790 0.091837630 0.106542670 0.105499940 0.139900210 0.119244840 0.059966090 0.059155810 0.127070050 0.136241070 0.137714400 0.127843330 0.075246490 0.119139520 0.081185410 0.119058050 0.123735060 0.133082710 0.131613930 0.153737770 0.075193220 0.124916020 0.124916020 0.062280150 0.064311660 0.096784860 0.070922010 0.069991130 0.073903370 0.049414330 0.047876710 0.058229690 0.062327070 0.086375530 0.101438000 0.057642530 0.063291870 0.007094720 0.011402860 0.043873060 0.008283080 0.004498160 0.000000000 0.099221380 0.102941340 
50     0.053428770 0.040448010 0.075242910 0.062649680 0.047546760 0.056670800 0.049602830 0.053000780 0.036809630 0.038798360 0.037232080 0.061379300 0.040677810 0.076335740 0.029643460 0.029381450 0.030643180 0.030575150 0.016286650 0.117888620 0.116829570 0.133161800 0.096142360 0.076152600 0.078354670 0.068261210 0.051660380 0.113865830 0.111743390 0.063889240 0.064951480 0.049697580 0.090112410 0.079288500 0.074108040 0.055200080 0.044127990 0.045819930 0.057535140 0.065657460 0.060644220 0.047842060 0.047173020 0.095257460 0.162934610 0.184561790 0.158856800 0.130875680 0.099221380 0.000000000 0.087931680 
0     0.067195610 0.082874850 0.115304060 0.143828630 0.030090810 0.106884350 0.090171460 0.098727410 0.072545790 0.081225200 0.073207850 0.055370240 0.083086310 0.076398690 0.072070300 0.071808290 0.073070020 0.073675310 0.055314970 0.238853990 0.055472210 0.173112780 0.171891500 0.140586950 0.039715220 0.115600210 0.098999380 0.085658110 0.214709720 0.072220580 0.076277940 0.114874820 0.155289650 0.170860340 0.086143710 0.078874250 0.029396720 0.070470030 0.074567410 0.115884390 0.119935970 0.069882870 0.075532210 0.098977420 0.166654570 0.188281750 0.162857840 0.134595640 0.102941340 0.087931680 0.000000000 
