51
4     0.000000000 0.000075500 0.000042840 0.000052150 0.002247470 0.001719090 0.000272580 0.001964670 0.001942690 0.002066490 0.002782490 0.002313920 0.002956930 0.002030270 0.001957080 0.002652300 0.000217180 0.001980460 0.002629440 0.000141900 0.000936440 0.000926800 0.001114300 0.002085620 0.000463100 0.002469140 0.002506820 0.002478550 0.002066370 0.002692750 0.002839640 0.002547920 0.001441390 0.002505230 0.001393060 0.001421110 0.002601170 0.002751410 0.002235390 0.002351360 0.002355360 0.002745760 0.002826400 0.001657970 0.001592640 0.002764930 0.000956130 0.002116460 0.002794800 0.000628140 0.003022980 
3     0.000075500 0.000000000 0.000040980 0.000729920 0.002612830 0.002084450 0.000723610 0.000835100 0.002363730 0.002487530 0.002990760 0.002734960 0.003231310 0.002451310 0.002378120 0.001445860 0.000668210 0.002072140 0.001663020 0.002048310 0.001700590 0.001377830 0.001565330 0.001915320 0.000914130 0.001710940 0.002583360 0.002050080 0.002193130 0.002709510 0.001968550 0.001684550 0.001744190 0.002013800 0.001844090 0.001872140 0.001429230 0.002922100 0.002686420 0.002802390 0.002806390 0.002312990 0.002324920 0.001806750 0.001658340 0.001556430 0.001160220 0.002399000 0.002098150 0.001651550 0.002414760 
1     0.000042840 0.000040980 0.000000000 0.000467100 0.002597500 0.002069120 0.000879940 0.001549230 0.002252860 0.001462850 0.001368020 0.002149790 0.001931600 0.002354270 0.002281080 0.002025900 0.002478080 0.002437150 0.000964990 0.002347150 0.001955080 0.002701870 0.002745700 0.001077610 0.000851440 0.002549020 0.002626790 0.002410450 0.002260010 0.002776390 0.002497240 0.001961380 0.001895580 0.002080680 0.002361950 0.002120810 0.002721140 0.002871380 0.002837530 0.002884980 0.002895140 0.002865730 0.003219070 0.001610640 0.001398240 0.002138530 0.002004930 0.002465880 0.002794720 0.002552520 0.002970520 
2     0.000052150 0.000729920 0.000467100 0.000000000 0.003001030 0.002931630 0.001102520 0.001986330 0.002109950 0.002098490 0.002338690 0.000624530 0.000937830 0.000278450 0.001646140 0.002020210 0.000502380 0.000627940 0.000748700 0.000695340 0.000445690 0.000201220 0.001198210 0.000471120 0.000441560 0.001920030 0.001989160 0.001487050 0.001515090 0.002016050 0.001075270 0.001154540 0.000928210 0.000928370 0.000931870 0.000932990 0.000490740 0.002626200 0.002979370 0.003026820 0.003036980 0.002087420 0.001757910 0.002927000 0.001422910 0.000195610 0.000613980 0.002701990 0.001273890 0.000207350 0.000970560 
10     0.002247470 0.002612830 0.002597500 0.003001030 0.000000000 0.000200930 0.002086210 0.001841560 0.002843590 0.002793440 0.002364410 0.002275250 0.002389560 0.000902670 0.002033090 0.000159060 0.002081570 0.001227600 0.000221010 0.002448100 0.001724090 0.002826020 0.001871880 0.001171890 0.001773600 0.002679190 0.002400540 0.002156310 0.002368830 0.001590100 0.002085550 0.002750000 0.002919470 0.003006690 0.003072670 0.002061960 0.001060600 0.002808060 0.003151190 0.002698920 0.002732130 0.000817390 0.003028770 0.002854140 0.003386740 0.001337720 0.000918920 0.002260680 0.001724490 0.002293850 0.001213930 
6     0.001719090 0.002084450 0.002069120 0.002931630 0.000200930 0.000000000 0.001871530 0.001329300 0.001223050 0.001210370 0.001754940 0.002552430 0.002168840 0.001832390 0.001773330 0.001509640 0.000442130 0.002984510 0.000662720 0.001405940 0.001536680 0.001628750 0.001448310 0.000939620 0.000946010 0.001273460 0.001254830 0.000792810 0.001876790 0.001645560 0.001484010 0.002109700 0.001089400 0.001509760 0.002095010 0.002123060 0.001580620 0.002586410 0.002309850 0.002381640 0.002337840 0.001337410 0.002671370 0.002325760 0.002294590 0.001969950 0.000970980 0.002052380 0.002261450 0.002398990 0.001733950 
16     0.000272580 0.000723610 0.000879940 0.001102520 0.002086210 0.001871530 0.000000000 0.000114660 0.001583960 0.000793950 0.000699120 0.001480890 0.001262700 0.002366680 0.002324880 0.001634450 0.000093020 0.001400210 0.000296090 0.001475700 0.001903850 0.000805220 0.000992720 0.000408710 0.000182540 0.002747230 0.001192120 0.002031620 0.001642530 0.001956910 0.001740580 0.001557810 0.001396350 0.001524190 0.001271480 0.000176250 0.002679860 0.002719560 0.002113810 0.002144470 0.002233780 0.003018790 0.001457410 0.002218200 0.001471060 0.001477610 0.000834550 0.001994880 0.001807960 0.003046000 0.003543970 
35     0.001964670 0.000835100 0.001549230 0.001986330 0.001841560 0.001329300 0.000114660 0.000000000 0.002133950 0.001463240 0.001368410 0.000737450 0.000682440 0.000983100 0.001859220 0.001089750 0.002478470 0.002106880 0.000965380 0.002010740 0.002678890 0.002453250 0.002514550 0.001078000 0.000851830 0.001608800 0.001320160 0.001788670 0.000680230 0.002235050 0.001484290 0.001073190 0.001178980 0.002348010 0.001705500 0.000232300 0.000749560 0.002294040 0.001113290 0.001185080 0.001141280 0.003337420 0.002929070 0.001341280 0.002223120 0.002240680 0.002175440 0.002774990 0.002514630 0.003341020 0.003972790 
8     0.001942690 0.002363730 0.002252860 0.002109950 0.002843590 0.001223050 0.001583960 0.002133950 0.000000000 0.000000010 0.000206040 0.000356290 0.000348250 0.000455230 0.000394450 0.001495140 0.001142460 0.001526660 0.000698480 0.001610190 0.002238750 0.002392370 0.002150380 0.001781630 0.001544480 0.002435550 0.002624440 0.001936960 0.001777020 0.001743660 0.001932060 0.002024460 0.000656110 0.001234480 0.002258530 0.002294470 0.001904240 0.002888290 0.002152300 0.002878030 0.002971460 0.002942050 0.002820100 0.002640070 0.002835320 0.002082010 0.002016770 0.001975410 0.001999750 0.002511570 0.002805670 
21     0.002066490 0.002487530 0.001462850 0.002098490 0.002793440 0.001210370 0.000793950 0.001463240 0.000000010 0.000000000 0.000055780 0.000345100 0.000196310 0.000254120 0.000203960 0.001483230 0.001129780 0.001385990 0.000557810 0.001469520 0.002258440 0.002235430 0.001995420 0.000991620 0.000765450 0.002238360 0.002427250 0.001925050 0.001765110 0.002249120 0.001951750 0.002557100 0.000823220 0.001261760 0.002285810 0.002886020 0.001763570 0.002691100 0.002011630 0.002680840 0.002826120 0.002927330 0.002656120 0.002520080 0.002802770 0.001884820 0.001819580 0.001834740 0.001967200 0.002348690 0.002792990 
18     0.002782490 0.002990760 0.001368020 0.002338690 0.002364410 0.001754940 0.000699120 0.001368410 0.000206040 0.000055780 0.000000000 0.000192110 0.000307480 0.000668150 0.000535950 0.001094560 0.001170060 0.001419700 0.000591520 0.001503230 0.002063920 0.002352210 0.002211710 0.000896790 0.000670620 0.002642400 0.002623770 0.002161750 0.002025510 0.001264480 0.001823120 0.001545280 0.000769670 0.001217520 0.002108750 0.001815290 0.001797280 0.003038760 0.002045340 0.002771920 0.003062520 0.003033110 0.003119950 0.002325370 0.002060110 0.002348650 0.002283410 0.001868450 0.002277330 0.002597930 0.003245820 
29     0.002313920 0.002734960 0.002149790 0.000624530 0.002275250 0.002552430 0.001480890 0.000737450 0.000356290 0.000345100 0.000192110 0.000000000 0.000116710 0.000011400 0.000102190 0.001594910 0.001273070 0.001522710 0.000694530 0.001606240 0.002070030 0.002642730 0.001855780 0.001678560 0.001452390 0.002645660 0.002529260 0.002527840 0.001669830 0.002098900 0.002343820 0.002379700 0.002039240 0.001746030 0.002565760 0.002649710 0.001900290 0.003023030 0.002148350 0.002874930 0.002582570 0.002714500 0.002706820 0.002309720 0.002961880 0.002292120 0.002226880 0.001971460 0.003001000 0.002209050 0.003066850 
48     0.002956930 0.003231310 0.001931600 0.000937830 0.002389560 0.002168840 0.001262700 0.000682440 0.000348250 0.000196310 0.000307480 0.000116710 0.000000000 0.000109930 0.000000450 0.001666600 0.001146580 0.001396220 0.000568040 0.001479750 0.001684900 0.002461140 0.001928580 0.001460370 0.001234200 0.002464070 0.002393370 0.002391950 0.002184270 0.002259350 0.002031570 0.002657260 0.002274590 0.001619540 0.002828720 0.002948880 0.001773800 0.002887140 0.002021860 0.002748440 0.002446680 0.003133420 0.002881830 0.002496470 0.002231210 0.002110530 0.002045290 0.001844970 0.003006380 0.002453560 0.003182220 
40     0.002030270 0.002451310 0.002354270 0.000278450 0.000902670 0.001832390 0.002366680 0.000983100 0.000455230 0.000254120 0.000668150 0.000011400 0.000109930 0.000000000 0.000015760 0.000791950 0.001812400 0.001862470 0.000855880 0.002029250 0.001754010 0.002214050 0.001942690 0.002815130 0.001366160 0.002438660 0.002177590 0.002176170 0.001860260 0.003047860 0.002298130 0.002411330 0.002318080 0.002805910 0.002720060 0.002740250 0.002245760 0.002671360 0.002672580 0.002585530 0.002230900 0.002775280 0.002767600 0.002370500 0.002657000 0.002054110 0.002019880 0.002004360 0.001821430 0.002237780 0.003661260 
47     0.001957080 0.002378120 0.002281080 0.001646140 0.002033090 0.001773330 0.002324880 0.001859220 0.000394450 0.000203960 0.000535950 0.000102190 0.000000450 0.000015760 0.000000000 0.001332230 0.002400210 0.002600380 0.000943480 0.002055340 0.002366890 0.002254910 0.002278520 0.002717620 0.001567530 0.002464750 0.002642160 0.002180140 0.002350680 0.003173230 0.002060200 0.002612700 0.002303220 0.002426610 0.002921430 0.002592410 0.002292220 0.002917490 0.002828790 0.002907230 0.002711670 0.002570970 0.002882510 0.002919460 0.002858370 0.002111210 0.002045970 0.002205730 0.002022800 0.002500630 0.002967510 
43     0.002652300 0.001445860 0.002025900 0.002020210 0.000159060 0.001509640 0.001634450 0.001089750 0.001495140 0.001483230 0.001094560 0.001594910 0.001666600 0.000791950 0.001332230 0.000000000 0.001972830 0.001118860 0.000112270 0.001389830 0.001638680 0.001856430 0.002195060 0.002134790 0.000956460 0.000617240 0.001642660 0.000956380 0.001305770 0.001649440 0.000874850 0.001930240 0.001807170 0.001712000 0.002293370 0.002200250 0.000335530 0.002368620 0.002577680 0.002486290 0.002362180 0.001219290 0.001231220 0.000713050 0.001197350 0.001129390 0.000733180 0.002097200 0.001671110 0.001697030 0.002133360 
32     0.000217180 0.000668210 0.002478080 0.000502380 0.002081570 0.000442130 0.000093020 0.002478470 0.001142460 0.001129780 0.001170060 0.001273070 0.001146580 0.001812400 0.002400210 0.001972830 0.000000000 0.000003860 0.000362600 0.000309280 0.000059630 0.000398740 0.000484690 0.000093860 0.000064300 0.002131180 0.001740140 0.001684570 0.000407840 0.002295170 0.001272790 0.003035710 0.001125730 0.001125890 0.001129390 0.001130510 0.000688260 0.002047220 0.001215050 0.000902840 0.000951630 0.001293640 0.001285960 0.000888860 0.001415660 0.000393130 0.000779150 0.001880790 0.001784840 0.000404870 0.001168420 
5     0.001980460 0.002072140 0.002437150 0.000627940 0.001227600 0.002984510 0.001400210 0.002106880 0.001526660 0.001385990 0.001419700 0.001522710 0.001396220 0.001862470 0.002600380 0.001118860 0.000003860 0.000000000 0.000488160 0.000434840 0.000185190 0.000524300 0.001521290 0.000219420 0.000189860 0.002943420 0.002041700 0.001810130 0.002459400 0.002260580 0.001398350 0.003161270 0.001251290 0.001251450 0.001254950 0.001256070 0.000813820 0.002138790 0.001306620 0.000994410 0.001043200 0.002543640 0.003282910 0.001604450 0.001543360 0.000518690 0.002391150 0.002130430 0.001910400 0.000530430 0.001293980 
23     0.002629440 0.001663020 0.000964990 0.000748700 0.000221010 0.000662720 0.000296090 0.000965380 0.000698480 0.000557810 0.000591520 0.000694530 0.000568040 0.000855880 0.000943480 0.000112270 0.000362600 0.000488160 0.000000000 0.000555600 0.000305950 0.000645060 0.001622470 0.000340180 0.000251330 0.000834400 0.001978780 0.001173540 0.001522930 0.001716630 0.001092010 0.002031760 0.001372050 0.001076820 0.001375710 0.001376830 0.000552690 0.002472550 0.001479140 0.002205720 0.002032090 0.001436450 0.001448380 0.000930210 0.001508380 0.000639450 0.000950340 0.001302250 0.001755040 0.000651190 0.000291620 
9     0.000141900 0.002048310 0.002347150 0.000695340 0.002448100 0.001405940 0.001475700 0.002010740 0.001610190 0.001469520 0.001503230 0.001606240 0.001479750 0.002029250 0.002055340 0.001389830 0.000309280 0.000434840 0.000555600 0.000000000 0.000053500 0.000591700 0.000852630 0.000286820 0.000257260 0.001710750 0.001692120 0.001230100 0.000904520 0.002626160 0.001465750 0.001882500 0.001318690 0.001318850 0.001322350 0.001323470 0.000881220 0.002554900 0.002390930 0.002469070 0.002114440 0.001813960 0.001806280 0.001409180 0.001767900 0.000586090 0.001131390 0.002081500 0.001977800 0.000597830 0.001361380 
14     0.000936440 0.001700590 0.001955080 0.000445690 0.001724090 0.001536680 0.001903850 0.002678890 0.002238750 0.002258440 0.002063920 0.002070030 0.001684900 0.001754010 0.002366890 0.001638680 0.000059630 0.000185190 0.000305950 0.000053500 0.000000000 0.000342050 0.000110440 0.000037170 0.000007610 0.002709320 0.002129990 0.001627880 0.001590300 0.002695120 0.001216100 0.002145730 0.001069040 0.001069200 0.001072700 0.001073820 0.000631570 0.002684490 0.002947340 0.002694870 0.002625880 0.002153560 0.002769450 0.002539530 0.001563740 0.000336440 0.001958350 0.002150460 0.001728150 0.000348180 0.001111730 
28     0.000926800 0.001377830 0.002701870 0.000201220 0.002826020 0.001628750 0.000805220 0.002453250 0.002392370 0.002235430 0.002352210 0.002642730 0.002461140 0.002214050 0.002254910 0.001856430 0.000398740 0.000524300 0.000645060 0.000591700 0.000342050 0.000000000 0.000123910 0.000367480 0.000337920 0.002373590 0.001825380 0.001323270 0.001856070 0.002197530 0.000911490 0.000970890 0.000764430 0.000764590 0.000768090 0.000769210 0.000326960 0.002907240 0.001740170 0.001856140 0.001860140 0.002413450 0.003469460 0.001954930 0.001097420 0.000031830 0.000460910 0.001621240 0.001423540 0.000043570 0.000867260 
33     0.001114300 0.001565330 0.002745700 0.001198210 0.001871880 0.001448310 0.000992720 0.002514550 0.002150380 0.001995420 0.002211710 0.001855780 0.001928580 0.001942690 0.002278520 0.002195060 0.000484690 0.001521290 0.001622470 0.000852630 0.000110440 0.000123910 0.000000000 0.001343240 0.000570770 0.002285110 0.002245640 0.002147380 0.000538130 0.002385030 0.001454810 0.000863130 0.001736740 0.001761580 0.001085340 0.001113390 0.001323950 0.002596120 0.001927670 0.002043640 0.002047640 0.001447570 0.001439890 0.001042790 0.001284920 0.001028820 0.000648410 0.001808740 0.002420530 0.001040560 0.001864250 
11     0.002085620 0.001915320 0.001077610 0.000471120 0.001171890 0.000939620 0.000408710 0.001078000 0.001781630 0.000991620 0.000896790 0.001678560 0.001460370 0.002815130 0.002717620 0.002134790 0.000093860 0.000219420 0.000340180 0.000286820 0.000037170 0.000367480 0.001343240 0.000000000 0.000016490 0.001786250 0.002155420 0.001306410 0.001991490 0.002109320 0.001241530 0.001509010 0.001094470 0.001094630 0.001098130 0.001099250 0.000657000 0.002614860 0.002524970 0.000722700 0.002552960 0.001895820 0.001883840 0.002217510 0.001589170 0.000361870 0.002234330 0.002933810 0.001753580 0.000373610 0.001137160 
12     0.000463100 0.000914130 0.000851440 0.000441560 0.001773600 0.000946010 0.000182540 0.000851830 0.001544480 0.000765450 0.000670620 0.001452390 0.001234200 0.001366160 0.001567530 0.000956460 0.000064300 0.000189860 0.000251330 0.000257260 0.000007610 0.000337920 0.000570770 0.000016490 0.000000000 0.001644620 0.001890000 0.001476010 0.001200240 0.002368420 0.001211970 0.000904210 0.001064910 0.001065070 0.001068570 0.001069690 0.000627440 0.001232600 0.001027550 0.001420170 0.001436010 0.002257040 0.001890620 0.002494600 0.001559610 0.000332310 0.001025070 0.001458620 0.001724020 0.000344050 0.001107600 
46     0.002469140 0.001710940 0.002549020 0.001920030 0.002679190 0.001273460 0.002747230 0.001608800 0.002435550 0.002238360 0.002642400 0.002645660 0.002464070 0.002438660 0.002464750 0.000617240 0.002131180 0.002943420 0.000834400 0.001710750 0.002709320 0.002373590 0.002285110 0.001786250 0.001644620 0.000000000 0.000129070 0.000005220 0.000777050 0.000830380 0.000535690 0.001402230 0.000979060 0.000508580 0.001102660 0.000692420 0.000336880 0.001791700 0.001677410 0.001749200 0.001705400 0.001408050 0.001419980 0.000901810 0.001479980 0.001394470 0.000998260 0.002424840 0.001936190 0.001962110 0.003286380 
36     0.002506820 0.002583360 0.002626790 0.001989160 0.002400540 0.001254830 0.001192120 0.001320160 0.002624440 0.002427250 0.002623770 0.002529260 0.002393370 0.002177590 0.002642160 0.001642660 0.001740140 0.002041700 0.001978780 0.001692120 0.002129990 0.001825380 0.002245640 0.002155420 0.001890000 0.000129070 0.000000000 0.000121100 0.000851080 0.000691970 0.001426490 0.001354320 0.001014510 0.001278210 0.001075960 0.001282830 0.001021000 0.001684330 0.001371560 0.001460560 0.001243870 0.001980600 0.001643890 0.001616760 0.002004860 0.001185980 0.001073230 0.002190010 0.002392180 0.001807630 0.002655200 
45     0.002478550 0.002050080 0.002410450 0.001487050 0.002156310 0.000792810 0.002031620 0.001788670 0.001936960 0.001925050 0.002161750 0.002527840 0.002391950 0.002176170 0.002180140 0.000956380 0.001684570 0.001810130 0.001173540 0.001230100 0.001627880 0.001323270 0.002147380 0.001306410 0.001476010 0.000005220 0.000121100 0.000000000 0.000317500 0.001052230 0.000874830 0.001191120 0.000552490 0.000701720 0.000779600 0.000780720 0.000530020 0.001534300 0.001684130 0.001597080 0.001242450 0.001255510 0.001243530 0.001240950 0.001174210 0.001293780 0.001314160 0.002041990 0.002275330 0.001305520 0.002153090 
25     0.002066370 0.002193130 0.002260010 0.001515090 0.002368830 0.001876790 0.001642530 0.000680230 0.001777020 0.001765110 0.002025510 0.001669830 0.002184270 0.001860260 0.002350680 0.001305770 0.000407840 0.002459400 0.001522930 0.000904520 0.001590300 0.001856070 0.000538130 0.001991490 0.001200240 0.000777050 0.000851080 0.000317500 0.000000000 0.000082280 0.000650110 0.000475600 0.000523510 0.001228000 0.000521150 0.001487580 0.000390330 0.001304090 0.000754060 0.000825850 0.000782050 0.001370720 0.001363040 0.000965940 0.001813150 0.001564200 0.001430600 0.001891550 0.002220390 0.001270400 0.002885750 
19     0.002692750 0.002709510 0.002776390 0.002016050 0.001590100 0.001645560 0.001956910 0.002235050 0.001743660 0.002249120 0.001264480 0.002098900 0.002259350 0.003047860 0.003173230 0.001649440 0.002295170 0.002260580 0.001716630 0.002626160 0.002695120 0.002197530 0.002385030 0.002109320 0.002368420 0.000830380 0.000691970 0.001052230 0.000082280 0.000000000 0.000675550 0.000501040 0.000548950 0.001447690 0.000546590 0.001119630 0.000617190 0.001515320 0.001095830 0.002235580 0.002268070 0.001732380 0.002384370 0.001952250 0.001670600 0.002080580 0.001742450 0.002334550 0.002068940 0.002575010 0.003482960 
50     0.002839640 0.001968550 0.002497240 0.001075270 0.002085550 0.001484010 0.001740580 0.001484290 0.001932060 0.001951750 0.001823120 0.002343820 0.002031570 0.002298130 0.002060200 0.000874850 0.001272790 0.001398350 0.001092010 0.001465750 0.001216100 0.000911490 0.001454810 0.001241530 0.001211970 0.000535690 0.001426490 0.000874830 0.000650110 0.000675550 0.000000000 0.000099750 0.000365540 0.000365700 0.000369200 0.000370320 0.000707050 0.001790180 0.001923990 0.001800560 0.001731570 0.001665660 0.001677590 0.001159420 0.001363270 0.000882000 0.001245980 0.001438090 0.001844530 0.000893740 0.001741310 
44     0.002547920 0.001684550 0.001961380 0.001154540 0.002750000 0.002109700 0.001557810 0.001073190 0.002024460 0.002557100 0.001545280 0.002379700 0.002657260 0.002411330 0.002612700 0.001930240 0.003035710 0.003161270 0.002031760 0.001882500 0.002145730 0.000970890 0.000863130 0.001509010 0.000904210 0.001402230 0.001354320 0.001191120 0.000475600 0.000501040 0.000099750 0.000000000 0.000803070 0.001200870 0.000867810 0.001457870 0.001150590 0.002074400 0.001514320 0.001586110 0.001542310 0.002068750 0.002422090 0.001552990 0.001234200 0.001902760 0.001871670 0.002063780 0.002470220 0.001860220 0.003121090 
37     0.001441390 0.001744190 0.001895580 0.000928210 0.002919470 0.001089400 0.001396350 0.001178980 0.000656110 0.000823220 0.000769670 0.002039240 0.002274590 0.002318080 0.002303220 0.001807170 0.001125730 0.001251290 0.001372050 0.001318690 0.001069040 0.000764430 0.001736740 0.001094470 0.001064910 0.000979060 0.001014510 0.000552490 0.000523510 0.000548950 0.000365540 0.000803070 0.000000000 0.000000160 0.000003660 0.000004780 0.000559990 0.001780670 0.001824120 0.001867980 0.001837860 0.001577970 0.002005300 0.001888240 0.001492160 0.000734940 0.001489000 0.001220900 0.001282940 0.000746680 0.001594250 
49     0.002505230 0.002013800 0.002080680 0.000928370 0.003006690 0.001509760 0.001524190 0.002348010 0.001234480 0.001261760 0.001217520 0.001746030 0.001619540 0.002805910 0.002426610 0.001712000 0.001125890 0.001251450 0.001076820 0.001318850 0.001069200 0.000764590 0.001761580 0.001094630 0.001065070 0.000508580 0.001278210 0.000701720 0.001228000 0.001447690 0.000365700 0.001200870 0.000000160 0.000000000 0.000003820 0.000004940 0.000560150 0.001930710 0.001241920 0.001968500 0.002008420 0.001728010 0.002214320 0.001750370 0.001492320 0.000735100 0.001251270 0.001539210 0.001601250 0.000746840 0.001594410 
42     0.001393060 0.001844090 0.002361950 0.000931870 0.003072670 0.002095010 0.001271480 0.001705500 0.002258530 0.002285810 0.002108750 0.002565760 0.002828720 0.002720060 0.002921430 0.002293370 0.001129390 0.001254950 0.001375710 0.001322350 0.001072700 0.000768090 0.001085340 0.001098130 0.001068570 0.001102660 0.001075960 0.000779600 0.000521150 0.000546590 0.000369200 0.000867810 0.000003660 0.000003820 0.000000000 0.000001360 0.000563650 0.002233230 0.001497670 0.001613640 0.001617640 0.002030530 0.002391530 0.001712430 0.000854920 0.000738600 0.000918810 0.002079140 0.002130310 0.000750340 0.001597910 
41     0.001421110 0.001872140 0.002120810 0.000932990 0.002061960 0.002123060 0.000176250 0.000232300 0.002294470 0.002886020 0.001815290 0.002649710 0.002948880 0.002740250 0.002592410 0.002200250 0.001130510 0.001256070 0.001376830 0.001323470 0.001073820 0.000769210 0.001113390 0.001099250 0.001069690 0.000692420 0.001282830 0.000780720 0.001487580 0.001119630 0.000370320 0.001457870 0.000004780 0.000004940 0.000001360 0.000000000 0.000564770 0.002168370 0.001525720 0.001641690 0.001645690 0.002014260 0.001564090 0.001740480 0.000882970 0.000739720 0.000946860 0.002107190 0.002131430 0.000751460 0.001599030 
31     0.002601170 0.001429230 0.002721140 0.000490740 0.001060600 0.001580620 0.002679860 0.000749560 0.001904240 0.001763570 0.001797280 0.001900290 0.001773800 0.002245760 0.002292220 0.000335530 0.000688260 0.000813820 0.000552690 0.000881220 0.000631570 0.000326960 0.001323950 0.000657000 0.000627440 0.000336880 0.001021000 0.000530020 0.000390330 0.000617190 0.000707050 0.001150590 0.000559990 0.000560150 0.000563650 0.000564770 0.000000000 0.000779620 0.000401230 0.000473020 0.000429220 0.000532470 0.000851200 0.000485260 0.000944660 0.000297470 0.000716550 0.002220390 0.001654480 0.000309210 0.001156780 
22     0.002751410 0.002922100 0.002871380 0.002626200 0.002808060 0.002586410 0.002719560 0.002294040 0.002888290 0.002691100 0.003038760 0.003023030 0.002887140 0.002671360 0.002917490 0.002368620 0.002047220 0.002138790 0.002472550 0.002554900 0.002684490 0.002907240 0.002596120 0.002614860 0.001232600 0.001791700 0.001684330 0.001534300 0.001304090 0.001515320 0.001790180 0.002074400 0.001780670 0.001930710 0.002233230 0.002168370 0.000779620 0.000000000 0.000061150 0.000032000 0.000043300 0.000698790 0.000487080 0.000947740 0.001154550 0.001821620 0.001708870 0.001985070 0.001990260 0.002304220 0.004228590 
38     0.002235390 0.002686420 0.002837530 0.002979370 0.003151190 0.002309850 0.002113810 0.001113290 0.002152300 0.002011630 0.002045340 0.002148350 0.002021860 0.002672580 0.002828790 0.002577680 0.001215050 0.001306620 0.001479140 0.002390930 0.002947340 0.001740170 0.001927670 0.002524970 0.001027550 0.001677410 0.001371560 0.001684130 0.000754060 0.001095830 0.001923990 0.001514320 0.001824120 0.001241920 0.001497670 0.001525720 0.000401230 0.000061150 0.000000000 0.000066950 0.000001690 0.000664940 0.000849320 0.000353250 0.000970190 0.002635220 0.001761140 0.002210840 0.002216030 0.002305440 0.004228750 
30     0.002351360 0.002802390 0.002884980 0.003026820 0.002698920 0.002381640 0.002144470 0.001185080 0.002878030 0.002680840 0.002771920 0.002874930 0.002748440 0.002585530 0.002907230 0.002486290 0.000902840 0.000994410 0.002205720 0.002469070 0.002694870 0.001856140 0.002043640 0.000722700 0.001420170 0.001749200 0.001460560 0.001597080 0.000825850 0.002235580 0.001800560 0.001586110 0.001867980 0.001968500 0.001613640 0.001641690 0.000473020 0.000032000 0.000066950 0.000000000 0.000019980 0.000632830 0.000825680 0.000743440 0.001101610 0.001789620 0.001676870 0.002203010 0.002208200 0.002218390 0.003978030 
13     0.002355360 0.002806390 0.002895140 0.003036980 0.002732130 0.002337840 0.002233780 0.001141280 0.002971460 0.002826120 0.003062520 0.002582570 0.002446680 0.002230900 0.002711670 0.002362180 0.000951630 0.001043200 0.002032090 0.002114440 0.002625880 0.001860140 0.002047640 0.002552960 0.001436010 0.001705400 0.001243870 0.001242450 0.000782050 0.002268070 0.001731570 0.001542310 0.001837860 0.002008420 0.001617640 0.001645690 0.000429220 0.000043300 0.000001690 0.000019980 0.000000000 0.000722550 0.000811260 0.000476130 0.001149400 0.002399450 0.001881110 0.002396890 0.002402080 0.001863760 0.004164070 
7     0.002745760 0.002312990 0.002865730 0.002087420 0.000817390 0.001337410 0.003018790 0.003337420 0.002942050 0.002927330 0.003033110 0.002714500 0.003133420 0.002775280 0.002570970 0.001219290 0.001293640 0.002543640 0.001436450 0.001813960 0.002153560 0.002413450 0.001447570 0.001895820 0.002257040 0.001408050 0.001980600 0.001255510 0.001370720 0.001732380 0.001665660 0.002068750 0.001577970 0.001728010 0.002030530 0.002014260 0.000532470 0.000698790 0.000664940 0.000632830 0.000722550 0.000000000 0.000010000 0.000801390 0.000838800 0.001996520 0.001600310 0.002539940 0.002538240 0.002564160 0.001169460 
20     0.002826400 0.002324920 0.003219070 0.001757910 0.003028770 0.002671370 0.001457410 0.002929070 0.002820100 0.002656120 0.003119950 0.002706820 0.002881830 0.002767600 0.002882510 0.001231220 0.001285960 0.003282910 0.001448380 0.001806280 0.002769450 0.003469460 0.001439890 0.001883840 0.001890620 0.001419980 0.001643890 0.001243530 0.001363040 0.002384370 0.001677590 0.002422090 0.002005300 0.002214320 0.002391530 0.001564090 0.000851200 0.000487080 0.000849320 0.000825680 0.000811260 0.000010000 0.000000000 0.000337140 0.001179190 0.000696350 0.000583600 0.002555160 0.002550170 0.002576090 0.003380840 
26     0.001657970 0.001806750 0.001610640 0.002927000 0.002854140 0.002325760 0.002218200 0.001341280 0.002640070 0.002520080 0.002325370 0.002309720 0.002496470 0.002370500 0.002919460 0.000713050 0.000888860 0.001604450 0.000930210 0.001409180 0.002539530 0.001954930 0.001042790 0.002217510 0.002494600 0.000901810 0.001616760 0.001240950 0.000965940 0.001952250 0.001159420 0.001552990 0.001888240 0.001750370 0.001712430 0.001740480 0.000485260 0.000947740 0.000353250 0.000743440 0.000476130 0.000801390 0.000337140 0.000000000 0.000250840 0.001490280 0.001094070 0.002251930 0.002032000 0.002057920 0.002680270 
27     0.001592640 0.001658340 0.001398240 0.001422910 0.003386740 0.002294590 0.001471060 0.002223120 0.002835320 0.002802770 0.002060110 0.002961880 0.002231210 0.002657000 0.002858370 0.001197350 0.001415660 0.001543360 0.001508380 0.001767900 0.001563740 0.001097420 0.001284920 0.001589170 0.001559610 0.001479980 0.002004860 0.001174210 0.001813150 0.001670600 0.001363270 0.001234200 0.001492160 0.001492320 0.000854920 0.000882970 0.000944660 0.001154550 0.000970190 0.001101610 0.001149400 0.000838800 0.001179190 0.000250840 0.000000000 0.001229640 0.001118390 0.000159230 0.002610170 0.001241380 0.002088950 
39     0.002764930 0.001556430 0.002138530 0.000195610 0.001337720 0.001969950 0.001477610 0.002240680 0.002082010 0.001884820 0.002348650 0.002292120 0.002110530 0.002054110 0.002111210 0.001129390 0.000393130 0.000518690 0.000639450 0.000586090 0.000336440 0.000031830 0.001028820 0.000361870 0.000332310 0.001394470 0.001185980 0.001293780 0.001564200 0.002080580 0.000882000 0.001902760 0.000734940 0.000735100 0.000738600 0.000739720 0.000297470 0.001821620 0.002635220 0.001789620 0.002399450 0.001996520 0.000696350 0.001490280 0.001229640 0.000000000 0.000035290 0.000719890 0.001324970 0.000014080 0.000861650 
34     0.000956130 0.001160220 0.002004930 0.000613980 0.000918920 0.000970980 0.000834550 0.002175440 0.002016770 0.001819580 0.002283410 0.002226880 0.002045290 0.002019880 0.002045970 0.000733180 0.000779150 0.002391150 0.000950340 0.001131390 0.001958350 0.000460910 0.000648410 0.002234330 0.001025070 0.000998260 0.001073230 0.001314160 0.001430600 0.001742450 0.001245980 0.001871670 0.001489000 0.001251270 0.000918810 0.000946860 0.000716550 0.001708870 0.001761140 0.001676870 0.001881110 0.001600310 0.000583600 0.001094070 0.001118390 0.000035290 0.000000000 0.000477360 0.000964860 0.000854380 0.002482060 
15     0.002116460 0.002399000 0.002465880 0.002701990 0.002260680 0.002052380 0.001994880 0.002774990 0.001975410 0.001834740 0.001868450 0.001971460 0.001844970 0.002004360 0.002205730 0.002097200 0.001880790 0.002130430 0.001302250 0.002081500 0.002150460 0.001621240 0.001808740 0.002933810 0.001458620 0.002424840 0.002190010 0.002041990 0.001891550 0.002334550 0.001438090 0.002063780 0.001220900 0.001539210 0.002079140 0.002107190 0.002220390 0.001985070 0.002210840 0.002203010 0.002396890 0.002539940 0.002555160 0.002251930 0.000159230 0.000719890 0.000477360 0.000000000 0.000089010 0.001153710 0.003920010 
17     0.002794800 0.002098150 0.002794720 0.001273890 0.001724490 0.002261450 0.001807960 0.002514630 0.001999750 0.001967200 0.002277330 0.003001000 0.003006380 0.001821430 0.002022800 0.001671110 0.001784840 0.001910400 0.001755040 0.001977800 0.001728150 0.001423540 0.002420530 0.001753580 0.001724020 0.001936190 0.002392180 0.002275330 0.002220390 0.002068940 0.001844530 0.002470220 0.001282940 0.001601250 0.002130310 0.002131430 0.001654480 0.001990260 0.002216030 0.002208200 0.002402080 0.002538240 0.002550170 0.002032000 0.002610170 0.001324970 0.000964860 0.000089010 0.000000000 0.001116860 0.002253360 
24     0.000628140 0.001651550 0.002552520 0.000207350 0.002293850 0.002398990 0.003046000 0.003341020 0.002511570 0.002348690 0.002597930 0.002209050 0.002453560 0.002237780 0.002500630 0.001697030 0.000404870 0.000530430 0.000651190 0.000597830 0.000348180 0.000043570 0.001040560 0.000373610 0.000344050 0.001962110 0.001807630 0.001305520 0.001270400 0.002575010 0.000893740 0.001860220 0.000746680 0.000746840 0.000750340 0.000751460 0.000309210 0.002304220 0.002305440 0.002218390 0.001863760 0.002564160 0.002576090 0.002057920 0.001241380 0.000014080 0.000854380 0.001153710 0.001116860 0.000000000 0.000873390 
0     0.003022980 0.002414760 0.002970520 0.000970560 0.001213930 0.001733950 0.003543970 0.003972790 0.002805670 0.002792990 0.003245820 0.003066850 0.003182220 0.003661260 0.002967510 0.002133360 0.001168420 0.001293980 0.000291620 0.001361380 0.001111730 0.000867260 0.001864250 0.001137160 0.001107600 0.003286380 0.002655200 0.002153090 0.002885750 0.003482960 0.001741310 0.003121090 0.001594250 0.001594410 0.001597910 0.001599030 0.001156780 0.004228590 0.004228750 0.003978030 0.004164070 0.001169460 0.003380840 0.002680270 0.002088950 0.000861650 0.002482060 0.003920010 0.002253360 0.000873390 0.000000000 
