51
4     0.000000000 0.003259129 0.003629071 0.008900020 0.017994863 0.016616603 0.015876123 0.016827658 0.014533797 0.014543480 0.014882414 0.014653298 0.015122494 0.014981354 0.014546491 0.017339697 0.015602547 0.016049048 0.012944862 0.013742665 0.014271685 0.015243429 0.015338089 0.018261646 0.011939932 0.013881354 0.014056108 0.013486047 0.014416812 0.015148856 0.014320155 0.014137386 0.013986108 0.013075818 0.014315341 0.014136805 0.013740257 0.014650912 0.014605574 0.014695979 0.014674972 0.015335675 0.015892344 0.014933980 0.014637795 0.015321394 0.014968093 0.014655480 0.016205607 0.016572696 0.029465303 
3     0.003259129 0.000000000 0.001790754 0.009004164 0.018128019 0.016749759 0.016004157 0.016954498 0.014656311 0.014665995 0.015004928 0.014775812 0.015245008 0.015103868 0.014669005 0.017460970 0.015714508 0.016158035 0.013064512 0.013870125 0.014398396 0.015366737 0.015461396 0.018383485 0.012061771 0.014021213 0.014189347 0.013623742 0.014533950 0.015265994 0.014437293 0.014254524 0.014100635 0.013190191 0.014428252 0.014249716 0.013850479 0.014760915 0.014715577 0.014806201 0.014784975 0.015445678 0.016002347 0.015034048 0.014740188 0.015444473 0.015091172 0.014778828 0.016328955 0.016727551 0.029592104 
1     0.003629071 0.001790754 0.000000000 0.009382722 0.018516074 0.017137814 0.016392212 0.017343747 0.015044366 0.015054050 0.015392983 0.015163867 0.015633063 0.015491923 0.015057060 0.017849025 0.016102563 0.016546090 0.013452567 0.014258180 0.014786451 0.015754792 0.015849451 0.018771540 0.012449826 0.014409268 0.014577402 0.014011797 0.014922005 0.015654049 0.014825348 0.014642579 0.014488691 0.013578246 0.014817769 0.014639233 0.014238535 0.015148970 0.015103632 0.015194256 0.015173030 0.015833733 0.016390402 0.015422103 0.015128243 0.015832528 0.015479227 0.015166883 0.016717010 0.017115606 0.029980159 
2     0.008900020 0.009004164 0.009382722 0.000000000 0.020470948 0.019092688 0.018349468 0.019302802 0.017005636 0.017015319 0.017354253 0.017114534 0.017591781 0.017448958 0.017016285 0.019818552 0.018081759 0.018528260 0.015424561 0.016237961 0.016766233 0.017730352 0.017825011 0.020742528 0.014420813 0.016376765 0.016544898 0.015979293 0.016887410 0.017621032 0.016783720 0.016607437 0.016461633 0.015549093 0.016788487 0.016609951 0.016213271 0.017123428 0.017078091 0.017168496 0.017147489 0.017807966 0.018361939 0.017405089 0.017108904 0.017800363 0.017447061 0.017137266 0.018683394 0.019068113 0.031941125 
10     0.017994863 0.018128019 0.018516074 0.020470948 0.000000000 0.010494094 0.019216463 0.020172653 0.017915606 0.017925290 0.018264223 0.018048784 0.018509989 0.018371685 0.017934007 0.020662793 0.018961315 0.019407510 0.016222846 0.017069116 0.017586581 0.018514753 0.018609412 0.021589715 0.015270701 0.017170022 0.017340662 0.016774431 0.017675811 0.018403444 0.017560565 0.017367654 0.017208143 0.016287393 0.017535010 0.017356103 0.016930792 0.017839957 0.017794619 0.017884762 0.017864017 0.018533822 0.019095383 0.018141249 0.017845064 0.018468938 0.018115637 0.017870515 0.019426037 0.019739484 0.033250012 
6     0.016616603 0.016749759 0.017137814 0.019092688 0.010494094 0.000000000 0.017840046 0.018796236 0.016536403 0.016546086 0.016885020 0.016677441 0.017138646 0.017000342 0.016562665 0.019289244 0.017586382 0.018032576 0.014836080 0.015694571 0.016212035 0.017146019 0.017240678 0.020215394 0.013896380 0.015798374 0.015969014 0.015402783 0.016299664 0.017028605 0.016185848 0.015990515 0.015832337 0.014911587 0.016159203 0.015980297 0.015557272 0.016463183 0.016417846 0.016507988 0.016487243 0.017160302 0.017721855 0.016769661 0.016473476 0.017099610 0.016746309 0.016496998 0.018052519 0.018371095 0.031875025 
16     0.015876123 0.016004157 0.016392212 0.018349468 0.019216463 0.017840046 0.000000000 0.008179334 0.015120087 0.015129770 0.015468704 0.015244400 0.015705605 0.015567376 0.015130183 0.017893060 0.016677689 0.017120608 0.013997068 0.014814660 0.015347715 0.016304545 0.016399204 0.019366879 0.013036255 0.015069385 0.015240171 0.014672463 0.015587928 0.016310472 0.015466625 0.015285270 0.015112034 0.014197821 0.015444087 0.015262208 0.014817780 0.015742407 0.015697070 0.015787929 0.015766467 0.016428802 0.016989642 0.016039085 0.015742900 0.016406770 0.016053468 0.015771348 0.017326015 0.017690300 0.031149063 
35     0.016827658 0.016954498 0.017343747 0.019302802 0.020172653 0.018796236 0.008179334 0.000000000 0.016073592 0.016083275 0.016422209 0.016195738 0.016656685 0.016519075 0.016082850 0.018853364 0.017634571 0.018077490 0.014955968 0.015775067 0.016308121 0.017264231 0.017358890 0.020330270 0.013999747 0.016041380 0.016212166 0.015644458 0.016545582 0.017271058 0.016428536 0.016247181 0.016089237 0.015174330 0.016422740 0.016241162 0.015780038 0.016704523 0.016659185 0.016750044 0.016728583 0.017390918 0.017951758 0.016996726 0.016700620 0.017370806 0.017017505 0.016734059 0.018288726 0.018652579 0.032108270 
8     0.014533797 0.014656311 0.015044366 0.017005636 0.017915606 0.016536403 0.015120087 0.016073592 0.000000000 0.001157837 0.002825352 0.005545869 0.005969534 0.005829660 0.005417751 0.015739002 0.015279877 0.015731931 0.012626048 0.013587541 0.014111247 0.015057372 0.015152031 0.018122501 0.011799395 0.013649550 0.013820359 0.013253145 0.014169686 0.014906178 0.014057595 0.013874771 0.013693404 0.012790254 0.014037979 0.013858569 0.013390940 0.014310437 0.014265100 0.014356570 0.014334497 0.014996832 0.015557673 0.014579718 0.014284250 0.015058634 0.014705333 0.014431749 0.015985950 0.016340100 0.029842326 
21     0.014543480 0.014665995 0.015054050 0.017015319 0.017925290 0.016546086 0.015129770 0.016083275 0.001157837 0.000000000 0.002797070 0.005548670 0.005972586 0.005828804 0.005411582 0.015748686 0.015289560 0.015741614 0.012635731 0.013597224 0.014120930 0.015067055 0.015161714 0.018132184 0.011809078 0.013659233 0.013830042 0.013262828 0.014179370 0.014915861 0.014067278 0.013884455 0.013703088 0.012799937 0.014047662 0.013868252 0.013400623 0.014320120 0.014274783 0.014366253 0.014344181 0.015006515 0.015567356 0.014589402 0.014293933 0.015068317 0.014715016 0.014441432 0.015995633 0.016349783 0.029852009 
18     0.014882414 0.015004928 0.015392983 0.017354253 0.018264223 0.016885020 0.015468704 0.016422209 0.002825352 0.002797070 0.000000000 0.005901688 0.006324088 0.006187843 0.005768200 0.016087619 0.015628494 0.016080548 0.012974665 0.013936158 0.014459864 0.015405989 0.015500648 0.018471118 0.012148012 0.013998167 0.014168976 0.013601762 0.014518303 0.015254795 0.014406212 0.014223389 0.014042164 0.013138871 0.014386596 0.014207186 0.013739557 0.014659054 0.014613717 0.014705187 0.014683115 0.015345449 0.015906290 0.014928335 0.014632867 0.015407251 0.015053950 0.014780366 0.016334567 0.016688717 0.030190943 
29     0.014653298 0.014775812 0.015163867 0.017114534 0.018048784 0.016677441 0.015244400 0.016195738 0.005545869 0.005548670 0.005901688 0.000000000 0.002836549 0.003610183 0.003341975 0.015857052 0.015405428 0.015854877 0.012753452 0.013721590 0.014242967 0.015191421 0.015286080 0.018250279 0.011927446 0.013774410 0.013945219 0.013378005 0.014293916 0.015030408 0.014186754 0.014003931 0.013826663 0.012920980 0.014168263 0.013988853 0.013533207 0.014456564 0.014411227 0.014502697 0.014480625 0.015142959 0.015703800 0.014729916 0.014433731 0.015184667 0.014831365 0.014557605 0.016111806 0.016467803 0.029985388 
48     0.015122494 0.015245008 0.015633063 0.017591781 0.018509989 0.017138646 0.015705605 0.016656685 0.005969534 0.005972586 0.006324088 0.002836549 0.000000000 0.004072518 0.003706712 0.016318258 0.015866622 0.016316082 0.013214657 0.014182795 0.014703853 0.015652626 0.015747285 0.018711484 0.012388651 0.014235615 0.014406424 0.013839210 0.014755121 0.015491613 0.014647959 0.014465136 0.014287868 0.013382186 0.014629468 0.014450058 0.013994412 0.014917770 0.014872432 0.014963902 0.014941830 0.015604165 0.016165005 0.015191121 0.014894936 0.015645872 0.015292571 0.015018810 0.016573011 0.016929008 0.030428406 
40     0.014981354 0.015103868 0.015491923 0.017448958 0.018371685 0.017000342 0.015567376 0.016519075 0.005829660 0.005828804 0.006187843 0.003610183 0.004072518 0.000000000 0.003655792 0.016180726 0.015722452 0.016171900 0.013071283 0.014044081 0.014565050 0.015513913 0.015608572 0.018572770 0.012249938 0.014091473 0.014262282 0.013695068 0.014610979 0.015347471 0.014503817 0.014320994 0.014143531 0.013234744 0.014478549 0.014300707 0.013850270 0.014773628 0.014728290 0.014819760 0.014797688 0.015460023 0.016020863 0.015046979 0.014750794 0.015501563 0.015148261 0.014874501 0.016428702 0.016784699 0.030286939 
47     0.014546491 0.014669005 0.015057060 0.017016285 0.017934007 0.016562665 0.015130183 0.016082850 0.005417751 0.005411582 0.005768200 0.003341975 0.003706712 0.003655792 0.000000000 0.015741521 0.015290897 0.015740345 0.012638255 0.013607058 0.014130764 0.015076889 0.015171549 0.018135481 0.011812648 0.013653816 0.013824625 0.013257410 0.014173322 0.014909814 0.014065969 0.013883146 0.013702130 0.012796448 0.014040316 0.013860906 0.013413036 0.014336393 0.014291056 0.014382526 0.014360453 0.015022788 0.015583629 0.014609745 0.014313560 0.015066202 0.014712900 0.014439140 0.015993341 0.016349338 0.029852403 
43     0.017339697 0.017460970 0.017849025 0.019818552 0.020662793 0.019289244 0.017893060 0.018853364 0.015739002 0.015748686 0.016087619 0.015857052 0.016318258 0.016180726 0.015741521 0.000000000 0.018089296 0.018535757 0.015399299 0.016360842 0.016891515 0.017850876 0.017945535 0.020875564 0.014551369 0.016422634 0.016593443 0.016027562 0.016940478 0.017668486 0.016822650 0.016614724 0.016476562 0.015567402 0.016815106 0.016634967 0.016171816 0.017095173 0.017049836 0.017141306 0.017119234 0.017782359 0.018343200 0.017390054 0.017093869 0.017811971 0.017458669 0.017144851 0.018698485 0.019129766 0.032618901 
32     0.015602547 0.015714508 0.016102563 0.018081759 0.018961315 0.017586382 0.016677689 0.017634571 0.015279877 0.015289560 0.015628494 0.015405428 0.015866622 0.015722452 0.015290897 0.018089296 0.000000000 0.004728076 0.012437392 0.014130154 0.014645423 0.015593898 0.015688557 0.018681824 0.012311990 0.014777243 0.014946180 0.014379342 0.015298502 0.016034504 0.015186164 0.015010198 0.014839957 0.013928933 0.015180338 0.015002011 0.014591794 0.015508643 0.015463248 0.015554979 0.015532646 0.016197063 0.016758624 0.015811363 0.015515178 0.016121651 0.015768350 0.015573462 0.017135990 0.017477977 0.030941502 
5     0.016049048 0.016158035 0.016546090 0.018528260 0.019407510 0.018032576 0.017120608 0.018077490 0.015731931 0.015741614 0.016080548 0.015854877 0.016316082 0.016171900 0.015740345 0.018535757 0.004728076 0.000000000 0.012885240 0.014576615 0.015091885 0.016040359 0.016135018 0.019128285 0.012758451 0.015219679 0.015388616 0.014821778 0.015740938 0.016476940 0.015628599 0.015452634 0.015268377 0.014371368 0.015622773 0.015444446 0.015034230 0.015951079 0.015905683 0.015997414 0.015975081 0.016639498 0.017201059 0.016253798 0.015957613 0.016564392 0.016211091 0.016016203 0.017578732 0.017920719 0.031387907 
23     0.012944862 0.013064512 0.013452567 0.015424561 0.016222846 0.014836080 0.013997068 0.014955968 0.012626048 0.012635731 0.012974665 0.012753452 0.013214657 0.013071283 0.012638255 0.015399299 0.012437392 0.012885240 0.000000000 0.011419684 0.011934791 0.012885918 0.012980577 0.015898516 0.009537022 0.012043370 0.012211972 0.011645092 0.012547792 0.013281654 0.012450182 0.012261718 0.012105500 0.011191326 0.012442387 0.012264060 0.011822414 0.012750313 0.012704976 0.012796754 0.012774373 0.013438946 0.014000347 0.013053886 0.012757653 0.013395920 0.013042618 0.012817622 0.014381826 0.014711270 0.028206526 
9     0.013742665 0.013870125 0.014258180 0.016237961 0.017069116 0.015694571 0.014814660 0.015775067 0.013587541 0.013597224 0.013936158 0.013721590 0.014182795 0.014044081 0.013607058 0.016360842 0.014130154 0.014576615 0.011419684 0.000000000 0.003758086 0.009235028 0.009327913 0.015184132 0.008881246 0.012918146 0.013084317 0.012518974 0.013434964 0.014145399 0.013320300 0.013142023 0.012964988 0.012050346 0.013297760 0.013119110 0.012722451 0.013631449 0.013586111 0.013673386 0.013655509 0.014316658 0.014878219 0.013926070 0.013630596 0.014236175 0.013882873 0.013622187 0.015176913 0.015553492 0.029119703 
14     0.014271685 0.014398396 0.014786451 0.016766233 0.017586581 0.016212035 0.015347715 0.016308121 0.014111247 0.014120930 0.014459864 0.014242967 0.014703853 0.014565050 0.014130764 0.016891515 0.014645423 0.015091885 0.011934791 0.003758086 0.000000000 0.009748937 0.009841821 0.015698389 0.009396697 0.013455666 0.013621837 0.013056494 0.013972484 0.014682919 0.013857820 0.013679543 0.013501236 0.012586594 0.013834008 0.013655358 0.013271705 0.014180965 0.014135628 0.014222903 0.014205026 0.014865912 0.015427473 0.014482933 0.014186748 0.014769229 0.014415927 0.014155241 0.015709967 0.016086546 0.029643694 
28     0.015243429 0.015366737 0.015754792 0.017730352 0.018514753 0.017146019 0.016304545 0.017264231 0.015057372 0.015067055 0.015405989 0.015191421 0.015652626 0.015513913 0.015076889 0.017850876 0.015593898 0.016040359 0.012885918 0.009235028 0.009748937 0.000000000 0.002876360 0.016667724 0.010362521 0.014410046 0.014576217 0.014008128 0.014928987 0.015630427 0.014807474 0.014629197 0.014458173 0.013543531 0.014790945 0.014612295 0.014193897 0.015103003 0.015057665 0.015144940 0.015127063 0.015788307 0.016349868 0.015403417 0.015107232 0.015718181 0.015364879 0.015106346 0.016661071 0.017037121 0.030594103 
33     0.015338089 0.015461396 0.015849451 0.017825011 0.018609412 0.017240678 0.016399204 0.017358890 0.015152031 0.015161714 0.015500648 0.015286080 0.015747285 0.015608572 0.015171549 0.017945535 0.015688557 0.016135018 0.012980577 0.009327913 0.009841821 0.002876360 0.000000000 0.016762383 0.010457180 0.014504706 0.014670876 0.014102787 0.015023646 0.015725086 0.014902133 0.014723856 0.014552832 0.013638190 0.014885604 0.014706954 0.014288556 0.015197662 0.015152324 0.015239599 0.015221722 0.015882966 0.016444527 0.015498076 0.015201891 0.015812840 0.015459539 0.015201005 0.016755731 0.017131780 0.030688762 
11     0.018261646 0.018383485 0.018771540 0.020742528 0.021589715 0.020215394 0.019366879 0.020330270 0.018122501 0.018132184 0.018471118 0.018250279 0.018711484 0.018572770 0.018135481 0.020875564 0.018681824 0.019128285 0.015898516 0.015184132 0.015698389 0.016667724 0.016762383 0.000000000 0.012181732 0.017415584 0.017582745 0.017001401 0.017936862 0.018639236 0.017822707 0.017650278 0.017445549 0.016530908 0.017782032 0.017603382 0.017227833 0.018133797 0.018088459 0.018162203 0.018157857 0.018819939 0.019381500 0.018439185 0.018143000 0.018755873 0.018402572 0.018078358 0.019633443 0.020026527 0.033613889 
12     0.011939932 0.012061771 0.012449826 0.014420813 0.015270701 0.013896380 0.013036255 0.013999747 0.011799395 0.011809078 0.012148012 0.011927446 0.012388651 0.012249938 0.011812648 0.014551369 0.012311990 0.012758451 0.009537022 0.008881246 0.009396697 0.010362521 0.010457180 0.012181732 0.000000000 0.011113442 0.011280604 0.010712774 0.011619422 0.012320890 0.011524867 0.011350572 0.011149010 0.010234368 0.011481782 0.011303132 0.010910998 0.011809918 0.011764581 0.011856311 0.011833978 0.012502448 0.013064009 0.012121551 0.011825366 0.012421417 0.012068116 0.011752700 0.013314152 0.013691902 0.027269226 
46     0.013881354 0.014021213 0.014409268 0.016376765 0.017170022 0.015798374 0.015069385 0.016041380 0.013649550 0.013659233 0.013998167 0.013774410 0.014235615 0.014091473 0.013653816 0.016422634 0.014777243 0.015219679 0.012043370 0.012918146 0.013455666 0.014410046 0.014504706 0.017415584 0.011113442 0.000000000 0.004003344 0.003414465 0.009816578 0.010655001 0.009773364 0.009580468 0.009558973 0.008624618 0.009875767 0.009697440 0.010219188 0.011133655 0.011087528 0.011180683 0.011157716 0.011818189 0.012380639 0.011432247 0.011136062 0.013197634 0.012844333 0.012601310 0.014147483 0.014495257 0.029184827 
36     0.014056108 0.014189347 0.014577402 0.016544898 0.017340662 0.015969014 0.015240171 0.016212166 0.013820359 0.013830042 0.014168976 0.013945219 0.014406424 0.014262282 0.013824625 0.016593443 0.014946180 0.015388616 0.012211972 0.013084317 0.013621837 0.014576217 0.014670876 0.017582745 0.011280604 0.004003344 0.000000000 0.003508226 0.009986928 0.010829970 0.009952472 0.009759577 0.009737550 0.008803195 0.010054344 0.009876017 0.010390867 0.011305334 0.011259207 0.011352362 0.011329395 0.011989868 0.012552318 0.011603926 0.011307741 0.013329728 0.012979946 0.012767448 0.014313621 0.014661395 0.029352875 
45     0.013486047 0.013623742 0.014011797 0.015979293 0.016774431 0.015402783 0.014672463 0.015644458 0.013253145 0.013262828 0.013601762 0.013378005 0.013839210 0.013695068 0.013257410 0.016027562 0.014379342 0.014821778 0.011645092 0.012518974 0.013056494 0.014008128 0.014102787 0.017001401 0.010712774 0.003414465 0.003508226 0.000000000 0.009419605 0.010258134 0.009384937 0.009192042 0.009158709 0.008224353 0.009475502 0.009297175 0.009821293 0.010735760 0.010689633 0.010782787 0.010759820 0.011420294 0.011982743 0.011034352 0.010738166 0.012796202 0.012446420 0.012203397 0.013749570 0.014097344 0.028787355 
25     0.014416812 0.014533950 0.014922005 0.016887410 0.017675811 0.016299664 0.015587928 0.016545582 0.014169686 0.014179370 0.014518303 0.014293916 0.014755121 0.014610979 0.014173322 0.016940478 0.015298502 0.015740938 0.012547792 0.013434964 0.013972484 0.014928987 0.015023646 0.017936862 0.011619422 0.009816578 0.009986928 0.009419605 0.000000000 0.010010155 0.010135474 0.009944824 0.010131124 0.009200269 0.010454426 0.010276099 0.010770053 0.011685231 0.011639104 0.011732258 0.011709291 0.012369836 0.012932407 0.011988828 0.011692565 0.013771897 0.013422115 0.013172226 0.014717557 0.015063622 0.029702257 
19     0.015148856 0.015265994 0.015654049 0.017621032 0.018403444 0.017028605 0.016310472 0.017271058 0.014906178 0.014915861 0.015254795 0.015030408 0.015491613 0.015347471 0.014909814 0.017668486 0.016034504 0.016476940 0.013281654 0.014145399 0.014682919 0.015630427 0.015725086 0.018639236 0.012320890 0.010655001 0.010829970 0.010258134 0.010010155 0.000000000 0.010929634 0.010735481 0.010885461 0.009954164 0.011198684 0.011020357 0.011534994 0.012451376 0.012405249 0.012498403 0.012475436 0.013136073 0.013701039 0.012755151 0.012458889 0.014489837 0.014139951 0.013894369 0.015436746 0.015787078 0.030429731 
50     0.014320155 0.014437293 0.014825348 0.016783720 0.017560565 0.016185848 0.015466625 0.016428536 0.014057595 0.014067278 0.014406212 0.014186754 0.014647959 0.014503817 0.014065969 0.016822650 0.015186164 0.015628599 0.012450182 0.013320300 0.013857820 0.014807474 0.014902133 0.017822707 0.011524867 0.009773364 0.009952472 0.009384937 0.010135474 0.010929634 0.000000000 0.004461109 0.010012073 0.009071934 0.010333657 0.010155330 0.010621611 0.011532552 0.011487820 0.011580974 0.011556612 0.012214587 0.012777037 0.011836532 0.011540270 0.013647167 0.013293866 0.013051704 0.014597745 0.014946601 0.029594767 
44     0.014137386 0.014254524 0.014642579 0.016607437 0.017367654 0.015990515 0.015285270 0.016247181 0.013874771 0.013884455 0.014223389 0.014003931 0.014465136 0.014320994 0.013883146 0.016614724 0.015010198 0.015452634 0.012261718 0.013142023 0.013679543 0.014629197 0.014723856 0.017650278 0.011350572 0.009580468 0.009759577 0.009192042 0.009944824 0.010735481 0.004461109 0.000000000 0.009825079 0.008884940 0.010146663 0.009968336 0.010449250 0.011360191 0.011315458 0.011408613 0.011384251 0.012043114 0.012605564 0.011663913 0.011367651 0.013472663 0.013119362 0.012869638 0.014415679 0.014764535 0.029413583 
37     0.013986108 0.014100635 0.014488691 0.016461633 0.017208143 0.015832337 0.015112034 0.016089237 0.013693404 0.013703088 0.014042164 0.013826663 0.014287868 0.014143531 0.013702130 0.016476562 0.014839957 0.015268377 0.012105500 0.012964988 0.013501236 0.014458173 0.014552832 0.017445549 0.011149010 0.009558973 0.009737550 0.009158709 0.010131124 0.010885461 0.010012073 0.009825079 0.000000000 0.004833931 0.006520154 0.006356824 0.010328598 0.011236451 0.011191719 0.011284873 0.011260511 0.011926023 0.012488327 0.011544514 0.011247840 0.013270146 0.012930917 0.012654900 0.014198814 0.014552627 0.029261647 
49     0.013075818 0.013190191 0.013578246 0.015549093 0.016287393 0.014911587 0.014197821 0.015174330 0.012790254 0.012799937 0.013138871 0.012920980 0.013382186 0.013234744 0.012796448 0.015567402 0.013928933 0.014371368 0.011191326 0.012050346 0.012586594 0.013543531 0.013638190 0.016530908 0.010234368 0.008624618 0.008803195 0.008224353 0.009200269 0.009954164 0.009071934 0.008884940 0.004833931 0.000000000 0.005540911 0.005385725 0.009402135 0.010310867 0.010266135 0.010359289 0.010334928 0.010999560 0.011561864 0.010618051 0.010321377 0.012350729 0.012007419 0.011731402 0.013276511 0.013629129 0.028343063 
42     0.014315341 0.014428252 0.014817769 0.016788487 0.017535010 0.016159203 0.015444087 0.016422740 0.014037979 0.014047662 0.014386596 0.014168263 0.014629468 0.014478549 0.014040316 0.016815106 0.015180338 0.015622773 0.012442387 0.013297760 0.013834008 0.014790945 0.014885604 0.017782032 0.011481782 0.009875767 0.010054344 0.009475502 0.010454426 0.011198684 0.010333657 0.010146663 0.006520154 0.005540911 0.000000000 0.002925002 0.010655569 0.011565043 0.011520310 0.011613465 0.011589103 0.012252994 0.012815298 0.011871485 0.011573067 0.013592712 0.013249867 0.012965664 0.014510772 0.014871096 0.029592202 
41     0.014136805 0.014249716 0.014639233 0.016609951 0.017356103 0.015980297 0.015262208 0.016241162 0.013858569 0.013868252 0.014207186 0.013988853 0.014450058 0.014300707 0.013860906 0.016634967 0.015002011 0.015444446 0.012264060 0.013119110 0.013655358 0.014612295 0.014706954 0.017603382 0.011303132 0.009697440 0.009876017 0.009297175 0.010276099 0.011020357 0.010155330 0.009968336 0.006356824 0.005385725 0.002925002 0.000000000 0.010477242 0.011386716 0.011341983 0.011435138 0.011410776 0.012074667 0.012636971 0.011693158 0.011393280 0.013414385 0.013071540 0.012787337 0.014332445 0.014692769 0.029413465 
31     0.013740257 0.013850479 0.014238535 0.016213271 0.016930792 0.015557272 0.014817780 0.015780038 0.013390940 0.013400623 0.013739557 0.013533207 0.013994412 0.013850270 0.013413036 0.016171816 0.014591794 0.015034230 0.011822414 0.012722451 0.013271705 0.014193897 0.014288556 0.017227833 0.010910998 0.010219188 0.010390867 0.009821293 0.010770053 0.011534994 0.010621611 0.010449250 0.010328598 0.009402135 0.010655569 0.010477242 0.000000000 0.006558452 0.006518037 0.006599373 0.006589040 0.007208531 0.007781312 0.006846355 0.006551122 0.013039419 0.012686118 0.012404686 0.013953114 0.014292828 0.028974249 
22     0.014650912 0.014760915 0.015148970 0.017123428 0.017839957 0.016463183 0.015742407 0.016704523 0.014310437 0.014320120 0.014659054 0.014456564 0.014917770 0.014773628 0.014336393 0.017095173 0.015508643 0.015951079 0.012750313 0.013631449 0.014180965 0.015103003 0.015197662 0.018133797 0.011809918 0.011133655 0.011305334 0.010735760 0.011685231 0.012451376 0.011532552 0.011360191 0.011236451 0.010310867 0.011565043 0.011386716 0.006558452 0.000000000 0.002077179 0.002183484 0.002102173 0.006405783 0.006965829 0.007227605 0.006938596 0.013977479 0.013624178 0.013323160 0.014872832 0.015212689 0.029894888 
38     0.014605574 0.014715577 0.015103632 0.017078091 0.017794619 0.016417846 0.015697070 0.016659185 0.014265100 0.014274783 0.014613717 0.014411227 0.014872432 0.014728290 0.014291056 0.017049836 0.015463248 0.015905683 0.012704976 0.013586111 0.014135628 0.015057665 0.015152324 0.018088459 0.011764581 0.011087528 0.011259207 0.010689633 0.011639104 0.012405249 0.011487820 0.011315458 0.011191719 0.010266135 0.011520310 0.011341983 0.006518037 0.002077179 0.000000000 0.001776401 0.001746932 0.006357698 0.006908696 0.007194957 0.006904176 0.013932142 0.013578841 0.013277822 0.014827494 0.015167352 0.029849550 
30     0.014695979 0.014806201 0.015194256 0.017168496 0.017884762 0.016507988 0.015787929 0.016750044 0.014356570 0.014366253 0.014705187 0.014502697 0.014963902 0.014819760 0.014382526 0.017141306 0.015554979 0.015997414 0.012796754 0.013673386 0.014222903 0.015144940 0.015239599 0.018162203 0.011856311 0.011180683 0.011352362 0.010782787 0.011732258 0.012498403 0.011580974 0.011408613 0.011284873 0.010359289 0.011613465 0.011435138 0.006599373 0.002183484 0.001776401 0.000000000 0.001501783 0.006449172 0.006995693 0.007276849 0.006986332 0.014021819 0.013668518 0.013367500 0.014917172 0.015257029 0.029940400 
13     0.014674972 0.014784975 0.015173030 0.017147489 0.017864017 0.016487243 0.015766467 0.016728583 0.014334497 0.014344181 0.014683115 0.014480625 0.014941830 0.014797688 0.014360453 0.017119234 0.015532646 0.015975081 0.012774373 0.013655509 0.014205026 0.015127063 0.015221722 0.018157857 0.011833978 0.011157716 0.011329395 0.010759820 0.011709291 0.012475436 0.011556612 0.011384251 0.011260511 0.010334928 0.011589103 0.011410776 0.006589040 0.002102173 0.001746932 0.001501783 0.000000000 0.006427117 0.006976331 0.007262876 0.006972359 0.014001540 0.013648238 0.013347220 0.014896892 0.015236749 0.029918948 
7     0.015335675 0.015445678 0.015833733 0.017807966 0.018533822 0.017160302 0.016428802 0.017390918 0.014996832 0.015006515 0.015345449 0.015142959 0.015604165 0.015460023 0.015022788 0.017782359 0.016197063 0.016639498 0.013438946 0.014316658 0.014865912 0.015788307 0.015882966 0.018819939 0.012502448 0.011818189 0.011989868 0.011420294 0.012369836 0.013136073 0.012214587 0.012043114 0.011926023 0.010999560 0.012252994 0.012074667 0.007208531 0.006405783 0.006357698 0.006449172 0.006427117 0.000000000 0.004385025 0.007938236 0.007638999 0.014658142 0.014304840 0.014010009 0.015558438 0.015898069 0.030580161 
20     0.015892344 0.016002347 0.016390402 0.018361939 0.019095383 0.017721855 0.016989642 0.017951758 0.015557673 0.015567356 0.015906290 0.015703800 0.016165005 0.016020863 0.015583629 0.018343200 0.016758624 0.017201059 0.014000347 0.014878219 0.015427473 0.016349868 0.016444527 0.019381500 0.013064009 0.012380639 0.012552318 0.011982743 0.012932407 0.013701039 0.012777037 0.012605564 0.012488327 0.011561864 0.012815298 0.012636971 0.007781312 0.006965829 0.006908696 0.006995693 0.006976331 0.004385025 0.000000000 0.008479470 0.008192837 0.015218982 0.014865681 0.014570166 0.016119839 0.016459470 0.031139719 
26     0.014933980 0.015034048 0.015422103 0.017405089 0.018141249 0.016769661 0.016039085 0.016996726 0.014579718 0.014589402 0.014928335 0.014729916 0.015191121 0.015046979 0.014609745 0.017390054 0.015811363 0.016253798 0.013053886 0.013926070 0.014482933 0.015403417 0.015498076 0.018439185 0.012121551 0.011432247 0.011603926 0.011034352 0.011988828 0.012755151 0.011836532 0.011663913 0.011544514 0.010618051 0.011871485 0.011693158 0.006846355 0.007227605 0.007194957 0.007276849 0.007262876 0.007938236 0.008479470 0.000000000 0.004178635 0.014263928 0.013910627 0.013618704 0.015169932 0.015509646 0.030191506 
27     0.014637795 0.014740188 0.015128243 0.017108904 0.017845064 0.016473476 0.015742900 0.016700620 0.014284250 0.014293933 0.014632867 0.014433731 0.014894936 0.014750794 0.014313560 0.017093869 0.015515178 0.015957613 0.012757653 0.013630596 0.014186748 0.015107232 0.015201891 0.018143000 0.011825366 0.011136062 0.011307741 0.010738166 0.011692565 0.012458889 0.011540270 0.011367651 0.011247840 0.010321377 0.011573067 0.011393280 0.006551122 0.006938596 0.006904176 0.006986332 0.006972359 0.007638999 0.008192837 0.004178635 0.000000000 0.013967743 0.013614442 0.013319677 0.014873747 0.015213461 0.029895321 
39     0.015321394 0.015444473 0.015832528 0.017800363 0.018468938 0.017099610 0.016406770 0.017370806 0.015058634 0.015068317 0.015407251 0.015184667 0.015645872 0.015501563 0.015066202 0.017811971 0.016121651 0.016564392 0.013395920 0.014236175 0.014769229 0.015718181 0.015812840 0.018755873 0.012421417 0.013197634 0.013329728 0.012796202 0.013771897 0.014489837 0.013647167 0.013472663 0.013270146 0.012350729 0.013592712 0.013414385 0.013039419 0.013977479 0.013932142 0.014021819 0.014001540 0.014658142 0.015218982 0.014263928 0.013967743 0.000000000 0.002378866 0.011682470 0.013245073 0.013542018 0.030521993 
34     0.014968093 0.015091172 0.015479227 0.017447061 0.018115637 0.016746309 0.016053468 0.017017505 0.014705333 0.014715016 0.015053950 0.014831365 0.015292571 0.015148261 0.014712900 0.017458669 0.015768350 0.016211091 0.013042618 0.013882873 0.014415927 0.015364879 0.015459539 0.018402572 0.012068116 0.012844333 0.012979946 0.012446420 0.013422115 0.014139951 0.013293866 0.013119362 0.012930917 0.012007419 0.013249867 0.013071540 0.012686118 0.013624178 0.013578841 0.013668518 0.013648238 0.014304840 0.014865681 0.013910627 0.013614442 0.002378866 0.000000000 0.011328638 0.012891241 0.013188186 0.030168692 
15     0.014655480 0.014778828 0.015166883 0.017137266 0.017870515 0.016496998 0.015771348 0.016734059 0.014431749 0.014441432 0.014780366 0.014557605 0.015018810 0.014874501 0.014439140 0.017144851 0.015573462 0.016016203 0.012817622 0.013622187 0.014155241 0.015106346 0.015201005 0.018078358 0.011752700 0.012601310 0.012767448 0.012203397 0.013172226 0.013894369 0.013051704 0.012869638 0.012654900 0.011731402 0.012965664 0.012787337 0.012404686 0.013323160 0.013277822 0.013367500 0.013347220 0.014010009 0.014570166 0.013618704 0.013319677 0.011682470 0.011328638 0.000000000 0.004612912 0.010792615 0.029879334 
17     0.016205607 0.016328955 0.016717010 0.018683394 0.019426037 0.018052519 0.017326015 0.018288726 0.015985950 0.015995633 0.016334567 0.016111806 0.016573011 0.016428702 0.015993341 0.018698485 0.017135990 0.017578732 0.014381826 0.015176913 0.015709967 0.016661071 0.016755731 0.019633443 0.013314152 0.014147483 0.014313621 0.013749570 0.014717557 0.015436746 0.014597745 0.014415679 0.014198814 0.013276511 0.014510772 0.014332445 0.013953114 0.014872832 0.014827494 0.014917172 0.014896892 0.015558438 0.016119839 0.015169932 0.014873747 0.013245073 0.012891241 0.004612912 0.000000000 0.012337496 0.031438314 
24     0.016572696 0.016727551 0.017115606 0.019068113 0.019739484 0.018371095 0.017690300 0.018652579 0.016340100 0.016349783 0.016688717 0.016467803 0.016929008 0.016784699 0.016349338 0.019129766 0.017477977 0.017920719 0.014711270 0.015553492 0.016086546 0.017037121 0.017131780 0.020026527 0.013691902 0.014495257 0.014661395 0.014097344 0.015063622 0.015787078 0.014946601 0.014764535 0.014552627 0.013629129 0.014871096 0.014692769 0.014292828 0.015212689 0.015167352 0.015257029 0.015236749 0.015898069 0.016459470 0.015509646 0.015213461 0.013542018 0.013188186 0.010792615 0.012337496 0.000000000 0.031794166 
0     0.029465303 0.029592104 0.029980159 0.031941125 0.033250012 0.031875025 0.031149063 0.032108270 0.029842326 0.029852009 0.030190943 0.029985388 0.030428406 0.030286939 0.029852403 0.032618901 0.030941502 0.031387907 0.028206526 0.029119703 0.029643694 0.030594103 0.030688762 0.033613889 0.027269226 0.029184827 0.029352875 0.028787355 0.029702257 0.030429731 0.029594767 0.029413583 0.029261647 0.028343063 0.029592202 0.029413465 0.028974249 0.029894888 0.029849550 0.029940400 0.029918948 0.030580161 0.031139719 0.030191506 0.029895321 0.030521993 0.030168692 0.029879334 0.031438314 0.031794166 0.000000000 
