51
23     0.000000000 0.064317179 0.195610990 0.499537781 0.594609174 0.579964778 0.521969216 0.600063631 0.599756850 0.775094659 0.773022717 1.017305033 1.018282969 0.805296976 0.801754033 0.843948913 0.764159500 0.788805517 0.792507513 0.781053802 0.781568924 0.641855842 0.646486349 0.620579929 0.558851663 0.548621836 0.781886519 0.590595723 0.689362198 0.624186719 0.526221258 0.520239809 0.525511523 0.541051229 0.554593044 0.554045778 0.582191575 0.589527297 0.586746895 0.754458746 0.754313614 0.700886649 0.831258745 0.725903168 0.924870855 0.854631025 0.841914123 0.706900917 0.724055065 1.119221750 2.556473131 
8     0.064317179 0.000000000 0.196674246 0.499683449 0.594892389 0.580247994 0.522252432 0.600346847 0.600040066 0.775377875 0.773305933 1.017588248 1.018566185 0.805580192 0.802037249 0.844232129 0.764442716 0.789088733 0.792790729 0.781337018 0.781852140 0.642139058 0.646769565 0.620863144 0.559134879 0.548905052 0.782169735 0.590878939 0.689645414 0.624469935 0.526504474 0.520523025 0.525794738 0.541334445 0.554876260 0.554328993 0.582474790 0.589810513 0.587030111 0.754741962 0.754596830 0.701169865 0.831541961 0.726186383 0.925154070 0.854914240 0.842197339 0.707184133 0.724338281 1.119504966 2.556756347 
37     0.195610990 0.196674246 0.000000000 0.480290792 0.575261440 0.560617045 0.502621483 0.580715898 0.580409117 0.755746926 0.753674984 0.997957299 0.998935236 0.785949243 0.782406300 0.824601180 0.744811767 0.769457784 0.773159780 0.761706069 0.762229307 0.622516225 0.627146732 0.601240312 0.539512047 0.529282220 0.762546902 0.571256107 0.670022581 0.604847102 0.506881642 0.500900193 0.506171906 0.521711612 0.535253428 0.534706161 0.562851958 0.570187681 0.567407279 0.735109205 0.734964073 0.681537108 0.811909204 0.706553626 0.905521313 0.835281483 0.822564582 0.687551376 0.704705524 1.099872209 2.537123590 
20     0.499537781 0.499683449 0.480290792 0.000000000 0.683003696 0.668359301 0.610363739 0.689614170 0.689307389 0.864497382 0.862425440 1.106858271 1.107836207 0.894850214 0.891307271 0.933502151 0.853712738 0.878358755 0.882060751 0.870607040 0.869747002 0.730033920 0.734664427 0.708470924 0.646742658 0.637470337 0.870735019 0.678480397 0.777246872 0.712071393 0.614105932 0.608124483 0.613396197 0.629929027 0.643470842 0.642923575 0.671069372 0.678405095 0.675624693 0.843463049 0.843317917 0.789890952 0.920105976 0.814750398 1.013718085 0.943478255 0.930761354 0.795748148 0.812902296 1.208279123 2.645300420 
7     0.594609174 0.594892389 0.575261440 0.683003696 0.000000000 0.204293028 0.324701445 0.537043524 0.536736743 0.711103295 0.709031352 0.954767130 0.955745066 0.742975487 0.739328590 0.781548731 0.701864749 0.726452462 0.730154459 0.718702515 0.784508946 0.646154387 0.650779752 0.620934446 0.558892010 0.551925787 0.785630802 0.593861585 0.694210877 0.627347981 0.530069589 0.524088140 0.529359853 0.543547895 0.557165787 0.556618520 0.584764317 0.592054799 0.589274396 0.763575297 0.763430164 0.710003200 0.840133913 0.736899413 0.933473096 0.863233266 0.850516364 0.712602349 0.729756498 1.134463536 2.572911946 
17     0.579964778 0.580247994 0.560617045 0.668359301 0.204293028 0.000000000 0.310088005 0.522401649 0.522094868 0.696461420 0.694389477 0.940125255 0.941103191 0.728333612 0.724686715 0.766906856 0.687222874 0.711810587 0.715512584 0.704060640 0.769864550 0.631509991 0.636135356 0.606290050 0.544247615 0.537281391 0.770986406 0.579217189 0.679566481 0.612703586 0.515425193 0.509443744 0.514715458 0.528903499 0.542521391 0.541974125 0.570119922 0.577410403 0.574630001 0.748930901 0.748785769 0.695358804 0.825489517 0.722255017 0.918828700 0.848588870 0.835871968 0.697957954 0.715112102 1.119819140 2.558267550 
31     0.521969216 0.522252432 0.502621483 0.610363739 0.324701445 0.310088005 0.000000000 0.467050308 0.466743527 0.640549621 0.638477679 0.881396148 0.882374084 0.669629247 0.665982350 0.708202491 0.628523966 0.653111680 0.656813676 0.645361733 0.711842887 0.572076296 0.576701661 0.547331664 0.485387965 0.478406762 0.712043000 0.520645566 0.620994858 0.554131963 0.458525965 0.452544516 0.457816229 0.471160510 0.484541819 0.483994552 0.512140349 0.519430830 0.516650428 0.690471687 0.690326555 0.636899590 0.767030304 0.663658257 0.860231940 0.789992110 0.777275208 0.639361193 0.656515342 1.061464599 2.500142322 
1     0.600063631 0.600346847 0.580715898 0.689614170 0.537043524 0.522401649 0.467050308 0.000000000 0.055397434 0.640567972 0.638491646 0.912112591 0.913089841 0.703688976 0.700398542 0.742583132 0.662689822 0.687273583 0.690975579 0.679521868 0.788932633 0.650993582 0.655618947 0.625443864 0.563393842 0.553529303 0.787515152 0.600480885 0.700748825 0.634012940 0.536900571 0.530919122 0.536190835 0.546909355 0.560193581 0.559646314 0.587792111 0.595039946 0.592259544 0.775147221 0.775002089 0.721575124 0.851705838 0.747198871 0.943772554 0.873532724 0.860815822 0.725006194 0.742160343 1.142219203 2.581491917 
19     0.599756850 0.600040066 0.580409117 0.689307389 0.536736743 0.522094868 0.466743527 0.055397434 0.000000000 0.640261191 0.638184865 0.911805810 0.912783060 0.703382195 0.700091761 0.742276351 0.662383042 0.686966802 0.690668799 0.679215087 0.788625853 0.650686801 0.655312167 0.625137083 0.563087061 0.553222522 0.787208372 0.600174104 0.700442045 0.633706159 0.536593790 0.530612341 0.535884054 0.546602574 0.559886800 0.559339533 0.587485330 0.594733165 0.591952763 0.774840441 0.774695308 0.721268343 0.851399057 0.746892090 0.943465773 0.873225943 0.860509041 0.724699413 0.741853562 1.141912422 2.581185137 
33     0.775094659 0.775377875 0.755746926 0.864497382 0.711103295 0.696461420 0.640549621 0.640567972 0.640261191 0.000000000 0.150157170 1.091477807 1.092455744 0.879714002 0.876312176 0.918358958 0.838482664 0.863066424 0.866768421 0.855349251 0.961971805 0.824024954 0.828650319 0.802883951 0.740833929 0.730913972 0.964608635 0.775582500 0.875933124 0.809070218 0.715233012 0.709251563 0.714523276 0.722471859 0.735652906 0.735105640 0.763251437 0.770608123 0.767827721 0.946362817 0.946217685 0.892790720 1.022921434 0.918906252 1.115479935 1.045240105 1.032523203 0.896364275 0.913518423 1.314773171 2.755343167 
34     0.773022717 0.773305933 0.753674984 0.862425440 0.709031352 0.694389477 0.638477679 0.638491646 0.638184865 0.150157170 0.000000000 1.089408946 1.090386883 0.877637676 0.874235850 0.916282632 0.836413803 0.860997563 0.864699560 0.853280390 0.959899863 0.821953012 0.826578377 0.800812008 0.738761987 0.728842030 0.962536692 0.773510557 0.873861181 0.806998276 0.713161069 0.707179620 0.712451334 0.720399916 0.733580964 0.733033697 0.761179494 0.768536181 0.765755778 0.944290875 0.944145742 0.890718778 1.020849491 0.916834309 1.113407992 1.043168162 1.030451261 0.894292332 0.911446481 1.312701228 2.753271225 
30     1.017305033 1.017588248 0.997957299 1.106858271 0.954767130 0.940125255 0.881396148 0.912112591 0.911805810 1.091477807 1.089408946 0.000000000 0.196725973 0.629876892 0.625064695 0.667354381 0.756818213 0.781591243 0.784652109 0.773888646 1.202504820 1.064069688 1.068666905 1.040843729 0.978829795 0.968916232 1.202611698 1.012899520 1.113252127 1.046388945 0.951103264 0.945121815 0.950393528 0.961485374 0.974362778 0.973815511 1.001961308 1.009360641 1.006580239 1.189331224 1.189186092 1.135759127 1.265889841 1.161570479 1.358144162 1.287904332 1.275187430 1.138916955 1.156071103 1.558034191 2.997009902 
11     1.018282969 1.018566185 0.998935236 1.107836207 0.955745066 0.941103191 0.882374084 0.913089841 0.912783060 1.092455744 1.090386883 0.196725973 0.000000000 0.631646395 0.626813505 0.669139136 0.758255271 0.783028302 0.786089167 0.775325704 1.203482757 1.065047624 1.069644841 1.041821666 0.979807731 0.969894168 1.203589634 1.013877456 1.114230063 1.047366881 0.952081200 0.946099751 0.951371465 0.962463311 0.975340714 0.974793448 1.002939245 1.010338578 1.007558175 1.190309161 1.190164028 1.136737063 1.266867777 1.162548415 1.359122098 1.288882268 1.276165366 1.139894891 1.157049039 1.559012127 2.997987838 
38     0.805296976 0.805580192 0.785949243 0.894850214 0.742975487 0.728333612 0.669629247 0.703688976 0.703382195 0.879714002 0.877637676 0.629876892 0.631646395 0.000000000 0.088070212 0.263403799 0.533116236 0.558095451 0.561138383 0.550569809 0.993524975 0.855089842 0.859687059 0.831881855 0.769867920 0.759954358 0.993649450 0.804079272 0.904431879 0.837568698 0.742283017 0.736301568 0.741573281 0.753080323 0.765957727 0.765410461 0.793556258 0.800955590 0.798175188 0.977671526 0.977526394 0.924099429 1.054230142 0.949910780 1.146484463 1.076244633 1.063527732 0.927257256 0.944411405 1.346374492 2.786356915 
21     0.801754033 0.802037249 0.782406300 0.891307271 0.739328590 0.724686715 0.665982350 0.700398542 0.700091761 0.876312176 0.874235850 0.625064695 0.626813505 0.088070212 0.000000000 0.263270870 0.531275286 0.556254501 0.559297433 0.548728859 0.990070750 0.851635618 0.856232835 0.828428579 0.766414644 0.756501081 0.990196174 0.800461516 0.900814123 0.833950941 0.738665260 0.732683811 0.737955525 0.749462567 0.762339971 0.761792704 0.789938501 0.797337834 0.794557432 0.974140466 0.973995333 0.920568369 1.050699082 0.946379720 1.142953403 1.072713573 1.059996672 0.923726196 0.940880345 1.342843432 2.782825855 
14     0.843948913 0.844232129 0.824601180 0.933502151 0.781548731 0.766906856 0.708202491 0.742583132 0.742276351 0.918358958 0.916282632 0.667354381 0.669139136 0.263403799 0.263270870 0.000000000 0.574402833 0.599374790 0.602417721 0.592092412 1.032254417 0.893819284 0.898416501 0.870612245 0.808598310 0.798684748 1.032379840 0.842645182 0.942997790 0.876134608 0.780848927 0.774867478 0.780139191 0.791646234 0.804523637 0.803976371 0.832122168 0.839521501 0.836741098 1.016335346 1.016190214 0.962763249 1.092893962 0.988574601 1.185148284 1.114908454 1.102191552 0.965921076 0.983075225 1.385038313 2.825020735 
15     0.764159500 0.764442716 0.744811767 0.853712738 0.701864749 0.687222874 0.628523966 0.662689822 0.662383042 0.838482664 0.836413803 0.756818213 0.758255271 0.533116236 0.531275286 0.574402833 0.000000000 0.133541131 0.140950912 0.185570516 0.951981060 0.813545927 0.818143144 0.790221695 0.728207760 0.718294198 0.951989290 0.762477285 0.862829892 0.795966711 0.700681030 0.694699581 0.699971294 0.711160020 0.724075973 0.723528707 0.751674504 0.759073836 0.756293434 0.936420321 0.936275189 0.882848224 1.012978937 0.908659576 1.105233259 1.034993429 1.022276527 0.886006051 0.903160200 1.305382060 2.745389343 
26     0.788805517 0.789088733 0.769457784 0.878358755 0.726452462 0.711810587 0.653111680 0.687273583 0.686966802 0.863066424 0.860997563 0.781591243 0.783028302 0.558095451 0.556254501 0.599374790 0.133541131 0.000000000 0.152583346 0.211516784 0.976627076 0.838191944 0.842789161 0.814867711 0.752853776 0.742940214 0.976635306 0.787123301 0.887475909 0.820612727 0.725327046 0.719345597 0.724617310 0.735806037 0.748721990 0.748174723 0.776320520 0.783719853 0.780939451 0.961066337 0.960921205 0.907494240 1.037624954 0.933305592 1.129879275 1.059639445 1.046922543 0.910652068 0.927806216 1.330028076 2.770035359 
18     0.792507513 0.792790729 0.773159780 0.882060751 0.730154459 0.715512584 0.656813676 0.690975579 0.690668799 0.866768421 0.864699560 0.784652109 0.786089167 0.561138383 0.559297433 0.602417721 0.140950912 0.152583346 0.000000000 0.215746528 0.980329073 0.841893940 0.846491157 0.818569708 0.756555773 0.746642210 0.980337303 0.790825298 0.891177905 0.824314723 0.729029043 0.723047594 0.728319307 0.739508033 0.752423986 0.751876719 0.780022516 0.787421849 0.784641447 0.964768334 0.964623202 0.911196237 1.041326950 0.937007588 1.133581271 1.063341441 1.050624540 0.914354064 0.931508213 1.333730073 2.773737356 
32     0.781053802 0.781337018 0.761706069 0.870607040 0.718702515 0.704060640 0.645361733 0.679521868 0.679215087 0.855349251 0.853280390 0.773888646 0.775325704 0.550569809 0.548728859 0.592092412 0.185570516 0.211516784 0.215746528 0.000000000 0.968875361 0.830440229 0.835037446 0.807115997 0.745102062 0.735188499 0.968883592 0.779371587 0.879724194 0.812861012 0.717575332 0.711593882 0.716865596 0.728054322 0.740970275 0.740423008 0.768568805 0.775968138 0.773187736 0.953314623 0.953169490 0.899742526 1.029873239 0.925553877 1.122127560 1.051887730 1.039170829 0.902900353 0.920054502 1.322276361 2.762283644 
22     0.781568924 0.781852140 0.762229307 0.869747002 0.784508946 0.769864550 0.711842887 0.788932633 0.788625853 0.961971805 0.959899863 1.202504820 1.203482757 0.993524975 0.990070750 1.032254417 0.951981060 0.976627076 0.980329073 0.968875361 0.000000000 0.594051602 0.600569761 0.757570224 0.695135935 0.689049545 0.922264143 0.737162320 0.835468397 0.770904152 0.674036045 0.668054596 0.673326309 0.673250382 0.686183223 0.685635956 0.713781753 0.721199501 0.718419098 0.964404429 0.964259297 0.910832332 1.040963046 0.934094140 1.133061827 1.062821997 1.050105095 0.913712915 0.930867064 1.330609649 2.763198249 
39     0.641855842 0.642139058 0.622516225 0.730033920 0.646154387 0.631509991 0.572076296 0.650993582 0.650686801 0.824024954 0.821953012 1.064069688 1.065047624 0.855089842 0.851635618 0.893819284 0.813545927 0.838191944 0.841893940 0.830440229 0.594051602 0.000000000 0.340776861 0.618027574 0.555600022 0.549519413 0.782728231 0.598596680 0.696902757 0.632338512 0.535463067 0.529481618 0.534753332 0.533791765 0.546434475 0.545887208 0.574033005 0.581450752 0.578670350 0.826375931 0.826230799 0.772803834 0.902934548 0.795770270 0.994737957 0.924498127 0.911781225 0.775531994 0.792686143 1.192741302 2.624774641 
29     0.646486349 0.646769565 0.627146732 0.734664427 0.650779752 0.636135356 0.576701661 0.655618947 0.655312167 0.828650319 0.826578377 1.068666905 1.069644841 0.859687059 0.856232835 0.898416501 0.818143144 0.842789161 0.846491157 0.835037446 0.600569761 0.340776861 0.000000000 0.622946418 0.560518866 0.554438257 0.787647074 0.603132146 0.701438224 0.636873978 0.540030933 0.534049483 0.539321197 0.538358443 0.551001153 0.550453886 0.578599683 0.586017431 0.583237028 0.831123601 0.830978468 0.777551504 0.907682217 0.800517939 0.999485626 0.929245796 0.916528894 0.780279663 0.797433812 1.197488971 2.629593182 
10     0.620579929 0.620863144 0.601240312 0.708470924 0.620934446 0.606290050 0.547331664 0.625443864 0.625137083 0.802883951 0.800812008 1.040843729 1.041821666 0.831881855 0.828428579 0.870612245 0.790221695 0.814867711 0.818569708 0.807115997 0.757570224 0.618027574 0.622946418 0.000000000 0.256774177 0.324888917 0.562457752 0.536191582 0.636312660 0.569610326 0.474112509 0.468131060 0.473392645 0.477500661 0.491597357 0.491050090 0.519195887 0.526584469 0.523804067 0.798624678 0.798479546 0.745052581 0.875271333 0.768931600 0.967899287 0.897659457 0.884942556 0.748807906 0.765962055 1.165348528 2.600504095 
3     0.558851663 0.559134879 0.539512047 0.646742658 0.558892010 0.544247615 0.485387965 0.563393842 0.563087061 0.740833929 0.738761987 0.978829795 0.979807731 0.769867920 0.766414644 0.808598310 0.728207760 0.752853776 0.756555773 0.745102062 0.695135935 0.555600022 0.560518866 0.256774177 0.000000000 0.264418965 0.498433858 0.473717037 0.573824962 0.506959502 0.411715053 0.405733604 0.410995189 0.415911888 0.430010179 0.429462912 0.457608709 0.464997291 0.462216889 0.736280760 0.736135628 0.682708663 0.812927414 0.706624623 0.905592310 0.835352480 0.822635578 0.686463988 0.703618136 1.102979397 2.538381844 
2     0.548621836 0.548905052 0.529282220 0.637470337 0.551925787 0.537281391 0.478406762 0.553529303 0.553222522 0.730913972 0.728842030 0.968916232 0.969894168 0.759954358 0.756501081 0.798684748 0.718294198 0.742940214 0.746642210 0.735188499 0.689049545 0.549519413 0.554438257 0.324888917 0.264418965 0.000000000 0.456869221 0.467542137 0.567922578 0.500960384 0.405785508 0.399804058 0.405065644 0.408702213 0.421773353 0.421226087 0.449371884 0.456760466 0.453980063 0.729088429 0.728943297 0.675516332 0.805735084 0.699432293 0.898399979 0.828160149 0.815443248 0.679271657 0.696425806 1.095708333 2.529866787 
25     0.781886519 0.782169735 0.762546902 0.870735019 0.785630802 0.770986406 0.712043000 0.787515152 0.787208372 0.964608635 0.962536692 1.202611698 1.203589634 0.993649450 0.990196174 1.032379840 0.951989290 0.976635306 0.980337303 0.968883592 0.922264143 0.782728231 0.787647074 0.562457752 0.498433858 0.456869221 0.000000000 0.700507468 0.800628048 0.733914423 0.638326867 0.632345418 0.637607003 0.641055619 0.655135783 0.654588516 0.682734313 0.690122895 0.687342493 0.961503010 0.961357878 0.907930913 1.038149664 0.931827107 1.130794793 1.060554963 1.047838062 0.911686238 0.928840386 1.328076945 2.762818840 
5     0.590595723 0.590878939 0.571256107 0.678480397 0.593861585 0.579217189 0.520645566 0.600480885 0.600174104 0.775582500 0.773510557 1.012899520 1.013877456 0.804079272 0.800461516 0.842645182 0.762477285 0.787123301 0.790825298 0.779371587 0.737162320 0.598596680 0.603132146 0.536191582 0.473717037 0.467542137 0.700507468 0.000000000 0.421421666 0.360721456 0.364367203 0.358317355 0.363743332 0.451787708 0.466228139 0.465680872 0.493826669 0.501183356 0.498402953 0.771382979 0.771237847 0.717810882 0.848029634 0.740633044 0.939600731 0.869360901 0.856643999 0.719780350 0.736934499 1.134251340 2.575293705 
27     0.689362198 0.689645414 0.670022581 0.777246872 0.694210877 0.679566481 0.620994858 0.700748825 0.700442045 0.875933124 0.873861181 1.113252127 1.114230063 0.904431879 0.900814123 0.942997790 0.862829892 0.887475909 0.891177905 0.879724194 0.835468397 0.696902757 0.701438224 0.636312660 0.573824962 0.567922578 0.800628048 0.421421666 0.000000000 0.460897743 0.462621685 0.456571837 0.462016062 0.552063113 0.566503544 0.565956278 0.594102075 0.601458761 0.598678359 0.871465996 0.871320864 0.817893899 0.948112650 0.840716060 1.039683747 0.969443917 0.956727016 0.819863367 0.837017515 1.234137407 2.674553632 
9     0.624186719 0.624469935 0.604847102 0.712071393 0.627347981 0.612703586 0.554131963 0.634012940 0.633706159 0.809070218 0.806998276 1.046388945 1.047366881 0.837568698 0.833950941 0.876134608 0.795966711 0.820612727 0.824314723 0.812861012 0.770904152 0.632338512 0.636873978 0.569610326 0.506959502 0.500960384 0.733914423 0.360721456 0.460897743 0.000000000 0.397783587 0.391733740 0.397157178 0.484896426 0.499336857 0.498789591 0.526935388 0.534292074 0.531511672 0.804949262 0.804804130 0.751377165 0.881595917 0.774199327 0.973167014 0.902927184 0.890210282 0.753346633 0.770500782 1.167817623 2.608691751 
13     0.526221258 0.526504474 0.506881642 0.614105932 0.530069589 0.515425193 0.458525965 0.536900571 0.536593790 0.715233012 0.713161069 0.951103264 0.952081200 0.742283017 0.738665260 0.780848927 0.700681030 0.725327046 0.729029043 0.717575332 0.674036045 0.535463067 0.540030933 0.474112509 0.411715053 0.405785508 0.638326867 0.364367203 0.462621685 0.397783587 0.000000000 0.072683322 0.079497668 0.392759104 0.407220510 0.406673243 0.434819040 0.442175727 0.439395325 0.710430966 0.710285834 0.656858869 0.787077620 0.679773260 0.878740947 0.808501117 0.795784215 0.658862929 0.676017077 1.074247018 2.513266084 
12     0.520239809 0.520523025 0.500900193 0.608124483 0.524088140 0.509443744 0.452544516 0.530919122 0.530612341 0.709251563 0.707179620 0.945121815 0.946099751 0.736301568 0.732683811 0.774867478 0.694699581 0.719345597 0.723047594 0.711593882 0.668054596 0.529481618 0.534049483 0.468131060 0.405733604 0.399804058 0.632345418 0.358317355 0.456571837 0.391733740 0.072683322 0.000000000 0.049623459 0.386777655 0.401239061 0.400691794 0.428837591 0.436194278 0.433413876 0.704449517 0.704304384 0.650877420 0.781096171 0.673791811 0.872759498 0.802519668 0.789802766 0.652881480 0.670035628 1.068265569 2.507284635 
16     0.525511523 0.525794738 0.506171906 0.613396197 0.529359853 0.514715458 0.457816229 0.536190835 0.535884054 0.714523276 0.712451334 0.950393528 0.951371465 0.741573281 0.737955525 0.780139191 0.699971294 0.724617310 0.728319307 0.716865596 0.673326309 0.534753332 0.539321197 0.473392645 0.410995189 0.405065644 0.637607003 0.363743332 0.462016062 0.397157178 0.079497668 0.049623459 0.000000000 0.392047032 0.406508438 0.405961171 0.434106968 0.441463654 0.438683252 0.709721230 0.709576098 0.656149133 0.786367885 0.679063524 0.878031211 0.807791381 0.795074479 0.658153193 0.675307342 1.073537282 2.512556349 
28     0.541051229 0.541334445 0.521711612 0.629929027 0.543547895 0.528903499 0.471160510 0.546909355 0.546602574 0.722471859 0.720399916 0.961485374 0.962463311 0.753080323 0.749462567 0.791646234 0.711160020 0.735806037 0.739508033 0.728054322 0.673250382 0.533791765 0.538358443 0.477500661 0.415911888 0.408702213 0.641055619 0.451787708 0.552063113 0.484896426 0.392759104 0.386777655 0.392047032 0.000000000 0.182268327 0.181206100 0.209142773 0.215891223 0.213381285 0.719042480 0.718897348 0.665470383 0.795689135 0.687632477 0.886600164 0.816360334 0.803643432 0.667372832 0.684526980 1.082790490 2.524064528 
35     0.554593044 0.554876260 0.535253428 0.643470842 0.557165787 0.542521391 0.484541819 0.560193581 0.559886800 0.735652906 0.733580964 0.974362778 0.975340714 0.765957727 0.762339971 0.804523637 0.724075973 0.748721990 0.752423986 0.740970275 0.686183223 0.546434475 0.551001153 0.491597357 0.430010179 0.421773353 0.655135783 0.466228139 0.566503544 0.499336857 0.407220510 0.401239061 0.406508438 0.182268327 0.000000000 0.033256770 0.107907813 0.140142612 0.138127578 0.733144173 0.732999041 0.679572076 0.809790827 0.701759735 0.900727421 0.830487592 0.817770690 0.681500090 0.698654238 1.096855718 2.537811127 
4     0.554045778 0.554328993 0.534706161 0.642923575 0.556618520 0.541974125 0.483994552 0.559646314 0.559339533 0.735105640 0.733033697 0.973815511 0.974793448 0.765410461 0.761792704 0.803976371 0.723528707 0.748174723 0.751876719 0.740423008 0.685635956 0.545887208 0.550453886 0.491050090 0.429462912 0.421226087 0.654588516 0.465680872 0.565956278 0.498789591 0.406673243 0.400691794 0.405961171 0.181206100 0.033256770 0.000000000 0.107022345 0.139118111 0.137288043 0.732596906 0.732451774 0.679024809 0.809243561 0.701212468 0.900180155 0.829940325 0.817223423 0.680952823 0.698106972 1.096308452 2.537263860 
36     0.582191575 0.582474790 0.562851958 0.671069372 0.584764317 0.570119922 0.512140349 0.587792111 0.587485330 0.763251437 0.761179494 1.001961308 1.002939245 0.793556258 0.789938501 0.832122168 0.751674504 0.776320520 0.780022516 0.768568805 0.713781753 0.574033005 0.578599683 0.519195887 0.457608709 0.449371884 0.682734313 0.493826669 0.594102075 0.526935388 0.434819040 0.428837591 0.434106968 0.209142773 0.107907813 0.107022345 0.000000000 0.164901389 0.162404079 0.760742704 0.760597571 0.707170606 0.837389358 0.729358265 0.928325952 0.858086122 0.845369220 0.709098620 0.726252769 1.124454249 2.565409657 
6     0.589527297 0.589810513 0.570187681 0.678405095 0.592054799 0.577410403 0.519430830 0.595039946 0.594733165 0.770608123 0.768536181 1.009360641 1.010338578 0.800955590 0.797337834 0.839521501 0.759073836 0.783719853 0.787421849 0.775968138 0.721199501 0.581450752 0.586017431 0.526584469 0.464997291 0.456760466 0.690122895 0.501183356 0.601458761 0.534292074 0.442175727 0.436194278 0.441463654 0.215891223 0.140142612 0.139118111 0.164901389 0.000000000 0.073005401 0.768082992 0.767937859 0.714510895 0.844729646 0.736698553 0.935666240 0.865426410 0.852709508 0.716438908 0.733593057 1.131794537 2.572749946 
24     0.586746895 0.587030111 0.567407279 0.675624693 0.589274396 0.574630001 0.516650428 0.592259544 0.591952763 0.767827721 0.765755778 1.006580239 1.007558175 0.798175188 0.794557432 0.836741098 0.756293434 0.780939451 0.784641447 0.773187736 0.718419098 0.578670350 0.583237028 0.523804067 0.462216889 0.453980063 0.687342493 0.498402953 0.598678359 0.531511672 0.439395325 0.433413876 0.438683252 0.213381285 0.138127578 0.137288043 0.162404079 0.073005401 0.000000000 0.765302589 0.765157457 0.711730492 0.841949244 0.733918151 0.932885838 0.862646008 0.849929106 0.713658506 0.730812655 1.129014135 2.569969543 
45     0.754458746 0.754741962 0.735109205 0.843463049 0.763575297 0.748930901 0.690471687 0.775147221 0.774840441 0.946362817 0.944290875 1.189331224 1.190309161 0.977671526 0.974140466 1.016335346 0.936420321 0.961066337 0.964768334 0.953314623 0.964404429 0.826375931 0.831123601 0.798624678 0.736280760 0.729088429 0.961503010 0.771382979 0.871465996 0.804949262 0.710430966 0.704449517 0.709721230 0.719042480 0.733144173 0.732596906 0.760742704 0.768082992 0.765302589 0.000000000 0.115852713 0.184698782 0.457261450 0.526492510 0.722948046 0.652666542 0.639949640 0.502706141 0.519935111 0.986826086 2.581309486 
50     0.754313614 0.754596830 0.734964073 0.843317917 0.763430164 0.748785769 0.690326555 0.775002089 0.774695308 0.946217685 0.944145742 1.189186092 1.190164028 0.977526394 0.973995333 1.016190214 0.936275189 0.960921205 0.964623202 0.953169490 0.964259297 0.826230799 0.830978468 0.798479546 0.736135628 0.728943297 0.961357878 0.771237847 0.871320864 0.804804130 0.710285834 0.704304384 0.709576098 0.718897348 0.732999041 0.732451774 0.760597571 0.767937859 0.765157457 0.115852713 0.000000000 0.184736995 0.457272768 0.526397379 0.722852916 0.652571412 0.639854510 0.502611011 0.519839980 0.986675405 2.581164354 
44     0.700886649 0.701169865 0.681537108 0.789890952 0.710003200 0.695358804 0.636899590 0.721575124 0.721268343 0.892790720 0.890718778 1.135759127 1.136737063 0.924099429 0.920568369 0.962763249 0.882848224 0.907494240 0.911196237 0.899742526 0.910832332 0.772803834 0.777551504 0.745052581 0.682708663 0.675516332 0.907930913 0.717810882 0.817893899 0.751377165 0.656858869 0.650877420 0.656149133 0.665470383 0.679572076 0.679024809 0.707170606 0.714510895 0.711730492 0.184698782 0.184736995 0.000000000 0.402920310 0.473215545 0.669671081 0.599389577 0.586672676 0.449436847 0.466665817 0.933123654 2.527737389 
43     0.831258745 0.831541961 0.811909204 0.920105976 0.840133913 0.825489517 0.767030304 0.851705838 0.851399057 1.022921434 1.020849491 1.265889841 1.266867777 1.054230142 1.050699082 1.092893962 1.012978937 1.037624954 1.041326950 1.029873239 1.040963046 0.902934548 0.907682217 0.875271333 0.812927414 0.805735084 1.038149664 0.848029634 0.948112650 0.881595917 0.787077620 0.781096171 0.786367885 0.795689135 0.809790827 0.809243561 0.837389358 0.844729646 0.841949244 0.457261450 0.457272768 0.402920310 0.000000000 0.602049424 0.798507350 0.728225846 0.715508944 0.578100763 0.595329733 1.064007792 2.657704769 
49     0.725903168 0.726186383 0.706553626 0.814750398 0.736899413 0.722255017 0.663658257 0.747198871 0.746892090 0.918906252 0.916834309 1.161570479 1.162548415 0.949910780 0.946379720 0.988574601 0.908659576 0.933305592 0.937007588 0.925553877 0.934094140 0.795770270 0.800517939 0.768931600 0.706624623 0.699432293 0.931827107 0.740633044 0.840716060 0.774199327 0.679773260 0.673791811 0.679063524 0.687632477 0.701759735 0.701212468 0.729358265 0.736698553 0.733918151 0.526492510 0.526397379 0.473215545 0.602049424 0.000000000 0.448316100 0.378296679 0.365006040 0.399112605 0.416521652 0.947886291 2.550880708 
41     0.924870855 0.925154070 0.905521313 1.013718085 0.933473096 0.918828700 0.860231940 0.943772554 0.943465773 1.115479935 1.113407992 1.358144162 1.359122098 1.146484463 1.142953403 1.185148284 1.105233259 1.129879275 1.133581271 1.122127560 1.133061827 0.994737957 0.999485626 0.967899287 0.905592310 0.898399979 1.130794793 0.939600731 1.039683747 0.973167014 0.878740947 0.872759498 0.878031211 0.886600164 0.900727421 0.900180155 0.928325952 0.935666240 0.932885838 0.722948046 0.722852916 0.669671081 0.798507350 0.448316100 0.000000000 0.474855832 0.461660039 0.596719723 0.614128769 1.146883269 2.748473785 
42     0.854631025 0.854914240 0.835281483 0.943478255 0.863233266 0.848588870 0.789992110 0.873532724 0.873225943 1.045240105 1.043168162 1.287904332 1.288882268 1.076244633 1.072713573 1.114908454 1.034993429 1.059639445 1.063341441 1.051887730 1.062821997 0.924498127 0.929245796 0.897659457 0.835352480 0.828160149 1.060554963 0.869360901 0.969443917 0.902927184 0.808501117 0.802519668 0.807791381 0.816360334 0.830487592 0.829940325 0.858086122 0.865426410 0.862646008 0.652666542 0.652571412 0.599389577 0.728225846 0.378296679 0.474855832 0.000000000 0.099509378 0.526679558 0.544088604 1.076643439 2.678233955 
48     0.841914123 0.842197339 0.822564582 0.930761354 0.850516364 0.835871968 0.777275208 0.860815822 0.860509041 1.032523203 1.030451261 1.275187430 1.276165366 1.063527732 1.059996672 1.102191552 1.022276527 1.046922543 1.050624540 1.039170829 1.050105095 0.911781225 0.916528894 0.884942556 0.822635578 0.815443248 1.047838062 0.856643999 0.956727016 0.890210282 0.795784215 0.789802766 0.795074479 0.803643432 0.817770690 0.817223423 0.845369220 0.852709508 0.849929106 0.639949640 0.639854510 0.586672676 0.715508944 0.365006040 0.461660039 0.099509378 0.000000000 0.513967224 0.531376270 1.063926538 2.665517053 
46     0.706900917 0.707184133 0.687551376 0.795748148 0.712602349 0.697957954 0.639361193 0.725006194 0.724699413 0.896364275 0.894292332 1.138916955 1.139894891 0.927257256 0.923726196 0.965921076 0.886006051 0.910652068 0.914354064 0.902900353 0.913712915 0.775531994 0.780279663 0.748807906 0.686463988 0.679271657 0.911686238 0.719780350 0.819863367 0.753346633 0.658862929 0.652881480 0.658153193 0.667372832 0.681500090 0.680952823 0.709098620 0.716438908 0.713658506 0.502706141 0.502611011 0.449436847 0.578100763 0.399112605 0.596719723 0.526679558 0.513967224 0.000000000 0.093294021 0.926964371 2.528030135 
40     0.724055065 0.724338281 0.704705524 0.812902296 0.729756498 0.715112102 0.656515342 0.742160343 0.741853562 0.913518423 0.911446481 1.156071103 1.157049039 0.944411405 0.940880345 0.983075225 0.903160200 0.927806216 0.931508213 0.920054502 0.930867064 0.792686143 0.797433812 0.765962055 0.703618136 0.696425806 0.928840386 0.736934499 0.837017515 0.770500782 0.676017077 0.670035628 0.675307342 0.684526980 0.698654238 0.698106972 0.726252769 0.733593057 0.730812655 0.519935111 0.519839980 0.466665817 0.595329733 0.416521652 0.614128769 0.544088604 0.531376270 0.093294021 0.000000000 0.944118519 2.545184283 
47     1.119221750 1.119504966 1.099872209 1.208279123 1.134463536 1.119819140 1.061464599 1.142219203 1.141912422 1.314773171 1.312701228 1.558034191 1.559012127 1.346374492 1.342843432 1.385038313 1.305382060 1.330028076 1.333730073 1.322276361 1.330609649 1.192741302 1.197488971 1.165348528 1.102979397 1.095708333 1.328076945 1.134251340 1.234137407 1.167817623 1.074247018 1.068265569 1.073537282 1.082790490 1.096855718 1.096308452 1.124454249 1.131794537 1.129014135 0.986826086 0.986675405 0.933123654 1.064007792 0.947886291 1.146883269 1.076643439 1.063926538 0.926964371 0.944118519 0.000000000 2.941728499 
0     2.556473131 2.556756347 2.537123590 2.645300420 2.572911946 2.558267550 2.500142322 2.581491917 2.581185137 2.755343167 2.753271225 2.997009902 2.997987838 2.786356915 2.782825855 2.825020735 2.745389343 2.770035359 2.773737356 2.762283644 2.763198249 2.624774641 2.629593182 2.600504095 2.538381844 2.529866787 2.762818840 2.575293705 2.674553632 2.608691751 2.513266084 2.507284635 2.512556349 2.524064528 2.537811127 2.537263860 2.565409657 2.572749946 2.569969543 2.581309486 2.581164354 2.527737389 2.657704769 2.550880708 2.748473785 2.678233955 2.665517053 2.528030135 2.545184283 2.941728499 0.000000000 
