51
23     0.000000000 0.000289570 0.004364510 0.008271680 0.033602000 0.038999310 0.035387670 0.035859870 0.032520820 0.013897810 0.017826220 0.019002680 0.014201170 0.038194790 0.027575820 0.036982580 0.034830680 0.033912590 0.033809190 0.035109290 0.014157120 0.014192240 0.014192140 0.047713140 0.037139690 0.047614240 0.058927310 0.038771200 0.038138450 0.033969620 0.031858400 0.036323130 0.037118610 0.027155480 0.021293630 0.021294820 0.020279260 0.020160390 0.033478640 0.040832200 0.036878470 0.035646650 0.039480680 0.050720020 0.136926710 0.070147380 0.063945620 0.036287290 0.038277290 0.034030340 0.054752340 
8     0.000289570 0.000000000 0.001776660 0.008044520 0.033870660 0.039267970 0.036653310 0.036128530 0.032789480 0.014166470 0.018094880 0.007746060 0.002944550 0.038463450 0.027844480 0.037251240 0.035099340 0.028573220 0.034077850 0.028585360 0.022162000 0.022197120 0.022197020 0.047981800 0.037408350 0.036357620 0.059195970 0.039039860 0.035094720 0.022713000 0.023029890 0.036591790 0.037387270 0.027424140 0.029298510 0.029299700 0.028284140 0.028165270 0.033747300 0.048837080 0.044883350 0.041312150 0.041921190 0.037632980 0.123839670 0.070416040 0.066154910 0.036555950 0.038545950 0.025192250 0.043495720 
37     0.004364510 0.001776660 0.000000000 0.006476260 0.033487320 0.038884630 0.036269970 0.035745190 0.032406140 0.013783130 0.017711540 0.006177800 0.001376290 0.038080110 0.027461140 0.036867900 0.034716000 0.027004960 0.033694510 0.027017100 0.018374410 0.018409530 0.018409430 0.047598460 0.037025010 0.034789360 0.058812630 0.038656520 0.033526460 0.021144740 0.031743720 0.036208450 0.037003930 0.027040800 0.025510920 0.025512110 0.024496550 0.024377680 0.033363960 0.045049490 0.041095760 0.039863940 0.041537850 0.055196640 0.146241400 0.070032700 0.065771570 0.036172610 0.038162610 0.032468650 0.041927460 
20     0.008271680 0.008044520 0.006476260 0.000000000 0.025512330 0.031644820 0.027116190 0.037256090 0.033486930 0.034018960 0.027188660 0.012354700 0.007553190 0.058315940 0.046662330 0.056977120 0.054951830 0.033181860 0.053930340 0.033194000 0.005885640 0.005920760 0.005920660 0.061798090 0.055098070 0.040966260 0.056271050 0.055981170 0.029866970 0.027321640 0.029809370 0.028875790 0.034285610 0.047276630 0.013022150 0.013023340 0.012007780 0.011888910 0.036278100 0.032560720 0.028606990 0.027375170 0.031209200 0.044313470 0.121474910 0.049801560 0.055674140 0.036423150 0.030067640 0.025758860 0.048104360 
7     0.033602000 0.033870660 0.033487320 0.025512330 0.000000000 0.006136130 0.002306720 0.040973750 0.045936990 0.029922530 0.031052260 0.077872350 0.081251210 0.024760740 0.020658800 0.053007300 0.050855400 0.049937310 0.049833910 0.051134010 0.027119790 0.027154910 0.027154810 0.062756540 0.026412810 0.028120280 0.075181950 0.055025840 0.033418640 0.040683160 0.011050400 0.010778880 0.016496490 0.043410120 0.016573820 0.016575010 0.015559450 0.015440580 0.039829770 0.007751570 0.003797840 0.002566020 0.006400050 0.029994410 0.169029010 0.055599350 0.030864990 0.011614000 0.005258490 0.000949690 0.137408560 
17     0.038999310 0.039267970 0.038884630 0.031644820 0.006136130 0.000000000 0.001289260 0.017067810 0.025164370 0.018872780 0.010294450 0.041549800 0.037809730 0.037677200 0.033575260 0.058404610 0.048141850 0.055334620 0.055231220 0.053735430 0.033252280 0.033287400 0.033287300 0.069365090 0.036644670 0.038352140 0.075799980 0.060423150 0.039551130 0.046815650 0.023966860 0.023695340 0.029412950 0.048807430 0.022706310 0.022707500 0.021691940 0.021573070 0.045962260 0.013884060 0.009930330 0.008698510 0.012532540 0.036126900 0.137461700 0.061731840 0.036997480 0.017746490 0.011390980 0.007082180 0.112046480 
31     0.035387670 0.036653310 0.036269970 0.027116190 0.002306720 0.001289260 0.000000000 0.024500520 0.025538230 0.017669400 0.009091070 0.032723970 0.028983900 0.057002160 0.046383190 0.055789950 0.053638050 0.052719960 0.052616560 0.053916660 0.028723650 0.028758770 0.028758670 0.066750430 0.056176980 0.054905100 0.053540620 0.039824550 0.035022500 0.042287020 0.030880940 0.029228750 0.027616870 0.043202840 0.018177680 0.018178870 0.017163310 0.017044440 0.041433630 0.009355430 0.005401700 0.004169880 0.008003910 0.031598270 0.142369050 0.053289390 0.032468850 0.013217860 0.006862350 0.002553550 0.124989640 
1     0.035859870 0.036128530 0.035745190 0.037256090 0.040973750 0.017067810 0.024500520 0.000000000 0.000222160 0.012026980 0.008170890 0.075585400 0.070783890 0.047691070 0.043589130 0.054621970 0.024084940 0.028851670 0.051448580 0.022422430 0.049829450 0.047597080 0.022801760 0.054593410 0.032003920 0.067788060 0.036146980 0.049078560 0.065119110 0.067549570 0.049939930 0.049668410 0.048162070 0.027929250 0.030764080 0.031095560 0.030611530 0.047178810 0.051991150 0.084039780 0.080235520 0.075422800 0.060165040 0.068346500 0.065841640 0.073834590 0.084398760 0.054799800 0.056789800 0.039028930 0.100579050 
19     0.032520820 0.032789480 0.032406140 0.033486930 0.045936990 0.025164370 0.025538230 0.000222160 0.000000000 0.020123540 0.016267450 0.086023940 0.080263900 0.052495130 0.041876160 0.051282920 0.018963400 0.023730130 0.048109530 0.017300890 0.046490400 0.045509090 0.019032600 0.058168800 0.040100480 0.069138820 0.074100770 0.041786270 0.066156820 0.066934440 0.047031860 0.050811660 0.049199780 0.022807710 0.025642540 0.025974020 0.025489990 0.043409650 0.048652100 0.080700730 0.075116760 0.072083750 0.056825990 0.069384210 0.134795160 0.074872300 0.081059710 0.051460750 0.053450750 0.033907390 0.108675610 
33     0.013897810 0.014166470 0.013783130 0.034018960 0.029922530 0.018872780 0.017669400 0.012026980 0.020123540 0.000000000 0.000157800 0.041519770 0.037779700 0.033872120 0.023253150 0.032659910 0.030508010 0.029589920 0.029486520 0.030786620 0.027867390 0.026886080 0.029121810 0.044263590 0.033690140 0.051671170 0.055477760 0.035321650 0.063610920 0.069182480 0.028408850 0.032873580 0.033669060 0.023705930 0.026504230 0.026575350 0.027859970 0.032920250 0.030029090 0.037943850 0.033990120 0.032758300 0.036592330 0.051861770 0.150374910 0.066697830 0.061057270 0.032837740 0.034827740 0.031141970 0.107125030 
34     0.017826220 0.018094880 0.017711540 0.027188660 0.031052260 0.010294450 0.009091070 0.008170890 0.016267450 0.000157800 0.000000000 0.070216450 0.066476380 0.037800530 0.027181560 0.036588320 0.034436420 0.033518330 0.033414930 0.034715030 0.031795800 0.030814490 0.024448730 0.048192000 0.034693810 0.055599580 0.059406170 0.039250060 0.063767800 0.062745290 0.032337260 0.036801990 0.037597470 0.027634340 0.030432640 0.030503760 0.031788380 0.036848660 0.033957500 0.038100730 0.034147000 0.032915180 0.036749210 0.055790180 0.096200460 0.070626240 0.061214150 0.036766150 0.035607650 0.031298850 0.103268940 
30     0.019002680 0.007746060 0.006177800 0.012354700 0.077872350 0.041549800 0.032723970 0.075585400 0.086023940 0.041519770 0.070216450 0.000000000 0.000806860 0.013001560 0.050117980 0.038192100 0.051238840 0.030403880 0.050337410 0.030416020 0.116403270 0.038481960 0.038592580 0.137708990 0.104450300 0.040667800 0.165237260 0.089165010 0.039404900 0.027023180 0.061869300 0.067045890 0.114528580 0.133465430 0.136263730 0.136334850 0.137619470 0.142679750 0.139788590 0.171837220 0.168032960 0.083174450 0.091258440 0.107958480 0.156748290 0.176457330 0.172196200 0.142597240 0.144587240 0.038347090 0.047805900 
11     0.014201170 0.002944550 0.001376290 0.007553190 0.081251210 0.037809730 0.028983900 0.070783890 0.080263900 0.037779700 0.066476380 0.000806860 0.000000000 0.012860900 0.043939900 0.032014020 0.045478800 0.025631910 0.044684390 0.025644050 0.113437950 0.033680450 0.033791070 0.131948950 0.098690260 0.035866290 0.163065860 0.103066670 0.034603390 0.022221670 0.075770960 0.080947550 0.109727070 0.129459160 0.132293990 0.132625470 0.132141440 0.140508350 0.137617190 0.169665820 0.165861560 0.078372940 0.105160100 0.121860140 0.170649950 0.174285930 0.170024800 0.140425840 0.136867240 0.033545580 0.043004390 
38     0.038194790 0.038463450 0.038080110 0.058315940 0.024760740 0.037677200 0.057002160 0.047691070 0.052495130 0.033872120 0.037800530 0.013001560 0.012860900 0.000000000 0.000040390 0.016463150 0.030649370 0.029731280 0.029627880 0.030927980 0.052164370 0.051183060 0.053418790 0.068560570 0.057987120 0.069583400 0.079774740 0.059618630 0.101613800 0.070754620 0.033726920 0.033455400 0.039173010 0.048002910 0.050801210 0.050872330 0.052156950 0.057217230 0.054326070 0.086374700 0.082570440 0.077757720 0.062499960 0.076158750 0.163324600 0.090994810 0.086733680 0.057134720 0.059124720 0.115935030 0.186766340 
21     0.027575820 0.027844480 0.027461140 0.046662330 0.020658800 0.033575260 0.046383190 0.043589130 0.041876160 0.023253150 0.027181560 0.050117980 0.043939900 0.000040390 0.000000000 0.006264750 0.020030400 0.019112310 0.019008910 0.020309010 0.041545400 0.040564090 0.042799820 0.057941600 0.047368150 0.065349180 0.069155770 0.048999660 0.090994830 0.087997960 0.029624980 0.029353460 0.035071070 0.037383940 0.040182240 0.040253360 0.041537980 0.046598260 0.043707100 0.075755730 0.071951470 0.067138750 0.051880990 0.065539780 0.186345290 0.080375840 0.076114710 0.046515750 0.048505750 0.105316060 0.179270940 
14     0.036982580 0.037251240 0.036867900 0.056977120 0.053007300 0.058404610 0.055789950 0.054621970 0.051282920 0.032659910 0.036588320 0.038192100 0.032014020 0.016463150 0.006264750 0.000000000 0.029437160 0.028519070 0.028415670 0.022521560 0.050952160 0.049970850 0.052206580 0.067348360 0.056774910 0.074755940 0.078562530 0.058406420 0.100401590 0.077115320 0.051493620 0.055958350 0.056753830 0.046790700 0.049589000 0.049660120 0.050944740 0.056005020 0.053113860 0.085162490 0.081358230 0.076545510 0.061287750 0.074946540 0.184615750 0.089782600 0.085521470 0.055922510 0.057912510 0.094456080 0.209827850 
15     0.034830680 0.035099340 0.034716000 0.054951830 0.050855400 0.048141850 0.053638050 0.024084940 0.018963400 0.030508010 0.034436420 0.051238840 0.045478800 0.030649370 0.020030400 0.029437160 0.000000000 0.001392000 0.000198350 0.001688390 0.048800260 0.047818950 0.050054680 0.065196460 0.054623010 0.052338540 0.075386090 0.050299050 0.093447930 0.056236510 0.049341720 0.053806450 0.054601930 0.037706570 0.040541400 0.040872880 0.040388850 0.053853120 0.050961960 0.083010590 0.079206330 0.074393610 0.059135850 0.072794640 0.126852390 0.087630700 0.083369570 0.053770610 0.055760610 0.048806250 0.172550350 
26     0.033912590 0.028573220 0.027004960 0.033181860 0.049937310 0.055334620 0.052719960 0.028851670 0.023730130 0.029589920 0.033518330 0.030403880 0.025631910 0.029731280 0.019112310 0.028519070 0.001392000 0.000000000 0.006775600 0.000022880 0.047882170 0.046900860 0.049136590 0.064278370 0.053704920 0.056331420 0.054729350 0.054291930 0.060232060 0.047850340 0.048423630 0.052888360 0.053683840 0.042473300 0.045308130 0.045639610 0.045155580 0.052935030 0.050043870 0.082092500 0.078288240 0.073475520 0.058217760 0.071876550 0.084424010 0.086712610 0.082451480 0.052852520 0.054842520 0.053572980 0.068633060 
18     0.033809190 0.034077850 0.033694510 0.053930340 0.049833910 0.055231220 0.052616560 0.051448580 0.048109530 0.029486520 0.033414930 0.050337410 0.044684390 0.029627880 0.019008910 0.028415670 0.000198350 0.006775600 0.000000000 0.007118490 0.047778770 0.046797460 0.049033190 0.064174970 0.053601520 0.071582550 0.075389140 0.055233030 0.096576210 0.077618250 0.048320230 0.052784960 0.053580440 0.043617310 0.046415610 0.046486730 0.047771350 0.052831630 0.049940470 0.081989100 0.078184840 0.073372120 0.058114360 0.071773150 0.137991540 0.086609210 0.082348080 0.052749120 0.054739120 0.085859590 0.171755940 
32     0.035109290 0.028585360 0.027017100 0.033194000 0.051134010 0.053735430 0.053916660 0.022422430 0.017300890 0.030786620 0.034715030 0.030416020 0.025644050 0.030927980 0.020309010 0.022521560 0.001688390 0.000022880 0.007118490 0.000000000 0.049078870 0.048097560 0.050333290 0.065475070 0.054901620 0.061507100 0.076689240 0.056533130 0.060244200 0.047862480 0.049620330 0.054085060 0.054880540 0.036044060 0.038878890 0.039210370 0.038726340 0.054131730 0.051240570 0.083289200 0.079484940 0.074672220 0.059414460 0.073073250 0.145267290 0.087909310 0.083648180 0.054049220 0.055417380 0.047143740 0.068645200 
22     0.014157120 0.022162000 0.018374410 0.005885640 0.027119790 0.033252280 0.028723650 0.049829450 0.046490400 0.027867390 0.031795800 0.116403270 0.113437950 0.052164370 0.041545400 0.050952160 0.048800260 0.047882170 0.047778770 0.049078870 0.000000000 0.000519660 0.000519560 0.042392440 0.006266120 0.006386220 0.053606610 0.022532230 0.007309990 0.038738950 0.020456780 0.022045980 0.025716990 0.021834780 0.014629610 0.014630800 0.013615240 0.013496370 0.028157940 0.034168180 0.030214450 0.028982630 0.032816660 0.053193160 0.173998670 0.068029220 0.057281600 0.034169130 0.031675100 0.027366320 0.163825170 
39     0.014192240 0.022197120 0.018409530 0.005920760 0.027154910 0.033287400 0.028758770 0.047597080 0.045509090 0.026886080 0.030814490 0.038481960 0.033680450 0.051183060 0.040564090 0.049970850 0.047818950 0.046900860 0.046797460 0.048097560 0.000519660 0.000000000 0.000000360 0.024041770 0.030837680 0.028159830 0.027516280 0.032469190 0.031509550 0.038774070 0.019475470 0.023940200 0.024735680 0.020853470 0.014664730 0.014665920 0.013650360 0.013531490 0.027176630 0.034203300 0.030249570 0.029017750 0.032851780 0.052211850 0.057172880 0.067047910 0.057316720 0.033187820 0.031710220 0.027401440 0.071795400 
29     0.014192140 0.022197020 0.018409430 0.005920660 0.027154810 0.033287300 0.028758670 0.022801760 0.019032600 0.029121810 0.024448730 0.038592580 0.033791070 0.053418790 0.042799820 0.052206580 0.050054680 0.049136590 0.049033190 0.050333290 0.000519560 0.000000360 0.000000000 0.021325930 0.005864200 0.005984300 0.054861030 0.022065960 0.006908070 0.038773970 0.021711200 0.026175930 0.026030800 0.023089200 0.014664630 0.014665820 0.013650260 0.013531390 0.029412360 0.034203200 0.030249470 0.029017650 0.032851680 0.054447580 0.140750680 0.069283640 0.057316620 0.035423550 0.031710120 0.027401340 0.071906020 
10     0.047713140 0.047981800 0.047598460 0.061798090 0.062756540 0.069365090 0.066750430 0.054593410 0.058168800 0.044263590 0.048192000 0.137708990 0.131948950 0.068560570 0.057941600 0.067348360 0.065196460 0.064278370 0.064174970 0.065475070 0.042392440 0.024041770 0.021325930 0.000000000 0.008555840 0.005283980 0.027750990 0.015035500 0.067067670 0.043655740 0.028102310 0.031363520 0.035569200 0.003241360 0.036400240 0.036471360 0.006951740 0.003965660 0.004454230 0.079805310 0.076001050 0.071188330 0.055930570 0.069589360 0.064350210 0.084425420 0.080164290 0.050565330 0.052555330 0.087441200 0.155287320 
3     0.037139690 0.037408350 0.037025010 0.055098070 0.026412810 0.036644670 0.056176980 0.032003920 0.040100480 0.033690140 0.034693810 0.104450300 0.098690260 0.057987120 0.047368150 0.056774910 0.054623010 0.053704920 0.053601520 0.054901620 0.006266120 0.030837680 0.005864200 0.008555840 0.000000000 0.000121080 0.003355480 0.016337310 0.001115070 0.040773180 0.032360450 0.036825180 0.037620660 0.012699480 0.021393760 0.019702400 0.027182530 0.028326100 0.029351650 0.069231860 0.065427600 0.060614880 0.045357120 0.059015910 0.074533900 0.073851970 0.069590840 0.039991880 0.041981880 0.091988610 0.122028630 
2     0.047614240 0.036357620 0.034789360 0.040966260 0.028120280 0.038352140 0.054905100 0.067788060 0.069138820 0.051671170 0.055599580 0.040667800 0.035866290 0.069583400 0.065349180 0.074755940 0.052338540 0.056331420 0.071582550 0.061507100 0.006386220 0.028159830 0.005984300 0.005283980 0.000121080 0.000000000 0.000647830 0.016457410 0.001235170 0.016631560 0.041333180 0.037660780 0.035133880 0.041009520 0.034028930 0.043507430 0.045163560 0.032411800 0.047332680 0.087212890 0.083408630 0.073016200 0.063338150 0.076996940 0.148689510 0.090310370 0.087571870 0.057972910 0.059962910 0.064521970 0.073980780 
25     0.058927310 0.059195970 0.058812630 0.056271050 0.075181950 0.075799980 0.053540620 0.036146980 0.074100770 0.055477760 0.059406170 0.165237260 0.163065860 0.079774740 0.069155770 0.078562530 0.075386090 0.054729350 0.075389140 0.076689240 0.053606610 0.027516280 0.054861030 0.027750990 0.003355480 0.000647830 0.000000000 0.060734230 0.057493650 0.063526190 0.043975940 0.042323750 0.040711870 0.044816110 0.032257550 0.018907010 0.018992800 0.029499080 0.037315700 0.091019480 0.087215220 0.082402500 0.067144740 0.080803530 0.045760840 0.088945890 0.091378460 0.061779500 0.063769500 0.120579810 0.214877120 
5     0.038771200 0.039039860 0.038656520 0.055981170 0.055025840 0.060423150 0.039824550 0.049078560 0.041786270 0.035321650 0.039250060 0.089165010 0.103066670 0.059618630 0.048999660 0.058406420 0.050299050 0.054291930 0.055233030 0.056533130 0.022532230 0.032469190 0.022065960 0.015035500 0.016337310 0.016457410 0.060734230 0.000000000 0.005235940 0.000844100 0.029160710 0.012131080 0.003964920 0.014505120 0.024734530 0.028787660 0.018215500 0.015229420 0.015717990 0.070863370 0.067059110 0.062246390 0.046988630 0.060647420 0.115307980 0.075483480 0.071222350 0.041623390 0.043613390 0.096670530 0.139103270 
27     0.038138450 0.035094720 0.033526460 0.029866970 0.033418640 0.039551130 0.035022500 0.065119110 0.066156820 0.063610920 0.063767800 0.039404900 0.034603390 0.101613800 0.090994830 0.100401590 0.093447930 0.060232060 0.096576210 0.060244200 0.007309990 0.031509550 0.006908070 0.067067670 0.001115070 0.001235170 0.057493650 0.005235940 0.000000000 0.006502000 0.002193280 0.001259700 0.006669520 0.055060550 0.020740780 0.020741970 0.019726410 0.019607540 0.043996730 0.040467030 0.036513300 0.035281480 0.039115510 0.062709870 0.119991780 0.079979180 0.063580450 0.044329460 0.037973950 0.033665170 0.072717880 
9     0.033969620 0.022713000 0.021144740 0.027321640 0.040683160 0.046815650 0.042287020 0.067549570 0.066934440 0.069182480 0.062745290 0.027023180 0.022221670 0.070754620 0.087997960 0.077115320 0.056236510 0.047850340 0.077618250 0.047862480 0.038738950 0.038774070 0.038773970 0.043655740 0.040773180 0.016631560 0.063526190 0.000844100 0.006502000 0.000000000 0.009455300 0.008521720 0.013931540 0.060947500 0.028005300 0.028006490 0.026990930 0.026872060 0.051261250 0.047731550 0.043777820 0.042546000 0.046380030 0.069974390 0.144588650 0.086011720 0.070844970 0.051593980 0.045238470 0.040929690 0.060336160 
13     0.031858400 0.023029890 0.031743720 0.029809370 0.011050400 0.023966860 0.030880940 0.049939930 0.047031860 0.028408850 0.032337260 0.061869300 0.075770960 0.033726920 0.029624980 0.051493620 0.049341720 0.048423630 0.048320230 0.049620330 0.020456780 0.019475470 0.021711200 0.028102310 0.032360450 0.041333180 0.043975940 0.029160710 0.002193280 0.009455300 0.000000000 0.001075040 0.000561660 0.022376240 0.020683180 0.020684370 0.019668810 0.019549940 0.028699400 0.040409430 0.036455700 0.035223880 0.039057910 0.053734620 0.132864310 0.066286210 0.063522850 0.034710590 0.036700590 0.033607570 0.145967970 
12     0.036323130 0.036591790 0.036208450 0.028875790 0.010778880 0.023695340 0.029228750 0.049668410 0.050811660 0.032873580 0.036801990 0.067045890 0.080947550 0.033455400 0.029353460 0.055958350 0.053806450 0.052888360 0.052784960 0.054085060 0.022045980 0.023940200 0.026175930 0.031363520 0.036825180 0.037660780 0.042323750 0.012131080 0.001259700 0.008521720 0.001075040 0.000000000 0.000017590 0.026840970 0.019749600 0.019750790 0.018735230 0.018616360 0.033164130 0.039475850 0.035522120 0.034290300 0.038124330 0.058199350 0.138040900 0.064634020 0.062589270 0.039175320 0.036982770 0.032673990 0.158440100 
16     0.037118610 0.037387270 0.037003930 0.034285610 0.016496490 0.029412950 0.027616870 0.048162070 0.049199780 0.033669060 0.037597470 0.114528580 0.109727070 0.039173010 0.035071070 0.056753830 0.054601930 0.053683840 0.053580440 0.054880540 0.025716990 0.024735680 0.026030800 0.035569200 0.037620660 0.035133880 0.040711870 0.003964920 0.006669520 0.013931540 0.000561660 0.000017590 0.000000000 0.027636450 0.025159420 0.025160610 0.024145050 0.024026180 0.033959610 0.044885670 0.040931940 0.039700120 0.043534150 0.057534050 0.141210690 0.063022140 0.067999090 0.039970800 0.041960800 0.038083810 0.147841560 
28     0.027155480 0.027424140 0.027040800 0.047276630 0.043410120 0.048807430 0.043202840 0.027929250 0.022807710 0.023705930 0.027634340 0.133465430 0.129459160 0.048002910 0.037383940 0.046790700 0.037706570 0.042473300 0.043617310 0.036044060 0.021834780 0.020853470 0.023089200 0.003241360 0.012699480 0.041009520 0.044816110 0.014505120 0.055060550 0.060947500 0.022376240 0.026840970 0.027636450 0.000000000 0.002230420 0.005222460 0.002224270 0.001483560 0.001972130 0.057941980 0.053988250 0.050630670 0.035372910 0.049031700 0.126440020 0.063867760 0.059606630 0.030007670 0.031997670 0.047228760 0.187598970 
35     0.021293630 0.029298510 0.025510920 0.013022150 0.016573820 0.022706310 0.018177680 0.030764080 0.025642540 0.026504230 0.030432640 0.136263730 0.132293990 0.050801210 0.040182240 0.049589000 0.040541400 0.045308130 0.046415610 0.038878890 0.014629610 0.014664730 0.014664630 0.036400240 0.021393760 0.034028930 0.032257550 0.024734530 0.020740780 0.028005300 0.020683180 0.019749600 0.025159420 0.002230420 0.000000000 0.000024060 0.000006550 0.001207800 0.007013020 0.023622210 0.019668480 0.018436660 0.022270690 0.045865050 0.062784450 0.066666060 0.046735630 0.027484640 0.021129130 0.016820350 0.153279200 
4     0.021294820 0.029299700 0.025512110 0.013023340 0.016575010 0.022707500 0.018178870 0.031095560 0.025974020 0.026575350 0.030503760 0.136334850 0.132625470 0.050872330 0.040253360 0.049660120 0.040872880 0.045639610 0.046486730 0.039210370 0.014630800 0.014665920 0.014665820 0.036471360 0.019702400 0.043507430 0.018907010 0.028787660 0.020741970 0.028006490 0.020684370 0.019750790 0.025160610 0.005222460 0.000024060 0.000000000 0.000429350 0.001208990 0.007228030 0.023623400 0.019669670 0.018437850 0.022271880 0.045866240 0.049433910 0.066737180 0.046736820 0.027485830 0.021130320 0.016821540 0.153280390 
36     0.020279260 0.028284140 0.024496550 0.012007780 0.015559450 0.021691940 0.017163310 0.030611530 0.025489990 0.027859970 0.031788380 0.137619470 0.132141440 0.052156950 0.041537980 0.050944740 0.040388850 0.045155580 0.047771350 0.038726340 0.013615240 0.013650360 0.013650260 0.006951740 0.027182530 0.045163560 0.018992800 0.018215500 0.019726410 0.026990930 0.019668810 0.018735230 0.024145050 0.002224270 0.000006550 0.000429350 0.000000000 0.000193430 0.005088910 0.022607840 0.018654110 0.017422290 0.021256320 0.044850680 0.049519700 0.068021800 0.045721260 0.026470270 0.020114760 0.015805980 0.152264830 
6     0.020160390 0.028165270 0.024377680 0.011888910 0.015440580 0.021573070 0.017044440 0.047178810 0.043409650 0.032920250 0.036848660 0.142679750 0.140508350 0.057217230 0.046598260 0.056005020 0.053853120 0.052935030 0.052831630 0.054131730 0.013496370 0.013531490 0.013531390 0.003965660 0.028326100 0.032411800 0.029499080 0.015229420 0.019607540 0.026872060 0.019549940 0.018616360 0.024026180 0.001483560 0.001207800 0.001208990 0.000193430 0.000000000 0.000339960 0.022488970 0.018535240 0.017303420 0.021137450 0.044731810 0.071011470 0.070336750 0.045602390 0.026351400 0.019995890 0.015687110 0.152145960 
24     0.033478640 0.033747300 0.033363960 0.036278100 0.039829770 0.045962260 0.041433630 0.051991150 0.048652100 0.030029090 0.033957500 0.139788590 0.137617190 0.054326070 0.043707100 0.053113860 0.050961960 0.050043870 0.049940470 0.051240570 0.028157940 0.027176630 0.029412360 0.004454230 0.029351650 0.047332680 0.037315700 0.015717990 0.043996730 0.051261250 0.028699400 0.033164130 0.033959610 0.001972130 0.007013020 0.007228030 0.005088910 0.000339960 0.000000000 0.046878160 0.042924430 0.041692610 0.041696070 0.055354860 0.067842600 0.070190920 0.065929790 0.036330830 0.038320830 0.040076300 0.176535150 
45     0.040832200 0.048837080 0.045049490 0.032560720 0.007751570 0.013884060 0.009355430 0.084039780 0.080700730 0.037943850 0.038100730 0.171837220 0.169665820 0.086374700 0.075755730 0.085162490 0.083010590 0.082092500 0.081989100 0.083289200 0.034168180 0.034203300 0.034203200 0.079805310 0.069231860 0.087212890 0.091019480 0.070863370 0.040467030 0.047731550 0.040409430 0.039475850 0.044885670 0.057941980 0.023622210 0.023623400 0.022607840 0.022488970 0.046878160 0.000000000 0.000000220 0.000956090 0.008130610 0.025267410 0.045261530 0.055609860 0.034381860 0.015130870 0.008775360 0.007998100 0.144456930 
50     0.036878470 0.044883350 0.041095760 0.028606990 0.003797840 0.009930330 0.005401700 0.080235520 0.075116760 0.033990120 0.034147000 0.168032960 0.165861560 0.082570440 0.071951470 0.081358230 0.079206330 0.078288240 0.078184840 0.079484940 0.030214450 0.030249570 0.030249470 0.076001050 0.065427600 0.083408630 0.087215220 0.067059110 0.036513300 0.043777820 0.036455700 0.035522120 0.040931940 0.053988250 0.019668480 0.019669670 0.018654110 0.018535240 0.042924430 0.000000220 0.000000000 0.000677530 0.005414260 0.027430050 0.045261710 0.055162490 0.030428130 0.011177140 0.004821630 0.004044370 0.140503200 
44     0.035646650 0.041312150 0.039863940 0.027375170 0.002566020 0.008698510 0.004169880 0.075422800 0.072083750 0.032758300 0.032915180 0.083174450 0.078372940 0.077757720 0.067138750 0.076545510 0.074393610 0.073475520 0.073372120 0.074672220 0.028982630 0.029017750 0.029017650 0.071188330 0.060614880 0.073016200 0.082402500 0.062246390 0.035281480 0.042546000 0.035223880 0.034290300 0.039700120 0.050630670 0.018436660 0.018437850 0.017422290 0.017303420 0.041692610 0.000956090 0.000677530 0.000000000 0.004233010 0.027431440 0.044317180 0.044971190 0.029196310 0.009945320 0.003589810 0.002812550 0.116487430 
43     0.039480680 0.041921190 0.041537850 0.031209200 0.006400050 0.012532540 0.008003910 0.060165040 0.056825990 0.036592330 0.036749210 0.091258440 0.105160100 0.062499960 0.051880990 0.061287750 0.059135850 0.058217760 0.058114360 0.059414460 0.032816660 0.032851780 0.032851680 0.055930570 0.045357120 0.063338150 0.067144740 0.046988630 0.039115510 0.046380030 0.039057910 0.038124330 0.043534150 0.035372910 0.022270690 0.022271880 0.021256320 0.021137450 0.041696070 0.008130610 0.005414260 0.004233010 0.000000000 0.032159760 0.049625600 0.056004250 0.033030340 0.013779350 0.007423840 0.006646580 0.143105410 
49     0.050720020 0.037632980 0.055196640 0.044313470 0.029994410 0.036126900 0.031598270 0.068346500 0.069384210 0.051861770 0.055790180 0.107958480 0.121860140 0.076158750 0.065539780 0.074946540 0.072794640 0.071876550 0.071773150 0.073073250 0.053193160 0.052211850 0.054447580 0.069589360 0.059015910 0.076996940 0.080803530 0.060647420 0.062709870 0.069974390 0.053734620 0.058199350 0.057534050 0.049031700 0.045865050 0.045866240 0.044850680 0.044731810 0.055354860 0.025267410 0.027430050 0.027431440 0.032159760 0.000000000 0.016948140 0.005648070 0.010707080 0.026095230 0.024821980 0.012655950 0.166699770 
41     0.136926710 0.123839670 0.146241400 0.121474910 0.169029010 0.137461700 0.142369050 0.065841640 0.134795160 0.150374910 0.096200460 0.156748290 0.170649950 0.163324600 0.186345290 0.184615750 0.126852390 0.084424010 0.137991540 0.145267290 0.173998670 0.057172880 0.140750680 0.064350210 0.074533900 0.148689510 0.045760840 0.115307980 0.119991780 0.144588650 0.132864310 0.138040900 0.141210690 0.126440020 0.062784450 0.049433910 0.049519700 0.071011470 0.067842600 0.045261530 0.045261710 0.044317180 0.049625600 0.016948140 0.000000000 0.033806670 0.025581840 0.024361510 0.024801200 0.029541690 0.136091310 
42     0.070147380 0.070416040 0.070032700 0.049801560 0.055599350 0.061731840 0.053289390 0.073834590 0.074872300 0.066697830 0.070626240 0.176457330 0.174285930 0.090994810 0.080375840 0.089782600 0.087630700 0.086712610 0.086609210 0.087909310 0.068029220 0.067047910 0.069283640 0.084425420 0.073851970 0.090310370 0.088945890 0.075483480 0.079979180 0.086011720 0.066286210 0.064634020 0.063022140 0.063867760 0.066666060 0.066737180 0.068021800 0.070336750 0.070190920 0.055609860 0.055162490 0.044971190 0.056004250 0.005648070 0.033806670 0.000000000 0.000024100 0.019823090 0.044085030 0.046024780 0.055641970 
48     0.063945620 0.066154910 0.065771570 0.055674140 0.030864990 0.036997480 0.032468850 0.084398760 0.081059710 0.061057270 0.061214150 0.172196200 0.170024800 0.086733680 0.076114710 0.085521470 0.083369570 0.082451480 0.082348080 0.083648180 0.057281600 0.057316720 0.057316620 0.080164290 0.069590840 0.087571870 0.091378460 0.071222350 0.063580450 0.070844970 0.063522850 0.062589270 0.067999090 0.059606630 0.046735630 0.046736820 0.045721260 0.045602390 0.065929790 0.034381860 0.030428130 0.029196310 0.033030340 0.010707080 0.025581840 0.000024100 0.000000000 0.019800190 0.025692560 0.031111520 0.055619070 
46     0.036287290 0.036555950 0.036172610 0.036423150 0.011614000 0.017746490 0.013217860 0.054799800 0.051460750 0.032837740 0.036766150 0.142597240 0.140425840 0.057134720 0.046515750 0.055922510 0.053770610 0.052852520 0.052749120 0.054049220 0.034169130 0.033187820 0.035423550 0.050565330 0.039991880 0.057972910 0.061779500 0.041623390 0.044329460 0.051593980 0.034710590 0.039175320 0.039970800 0.030007670 0.027484640 0.027485830 0.026470270 0.026351400 0.036330830 0.015130870 0.011177140 0.009945320 0.013779350 0.026095230 0.024361510 0.019823090 0.019800190 0.000000000 0.001819360 0.011860530 0.045705960 
40     0.038277290 0.038545950 0.038162610 0.030067640 0.005258490 0.011390980 0.006862350 0.056789800 0.053450750 0.034827740 0.035607650 0.144587240 0.136867240 0.059124720 0.048505750 0.057912510 0.055760610 0.054842520 0.054739120 0.055417380 0.031675100 0.031710220 0.031710120 0.052555330 0.041981880 0.059962910 0.063769500 0.043613390 0.037973950 0.045238470 0.036700590 0.036982770 0.041960800 0.031997670 0.021129130 0.021130320 0.020114760 0.019995890 0.038320830 0.008775360 0.004821630 0.003589810 0.007423840 0.024821980 0.024801200 0.044085030 0.025692560 0.001819360 0.000000000 0.005505020 0.083997920 
47     0.034030340 0.025192250 0.032468650 0.025758860 0.000949690 0.007082180 0.002553550 0.039028930 0.033907390 0.031141970 0.031298850 0.038347090 0.033545580 0.115935030 0.105316060 0.094456080 0.048806250 0.053572980 0.085859590 0.047143740 0.027366320 0.027401440 0.027401340 0.087441200 0.091988610 0.064521970 0.120579810 0.096670530 0.033665170 0.040929690 0.033607570 0.032673990 0.038083810 0.047228760 0.016820350 0.016821540 0.015805980 0.015687110 0.040076300 0.007998100 0.004044370 0.002812550 0.006646580 0.012655950 0.029541690 0.046024780 0.031111520 0.011860530 0.005505020 0.000000000 0.071660070 
0     0.054752340 0.043495720 0.041927460 0.048104360 0.137408560 0.112046480 0.124989640 0.100579050 0.108675610 0.107125030 0.103268940 0.047805900 0.043004390 0.186766340 0.179270940 0.209827850 0.172550350 0.068633060 0.171755940 0.068645200 0.163825170 0.071795400 0.071906020 0.155287320 0.122028630 0.073980780 0.214877120 0.139103270 0.072717880 0.060336160 0.145967970 0.158440100 0.147841560 0.187598970 0.153279200 0.153280390 0.152264830 0.152145960 0.176535150 0.144456930 0.140503200 0.116487430 0.143105410 0.166699770 0.136091310 0.055641970 0.055619070 0.045705960 0.083997920 0.071660070 0.000000000 
