51
25     0.000000000 0.000926091 0.004318941 0.004192991 0.003500881 0.007135881 0.007491354 0.006695589 0.006849555 0.006900517 0.006825878 0.007333080 0.007268302 0.006762972 0.005737754 0.005627150 0.005827142 0.006851195 0.006586321 0.006657363 0.007391404 0.006801899 0.005271476 0.005278710 0.005361223 0.006277512 0.005814429 0.006261482 0.006274309 0.006770585 0.007008758 0.006266083 0.006316665 0.006173310 0.006632154 0.006618112 0.006685023 0.005460586 0.006055996 0.006072273 0.005607162 0.006171194 0.005634220 0.005247694 0.005037363 0.005248001 0.005665347 0.005551334 0.005889005 0.005936676 0.012947104 
10     0.000926091 0.000000000 0.004381402 0.004257179 0.003565847 0.007211627 0.007576014 0.006782035 0.006934458 0.006985420 0.006910900 0.007412255 0.007339995 0.006846111 0.005813415 0.005702811 0.005897279 0.006920563 0.006621191 0.006698834 0.007439203 0.006855871 0.005353926 0.005361635 0.005446696 0.006266997 0.005805169 0.006256430 0.006273380 0.006776290 0.007013421 0.006268554 0.006325010 0.006180938 0.006639499 0.006624950 0.006692368 0.005534304 0.006135590 0.006149497 0.005692034 0.006245516 0.005705190 0.005323301 0.005115847 0.005322466 0.005735546 0.005625437 0.005959773 0.006010639 0.012913862 
11     0.004318941 0.004381402 0.000000000 0.005224405 0.004463535 0.008363917 0.008703319 0.007954363 0.008087186 0.008138606 0.008062407 0.008544046 0.008480847 0.008094175 0.007036379 0.006929620 0.007094232 0.008120539 0.007872835 0.007947052 0.008690860 0.008106083 0.006506672 0.006515472 0.006615254 0.007538008 0.007110775 0.007553772 0.007555062 0.008094760 0.008322523 0.007573744 0.007624149 0.007471153 0.007924287 0.007916890 0.007974796 0.006720586 0.007360147 0.007365166 0.006887439 0.007422366 0.006907576 0.006529179 0.006330878 0.006552345 0.006903989 0.006793033 0.007162330 0.007234444 0.014254392 
16     0.004192991 0.004257179 0.005224405 0.000000000 0.003642010 0.008212918 0.008573301 0.007776653 0.007936836 0.007987646 0.007904122 0.008399271 0.008334260 0.007915083 0.006869128 0.006753778 0.006916499 0.007969099 0.007728384 0.007790675 0.008534330 0.007940422 0.006362404 0.006370930 0.006462741 0.007337948 0.006914366 0.007335211 0.007350828 0.007885801 0.008126243 0.007398287 0.007426371 0.007287839 0.007744437 0.007733183 0.007794992 0.006568946 0.007175349 0.007185597 0.006715653 0.007279906 0.006743858 0.006361321 0.006142420 0.006364609 0.006801548 0.006678647 0.007013592 0.007065154 0.014113978 
13     0.003500881 0.003565847 0.004463535 0.003642010 0.000000000 0.007533174 0.007884309 0.007115417 0.007246266 0.007297687 0.007221798 0.007712341 0.007646566 0.007222136 0.006159352 0.006050726 0.006233640 0.007260315 0.007034085 0.007085659 0.007810814 0.007235501 0.005676198 0.005684723 0.005773199 0.006674529 0.006242621 0.006657351 0.006663783 0.007183716 0.007412201 0.006657977 0.006703813 0.006574913 0.007030445 0.007017332 0.007080652 0.005822971 0.006436314 0.006446124 0.005981040 0.006588451 0.006028087 0.005660192 0.005431314 0.005639454 0.006068308 0.005952800 0.006287680 0.006344293 0.013402542 
18     0.007135881 0.007211627 0.008363917 0.008212918 0.007533174 0.000000000 0.004823049 0.003953941 0.004163186 0.004226273 0.004111322 0.004542106 0.004465979 0.008171999 0.007066734 0.006934256 0.007183771 0.008158322 0.008773410 0.008839885 0.009538962 0.008973748 0.007425512 0.007434037 0.007529486 0.008404877 0.008002167 0.008456422 0.008456037 0.008988082 0.009224241 0.008440763 0.008461891 0.008351505 0.008788829 0.008768484 0.008803146 0.007617771 0.008269048 0.008271127 0.007772945 0.008329532 0.007794287 0.007440412 0.007247704 0.007495442 0.007924696 0.007813969 0.008148502 0.008174628 0.015210651 
21     0.007491354 0.007576014 0.008703319 0.008573301 0.007884309 0.004823049 0.000000000 0.002855196 0.003575281 0.003627625 0.003545582 0.004199748 0.004181753 0.008527128 0.007404632 0.007281777 0.007559429 0.008540774 0.009132604 0.009181227 0.009895763 0.009344713 0.007781513 0.007790038 0.007882961 0.008763359 0.008374715 0.008806553 0.008800692 0.009319098 0.009569542 0.008813873 0.008825347 0.008731268 0.009181374 0.009162161 0.009194308 0.008010833 0.008669814 0.008634044 0.008152575 0.008715211 0.008184370 0.007808766 0.007605330 0.007845758 0.008290033 0.008187421 0.008516222 0.008545997 0.015577580 
7     0.006695589 0.006782035 0.007954363 0.007776653 0.007115417 0.003953941 0.002855196 0.000000000 0.002664140 0.002729257 0.002652209 0.003384523 0.003347856 0.007723429 0.006592371 0.006471886 0.006734723 0.007724172 0.008377844 0.008426251 0.009134180 0.008579075 0.006993446 0.007001972 0.007095048 0.007949807 0.007536710 0.007958313 0.007987574 0.008508639 0.008765417 0.007977643 0.007979068 0.007884581 0.008343368 0.008321424 0.008353993 0.007209797 0.007866613 0.007847162 0.007312857 0.007914374 0.007376858 0.007025203 0.006781369 0.007039142 0.007502075 0.007390139 0.007735922 0.007771917 0.014732525 
2     0.006849555 0.006934458 0.008087186 0.007936836 0.007246266 0.004163186 0.003575281 0.002664140 0.000000000 0.001062531 0.002212733 0.003547188 0.003488295 0.007906080 0.006791941 0.006674722 0.006939535 0.007941398 0.008524350 0.008590854 0.009292245 0.008740967 0.007176741 0.007186508 0.007262514 0.008178925 0.007743936 0.008161188 0.008189657 0.008705767 0.008961232 0.008195622 0.008199444 0.008103442 0.008541460 0.008520105 0.008552751 0.007353210 0.008017044 0.007997087 0.007506532 0.008102356 0.007558932 0.007189334 0.006949662 0.007198452 0.007662504 0.007541030 0.007870934 0.007913902 0.014919191 
5     0.006900517 0.006985420 0.008138606 0.007987646 0.007297687 0.004226273 0.003627625 0.002729257 0.001062531 0.000000000 0.002283749 0.003632331 0.003571398 0.007968987 0.006849502 0.006728386 0.007009159 0.008012187 0.008564578 0.008631963 0.009339803 0.008790201 0.007226236 0.007236003 0.007315046 0.008266317 0.007829952 0.008248038 0.008277566 0.008793407 0.009032736 0.008285723 0.008289871 0.008193399 0.008630410 0.008610064 0.008642455 0.007382213 0.008039515 0.008023815 0.007534259 0.008137555 0.007597406 0.007226503 0.006989988 0.007239295 0.007716842 0.007595365 0.007927710 0.007971163 0.014974593 
1     0.006825878 0.006910900 0.008062407 0.007904122 0.007221798 0.004111322 0.003545582 0.002652209 0.002212733 0.002283749 0.000000000 0.003522556 0.003476521 0.007877630 0.006772979 0.006652310 0.006908182 0.007880236 0.008510752 0.008565540 0.009270960 0.008722616 0.007136730 0.007145256 0.007223874 0.008163478 0.007733721 0.008179294 0.008176319 0.008713417 0.008957192 0.008183542 0.008192315 0.008081284 0.008561446 0.008541100 0.008575800 0.007362685 0.007988504 0.007974018 0.007483355 0.008035296 0.007524011 0.007158300 0.006913586 0.007158655 0.007633213 0.007515352 0.007852336 0.007891736 0.014877676 
23     0.007333080 0.007412255 0.008544046 0.008399271 0.007712341 0.004542106 0.004199748 0.003384523 0.003547188 0.003632331 0.003522556 0.000000000 0.001411339 0.008344200 0.007233921 0.007108981 0.007365593 0.008363895 0.008972327 0.009023823 0.009733957 0.009180372 0.007622568 0.007631094 0.007716182 0.008582182 0.008169856 0.008597881 0.008608049 0.009113512 0.009382580 0.008590698 0.008606077 0.008505993 0.008966051 0.008945706 0.008980405 0.007795490 0.008468903 0.008446027 0.007939405 0.008490156 0.007959732 0.007610960 0.007366982 0.007627097 0.008028066 0.007941885 0.008255055 0.008289962 0.015333424 
12     0.007268302 0.007339995 0.008480847 0.008334260 0.007646566 0.004465979 0.004181753 0.003347856 0.003488295 0.003571398 0.003476521 0.001411339 0.000000000 0.008273468 0.007168979 0.007049316 0.007292112 0.008291188 0.008914435 0.008966148 0.009674959 0.009116252 0.007558329 0.007566854 0.007648877 0.008512399 0.008108690 0.008542473 0.008554156 0.009054128 0.009322062 0.008530071 0.008546289 0.008445798 0.008904636 0.008884290 0.008918990 0.007733216 0.008420284 0.008397587 0.007891451 0.008442734 0.007914085 0.007569067 0.007323539 0.007576706 0.007971119 0.007869746 0.008197619 0.008232526 0.015292681 
6     0.006762972 0.006846111 0.008094175 0.007915083 0.007222136 0.008171999 0.008527128 0.007723429 0.007906080 0.007968987 0.007877630 0.008344200 0.008273468 0.000000000 0.005459795 0.005363077 0.005583851 0.006418563 0.008456723 0.008529804 0.009253891 0.008691263 0.007147061 0.007155586 0.007243286 0.008121007 0.007676689 0.008105244 0.008130635 0.008647394 0.008904171 0.008161661 0.008190578 0.008033934 0.008537675 0.008524912 0.008555991 0.007304078 0.007912344 0.007944507 0.007468774 0.008043527 0.007481264 0.007143452 0.006940641 0.007205777 0.007561714 0.007442942 0.007753106 0.007791130 0.014821158 
22     0.005737754 0.005813415 0.007036379 0.006869128 0.006159352 0.007066734 0.007404632 0.006592371 0.006791941 0.006849502 0.006772979 0.007233921 0.007168979 0.005459795 0.000000000 0.000816284 0.002771614 0.004977601 0.007403846 0.007461768 0.008171713 0.007632860 0.006059898 0.006066880 0.006160353 0.007016557 0.006581823 0.007061470 0.007076848 0.007579707 0.007834016 0.007080792 0.007129301 0.006982792 0.007465921 0.007446140 0.007485713 0.006274827 0.006876352 0.006900509 0.006407605 0.007025249 0.006448056 0.006082194 0.005905000 0.006169871 0.006553220 0.006433727 0.006727430 0.006786812 0.013714340 
4     0.005627150 0.005702811 0.006929620 0.006753778 0.006050726 0.006934256 0.007281777 0.006471886 0.006674722 0.006728386 0.006652310 0.007108981 0.007049316 0.005363077 0.000816284 0.000000000 0.002685573 0.004891032 0.007287754 0.007346191 0.008051495 0.007516532 0.005954495 0.005961477 0.006055047 0.006909168 0.006474235 0.006949541 0.006965945 0.007475039 0.007730717 0.006971356 0.007017111 0.006873280 0.007355096 0.007335997 0.007374888 0.006162712 0.006762404 0.006791243 0.006300078 0.006913349 0.006339375 0.005962307 0.005795511 0.006058252 0.006443316 0.006323896 0.006616749 0.006676155 0.013599267 
15     0.005827142 0.005897279 0.007094232 0.006916499 0.006233640 0.007183771 0.007559429 0.006734723 0.006939535 0.007009159 0.006908182 0.007365593 0.007292112 0.005583851 0.002771614 0.002685573 0.000000000 0.005061098 0.007494430 0.007563153 0.008292598 0.007746577 0.006106251 0.006113881 0.006207914 0.007141650 0.006707363 0.007172146 0.007177684 0.007678353 0.007938534 0.007185887 0.007227135 0.007090685 0.007589394 0.007572439 0.007609186 0.006361662 0.006969199 0.006994033 0.006512562 0.007081903 0.006519257 0.006135765 0.005963833 0.006222519 0.006606337 0.006493311 0.006792492 0.006831113 0.013757749 
9     0.006851195 0.006920563 0.008120539 0.007969099 0.007260315 0.008158322 0.008540774 0.007724172 0.007941398 0.008012187 0.007880236 0.008363895 0.008291188 0.006418563 0.004977601 0.004891032 0.005061098 0.000000000 0.008481080 0.008536420 0.009239890 0.008711357 0.007137343 0.007145869 0.007233589 0.008084476 0.007646394 0.008121828 0.008118727 0.008567887 0.008858950 0.008112970 0.008161301 0.008021730 0.008475698 0.008451511 0.008495490 0.007346206 0.007938284 0.007963552 0.007492971 0.008079071 0.007500529 0.007159147 0.006991639 0.007251220 0.007611028 0.007499637 0.007795866 0.007830465 0.014754584 
14     0.006586321 0.006621191 0.007872835 0.007728384 0.007034085 0.008773410 0.009132604 0.008377844 0.008524350 0.008564578 0.008510752 0.008972327 0.008914435 0.008456723 0.007403846 0.007287754 0.007494430 0.008481080 0.000000000 0.001531336 0.004019325 0.003474233 0.006641676 0.006650202 0.006731459 0.007835542 0.007438741 0.007864831 0.007879845 0.008348741 0.008588380 0.007817001 0.007877200 0.007755742 0.008210140 0.008205556 0.008259821 0.007051800 0.007658901 0.007640198 0.007146629 0.007751579 0.007205388 0.006777682 0.006609883 0.006848428 0.007244729 0.007150007 0.007477744 0.007513815 0.014571962 
8     0.006657363 0.006698834 0.007947052 0.007790675 0.007085659 0.008839885 0.009181227 0.008426251 0.008590854 0.008631963 0.008565540 0.009023823 0.008966148 0.008529804 0.007461768 0.007346191 0.007563153 0.008536420 0.001531336 0.000000000 0.004029290 0.003461219 0.006679425 0.006687950 0.006768787 0.007868465 0.007488767 0.007914725 0.007924678 0.008363373 0.008615481 0.007869274 0.007931255 0.007807313 0.008255487 0.008249841 0.008302623 0.007106983 0.007712812 0.007708365 0.007215778 0.007795555 0.007263747 0.006833001 0.006663502 0.006887646 0.007306390 0.007200584 0.007522076 0.007544890 0.014628043 
20     0.007391404 0.007439203 0.008690860 0.008534330 0.007810814 0.009538962 0.009895763 0.009134180 0.009292245 0.009339803 0.009270960 0.009733957 0.009674959 0.009253891 0.008171713 0.008051495 0.008292598 0.009239890 0.004019325 0.004029290 0.000000000 0.003967947 0.007417454 0.007426407 0.007519865 0.008687775 0.008264647 0.008695499 0.008686902 0.009162218 0.009397496 0.008668728 0.008726352 0.008598036 0.009047237 0.009040066 0.009094785 0.007858659 0.008460070 0.008449254 0.007962508 0.008521096 0.007990388 0.007553411 0.007394174 0.007628429 0.008050641 0.007966271 0.008273637 0.008308550 0.015365701 
24     0.006801899 0.006855871 0.008106083 0.007940422 0.007235501 0.008973748 0.009344713 0.008579075 0.008740967 0.008790201 0.008722616 0.009180372 0.009116252 0.008691263 0.007632860 0.007516532 0.007746577 0.008711357 0.003474233 0.003461219 0.003967947 0.000000000 0.006839232 0.006847757 0.006943318 0.008064847 0.007699816 0.008113281 0.008123522 0.008579853 0.008842698 0.008088273 0.008147409 0.008022989 0.008491670 0.008486579 0.008539856 0.007275197 0.007896896 0.007884474 0.007407225 0.007965344 0.007430568 0.006950649 0.006828374 0.007054317 0.007458617 0.007353655 0.007692264 0.007727147 0.014815893 
19     0.005271476 0.005353926 0.006506672 0.006362404 0.005676198 0.007425512 0.007781513 0.006993446 0.007176741 0.007226236 0.007136730 0.007622568 0.007558329 0.007147061 0.006059898 0.005954495 0.006106251 0.007137343 0.006641676 0.006679425 0.007417454 0.006839232 0.000000000 0.000354750 0.001253461 0.006454598 0.006082636 0.006468471 0.006481743 0.007019047 0.007276080 0.006516300 0.006551464 0.006437452 0.006855605 0.006847387 0.006902780 0.005682970 0.006300970 0.006299857 0.005822552 0.006394571 0.005828387 0.005444746 0.005281409 0.005537817 0.005923561 0.005824475 0.006117358 0.006163263 0.013258710 
17     0.005278710 0.005361635 0.006515472 0.006370930 0.005684723 0.007434037 0.007790038 0.007001972 0.007186508 0.007236003 0.007145256 0.007631094 0.007566854 0.007155586 0.006066880 0.005961477 0.006113881 0.007145869 0.006650202 0.006687950 0.007426407 0.006847757 0.000354750 0.000000000 0.001272576 0.006464336 0.006094646 0.006475207 0.006488712 0.007031057 0.007288089 0.006528172 0.006563298 0.006449325 0.006867387 0.006859170 0.006914563 0.005688299 0.006304039 0.006307950 0.005825023 0.006402892 0.005835433 0.005450866 0.005288664 0.005544863 0.005930530 0.005831444 0.006124327 0.006170160 0.013267236 
3     0.005361223 0.005446696 0.006615254 0.006462741 0.005773199 0.007529486 0.007882961 0.007095048 0.007262514 0.007315046 0.007223874 0.007716182 0.007648877 0.007243286 0.006160353 0.006055047 0.006207914 0.007233589 0.006731459 0.006768787 0.007519865 0.006943318 0.001253461 0.001272576 0.000000000 0.006549250 0.006169042 0.006553144 0.006565211 0.007102513 0.007351169 0.006586333 0.006627137 0.006506218 0.006936402 0.006931838 0.006984624 0.005776463 0.006399995 0.006394183 0.005918576 0.006488920 0.005949173 0.005547873 0.005380951 0.005635152 0.006016588 0.005907592 0.006196015 0.006242888 0.013315386 
36     0.006277512 0.006266997 0.007538008 0.007337948 0.006674529 0.008404877 0.008763359 0.007949807 0.008178925 0.008266317 0.008163478 0.008582182 0.008512399 0.008121007 0.007016557 0.006909168 0.007141650 0.008084476 0.007835542 0.007868465 0.008687775 0.008064847 0.006454598 0.006464336 0.006549250 0.000000000 0.003171582 0.004938429 0.004949498 0.006152318 0.006412595 0.005685266 0.005718074 0.005569794 0.006002857 0.006002632 0.006052208 0.006429343 0.007110645 0.007082816 0.006545070 0.007198595 0.006635079 0.006243267 0.006063512 0.006314458 0.006703606 0.006614887 0.006884676 0.006949828 0.013941509 
26     0.005814429 0.005805169 0.007110775 0.006914366 0.006242621 0.008002167 0.008374715 0.007536710 0.007743936 0.007829952 0.007733721 0.008169856 0.008108690 0.007676689 0.006581823 0.006474235 0.006707363 0.007646394 0.007438741 0.007488767 0.008264647 0.007699816 0.006082636 0.006094646 0.006169042 0.003171582 0.000000000 0.004550557 0.004555644 0.005779974 0.006048750 0.005278564 0.005313274 0.005161914 0.005628732 0.005629521 0.005685643 0.006048921 0.006731223 0.006703243 0.006168084 0.006775287 0.006221448 0.005828089 0.005638099 0.005884263 0.006282164 0.006197363 0.006471687 0.006526677 0.013598259 
43     0.006261482 0.006256430 0.007553772 0.007335211 0.006657351 0.008456422 0.008806553 0.007958313 0.008161188 0.008248038 0.008179294 0.008597881 0.008542473 0.008105244 0.007061470 0.006949541 0.007172146 0.008121828 0.007864831 0.007914725 0.008695499 0.008113281 0.006468471 0.006475207 0.006553144 0.004938429 0.004550557 0.000000000 0.001610286 0.006185230 0.006467402 0.005718877 0.005749066 0.005603343 0.006045565 0.006042493 0.006099562 0.006465167 0.007130189 0.007095761 0.006570148 0.007210533 0.006642855 0.006249005 0.006049334 0.006286384 0.006712725 0.006634072 0.006926131 0.006970973 0.013951170 
38     0.006274309 0.006273380 0.007555062 0.007350828 0.006663783 0.008456037 0.008800692 0.007987574 0.008189657 0.008277566 0.008176319 0.008608049 0.008554156 0.008130635 0.007076848 0.006965945 0.007177684 0.008118727 0.007879845 0.007924678 0.008686902 0.008123522 0.006481743 0.006488712 0.006565211 0.004949498 0.004555644 0.001610286 0.000000000 0.006178183 0.006456417 0.005714172 0.005742173 0.005601579 0.006036373 0.006035931 0.006093741 0.006483288 0.007123188 0.007107872 0.006562838 0.007193434 0.006621530 0.006240633 0.006048886 0.006286344 0.006726055 0.006649309 0.006934939 0.006976510 0.013936700 
28     0.006770585 0.006776290 0.008094760 0.007885801 0.007183716 0.008988082 0.009319098 0.008508639 0.008705767 0.008793407 0.008713417 0.009113512 0.009054128 0.008647394 0.007579707 0.007475039 0.007678353 0.008567887 0.008348741 0.008363373 0.009162218 0.008579853 0.007019047 0.007031057 0.007102513 0.006152318 0.005779974 0.006185230 0.006178183 0.000000000 0.003138378 0.004751094 0.004775972 0.004589513 0.004915501 0.004917009 0.004972825 0.006987115 0.007623064 0.007614019 0.007068296 0.007683259 0.007152372 0.006783498 0.006589504 0.006844418 0.007192035 0.007117877 0.007378156 0.007415525 0.014498759 
33     0.007008758 0.007013421 0.008322523 0.008126243 0.007412201 0.009224241 0.009569542 0.008765417 0.008961232 0.009032736 0.008957192 0.009382580 0.009322062 0.008904171 0.007834016 0.007730717 0.007938534 0.008858950 0.008588380 0.008615481 0.009397496 0.008842698 0.007276080 0.007288089 0.007351169 0.006412595 0.006048750 0.006467402 0.006456417 0.003138378 0.000000000 0.005014097 0.005055211 0.004867555 0.005224310 0.005221486 0.005282014 0.007241889 0.007860824 0.007839133 0.007316690 0.007922163 0.007404586 0.007027822 0.006821907 0.007070807 0.007490307 0.007413584 0.007681914 0.007720272 0.014789905 
41     0.006266083 0.006268554 0.007573744 0.007398287 0.006657977 0.008440763 0.008813873 0.007977643 0.008195622 0.008285723 0.008183542 0.008590698 0.008530071 0.008161661 0.007080792 0.006971356 0.007185887 0.008112970 0.007817001 0.007869274 0.008668728 0.008088273 0.006516300 0.006528172 0.006586333 0.005685266 0.005278564 0.005718877 0.005714172 0.004751094 0.005014097 0.000000000 0.002128458 0.001964982 0.003688105 0.003705095 0.003744699 0.006467642 0.007113592 0.007090135 0.006595792 0.007192037 0.006651875 0.006282303 0.006089148 0.006341507 0.006689033 0.006619357 0.006925145 0.006958929 0.013982734 
29     0.006316665 0.006325010 0.007624149 0.007426371 0.006703813 0.008461891 0.008825347 0.007979068 0.008199444 0.008289871 0.008192315 0.008606077 0.008546289 0.008190578 0.007129301 0.007017111 0.007227135 0.008161301 0.007877200 0.007931255 0.008726352 0.008147409 0.006551464 0.006563298 0.006627137 0.005718074 0.005313274 0.005749066 0.005742173 0.004775972 0.005055211 0.002128458 0.000000000 0.001871406 0.003668811 0.003685761 0.003724792 0.006504607 0.007163139 0.007146602 0.006630223 0.007247110 0.006687554 0.006321722 0.006133826 0.006384152 0.006748051 0.006669510 0.006967187 0.007002592 0.014011077 
49     0.006173310 0.006180938 0.007471153 0.007287839 0.006574913 0.008351505 0.008731268 0.007884581 0.008103442 0.008193399 0.008081284 0.008505993 0.008445798 0.008033934 0.006982792 0.006873280 0.007090685 0.008021730 0.007755742 0.007807313 0.008598036 0.008022989 0.006437452 0.006449325 0.006506218 0.005569794 0.005161914 0.005603343 0.005601579 0.004589513 0.004867555 0.001964982 0.001871406 0.000000000 0.003503713 0.003518277 0.003559357 0.006396846 0.007032238 0.007008872 0.006505640 0.007117721 0.006566102 0.006197974 0.006012234 0.006261042 0.006623383 0.006547337 0.006844463 0.006881426 0.013888660 
37     0.006632154 0.006639499 0.007924287 0.007744437 0.007030445 0.008788829 0.009181374 0.008343368 0.008541460 0.008630410 0.008561446 0.008966051 0.008904636 0.008537675 0.007465921 0.007355096 0.007589394 0.008475698 0.008210140 0.008255487 0.009047237 0.008491670 0.006855605 0.006867387 0.006936402 0.006002857 0.005628732 0.006045565 0.006036373 0.004915501 0.005224310 0.003688105 0.003668811 0.003503713 0.000000000 0.000899441 0.000882495 0.006875639 0.007519285 0.007487757 0.006954801 0.007566611 0.007022085 0.006659598 0.006483217 0.006728669 0.007087957 0.007017736 0.007278824 0.007322657 0.014384373 
32     0.006618112 0.006624950 0.007916890 0.007733183 0.007017332 0.008768484 0.009162161 0.008321424 0.008520105 0.008610064 0.008541100 0.008945706 0.008884290 0.008524912 0.007446140 0.007335997 0.007572439 0.008451511 0.008205556 0.008249841 0.009040066 0.008486579 0.006847387 0.006859170 0.006931838 0.006002632 0.005629521 0.006042493 0.006035931 0.004917009 0.005221486 0.003705095 0.003685761 0.003518277 0.000899441 0.000000000 0.000952140 0.006871471 0.007515117 0.007482009 0.006950633 0.007564994 0.007017414 0.006649664 0.006469118 0.006714570 0.007074153 0.007003932 0.007279028 0.007313684 0.014377511 
48     0.006685023 0.006692368 0.007974796 0.007794992 0.007080652 0.008803146 0.009194308 0.008353993 0.008552751 0.008642455 0.008575800 0.008980405 0.008918990 0.008555991 0.007485713 0.007374888 0.007609186 0.008495490 0.008259821 0.008302623 0.009094785 0.008539856 0.006902780 0.006914563 0.006984624 0.006052208 0.005685643 0.006099562 0.006093741 0.004972825 0.005282014 0.003744699 0.003724792 0.003559357 0.000882495 0.000952140 0.000000000 0.006927147 0.007568480 0.007536952 0.007003275 0.007624255 0.007072026 0.006710894 0.006532729 0.006778181 0.007143300 0.007073080 0.007336406 0.007380239 0.014406893 
46     0.005460586 0.005534304 0.006720586 0.006568946 0.005822971 0.007617771 0.008010833 0.007209797 0.007353210 0.007382213 0.007362685 0.007795490 0.007733216 0.007304078 0.006274827 0.006162712 0.006361662 0.007346206 0.007051800 0.007106983 0.007858659 0.007275197 0.005682970 0.005688299 0.005776463 0.006429343 0.006048921 0.006465167 0.006483288 0.006987115 0.007241889 0.006467642 0.006504607 0.006396846 0.006875639 0.006871471 0.006927147 0.000000000 0.003986369 0.003979156 0.003513867 0.005429645 0.004962725 0.004468081 0.004290504 0.004531770 0.005039597 0.004916615 0.005163748 0.005244227 0.013192328 
45     0.006055996 0.006135590 0.007360147 0.007175349 0.006436314 0.008269048 0.008669814 0.007866613 0.008017044 0.008039515 0.007988504 0.008468903 0.008420284 0.007912344 0.006876352 0.006762404 0.006969199 0.007938284 0.007658901 0.007712812 0.008460070 0.007896896 0.006300970 0.006304039 0.006399995 0.007110645 0.006731223 0.007130189 0.007123188 0.007623064 0.007860824 0.007113592 0.007163139 0.007032238 0.007519285 0.007515117 0.007568480 0.003986369 0.000000000 0.001879460 0.002529931 0.006045538 0.005550315 0.005131611 0.004913765 0.005154287 0.005669173 0.005546937 0.005811648 0.005885870 0.013764396 
39     0.006072273 0.006149497 0.007365166 0.007185597 0.006446124 0.008271127 0.008634044 0.007847162 0.007997087 0.008023815 0.007974018 0.008446027 0.008397587 0.007944507 0.006900509 0.006791243 0.006994033 0.007963552 0.007640198 0.007708365 0.008449254 0.007884474 0.006299857 0.006307950 0.006394183 0.007082816 0.006703243 0.007095761 0.007107872 0.007614019 0.007839133 0.007090135 0.007146602 0.007008872 0.007487757 0.007482009 0.007536952 0.003979156 0.001879460 0.000000000 0.002667178 0.006042773 0.005554303 0.005125023 0.004907654 0.005145551 0.005646793 0.005525711 0.005784775 0.005865885 0.013848168 
35     0.005607162 0.005692034 0.006887439 0.006715653 0.005981040 0.007772945 0.008152575 0.007312857 0.007506532 0.007534259 0.007483355 0.007939405 0.007891451 0.007468774 0.006407605 0.006300078 0.006512562 0.007492971 0.007146629 0.007215778 0.007962508 0.007407225 0.005822552 0.005825023 0.005918576 0.006545070 0.006168084 0.006570148 0.006562838 0.007068296 0.007316690 0.006595792 0.006630223 0.006505640 0.006954801 0.006950633 0.007003275 0.003513867 0.002529931 0.002667178 0.000000000 0.005548101 0.005087006 0.004594075 0.004442538 0.004681607 0.005177811 0.005054889 0.005302555 0.005389320 0.013225727 
42     0.006171194 0.006245516 0.007422366 0.007279906 0.006588451 0.008329532 0.008715211 0.007914374 0.008102356 0.008137555 0.008035296 0.008490156 0.008442734 0.008043527 0.007025249 0.006913349 0.007081903 0.008079071 0.007751579 0.007795555 0.008521096 0.007965344 0.006394571 0.006402892 0.006488920 0.007198595 0.006775287 0.007210533 0.007193434 0.007683259 0.007922163 0.007192037 0.007247110 0.007117721 0.007566611 0.007564994 0.007624255 0.005429645 0.006045538 0.006042773 0.005548101 0.000000000 0.004213808 0.004166146 0.004286281 0.004549808 0.005621891 0.005529601 0.005814509 0.005892347 0.013941889 
31     0.005634220 0.005705190 0.006907576 0.006743858 0.006028087 0.007794287 0.008184370 0.007376858 0.007558932 0.007597406 0.007524011 0.007959732 0.007914085 0.007481264 0.006448056 0.006339375 0.006519257 0.007500529 0.007205388 0.007263747 0.007990388 0.007430568 0.005828387 0.005835433 0.005949173 0.006635079 0.006221448 0.006642855 0.006621530 0.007152372 0.007404586 0.006651875 0.006687554 0.006566102 0.007022085 0.007017414 0.007072026 0.004962725 0.005550315 0.005554303 0.005087006 0.004213808 0.000000000 0.003742641 0.003848972 0.004102390 0.005163352 0.005063350 0.005357537 0.005435989 0.013510181 
30     0.005247694 0.005323301 0.006529179 0.006361321 0.005660192 0.007440412 0.007808766 0.007025203 0.007189334 0.007226503 0.007158300 0.007610960 0.007569067 0.007143452 0.006082194 0.005962307 0.006135765 0.007159147 0.006777682 0.006833001 0.007553411 0.006950649 0.005444746 0.005450866 0.005547873 0.006243267 0.005828089 0.006249005 0.006240633 0.006783498 0.007027822 0.006282303 0.006321722 0.006197974 0.006659598 0.006649664 0.006710894 0.004468081 0.005131611 0.005125023 0.004594075 0.004166146 0.003742641 0.000000000 0.003374407 0.003640312 0.004687207 0.004596519 0.004908145 0.004968279 0.013001114 
50     0.005037363 0.005115847 0.006330878 0.006142420 0.005431314 0.007247704 0.007605330 0.006781369 0.006949662 0.006989988 0.006913586 0.007366982 0.007323539 0.006940641 0.005905000 0.005795511 0.005963833 0.006991639 0.006609883 0.006663502 0.007394174 0.006828374 0.005281409 0.005288664 0.005380951 0.006063512 0.005638099 0.006049334 0.006048886 0.006589504 0.006821907 0.006089148 0.006133826 0.006012234 0.006483217 0.006469118 0.006532729 0.004290504 0.004913765 0.004907654 0.004442538 0.004286281 0.003848972 0.003374407 0.000000000 0.001055803 0.004485482 0.004373173 0.004690208 0.004749795 0.012664226 
27     0.005248001 0.005322466 0.006552345 0.006364609 0.005639454 0.007495442 0.007845758 0.007039142 0.007198452 0.007239295 0.007158655 0.007627097 0.007576706 0.007205777 0.006169871 0.006058252 0.006222519 0.007251220 0.006848428 0.006887646 0.007628429 0.007054317 0.005537817 0.005544863 0.005635152 0.006314458 0.005884263 0.006286384 0.006286344 0.006844418 0.007070807 0.006341507 0.006384152 0.006261042 0.006728669 0.006714570 0.006778181 0.004531770 0.005154287 0.005145551 0.004681607 0.004549808 0.004102390 0.003640312 0.001055803 0.000000000 0.004742781 0.004635792 0.004951340 0.005013466 0.012936257 
44     0.005665347 0.005735546 0.006903989 0.006801548 0.006068308 0.007924696 0.008290033 0.007502075 0.007662504 0.007716842 0.007633213 0.008028066 0.007971119 0.007561714 0.006553220 0.006443316 0.006606337 0.007611028 0.007244729 0.007306390 0.008050641 0.007458617 0.005923561 0.005930530 0.006016588 0.006703606 0.006282164 0.006712725 0.006726055 0.007192035 0.007490307 0.006689033 0.006748051 0.006623383 0.007087957 0.007074153 0.007143300 0.005039597 0.005669173 0.005646793 0.005177811 0.005621891 0.005163352 0.004687207 0.004485482 0.004742781 0.000000000 0.001369246 0.003014098 0.003140330 0.013387681 
40     0.005551334 0.005625437 0.006793033 0.006678647 0.005952800 0.007813969 0.008187421 0.007390139 0.007541030 0.007595365 0.007515352 0.007941885 0.007869746 0.007442942 0.006433727 0.006323896 0.006493311 0.007499637 0.007150007 0.007200584 0.007966271 0.007353655 0.005824475 0.005831444 0.005907592 0.006614887 0.006197363 0.006634072 0.006649309 0.007117877 0.007413584 0.006619357 0.006669510 0.006547337 0.007017736 0.007003932 0.007073080 0.004916615 0.005546937 0.005525711 0.005054889 0.005529601 0.005063350 0.004596519 0.004373173 0.004635792 0.001369246 0.000000000 0.002899602 0.003016095 0.013277728 
34     0.005889005 0.005959773 0.007162330 0.007013592 0.006287680 0.008148502 0.008516222 0.007735922 0.007870934 0.007927710 0.007852336 0.008255055 0.008197619 0.007753106 0.006727430 0.006616749 0.006792492 0.007795866 0.007477744 0.007522076 0.008273637 0.007692264 0.006117358 0.006124327 0.006196015 0.006884676 0.006471687 0.006926131 0.006934939 0.007378156 0.007681914 0.006925145 0.006967187 0.006844463 0.007278824 0.007279028 0.007336406 0.005163748 0.005811648 0.005784775 0.005302555 0.005814509 0.005357537 0.004908145 0.004690208 0.004951340 0.003014098 0.002899602 0.000000000 0.001836866 0.013545334 
47     0.005936676 0.006010639 0.007234444 0.007065154 0.006344293 0.008174628 0.008545997 0.007771917 0.007913902 0.007971163 0.007891736 0.008289962 0.008232526 0.007791130 0.006786812 0.006676155 0.006831113 0.007830465 0.007513815 0.007544890 0.008308550 0.007727147 0.006163263 0.006170160 0.006242888 0.006949828 0.006526677 0.006970973 0.006976510 0.007415525 0.007720272 0.006958929 0.007002592 0.006881426 0.007322657 0.007313684 0.007380239 0.005244227 0.005885870 0.005865885 0.005389320 0.005892347 0.005435989 0.004968279 0.004749795 0.005013466 0.003140330 0.003016095 0.001836866 0.000000000 0.013579860 
0     0.012947104 0.012913862 0.014254392 0.014113978 0.013402542 0.015210651 0.015577580 0.014732525 0.014919191 0.014974593 0.014877676 0.015333424 0.015292681 0.014821158 0.013714340 0.013599267 0.013757749 0.014754584 0.014571962 0.014628043 0.015365701 0.014815893 0.013258710 0.013267236 0.013315386 0.013941509 0.013598259 0.013951170 0.013936700 0.014498759 0.014789905 0.013982734 0.014011077 0.013888660 0.014384373 0.014377511 0.014406893 0.013192328 0.013764396 0.013848168 0.013225727 0.013941889 0.013510181 0.013001114 0.012664226 0.012936257 0.013387681 0.013277728 0.013545334 0.013579860 0.000000000 
