51
25     0.000000000 0.000001650 0.000007380 0.000379620 0.000302090 0.001060520 0.000474820 0.000590470 0.000267340 0.000537530 0.000200190 0.000420140 0.000328060 0.000514210 0.000209420 0.000209920 0.000209330 0.000209320 0.000858490 0.000798400 0.000288380 0.000265070 0.000470960 0.000406070 0.000103890 0.000098470 0.000825240 0.000233960 0.000605590 0.000318170 0.000734160 0.000347600 0.000591370 0.000720570 0.000393280 0.000425660 0.000450340 0.000223290 0.000202690 0.000306760 0.000043500 0.000806460 0.000356870 0.000292060 0.000397370 0.000301250 0.000579360 0.000577950 0.000121000 0.000178050 0.000505020 
10     0.000001650 0.000000000 0.000114840 0.000287530 0.000188730 0.000803880 0.000618830 0.000548500 0.000537870 0.000808060 0.000222650 0.000564560 0.000405530 0.000111270 0.000503810 0.000504310 0.000265070 0.000342350 0.000664610 0.000254340 0.000293200 0.000199630 0.000304840 0.000305490 0.000128160 0.000409340 0.000404220 0.000833020 0.000622030 0.000222130 0.000643690 0.000342390 0.000356350 0.000586930 0.000313600 0.000421720 0.000446400 0.000394790 0.000335730 0.000294210 0.000911950 0.001053870 0.000500990 0.000199190 0.000397340 0.000145600 0.000607350 0.000260460 0.000273990 0.000244190 0.000355340 
11     0.000007380 0.000114840 0.000000000 0.000190850 0.000040730 0.000666810 0.001649630 0.000703390 0.000820470 0.000887690 0.000126120 0.000248970 0.000675690 0.000640470 0.000204740 0.000205240 0.000204650 0.000204640 0.000009090 0.000900910 0.000559670 0.000395190 0.000542790 0.000453610 0.000444960 0.000636420 0.000256680 0.000230760 0.000651820 0.000914110 0.000995070 0.001070750 0.001029810 0.000857220 0.000243930 0.000273500 0.000345380 0.000412590 0.000393120 0.000302080 0.000172430 0.000579130 0.000680970 0.000463770 0.000370110 0.000286190 0.000574680 0.000280000 0.000647330 0.000224610 0.000535050 
16     0.000379620 0.000287530 0.000190850 0.000000000 0.000030880 0.000283990 0.001233460 0.001235860 0.000616370 0.000623380 0.000775630 0.000938430 0.000829940 0.000196860 0.000355690 0.000070500 0.000264950 0.000926640 0.000862860 0.000616150 0.000713920 0.000161920 0.000661490 0.000631910 0.000071110 0.000056580 0.000206130 0.000231330 0.000340550 0.000893780 0.000065320 0.000583960 0.000464960 0.000662490 0.000457740 0.000524080 0.000347820 0.000082500 0.000409260 0.000090420 0.000182440 0.000097120 0.000318420 0.000586880 0.000026180 0.000484910 0.000334590 0.000295290 0.000911040 0.000153260 0.000536050 
13     0.000302090 0.000188730 0.000040730 0.000030880 0.000000000 0.000420320 0.001011860 0.000154240 0.000546630 0.000629070 0.000373980 0.000346510 0.000311050 0.000506840 0.000199310 0.000218960 0.000441620 0.000442800 0.000559050 0.000199630 0.000407740 0.000284350 0.000394750 0.000401710 0.000233020 0.000518370 0.000967770 0.000669140 0.000314110 0.000390470 0.000240820 0.000920380 0.000043580 0.000828690 0.000495620 0.000021420 0.000909730 0.000221170 0.000378670 0.000708090 0.000333140 0.000496870 0.000366420 0.000022620 0.000260570 0.000022190 0.000409970 0.000465260 0.000760920 0.000179680 0.000381720 
18     0.001060520 0.000803880 0.000666810 0.000283990 0.000420320 0.000000000 0.000000780 0.000047480 0.000006710 0.000001290 0.000006520 0.000005220 0.000014880 0.000593920 0.000386510 0.000307960 0.000822960 0.000851830 0.000721570 0.000848810 0.000077340 0.000319280 0.000232420 0.000144370 0.000205960 0.000502960 0.000813140 0.000505180 0.000034090 0.001685360 0.000121190 0.001035030 0.001008030 0.000447000 0.001046890 0.001097540 0.001019190 0.000488850 0.000151680 0.000763700 0.000093060 0.000337960 0.000309830 0.000024570 0.000775980 0.000835270 0.000556890 0.000526530 0.000505200 0.000214810 0.000416800 
21     0.000474820 0.000618830 0.001649630 0.001233460 0.001011860 0.000000780 0.000000000 0.000046760 0.000005990 0.000000510 0.000005800 0.000004500 0.000026280 0.000391800 0.001000750 0.000873830 0.000746180 0.000557420 0.000113970 0.000015160 0.000216800 0.000504870 0.000231700 0.000143650 0.001107690 0.000264000 0.000744980 0.000138420 0.000454560 0.000510340 0.000120470 0.000638680 0.000493570 0.000652320 0.000837750 0.000810110 0.000934910 0.000268680 0.000919570 0.001138510 0.000691000 0.000394090 0.000863970 0.000170360 0.001051860 0.000462160 0.000427820 0.000568480 0.000595430 0.000490420 0.000258200 
7     0.000590470 0.000548500 0.000703390 0.001235860 0.000154240 0.000047480 0.000046760 0.000000000 0.000041230 0.000023330 0.000040960 0.000051200 0.000072980 0.000259380 0.000498550 0.000568310 0.000142890 0.000085600 0.000463720 0.000161570 0.000789210 0.000191410 0.000278340 0.000190290 0.000741410 0.000332220 0.000054860 0.000526990 0.000391620 0.000691090 0.000156540 0.000758030 0.000854550 0.000369670 0.001123840 0.000187160 0.000658580 0.000442930 0.000934920 0.000967060 0.000167410 0.000334950 0.000282830 0.000448590 0.000135970 0.000239450 0.000492190 0.000337410 0.000883890 0.000525720 0.000486610 
2     0.000267340 0.000537870 0.000820470 0.000616370 0.000546630 0.000006710 0.000005990 0.000041230 0.000000000 0.000001240 0.000000270 0.000010430 0.000032210 0.000089820 0.000046460 0.000400880 0.000526270 0.001195090 0.000739450 0.000405720 0.000295190 0.000598950 0.000237570 0.000149520 0.000510460 0.000610580 0.000221140 0.000510330 0.000092040 0.000713650 0.000126340 0.001147400 0.001013180 0.000649590 0.000597600 0.000561410 0.000399180 0.000383670 0.000569170 0.000050590 0.000122260 0.000399960 0.000823590 0.000117530 0.000441470 0.000172560 0.001181530 0.001073060 0.000449800 0.000484140 0.001321100 
5     0.000537530 0.000808060 0.000887690 0.000623380 0.000629070 0.000001290 0.000000510 0.000023330 0.000001240 0.000000000 0.000006310 0.000005010 0.000026790 0.000261620 0.000494160 0.000391050 0.000746660 0.000406750 0.000480220 0.000509430 0.001033330 0.000609840 0.000211430 0.000144160 0.000634160 0.000401680 0.000345860 0.000504970 0.000466500 0.001038630 0.000120980 0.001279370 0.001007820 0.000639350 0.000657530 0.000621340 0.000135900 0.000760200 0.000513500 0.001307700 0.000246280 0.000394600 0.000652640 0.000302700 0.000612270 0.000713060 0.000451210 0.000358030 0.000224820 0.000533840 0.001148740 
1     0.000200190 0.000222650 0.000126120 0.000775630 0.000373980 0.000006520 0.000005800 0.000040960 0.000000270 0.000006310 0.000000000 0.000010240 0.000032020 0.000464780 0.001063410 0.000728900 0.000755590 0.000310160 0.000127430 0.000987190 0.000847410 0.000892950 0.000021050 0.000097600 0.000321830 0.000384580 0.000133750 0.000298820 0.000471670 0.000878470 0.000126150 0.000769490 0.000192750 0.000409990 0.000416120 0.000420030 0.000425410 0.000310590 0.000454880 0.000582490 0.000098010 0.000079260 0.001038250 0.000407630 0.000359680 0.000114100 0.000617690 0.000750510 0.000306170 0.000737650 0.000456260 
23     0.000420140 0.000564560 0.000248970 0.000938430 0.000346510 0.000005220 0.000004500 0.000051200 0.000010430 0.000005010 0.000010240 0.000000000 0.000003100 0.000568410 0.000373120 0.000162210 0.000808500 0.000314190 0.000368320 0.000373920 0.000887430 0.000874140 0.000236140 0.000148090 0.000225520 0.000620330 0.000473840 0.000508900 0.000393620 0.000538730 0.000124910 0.000675860 0.000841490 0.000250930 0.001306670 0.001326640 0.001289950 0.000516520 0.000876130 0.000652560 0.000321880 0.000218020 0.000092610 0.000406390 0.000278820 0.000140910 0.001119700 0.000859820 0.000963630 0.000753710 0.001024590 
12     0.000328060 0.000405530 0.000675690 0.000829940 0.000311050 0.000014880 0.000026280 0.000072980 0.000032210 0.000026790 0.000032020 0.000003100 0.000000000 0.000460860 0.000739850 0.000972030 0.000635580 0.000921230 0.000342830 0.000348430 0.000778940 0.000765650 0.000257920 0.000169870 0.000569460 0.000511840 0.000089270 0.000530680 0.000492210 0.001167500 0.000146690 0.001435420 0.001033530 0.000678540 0.001345490 0.001372290 0.001428250 0.000345070 0.000767640 0.000811400 0.000533480 0.000420310 0.000318220 0.000428170 0.000211420 0.000746390 0.000532730 0.000625970 0.000792840 0.000686310 0.000483840 
6     0.000514210 0.000111270 0.000640470 0.000196860 0.000506840 0.000593920 0.000391800 0.000259380 0.000089820 0.000261620 0.000464780 0.000568410 0.000460860 0.000000000 0.000308440 0.000066710 0.000316180 0.000199990 0.000443630 0.000579570 0.000238100 0.000238650 0.000704090 0.000714140 0.000381200 0.000282390 0.000722810 0.000552130 0.001015520 0.000556780 0.001094460 0.000641330 0.000233840 0.000195820 0.000514970 0.000542480 0.000523430 0.000565850 0.000170960 0.000454300 0.000266090 0.001059850 0.000105170 0.000743610 0.000536370 0.000525990 0.000129950 0.000128540 0.000877070 0.000113290 0.000601750 
22     0.000209420 0.000503810 0.000204740 0.000355690 0.000199310 0.000386510 0.001000750 0.000498550 0.000046460 0.000494160 0.001063410 0.000373120 0.000739850 0.000308440 0.000000000 0.000000660 0.000000090 0.000000100 0.000513650 0.000649440 0.000612590 0.001005360 0.000355570 0.000365150 0.000219220 0.000231550 0.000536070 0.000870450 0.000517930 0.000355470 0.001093300 0.000048060 0.000948840 0.000672980 0.000568890 0.000369860 0.000610430 0.000235610 0.000300780 0.000148280 0.000192110 0.001058690 0.000382380 0.000649270 0.000436520 0.000664500 0.000421320 0.000232710 0.000473200 0.000435180 0.000463610 
4     0.000209920 0.000504310 0.000205240 0.000070500 0.000218960 0.000307960 0.000873830 0.000568310 0.000400880 0.000391050 0.000728900 0.000162210 0.000972030 0.000066710 0.000000660 0.000000000 0.000000590 0.000000600 0.000018680 0.000579170 0.000784360 0.000223230 0.000403830 0.000413410 0.000126590 0.000463730 0.000415740 0.000055210 0.000450220 0.000237800 0.001013250 0.000018610 0.000493180 0.000325680 0.000554670 0.000007850 0.000596210 0.000334030 0.000100670 0.000148780 0.000156720 0.000188780 0.000303830 0.000154810 0.000677270 0.000699250 0.000421820 0.000072240 0.000207460 0.000435680 0.000374630 
15     0.000209330 0.000265070 0.000204650 0.000264950 0.000441620 0.000822960 0.000746180 0.000142890 0.000526270 0.000746660 0.000755590 0.000808500 0.000635580 0.000316180 0.000000090 0.000000590 0.000000000 0.000000010 0.000097120 0.000064540 0.000577580 0.000694470 0.000504990 0.000063660 0.000293290 0.001255000 0.000469470 0.000933960 0.000891590 0.000224030 0.000229590 0.000124620 0.000404880 0.000812060 0.000533500 0.000253610 0.000221590 0.000173160 0.000138830 0.000148190 0.000450170 0.000645620 0.000236220 0.000164850 0.000278730 0.000401790 0.000421230 0.000135090 0.000665350 0.000435090 0.001210970 
9     0.000209320 0.000342350 0.000204640 0.000926640 0.000442800 0.000851830 0.000557420 0.000085600 0.001195090 0.000406750 0.000310160 0.000314190 0.000921230 0.000199990 0.000000100 0.000000600 0.000000010 0.000000000 0.000637530 0.000565820 0.000426090 0.000100520 0.000508510 0.000552170 0.000344380 0.000109980 0.000336880 0.000737180 0.000670790 0.000649070 0.000640700 0.000272000 0.000553770 0.000383360 0.000527540 0.000485480 0.000559090 0.000252780 0.000278200 0.000148180 0.000458980 0.000651570 0.000290710 0.000797570 0.000663660 0.000800060 0.000398740 0.000246850 0.000397030 0.000068320 0.001061830 
14     0.000858490 0.000664610 0.000009090 0.000862860 0.000559050 0.000721570 0.000113970 0.000463720 0.000739450 0.000480220 0.000127430 0.000368320 0.000342830 0.000443630 0.000513650 0.000018680 0.000097120 0.000637530 0.000000000 0.000000270 0.000173680 0.000129860 0.000350390 0.000330080 0.000295870 0.000611570 0.000324690 0.000454660 0.000591060 0.000709120 0.000256440 0.000264830 0.000100830 0.000162420 0.000463070 0.000706230 0.000732540 0.000095130 0.000428570 0.000196830 0.000073140 0.000366780 0.000336550 0.000087630 0.000062440 0.000444990 0.000307570 0.000320890 0.000974030 0.000026400 0.000213850 
8     0.000798400 0.000254340 0.000900910 0.000616150 0.000199630 0.000848810 0.000015160 0.000161570 0.000405720 0.000509430 0.000987190 0.000373920 0.000348430 0.000579570 0.000649440 0.000579170 0.000064540 0.000565820 0.000000270 0.000000000 0.000162810 0.000013470 0.000535200 0.000539500 0.000224160 0.000539860 0.000233460 0.001244870 0.000584140 0.000649890 0.000374350 0.000810480 0.000900210 0.000766910 0.000525980 0.000381780 0.000431990 0.000106300 0.000095430 0.000224900 0.000460840 0.000409680 0.000542920 0.000693890 0.000316830 0.000493070 0.000772380 0.000813240 0.000797740 0.000136970 0.000782470 
20     0.000288380 0.000293200 0.000559670 0.000713920 0.000407740 0.000077340 0.000216800 0.000789210 0.000295190 0.001033330 0.000847410 0.000887430 0.000778940 0.000238100 0.000612590 0.000784360 0.000577580 0.000426090 0.000173680 0.000162810 0.000000000 0.000017240 0.000271890 0.000271870 0.000323400 0.000639100 0.000447750 0.000897740 0.001070600 0.000282400 0.000548580 0.000741540 0.000938230 0.000866150 0.000283200 0.000132140 0.000274890 0.000782870 0.000562870 0.000167060 0.000377200 0.000706150 0.001273930 0.000600230 0.000718240 0.000200110 0.000624990 0.000637810 0.000127400 0.000603300 0.000072520 
24     0.000265070 0.000199630 0.000395190 0.000161920 0.000284350 0.000319280 0.000504870 0.000191410 0.000598950 0.000609840 0.000892950 0.000874140 0.000765650 0.000238650 0.001005360 0.000223230 0.000694470 0.000100520 0.000129860 0.000013470 0.000017240 0.000000000 0.000595490 0.000567110 0.000447680 0.000757500 0.000854760 0.000528230 0.000124950 0.000873410 0.000865040 0.001465170 0.000675070 0.000990430 0.000998440 0.000903030 0.000855760 0.000354290 0.000236510 0.000256910 0.000604970 0.000598890 0.000158400 0.000550910 0.000642490 0.000782880 0.000581320 0.000164520 0.000027840 0.000709380 0.000564560 
19     0.000470960 0.000304840 0.000542790 0.000661490 0.000394750 0.000232420 0.000231700 0.000278340 0.000237570 0.000211430 0.000021050 0.000236140 0.000257920 0.000704090 0.000355570 0.000403830 0.000504990 0.000508510 0.000350390 0.000535200 0.000271890 0.000595490 0.000000000 0.000000460 0.000014580 0.000333730 0.001110580 0.000099590 0.000470630 0.000004730 0.000058080 0.000414160 0.000293420 0.000656960 0.000386180 0.000384940 0.000487980 0.000150520 0.000070300 0.000644780 0.000131280 0.000398730 0.000283460 0.000406590 0.000135150 0.000185720 0.000447370 0.000507230 0.000204870 0.000172980 0.000735730 
17     0.000406070 0.000305490 0.000453610 0.000631910 0.000401710 0.000144370 0.000143650 0.000190290 0.000149520 0.000144160 0.000097600 0.000148090 0.000169870 0.000714140 0.000365150 0.000413410 0.000063660 0.000552170 0.000330080 0.000539500 0.000271870 0.000567110 0.000000460 0.000000000 0.000018810 0.000383810 0.001310810 0.000122300 0.000382580 0.000004600 0.000037060 0.000407840 0.000274430 0.000568910 0.000369680 0.000368440 0.000471480 0.000150460 0.000100950 0.000639470 0.000065530 0.000310680 0.000354910 0.000100520 0.000137700 0.000204840 0.000438070 0.000516700 0.000287520 0.000132720 0.000740800 
3     0.000103890 0.000128160 0.000444960 0.000071110 0.000233020 0.000205960 0.001107690 0.000741410 0.000510460 0.000634160 0.000321830 0.000225520 0.000569460 0.000381200 0.000219220 0.000126590 0.000293290 0.000344380 0.000295870 0.000224160 0.000323400 0.000447680 0.000014580 0.000018810 0.000000000 0.000318420 0.000784200 0.000353620 0.000236360 0.000311080 0.000420080 0.000531460 0.000602190 0.000545470 0.000910610 0.000609850 0.000967660 0.000139020 0.000229770 0.000392030 0.000410880 0.000385470 0.000838190 0.000581220 0.000278210 0.000568340 0.000730510 0.000123210 0.000166040 0.000244960 0.000646600 
36     0.000098470 0.000409340 0.000636420 0.000056580 0.000518370 0.000502960 0.000264000 0.000332220 0.000610580 0.000401680 0.000384580 0.000620330 0.000511840 0.000282390 0.000231550 0.000463730 0.001255000 0.000109980 0.000611570 0.000539860 0.000639100 0.000757500 0.000333730 0.000383810 0.000318420 0.000000000 0.000146450 0.000283460 0.000107830 0.000543330 0.000420630 0.000366080 0.000476390 0.000365470 0.000202490 0.000137860 0.000347190 0.000137430 0.000325770 0.000007190 0.000393940 0.000073240 0.000799640 0.000644710 0.000637700 0.000294310 0.000299040 0.000435450 0.000813290 0.000048220 0.000645010 
26     0.000825240 0.000404220 0.000256680 0.000206130 0.000967770 0.000813140 0.000744980 0.000054860 0.000221140 0.000345860 0.000133750 0.000473840 0.000089270 0.000722810 0.000536070 0.000415740 0.000469470 0.000336880 0.000324690 0.000233460 0.000447750 0.000854760 0.001110580 0.001310810 0.000784200 0.000146450 0.000000000 0.000183930 0.000171030 0.000410030 0.000263820 0.000473290 0.000458660 0.000386530 0.000215710 0.000473730 0.000635160 0.000079430 0.000121270 0.000203860 0.000630840 0.000234010 0.000337230 0.000223830 0.000051080 0.000193000 0.000269200 0.000567950 0.000788510 0.000034570 0.000149430 
43     0.000233960 0.000833020 0.000230760 0.000231330 0.000669140 0.000505180 0.000138420 0.000526990 0.000510330 0.000504970 0.000298820 0.000508900 0.000530680 0.000552130 0.000870450 0.000055210 0.000933960 0.000737180 0.000454660 0.001244870 0.000897740 0.000528230 0.000099590 0.000122300 0.000353620 0.000283460 0.000183930 0.000000000 0.000014120 0.000228690 0.000397830 0.000418600 0.000223510 0.000071870 0.000578300 0.000898230 0.000216000 0.000249960 0.000267440 0.000238610 0.000209170 0.000113610 0.000398480 0.000078800 0.000355520 0.000417150 0.000303490 0.000407590 0.000246850 0.000548730 0.001691660 
38     0.000605590 0.000622030 0.000651820 0.000340550 0.000314110 0.000034090 0.000454560 0.000391620 0.000092040 0.000466500 0.000471670 0.000393620 0.000492210 0.001015520 0.000517930 0.000450220 0.000891590 0.000670790 0.000591060 0.000584140 0.001070600 0.000124950 0.000470630 0.000382580 0.000236360 0.000107830 0.000171030 0.000014120 0.000000000 0.000156800 0.000359360 0.000276380 0.000763980 0.000714350 0.000911510 0.001024610 0.000940480 0.000511450 0.000029310 0.000041630 0.000146750 0.000075140 0.000375640 0.000083000 0.000291780 0.000111000 0.000127220 0.000396880 0.000543930 0.000156060 0.000816300 
28     0.000318170 0.000222130 0.000914110 0.000893780 0.000390470 0.001685360 0.000510340 0.000691090 0.000713650 0.001038630 0.000878470 0.000538730 0.001167500 0.000556780 0.000355470 0.000237800 0.000224030 0.000649070 0.000709120 0.000649890 0.000282400 0.000873410 0.000004730 0.000004600 0.000311080 0.000543330 0.000410030 0.000228690 0.000156800 0.000000000 0.000059270 0.000515200 0.000372350 0.000430390 0.000251980 0.000370230 0.000329910 0.000334030 0.001156770 0.000590730 0.000670110 0.000661890 0.001088940 0.000593550 0.000414200 0.000736450 0.001209280 0.000974540 0.000601480 0.000238530 0.000818810 
33     0.000734160 0.000643690 0.000995070 0.000065320 0.000240820 0.000121190 0.000120470 0.000156540 0.000126340 0.000120980 0.000126150 0.000124910 0.000146690 0.001094460 0.001093300 0.001013250 0.000229590 0.000640700 0.000256440 0.000374350 0.000548580 0.000865040 0.000058080 0.000037060 0.000420080 0.000420630 0.000263820 0.000397830 0.000359360 0.000059270 0.000000000 0.000299330 0.000272350 0.000281780 0.000280060 0.000219780 0.000234370 0.000446750 0.000814630 0.000246420 0.000639650 0.000287460 0.000816150 0.000295320 0.000199340 0.000654400 0.000589240 0.000374350 0.001063830 0.000371080 0.001284850 
41     0.000347600 0.000342390 0.001070750 0.000583960 0.000920380 0.001035030 0.000638680 0.000758030 0.001147400 0.001279370 0.000769490 0.000675860 0.001435420 0.000641330 0.000048060 0.000018610 0.000124620 0.000272000 0.000264830 0.000810480 0.000741540 0.001465170 0.000414160 0.000407840 0.000531460 0.000366080 0.000473290 0.000418600 0.000276380 0.000515200 0.000299330 0.000000000 0.000040400 0.000039360 0.000283530 0.000258940 0.000252040 0.000337490 0.000124900 0.000217380 0.000020010 0.000708780 0.000321540 0.000597940 0.000465640 0.000455260 0.000442820 0.000484280 0.000250510 0.000058040 0.000759780 
29     0.000591370 0.000356350 0.001029810 0.000464960 0.000043580 0.001008030 0.000493570 0.000854550 0.001013180 0.001007820 0.000192750 0.000841490 0.001033530 0.000233840 0.000948840 0.000493180 0.000404880 0.000553770 0.000100830 0.000900210 0.000938230 0.000675070 0.000293420 0.000274430 0.000602190 0.000476390 0.000458660 0.000223510 0.000763980 0.000372350 0.000272350 0.000040400 0.000000000 0.000079890 0.000266150 0.000090300 0.000267250 0.000785390 0.000994340 0.000597250 0.000112710 0.000846220 0.000603380 0.000970750 0.000998050 0.001060690 0.000569460 0.000223340 0.000581650 0.000315160 0.001064400 
49     0.000720570 0.000586930 0.000857220 0.000662490 0.000828690 0.000447000 0.000652320 0.000369670 0.000649590 0.000639350 0.000409990 0.000250930 0.000678540 0.000195820 0.000672980 0.000325680 0.000812060 0.000383360 0.000162420 0.000766910 0.000866150 0.000990430 0.000656960 0.000568910 0.000545470 0.000365470 0.000386530 0.000071870 0.000714350 0.000430390 0.000281780 0.000039360 0.000079890 0.000000000 0.000252540 0.000187480 0.000202070 0.000665120 0.000537920 0.000376490 0.000977730 0.000819310 0.000282320 0.000726570 0.000646140 0.000635760 0.000919480 0.000050130 0.000711000 0.000284860 0.001446420 
37     0.000393280 0.000313600 0.000243930 0.000457740 0.000495620 0.001046890 0.000837750 0.001123840 0.000597600 0.000657530 0.000416120 0.001306670 0.001345490 0.000514970 0.000568890 0.000554670 0.000533500 0.000527540 0.000463070 0.000525980 0.000283200 0.000998440 0.000386180 0.000369680 0.000910610 0.000202490 0.000215710 0.000578300 0.000911510 0.000251980 0.000280060 0.000283530 0.000266150 0.000252540 0.000000000 0.000003860 0.000006590 0.000663400 0.000940780 0.000583190 0.000751520 0.001308110 0.000827070 0.000413780 0.000391350 0.000566610 0.000982920 0.000411710 0.001215100 0.000510570 0.001733760 
32     0.000425660 0.000421720 0.000273500 0.000524080 0.000021420 0.001097540 0.000810110 0.000187160 0.000561410 0.000621340 0.000420030 0.001326640 0.001372290 0.000542480 0.000369860 0.000007850 0.000253610 0.000485480 0.000706230 0.000381780 0.000132140 0.000903030 0.000384940 0.000368440 0.000609850 0.000137860 0.000473730 0.000898230 0.001024610 0.000370230 0.000219780 0.000258940 0.000090300 0.000187480 0.000003860 0.000000000 0.000030920 0.000690200 0.000956160 0.000629550 0.000782080 0.001334910 0.000853870 0.000751650 0.000270860 0.000446120 0.000782690 0.000422470 0.001181900 0.000271010 0.001689290 
48     0.000450340 0.000446400 0.000345380 0.000347820 0.000909730 0.001019190 0.000934910 0.000658580 0.000399180 0.000135900 0.000425410 0.001289950 0.001428250 0.000523430 0.000610430 0.000596210 0.000221590 0.000559090 0.000732540 0.000431990 0.000274890 0.000855760 0.000487980 0.000471480 0.000967660 0.000347190 0.000635160 0.000216000 0.000940480 0.000329910 0.000234370 0.000252040 0.000267250 0.000202070 0.000006590 0.000030920 0.000000000 0.000746160 0.000957310 0.000662860 0.000766180 0.001390870 0.000805080 0.000807610 0.000358280 0.000533540 0.000743970 0.000412110 0.000762560 0.000270530 0.001695690 
46     0.000223290 0.000394790 0.000412590 0.000082500 0.000221170 0.000488850 0.000268680 0.000442930 0.000383670 0.000760200 0.000310590 0.000516520 0.000345070 0.000565850 0.000235610 0.000334030 0.000173160 0.000252780 0.000095130 0.000106300 0.000782870 0.000354290 0.000150520 0.000150460 0.000139020 0.000137430 0.000079430 0.000249960 0.000511450 0.000334030 0.000446750 0.000337490 0.000785390 0.000665120 0.000663400 0.000690200 0.000746160 0.000000000 0.000008010 0.000090220 0.000000460 0.000418380 0.000494110 0.000058810 0.000326780 0.000292940 0.000314940 0.000261160 0.000124140 0.000413030 0.000211840 
45     0.000202690 0.000335730 0.000393120 0.000409260 0.000378670 0.000151680 0.000919570 0.000934920 0.000569170 0.000513500 0.000454880 0.000876130 0.000767640 0.000170960 0.000300780 0.000100670 0.000138830 0.000278200 0.000428570 0.000095430 0.000562870 0.000236510 0.000070300 0.000100950 0.000229770 0.000325770 0.000121270 0.000267440 0.000029310 0.001156770 0.000814630 0.000124900 0.000994340 0.000537920 0.000940780 0.000956160 0.000957310 0.000008010 0.000000000 0.000021930 0.000007440 0.000108200 0.000277260 0.000457160 0.000086140 0.000295720 0.000205100 0.000291150 0.000405640 0.000495100 0.001168000 
39     0.000306760 0.000294210 0.000302080 0.000090420 0.000708090 0.000763700 0.001138510 0.000967060 0.000050590 0.001307700 0.000582490 0.000652560 0.000811400 0.000454300 0.000148280 0.000148780 0.000148190 0.000148180 0.000196830 0.000224900 0.000167060 0.000256910 0.000644780 0.000639470 0.000392030 0.000007190 0.000203860 0.000238610 0.000041630 0.000590730 0.000246420 0.000217380 0.000597250 0.000376490 0.000583190 0.000629550 0.000662860 0.000090220 0.000021930 0.000000000 0.000063990 0.000380720 0.000168410 0.000684670 0.000475170 0.000388440 0.000518660 0.000160670 0.000226250 0.000367210 0.001437420 
35     0.000043500 0.000911950 0.000172430 0.000182440 0.000333140 0.000093060 0.000691000 0.000167410 0.000122260 0.000246280 0.000098010 0.000321880 0.000533480 0.000266090 0.000192110 0.000156720 0.000450170 0.000458980 0.000073140 0.000460840 0.000377200 0.000604970 0.000131280 0.000065530 0.000410880 0.000393940 0.000630840 0.000209170 0.000146750 0.000670110 0.000639650 0.000020010 0.000112710 0.000977730 0.000751520 0.000782080 0.000766180 0.000000460 0.000007440 0.000063990 0.000000000 0.000120120 0.000516410 0.000087270 0.000219180 0.000538930 0.000433780 0.000198400 0.000523300 0.000323300 0.000478980 
42     0.000806460 0.001053870 0.000579130 0.000097120 0.000496870 0.000337960 0.000394090 0.000334950 0.000399960 0.000394600 0.000079260 0.000218020 0.000420310 0.001059850 0.001058690 0.000188780 0.000645620 0.000651570 0.000366780 0.000409680 0.000706150 0.000598890 0.000398730 0.000310680 0.000385470 0.000073240 0.000234010 0.000113610 0.000075140 0.000661890 0.000287460 0.000708780 0.000846220 0.000819310 0.001308110 0.001334910 0.001390870 0.000418380 0.000108200 0.000380720 0.000120120 0.000000000 0.000430860 0.000011100 0.000161340 0.000448290 0.000281390 0.000372370 0.000594600 0.000387000 0.000097450 
31     0.000356870 0.000500990 0.000680970 0.000318420 0.000366420 0.000309830 0.000863970 0.000282830 0.000823590 0.000652640 0.001038250 0.000092610 0.000318220 0.000105170 0.000382380 0.000303830 0.000236220 0.000290710 0.000336550 0.000542920 0.001273930 0.000158400 0.000283460 0.000354910 0.000838190 0.000799640 0.000337230 0.000398480 0.000375640 0.001088940 0.000816150 0.000321540 0.000603380 0.000282320 0.000827070 0.000853870 0.000805080 0.000494110 0.000277260 0.000168410 0.000516410 0.000430860 0.000000000 0.000209280 0.000098530 0.000088150 0.000503740 0.000271340 0.000413910 0.000254820 0.000102550 
30     0.000292060 0.000199190 0.000463770 0.000586880 0.000022620 0.000024570 0.000170360 0.000448590 0.000117530 0.000302700 0.000407630 0.000406390 0.000428170 0.000743610 0.000649270 0.000154810 0.000164850 0.000797570 0.000087630 0.000693890 0.000600230 0.000550910 0.000406590 0.000100520 0.000581220 0.000644710 0.000223830 0.000078800 0.000083000 0.000593550 0.000295320 0.000597940 0.000970750 0.000726570 0.000413780 0.000751650 0.000807610 0.000058810 0.000457160 0.000684670 0.000087270 0.000011100 0.000209280 0.000000000 0.000263300 0.000014030 0.000105270 0.000143700 0.000458830 0.000154010 0.001358700 
50     0.000397370 0.000397340 0.000370110 0.000026180 0.000260570 0.000775980 0.001051860 0.000135970 0.000441470 0.000612270 0.000359680 0.000278820 0.000211420 0.000536370 0.000436520 0.000677270 0.000278730 0.000663660 0.000062440 0.000316830 0.000718240 0.000642490 0.000135150 0.000137700 0.000278210 0.000637700 0.000051080 0.000355520 0.000291780 0.000414200 0.000199340 0.000465640 0.000998050 0.000646140 0.000391350 0.000270860 0.000358280 0.000326780 0.000086140 0.000475170 0.000219180 0.000161340 0.000098530 0.000263300 0.000000000 0.000019540 0.000400560 0.000368340 0.000039370 0.000092300 0.000440960 
27     0.000301250 0.000145600 0.000286190 0.000484910 0.000022190 0.000835270 0.000462160 0.000239450 0.000172560 0.000713060 0.000114100 0.000140910 0.000746390 0.000525990 0.000664500 0.000699250 0.000401790 0.000800060 0.000444990 0.000493070 0.000200110 0.000782880 0.000185720 0.000204840 0.000568340 0.000294310 0.000193000 0.000417150 0.000111000 0.000736450 0.000654400 0.000455260 0.001060690 0.000635760 0.000566610 0.000446120 0.000533540 0.000292940 0.000295720 0.000388440 0.000538930 0.000448290 0.000088150 0.000014030 0.000019540 0.000000000 0.000165200 0.000146190 0.000826640 0.000173790 0.000064100 
44     0.000579360 0.000607350 0.000574680 0.000334590 0.000409970 0.000556890 0.000427820 0.000492190 0.001181530 0.000451210 0.000617690 0.001119700 0.000532730 0.000129950 0.000421320 0.000421820 0.000421230 0.000398740 0.000307570 0.000772380 0.000624990 0.000581320 0.000447370 0.000438070 0.000730510 0.000299040 0.000269200 0.000303490 0.000127220 0.001209280 0.000589240 0.000442820 0.000569460 0.000919480 0.000982920 0.000782690 0.000743970 0.000314940 0.000205100 0.000518660 0.000433780 0.000281390 0.000503740 0.000105270 0.000400560 0.000165200 0.000000000 0.000001410 0.000232930 0.000016680 0.000473830 
40     0.000577950 0.000260460 0.000280000 0.000295290 0.000465260 0.000526530 0.000568480 0.000337410 0.001073060 0.000358030 0.000750510 0.000859820 0.000625970 0.000128540 0.000232710 0.000072240 0.000135090 0.000246850 0.000320890 0.000813240 0.000637810 0.000164520 0.000507230 0.000516700 0.000123210 0.000435450 0.000567950 0.000407590 0.000396880 0.000974540 0.000374350 0.000484280 0.000223340 0.000050130 0.000411710 0.000422470 0.000412110 0.000261160 0.000291150 0.000160670 0.000198400 0.000372370 0.000271340 0.000143700 0.000368340 0.000146190 0.000001410 0.000000000 0.000142540 0.000015270 0.000451840 
34     0.000121000 0.000273990 0.000647330 0.000911040 0.000760920 0.000505200 0.000595430 0.000883890 0.000449800 0.000224820 0.000306170 0.000963630 0.000792840 0.000877070 0.000473200 0.000207460 0.000665350 0.000397030 0.000974030 0.000797740 0.000127400 0.000027840 0.000204870 0.000287520 0.000166040 0.000813290 0.000788510 0.000246850 0.000543930 0.000601480 0.001063830 0.000250510 0.000581650 0.000711000 0.001215100 0.001181900 0.000762560 0.000124140 0.000405640 0.000226250 0.000523300 0.000594600 0.000413910 0.000458830 0.000039370 0.000826640 0.000232930 0.000142540 0.000000000 0.000060270 0.000774430 
47     0.000178050 0.000244190 0.000224610 0.000153260 0.000179680 0.000214810 0.000490420 0.000525720 0.000484140 0.000533840 0.000737650 0.000753710 0.000686310 0.000113290 0.000435180 0.000435680 0.000435090 0.000068320 0.000026400 0.000136970 0.000603300 0.000709380 0.000172980 0.000132720 0.000244960 0.000048220 0.000034570 0.000548730 0.000156060 0.000238530 0.000371080 0.000058040 0.000315160 0.000284860 0.000510570 0.000271010 0.000270530 0.000413030 0.000495100 0.000367210 0.000323300 0.000387000 0.000254820 0.000154010 0.000092300 0.000173790 0.000016680 0.000015270 0.000060270 0.000000000 0.000076990 
0     0.000505020 0.000355340 0.000535050 0.000536050 0.000381720 0.000416800 0.000258200 0.000486610 0.001321100 0.001148740 0.000456260 0.001024590 0.000483840 0.000601750 0.000463610 0.000374630 0.001210970 0.001061830 0.000213850 0.000782470 0.000072520 0.000564560 0.000735730 0.000740800 0.000646600 0.000645010 0.000149430 0.001691660 0.000816300 0.000818810 0.001284850 0.000759780 0.001064400 0.001446420 0.001733760 0.001689290 0.001695690 0.000211840 0.001168000 0.001437420 0.000478980 0.000097450 0.000102550 0.001358700 0.000440960 0.000064100 0.000473830 0.000451840 0.000774430 0.000076990 0.000000000 
