51
2     0.000000000 0.043002355 0.034683104 0.039758018 0.047572394 0.033849806 0.033045060 0.043197760 0.045414686 0.037619573 0.037675485 0.040266232 0.044832940 0.038569440 0.045254304 0.059641426 0.060201033 0.060748719 0.057246407 0.057636937 0.057646748 0.066074977 0.064394902 0.063691923 0.070983842 0.067538497 0.062495513 0.092796881 0.091248782 0.091812614 0.090976879 0.097453795 0.090099953 0.089066592 0.090273660 0.087721959 0.058159191 0.058089939 0.057859875 0.060831524 0.066264025 0.066999006 0.062811853 0.061369739 0.061179271 0.065226058 0.064091989 0.060868112 0.062013504 0.083590847 0.186245491 
15     0.043002355 0.000000000 0.025875144 0.034728364 0.046483786 0.032482438 0.031672519 0.045163653 0.047376062 0.039580047 0.039675852 0.042376878 0.047272322 0.041434851 0.048127261 0.061831994 0.062387255 0.062934716 0.059531225 0.059872362 0.059882173 0.068215726 0.066574154 0.065842551 0.073152461 0.069798401 0.064755417 0.094925602 0.093377503 0.093941336 0.093105601 0.099592445 0.092235023 0.091201662 0.092408730 0.089857029 0.060310301 0.060241049 0.060010902 0.062982551 0.068414752 0.069149468 0.064962257 0.063520144 0.063329675 0.067376463 0.066242394 0.063018516 0.064163908 0.085747798 0.188373516 
11     0.034683104 0.025875144 0.000000000 0.026121725 0.038107237 0.024438245 0.023629301 0.036935602 0.039145091 0.031350519 0.031413283 0.034104704 0.039039781 0.033214772 0.039898550 0.053739983 0.054295245 0.054842705 0.051439214 0.051758373 0.051768185 0.060100879 0.058459307 0.057727704 0.065037614 0.061683554 0.056640570 0.086810755 0.085262656 0.085826488 0.084990753 0.091477598 0.084120176 0.083086815 0.084293882 0.081742182 0.052195453 0.052126202 0.051896055 0.054867704 0.060299905 0.061034621 0.056847410 0.055405296 0.055214828 0.059261615 0.058127546 0.054903669 0.056049061 0.077632951 0.180258669 
4     0.039758018 0.034728364 0.026121725 0.000000000 0.043091624 0.029304977 0.028574195 0.041764776 0.043977324 0.036181309 0.036156484 0.038864818 0.043773148 0.037959414 0.044650721 0.058451031 0.059006293 0.059553753 0.056119362 0.056378741 0.056388552 0.064780283 0.063139635 0.062408032 0.069659391 0.066305331 0.061262347 0.091447156 0.089899057 0.090462889 0.089627154 0.096104650 0.088747227 0.087713866 0.088920934 0.086369233 0.056823241 0.056753989 0.056523842 0.059495491 0.064927693 0.065662408 0.061475197 0.060033084 0.059842615 0.063889403 0.062755334 0.059531457 0.060676849 0.082258012 0.184786204 
17     0.047572394 0.046483786 0.038107237 0.043091624 0.000000000 0.032419959 0.031503610 0.050091471 0.052312378 0.044511187 0.044597770 0.047188051 0.051799551 0.045883960 0.052575138 0.066931255 0.067486292 0.068033977 0.064554022 0.064729090 0.064738902 0.073245755 0.071634434 0.070902831 0.078081339 0.074728080 0.069685096 0.099831186 0.098283087 0.098846920 0.098011185 0.104498029 0.097140607 0.096107246 0.097314314 0.094762613 0.065189184 0.065119933 0.064889785 0.067861435 0.073293636 0.073990410 0.069828579 0.068386466 0.068195997 0.072242785 0.071108716 0.067884839 0.069030231 0.090649321 0.193301932 
12     0.033849806 0.032482438 0.024438245 0.029304977 0.032419959 0.000000000 0.006598972 0.036421153 0.038642060 0.030839254 0.030923126 0.033514735 0.038059529 0.032235717 0.038927913 0.053191757 0.053746793 0.054294479 0.050838151 0.051061000 0.051070812 0.059570181 0.057959152 0.057227549 0.064404893 0.061051634 0.056008650 0.086230977 0.084682879 0.085246711 0.084410976 0.090897821 0.083540398 0.082507037 0.083714105 0.081162404 0.051597864 0.051528612 0.051298465 0.054270114 0.059702315 0.060437031 0.056249820 0.054807706 0.054617238 0.058664025 0.057529956 0.054306079 0.055451471 0.077032637 0.179685248 
27     0.033045060 0.031672519 0.023629301 0.028574195 0.031503610 0.006598972 0.000000000 0.035552767 0.037773674 0.029970868 0.030054740 0.032646349 0.037198485 0.031374674 0.038066869 0.052349184 0.052904220 0.053451906 0.049995578 0.050224887 0.050234699 0.058741662 0.057130633 0.056399030 0.063576373 0.060223114 0.055180131 0.085402595 0.083854496 0.084418328 0.083582593 0.090069438 0.082712015 0.081678654 0.082885722 0.080334021 0.050769481 0.050700229 0.050470082 0.053441731 0.058873932 0.059608648 0.055421437 0.053979324 0.053788855 0.057835643 0.056701573 0.053477696 0.054623088 0.076204254 0.178856865 
19     0.043197760 0.045163653 0.036935602 0.041764776 0.050091471 0.036421153 0.035552767 0.000000000 0.016839000 0.015504750 0.023437879 0.025963485 0.038286572 0.032731500 0.039448455 0.058502369 0.059063770 0.059611231 0.056155116 0.056214118 0.056223930 0.064705001 0.063072479 0.062340876 0.069520883 0.066166823 0.061123840 0.091388669 0.089840570 0.090404403 0.089568668 0.096010857 0.088653434 0.087619101 0.088827141 0.086275440 0.056717271 0.056648020 0.056417873 0.059389522 0.064821723 0.065556439 0.061369228 0.059927114 0.059736646 0.063783433 0.062649364 0.059425487 0.060570879 0.082181198 0.184800436 
26     0.045414686 0.047376062 0.039145091 0.043977324 0.052312378 0.038642060 0.037773674 0.016839000 0.000000000 0.017563737 0.025676724 0.028212569 0.040489512 0.034956687 0.041673228 0.060716538 0.061277940 0.061825400 0.058369286 0.058429820 0.058439632 0.066920828 0.065288306 0.064556703 0.071736710 0.068382650 0.063339667 0.093604496 0.092056397 0.092620230 0.091784495 0.098226684 0.090869261 0.089834928 0.091042968 0.088491267 0.058933099 0.058863847 0.058633700 0.061605349 0.067037550 0.067772266 0.063585055 0.062142942 0.061952473 0.065999261 0.064865191 0.061641314 0.062786706 0.084397025 0.187016263 
10     0.037619573 0.039580047 0.031350519 0.036181309 0.044511187 0.030839254 0.029970868 0.015504750 0.017563737 0.000000000 0.017977707 0.020446871 0.032671267 0.027187339 0.033864644 0.052915085 0.053476487 0.054023947 0.050567833 0.050625431 0.050635243 0.059116314 0.057483792 0.056752189 0.063932196 0.060578136 0.055535152 0.085799982 0.084251883 0.084815715 0.083979980 0.090422170 0.083064747 0.082030414 0.083238454 0.080686753 0.051128584 0.051059333 0.050829185 0.053800835 0.059233036 0.059967752 0.055780541 0.054338427 0.054147959 0.058194746 0.057060677 0.053836800 0.054982192 0.076592510 0.179211749 
21     0.037675485 0.039675852 0.031413283 0.036156484 0.044597770 0.030923126 0.030054740 0.023437879 0.025676724 0.017977707 0.000000000 0.019057840 0.032351431 0.026793673 0.033509748 0.052923186 0.053484036 0.054031496 0.050571044 0.050425710 0.050435522 0.058900741 0.057252535 0.056520932 0.063733408 0.060360657 0.055414993 0.085370208 0.083822110 0.084385942 0.083542496 0.090195949 0.082838095 0.081803762 0.083011802 0.080460101 0.050980874 0.050911622 0.050681475 0.053653124 0.059085325 0.059820041 0.055632830 0.054190717 0.054000248 0.058047035 0.056912966 0.053689089 0.054834481 0.076447697 0.178998339 
23     0.040266232 0.042376878 0.034104704 0.038864818 0.047188051 0.033514735 0.032646349 0.025963485 0.028212569 0.020446871 0.019057840 0.000000000 0.035015126 0.029305731 0.036019415 0.055476526 0.056037927 0.056585387 0.053124543 0.053043124 0.053052935 0.061535292 0.059902770 0.059171167 0.066349268 0.062995208 0.058049544 0.088309430 0.086761331 0.087325163 0.086489428 0.092931617 0.085574195 0.084539862 0.085747902 0.083196201 0.053638032 0.053568780 0.053338633 0.056310282 0.061742484 0.062477199 0.058289988 0.056847875 0.056657406 0.060704194 0.059570125 0.056346248 0.057491640 0.079101939 0.181680895 
22     0.044832940 0.047272322 0.039039781 0.043773148 0.051799551 0.038059529 0.037198485 0.038286572 0.040489512 0.032671267 0.032351431 0.035015126 0.000000000 0.031245714 0.038067810 0.060041732 0.060603361 0.061150821 0.057653960 0.057743681 0.057753492 0.066171020 0.064530495 0.063798892 0.071005545 0.067651485 0.062705821 0.092956412 0.091408313 0.091972146 0.091136411 0.097578600 0.090221177 0.089186575 0.090394884 0.087843183 0.058284404 0.058215152 0.057985005 0.060956654 0.066388856 0.067123571 0.062937382 0.061494247 0.061303778 0.065351588 0.064216497 0.060993642 0.062139033 0.083722531 0.186315773 
9     0.038569440 0.041434851 0.033214772 0.037959414 0.045883960 0.032235717 0.031374674 0.032731500 0.034956687 0.027187339 0.026793673 0.029305731 0.031245714 0.000000000 0.024461144 0.054220772 0.054785116 0.055332576 0.051873520 0.051920885 0.051930697 0.060372081 0.058730455 0.057998852 0.065188225 0.061834165 0.056888501 0.087157455 0.085609356 0.086173189 0.085337454 0.091779643 0.084422220 0.083387698 0.084595927 0.082044226 0.052486058 0.052416806 0.052186659 0.055158308 0.060590509 0.061325225 0.057138014 0.055695900 0.055505432 0.059552219 0.058418150 0.055194273 0.056339665 0.077949968 0.180528911 
20     0.045254304 0.048127261 0.039898550 0.044650721 0.052575138 0.038927913 0.038066869 0.039448455 0.041673228 0.033864644 0.033509748 0.036019415 0.038067810 0.024461144 0.000000000 0.060804912 0.061381474 0.061928935 0.058439478 0.058530191 0.058540002 0.066976393 0.065334767 0.064603164 0.071795554 0.068441494 0.063495830 0.093759393 0.092211294 0.092775126 0.091939391 0.098381581 0.091024158 0.089987510 0.091197865 0.088646164 0.059087995 0.059018743 0.058788596 0.061760245 0.067192447 0.067927162 0.063739951 0.062297838 0.062107369 0.066154157 0.065020088 0.061796211 0.062941603 0.084551906 0.187130849 
7     0.059641426 0.061831994 0.053739983 0.058451031 0.066931255 0.053191757 0.052349184 0.058502369 0.060716538 0.052915085 0.052923186 0.055476526 0.060041732 0.054220772 0.060804912 0.000000000 0.008264932 0.009213519 0.016710038 0.067357448 0.067367260 0.075591376 0.073959384 0.073227780 0.080657484 0.077302490 0.072259507 0.102391817 0.100841370 0.101407550 0.100572791 0.107029505 0.099662593 0.098628938 0.099836300 0.097284599 0.067781890 0.067712638 0.067482491 0.070454140 0.075886342 0.076621057 0.072432472 0.070991733 0.070801264 0.074846677 0.073713983 0.070488731 0.071634123 0.093156382 0.195778975 
5     0.060201033 0.062387255 0.054295245 0.059006293 0.067486292 0.053746793 0.052904220 0.059063770 0.061277940 0.053476487 0.053484036 0.056037927 0.060603361 0.054785116 0.061381474 0.008264932 0.000000000 0.009416863 0.016969403 0.067887411 0.067897222 0.076132004 0.074500012 0.073768409 0.081198113 0.077843119 0.072800135 0.102932445 0.101381999 0.101948179 0.101113420 0.107570134 0.100203222 0.099169566 0.100376929 0.097825228 0.068322519 0.068253267 0.068023120 0.070994769 0.076426970 0.077161686 0.072973100 0.071532362 0.071341893 0.075387306 0.074254611 0.071029360 0.072174751 0.093697011 0.196319604 
14     0.060748719 0.062934716 0.054842705 0.059553753 0.068033977 0.054294479 0.053451906 0.059611231 0.061825400 0.054023947 0.054031496 0.056585387 0.061150821 0.055332576 0.061928935 0.009213519 0.009416863 0.000000000 0.017397452 0.068436394 0.068446206 0.076682046 0.075050054 0.074318451 0.081748154 0.078393160 0.073350177 0.103482487 0.101932040 0.102498220 0.101663462 0.108120175 0.100753264 0.099719608 0.100926970 0.098375269 0.068872560 0.068803308 0.068573161 0.071544810 0.076977012 0.077711727 0.073523142 0.072082403 0.071891934 0.075937347 0.074804653 0.071579401 0.072724793 0.094247052 0.196869645 
3     0.057246407 0.059531225 0.051439214 0.056119362 0.064554022 0.050838151 0.049995578 0.056155116 0.058369286 0.050567833 0.050571044 0.053124543 0.057653960 0.051873520 0.058439478 0.016710038 0.016969403 0.017397452 0.000000000 0.064925666 0.064935477 0.073201621 0.071567805 0.070836202 0.078233483 0.074841745 0.069798762 0.100035855 0.098487756 0.099051588 0.098215853 0.104661057 0.097293399 0.096259743 0.097467106 0.094915405 0.065359494 0.065290242 0.065060095 0.068031744 0.073463945 0.074198661 0.070012472 0.068569337 0.068378868 0.072426677 0.071291587 0.068068731 0.069214123 0.090733986 0.193369726 
18     0.057636937 0.059872362 0.051758373 0.056378741 0.064729090 0.051061000 0.050224887 0.056214118 0.058429820 0.050625431 0.050425710 0.053043124 0.057743681 0.051920885 0.058530191 0.067357448 0.067887411 0.068436394 0.064925666 0.000000000 0.011301870 0.065885549 0.064347042 0.063615789 0.070705509 0.067464077 0.062518413 0.092613548 0.091065449 0.091629282 0.090793547 0.097312302 0.089944644 0.088912079 0.090118351 0.087566650 0.057879489 0.057810237 0.057580090 0.060551739 0.065983882 0.066718656 0.062531387 0.061089273 0.060898805 0.064945592 0.063811523 0.060587646 0.061733038 0.083377162 0.185989489 
6     0.057646748 0.059882173 0.051768185 0.056388552 0.064738902 0.051070812 0.050234699 0.056223930 0.058439632 0.050635243 0.050435522 0.053052935 0.057753492 0.051930697 0.058540002 0.067367260 0.067897222 0.068446206 0.064935477 0.011301870 0.000000000 0.065895360 0.064356853 0.063625601 0.070715321 0.067473889 0.062528225 0.092623360 0.091075261 0.091639094 0.090803358 0.097322114 0.089954455 0.088921891 0.090128162 0.087576461 0.057889301 0.057820049 0.057589902 0.060561551 0.065993694 0.066728468 0.062541198 0.061099085 0.060908616 0.064955404 0.063821335 0.060597458 0.061742850 0.083386974 0.185999300 
1     0.066074977 0.068215726 0.060100879 0.064780283 0.073245755 0.059570181 0.058741662 0.064705001 0.066920828 0.059116314 0.058900741 0.061535292 0.066171020 0.060372081 0.066976393 0.075591376 0.076132004 0.076682046 0.073201621 0.065885549 0.065895360 0.000000000 0.058491331 0.057796705 0.072312932 0.069048847 0.064103183 0.095353455 0.093805356 0.094369188 0.093533453 0.099972926 0.092615649 0.091584209 0.092789356 0.090237655 0.060560286 0.060491034 0.060260887 0.063232536 0.068664779 0.069381685 0.065212908 0.063764838 0.063574369 0.067627113 0.066492023 0.063269167 0.064414559 0.085888112 0.188678581 
8     0.064394902 0.066574154 0.058459307 0.063139635 0.071634434 0.057959152 0.057130633 0.063072479 0.065288306 0.057483792 0.057252535 0.059902770 0.064530495 0.058730455 0.065334767 0.073959384 0.074500012 0.075050054 0.071567805 0.064347042 0.064356853 0.058491331 0.000000000 0.014622431 0.070926009 0.067661923 0.062716259 0.093882659 0.092334560 0.092898393 0.092062658 0.098500337 0.091144853 0.090113413 0.091318560 0.088766859 0.059116911 0.059047660 0.058817513 0.061789162 0.067221405 0.067930632 0.063769534 0.062321282 0.062130813 0.066183739 0.065048649 0.061825793 0.062971185 0.084477965 0.187267657 
13     0.063691923 0.065842551 0.057727704 0.062408032 0.070902831 0.057227549 0.056399030 0.062340876 0.064556703 0.056752189 0.056520932 0.059171167 0.063798892 0.057998852 0.064603164 0.073227780 0.073768409 0.074318451 0.070836202 0.063615789 0.063625601 0.057796705 0.014622431 0.000000000 0.070196794 0.066932709 0.061987045 0.093143797 0.091595698 0.092159530 0.091323795 0.097728915 0.090406156 0.089374716 0.090579863 0.088028162 0.058385308 0.058316057 0.058085910 0.061057559 0.066489802 0.067199028 0.063037931 0.061589679 0.061399210 0.065452136 0.064317046 0.061094190 0.062239582 0.083746362 0.186536054 
24     0.070983842 0.073152461 0.065037614 0.069659391 0.078081339 0.064404893 0.063576373 0.069520883 0.071736710 0.063932196 0.063733408 0.066349268 0.071005545 0.065188225 0.071795554 0.080657484 0.081198113 0.081748154 0.078233483 0.070705509 0.070715321 0.072312932 0.070926009 0.070196794 0.000000000 0.029745716 0.024888727 0.100170085 0.098621986 0.099185818 0.098350083 0.104783396 0.097425973 0.096394533 0.097599680 0.095047979 0.065380051 0.065310799 0.065080652 0.068052301 0.073489669 0.074218686 0.070035285 0.068541336 0.068350867 0.072449490 0.071315421 0.068091544 0.069236936 0.090685442 0.193302433 
16     0.067538497 0.069798401 0.061683554 0.066305331 0.074728080 0.061051634 0.060223114 0.066166823 0.068382650 0.060578136 0.060360657 0.062995208 0.067651485 0.061834165 0.068441494 0.077302490 0.077843119 0.078393160 0.074841745 0.067464077 0.067473889 0.069048847 0.067661923 0.066932709 0.029745716 0.000000000 0.014056137 0.096820400 0.095272301 0.095836133 0.095000398 0.101433711 0.094076288 0.093044848 0.094249995 0.091698294 0.062109721 0.062040469 0.061810322 0.064781971 0.070219340 0.070948356 0.066764955 0.065265449 0.065074980 0.069179161 0.068045092 0.064821215 0.065966606 0.087335757 0.189980939 
25     0.062495513 0.064755417 0.056640570 0.061262347 0.069685096 0.056008650 0.055180131 0.061123840 0.063339667 0.055535152 0.055414993 0.058049544 0.062705821 0.056888501 0.063495830 0.072259507 0.072800135 0.073350177 0.069798762 0.062518413 0.062528225 0.064103183 0.062716259 0.061987045 0.024888727 0.014056137 0.000000000 0.091773414 0.090225315 0.090789148 0.089953413 0.096386725 0.089029303 0.087997862 0.089203010 0.086651309 0.057062736 0.056993484 0.056763337 0.059734986 0.065172354 0.065901371 0.061717970 0.060222792 0.060032324 0.064132175 0.062998106 0.059774229 0.060919621 0.082125336 0.184980150 
41     0.092796881 0.094925602 0.086810755 0.091447156 0.099831186 0.086230977 0.085402595 0.091388669 0.093604496 0.085799982 0.085370208 0.088309430 0.092956412 0.087157455 0.093759393 0.102391817 0.102932445 0.103482487 0.100035855 0.092613548 0.092623360 0.095353455 0.093882659 0.093143797 0.100170085 0.096820400 0.091773414 0.000000000 0.010375856 0.011270296 0.018252404 0.062962826 0.056189359 0.055184767 0.056377875 0.053737150 0.072903688 0.072834437 0.072604290 0.075575939 0.081031935 0.081768139 0.077527836 0.076123207 0.075932738 0.079942041 0.078809347 0.075584095 0.076729487 0.101407675 0.206205734 
36     0.091248782 0.093377503 0.085262656 0.089899057 0.098283087 0.084682879 0.083854496 0.089840570 0.092056397 0.084251883 0.083822110 0.086761331 0.091408313 0.085609356 0.092211294 0.100841370 0.101381999 0.101932040 0.098487756 0.091065449 0.091075261 0.093805356 0.092334560 0.091595698 0.098621986 0.095272301 0.090225315 0.010375856 0.000000000 0.009768198 0.016529626 0.061335797 0.054576152 0.053571561 0.054764668 0.052123943 0.071359386 0.071290134 0.071059987 0.074031636 0.079487632 0.080223836 0.075983533 0.074578904 0.074388435 0.078397739 0.077265044 0.074039793 0.075185184 0.099860664 0.204657635 
38     0.091812614 0.093941336 0.085826488 0.090462889 0.098846920 0.085246711 0.084418328 0.090404403 0.092620230 0.084815715 0.084385942 0.087325163 0.091972146 0.086173189 0.092775126 0.101407550 0.101948179 0.102498220 0.099051588 0.091629282 0.091639094 0.094369188 0.092898393 0.092159530 0.099185818 0.095836133 0.090789148 0.011270296 0.009768198 0.000000000 0.017347429 0.061974832 0.055181842 0.054177251 0.055389881 0.052749155 0.071919422 0.071850170 0.071620023 0.074591672 0.080047668 0.080783873 0.076543569 0.075138940 0.074948472 0.078957775 0.077825081 0.074599829 0.075745221 0.100423409 0.205221467 
40     0.090976879 0.093105601 0.084990753 0.089627154 0.098011185 0.084410976 0.083582593 0.089568668 0.091784495 0.083979980 0.083542496 0.086489428 0.091136411 0.085337454 0.091939391 0.100572791 0.101113420 0.101663462 0.098215853 0.090793547 0.090803358 0.093533453 0.092062658 0.091323795 0.098350083 0.095000398 0.089953413 0.018252404 0.016529626 0.017347429 0.000000000 0.061088460 0.054352606 0.053348014 0.054541122 0.051908010 0.071083687 0.071014435 0.070784288 0.073755937 0.079211933 0.079948138 0.075707834 0.074303205 0.074112737 0.078122040 0.076989346 0.073764094 0.074909486 0.099587674 0.204385732 
43     0.097453795 0.099592445 0.091477598 0.096104650 0.104498029 0.090897821 0.090069438 0.096010857 0.098226684 0.090422170 0.090195949 0.092931617 0.097578600 0.091779643 0.098381581 0.107029505 0.107570134 0.108120175 0.104661057 0.097312302 0.097322114 0.099972926 0.098500337 0.097728915 0.104783396 0.101433711 0.096386725 0.062962826 0.061335797 0.061974832 0.061088460 0.000000000 0.047968289 0.046990417 0.048015230 0.045432044 0.077277269 0.077208018 0.076977871 0.079949520 0.085405516 0.086141720 0.081909853 0.080505224 0.080314755 0.084324058 0.083191364 0.079966112 0.081111504 0.106053401 0.210634232 
39     0.090099953 0.092235023 0.084120176 0.088747227 0.097140607 0.083540398 0.082712015 0.088653434 0.090869261 0.083064747 0.082838095 0.085574195 0.090221177 0.084422220 0.091024158 0.099662593 0.100203222 0.100753264 0.097293399 0.089944644 0.089954455 0.092615649 0.091144853 0.090406156 0.097425973 0.094076288 0.089029303 0.056189359 0.054576152 0.055181842 0.054352606 0.047968289 0.000000000 0.009525214 0.017696935 0.020519026 0.069930808 0.069861556 0.069631409 0.072603058 0.078059267 0.078795465 0.074563598 0.073158969 0.072968500 0.076977803 0.075845109 0.072619857 0.073765249 0.098671212 0.203255786 
37     0.089066592 0.091201662 0.083086815 0.087713866 0.096107246 0.082507037 0.081678654 0.087619101 0.089834928 0.082030414 0.081803762 0.084539862 0.089186575 0.083387698 0.089987510 0.098628938 0.099169566 0.099719608 0.096259743 0.088912079 0.088921891 0.091584209 0.090113413 0.089374716 0.096394533 0.093044848 0.087997862 0.055184767 0.053571561 0.054177251 0.053348014 0.046990417 0.009525214 0.000000000 0.016636745 0.019616260 0.068899756 0.068830504 0.068600357 0.071572006 0.077028215 0.077764413 0.073532546 0.072127917 0.071937448 0.075946752 0.074814057 0.071588806 0.072734197 0.097639818 0.202224575 
29     0.090273660 0.092408730 0.084293882 0.088920934 0.097314314 0.083714105 0.082885722 0.088827141 0.091042968 0.083238454 0.083011802 0.085747902 0.090394884 0.084595927 0.091197865 0.099836300 0.100376929 0.100926970 0.097467106 0.090118351 0.090128162 0.092789356 0.091318560 0.090579863 0.097599680 0.094249995 0.089203010 0.056377875 0.054764668 0.055389881 0.054541122 0.048015230 0.017696935 0.016636745 0.000000000 0.021032624 0.070097831 0.070028580 0.069798432 0.072770082 0.078209486 0.078964817 0.074732949 0.073328320 0.073137852 0.077147155 0.076014461 0.072789209 0.073934601 0.098844919 0.203429493 
47     0.087721959 0.089857029 0.081742182 0.086369233 0.094762613 0.081162404 0.080334021 0.086275440 0.088491267 0.080686753 0.080460101 0.083196201 0.087843183 0.082044226 0.088646164 0.097284599 0.097825228 0.098375269 0.094915405 0.087566650 0.087576461 0.090237655 0.088766859 0.088028162 0.095047979 0.091698294 0.086651309 0.053737150 0.052123943 0.052749155 0.051908010 0.045432044 0.020519026 0.019616260 0.021032624 0.000000000 0.067552814 0.067483562 0.067253415 0.070225064 0.075681273 0.076417471 0.072185604 0.070780975 0.070590506 0.074599809 0.073467115 0.070241863 0.071387255 0.096293218 0.200877792 
48     0.058159191 0.060310301 0.052195453 0.056823241 0.065189184 0.051597864 0.050769481 0.056717271 0.058933099 0.051128584 0.050980874 0.053638032 0.058284404 0.052486058 0.059087995 0.067781890 0.068322519 0.068872560 0.065359494 0.057879489 0.057889301 0.060560286 0.059116911 0.058385308 0.065380051 0.062109721 0.057062736 0.072903688 0.071359386 0.071919422 0.071083687 0.077277269 0.069930808 0.068899756 0.070097831 0.067552814 0.000000000 0.005038593 0.011685958 0.014994244 0.031684315 0.032955853 0.032798881 0.031406303 0.031226741 0.035245600 0.034077034 0.030872249 0.032019009 0.066791353 0.171367657 
50     0.058089939 0.060241049 0.052126202 0.056753989 0.065119933 0.051528612 0.050700229 0.056648020 0.058863847 0.051059333 0.050911622 0.053568780 0.058215152 0.052416806 0.059018743 0.067712638 0.068253267 0.068803308 0.065290242 0.057810237 0.057820049 0.060491034 0.059047660 0.058316057 0.065310799 0.062040469 0.056993484 0.072834437 0.071290134 0.071850170 0.071014435 0.077208018 0.069861556 0.068830504 0.070028580 0.067483562 0.005038593 0.000000000 0.011649230 0.014872040 0.031605709 0.032879373 0.032731079 0.031338501 0.031158939 0.035177797 0.034009232 0.030804447 0.031951206 0.066722102 0.171298405 
35     0.057859875 0.060010902 0.051896055 0.056523842 0.064889785 0.051298465 0.050470082 0.056417873 0.058633700 0.050829185 0.050681475 0.053338633 0.057985005 0.052186659 0.058788596 0.067482491 0.068023120 0.068573161 0.065060095 0.057580090 0.057589902 0.060260887 0.058817513 0.058085910 0.065080652 0.061810322 0.056763337 0.072604290 0.071059987 0.071620023 0.070784288 0.076977871 0.069631409 0.068600357 0.069798432 0.067253415 0.011685958 0.011649230 0.000000000 0.014401546 0.031386264 0.032619167 0.032493577 0.031100998 0.030921436 0.034946143 0.033770601 0.030572793 0.031710396 0.066491954 0.171068258 
42     0.060831524 0.062982551 0.054867704 0.059495491 0.067861435 0.054270114 0.053441731 0.059389522 0.061605349 0.053800835 0.053653124 0.056310282 0.060956654 0.055158308 0.061760245 0.070454140 0.070994769 0.071544810 0.068031744 0.060551739 0.060561551 0.063232536 0.061789162 0.061057559 0.068052301 0.064781971 0.059734986 0.075575939 0.074031636 0.074591672 0.073755937 0.079949520 0.072603058 0.071572006 0.072770082 0.070225064 0.014994244 0.014872040 0.014401546 0.000000000 0.034337466 0.035601740 0.035480542 0.034087964 0.033908402 0.037927261 0.036758695 0.033553910 0.034700669 0.069463604 0.174014835 
49     0.066264025 0.068414752 0.060299905 0.064927693 0.073293636 0.059702315 0.058873932 0.064821723 0.067037550 0.059233036 0.059085325 0.061742484 0.066388856 0.060590509 0.067192447 0.075886342 0.076426970 0.076977012 0.073463945 0.065983882 0.065993694 0.068664779 0.067221405 0.066489802 0.073489669 0.070219340 0.065172354 0.081031935 0.079487632 0.080047668 0.079211933 0.085405516 0.078059267 0.077028215 0.078209486 0.075681273 0.031684315 0.031605709 0.031386264 0.034337466 0.000000000 0.040741576 0.040674281 0.039268892 0.039090294 0.043119848 0.041952246 0.038747387 0.039894146 0.074892201 0.179476478 
45     0.066999006 0.069149468 0.061034621 0.065662408 0.073990410 0.060437031 0.059608648 0.065556439 0.067772266 0.059967752 0.059820041 0.062477199 0.067123571 0.061325225 0.067927162 0.076621057 0.077161686 0.077711727 0.074198661 0.066718656 0.066728468 0.069381685 0.067930632 0.067199028 0.074218686 0.070948356 0.065901371 0.081768139 0.080223836 0.080783873 0.079948138 0.086141720 0.078795465 0.077764413 0.078964817 0.076417471 0.032955853 0.032879373 0.032619167 0.035601740 0.040741576 0.000000000 0.041489569 0.040085650 0.039898787 0.043918880 0.042757935 0.039554282 0.040701041 0.075619892 0.180205706 
28     0.062811853 0.064962257 0.056847410 0.061475197 0.069828579 0.056249820 0.055421437 0.061369228 0.063585055 0.055780541 0.055632830 0.058289988 0.062937382 0.057138014 0.063739951 0.072432472 0.072973100 0.073523142 0.070012472 0.062531387 0.062541198 0.065212908 0.063769534 0.063037931 0.070035285 0.066764955 0.061717970 0.077527836 0.075983533 0.076543569 0.075707834 0.081909853 0.074563598 0.073532546 0.074732949 0.072185604 0.032798881 0.032731079 0.032493577 0.035480542 0.040674281 0.041489569 0.000000000 0.016740912 0.016397023 0.024792959 0.023732234 0.020793290 0.021682876 0.071428988 0.176035391 
32     0.061369739 0.063520144 0.055405296 0.060033084 0.068386466 0.054807706 0.053979324 0.059927114 0.062142942 0.054338427 0.054190717 0.056847875 0.061494247 0.055695900 0.062297838 0.070991733 0.071532362 0.072082403 0.068569337 0.061089273 0.061099085 0.063764838 0.062321282 0.061589679 0.068541336 0.065265449 0.060222792 0.076123207 0.074578904 0.075138940 0.074303205 0.080505224 0.073158969 0.072127917 0.073328320 0.070780975 0.031406303 0.031338501 0.031100998 0.034087964 0.039268892 0.040085650 0.016740912 0.000000000 0.007330420 0.023353401 0.022221747 0.019175137 0.020088009 0.070017418 0.174610457 
34     0.061179271 0.063329675 0.055214828 0.059842615 0.068195997 0.054617238 0.053788855 0.059736646 0.061952473 0.054147959 0.054000248 0.056657406 0.061303778 0.055505432 0.062107369 0.070801264 0.071341893 0.071891934 0.068378868 0.060898805 0.060908616 0.063574369 0.062130813 0.061399210 0.068350867 0.065074980 0.060032324 0.075932738 0.074388435 0.074948472 0.074112737 0.080314755 0.072968500 0.071937448 0.073137852 0.070590506 0.031226741 0.031158939 0.030921436 0.033908402 0.039090294 0.039898787 0.016397023 0.007330420 0.000000000 0.023129073 0.022096397 0.019120807 0.020034518 0.069826949 0.174419989 
31     0.065226058 0.067376463 0.059261615 0.063889403 0.072242785 0.058664025 0.057835643 0.063783433 0.065999261 0.058194746 0.058047035 0.060704194 0.065351588 0.059552219 0.066154157 0.074846677 0.075387306 0.075937347 0.072426677 0.064945592 0.064955404 0.067627113 0.066183739 0.065452136 0.072449490 0.069179161 0.064132175 0.079942041 0.078397739 0.078957775 0.078122040 0.084324058 0.076977803 0.075946752 0.077147155 0.074599809 0.035245600 0.035177797 0.034946143 0.037927261 0.043119848 0.043918880 0.024792959 0.023353401 0.023129073 0.000000000 0.020023784 0.016932016 0.017978203 0.073843194 0.178449596 
30     0.064091989 0.066242394 0.058127546 0.062755334 0.071108716 0.057529956 0.056701573 0.062649364 0.064865191 0.057060677 0.056912966 0.059570125 0.064216497 0.058418150 0.065020088 0.073713983 0.074254611 0.074804653 0.071291587 0.063811523 0.063821335 0.066492023 0.065048649 0.064317046 0.071315421 0.068045092 0.062998106 0.078809347 0.077265044 0.077825081 0.076989346 0.083191364 0.075845109 0.074814057 0.076014461 0.073467115 0.034077034 0.034009232 0.033770601 0.036758695 0.041952246 0.042757935 0.023732234 0.022221747 0.022096397 0.020023784 0.000000000 0.016040879 0.017143624 0.072703558 0.177314506 
44     0.060868112 0.063018516 0.054903669 0.059531457 0.067884839 0.054306079 0.053477696 0.059425487 0.061641314 0.053836800 0.053689089 0.056346248 0.060993642 0.055194273 0.061796211 0.070488731 0.071029360 0.071579401 0.068068731 0.060587646 0.060597458 0.063269167 0.061825793 0.061094190 0.068091544 0.064821215 0.059774229 0.075584095 0.074039793 0.074599829 0.073764094 0.079966112 0.072619857 0.071588806 0.072789209 0.070241863 0.030872249 0.030804447 0.030572793 0.033553910 0.038747387 0.039554282 0.020793290 0.019175137 0.019120807 0.016932016 0.016040879 0.000000000 0.008332160 0.069485247 0.174091650 
46     0.062013504 0.064163908 0.056049061 0.060676849 0.069030231 0.055451471 0.054623088 0.060570879 0.062786706 0.054982192 0.054834481 0.057491640 0.062139033 0.056339665 0.062941603 0.071634123 0.072174751 0.072724793 0.069214123 0.061733038 0.061742850 0.064414559 0.062971185 0.062239582 0.069236936 0.065966606 0.060919621 0.076729487 0.075185184 0.075745221 0.074909486 0.081111504 0.073765249 0.072734197 0.073934601 0.071387255 0.032019009 0.031951206 0.031710396 0.034700669 0.039894146 0.040701041 0.021682876 0.020088009 0.020034518 0.017978203 0.017143624 0.008332160 0.000000000 0.070630639 0.175237042 
33     0.083590847 0.085747798 0.077632951 0.082258012 0.090649321 0.077032637 0.076204254 0.082181198 0.084397025 0.076592510 0.076447697 0.079101939 0.083722531 0.077949968 0.084551906 0.093156382 0.093697011 0.094247052 0.090733986 0.083377162 0.083386974 0.085888112 0.084477965 0.083746362 0.090685442 0.087335757 0.082125336 0.101407675 0.099860664 0.100423409 0.099587674 0.106053401 0.098671212 0.097639818 0.098844919 0.096293218 0.066791353 0.066722102 0.066491954 0.069463604 0.074892201 0.075619892 0.071428988 0.070017418 0.069826949 0.073843194 0.072703558 0.069485247 0.070630639 0.000000000 0.195876528 
0     0.186245491 0.188373516 0.180258669 0.184786204 0.193301932 0.179685248 0.178856865 0.184800436 0.187016263 0.179211749 0.178998339 0.181680895 0.186315773 0.180528911 0.187130849 0.195778975 0.196319604 0.196869645 0.193369726 0.185989489 0.185999300 0.188678581 0.187267657 0.186536054 0.193302433 0.189980939 0.184980150 0.206205734 0.204657635 0.205221467 0.204385732 0.210634232 0.203255786 0.202224575 0.203429493 0.200877792 0.171367657 0.171298405 0.171068258 0.174014835 0.179476478 0.180205706 0.176035391 0.174610457 0.174419989 0.178449596 0.177314506 0.174091650 0.175237042 0.195876528 0.000000000 
