51
3     0.000000000 0.715702567 1.411189549 1.781842510 1.772406531 1.678055014 1.813311272 1.817466746 1.672222019 1.674627789 1.673034819 1.690691158 1.388399016 1.665300842 1.667429683 1.616179410 1.694165053 1.935008357 1.965414689 1.375002721 1.453828013 1.410075918 1.459773426 1.370418855 1.656817581 1.594582312 1.498025136 1.612622252 1.520289389 1.876824144 1.311483590 1.552578340 1.488779710 1.404389107 1.393253972 1.392747407 1.406324573 1.363943301 1.373336072 1.391606056 1.366155982 1.234624819 1.336475698 1.332186995 1.436999242 1.394772569 1.387722700 1.399813374 1.708436332 1.759803902 4.231296341 
1     0.715702567 0.000000000 1.488480237 1.863414843 1.853978865 1.759627348 1.894883606 1.899039080 1.753794353 1.756200123 1.754607152 1.772263492 1.469971350 1.746737839 1.748866679 1.700216669 1.775602049 2.016466740 2.046873073 1.455690858 1.535286397 1.491534302 1.541231810 1.451632628 1.738418787 1.675824507 1.579026013 1.693713592 1.601380729 1.958396478 1.392951665 1.634150674 1.570352044 1.485961441 1.474826306 1.474319741 1.487896907 1.445515635 1.454908406 1.473178390 1.447728316 1.316197153 1.418048032 1.413759329 1.519441613 1.476571601 1.469521731 1.481612405 1.790105580 1.841473150 4.309981673 
2     1.411189549 1.488480237 0.000000000 2.372586373 2.363150394 2.268798877 2.404055135 2.408210609 2.262965882 2.265371652 2.263778682 2.281435021 1.979215386 2.253582069 2.255710910 2.207287981 2.282446279 2.520814598 2.551220931 1.961148798 2.039791608 1.996039512 2.045868015 1.956293397 2.243053416 2.180456853 2.083899677 2.198496794 2.106163931 2.461843944 1.898822225 2.137250886 2.071492805 1.991646429 1.980511294 1.980004729 1.993581896 1.951200623 1.957639687 1.975909670 1.950459597 1.819312340 1.921163219 1.916874516 2.020507335 1.976980478 1.969930609 1.983526248 2.292105724 2.343473294 4.810012378 
43     1.781842510 1.863414843 2.372586373 0.000000000 0.178507954 0.551414540 0.724848508 0.729727786 0.591015167 0.598932210 0.600238960 0.614802312 1.195537532 1.495727095 1.497855936 1.450217339 1.522677217 1.765264499 1.795670832 1.204763120 1.292036674 1.248518479 1.297866943 1.200255627 1.486795062 1.419422680 1.326897343 1.440014365 1.348171942 1.951978125 1.389336968 1.628148926 1.565782202 1.478846277 1.467330236 1.467283363 1.480325706 1.438019565 1.448202105 1.466811145 1.441361072 1.309833693 1.411736248 1.407447544 1.659172586 1.613417754 1.606367885 1.618598205 1.919869974 1.971237544 4.592587140 
38     1.772406531 1.853978865 2.363150394 0.178507954 0.000000000 0.544819344 0.716289714 0.721180132 0.582681201 0.587762643 0.589148027 0.605278040 1.186101554 1.486291117 1.488419958 1.440781361 1.513241239 1.755828521 1.786234854 1.195327142 1.282600696 1.239082501 1.288430965 1.190819648 1.477359084 1.409986702 1.317461365 1.430578387 1.338735964 1.942542147 1.379900989 1.618712948 1.556346224 1.469410298 1.457894258 1.457847385 1.470889728 1.428583587 1.438766126 1.457375167 1.431925094 1.300397715 1.402300269 1.398011566 1.649736608 1.603981776 1.596931907 1.609162227 1.910433996 1.961801566 4.583151161 
29     1.678055014 1.759627348 2.268798877 0.551414540 0.544819344 0.000000000 0.628353315 0.631107817 0.490062893 0.486601687 0.487629954 0.516524689 1.092044855 1.392210442 1.394339283 1.346531226 1.419160565 1.661771382 1.692177715 1.101193743 1.187598257 1.143952912 1.193854533 1.096226502 1.382765937 1.315166602 1.222868218 1.335985240 1.244142817 1.848187052 1.285545894 1.524357853 1.461991129 1.375055203 1.363539163 1.363492290 1.376534632 1.334228492 1.344411031 1.363020072 1.337569999 1.206042619 1.307945174 1.303656471 1.555385090 1.509630259 1.502580390 1.514810710 1.816082479 1.867450049 4.488799644 
27     1.813311272 1.894883606 2.404055135 0.724848508 0.716289714 0.628353315 0.000000000 0.191740153 0.596778156 0.594695679 0.591342665 0.629961039 1.227471920 1.527710699 1.529839540 1.482046706 1.554660822 1.797268355 1.827674688 1.236690716 1.323740330 1.280222135 1.329570599 1.231622872 1.518162308 1.450926416 1.358264589 1.471381611 1.379539188 1.983443310 1.420802152 1.659614111 1.597247386 1.510311461 1.498795421 1.498748547 1.511790890 1.469484750 1.479667289 1.498276330 1.472826256 1.341298877 1.443201432 1.438912728 1.690641348 1.644886517 1.637836647 1.650066967 1.951338736 2.002706306 4.624055902 
32     1.817466746 1.899039080 2.408210609 0.729727786 0.721180132 0.631107817 0.191740153 0.000000000 0.598943678 0.595617177 0.592200617 0.633760305 1.231691737 1.531863888 1.533992729 1.486199895 1.558814011 1.801421544 1.831827877 1.240843905 1.327893519 1.284375324 1.333723788 1.235776061 1.522315497 1.455079605 1.362417778 1.475534800 1.383692377 1.987598784 1.424957626 1.663769585 1.601402861 1.514466935 1.502950895 1.502904022 1.515946364 1.473640224 1.483822763 1.502431804 1.476981730 1.345454351 1.447356906 1.443068202 1.694796822 1.649041991 1.641992121 1.654222441 1.955494210 2.006861781 4.628211376 
36     1.672222019 1.753794353 2.262965882 0.591015167 0.582681201 0.490062893 0.596778156 0.598943678 0.000000000 0.275794249 0.278384665 0.425723987 1.086344080 1.386629780 1.388758621 1.340936491 1.413579903 1.656220694 1.686627027 1.095643055 1.182498564 1.138980369 1.188328833 1.090381106 1.376920542 1.309684650 1.217022823 1.330139845 1.238297422 1.842354057 1.279712899 1.518524858 1.456158134 1.369222208 1.357706168 1.357659295 1.370701637 1.328395497 1.338717867 1.357326908 1.331876835 1.200349455 1.302252010 1.297963307 1.549552095 1.503797264 1.496747394 1.508977715 1.810249483 1.861617054 4.482966649 
45     1.674627789 1.756200123 2.265371652 0.598932210 0.587762643 0.486601687 0.594695679 0.595617177 0.275794249 0.000000000 0.081303535 0.440598799 1.088849281 1.389082604 1.391211444 1.343385458 1.416032726 1.658633578 1.689039911 1.098055940 1.184928948 1.141410753 1.190759217 1.092811490 1.379350926 1.312115034 1.219453207 1.332570229 1.240727806 1.844759827 1.282118669 1.520930628 1.458563904 1.371627978 1.360111938 1.360065065 1.373107407 1.330801267 1.341123638 1.359732678 1.334282605 1.202755226 1.304657780 1.300369077 1.551957865 1.506203034 1.499153165 1.511383485 1.812655254 1.864022824 4.485372419 
18     1.673034819 1.754607152 2.263778682 0.600238960 0.589148027 0.487629954 0.591342665 0.592200617 0.278384665 0.081303535 0.000000000 0.440964335 1.087256310 1.387489633 1.389618474 1.341792487 1.414439755 1.657040607 1.687446940 1.096462969 1.183335978 1.139817782 1.189166246 1.091218520 1.377757955 1.310522064 1.217860236 1.330977258 1.239134836 1.843166856 1.280525698 1.519337657 1.456970933 1.370035007 1.358518967 1.358472094 1.371514437 1.329208296 1.339530667 1.358139708 1.332689634 1.201162255 1.303064810 1.298776106 1.550364895 1.504610063 1.497560194 1.509790514 1.811062283 1.862429853 4.483779449 
23     1.690691158 1.772263492 2.281435021 0.614802312 0.605278040 0.516524689 0.629961039 0.633760305 0.425723987 0.440598799 0.440964335 0.000000000 1.104463262 1.405311417 1.407440257 1.359627908 1.432261539 1.674891512 1.705297844 1.114313873 1.201169382 1.157651187 1.206993461 1.109421903 1.395961338 1.328588957 1.236063620 1.349180641 1.257338219 1.861080481 1.298439323 1.537251282 1.474884557 1.387948632 1.376432592 1.376385719 1.389428061 1.347121921 1.357304460 1.375913501 1.350463427 1.218936048 1.320838603 1.316549899 1.568021234 1.522266403 1.515216534 1.527446854 1.828718623 1.880086193 4.501435788 
11     1.388399016 1.469971350 1.979215386 1.195537532 1.186101554 1.092044855 1.227471920 1.231691737 1.086344080 1.088849281 1.087256310 1.104463262 0.000000000 1.104074894 1.106203734 1.058838196 1.130796719 1.372047563 1.402501584 0.814003672 0.902078924 0.857420040 0.906907400 0.813589998 1.099140966 1.036763404 0.940000795 1.052796682 0.960991999 1.567596573 0.996375806 1.239765463 1.177210700 1.090548141 1.079032100 1.078985227 1.092027570 1.049721429 1.060298661 1.079111045 1.053660971 0.921487321 1.023537367 1.019248664 1.263865699 1.222912447 1.215862577 1.227835387 1.529205398 1.580572968 4.189170100 
9     1.665300842 1.746737839 2.253582069 1.495727095 1.486291117 1.392210442 1.527710699 1.531863888 1.386629780 1.389082604 1.387489633 1.405311417 1.104074894 0.000000000 0.164670645 0.581303661 0.712236721 1.509535066 1.539502304 0.944418207 1.024696045 0.980751573 1.032624296 0.965911525 1.250056678 1.186699298 1.090420982 1.203426084 1.111133731 1.844892591 1.282665301 1.519377165 1.456816377 1.373100384 1.361584344 1.361537471 1.374060560 1.332273673 1.337681202 1.358761260 1.333311187 1.201842176 1.303693056 1.299404352 1.542776510 1.493478996 1.486429127 1.498652729 1.807283631 1.858651201 4.476489153 
44     1.667429683 1.748866679 2.255710910 1.497855936 1.488419958 1.394339283 1.529839540 1.533992729 1.388758621 1.391211444 1.389618474 1.407440257 1.106203734 0.164670645 0.000000000 0.582511644 0.712334681 1.511629001 1.541596239 0.946512142 1.026632456 0.982687983 1.034560707 0.967707432 1.251852585 1.188495205 1.092216889 1.205221991 1.112929638 1.847021431 1.284794142 1.521506005 1.458945218 1.375229225 1.363713185 1.363666312 1.376189401 1.334402514 1.339810043 1.360890101 1.335440027 1.203971017 1.305821896 1.301533193 1.544905351 1.495607837 1.488557967 1.500781569 1.809412472 1.860780042 4.478617994 
49     1.616179410 1.700216669 2.207287981 1.450217339 1.440781361 1.346531226 1.482046706 1.486199895 1.340936491 1.343385458 1.341792487 1.359627908 1.058838196 0.581303661 0.582511644 0.000000000 0.666715837 1.467290848 1.496272931 0.902238233 0.985290421 0.941412432 0.993262789 0.923717114 1.207962003 1.144633858 1.048314677 1.161275731 1.068983379 1.800296870 1.238069581 1.474846682 1.412285894 1.328569902 1.317053861 1.317006988 1.329530077 1.287743190 1.294322828 1.314230778 1.288780704 1.157311694 1.259162573 1.254873870 1.498749122 1.449451607 1.442401738 1.454623986 1.763254889 1.814622459 4.432460411 
25     1.694165053 1.775602049 2.282446279 1.522677217 1.513241239 1.419160565 1.554660822 1.558814011 1.413579903 1.416032726 1.414439755 1.432261539 1.130796719 0.712236721 0.712334681 0.666715837 0.000000000 1.537098220 1.567092750 0.971506558 1.053750804 1.009708804 1.061777892 0.993982003 1.278226891 1.214898747 1.118579565 1.231540619 1.139248267 1.873217696 1.310990407 1.547702270 1.485141482 1.401425489 1.389909449 1.389862576 1.402302414 1.360598778 1.366198838 1.387086365 1.361636292 1.230167281 1.332018161 1.327729457 1.571640720 1.522343206 1.515293337 1.527516939 1.836147841 1.887515412 4.505353363 
19     1.935008357 2.016466740 2.520814598 1.765264499 1.755828521 1.661771382 1.797268355 1.801421544 1.656220694 1.658633578 1.657040607 1.674891512 1.372047563 1.509535066 1.511629001 1.467290848 1.537098220 0.000000000 0.580236385 1.054545553 1.284699789 1.242160875 1.292598719 1.237969717 1.523308138 1.459975633 1.362903305 1.477858055 1.385947942 2.108832320 1.544178274 1.784373854 1.721744932 1.638052463 1.626536422 1.626489549 1.639360437 1.597225751 1.604403396 1.624019310 1.598569237 1.465293893 1.568445632 1.564156929 1.816967136 1.767364572 1.760314703 1.773368555 2.077827002 2.129194573 4.737938519 
30     1.965414689 2.046873073 2.551220931 1.795670832 1.786234854 1.692177715 1.827674688 1.831827877 1.686627027 1.689039911 1.687446940 1.705297844 1.402501584 1.539502304 1.541596239 1.496272931 1.567092750 0.580236385 0.000000000 1.085695705 1.314875709 1.272468879 1.322936093 1.268234421 1.553572842 1.490240337 1.393168008 1.508122759 1.416212646 2.139200378 1.574546333 1.814688981 1.752030438 1.668372903 1.656856863 1.656809990 1.669680878 1.627546192 1.634544664 1.654160578 1.628710505 1.495420341 1.598481413 1.594192710 1.847373468 1.797770905 1.790721036 1.803774888 2.108233335 2.159600905 4.768344852 
50     1.375002721 1.455690858 1.961148798 1.204763120 1.195327142 1.101193743 1.236690716 1.240843905 1.095643055 1.098055940 1.096462969 1.114313873 0.814003672 0.944418207 0.946512142 0.902238233 0.971506558 1.054545553 1.085695705 0.000000000 0.723562109 0.679864371 0.728589508 0.680558182 0.963305062 0.899718481 0.802465175 0.917288995 0.825377458 1.550803512 0.985911436 1.225211393 1.162658486 1.079556219 1.068040179 1.067993306 1.080864194 1.038729508 1.045161554 1.065568319 1.040118246 0.907605961 1.009994642 1.005705938 1.259657138 1.208758942 1.201709072 1.214762924 1.521725665 1.573093235 4.187705550 
26     1.453828013 1.535286397 2.039791608 1.292036674 1.282600696 1.187598257 1.323740330 1.327893519 1.182498564 1.184928948 1.183335978 1.201169382 0.902078924 1.024696045 1.026632456 0.985290421 1.053750804 1.284699789 1.314875709 0.723562109 0.000000000 0.291137289 0.588639047 0.764759979 1.051920832 0.989792966 0.893405679 1.006584566 0.913685380 1.631539221 1.065421700 1.305652562 1.243091775 1.159122755 1.147606715 1.147559842 1.160358822 1.118296044 1.127153801 1.146202262 1.120752188 0.989131034 1.091266864 1.086978161 1.336749227 1.286770441 1.279720572 1.292733004 1.599163408 1.650530978 4.267836417 
14     1.410075918 1.491534302 1.996039512 1.248518479 1.239082501 1.143952912 1.280222135 1.284375324 1.138980369 1.141410753 1.139817782 1.157651187 0.857420040 0.980751573 0.982687983 0.941412432 1.009708804 1.242160875 1.272468879 0.679864371 0.291137289 0.000000000 0.543371621 0.720328800 1.008024039 0.945361788 0.848995288 0.962174175 0.869696176 1.587374883 1.021253023 1.261483885 1.198923097 1.114954078 1.103438038 1.103391165 1.116190145 1.074127367 1.082985123 1.102033584 1.076583511 0.944962357 1.047098187 1.042809483 1.292595201 1.242622391 1.235572521 1.248584954 1.555013181 1.606380751 4.223932804 
13     1.459773426 1.541231810 2.045868015 1.297866943 1.288430965 1.193854533 1.329570599 1.333723788 1.188328833 1.190759217 1.189166246 1.206993461 0.906907400 1.032624296 1.034560707 0.993262789 1.061777892 1.292598719 1.322936093 0.728589508 0.588639047 0.543371621 0.000000000 0.772023432 1.057018036 0.994104464 0.898881431 1.010835175 0.918773058 1.641273304 1.074730758 1.315014159 1.252453372 1.168484352 1.156968312 1.156921439 1.169720419 1.127657641 1.136491883 1.155611073 1.130161000 0.998492631 1.100628461 1.096339757 1.347159994 1.295346128 1.288296259 1.301308691 1.609231120 1.660598691 4.276328471 
17     1.370418855 1.451632628 1.956293397 1.200255627 1.190819648 1.096226502 1.231622872 1.235776061 1.090381106 1.092811490 1.091218520 1.109421903 0.813589998 0.965911525 0.967707432 0.923717114 0.993982003 1.237969717 1.268234421 0.680558182 0.764759979 0.720328800 0.772023432 0.000000000 0.652149550 0.596900258 0.492674851 0.614726117 0.521174930 1.539622280 0.977227316 1.214828925 1.152281450 1.068364968 1.056848928 1.056802055 1.069664123 1.027538257 1.036124822 1.054962553 1.029512479 0.897730923 0.999868122 0.995579418 1.247617823 1.198739288 1.191689419 1.204723407 1.510793912 1.562161482 4.162461972 
42     1.656817581 1.738418787 2.243053416 1.486795062 1.477359084 1.382765937 1.518162308 1.522315497 1.376920542 1.379350926 1.377757955 1.395961338 1.099140966 1.250056678 1.251852585 1.207962003 1.278226891 1.523308138 1.553572842 0.963305062 1.051920832 1.008024039 1.057018036 0.652149550 0.000000000 0.698749790 0.650462350 0.789222156 0.695618941 1.830720438 1.268285620 1.505724865 1.443177390 1.359260908 1.347744868 1.347697995 1.360560063 1.318434197 1.327020762 1.345858493 1.320408419 1.188626863 1.290764062 1.286475359 1.539190217 1.487717643 1.480667773 1.493728319 1.802445118 1.853812688 4.468681807 
5     1.594582312 1.675824507 2.180456853 1.419422680 1.409986702 1.315166602 1.450926416 1.455079605 1.309684650 1.312115034 1.310522064 1.328588957 1.036763404 1.186699298 1.188495205 1.144633858 1.214898747 1.459975633 1.490240337 0.899718481 0.989792966 0.945361788 0.994104464 0.596900258 0.698749790 0.000000000 0.592634659 0.732107721 0.636365664 1.767841993 1.205407176 1.442846420 1.380298945 1.296382463 1.284866423 1.284819550 1.297681619 1.255555752 1.264142317 1.282980048 1.257529975 1.125748418 1.227885617 1.223596914 1.476564811 1.424044185 1.416985929 1.430759661 1.739819713 1.791187283 4.403933258 
21     1.498025136 1.579026013 2.083899677 1.326897343 1.317461365 1.222868218 1.358264589 1.362417778 1.217022823 1.219453207 1.217860236 1.236063620 0.940000795 1.090420982 1.092216889 1.048314677 1.118579565 1.362903305 1.393168008 0.802465175 0.893405679 0.848995288 0.898881431 0.492674851 0.650462350 0.592634659 0.000000000 0.629909476 0.537912251 1.670956391 1.108561428 1.346000672 1.283453197 1.199536715 1.188020675 1.187973802 1.200835871 1.158710004 1.167296570 1.186134300 1.160684227 1.028902670 1.131039869 1.126751166 1.379982362 1.328509788 1.321459918 1.334520464 1.643172057 1.694539627 4.309509314 
24     1.612622252 1.693713592 2.198496794 1.440014365 1.430578387 1.335985240 1.471381611 1.475534800 1.330139845 1.332570229 1.330977258 1.349180641 1.052796682 1.203426084 1.205221991 1.161275731 1.231540619 1.477858055 1.508122759 0.917288995 1.006584566 0.962174175 1.010835175 0.614726117 0.789222156 0.732107721 0.629909476 0.000000000 0.410561487 1.785633265 1.223078009 1.460343858 1.397796383 1.313879901 1.302363861 1.302316988 1.315179056 1.273053190 1.281933589 1.300771320 1.275321247 1.143539690 1.245676889 1.241388186 1.494514272 1.443041698 1.435991828 1.449052374 1.757769173 1.809136743 4.424106430 
39     1.520289389 1.601380729 2.106163931 1.348171942 1.338735964 1.244142817 1.379539188 1.383692377 1.238297422 1.240727806 1.239134836 1.257338219 0.960991999 1.111133731 1.112929638 1.068983379 1.139248267 1.385947942 1.416212646 0.825377458 0.913685380 0.869696176 0.918773058 0.521174930 0.695618941 0.636365664 0.537912251 0.410561487 0.000000000 1.693473798 1.130745146 1.368184390 1.305636915 1.221720433 1.210204393 1.210157520 1.223019589 1.180893722 1.189774122 1.208611852 1.183161779 1.051380223 1.153517422 1.149228718 1.402181409 1.350708835 1.343658965 1.356719511 1.665436310 1.716803880 4.331773567 
40     1.876824144 1.958396478 2.461843944 1.951978125 1.942542147 1.848187052 1.983443310 1.987598784 1.842354057 1.844759827 1.843166856 1.861080481 1.567596573 1.844892591 1.847021431 1.800296870 1.873217696 2.108832320 2.139200378 1.550803512 1.631539221 1.587374883 1.641273304 1.539622280 1.830720438 1.767841993 1.670956391 1.785633265 1.693473798 0.000000000 1.295178069 1.517254984 1.454806234 1.374048189 1.363230875 1.362612240 1.376467952 1.333998728 1.339130670 1.356509826 1.331142856 1.199870467 1.301355414 1.297066711 1.728430835 1.684449990 1.677400121 1.688369344 1.986406938 2.037774508 4.669808394 
33     1.311483590 1.392951665 1.898822225 1.389336968 1.379900989 1.285545894 1.420802152 1.424957626 1.279712899 1.282118669 1.280525698 1.298439323 0.996375806 1.282665301 1.284794142 1.238069581 1.310990407 1.544178274 1.574546333 0.985911436 1.065421700 1.021253023 1.074730758 0.977227316 1.268285620 1.205407176 1.108561428 1.223078009 1.130745146 1.295178069 0.000000000 0.909442544 0.847008916 0.758521859 0.747046589 0.747113597 0.760399458 0.717882416 0.735428626 0.752770846 0.727245588 0.595979383 0.697421657 0.693132954 1.177850303 1.133233953 1.126184083 1.137181223 1.435149511 1.486517081 4.110394895 
7     1.552578340 1.634150674 2.137250886 1.628148926 1.618712948 1.524357853 1.659614111 1.663769585 1.518524858 1.520930628 1.519337657 1.537251282 1.239765463 1.519377165 1.521506005 1.474846682 1.547702270 1.784373854 1.814688981 1.225211393 1.305652562 1.261483885 1.315014159 1.214828925 1.505724865 1.442846420 1.346000672 1.460343858 1.368184390 1.517254984 0.909442544 0.000000000 0.332442532 0.897496794 0.886441907 0.886545080 0.899300292 0.856896126 0.884778384 0.901524812 0.876332578 0.744347576 0.845787405 0.841494653 1.409936553 1.365522687 1.358472817 1.369421483 1.667211181 1.718578751 4.348249693 
47     1.488779710 1.570352044 2.071492805 1.565782202 1.556346224 1.461991129 1.597247386 1.601402861 1.456158134 1.458563904 1.456970933 1.474884557 1.177210700 1.456816377 1.458945218 1.412285894 1.485141482 1.721744932 1.752030438 1.162658486 1.243091775 1.198923097 1.252453372 1.152281450 1.443177390 1.380298945 1.283453197 1.397796383 1.305636915 1.454806234 0.847008916 0.332442532 0.000000000 0.834755352 0.823699577 0.823802750 0.836626597 0.794222431 0.822681135 0.839427563 0.814235329 0.682288525 0.783728353 0.779435601 1.347445648 1.303031782 1.295981912 1.306930578 1.604720276 1.656087846 4.285033205 
20     1.404389107 1.485961441 1.991646429 1.478846277 1.469410298 1.375055203 1.510311461 1.514466935 1.369222208 1.371627978 1.370035007 1.387948632 1.090548141 1.373100384 1.375229225 1.328569902 1.401425489 1.638052463 1.668372903 1.079556219 1.159122755 1.114954078 1.168484352 1.068364968 1.359260908 1.296382463 1.199536715 1.313879901 1.221720433 1.374048189 0.758521859 0.897496794 0.834755352 0.000000000 0.313840056 0.307469509 0.310082215 0.273668938 0.739942779 0.756879560 0.731554914 0.599193720 0.700392765 0.696104269 1.263143382 1.218558790 1.211508920 1.222457586 1.519821528 1.571189098 4.199676073 
31     1.393253972 1.474826306 1.980511294 1.467330236 1.457894258 1.363539163 1.498795421 1.502950895 1.357706168 1.360111938 1.358518967 1.376432592 1.079032100 1.361584344 1.363713185 1.317053861 1.389909449 1.626536422 1.656856863 1.068040179 1.147606715 1.103438038 1.156968312 1.056848928 1.347744868 1.284866423 1.188020675 1.302363861 1.210204393 1.363230875 0.747046589 0.886441907 0.823699577 0.313840056 0.000000000 0.259341185 0.288182950 0.246490961 0.728334339 0.745291984 0.719967338 0.587605950 0.688806090 0.684517594 1.251548556 1.206963963 1.199914094 1.210862759 1.508226701 1.559594272 4.188317061 
48     1.392747407 1.474319741 1.980004729 1.467283363 1.457847385 1.363492290 1.498748547 1.502904022 1.357659295 1.360065065 1.358472094 1.376385719 1.078985227 1.361537471 1.363666312 1.317006988 1.389862576 1.626489549 1.656809990 1.067993306 1.147559842 1.103391165 1.156921439 1.056802055 1.347697995 1.284819550 1.187973802 1.302316988 1.210157520 1.362612240 0.747113597 0.886545080 0.823802750 0.307469509 0.259341185 0.000000000 0.276737967 0.237687259 0.728466477 0.745403258 0.720078612 0.587717418 0.688916463 0.684627967 1.251501683 1.206917090 1.199867221 1.210815886 1.508179828 1.559547398 4.188034373 
22     1.406324573 1.487896907 1.993581896 1.480325706 1.470889728 1.376534632 1.511790890 1.515946364 1.370701637 1.373107407 1.371514437 1.389428061 1.092027570 1.374060560 1.376189401 1.329530077 1.402302414 1.639360437 1.669680878 1.080864194 1.160358822 1.116190145 1.169720419 1.069664123 1.360560063 1.297681619 1.200835871 1.315179056 1.223019589 1.376467952 0.760399458 0.899300292 0.836626597 0.310082215 0.288182950 0.276737967 0.000000000 0.162336836 0.741758508 0.758716153 0.733391507 0.600933208 0.702137027 0.697848530 1.264619571 1.220034978 1.212985109 1.223933774 1.521297716 1.572665287 4.201387662 
41     1.363943301 1.445515635 1.951200623 1.438019565 1.428583587 1.334228492 1.469484750 1.473640224 1.328395497 1.330801267 1.329208296 1.347121921 1.049721429 1.332273673 1.334402514 1.287743190 1.360598778 1.597225751 1.627546192 1.038729508 1.118296044 1.074127367 1.127657641 1.027538257 1.318434197 1.255555752 1.158710004 1.273053190 1.180893722 1.333998728 0.717882416 0.856896126 0.794222431 0.273668938 0.246490961 0.237687259 0.162336836 0.000000000 0.699253683 0.716211328 0.690886682 0.558433157 0.659632202 0.655343705 1.222237885 1.177653292 1.170603423 1.181552088 1.478916030 1.530283601 4.159006390 
37     1.373336072 1.454908406 1.957639687 1.448202105 1.438766126 1.344411031 1.479667289 1.483822763 1.338717867 1.341123638 1.339530667 1.357304460 1.060298661 1.337681202 1.339810043 1.294322828 1.366198838 1.604403396 1.634544664 1.045161554 1.127153801 1.082985123 1.136491883 1.036124822 1.327020762 1.264142317 1.167296570 1.281933589 1.189774122 1.339130670 0.735428626 0.884778384 0.822681135 0.739942779 0.728334339 0.728466477 0.741758508 0.699253683 0.000000000 0.432007268 0.409163368 0.431223751 0.527304151 0.523014632 1.229981828 1.186299925 1.179250056 1.190198721 1.488557317 1.539924887 4.169279634 
4     1.391606056 1.473178390 1.975909670 1.466811145 1.457375167 1.363020072 1.498276330 1.502431804 1.357326908 1.359732678 1.358139708 1.375913501 1.079111045 1.358761260 1.360890101 1.314230778 1.387086365 1.624019310 1.654160578 1.065568319 1.146202262 1.102033584 1.155611073 1.054962553 1.345858493 1.282980048 1.186134300 1.300771320 1.208611852 1.356509826 0.752770846 0.901524812 0.839427563 0.756879560 0.745291984 0.745403258 0.758716153 0.716211328 0.432007268 0.000000000 0.235265598 0.446893107 0.543678806 0.539383470 1.248502432 1.204073851 1.197023982 1.207972648 1.506319686 1.557687256 4.187294871 
6     1.366155982 1.447728316 1.950459597 1.441361072 1.431925094 1.337569999 1.472826256 1.476981730 1.331876835 1.334282605 1.332689634 1.350463427 1.053660971 1.333311187 1.335440027 1.288780704 1.361636292 1.598569237 1.628710505 1.040118246 1.120752188 1.076583511 1.130161000 1.029512479 1.320408419 1.257529975 1.160684227 1.275321247 1.183161779 1.331142856 0.727245588 0.876332578 0.814235329 0.731554914 0.719967338 0.720078612 0.733391507 0.690886682 0.409163368 0.235265598 0.000000000 0.421310125 0.518232284 0.513936948 1.223052359 1.178623778 1.171573909 1.182522574 1.480869613 1.532237183 4.161844797 
34     1.234624819 1.316197153 1.819312340 1.309833693 1.300397715 1.206042619 1.341298877 1.345454351 1.200349455 1.202755226 1.201162255 1.218936048 0.921487321 1.201842176 1.203971017 1.157311694 1.230167281 1.465293893 1.495420341 0.907605961 0.989131034 0.944962357 0.998492631 0.897730923 1.188626863 1.125748418 1.028902670 1.143539690 1.051380223 1.199870467 0.595979383 0.744347576 0.682288525 0.599193720 0.587605950 0.587717418 0.600933208 0.558433157 0.431223751 0.446893107 0.421310125 0.000000000 0.317838192 0.312976834 1.091586757 1.047128184 1.040078314 1.051026980 1.348961676 1.400329246 4.030191273 
12     1.336475698 1.418048032 1.921163219 1.411736248 1.402300269 1.307945174 1.443201432 1.447356906 1.302252010 1.304657780 1.303064810 1.320838603 1.023537367 1.303693056 1.305821896 1.259162573 1.332018161 1.568445632 1.598481413 1.009994642 1.091266864 1.047098187 1.100628461 0.999868122 1.290764062 1.227885617 1.131039869 1.245676889 1.153517422 1.301355414 0.697421657 0.845787405 0.783728353 0.700392765 0.688806090 0.688916463 0.702137027 0.659632202 0.527304151 0.543678806 0.518232284 0.317838192 0.000000000 0.127321653 1.193407644 1.148979063 1.141929194 1.152877859 1.450812556 1.502180126 4.132042153 
8     1.332186995 1.413759329 1.916874516 1.407447544 1.398011566 1.303656471 1.438912728 1.443068202 1.297963307 1.300369077 1.298776106 1.316549899 1.019248664 1.299404352 1.301533193 1.254873870 1.327729457 1.564156929 1.594192710 1.005705938 1.086978161 1.042809483 1.096339757 0.995579418 1.286475359 1.223596914 1.126751166 1.241388186 1.149228718 1.297066711 0.693132954 0.841494653 0.779435601 0.696104269 0.684517594 0.684627967 0.697848530 0.655343705 0.523014632 0.539383470 0.513936948 0.312976834 0.127321653 0.000000000 1.189118940 1.144690360 1.137640490 1.148589156 1.446523852 1.497891422 4.127753449 
16     1.436999242 1.519441613 2.020507335 1.659172586 1.649736608 1.555385090 1.690641348 1.694796822 1.549552095 1.551957865 1.550364895 1.568021234 1.263865699 1.542776510 1.544905351 1.498749122 1.571640720 1.816967136 1.847373468 1.259657138 1.336749227 1.292595201 1.347159994 1.247617823 1.539190217 1.476564811 1.379982362 1.494514272 1.402181409 1.728430835 1.177850303 1.409936553 1.347445648 1.263143382 1.251548556 1.251501683 1.264619571 1.222237885 1.229981828 1.248502432 1.223052359 1.091586757 1.193407644 1.189118940 0.000000000 0.936576876 0.929527006 0.940717566 1.290761603 1.342480609 4.245429245 
35     1.394772569 1.476571601 1.976980478 1.613417754 1.603981776 1.509630259 1.644886517 1.649041991 1.503797264 1.506203034 1.504610063 1.522266403 1.222912447 1.493478996 1.495607837 1.449451607 1.522343206 1.767364572 1.797770905 1.208758942 1.286770441 1.242622391 1.295346128 1.198739288 1.487717643 1.424044185 1.328509788 1.443041698 1.350708835 1.684449990 1.133233953 1.365522687 1.303031782 1.218558790 1.206963963 1.206917090 1.220034978 1.177653292 1.186299925 1.204073851 1.178623778 1.047128184 1.148979063 1.144690360 0.936576876 0.000000000 0.117260469 0.456055114 1.235584041 1.287261831 4.191438116 
46     1.387722700 1.469521731 1.969930609 1.606367885 1.596931907 1.502580390 1.637836647 1.641992121 1.496747394 1.499153165 1.497560194 1.515216534 1.215862577 1.486429127 1.488557967 1.442401738 1.515293337 1.760314703 1.790721036 1.201709072 1.279720572 1.235572521 1.288296259 1.191689419 1.480667773 1.416985929 1.321459918 1.435991828 1.343658965 1.677400121 1.126184083 1.358472817 1.295981912 1.211508920 1.199914094 1.199867221 1.212985109 1.170603423 1.179250056 1.197023982 1.171573909 1.040078314 1.141929194 1.137640490 0.929527006 0.117260469 0.000000000 0.449094078 1.228534171 1.280211962 4.184388246 
28     1.399813374 1.481612405 1.983526248 1.618598205 1.609162227 1.514810710 1.650066967 1.654222441 1.508977715 1.511383485 1.509790514 1.527446854 1.227835387 1.498652729 1.500781569 1.454623986 1.527516939 1.773368555 1.803774888 1.214762924 1.292733004 1.248584954 1.301308691 1.204723407 1.493728319 1.430759661 1.334520464 1.449052374 1.356719511 1.688369344 1.137181223 1.369421483 1.306930578 1.222457586 1.210862759 1.210815886 1.223933774 1.181552088 1.190198721 1.207972648 1.182522574 1.051026980 1.152877859 1.148589156 0.940717566 0.456055114 0.449094078 0.000000000 1.238307494 1.289985284 4.196204912 
15     1.708436332 1.790105580 2.292105724 1.919869974 1.910433996 1.816082479 1.951338736 1.955494210 1.810249483 1.812655254 1.811062283 1.828718623 1.529205398 1.807283631 1.809412472 1.763254889 1.836147841 2.077827002 2.108233335 1.521725665 1.599163408 1.555013181 1.609231120 1.510793912 1.802445118 1.739819713 1.643172057 1.757769173 1.665436310 1.986406938 1.435149511 1.667211181 1.604720276 1.519821528 1.508226701 1.508179828 1.521297716 1.478916030 1.488557317 1.506319686 1.480869613 1.348961676 1.450812556 1.446523852 1.290761603 1.235584041 1.228534171 1.238307494 0.000000000 0.230756221 4.499108172 
10     1.759803902 1.841473150 2.343473294 1.971237544 1.961801566 1.867450049 2.002706306 2.006861781 1.861617054 1.864022824 1.862429853 1.880086193 1.580572968 1.858651201 1.860780042 1.814622459 1.887515412 2.129194573 2.159600905 1.573093235 1.650530978 1.606380751 1.660598691 1.562161482 1.853812688 1.791187283 1.694539627 1.809136743 1.716803880 2.037774508 1.486517081 1.718578751 1.656087846 1.571189098 1.559594272 1.559547398 1.572665287 1.530283601 1.539924887 1.557687256 1.532237183 1.400329246 1.502180126 1.497891422 1.342480609 1.287261831 1.280211962 1.289985284 0.230756221 0.000000000 4.550475742 
0     4.231296341 4.309981673 4.810012378 4.592587140 4.583151161 4.488799644 4.624055902 4.628211376 4.482966649 4.485372419 4.483779449 4.501435788 4.189170100 4.476489153 4.478617994 4.432460411 4.505353363 4.737938519 4.768344852 4.187705550 4.267836417 4.223932804 4.276328471 4.162461972 4.468681807 4.403933258 4.309509314 4.424106430 4.331773567 4.669808394 4.110394895 4.348249693 4.285033205 4.199676073 4.188317061 4.188034373 4.201387662 4.159006390 4.169279634 4.187294871 4.161844797 4.030191273 4.132042153 4.127753449 4.245429245 4.191438116 4.184388246 4.196204912 4.499108172 4.550475742 0.000000000 
