51
3     0.000000000 0.004199100 0.006186540 0.011829590 0.011925450 0.010833470 0.012779580 0.012155250 0.010152280 0.010304830 0.010578610 0.010430800 0.008940810 0.009228120 0.009375200 0.009370770 0.009292520 0.011744780 0.014063760 0.007793880 0.009652750 0.010933310 0.011321870 0.008317640 0.009306740 0.011070680 0.009758250 0.011007830 0.009309420 0.012214550 0.007990210 0.009494150 0.009011970 0.009103750 0.008940350 0.010921230 0.008961310 0.008898570 0.010441150 0.009360550 0.008869510 0.009241330 0.010050890 0.010021740 0.007345950 0.009026370 0.008978590 0.008591100 0.012286330 0.012887500 0.029718120 
1     0.004199100 0.000000000 0.000145520 0.011721710 0.011817570 0.010725590 0.012671700 0.012047370 0.010044400 0.010196950 0.010470730 0.010322920 0.010686320 0.009120240 0.009267320 0.009262890 0.009184640 0.014520520 0.013955880 0.007686000 0.010511180 0.010825430 0.002829940 0.000033260 0.003318670 0.003955650 0.009650370 0.002944130 0.002923030 0.014870730 0.007979550 0.012412930 0.012153820 0.010283250 0.010539480 0.010849530 0.009985230 0.009939570 0.008395560 0.010567830 0.010409090 0.009170820 0.009943010 0.009913860 0.009817800 0.008918490 0.008870710 0.009620280 0.012178450 0.012779620 0.006492520 
2     0.006186540 0.000145520 0.000000000 0.015014130 0.014072570 0.015093900 0.017584110 0.017135070 0.014231380 0.013750260 0.014382840 0.015330370 0.009099630 0.017676650 0.017823730 0.015367930 0.015008540 0.011903600 0.018048310 0.008903870 0.009811570 0.011619450 0.002972700 0.000176020 0.003461430 0.004098410 0.011711020 0.003086890 0.003065790 0.012373370 0.008149030 0.009652970 0.009170790 0.009262570 0.009099170 0.011080050 0.009120130 0.009057390 0.011307590 0.009519370 0.009028330 0.009400150 0.010307530 0.010841420 0.007504770 0.009727530 0.010168320 0.008749920 0.012671630 0.015569320 0.038248000 
43     0.011829590 0.011721710 0.015014130 0.000000000 0.000000590 0.003451080 0.008459970 0.005271730 0.004243930 0.004396480 0.004670260 0.005796800 0.012912200 0.011133950 0.011281030 0.011276600 0.011198350 0.015716170 0.015969590 0.009699710 0.013235010 0.012731300 0.012977310 0.010223470 0.011212570 0.012976510 0.011664080 0.012937550 0.011215250 0.017878340 0.011108020 0.015157940 0.014675760 0.014149160 0.014405390 0.014715440 0.013851140 0.013805480 0.014199180 0.014433740 0.014275000 0.013036730 0.013808920 0.013779770 0.013170020 0.012679880 0.012632100 0.013381670 0.015939840 0.016541010 0.042041550 
38     0.011925450 0.011817570 0.014072570 0.000000590 0.000000000 0.003546940 0.005700690 0.002512450 0.004228730 0.003747610 0.004380190 0.006372690 0.011970640 0.011229810 0.009287720 0.011372460 0.011294210 0.014774610 0.011319160 0.009795570 0.012682580 0.012360550 0.012606560 0.010319330 0.011308430 0.013072370 0.011759940 0.013033410 0.011311110 0.016936780 0.010737270 0.014216380 0.013734200 0.013825980 0.013662580 0.014811300 0.013683540 0.013620800 0.014295040 0.014082780 0.013591740 0.013132590 0.013904780 0.013875630 0.012228460 0.012775740 0.012727960 0.013473610 0.016035700 0.016636870 0.042137410 
29     0.010833470 0.010725590 0.015093900 0.003451080 0.003546940 0.000000000 0.000111260 0.000111380 0.003247810 0.002000050 0.003650900 0.000205360 0.012991970 0.004243490 0.000619310 0.010280480 0.010202230 0.015538110 0.002650750 0.008703590 0.011898060 0.011394350 0.011640360 0.009227350 0.010216450 0.011980390 0.010667960 0.011941430 0.010219130 0.017958110 0.009771070 0.015237710 0.014755530 0.013153040 0.013409270 0.013719320 0.012855020 0.012809360 0.013203060 0.013437620 0.013278880 0.012040610 0.012812800 0.012783650 0.012583070 0.011683760 0.011635980 0.012385550 0.014943720 0.015544890 0.041045430 
27     0.012779580 0.012671700 0.017584110 0.008459970 0.005700690 0.000111260 0.000000000 0.000000000 0.004182770 0.007100850 0.006227750 0.000094380 0.015482180 0.004132230 0.000508050 0.010692340 0.012148340 0.015903720 0.002539490 0.010649700 0.015327080 0.014962600 0.015208610 0.011173460 0.012162560 0.013926500 0.012614070 0.013887540 0.012165240 0.020279340 0.013339320 0.017727920 0.013699360 0.015099150 0.015355380 0.015665430 0.014801130 0.014755470 0.015149170 0.015383730 0.015224990 0.013986720 0.014758910 0.014729760 0.014529180 0.013629870 0.013582090 0.014331660 0.016889830 0.017491000 0.042991540 
32     0.012155250 0.012047370 0.017135070 0.005271730 0.002512450 0.000111380 0.000000000 0.000000000 0.004182890 0.003598640 0.004711570 0.000094500 0.014877890 0.004132350 0.000508170 0.010692460 0.011524010 0.015903720 0.002539610 0.010025370 0.014702750 0.015017000 0.015474460 0.010549130 0.011538230 0.013302170 0.011989740 0.013263210 0.011540910 0.019655010 0.013990020 0.017200390 0.013699360 0.014474820 0.014731050 0.015041100 0.014176800 0.014131140 0.014524840 0.014759400 0.014600660 0.013362390 0.014134580 0.014105430 0.013904850 0.013005540 0.012957760 0.013707330 0.016265500 0.016866670 0.042367210 
36     0.010152280 0.010044400 0.014231380 0.004243930 0.004228730 0.003247810 0.004182770 0.004182890 0.000000000 0.001374150 0.001197680 0.004088390 0.012129450 0.008315000 0.004690820 0.009599290 0.009521040 0.014856920 0.006722260 0.008022400 0.012699780 0.013014030 0.013434930 0.008546160 0.009535260 0.011299200 0.009986770 0.011260240 0.009537940 0.017095590 0.011565640 0.014375190 0.013893010 0.012471850 0.012728080 0.013038130 0.012173830 0.012128170 0.012521870 0.012756430 0.012597690 0.011359420 0.012131610 0.012102460 0.011901880 0.011002570 0.010954790 0.011704360 0.014262530 0.014863700 0.040364240 
45     0.010304830 0.010196950 0.013750260 0.004396480 0.003747610 0.002000050 0.007100850 0.003598640 0.001374150 0.000000000 0.000000980 0.003459010 0.011648330 0.009609190 0.009756270 0.009751840 0.009673590 0.014452300 0.014444830 0.008174950 0.011488850 0.010985140 0.011231150 0.008698710 0.009687810 0.011451750 0.010139320 0.011412790 0.009690490 0.016614470 0.009361860 0.013894070 0.013411890 0.012624400 0.012880630 0.013190680 0.012326380 0.012280720 0.012674420 0.012908980 0.012750240 0.011511970 0.012284160 0.012255010 0.011906150 0.011155120 0.011107340 0.011856910 0.014415080 0.015016250 0.040516790 
18     0.010578610 0.010470730 0.014382840 0.004670260 0.004380190 0.003650900 0.006227750 0.004711570 0.001197680 0.000000980 0.000000000 0.003459770 0.012280910 0.009882970 0.010030050 0.010025620 0.009947370 0.015084880 0.014718610 0.008448730 0.010204840 0.009701130 0.009947140 0.008972490 0.009961590 0.011725530 0.010413100 0.011686570 0.009964270 0.017247050 0.008077850 0.014163250 0.014044470 0.012898180 0.013154410 0.013464460 0.012600160 0.012554500 0.012948200 0.013182760 0.013024020 0.011785750 0.012557940 0.012528790 0.012328210 0.011428900 0.011381120 0.012130690 0.014688860 0.015290030 0.040790570 
23     0.010430800 0.010322920 0.015330370 0.005796800 0.006372690 0.000205360 0.000094380 0.000094500 0.004088390 0.003459010 0.003459770 0.000000000 0.013153440 0.004226610 0.000602430 0.009877810 0.009799560 0.015135440 0.002633870 0.008300920 0.012209610 0.011705900 0.011951910 0.008824680 0.009813780 0.011577720 0.010265290 0.011538760 0.009816460 0.017930560 0.010082620 0.015474180 0.013578460 0.012750370 0.013006600 0.013316650 0.012452350 0.012406690 0.012800390 0.013034950 0.012876210 0.011637940 0.012410130 0.012380980 0.012180400 0.011281090 0.011233310 0.011982880 0.014541050 0.015142220 0.040642760 
11     0.008940810 0.010686320 0.009099630 0.012912200 0.011970640 0.012991970 0.015482180 0.014877890 0.012129450 0.011648330 0.012280910 0.013153440 0.000000000 0.011950760 0.012097840 0.001828590 0.002847900 0.008344950 0.014489660 0.005345220 0.006252920 0.006818370 0.007275830 0.002921530 0.004336230 0.012461310 0.004752180 0.004313650 0.003887840 0.011963840 0.007739500 0.009243440 0.008761260 0.008311470 0.008567700 0.008877750 0.008013450 0.007967790 0.008361490 0.008596050 0.008437310 0.007199040 0.007971230 0.007942080 0.007255520 0.009478280 0.009919070 0.008500670 0.014463670 0.015320070 0.034869620 
9     0.009228120 0.009120240 0.017676650 0.011133950 0.011229810 0.004243490 0.004132230 0.004132350 0.008315000 0.009609190 0.009882970 0.004226610 0.011950760 0.000000000 0.000195490 0.000951750 0.004650540 0.011582460 0.006669720 0.004747940 0.008994270 0.008490560 0.008424910 0.006453940 0.007443040 0.009206980 0.007894550 0.009168020 0.007445720 0.016727880 0.008049660 0.014135060 0.013418260 0.011547690 0.011803920 0.012113970 0.011249670 0.011204010 0.011597710 0.011832270 0.011673530 0.010435260 0.011207450 0.011178300 0.010977720 0.010078410 0.010030630 0.010780200 0.013338370 0.013939540 0.009958830 
44     0.009375200 0.009267320 0.017823730 0.011281030 0.009287720 0.000619310 0.000508050 0.000508170 0.004690820 0.009756270 0.010030050 0.000602430 0.012097840 0.000195490 0.000000000 0.001147220 0.002751340 0.011729540 0.003045540 0.004895020 0.008648540 0.008144830 0.008079180 0.006601020 0.007590120 0.009354060 0.008041630 0.009315100 0.007592800 0.016874960 0.007703930 0.013789330 0.013565340 0.011694770 0.011951000 0.012261050 0.011396750 0.011351090 0.011744790 0.011979350 0.011820610 0.010582340 0.011354530 0.011325380 0.011124800 0.010225490 0.010177710 0.010927280 0.013485450 0.014086620 0.039587160 
49     0.009370770 0.009262890 0.015367930 0.011276600 0.011372460 0.010280480 0.010692340 0.010692460 0.009599290 0.009751840 0.010025620 0.009877810 0.001828590 0.000951750 0.001147220 0.000000000 0.000890610 0.012030270 0.012342710 0.006072830 0.010667640 0.009620000 0.007676670 0.004597060 0.006934770 0.008698710 0.006427710 0.007860300 0.006195820 0.016870530 0.010462070 0.014415910 0.013560910 0.011690340 0.011946570 0.012256620 0.011392320 0.011346660 0.011740360 0.011974920 0.011816180 0.010577910 0.011350100 0.011320950 0.011120370 0.010221060 0.010173280 0.010922850 0.013481020 0.014082190 0.003376410 
25     0.009292520 0.009184640 0.015008540 0.011198350 0.011294210 0.010202230 0.012148340 0.011524010 0.009521040 0.009673590 0.009947370 0.009799560 0.002847900 0.004650540 0.002751340 0.000890610 0.000000000 0.011646860 0.011082220 0.004812340 0.010308250 0.010737510 0.008794180 0.005616370 0.007507440 0.009271380 0.007447020 0.008879610 0.007215130 0.016792280 0.010804630 0.014337660 0.013482660 0.011612090 0.011868320 0.012178370 0.011314070 0.011268410 0.011662110 0.011896670 0.011737930 0.010499660 0.011271850 0.011242700 0.011042120 0.010142810 0.010095030 0.010844600 0.013402770 0.014003940 0.002114450 
19     0.011744780 0.014520520 0.011903600 0.015716170 0.014774610 0.015538110 0.015903720 0.015903720 0.014856920 0.014452300 0.015084880 0.015135440 0.008344950 0.011582460 0.011729540 0.012030270 0.011646860 0.000000000 0.000033840 0.005550780 0.007203310 0.009011190 0.008872430 0.008748720 0.012843320 0.000792450 0.011158100 0.010613730 0.010937350 0.014767810 0.010543470 0.012047410 0.002548920 0.011657010 0.011493610 0.013474490 0.011514570 0.011451830 0.013702030 0.011913810 0.011422770 0.011794590 0.012701970 0.013235860 0.010059490 0.012282250 0.012723040 0.011304640 0.017267640 0.018124040 0.020012230 
30     0.014063760 0.013955880 0.018048310 0.015969590 0.011319160 0.002650750 0.002539490 0.002539610 0.006722260 0.014444830 0.014718610 0.002633870 0.014489660 0.006669720 0.003045540 0.012342710 0.011082220 0.000033840 0.000000000 0.002237040 0.012567800 0.012064090 0.011998440 0.011289580 0.012278680 0.012696130 0.012730190 0.014003660 0.012281360 0.020570590 0.011623190 0.017708590 0.014452600 0.016383330 0.016639560 0.016949610 0.016085310 0.016039650 0.016433350 0.016667910 0.016509170 0.015270900 0.016043090 0.016013940 0.015813360 0.014914050 0.014866270 0.015615840 0.018174010 0.018775180 0.019214460 
50     0.007793880 0.007686000 0.008903870 0.009699710 0.009795570 0.008703590 0.010649700 0.010025370 0.008022400 0.008174950 0.008448730 0.008300920 0.005345220 0.004747940 0.004895020 0.006072830 0.004812340 0.005550780 0.002237040 0.000000000 0.004203580 0.005782480 0.005716830 0.005019700 0.006008800 0.005058480 0.000012850 0.007614000 0.006011480 0.011768080 0.005341580 0.009047680 0.008219990 0.008657280 0.008493880 0.010474760 0.008514840 0.008452100 0.010163470 0.008914080 0.008423040 0.008794860 0.009702240 0.009744060 0.007059760 0.008644170 0.008596390 0.008304910 0.011904130 0.012505300 0.023347310 
26     0.009652750 0.010511180 0.009811570 0.013235010 0.012682580 0.011898060 0.015327080 0.014702750 0.012699780 0.011488850 0.010204840 0.012209610 0.006252920 0.008994270 0.008648540 0.010667640 0.010308250 0.007203310 0.012567800 0.004203580 0.000000000 0.001472220 0.002377910 0.006656690 0.008388060 0.013618180 0.009066070 0.008365480 0.007939670 0.012675780 0.006493830 0.009955380 0.009473200 0.008136330 0.008392560 0.008702610 0.007838310 0.007792650 0.008186350 0.008420910 0.008262170 0.007023900 0.007796090 0.007766940 0.007967460 0.010190220 0.010631010 0.009212610 0.014833830 0.015435000 0.025991450 
14     0.010933310 0.010825430 0.011619450 0.012731300 0.012360550 0.011394350 0.014962600 0.015017000 0.013014030 0.010985140 0.009701130 0.011705900 0.006818370 0.008490560 0.008144830 0.009620000 0.010737510 0.009011190 0.012064090 0.005782480 0.001472220 0.000000000 0.001003830 0.006577800 0.007013980 0.013932430 0.010873950 0.006991400 0.006565590 0.013630770 0.005990120 0.011176150 0.010321150 0.008450580 0.008706810 0.009016860 0.008152560 0.008106900 0.008500600 0.008735160 0.008576420 0.007338150 0.008110340 0.008081190 0.009775340 0.011888120 0.011840340 0.011020490 0.015148080 0.015749250 0.027003430 
13     0.011321870 0.002829940 0.002972700 0.012977310 0.012606560 0.011640360 0.015208610 0.015474460 0.013434930 0.011231150 0.009947140 0.011951910 0.007275830 0.008424910 0.008079180 0.007676670 0.008794180 0.008872430 0.011998440 0.005716830 0.002377910 0.001003830 0.000000000 0.002798140 0.006083550 0.006720530 0.007576840 0.005709010 0.005687910 0.014088230 0.006236130 0.011624500 0.010778610 0.008908040 0.009164270 0.009474320 0.008610020 0.008564360 0.008958060 0.009192620 0.009033880 0.007795610 0.008567800 0.008538650 0.009636580 0.011859340 0.012297800 0.010881730 0.015605540 0.016206710 0.018226800 
17     0.008317640 0.000033260 0.000176020 0.010223470 0.010319330 0.009227350 0.011173460 0.010549130 0.008546160 0.008698710 0.008972490 0.008824680 0.002921530 0.006453940 0.006601020 0.004597060 0.005616370 0.008748720 0.011289580 0.005019700 0.006656690 0.006577800 0.002798140 0.000000000 0.001479040 0.003922450 0.001900810 0.001456460 0.001030650 0.012165850 0.007941510 0.009445450 0.008963270 0.009055050 0.008891650 0.010872530 0.008912610 0.008849870 0.010687230 0.009311850 0.008820810 0.009192630 0.010100010 0.010267820 0.007457530 0.009167930 0.009120150 0.008702680 0.012427890 0.013029060 0.037639710 
42     0.009306740 0.003318670 0.003461430 0.011212570 0.011308430 0.010216450 0.012162560 0.011538230 0.009535260 0.009687810 0.009961590 0.009813780 0.004336230 0.007443040 0.007590120 0.006934770 0.007507440 0.012843320 0.012278680 0.006008800 0.008388060 0.007013980 0.006083550 0.001479040 0.000000000 0.000644480 0.000167420 0.000444700 0.000423600 0.016806500 0.010522850 0.014351880 0.013496880 0.011626310 0.011882540 0.012192590 0.011328290 0.011282630 0.011676330 0.011910890 0.011752150 0.010513880 0.011286070 0.011256920 0.011056340 0.010157030 0.010109250 0.010858820 0.013416990 0.014018160 0.039518700 
5     0.011070680 0.003955650 0.004098410 0.012976510 0.013072370 0.011980390 0.013926500 0.013302170 0.011299200 0.011451750 0.011725530 0.011577720 0.012461310 0.009206980 0.009354060 0.008698710 0.009271380 0.000792450 0.012696130 0.005058480 0.013618180 0.013932430 0.006720530 0.003922450 0.000644480 0.000000000 0.004062140 0.001081680 0.001060580 0.018570440 0.014013960 0.015963490 0.003302070 0.013390250 0.013646480 0.013956530 0.013092230 0.013046570 0.013440270 0.013674830 0.013516090 0.012277820 0.013050010 0.013020860 0.012820280 0.011920970 0.011873190 0.012622760 0.015180930 0.015782100 0.041282640 
21     0.009758250 0.009650370 0.011711020 0.011664080 0.011759940 0.010667960 0.012614070 0.011989740 0.009986770 0.010139320 0.010413100 0.010265290 0.004752180 0.007894550 0.008041630 0.006427710 0.007447020 0.011158100 0.012730190 0.000012850 0.009066070 0.010873950 0.007576840 0.001900810 0.000167420 0.004062140 0.000000000 0.006739790 0.004180490 0.014575230 0.010350890 0.011854830 0.011372650 0.011464430 0.011301030 0.012644100 0.011321990 0.011259250 0.012127840 0.011721230 0.011230190 0.010965390 0.011737580 0.011708430 0.009866910 0.010608540 0.010560760 0.011112060 0.013868500 0.014469670 0.037019860 
24     0.011007830 0.002944130 0.003086890 0.012937550 0.013033410 0.011941430 0.013887540 0.013263210 0.011260240 0.011412790 0.011686570 0.011538760 0.004313650 0.009168020 0.009315100 0.007860300 0.008879610 0.010613730 0.014003660 0.007614000 0.008365480 0.006991400 0.005709010 0.001456460 0.000444700 0.001081680 0.006739790 0.000000000 0.000049060 0.014030860 0.009806520 0.011310460 0.010828280 0.010920060 0.010756660 0.012737540 0.010777620 0.010714880 0.012965080 0.011176860 0.010685820 0.011057640 0.011965020 0.012498910 0.009322540 0.011545300 0.011834230 0.010567690 0.015141970 0.015743140 0.040902950 
39     0.009309420 0.002923030 0.003065790 0.011215250 0.011311110 0.010219130 0.012165240 0.011540910 0.009537940 0.009690490 0.009964270 0.009816460 0.003887840 0.007445720 0.007592800 0.006195820 0.007215130 0.010937350 0.012281360 0.006011480 0.007939670 0.006565590 0.005687910 0.001030650 0.000423600 0.001060580 0.004180490 0.000049060 0.000000000 0.014354480 0.010130140 0.011634080 0.011151900 0.011243680 0.011080280 0.012195270 0.011101240 0.011038500 0.011679010 0.011500480 0.011009440 0.010516560 0.011288750 0.011259600 0.009646160 0.010159710 0.010111930 0.010861500 0.013419670 0.014020840 0.039238470 
40     0.012214550 0.014870730 0.012373370 0.017878340 0.016936780 0.017958110 0.020279340 0.019655010 0.017095590 0.016614470 0.017247050 0.017930560 0.011963840 0.016727880 0.016874960 0.016870530 0.016792280 0.014767810 0.020570590 0.011768080 0.012675780 0.013630770 0.014088230 0.012165850 0.016806500 0.018570440 0.014575230 0.014030860 0.014354480 0.000000000 0.009305800 0.010809740 0.010327560 0.010419340 0.010255940 0.011860090 0.010276900 0.010214160 0.011343830 0.010676140 0.010185100 0.010181380 0.010953570 0.010924420 0.010529260 0.012752020 0.013192810 0.011774410 0.017737410 0.018593810 0.010313770 
33     0.007990210 0.007979550 0.008149030 0.011108020 0.010737270 0.009771070 0.013339320 0.013990020 0.011565640 0.009361860 0.008077850 0.010082620 0.007739500 0.008049660 0.007703930 0.010462070 0.010804630 0.010543470 0.011623190 0.005341580 0.006493830 0.005990120 0.006236130 0.007941510 0.010522850 0.014013960 0.010350890 0.009806520 0.010130140 0.009305800 0.000000000 0.006483200 0.006001020 0.001812810 0.001309940 0.007303610 0.003427840 0.005887620 0.000087000 0.001844480 0.005858560 0.002199400 0.002363780 0.004526200 0.006304920 0.008527680 0.008968470 0.007550070 0.013513070 0.014369470 0.003422590 
7     0.009494150 0.012412930 0.009652970 0.015157940 0.014216380 0.015237710 0.017727920 0.017200390 0.014375190 0.013894070 0.014163250 0.015474180 0.009243440 0.014135060 0.013789330 0.014415910 0.014337660 0.012047410 0.017708590 0.009047680 0.009955380 0.011176150 0.011624500 0.009445450 0.014351880 0.015963490 0.011854830 0.011310460 0.011634080 0.010809740 0.006483200 0.000000000 0.000170330 0.000421650 0.005455320 0.001916430 0.005053070 0.002146900 0.000584420 0.006754880 0.006263840 0.000551390 0.007255770 0.007226620 0.007808860 0.010031620 0.010472410 0.009054010 0.015017010 0.015873410 0.007855970 
47     0.009011970 0.012153820 0.009170790 0.014675760 0.013734200 0.014755530 0.013699360 0.013699360 0.013893010 0.013411890 0.014044470 0.013578460 0.008761260 0.013418260 0.013565340 0.013560910 0.013482660 0.002548920 0.014452600 0.008219990 0.009473200 0.010321150 0.010778610 0.008963270 0.013496880 0.003302070 0.011372650 0.010828280 0.011151900 0.010327560 0.006001020 0.000170330 0.000000000 0.000026860 0.004973140 0.002086620 0.000156930 0.000186720 0.000060640 0.006272700 0.005781660 0.000027610 0.006400770 0.006371620 0.007326680 0.009549440 0.009990230 0.008571830 0.014534830 0.015391230 0.008026160 
20     0.009103750 0.010283250 0.009262570 0.014149160 0.013825980 0.013153040 0.015099150 0.014474820 0.012471850 0.012624400 0.012898180 0.012750370 0.008311470 0.011547690 0.011694770 0.011690340 0.011612090 0.011657010 0.016383330 0.008657280 0.008136330 0.008450580 0.008908040 0.009055050 0.011626310 0.013390250 0.011464430 0.010920060 0.011243680 0.010419340 0.001812810 0.000421650 0.000026860 0.000000000 0.000002810 0.000246050 0.001469760 0.001424100 0.000035020 0.005155020 0.004996280 0.000001990 0.004530200 0.004501050 0.007418460 0.009641220 0.010082010 0.008663610 0.014605900 0.015207070 0.007498980 
31     0.008940350 0.010539480 0.009099170 0.014405390 0.013662580 0.013409270 0.015355380 0.014731050 0.012728080 0.012880630 0.013154410 0.013006600 0.008567700 0.011803920 0.011951000 0.011946570 0.011868320 0.011493610 0.016639560 0.008493880 0.008392560 0.008706810 0.009164270 0.008891650 0.011882540 0.013646480 0.011301030 0.010756660 0.011080280 0.010255940 0.001309940 0.005455320 0.004973140 0.000002810 0.000000000 0.000190160 0.000000060 0.000000060 0.001396900 0.003154380 0.005252510 0.003509300 0.003006360 0.002789110 0.007255060 0.009477820 0.009918610 0.008500210 0.014463210 0.015319610 0.016008240 
48     0.010921230 0.010849530 0.011080050 0.014715440 0.014811300 0.013719320 0.015665430 0.015041100 0.013038130 0.013190680 0.013464460 0.013316650 0.008877750 0.012113970 0.012261050 0.012256620 0.012178370 0.013474490 0.016949610 0.010474760 0.008702610 0.009016860 0.009474320 0.010872530 0.012192590 0.013956530 0.012644100 0.012737540 0.012195270 0.011860090 0.007303610 0.001916430 0.002086620 0.000246050 0.000190160 0.000000000 0.001093500 0.000462000 0.005486740 0.005721300 0.005562560 0.004324290 0.005096480 0.005067330 0.009235940 0.011458700 0.011864440 0.010481090 0.015172180 0.015773350 0.008273120 
22     0.008961310 0.009985230 0.009120130 0.013851140 0.013683540 0.012855020 0.014801130 0.014176800 0.012173830 0.012326380 0.012600160 0.012452350 0.008013450 0.011249670 0.011396750 0.011392320 0.011314070 0.011514570 0.016085310 0.008514840 0.007838310 0.008152560 0.008610020 0.008912610 0.011328290 0.013092230 0.011321990 0.010777620 0.011101240 0.010276900 0.003427840 0.005053070 0.000156930 0.001469760 0.000000060 0.001093500 0.000000000 0.000000000 0.003514800 0.004857000 0.004698260 0.003459990 0.004232180 0.004203030 0.007276020 0.009498780 0.009939570 0.008521170 0.014307880 0.014909050 0.011409760 
41     0.008898570 0.009939570 0.009057390 0.013805480 0.013620800 0.012809360 0.014755470 0.014131140 0.012128170 0.012280720 0.012554500 0.012406690 0.007967790 0.011204010 0.011351090 0.011346660 0.011268410 0.011451830 0.016039650 0.008452100 0.007792650 0.008106900 0.008564360 0.008849870 0.011282630 0.013046570 0.011259250 0.010714880 0.011038500 0.010214160 0.005887620 0.002146900 0.000186720 0.001424100 0.000000060 0.000462000 0.000000000 0.000000000 0.004576780 0.004811340 0.004652600 0.003414330 0.004186520 0.004157370 0.007213280 0.009436040 0.009876830 0.008458430 0.014262220 0.014863390 0.008503590 
37     0.010441150 0.008395560 0.011307590 0.014199180 0.014295040 0.013203060 0.015149170 0.014524840 0.012521870 0.012674420 0.012948200 0.012800390 0.008361490 0.011597710 0.011744790 0.011740360 0.011662110 0.013702030 0.016433350 0.010163470 0.008186350 0.008500600 0.008958060 0.010687230 0.011676330 0.013440270 0.012127840 0.012965080 0.011679010 0.011343830 0.000087000 0.000584420 0.000060640 0.000035020 0.001396900 0.005486740 0.003514800 0.004576780 0.000000000 0.001762020 0.000541120 0.000035730 0.002281320 0.004361750 0.009463480 0.011395960 0.011348180 0.010708630 0.014482150 0.015257090 0.003838600 
4     0.009360550 0.010567830 0.009519370 0.014433740 0.014082780 0.013437620 0.015383730 0.014759400 0.012756430 0.012908980 0.013182760 0.013034950 0.008596050 0.011832270 0.011979350 0.011974920 0.011896670 0.011913810 0.016667910 0.008914080 0.008420910 0.008735160 0.009192620 0.009311850 0.011910890 0.013674830 0.011721230 0.011176860 0.011500480 0.010676140 0.001844480 0.006754880 0.006272700 0.005155020 0.003154380 0.005721300 0.004857000 0.004811340 0.001762020 0.000000000 0.000000390 0.003455440 0.003619820 0.004596310 0.007675260 0.009898020 0.010338810 0.008920410 0.014883410 0.015491650 0.008010050 
6     0.008869510 0.010409090 0.009028330 0.014275000 0.013591740 0.013278880 0.015224990 0.014600660 0.012597690 0.012750240 0.013024020 0.012876210 0.008437310 0.011673530 0.011820610 0.011816180 0.011737930 0.011422770 0.016509170 0.008423040 0.008262170 0.008576420 0.009033880 0.008820810 0.011752150 0.013516090 0.011230190 0.010685820 0.011009440 0.010185100 0.005858560 0.006263840 0.005781660 0.004996280 0.005252510 0.005562560 0.004698260 0.004652600 0.000541120 0.000000390 0.000000000 0.003694530 0.004466720 0.004437570 0.007184220 0.009406980 0.009847770 0.008429370 0.014392370 0.015248770 0.014623850 
34     0.009241330 0.009170820 0.009400150 0.013036730 0.013132590 0.012040610 0.013986720 0.013362390 0.011359420 0.011511970 0.011785750 0.011637940 0.007199040 0.010435260 0.010582340 0.010577910 0.010499660 0.011794590 0.015270900 0.008794860 0.007023900 0.007338150 0.007795610 0.009192630 0.010513880 0.012277820 0.010965390 0.011057640 0.010516560 0.010181380 0.002199400 0.000551390 0.000027610 0.000001990 0.003509300 0.004324290 0.003459990 0.003414330 0.000035730 0.003455440 0.003694530 0.000000000 0.002129930 0.002100780 0.007556040 0.009778800 0.010185730 0.008801190 0.013493470 0.014094640 0.006812750 
12     0.010050890 0.009943010 0.010307530 0.013808920 0.013904780 0.012812800 0.014758910 0.014134580 0.012131610 0.012284160 0.012557940 0.012410130 0.007971230 0.011207450 0.011354530 0.011350100 0.011271850 0.012701970 0.016043090 0.009702240 0.007796090 0.008110340 0.008567800 0.010100010 0.011286070 0.013050010 0.011737580 0.011965020 0.011288750 0.010953570 0.002363780 0.007255770 0.006400770 0.004530200 0.003006360 0.005096480 0.004232180 0.004186520 0.002281320 0.003619820 0.004466720 0.002129930 0.000000000 0.000534820 0.008463420 0.010686180 0.010540270 0.009708570 0.014265660 0.014866830 0.013848590 
8     0.010021740 0.009913860 0.010841420 0.013779770 0.013875630 0.012783650 0.014729760 0.014105430 0.012102460 0.012255010 0.012528790 0.012380980 0.007942080 0.011178300 0.011325380 0.011320950 0.011242700 0.013235860 0.016013940 0.009744060 0.007766940 0.008081190 0.008538650 0.010267820 0.011256920 0.013020860 0.011708430 0.012498910 0.011259600 0.010924420 0.004526200 0.007226620 0.006371620 0.004501050 0.002789110 0.005067330 0.004203030 0.004157370 0.004361750 0.004596310 0.004437570 0.002100780 0.000534820 0.000000000 0.008997310 0.010976550 0.010323020 0.010242460 0.014236510 0.014837680 0.011452830 
16     0.007345950 0.009817800 0.007504770 0.013170020 0.012228460 0.012583070 0.014529180 0.013904850 0.011901880 0.011906150 0.012328210 0.012180400 0.007255520 0.010977720 0.011124800 0.011120370 0.011042120 0.010059490 0.015813360 0.007059760 0.007967460 0.009775340 0.009636580 0.007457530 0.011056340 0.012820280 0.009866910 0.009322540 0.009646160 0.010529260 0.006304920 0.007808860 0.007326680 0.007418460 0.007255060 0.009235940 0.007276020 0.007213280 0.009463480 0.007675260 0.007184220 0.007556040 0.008463420 0.008997310 0.000000000 0.002237900 0.004512670 0.004736070 0.003613930 0.003614910 0.010543060 
35     0.009026370 0.008918490 0.009727530 0.012679880 0.012775740 0.011683760 0.013629870 0.013005540 0.011002570 0.011155120 0.011428900 0.011281090 0.009478280 0.010078410 0.010225490 0.010221060 0.010142810 0.012282250 0.014914050 0.008644170 0.010190220 0.011888120 0.011859340 0.009167930 0.010157030 0.011920970 0.010608540 0.011545300 0.010159710 0.012752020 0.008527680 0.010031620 0.009549440 0.009641220 0.009477820 0.011458700 0.009498780 0.009436040 0.011395960 0.009898020 0.009406980 0.009778800 0.010686180 0.010976550 0.002237900 0.000000000 0.000114000 0.003284870 0.002581350 0.002582330 0.009888040 
46     0.008978590 0.008870710 0.010168320 0.012632100 0.012727960 0.011635980 0.013582090 0.012957760 0.010954790 0.011107340 0.011381120 0.011233310 0.009919070 0.010030630 0.010177710 0.010173280 0.010095030 0.012723040 0.014866270 0.008596390 0.010631010 0.011840340 0.012297800 0.009120150 0.010109250 0.011873190 0.010560760 0.011834230 0.010111930 0.013192810 0.008968470 0.010472410 0.009990230 0.010082010 0.009918610 0.011864440 0.009939570 0.009876830 0.011348180 0.010338810 0.009847770 0.010185730 0.010540270 0.010323020 0.004512670 0.000114000 0.000000000 0.003237090 0.006789060 0.007456830 0.012163390 
28     0.008591100 0.009620280 0.008749920 0.013381670 0.013473610 0.012385550 0.014331660 0.013707330 0.011704360 0.011856910 0.012130690 0.011982880 0.008500670 0.010780200 0.010927280 0.010922850 0.010844600 0.011304640 0.015615840 0.008304910 0.009212610 0.011020490 0.010881730 0.008702680 0.010858820 0.012622760 0.011112060 0.010567690 0.010861500 0.011774410 0.007550070 0.009054010 0.008571830 0.008663610 0.008500210 0.010481090 0.008521170 0.008458430 0.010708630 0.008920410 0.008429370 0.008801190 0.009708570 0.010242460 0.004736070 0.003284870 0.003237090 0.000000000 0.007011880 0.008206400 0.012386210 
15     0.012286330 0.012178450 0.012671630 0.015939840 0.016035700 0.014943720 0.016889830 0.016265500 0.014262530 0.014415080 0.014688860 0.014541050 0.014463670 0.013338370 0.013485450 0.013481020 0.013402770 0.017267640 0.018174010 0.011904130 0.014833830 0.015148080 0.015605540 0.012427890 0.013416990 0.015180930 0.013868500 0.015141970 0.013419670 0.017737410 0.013513070 0.015017010 0.014534830 0.014605900 0.014463210 0.015172180 0.014307880 0.014262220 0.014482150 0.014883410 0.014392370 0.013493470 0.014265660 0.014236510 0.003613930 0.002581350 0.006789060 0.007011880 0.000000000 0.000000980 0.012818870 
10     0.012887500 0.012779620 0.015569320 0.016541010 0.016636870 0.015544890 0.017491000 0.016866670 0.014863700 0.015016250 0.015290030 0.015142220 0.015320070 0.013939540 0.014086620 0.014082190 0.014003940 0.018124040 0.018775180 0.012505300 0.015435000 0.015749250 0.016206710 0.013029060 0.014018160 0.015782100 0.014469670 0.015743140 0.014020840 0.018593810 0.014369470 0.015873410 0.015391230 0.015207070 0.015319610 0.015773350 0.014909050 0.014863390 0.015257090 0.015491650 0.015248770 0.014094640 0.014866830 0.014837680 0.003614910 0.002582330 0.007456830 0.008206400 0.000000980 0.000000000 0.022674650 
0     0.029718120 0.006492520 0.038248000 0.042041550 0.042137410 0.041045430 0.042991540 0.042367210 0.040364240 0.040516790 0.040790570 0.040642760 0.034869620 0.009958830 0.039587160 0.003376410 0.002114450 0.020012230 0.019214460 0.023347310 0.025991450 0.027003430 0.018226800 0.037639710 0.039518700 0.041282640 0.037019860 0.040902950 0.039238470 0.010313770 0.003422590 0.007855970 0.008026160 0.007498980 0.016008240 0.008273120 0.011409760 0.008503590 0.003838600 0.008010050 0.014623850 0.006812750 0.013848590 0.011452830 0.010543060 0.009888040 0.012163390 0.012386210 0.012818870 0.022674650 0.000000000 
