51
1     0.000000000 0.000196280 0.001051630 0.000404030 0.000313060 0.000248220 0.000150940 0.000266610 0.000845400 0.001980430 0.001348980 0.000116490 0.000423230 0.000000780 0.000839010 0.000574380 0.001101890 0.001269620 0.001190420 0.001483850 0.001242360 0.000499220 0.000756630 0.000974440 0.000094570 0.001000970 0.000927050 0.000364870 0.000286760 0.000427030 0.000349300 0.001223280 0.001063350 0.000209790 0.002107910 0.000272280 0.001937390 0.000593700 0.000149000 0.000068510 0.000515780 0.000832920 0.002426080 0.000589100 0.000833330 0.001069520 0.000389390 0.000012560 0.000303910 0.000360010 0.000098260 
17     0.000196280 0.000000000 0.000889140 0.000694770 0.000740010 0.000937260 0.001375540 0.001287250 0.000674210 0.001063280 0.000073840 0.000353170 0.000969400 0.000602690 0.001451370 0.000749120 0.000292830 0.000545800 0.001748150 0.001719790 0.001478300 0.000301740 0.000079060 0.000090410 0.001175470 0.000896170 0.001167890 0.001252360 0.000648040 0.000376880 0.001172320 0.001441990 0.002428990 0.000517600 0.001761360 0.001106620 0.001071350 0.000842500 0.001089230 0.000442790 0.000466750 0.001291120 0.000633880 0.000804450 0.000557410 0.003258860 0.000498830 0.001153180 0.001269880 0.000781530 0.001676590 
11     0.001051630 0.000889140 0.000000000 0.000042800 0.000088830 0.000494470 0.001474120 0.000926520 0.000731800 0.001374730 0.001364870 0.000019670 0.000578820 0.001116910 0.000135730 0.000645790 0.001036110 0.000412240 0.001119600 0.001391130 0.001233730 0.000004100 0.000114240 0.000104970 0.000691180 0.000382720 0.000112490 0.000398750 0.000119240 0.000542730 0.000151070 0.000200780 0.001490670 0.000470820 0.001930540 0.000961320 0.000310380 0.001179680 0.000218650 0.000545610 0.000424060 0.000239530 0.001215170 0.000586860 0.000479220 0.000626330 0.000362570 0.002889400 0.002434390 0.000595760 0.000786900 
23     0.000404030 0.000694770 0.000042800 0.000000000 0.000394190 0.001272870 0.000668680 0.001128170 0.001249620 0.001057210 0.001511660 0.000466880 0.000416520 0.000713970 0.000939780 0.000378330 0.001035890 0.001019540 0.000675720 0.000470850 0.001123200 0.000675990 0.000141450 0.000869480 0.000195790 0.000211670 0.000258490 0.001212510 0.000102090 0.002476380 0.001023100 0.001294920 0.002384900 0.000346920 0.001887570 0.001058760 0.001135740 0.001275650 0.000948830 0.001034720 0.000177590 0.001758460 0.000728480 0.000865460 0.001783840 0.001577090 0.000414940 0.000166960 0.000085520 0.000439770 0.000151010 
18     0.000313060 0.000740010 0.000088830 0.000394190 0.000000000 0.000709040 0.000706360 0.000473560 0.000813100 0.001199960 0.001117580 0.000287220 0.000269520 0.001044580 0.000533600 0.000246080 0.001081010 0.001359450 0.000886990 0.001083110 0.001250200 0.000092930 0.000041910 0.000032640 0.000695850 0.000591810 0.000507570 0.000465600 0.000166660 0.001641050 0.000056800 0.000325580 0.000959890 0.000162850 0.000235200 0.000446730 0.001826070 0.001643280 0.000968950 0.000243860 0.000152090 0.000965530 0.001832660 0.000103740 0.000578710 0.001564180 0.000413220 0.002367380 0.002350910 0.000229340 0.000461340 
16     0.000248220 0.000937260 0.000494470 0.001272870 0.000709040 0.000000000 0.000000120 0.000853320 0.000573990 0.000233390 0.000853410 0.000635020 0.000425130 0.000429550 0.000778140 0.000838340 0.002238430 0.002507260 0.002404020 0.000962330 0.000519230 0.000622760 0.000761440 0.000335910 0.000344140 0.000298740 0.000206810 0.001723240 0.000431520 0.000277700 0.000652690 0.001619230 0.001582300 0.000414900 0.000459510 0.000485680 0.000520150 0.000108260 0.000391730 0.000350840 0.000864730 0.000234660 0.000857460 0.001028820 0.000760400 0.000842570 0.000688090 0.000538450 0.001460350 0.000563440 0.002581150 
20     0.000150940 0.001375540 0.001474120 0.000668680 0.000706360 0.000000120 0.000000000 0.001089700 0.001698120 0.001019680 0.001009820 0.000764340 0.001009640 0.000567380 0.000425460 0.001067670 0.000223720 0.000886900 0.001745740 0.000934770 0.001040670 0.000859080 0.002134430 0.000063020 0.000712180 0.000633380 0.000556990 0.001320360 0.000665330 0.001228270 0.000652570 0.002127600 0.000627550 0.000329360 0.001223270 0.000346750 0.001200530 0.000970720 0.000391610 0.001603750 0.000509560 0.000216510 0.000252790 0.000649160 0.000401920 0.002129840 0.001521390 0.000097960 0.001558310 0.000970380 0.002053830 
7     0.000266610 0.001287250 0.000926520 0.001128170 0.000473560 0.000853320 0.001089700 0.000000000 0.000104780 0.000052510 0.000000930 0.000464160 0.000327910 0.000476880 0.000169020 0.001153770 0.000337500 0.000441670 0.000615990 0.001132160 0.000261290 0.001455060 0.000160680 0.000864660 0.000931220 0.001085920 0.000245450 0.000518990 0.000490710 0.001583280 0.001121520 0.000589020 0.000478970 0.000552810 0.002747730 0.000365400 0.001084510 0.000361350 0.000565850 0.001485450 0.001287370 0.000343210 0.001678100 0.000159070 0.000088470 0.000304810 0.000056990 0.000871090 0.001015230 0.000555030 0.000437990 
8     0.000845400 0.000674210 0.000731800 0.001249620 0.000813100 0.000573990 0.001698120 0.000104780 0.000000000 0.000057320 0.000098460 0.000159580 0.000377670 0.001065410 0.001155170 0.001458620 0.001488230 0.000242880 0.001383210 0.000553710 0.000593310 0.000733910 0.000173040 0.001115370 0.000931660 0.000588890 0.000833980 0.000760510 0.000175400 0.000181220 0.000013660 0.000688850 0.000545050 0.000793450 0.002812150 0.000751710 0.000381510 0.000375990 0.001047690 0.000733200 0.000751500 0.000797630 0.001212500 0.000962440 0.000229600 0.000540200 0.000430040 0.000904810 0.001590540 0.001226570 0.001815240 
22     0.001980430 0.001063280 0.001374730 0.001057210 0.001199960 0.000233390 0.001019680 0.000052510 0.000057320 0.000000000 0.000021650 0.000279620 0.000296840 0.000330560 0.000378260 0.001241950 0.000296930 0.000943420 0.002090680 0.000876180 0.000707310 0.001378830 0.000354370 0.001058350 0.000686130 0.000615520 0.000099130 0.003006250 0.001161960 0.000066600 0.000093890 0.000986580 0.001629640 0.000128040 0.002685820 0.000782280 0.001205510 0.000920420 0.001315770 0.001210730 0.000766130 0.000698080 0.000961470 0.000680710 0.001748450 0.001526410 0.001446500 0.001608960 0.000875550 0.000070100 0.001214460 
10     0.001348980 0.000073840 0.001364870 0.001511660 0.001117580 0.000853410 0.001009820 0.000000930 0.000098460 0.000021650 0.000000000 0.000377280 0.000175500 0.000320700 0.001117120 0.001349990 0.000559340 0.000842890 0.001626020 0.000796550 0.000772870 0.000373630 0.000120750 0.000455120 0.001113810 0.000988400 0.000089270 0.000966830 0.001123590 0.000721000 0.000345190 0.001000880 0.000877850 0.000787560 0.001626430 0.001120980 0.001021520 0.000968960 0.001443520 0.001814300 0.001109690 0.001419620 0.000496850 0.000694210 0.001828770 0.003216390 0.000465630 0.000351740 0.000363090 0.000616030 0.001717250 
5     0.000116490 0.000353170 0.000019670 0.000466880 0.000287220 0.000635020 0.000764340 0.000464160 0.000159580 0.000279620 0.000377280 0.000000000 0.000034060 0.000343670 0.000130410 0.000117880 0.000685710 0.000808180 0.000372680 0.000674590 0.000441890 0.000369840 0.000333960 0.000755620 0.000699320 0.000458930 0.000313030 0.000457040 0.000627540 0.000506370 0.000540380 0.000416320 0.000794050 0.000674810 0.001199750 0.000484540 0.000405410 0.000700770 0.000142430 0.000263060 0.000218780 0.000998280 0.000567260 0.000659530 0.000305430 0.000996180 0.000136810 0.000820680 0.002089900 0.000721340 0.000625260 
2     0.000423230 0.000969400 0.000578820 0.000416520 0.000269520 0.000425130 0.001009640 0.000327910 0.000377670 0.000296840 0.000175500 0.000034060 0.000000000 0.000457140 0.000286780 0.000357530 0.000195460 0.000215160 0.000392080 0.000436230 0.000213870 0.000254260 0.000252360 0.000463340 0.000612430 0.000708570 0.000205590 0.000506280 0.000462230 0.000381690 0.000449830 0.000005160 0.000356670 0.000291870 0.001177510 0.000529840 0.000373490 0.000103280 0.000082930 0.000167690 0.000388190 0.000441190 0.000384200 0.000466510 0.000473810 0.001395200 0.000438390 0.000794050 0.001063170 0.000236240 0.000641710 
4     0.000000780 0.000602690 0.001116910 0.000713970 0.001044580 0.000429550 0.000567380 0.000476880 0.001065410 0.000330560 0.000320700 0.000343670 0.000457140 0.000000000 0.002693270 0.000622240 0.001166780 0.000524930 0.001215480 0.001288920 0.000336440 0.000674660 0.000721110 0.000556400 0.000886300 0.000902180 0.000259430 0.002455620 0.000539240 0.000315600 0.001014150 0.000865390 0.003629790 0.000354180 0.001960190 0.000947840 0.000484110 0.001003950 0.001455250 0.000068150 0.002604760 0.001532010 0.001494820 0.001581150 0.000731810 0.003836740 0.002769620 0.001630830 0.000580270 0.002567070 0.000868780 
15     0.000839010 0.001451370 0.000135730 0.000939780 0.000533600 0.000778140 0.000425460 0.000169020 0.001155170 0.000378260 0.001117120 0.000130410 0.000286780 0.002693270 0.000000000 0.000362640 0.000295760 0.000376940 0.000745640 0.000469930 0.000422880 0.001064950 0.001196550 0.000752150 0.000869710 0.000564300 0.000038170 0.000286430 0.000500270 0.000848510 0.000508040 0.000645160 0.000551640 0.001130370 0.001323060 0.001457310 0.001655580 0.000915330 0.000117680 0.000543150 0.000834410 0.000948050 0.000392590 0.000531470 0.000599580 0.001532420 0.000386390 0.000973630 0.000757300 0.000155290 0.000886080 
9     0.000574380 0.000749120 0.000645790 0.000378330 0.000246080 0.000838340 0.001067670 0.001153770 0.001458620 0.001241950 0.001349990 0.000117880 0.000357530 0.000622240 0.000362640 0.000000000 0.000323520 0.000225150 0.000107560 0.001108890 0.000798920 0.000112290 0.000709680 0.000561940 0.000167510 0.000610620 0.001201660 0.001198940 0.001178630 0.000534070 0.000545170 0.000884750 0.001644190 0.001504470 0.000850570 0.000049520 0.000634410 0.001598450 0.001890680 0.000404050 0.000698450 0.000270110 0.001614260 0.000060210 0.000570000 0.000075040 0.000225340 0.003425400 0.002984090 0.000944950 0.002366330 
19     0.001101890 0.000292830 0.001036110 0.001035890 0.001081010 0.002238430 0.000223720 0.000337500 0.001488230 0.000296930 0.000559340 0.000685710 0.000195460 0.001166780 0.000295760 0.000323520 0.000000000 0.000001350 0.000029090 0.001075240 0.000833750 0.000119050 0.000646790 0.000369150 0.000510870 0.000432070 0.000468370 0.000810860 0.000185000 0.000276620 0.001463400 0.001599950 0.000809050 0.001162490 0.001859880 0.000992290 0.002231100 0.000132310 0.001019820 0.000118450 0.001001180 0.000869220 0.001616490 0.001148260 0.000844700 0.000507950 0.000372980 0.001703330 0.001986790 0.000181290 0.001053780 
12     0.001269620 0.000545800 0.000412240 0.001019540 0.001359450 0.002507260 0.000886900 0.000441670 0.000242880 0.000943420 0.000842890 0.000808180 0.000215160 0.000524930 0.000376940 0.000225150 0.000001350 0.000000000 0.000029720 0.001052660 0.000811170 0.000763610 0.000739420 0.000190750 0.000695580 0.000616780 0.000791400 0.001712850 0.000065220 0.001108660 0.001670750 0.001724770 0.001073810 0.001427250 0.002050980 0.001378270 0.002299180 0.000263200 0.001181830 0.000571870 0.000871150 0.001036240 0.001253450 0.001839780 0.001152840 0.000667830 0.000532860 0.001858180 0.002014670 0.000305770 0.000312820 
21     0.001190420 0.001748150 0.001119600 0.000675720 0.000886990 0.002404020 0.001745740 0.000615990 0.001383210 0.002090680 0.001626020 0.000372680 0.000392080 0.001215480 0.000745640 0.000107560 0.000029090 0.000029720 0.000000000 0.000939320 0.000784300 0.000597290 0.000732350 0.000206180 0.001105560 0.001364620 0.002155390 0.001547580 0.001183180 0.000956430 0.000869710 0.000888230 0.000213700 0.000727170 0.001707170 0.001353010 0.001159040 0.000713930 0.001277520 0.000556940 0.000962410 0.000230050 0.001642680 0.000902040 0.000643030 0.000464840 0.000923400 0.001518550 0.002559510 0.000401950 0.000768650 
13     0.001483850 0.001719790 0.001391130 0.000470850 0.001083110 0.000962330 0.000934770 0.001132160 0.000553710 0.000876180 0.000796550 0.000674590 0.000436230 0.001288920 0.000469930 0.001108890 0.001075240 0.001052660 0.000939320 0.000000000 0.000010360 0.001094630 0.000698330 0.001031420 0.000678390 0.000715260 0.000241130 0.000157230 0.000113180 0.000790410 0.002040890 0.000963790 0.000416600 0.001086060 0.001668370 0.002689820 0.001046280 0.000873090 0.000689160 0.000733600 0.000513290 0.000871360 0.000303480 0.000506070 0.000718490 0.000226050 0.000616790 0.001949380 0.000546320 0.000468010 0.000857430 
6     0.001242360 0.001478300 0.001233730 0.001123200 0.001250200 0.000519230 0.001040670 0.000261290 0.000593310 0.000707310 0.000772870 0.000441890 0.000213870 0.000336440 0.000422880 0.000798920 0.000833750 0.000811170 0.000784300 0.000010360 0.000000000 0.000039630 0.000846060 0.000249250 0.000816060 0.000937540 0.000390150 0.000026510 0.000278130 0.000695130 0.002155250 0.000556870 0.002116950 0.000486560 0.001705000 0.002729370 0.002553470 0.002173390 0.001325910 0.000676100 0.000569080 0.001240260 0.000672840 0.000947190 0.001111890 0.001071490 0.000857780 0.001367670 0.001367110 0.000439870 0.000648050 
24     0.000499220 0.000301740 0.000004100 0.000675990 0.000092930 0.000622760 0.000859080 0.001455060 0.000733910 0.001378830 0.000373630 0.000369840 0.000254260 0.000674660 0.001064950 0.000112290 0.000119050 0.000763610 0.000597290 0.001094630 0.000039630 0.000000000 0.000076730 0.000109070 0.001070700 0.000923970 0.000669960 0.000847430 0.000524420 0.000556420 0.000679650 0.000433960 0.001539240 0.000586250 0.000783010 0.002004400 0.000510560 0.000164860 0.000334160 0.000384560 0.000228740 0.000092000 0.001613300 0.001224950 0.000502830 0.001243270 0.000303610 0.001712720 0.001452250 0.000382820 0.000549720 
3     0.000756630 0.000079060 0.000114240 0.000141450 0.000041910 0.000761440 0.002134430 0.000160680 0.000173040 0.000354370 0.000120750 0.000333960 0.000252360 0.000721110 0.001196550 0.000709680 0.000646790 0.000739420 0.000732350 0.000698330 0.000846060 0.000076730 0.000000000 0.000011170 0.000499500 0.000427750 0.000152750 0.001532590 0.000505660 0.000574350 0.000296410 0.000745410 0.000653940 0.000297520 0.000445780 0.000424480 0.001167470 0.001033870 0.000561510 0.001035410 0.000765650 0.001308390 0.001051100 0.001205830 0.000256910 0.000621060 0.000590700 0.001833090 0.002175260 0.001051660 0.000834020 
14     0.000974440 0.000090410 0.000104970 0.000869480 0.000032640 0.000335910 0.000063020 0.000864660 0.001115370 0.001058350 0.000455120 0.000755620 0.000463340 0.000556400 0.000752150 0.000561940 0.000369150 0.000190750 0.000206180 0.001031420 0.000249250 0.000109070 0.000011170 0.000000000 0.000247540 0.000212460 0.000123900 0.001111350 0.000862150 0.000984470 0.000469890 0.000833070 0.000476890 0.000478120 0.000320740 0.000364580 0.000340340 0.000878880 0.000980940 0.000612950 0.000599670 0.000167760 0.000322440 0.001118280 0.001023100 0.001053310 0.000943930 0.000164160 0.001272330 0.001436450 0.000725840 
25     0.000094570 0.001175470 0.000691180 0.000195790 0.000695850 0.000344140 0.000712180 0.000931220 0.000931660 0.000686130 0.001113810 0.000699320 0.000612430 0.000886300 0.000869710 0.000167510 0.000510870 0.000695580 0.001105560 0.000678390 0.000816060 0.001070700 0.000499500 0.000247540 0.000000000 0.000001440 0.000576440 0.000464640 0.000412700 0.000854630 0.000068690 0.000259450 0.000264710 0.000394580 0.000475940 0.000572750 0.000645760 0.000727080 0.000438720 0.000741580 0.000594020 0.000322750 0.000892710 0.000987260 0.000553750 0.001402340 0.001115730 0.001409810 0.000777880 0.000392700 0.000791220 
47     0.001000970 0.000896170 0.000382720 0.000211670 0.000591810 0.000298740 0.000633380 0.001085920 0.000588890 0.000615520 0.000988400 0.000458930 0.000708570 0.000902180 0.000564300 0.000610620 0.000432070 0.000616780 0.001364620 0.000715260 0.000937540 0.000923970 0.000427750 0.000212460 0.000001440 0.000000000 0.000340150 0.000476820 0.000468400 0.000644100 0.000394670 0.000526270 0.000301580 0.000347330 0.000884330 0.000576310 0.000528450 0.000669130 0.000468780 0.000720280 0.000102380 0.000421360 0.000654170 0.000190110 0.000542910 0.000212480 0.001959590 0.001844390 0.000761930 0.000387640 0.000895660 
33     0.000927050 0.001167890 0.000112490 0.000258490 0.000507570 0.000206810 0.000556990 0.000245450 0.000833980 0.000099130 0.000089270 0.000313030 0.000205590 0.000259430 0.000038170 0.001201660 0.000468370 0.000791400 0.002155390 0.000241130 0.000390150 0.000669960 0.000152750 0.000123900 0.000576440 0.000340150 0.000000000 0.000538490 0.000233560 0.001236200 0.000141850 0.000477830 0.000797860 0.000911830 0.001821010 0.000309120 0.000702960 0.000636580 0.000849210 0.001541140 0.000441990 0.001160580 0.000685170 0.000213230 0.000782820 0.000842490 0.000171370 0.000812720 0.000252770 0.000959430 0.000451640 
35     0.000364870 0.001252360 0.000398750 0.001212510 0.000465600 0.001723240 0.001320360 0.000518990 0.000760510 0.003006250 0.000966830 0.000457040 0.000506280 0.002455620 0.000286430 0.001198940 0.000810860 0.001712850 0.001547580 0.000157230 0.000026510 0.000847430 0.001532590 0.001111350 0.000464640 0.000476820 0.000538490 0.000000000 0.000082750 0.000862530 0.000276180 0.000194370 0.000480890 0.000705710 0.000595210 0.000259210 0.000892270 0.000182740 0.000786430 0.000033170 0.000326100 0.000565220 0.000049310 0.001277580 0.001738540 0.001227620 0.001642800 0.000719040 0.000951980 0.000165560 0.000328540 
41     0.000286760 0.000648040 0.000119240 0.000102090 0.000166660 0.000431520 0.000665330 0.000490710 0.000175400 0.001161960 0.001123590 0.000627540 0.000462230 0.000539240 0.000500270 0.001178630 0.000185000 0.000065220 0.001183180 0.000113180 0.000278130 0.000524420 0.000505660 0.000862150 0.000412700 0.000468400 0.000233560 0.000082750 0.000000000 0.000527580 0.001201130 0.001437200 0.000414430 0.000564600 0.000178780 0.000017680 0.000292610 0.000750420 0.000561750 0.000510570 0.000159830 0.000871520 0.000811670 0.000065580 0.000623490 0.000465130 0.000146780 0.001343420 0.001532940 0.000242700 0.000233000 
31     0.000427030 0.000376880 0.000542730 0.002476380 0.001641050 0.000277700 0.001228270 0.001583280 0.000181220 0.000066600 0.000721000 0.000506370 0.000381690 0.000315600 0.000848510 0.000534070 0.000276620 0.001108660 0.000956430 0.000790410 0.000695130 0.000556420 0.000574350 0.000984470 0.000854630 0.000644100 0.001236200 0.000862530 0.000527580 0.000000000 0.000085990 0.000092680 0.000638690 0.000271520 0.000169020 0.000257750 0.000708930 0.000897250 0.000839040 0.000439760 0.000549140 0.000285110 0.001688270 0.000763180 0.000651340 0.000371690 0.002174190 0.001945850 0.002847850 0.000629590 0.001087450 
29     0.000349300 0.001172320 0.000151070 0.001023100 0.000056800 0.000652690 0.000652570 0.001121520 0.000013660 0.000093890 0.000345190 0.000540380 0.000449830 0.001014150 0.000508040 0.000545170 0.001463400 0.001670750 0.000869710 0.002040890 0.002155250 0.000679650 0.000296410 0.000469890 0.000068690 0.000394670 0.000141850 0.000276180 0.001201130 0.000085990 0.000000000 0.000000390 0.000510960 0.000371320 0.000098730 0.000731540 0.000574960 0.000530540 0.000263340 0.000858990 0.000490050 0.000246190 0.000344700 0.000605050 0.001699670 0.001066280 0.000271070 0.000471680 0.001502030 0.000209520 0.001213650 
27     0.001223280 0.001441990 0.000200780 0.001294920 0.000325580 0.001619230 0.002127600 0.000589020 0.000688850 0.000986580 0.001000880 0.000416320 0.000005160 0.000865390 0.000645160 0.000884750 0.001599950 0.001724770 0.000888230 0.000963790 0.000556870 0.000433960 0.000745410 0.000833070 0.000259450 0.000526270 0.000477830 0.000194370 0.001437200 0.000092680 0.000000390 0.000000000 0.001065120 0.000495430 0.000660500 0.000957040 0.000297840 0.000060690 0.000358680 0.000856150 0.000052470 0.000210380 0.000249450 0.000077760 0.000443820 0.000089960 0.000270700 0.000602040 0.001760290 0.000064620 0.001025410 
40     0.001063350 0.002428990 0.001490670 0.002384900 0.000959890 0.001582300 0.000627550 0.000478970 0.000545050 0.001629640 0.000877850 0.000794050 0.000356670 0.003629790 0.000551640 0.001644190 0.000809050 0.001073810 0.000213700 0.000416600 0.002116950 0.001539240 0.000653940 0.000476890 0.000264710 0.000301580 0.000797860 0.000480890 0.000414430 0.000638690 0.000510960 0.001065120 0.000000000 0.000013780 0.000135730 0.000759470 0.000682780 0.000768620 0.000782670 0.000895570 0.001092350 0.002534730 0.002003180 0.000284640 0.000058040 0.001632210 0.000343410 0.001425540 0.001122240 0.000343590 0.001676430 
32     0.000209790 0.000517600 0.000470820 0.000346920 0.000162850 0.000414900 0.000329360 0.000552810 0.000793450 0.000128040 0.000787560 0.000674810 0.000291870 0.000354180 0.001130370 0.001504470 0.001162490 0.001427250 0.000727170 0.001086060 0.000486560 0.000586250 0.000297520 0.000478120 0.000394580 0.000347330 0.000911830 0.000705710 0.000564600 0.000271520 0.000371320 0.000495430 0.000013780 0.000000000 0.000250460 0.000105780 0.000712890 0.000869980 0.001003170 0.000189310 0.000650430 0.000399140 0.000215830 0.000432560 0.000702570 0.001585240 0.000250150 0.000721700 0.000439720 0.000490910 0.000242500 
48     0.002107910 0.001761360 0.001930540 0.001887570 0.000235200 0.000459510 0.001223270 0.002747730 0.002812150 0.002685820 0.001626430 0.001199750 0.001177510 0.001960190 0.001323060 0.000850570 0.001859880 0.002050980 0.001707170 0.001668370 0.001705000 0.000783010 0.000445780 0.000320740 0.000475940 0.000884330 0.001821010 0.000595210 0.000178780 0.000169020 0.000098730 0.000660500 0.000135730 0.000250460 0.000000000 0.001683850 0.000457910 0.000068240 0.000227850 0.000600460 0.000619290 0.000312390 0.000892610 0.001132680 0.001545640 0.001050440 0.001040030 0.000434850 0.000758900 0.001042040 0.001642830 
45     0.000272280 0.001106620 0.000961320 0.001058760 0.000446730 0.000485680 0.000346750 0.000365400 0.000751710 0.000782280 0.001120980 0.000484540 0.000529840 0.000947840 0.001457310 0.000049520 0.000992290 0.001378270 0.001353010 0.002689820 0.002729370 0.002004400 0.000424480 0.000364580 0.000572750 0.000576310 0.000309120 0.000259210 0.000017680 0.000257750 0.000731540 0.000957040 0.000759470 0.000105780 0.001683850 0.000000000 0.000440360 0.000144990 0.000838230 0.001559690 0.000872770 0.000501460 0.001144620 0.001306040 0.000350100 0.000971660 0.000364450 0.001746270 0.002302720 0.000283510 0.000988240 
36     0.001937390 0.001071350 0.000310380 0.001135740 0.001826070 0.000520150 0.001200530 0.001084510 0.000381510 0.001205510 0.001021520 0.000405410 0.000373490 0.000484110 0.001655580 0.000634410 0.002231100 0.002299180 0.001159040 0.001046280 0.002553470 0.000510560 0.001167470 0.000340340 0.000645760 0.000528450 0.000702960 0.000892270 0.000292610 0.000708930 0.000574960 0.000297840 0.000682780 0.000712890 0.000457910 0.000440360 0.000000000 0.000092100 0.000061700 0.000656290 0.000159800 0.000690290 0.000162510 0.000751970 0.000995580 0.001362150 0.000661000 0.002170980 0.001871290 0.000933650 0.000730400 
43     0.000593700 0.000842500 0.001179680 0.001275650 0.001643280 0.000108260 0.000970720 0.000361350 0.000375990 0.000920420 0.000968960 0.000700770 0.000103280 0.001003950 0.000915330 0.001598450 0.000132310 0.000263200 0.000713930 0.000873090 0.002173390 0.000164860 0.001033870 0.000878880 0.000727080 0.000669130 0.000636580 0.000182740 0.000750420 0.000897250 0.000530540 0.000060690 0.000768620 0.000869980 0.000068240 0.000144990 0.000092100 0.000000000 0.000029220 0.000154850 0.000313320 0.000625280 0.000779130 0.000579050 0.000822660 0.000174410 0.000067560 0.002482550 0.002223760 0.000415230 0.001965540 
49     0.000149000 0.001089230 0.000218650 0.000948830 0.000968950 0.000391730 0.000391610 0.000565850 0.001047690 0.001315770 0.001443520 0.000142430 0.000082930 0.001455250 0.000117680 0.001890680 0.001019820 0.001181830 0.001277520 0.000689160 0.001325910 0.000334160 0.000561510 0.000980940 0.000438720 0.000468780 0.000849210 0.000786430 0.000561750 0.000839040 0.000263340 0.000358680 0.000782670 0.001003170 0.000227850 0.000838230 0.000061700 0.000029220 0.000000000 0.000707800 0.000450080 0.000548050 0.000945870 0.000325840 0.000275810 0.001317230 0.000913120 0.002386380 0.001307010 0.000348770 0.001881650 
44     0.000068510 0.000442790 0.000545610 0.001034720 0.000243860 0.000350840 0.001603750 0.001485450 0.000733200 0.001210730 0.001814300 0.000263060 0.000167690 0.000068150 0.000543150 0.000404050 0.000118450 0.000571870 0.000556940 0.000733600 0.000676100 0.000384560 0.001035410 0.000612950 0.000741580 0.000720280 0.001541140 0.000033170 0.000510570 0.000439760 0.000858990 0.000856150 0.000895570 0.000189310 0.000600460 0.001559690 0.000656290 0.000154850 0.000707800 0.000000000 0.000048080 0.000336710 0.000126750 0.000304040 0.000421960 0.000338310 0.000391350 0.000723420 0.001999170 0.000111960 0.001060970 
39     0.000515780 0.000466750 0.000424060 0.000177590 0.000152090 0.000864730 0.000509560 0.001287370 0.000751500 0.000766130 0.001109690 0.000218780 0.000388190 0.002604760 0.000834410 0.000698450 0.001001180 0.000871150 0.000962410 0.000513290 0.000569080 0.000228740 0.000765650 0.000599670 0.000594020 0.000102380 0.000441990 0.000326100 0.000159830 0.000549140 0.000490050 0.000052470 0.001092350 0.000650430 0.000619290 0.000872770 0.000159800 0.000313320 0.000450080 0.000048080 0.000000000 0.000065300 0.000187120 0.000029420 0.000361130 0.000842910 0.000170960 0.001217120 0.000741160 0.000108840 0.000312850 
42     0.000832920 0.001291120 0.000239530 0.001758460 0.000965530 0.000234660 0.000216510 0.000343210 0.000797630 0.000698080 0.001419620 0.000998280 0.000441190 0.001532010 0.000948050 0.000270110 0.000869220 0.001036240 0.000230050 0.000871360 0.001240260 0.000092000 0.001308390 0.000167760 0.000322750 0.000421360 0.001160580 0.000565220 0.000871520 0.000285110 0.000246190 0.000210380 0.002534730 0.000399140 0.000312390 0.000501460 0.000690290 0.000625280 0.000548050 0.000336710 0.000065300 0.000000000 0.000081800 0.000147700 0.000611450 0.001403930 0.000084780 0.001822880 0.002230180 0.000077000 0.000417440 
50     0.002426080 0.000633880 0.001215170 0.000728480 0.001832660 0.000857460 0.000252790 0.001678100 0.001212500 0.000961470 0.000496850 0.000567260 0.000384200 0.001494820 0.000392590 0.001614260 0.001616490 0.001253450 0.001642680 0.000303480 0.000672840 0.001613300 0.001051100 0.000322440 0.000892710 0.000654170 0.000685170 0.000049310 0.000811670 0.001688270 0.000344700 0.000249450 0.002003180 0.000215830 0.000892610 0.001144620 0.000162510 0.000779130 0.000945870 0.000126750 0.000187120 0.000081800 0.000000000 0.000402530 0.000630360 0.001201970 0.000871640 0.001401930 0.001424140 0.000462280 0.001018220 
28     0.000589100 0.000804450 0.000586860 0.000865460 0.000103740 0.001028820 0.000649160 0.000159070 0.000962440 0.000680710 0.000694210 0.000659530 0.000466510 0.001581150 0.000531470 0.000060210 0.001148260 0.001839780 0.000902040 0.000506070 0.000947190 0.001224950 0.001205830 0.001118280 0.000987260 0.000190110 0.000213230 0.001277580 0.000065580 0.000763180 0.000605050 0.000077760 0.000284640 0.000432560 0.001132680 0.001306040 0.000751970 0.000579050 0.000325840 0.000304040 0.000029420 0.000147700 0.000402530 0.000000000 0.000100990 0.000523480 0.000328280 0.002278380 0.002016030 0.000240300 0.001669530 
34     0.000833330 0.000557410 0.000479220 0.001783840 0.000578710 0.000760400 0.000401920 0.000088470 0.000229600 0.001748450 0.001828770 0.000305430 0.000473810 0.000731810 0.000599580 0.000570000 0.000844700 0.001152840 0.000643030 0.000718490 0.001111890 0.000502830 0.000256910 0.001023100 0.000553750 0.000542910 0.000782820 0.001738540 0.000623490 0.000651340 0.001699670 0.000443820 0.000058040 0.000702570 0.001545640 0.000350100 0.000995580 0.000822660 0.000275810 0.000421960 0.000361130 0.000611450 0.000630360 0.000100990 0.000000000 0.000348430 0.000134830 0.001120400 0.000798640 0.001037840 0.000892750 
38     0.001069520 0.003258860 0.000626330 0.001577090 0.001564180 0.000842570 0.002129840 0.000304810 0.000540200 0.001526410 0.003216390 0.000996180 0.001395200 0.003836740 0.001532420 0.000075040 0.000507950 0.000667830 0.000464840 0.000226050 0.001071490 0.001243270 0.000621060 0.001053310 0.001402340 0.000212480 0.000842490 0.001227620 0.000465130 0.000371690 0.001066280 0.000089960 0.001632210 0.001585240 0.001050440 0.000971660 0.001362150 0.000174410 0.001317230 0.000338310 0.000842910 0.001403930 0.001201970 0.000523480 0.000348430 0.000000000 0.000003250 0.000241650 0.000306390 0.000572940 0.001305520 
46     0.000389390 0.000498830 0.000362570 0.000414940 0.000413220 0.000688090 0.001521390 0.000056990 0.000430040 0.001446500 0.000465630 0.000136810 0.000438390 0.002769620 0.000386390 0.000225340 0.000372980 0.000532860 0.000923400 0.000616790 0.000857780 0.000303610 0.000590700 0.000943930 0.001115730 0.001959590 0.000171370 0.001642800 0.000146780 0.002174190 0.000271070 0.000270700 0.000343410 0.000250150 0.001040030 0.000364450 0.000661000 0.000067560 0.000913120 0.000391350 0.000170960 0.000084780 0.000871640 0.000328280 0.000134830 0.000003250 0.000000000 0.000292810 0.000359740 0.000287220 0.001283390 
37     0.000012560 0.001153180 0.002889400 0.000166960 0.002367380 0.000538450 0.000097960 0.000871090 0.000904810 0.001608960 0.000351740 0.000820680 0.000794050 0.001630830 0.000973630 0.003425400 0.001703330 0.001858180 0.001518550 0.001949380 0.001367670 0.001712720 0.001833090 0.000164160 0.001409810 0.001844390 0.000812720 0.000719040 0.001343420 0.001945850 0.000471680 0.000602040 0.001425540 0.000721700 0.000434850 0.001746270 0.002170980 0.002482550 0.002386380 0.000723420 0.001217120 0.001822880 0.001401930 0.002278380 0.001120400 0.000241650 0.000292810 0.000000000 0.000037760 0.001033620 0.002105760 
30     0.000303910 0.001269880 0.002434390 0.000085520 0.002350910 0.001460350 0.001558310 0.001015230 0.001590540 0.000875550 0.000363090 0.002089900 0.001063170 0.000580270 0.000757300 0.002984090 0.001986790 0.002014670 0.002559510 0.000546320 0.001367110 0.001452250 0.002175260 0.001272330 0.000777880 0.000761930 0.000252770 0.000951980 0.001532940 0.002847850 0.001502030 0.001760290 0.001122240 0.000439720 0.000758900 0.002302720 0.001871290 0.002223760 0.001307010 0.001999170 0.000741160 0.002230180 0.001424140 0.002016030 0.000798640 0.000306390 0.000359740 0.000037760 0.000000000 0.000113770 0.002070090 
26     0.000360010 0.000781530 0.000595760 0.000439770 0.000229340 0.000563440 0.000970380 0.000555030 0.001226570 0.000070100 0.000616030 0.000721340 0.000236240 0.002567070 0.000155290 0.000944950 0.000181290 0.000305770 0.000401950 0.000468010 0.000439870 0.000382820 0.001051660 0.001436450 0.000392700 0.000387640 0.000959430 0.000165560 0.000242700 0.000629590 0.000209520 0.000064620 0.000343590 0.000490910 0.001042040 0.000283510 0.000933650 0.000415230 0.000348770 0.000111960 0.000108840 0.000077000 0.000462280 0.000240300 0.001037840 0.000572940 0.000287220 0.001033620 0.000113770 0.000000000 0.000363530 
0     0.000098260 0.001676590 0.000786900 0.000151010 0.000461340 0.002581150 0.002053830 0.000437990 0.001815240 0.001214460 0.001717250 0.000625260 0.000641710 0.000868780 0.000886080 0.002366330 0.001053780 0.000312820 0.000768650 0.000857430 0.000648050 0.000549720 0.000834020 0.000725840 0.000791220 0.000895660 0.000451640 0.000328540 0.000233000 0.001087450 0.001213650 0.001025410 0.001676430 0.000242500 0.001642830 0.000988240 0.000730400 0.001965540 0.001881650 0.001060970 0.000312850 0.000417440 0.001018220 0.001669530 0.000892750 0.001305520 0.001283390 0.002105760 0.002070090 0.000363530 0.000000000 
