51
1     0.000000000 0.019561672 0.024582929 0.025717032 0.024847365 0.022986913 0.024048438 0.021034410 0.021243511 0.021512732 0.021699307 0.019375900 0.019566636 0.033438325 0.024338254 0.024290224 0.024681180 0.024763995 0.024760414 0.026276269 0.025991511 0.021948084 0.022447500 0.021815502 0.024206820 0.024080705 0.024391499 0.027198500 0.024346781 0.024988432 0.024194622 0.024463020 0.026063477 0.024472922 0.026328464 0.026956541 0.025642315 0.025065137 0.025318153 0.025575054 0.024025652 0.025110198 0.026338535 0.024751206 0.025008188 0.029973714 0.028986100 0.031008893 0.030908927 0.023402171 0.032768867 
17     0.019561672 0.000000000 0.026999596 0.028215613 0.027239650 0.024878482 0.026128621 0.023080285 0.023339965 0.023623580 0.023718455 0.021385354 0.021582010 0.035590926 0.026262972 0.026309746 0.026652972 0.026738970 0.026770938 0.028314983 0.028073348 0.024055797 0.024394932 0.023859034 0.026341364 0.026169324 0.026572975 0.029308259 0.026339925 0.027384278 0.026565880 0.026849909 0.028512581 0.026791450 0.028748928 0.029123856 0.028076955 0.027415804 0.027614484 0.027658400 0.026474010 0.027402513 0.028646804 0.027294704 0.027516281 0.032056468 0.030956598 0.033072788 0.033003551 0.025448585 0.034754135 
11     0.024582929 0.026999596 0.000000000 0.010569627 0.009790401 0.020475890 0.021554969 0.019626459 0.019706039 0.020126132 0.020123725 0.017911146 0.018188285 0.032892051 0.023070143 0.022845512 0.023297828 0.023355947 0.023353548 0.025290638 0.025092851 0.020515961 0.021345765 0.020619308 0.024547395 0.024346595 0.024417779 0.026703049 0.024327677 0.025011942 0.024313073 0.024570280 0.026086421 0.024548019 0.026353003 0.027080011 0.025525226 0.024875043 0.025167888 0.025696830 0.024483120 0.025132491 0.026555470 0.024871961 0.025247442 0.029574132 0.028623618 0.030907193 0.030735284 0.023283605 0.033001210 
23     0.025717032 0.028215613 0.010569627 0.000000000 0.010276588 0.021611553 0.022698567 0.020687340 0.020877362 0.021231387 0.021265918 0.019068226 0.019359959 0.033379075 0.024097385 0.023950101 0.024376477 0.024428699 0.024382866 0.026118955 0.025869032 0.021532800 0.022387919 0.021605537 0.025281604 0.025073848 0.025575416 0.027949951 0.025470719 0.026298072 0.025753148 0.026015384 0.027484337 0.025871554 0.027726076 0.028290940 0.026910728 0.026136944 0.026528263 0.027330846 0.025801277 0.026523226 0.027818649 0.026164685 0.026523191 0.031013211 0.030057486 0.032278121 0.032107355 0.024698962 0.033806785 
18     0.024847365 0.027239650 0.009790401 0.010276588 0.000000000 0.021114492 0.022155325 0.019973356 0.020028500 0.020530498 0.020539490 0.018264836 0.018529576 0.033204839 0.023464926 0.023331680 0.023679335 0.023752766 0.023734673 0.025718903 0.025439091 0.020983180 0.021748488 0.021010651 0.024701770 0.024497793 0.024470701 0.026881694 0.024494108 0.025367335 0.024853428 0.025084581 0.026513625 0.024947563 0.026766489 0.027273656 0.025988651 0.025256812 0.025585249 0.026130539 0.024833045 0.025580957 0.027064541 0.025124340 0.025354944 0.029818039 0.028850938 0.031054080 0.030894450 0.023507916 0.033362989 
16     0.022986913 0.024878482 0.020475890 0.021611553 0.021114492 0.000000000 0.007671189 0.017441622 0.017624284 0.017963360 0.018056383 0.015767927 0.016054486 0.030327061 0.020827820 0.020580950 0.021372194 0.021459804 0.021432568 0.022983138 0.022727739 0.018458118 0.018971397 0.018521270 0.021950826 0.021763799 0.022176313 0.024591095 0.021956662 0.022842255 0.022335562 0.022565398 0.024051570 0.022493779 0.024188521 0.024812561 0.023717679 0.022905883 0.023169911 0.023149537 0.022340680 0.022681000 0.024118690 0.022866273 0.023077432 0.027519087 0.026690231 0.028886903 0.028848326 0.021047878 0.030776257 
20     0.024048438 0.026128621 0.021554969 0.022698567 0.022155325 0.007671189 0.000000000 0.018624690 0.018851800 0.019115252 0.019231407 0.016881830 0.017189759 0.031322160 0.021742787 0.021563434 0.022287063 0.022410250 0.022423816 0.023975708 0.023725977 0.019472915 0.020001388 0.019576068 0.022992027 0.022854209 0.023282375 0.025714957 0.023084069 0.023912115 0.023456999 0.023666037 0.025039558 0.023483724 0.025174546 0.025877504 0.024808408 0.024049192 0.024307264 0.024224303 0.023453459 0.023654754 0.025090221 0.023756303 0.024022761 0.028534353 0.027729578 0.029889844 0.029861485 0.022125952 0.031765380 
7     0.021034410 0.023080285 0.019626459 0.020687340 0.019973356 0.017441622 0.018624690 0.000000000 0.005055793 0.005349644 0.005192149 0.007528949 0.007821955 0.027740858 0.018475519 0.018306822 0.018746526 0.018837324 0.018932453 0.020418239 0.020125463 0.015912370 0.016330043 0.015861817 0.020648228 0.020486000 0.020561334 0.023144996 0.020418854 0.021760143 0.020826782 0.021181357 0.022902166 0.021358322 0.022848544 0.023393292 0.022152198 0.021518370 0.021709340 0.022109075 0.020876483 0.021231684 0.022808104 0.021049866 0.021265762 0.026422680 0.025437568 0.027756634 0.027627384 0.019693403 0.028862969 
8     0.021243511 0.023339965 0.019706039 0.020877362 0.020028500 0.017624284 0.018851800 0.005055793 0.000000000 0.004723436 0.004658851 0.007808302 0.008105671 0.028009892 0.018666800 0.018543619 0.018981066 0.019064724 0.019172676 0.020610080 0.020318874 0.016109675 0.016559605 0.016084592 0.020915283 0.020747314 0.020766281 0.023324020 0.020555595 0.021702248 0.020947887 0.021289037 0.022945156 0.021403840 0.022836017 0.023402829 0.022317986 0.021647041 0.021869388 0.022177774 0.020859395 0.021321604 0.022782809 0.021180640 0.021355742 0.026450498 0.025483373 0.027784743 0.027678431 0.019811742 0.029059672 
22     0.021512732 0.023623580 0.020126132 0.021231387 0.020530498 0.017963360 0.019115252 0.005349644 0.004723436 0.000000000 0.004854262 0.007976864 0.008272271 0.028355361 0.018789786 0.018630820 0.019062112 0.019143241 0.019275100 0.020783852 0.020526579 0.016380338 0.016801136 0.016325975 0.021138080 0.020970110 0.021038548 0.023689712 0.020907189 0.022124294 0.021315109 0.021643760 0.023337207 0.021781403 0.023219432 0.023769025 0.022658616 0.022003580 0.022226740 0.022511650 0.021401079 0.021753561 0.023268891 0.021625775 0.021836237 0.026816416 0.025851743 0.028158997 0.028015448 0.020068740 0.029517938 
10     0.021699307 0.023718455 0.020123725 0.021265918 0.020539490 0.018056383 0.019231407 0.005192149 0.004658851 0.004854262 0.000000000 0.008063742 0.008345473 0.028384925 0.018918543 0.018795558 0.019267957 0.019352893 0.019484914 0.020893253 0.020616099 0.016430066 0.016846973 0.016395137 0.021386433 0.021218463 0.021169008 0.023814787 0.021014190 0.022223006 0.021438429 0.021774776 0.023413212 0.021810204 0.023314343 0.023824660 0.022701665 0.022026061 0.022272355 0.022619827 0.021510340 0.021863185 0.023384624 0.021630822 0.021872318 0.026866544 0.025841330 0.028215516 0.028083893 0.020236959 0.029642170 
5     0.019375900 0.021385354 0.017911146 0.019068226 0.018264836 0.015767927 0.016881830 0.007528949 0.007808302 0.007976864 0.008063742 0.000000000 0.001876196 0.026116449 0.016747522 0.016559314 0.017030841 0.017132877 0.017230575 0.018891639 0.018597134 0.014120189 0.014545615 0.014204008 0.018866387 0.018697911 0.018850882 0.021430049 0.018739080 0.019959373 0.019170720 0.019445803 0.021051146 0.019542123 0.021052634 0.021761556 0.020635210 0.019952344 0.020158250 0.020273230 0.019218711 0.019672351 0.021254175 0.019599239 0.019711861 0.024512308 0.023594655 0.025914525 0.025809627 0.018037498 0.027425432 
2     0.019566636 0.021582010 0.018188285 0.019359959 0.018529576 0.016054486 0.017189759 0.007821955 0.008105671 0.008272271 0.008345473 0.001876196 0.000000000 0.026389123 0.017030331 0.016866310 0.017350704 0.017425586 0.017529167 0.019156947 0.018869241 0.014435688 0.014869804 0.014557664 0.019067797 0.018899321 0.019037948 0.021674109 0.018895576 0.020142426 0.019331031 0.019615504 0.021225611 0.019726031 0.021223732 0.021882609 0.020831341 0.020149654 0.020353795 0.020245419 0.019429765 0.019807196 0.021297396 0.019795282 0.019908945 0.024740556 0.023772974 0.026103146 0.025991424 0.018285396 0.027391942 
4     0.033438325 0.035590926 0.032892051 0.033379075 0.033204839 0.030327061 0.031322160 0.027740858 0.028009892 0.028355361 0.028384925 0.026116449 0.026389123 0.000000000 0.028252049 0.027702587 0.028230109 0.028323381 0.028353277 0.029908462 0.029664458 0.025887453 0.026314908 0.025893230 0.032751842 0.032610364 0.033312110 0.035481308 0.032850796 0.033767495 0.033292898 0.033522228 0.035261283 0.033690210 0.035386426 0.035900020 0.034584985 0.034026284 0.034228207 0.034548040 0.033017655 0.034020324 0.035272566 0.033639937 0.033949358 0.038785309 0.037825573 0.040122626 0.040041279 0.032352393 0.041542688 
15     0.024338254 0.026262972 0.023070143 0.024097385 0.023464926 0.020827820 0.021742787 0.018475519 0.018666800 0.018789786 0.018918543 0.016747522 0.017030331 0.028252049 0.000000000 0.015947664 0.016260933 0.016350355 0.016481331 0.017946596 0.017686078 0.015715762 0.016279848 0.015848698 0.023751994 0.023582195 0.023787519 0.026069875 0.023347128 0.024166632 0.023650505 0.023926902 0.025572165 0.024020877 0.025757074 0.026520402 0.025291098 0.024614539 0.024867687 0.024929235 0.023567894 0.024174316 0.025483013 0.024068641 0.024270965 0.029046853 0.028181616 0.030382875 0.030310871 0.022598154 0.032115905 
9     0.024290224 0.026309746 0.022845512 0.023950101 0.023331680 0.020580950 0.021563434 0.018306822 0.018543619 0.018630820 0.018795558 0.016559314 0.016866310 0.027702587 0.015947664 0.000000000 0.009456671 0.009476159 0.009571296 0.017630429 0.017380745 0.015382181 0.015833457 0.015527568 0.023697015 0.023556674 0.023906794 0.026302955 0.023616640 0.024620492 0.024043837 0.024313010 0.025803927 0.024437637 0.025955816 0.026689430 0.025100993 0.024391977 0.024719915 0.025228661 0.023760771 0.024320304 0.025811501 0.024308887 0.024531606 0.029244696 0.028204452 0.030661796 0.030471271 0.022814689 0.031907623 
19     0.024681180 0.026652972 0.023297828 0.024376477 0.023679335 0.021372194 0.022287063 0.018746526 0.018981066 0.019062112 0.019267957 0.017030841 0.017350704 0.028230109 0.016260933 0.009456671 0.000000000 0.002078218 0.004087079 0.017958433 0.017718665 0.015885886 0.016283891 0.015944111 0.023946338 0.023805943 0.024063468 0.026535507 0.023635210 0.024772054 0.024185872 0.024436203 0.026011571 0.024568870 0.026107359 0.026999196 0.025278432 0.024574585 0.024922196 0.025249655 0.023826410 0.024732948 0.026061936 0.024569946 0.024776772 0.029110714 0.028112641 0.030543345 0.030363834 0.022714089 0.032334586 
12     0.024763995 0.026738970 0.023355947 0.024428699 0.023752766 0.021459804 0.022410250 0.018837324 0.019064724 0.019143241 0.019352893 0.017132877 0.017425586 0.028323381 0.016350355 0.009476159 0.002078218 0.000000000 0.004145273 0.018043945 0.017804177 0.015968644 0.016358686 0.016017032 0.024082053 0.023941786 0.024219105 0.026697596 0.023738984 0.024862942 0.024298223 0.024547380 0.026115673 0.024672972 0.026236011 0.027119034 0.025379910 0.024676063 0.025022410 0.025340892 0.023935382 0.024839403 0.026164096 0.024701411 0.024897468 0.029272421 0.028278044 0.030711173 0.030531662 0.022833542 0.032432116 
21     0.024760414 0.026770938 0.023353548 0.024382866 0.023734673 0.021432568 0.022423816 0.018932453 0.019172676 0.019275100 0.019484914 0.017230575 0.017529167 0.028353277 0.016481331 0.009571296 0.004087079 0.004145273 0.000000000 0.018103711 0.017884404 0.015988011 0.016367930 0.016042770 0.024046741 0.023906474 0.024134920 0.026594851 0.023720017 0.024779384 0.024286983 0.024547291 0.025957828 0.024568877 0.026149525 0.027099653 0.025288368 0.024574054 0.024957860 0.025190207 0.023762760 0.024783665 0.026126062 0.024617725 0.024805810 0.029269491 0.028305282 0.030769629 0.030587708 0.022793669 0.032448129 
13     0.026276269 0.028314983 0.025290638 0.026118955 0.025718903 0.022983138 0.023975708 0.020418239 0.020610080 0.020783852 0.020893253 0.018891639 0.019156947 0.029908462 0.017946596 0.017630429 0.017958433 0.018043945 0.018103711 0.000000000 0.003601512 0.017821233 0.018239529 0.017770630 0.025633615 0.025516330 0.025740792 0.028114046 0.025337991 0.026712915 0.026016050 0.026276238 0.027739173 0.026207065 0.028006934 0.028474684 0.027140587 0.026570248 0.026799752 0.027041429 0.025648305 0.026220252 0.027517781 0.026297020 0.026439643 0.031268733 0.030326166 0.032686778 0.032599051 0.024706848 0.034297669 
6     0.025991511 0.028073348 0.025092851 0.025869032 0.025439091 0.022727739 0.023725977 0.020125463 0.020318874 0.020526579 0.020616099 0.018597134 0.018869241 0.029664458 0.017686078 0.017380745 0.017718665 0.017804177 0.017884404 0.003601512 0.000000000 0.017560113 0.017999977 0.017501446 0.025379818 0.025263724 0.025485768 0.027852551 0.025072961 0.026540652 0.025778407 0.026035879 0.027604173 0.026027628 0.027820381 0.028275134 0.026927565 0.026351024 0.026579475 0.026834858 0.025397553 0.025989989 0.027335087 0.026104120 0.026252712 0.031073310 0.030107812 0.032455845 0.032368117 0.024506455 0.034033609 
24     0.021948084 0.024055797 0.020515961 0.021532800 0.020983180 0.018458118 0.019472915 0.015912370 0.016109675 0.016380338 0.016430066 0.014120189 0.014435688 0.025887453 0.015715762 0.015382181 0.015885886 0.015968644 0.015988011 0.017821233 0.017560113 0.000000000 0.007641799 0.007355763 0.021402162 0.021250819 0.021476820 0.023934247 0.021096599 0.022226416 0.021706984 0.021957352 0.023171476 0.021736649 0.023496318 0.024267767 0.023006902 0.022336091 0.022565723 0.022744434 0.021281917 0.021989492 0.023513542 0.022196802 0.022475493 0.026806852 0.025958513 0.028333288 0.028095276 0.020328905 0.029590862 
3     0.022447500 0.024394932 0.021345765 0.022387919 0.021748488 0.018971397 0.020001388 0.016330043 0.016559605 0.016801136 0.016846973 0.014545615 0.014869804 0.026314908 0.016279848 0.015833457 0.016283891 0.016358686 0.016367930 0.018239529 0.017999977 0.007641799 0.000000000 0.007323891 0.021700236 0.021541179 0.021906886 0.024260695 0.021416992 0.022622820 0.021953212 0.022228372 0.023588742 0.022088470 0.023798720 0.024478147 0.023452165 0.022793915 0.023002828 0.023137459 0.021581362 0.022582819 0.023861276 0.022547227 0.022790102 0.027185246 0.026306036 0.028589208 0.028428356 0.020774896 0.030161124 
14     0.021815502 0.023859034 0.020619308 0.021605537 0.021010651 0.018521270 0.019576068 0.015861817 0.016084592 0.016325975 0.016395137 0.014204008 0.014557664 0.025893230 0.015848698 0.015527568 0.015944111 0.016017032 0.016042770 0.017770630 0.017501446 0.007355763 0.007323891 0.000000000 0.021261394 0.021113371 0.021529033 0.023762410 0.021029662 0.022132796 0.021440919 0.021697394 0.023169510 0.021699149 0.023383705 0.023958446 0.022939813 0.022293214 0.022461802 0.022698137 0.021029649 0.021858294 0.023258956 0.021890188 0.022127799 0.026750792 0.025747747 0.028132770 0.027927462 0.020380231 0.029465624 
25     0.024206820 0.026341364 0.024547395 0.025281604 0.024701770 0.021950826 0.022992027 0.020648228 0.020915283 0.021138080 0.021386433 0.018866387 0.019067797 0.032751842 0.023751994 0.023697015 0.023946338 0.024082053 0.024046741 0.025633615 0.025379818 0.021402162 0.021700236 0.021261394 0.000000000 0.001543262 0.011801754 0.016235998 0.013348580 0.019976361 0.019090841 0.019361454 0.020818688 0.019335080 0.021046284 0.021869111 0.020637567 0.020023638 0.020286878 0.020466421 0.019796330 0.020314001 0.021570498 0.019870481 0.020196099 0.024663598 0.023894133 0.026021913 0.025962302 0.018178044 0.031166963 
47     0.024080705 0.026169324 0.024346595 0.025073848 0.024497793 0.021763799 0.022854209 0.020486000 0.020747314 0.020970110 0.021218463 0.018697911 0.018899321 0.032610364 0.023582195 0.023556674 0.023805943 0.023941786 0.023906474 0.025516330 0.025263724 0.021250819 0.021541179 0.021113371 0.001543262 0.000000000 0.011595800 0.016088375 0.013102687 0.019785873 0.018904071 0.019168603 0.020647195 0.019182720 0.020864131 0.021686473 0.020466773 0.019798681 0.020114422 0.020320462 0.019659392 0.020210458 0.021448647 0.019704904 0.020063733 0.024364370 0.023652561 0.025730811 0.025679134 0.017961091 0.030989503 
33     0.024391499 0.026572975 0.024417779 0.025575416 0.024470701 0.022176313 0.023282375 0.020561334 0.020766281 0.021038548 0.021169008 0.018850882 0.019037948 0.033312110 0.023787519 0.023906794 0.024063468 0.024219105 0.024134920 0.025740792 0.025485768 0.021476820 0.021906886 0.021529033 0.011801754 0.011595800 0.000000000 0.016170292 0.012913004 0.019869310 0.018949254 0.019239328 0.020863587 0.019291491 0.021102346 0.021936477 0.020506676 0.019802095 0.020192099 0.020463973 0.019656223 0.020570562 0.021795287 0.019852253 0.020113182 0.024485248 0.023522265 0.025832004 0.025730775 0.018291934 0.031339072 
35     0.027198500 0.029308259 0.026703049 0.027949951 0.026881694 0.024591095 0.025714957 0.023144996 0.023324020 0.023689712 0.023814787 0.021430049 0.021674109 0.035481308 0.026069875 0.026302955 0.026535507 0.026697596 0.026594851 0.028114046 0.027852551 0.023934247 0.024260695 0.023762410 0.016235998 0.016088375 0.016170292 0.000000000 0.011942615 0.022702313 0.021841405 0.022120223 0.023941981 0.022380934 0.024006063 0.025041066 0.023700447 0.023077404 0.023311928 0.023183328 0.023032855 0.023845147 0.024905257 0.023143721 0.023489455 0.027432767 0.026491739 0.028660544 0.028643985 0.021299315 0.033626601 
41     0.024346781 0.026339925 0.024327677 0.025470719 0.024494108 0.021956662 0.023084069 0.020418854 0.020555595 0.020907189 0.021014190 0.018739080 0.018895576 0.032850796 0.023347128 0.023616640 0.023635210 0.023738984 0.023720017 0.025337991 0.025072961 0.021096599 0.021416992 0.021029662 0.013348580 0.013102687 0.012913004 0.011942615 0.000000000 0.019992232 0.019160032 0.019419133 0.021130363 0.019565389 0.021159868 0.022161735 0.020941104 0.020316640 0.020571044 0.020360241 0.020255054 0.020988842 0.022001289 0.020247880 0.020486756 0.024471417 0.023586534 0.025908062 0.025850342 0.018412769 0.030821502 
31     0.024988432 0.027384278 0.025011942 0.026298072 0.025367335 0.022842255 0.023912115 0.021760143 0.021702248 0.022124294 0.022223006 0.019959373 0.020142426 0.033767495 0.024166632 0.024620492 0.024772054 0.024862942 0.024779384 0.026712915 0.026540652 0.022226416 0.022622820 0.022132796 0.019976361 0.019785873 0.019869310 0.022702313 0.019992232 0.000000000 0.010214358 0.010371184 0.012232430 0.010458567 0.012558712 0.019004567 0.017893869 0.017226330 0.017311359 0.017957346 0.018550016 0.019018812 0.020081741 0.018642358 0.018959465 0.024991831 0.024043326 0.026316062 0.026294897 0.018688565 0.032145712 
29     0.024194622 0.026565880 0.024313073 0.025753148 0.024853428 0.022335562 0.023456999 0.020826782 0.020947887 0.021315109 0.021438429 0.019170720 0.019331031 0.033292898 0.023650505 0.024043837 0.024185872 0.024298223 0.024286983 0.026016050 0.025778407 0.021706984 0.021953212 0.021440919 0.019090841 0.018904071 0.018949254 0.021841405 0.019160032 0.010214358 0.000000000 0.002227488 0.011538202 0.009911927 0.011983986 0.018565866 0.017311601 0.016717570 0.016816047 0.017248045 0.017496718 0.018266589 0.019346499 0.017724897 0.018016870 0.024263524 0.023330287 0.025541354 0.025527322 0.017883146 0.031114188 
27     0.024463020 0.026849909 0.024570280 0.026015384 0.025084581 0.022565398 0.023666037 0.021181357 0.021289037 0.021643760 0.021774776 0.019445803 0.019615504 0.033522228 0.023926902 0.024313010 0.024436203 0.024547380 0.024547291 0.026276238 0.026035879 0.021957352 0.022228372 0.021697394 0.019361454 0.019168603 0.019239328 0.022120223 0.019419133 0.010371184 0.002227488 0.000000000 0.011829114 0.010152466 0.012228469 0.018760109 0.017498130 0.016889990 0.016993067 0.017435625 0.017683934 0.018469873 0.019465005 0.017897365 0.018220018 0.024490726 0.023594681 0.025803400 0.025785457 0.018130644 0.031389180 
40     0.026063477 0.028512581 0.026086421 0.027484337 0.026513625 0.024051570 0.025039558 0.022902166 0.022945156 0.023337207 0.023413212 0.021051146 0.021225611 0.035261283 0.025572165 0.025803927 0.026011571 0.026115673 0.025957828 0.027739173 0.027604173 0.023171476 0.023588742 0.023169510 0.020818688 0.020647195 0.020863587 0.023941981 0.021130363 0.012232430 0.011538202 0.011829114 0.000000000 0.008445697 0.010494801 0.020163709 0.019047300 0.018440641 0.018613234 0.018869334 0.019393590 0.019879418 0.020793260 0.019309411 0.019718789 0.025996890 0.024971567 0.027252368 0.027229991 0.019729645 0.033170186 
32     0.024472922 0.026791450 0.024548019 0.025871554 0.024947563 0.022493779 0.023483724 0.021358322 0.021403840 0.021781403 0.021810204 0.019542123 0.019726031 0.033690210 0.024020877 0.024437637 0.024568870 0.024672972 0.024568877 0.026207065 0.026027628 0.021736649 0.022088470 0.021699149 0.019335080 0.019182720 0.019291491 0.022380934 0.019565389 0.010458567 0.009911927 0.010152466 0.008445697 0.000000000 0.008907271 0.018542409 0.017201094 0.016660868 0.016905596 0.017183480 0.017711700 0.018231779 0.019212042 0.017622431 0.017985727 0.024297246 0.023270533 0.025753738 0.025703654 0.017976650 0.031519694 
48     0.026328464 0.028748928 0.026353003 0.027726076 0.026766489 0.024188521 0.025174546 0.022848544 0.022836017 0.023219432 0.023314343 0.021052634 0.021223732 0.035386426 0.025757074 0.025955816 0.026107359 0.026236011 0.026149525 0.028006934 0.027820381 0.023496318 0.023798720 0.023383705 0.021046284 0.020864131 0.021102346 0.024006063 0.021159868 0.012558712 0.011983986 0.012228469 0.010494801 0.008907271 0.000000000 0.020580474 0.019251759 0.018699259 0.018844655 0.019183394 0.019700832 0.020150320 0.021183428 0.019711800 0.020166122 0.025923144 0.024913801 0.027331159 0.027330725 0.019769661 0.033381717 
45     0.026956541 0.029123856 0.027080011 0.028290940 0.027273656 0.024812561 0.025877504 0.023393292 0.023402829 0.023769025 0.023824660 0.021761556 0.021882609 0.035900020 0.026520402 0.026689430 0.026999196 0.027119034 0.027099653 0.028474684 0.028275134 0.024267767 0.024478147 0.023958446 0.021869111 0.021686473 0.021936477 0.025041066 0.022161735 0.019004567 0.018565866 0.018760109 0.020163709 0.018542409 0.020580474 0.000000000 0.016936172 0.016222121 0.016384116 0.020131458 0.020151539 0.020691337 0.021672332 0.020017859 0.020375071 0.027123643 0.026050012 0.028295054 0.028221905 0.020781062 0.034310579 
36     0.025642315 0.028076955 0.025525226 0.026910728 0.025988651 0.023717679 0.024808408 0.022152198 0.022317986 0.022658616 0.022701665 0.020635210 0.020831341 0.034584985 0.025291098 0.025100993 0.025278432 0.025379910 0.025288368 0.027140587 0.026927565 0.023006902 0.023452165 0.022939813 0.020637567 0.020466773 0.020506676 0.023700447 0.020941104 0.017893869 0.017311601 0.017498130 0.019047300 0.017201094 0.019251759 0.016936172 0.000000000 0.003621332 0.004497275 0.018676126 0.018923373 0.019683384 0.020541107 0.018836314 0.019084918 0.025858802 0.024778843 0.026983375 0.026911987 0.019396356 0.032748035 
43     0.025065137 0.027415804 0.024875043 0.026136944 0.025256812 0.022905883 0.024049192 0.021518370 0.021647041 0.022003580 0.022026061 0.019952344 0.020149654 0.034026284 0.024614539 0.024391977 0.024574585 0.024676063 0.024574054 0.026570248 0.026351024 0.022336091 0.022793915 0.022293214 0.020023638 0.019798681 0.019802095 0.023077404 0.020316640 0.017226330 0.016717570 0.016889990 0.018440641 0.016660868 0.018699259 0.016222121 0.003621332 0.000000000 0.004046943 0.018040050 0.018279116 0.019064002 0.019934785 0.018150394 0.018501287 0.025220828 0.024168655 0.026344790 0.026274651 0.018755691 0.032396577 
49     0.025318153 0.027614484 0.025167888 0.026528263 0.025585249 0.023169911 0.024307264 0.021709340 0.021869388 0.022226740 0.022272355 0.020158250 0.020353795 0.034228207 0.024867687 0.024719915 0.024922196 0.025022410 0.024957860 0.026799752 0.026579475 0.022565723 0.023002828 0.022461802 0.020286878 0.020114422 0.020192099 0.023311928 0.020571044 0.017311359 0.016816047 0.016993067 0.018613234 0.016905596 0.018844655 0.016384116 0.004497275 0.004046943 0.000000000 0.018173193 0.018313460 0.019238989 0.020109230 0.018427017 0.018718353 0.025492798 0.024412844 0.026636286 0.026569774 0.019027411 0.032436973 
44     0.025575054 0.027658400 0.025696830 0.027330846 0.026130539 0.023149537 0.024224303 0.022109075 0.022177774 0.022511650 0.022619827 0.020273230 0.020245419 0.034548040 0.024929235 0.025228661 0.025249655 0.025340892 0.025190207 0.027041429 0.026834858 0.022744434 0.023137459 0.022698137 0.020466421 0.020320462 0.020463973 0.023183328 0.020360241 0.017957346 0.017248045 0.017435625 0.018869334 0.017183480 0.019183394 0.020131458 0.018676126 0.018040050 0.018173193 0.000000000 0.018813286 0.019577392 0.020347648 0.018723415 0.019128993 0.025378981 0.024416569 0.026562385 0.026541373 0.019046449 0.032124601 
39     0.024025652 0.026474010 0.024483120 0.025801277 0.024833045 0.022340680 0.023453459 0.020876483 0.020859395 0.021401079 0.021510340 0.019218711 0.019429765 0.033017655 0.023567894 0.023760771 0.023826410 0.023935382 0.023762760 0.025648305 0.025397553 0.021281917 0.021581362 0.021029649 0.019796330 0.019659392 0.019656223 0.023032855 0.020255054 0.018550016 0.017496718 0.017683934 0.019393590 0.017711700 0.019700832 0.020151539 0.018923373 0.018279116 0.018313460 0.018813286 0.000000000 0.012194362 0.013174816 0.014328934 0.014566963 0.025125490 0.024177534 0.026040791 0.026010547 0.018173142 0.030670372 
42     0.025110198 0.027402513 0.025132491 0.026523226 0.025580957 0.022681000 0.023654754 0.021231684 0.021321604 0.021753561 0.021863185 0.019672351 0.019807196 0.034020324 0.024174316 0.024320304 0.024732948 0.024839403 0.024783665 0.026220252 0.025989989 0.021989492 0.022582819 0.021858294 0.020314001 0.020210458 0.020570562 0.023845147 0.020988842 0.019018812 0.018266589 0.018469873 0.019879418 0.018231779 0.020150320 0.020691337 0.019683384 0.019064002 0.019238989 0.019577392 0.012194362 0.000000000 0.009608690 0.014506989 0.014755127 0.025868555 0.024783103 0.027033464 0.026944908 0.019008379 0.031416102 
50     0.026338535 0.028646804 0.026555470 0.027818649 0.027064541 0.024118690 0.025090221 0.022808104 0.022782809 0.023268891 0.023384624 0.021254175 0.021297396 0.035272566 0.025483013 0.025811501 0.026061936 0.026164096 0.026126062 0.027517781 0.027335087 0.023513542 0.023861276 0.023258956 0.021570498 0.021448647 0.021795287 0.024905257 0.022001289 0.020081741 0.019346499 0.019465005 0.020793260 0.019212042 0.021183428 0.021672332 0.020541107 0.019934785 0.020109230 0.020347648 0.013174816 0.009608690 0.000000000 0.015786333 0.016024419 0.027154633 0.026123261 0.028141940 0.028044051 0.020425260 0.032737696 
28     0.024751206 0.027294704 0.024871961 0.026164685 0.025124340 0.022866273 0.023756303 0.021049866 0.021180640 0.021625775 0.021630822 0.019599239 0.019795282 0.033639937 0.024068641 0.024308887 0.024569946 0.024701411 0.024617725 0.026297020 0.026104120 0.022196802 0.022547227 0.021890188 0.019870481 0.019704904 0.019852253 0.023143721 0.020247880 0.018642358 0.017724897 0.017897365 0.019309411 0.017622431 0.019711800 0.020017859 0.018836314 0.018150394 0.018427017 0.018723415 0.014328934 0.014506989 0.015786333 0.000000000 0.006329722 0.025247442 0.024240106 0.026383692 0.026384943 0.018552648 0.031519793 
34     0.025008188 0.027516281 0.025247442 0.026523191 0.025354944 0.023077432 0.024022761 0.021265762 0.021355742 0.021836237 0.021872318 0.019711861 0.019908945 0.033949358 0.024270965 0.024531606 0.024776772 0.024897468 0.024805810 0.026439643 0.026252712 0.022475493 0.022790102 0.022127799 0.020196099 0.020063733 0.020113182 0.023489455 0.020486756 0.018959465 0.018016870 0.018220018 0.019718789 0.017985727 0.020166122 0.020375071 0.019084918 0.018501287 0.018718353 0.019128993 0.014566963 0.014755127 0.016024419 0.006329722 0.000000000 0.025582163 0.024552839 0.026679853 0.026676277 0.018933047 0.031562678 
38     0.029973714 0.032056468 0.029574132 0.031013211 0.029818039 0.027519087 0.028534353 0.026422680 0.026450498 0.026816416 0.026866544 0.024512308 0.024740556 0.038785309 0.029046853 0.029244696 0.029110714 0.029272421 0.029269491 0.031268733 0.031073310 0.026806852 0.027185246 0.026750792 0.024663598 0.024364370 0.024485248 0.027432767 0.024471417 0.024991831 0.024263524 0.024490726 0.025996890 0.024297246 0.025923144 0.027123643 0.025858802 0.025220828 0.025492798 0.025378981 0.025125490 0.025868555 0.027154633 0.025247442 0.025582163 0.000000000 0.007779839 0.015887834 0.015859819 0.019085589 0.036624394 
46     0.028986100 0.030956598 0.028623618 0.030057486 0.028850938 0.026690231 0.027729578 0.025437568 0.025483373 0.025851743 0.025841330 0.023594655 0.023772974 0.037825573 0.028181616 0.028204452 0.028112641 0.028278044 0.028305282 0.030326166 0.030107812 0.025958513 0.026306036 0.025747747 0.023894133 0.023652561 0.023522265 0.026491739 0.023586534 0.024043326 0.023330287 0.023594681 0.024971567 0.023270533 0.024913801 0.026050012 0.024778843 0.024168655 0.024412844 0.024416569 0.024177534 0.024783103 0.026123261 0.024240106 0.024552839 0.007779839 0.000000000 0.015130956 0.015132074 0.018248103 0.035898976 
37     0.031008893 0.033072788 0.030907193 0.032278121 0.031054080 0.028886903 0.029889844 0.027756634 0.027784743 0.028158997 0.028215516 0.025914525 0.026103146 0.040122626 0.030382875 0.030661796 0.030543345 0.030711173 0.030769629 0.032686778 0.032455845 0.028333288 0.028589208 0.028132770 0.026021913 0.025730811 0.025832004 0.028660544 0.025908062 0.026316062 0.025541354 0.025803400 0.027252368 0.025753738 0.027331159 0.028295054 0.026983375 0.026344790 0.026636286 0.026562385 0.026040791 0.027033464 0.028141940 0.026383692 0.026679853 0.015887834 0.015130956 0.000000000 0.005306852 0.020186811 0.038144813 
30     0.030908927 0.033003551 0.030735284 0.032107355 0.030894450 0.028848326 0.029861485 0.027627384 0.027678431 0.028015448 0.028083893 0.025809627 0.025991424 0.040041279 0.030310871 0.030471271 0.030363834 0.030531662 0.030587708 0.032599051 0.032368117 0.028095276 0.028428356 0.027927462 0.025962302 0.025679134 0.025730775 0.028643985 0.025850342 0.026294897 0.025527322 0.025785457 0.027229991 0.025703654 0.027330725 0.028221905 0.026911987 0.026274651 0.026569774 0.026541373 0.026010547 0.026944908 0.028044051 0.026384943 0.026676277 0.015859819 0.015132074 0.005306852 0.000000000 0.020168936 0.037969116 
26     0.023402171 0.025448585 0.023283605 0.024698962 0.023507916 0.021047878 0.022125952 0.019693403 0.019811742 0.020068740 0.020236959 0.018037498 0.018285396 0.032352393 0.022598154 0.022814689 0.022714089 0.022833542 0.022793669 0.024706848 0.024506455 0.020328905 0.020774896 0.020380231 0.018178044 0.017961091 0.018291934 0.021299315 0.018412769 0.018688565 0.017883146 0.018130644 0.019729645 0.017976650 0.019769661 0.020781062 0.019396356 0.018755691 0.019027411 0.019046449 0.018173142 0.019008379 0.020425260 0.018552648 0.018933047 0.019085589 0.018248103 0.020186811 0.020168936 0.000000000 0.030155779 
0     0.032768867 0.034754135 0.033001210 0.033806785 0.033362989 0.030776257 0.031765380 0.028862969 0.029059672 0.029517938 0.029642170 0.027425432 0.027391942 0.041542688 0.032115905 0.031907623 0.032334586 0.032432116 0.032448129 0.034297669 0.034033609 0.029590862 0.030161124 0.029465624 0.031166963 0.030989503 0.031339072 0.033626601 0.030821502 0.032145712 0.031114188 0.031389180 0.033170186 0.031519694 0.033381717 0.034310579 0.032748035 0.032396577 0.032436973 0.032124601 0.030670372 0.031416102 0.032737696 0.031519793 0.031562678 0.036624394 0.035898976 0.038144813 0.037969116 0.030155779 0.000000000 
