51
5     0.000000000 0.000002390 0.000002510 0.000002700 0.000002490 0.000002460 0.000005520 0.000005900 0.000002480 0.000004750 0.000004250 0.000005930 0.000007280 0.000006840 0.000006740 0.000005110 0.000005790 0.000005070 0.000007630 0.000015490 0.000015600 0.000017330 0.000007780 0.000007180 0.000007940 0.000006220 0.000014200 0.000006820 0.000007040 0.000006970 0.000007040 0.000007080 0.000009070 0.000007220 0.000007640 0.000015890 0.000015100 0.000015380 0.000014490 0.000014090 0.000013210 0.000014900 0.000015090 0.000016130 0.000014450 0.000014130 0.000016080 0.000014260 0.000015370 0.000014970 0.000015470 
11     0.000002390 0.000000000 0.000001720 0.000001910 0.000001700 0.000001670 0.000004730 0.000005110 0.000001690 0.000003960 0.000003460 0.000005140 0.000006490 0.000006050 0.000005950 0.000004320 0.000005000 0.000004280 0.000006840 0.000014700 0.000014810 0.000016540 0.000006990 0.000006390 0.000007150 0.000005430 0.000013410 0.000006030 0.000006250 0.000006180 0.000006250 0.000006290 0.000008280 0.000006430 0.000006850 0.000015100 0.000014310 0.000014590 0.000013700 0.000013300 0.000012420 0.000014110 0.000014300 0.000015340 0.000013660 0.000013340 0.000015290 0.000013470 0.000014580 0.000014180 0.000014680 
16     0.000002510 0.000001720 0.000000000 0.000000530 0.000000320 0.000000290 0.000003570 0.000003950 0.000000830 0.000003880 0.000003380 0.000005060 0.000006410 0.000005970 0.000005870 0.000004240 0.000004920 0.000004200 0.000006760 0.000014620 0.000014730 0.000016460 0.000006910 0.000006310 0.000007070 0.000005350 0.000013330 0.000005950 0.000006170 0.000006100 0.000006170 0.000006210 0.000008200 0.000006350 0.000006770 0.000015020 0.000014230 0.000014510 0.000013620 0.000013220 0.000012340 0.000014030 0.000014220 0.000015260 0.000013580 0.000013260 0.000015210 0.000013390 0.000014500 0.000014100 0.000014600 
6     0.000002700 0.000001910 0.000000530 0.000000000 0.000000510 0.000000480 0.000003760 0.000004140 0.000001020 0.000004070 0.000003570 0.000005250 0.000006600 0.000006160 0.000006060 0.000004430 0.000005110 0.000004390 0.000006950 0.000014810 0.000014920 0.000016650 0.000007100 0.000006500 0.000007260 0.000005540 0.000013520 0.000006140 0.000006360 0.000006290 0.000006360 0.000006400 0.000008390 0.000006540 0.000006960 0.000015210 0.000014420 0.000014700 0.000013810 0.000013410 0.000012530 0.000014220 0.000014410 0.000015450 0.000013770 0.000013450 0.000015400 0.000013580 0.000014690 0.000014290 0.000014790 
29     0.000002490 0.000001700 0.000000320 0.000000510 0.000000000 0.000000030 0.000003550 0.000003930 0.000000810 0.000003860 0.000003360 0.000005040 0.000006390 0.000005950 0.000005850 0.000004220 0.000004900 0.000004180 0.000006740 0.000014600 0.000014710 0.000016440 0.000006890 0.000006290 0.000007050 0.000005330 0.000013310 0.000005930 0.000006150 0.000006080 0.000006150 0.000006190 0.000008180 0.000006330 0.000006750 0.000015000 0.000014210 0.000014490 0.000013600 0.000013200 0.000012320 0.000014010 0.000014200 0.000015240 0.000013560 0.000013240 0.000015190 0.000013370 0.000014480 0.000014080 0.000014580 
21     0.000002460 0.000001670 0.000000290 0.000000480 0.000000030 0.000000000 0.000003520 0.000003900 0.000000780 0.000003830 0.000003330 0.000005010 0.000006360 0.000005920 0.000005820 0.000004190 0.000004870 0.000004150 0.000006710 0.000014570 0.000014680 0.000016410 0.000006860 0.000006260 0.000007020 0.000005300 0.000013280 0.000005900 0.000006120 0.000006050 0.000006120 0.000006160 0.000008150 0.000006300 0.000006720 0.000014970 0.000014180 0.000014460 0.000013570 0.000013170 0.000012290 0.000013980 0.000014170 0.000015210 0.000013530 0.000013210 0.000015160 0.000013340 0.000014450 0.000014050 0.000014550 
14     0.000005520 0.000004730 0.000003570 0.000003760 0.000003550 0.000003520 0.000000000 0.000000640 0.000003840 0.000006890 0.000006390 0.000008070 0.000009420 0.000008980 0.000008880 0.000007250 0.000007930 0.000007210 0.000009770 0.000017630 0.000017740 0.000019470 0.000009920 0.000009320 0.000010080 0.000008360 0.000016340 0.000008960 0.000009180 0.000009110 0.000009180 0.000009220 0.000011210 0.000009360 0.000009780 0.000018030 0.000017240 0.000017520 0.000016630 0.000016230 0.000015350 0.000017040 0.000017230 0.000018270 0.000016590 0.000016270 0.000018220 0.000016400 0.000017510 0.000017110 0.000017610 
3     0.000005900 0.000005110 0.000003950 0.000004140 0.000003930 0.000003900 0.000000640 0.000000000 0.000004220 0.000007270 0.000006770 0.000008450 0.000009800 0.000009360 0.000009260 0.000007630 0.000008310 0.000007590 0.000010150 0.000018010 0.000018120 0.000019850 0.000010300 0.000009700 0.000010460 0.000008740 0.000016720 0.000009340 0.000009560 0.000009490 0.000009560 0.000009600 0.000011590 0.000009740 0.000010160 0.000018410 0.000017620 0.000017900 0.000017010 0.000016610 0.000015730 0.000017420 0.000017610 0.000018650 0.000016970 0.000016650 0.000018600 0.000016780 0.000017890 0.000017490 0.000017990 
4     0.000002480 0.000001690 0.000000830 0.000001020 0.000000810 0.000000780 0.000003840 0.000004220 0.000000000 0.000003850 0.000003350 0.000005030 0.000006380 0.000005940 0.000005840 0.000004210 0.000004890 0.000004170 0.000006730 0.000014590 0.000014700 0.000016430 0.000006880 0.000006280 0.000007040 0.000005320 0.000013300 0.000005920 0.000006140 0.000006070 0.000006140 0.000006180 0.000008170 0.000006320 0.000006740 0.000014990 0.000014200 0.000014480 0.000013590 0.000013190 0.000012310 0.000014000 0.000014190 0.000015230 0.000013550 0.000013230 0.000015180 0.000013360 0.000014470 0.000010390 0.000014570 
18     0.000004750 0.000003960 0.000003880 0.000004070 0.000003860 0.000003830 0.000006890 0.000007270 0.000003850 0.000000000 0.000000600 0.000001200 0.000007770 0.000007330 0.000007230 0.000005600 0.000006280 0.000005560 0.000008120 0.000015980 0.000016090 0.000017820 0.000008270 0.000007670 0.000008430 0.000006710 0.000014690 0.000007310 0.000007530 0.000007460 0.000007530 0.000007570 0.000009560 0.000007710 0.000008130 0.000016380 0.000015590 0.000015870 0.000014980 0.000014580 0.000013700 0.000012010 0.000015580 0.000016620 0.000014940 0.000014620 0.000016570 0.000014750 0.000015860 0.000015460 0.000015960 
27     0.000004250 0.000003460 0.000003380 0.000003570 0.000003360 0.000003330 0.000006390 0.000006770 0.000003350 0.000000600 0.000000000 0.000001780 0.000007270 0.000006830 0.000006730 0.000005100 0.000005780 0.000005060 0.000007620 0.000015480 0.000015590 0.000017320 0.000007770 0.000007170 0.000007930 0.000006210 0.000014190 0.000006810 0.000007030 0.000006960 0.000007030 0.000007070 0.000009060 0.000007210 0.000007630 0.000014240 0.000013450 0.000015370 0.000014480 0.000014080 0.000013200 0.000009380 0.000015080 0.000016120 0.000012570 0.000012410 0.000016070 0.000014250 0.000015360 0.000014960 0.000015460 
1     0.000005930 0.000005140 0.000005060 0.000005250 0.000005040 0.000005010 0.000008070 0.000008450 0.000005030 0.000001200 0.000001780 0.000000000 0.000008950 0.000008510 0.000008410 0.000006780 0.000007460 0.000006740 0.000009300 0.000017160 0.000017270 0.000019000 0.000009450 0.000008850 0.000009610 0.000007890 0.000015870 0.000008490 0.000008710 0.000008640 0.000008710 0.000008750 0.000010740 0.000008890 0.000009310 0.000017520 0.000016770 0.000017050 0.000014690 0.000014570 0.000014880 0.000008600 0.000015250 0.000017800 0.000011790 0.000011630 0.000017750 0.000015930 0.000017040 0.000016640 0.000017140 
10     0.000007280 0.000006490 0.000006410 0.000006600 0.000006390 0.000006360 0.000009420 0.000009800 0.000006380 0.000007770 0.000007270 0.000008950 0.000000000 0.000000760 0.000004380 0.000003330 0.000004010 0.000003290 0.000007470 0.000018470 0.000018580 0.000020310 0.000007620 0.000007020 0.000007780 0.000006060 0.000014040 0.000006660 0.000006780 0.000006710 0.000006780 0.000006820 0.000008810 0.000006960 0.000007380 0.000018870 0.000018080 0.000018360 0.000017470 0.000017070 0.000016190 0.000017100 0.000018070 0.000019110 0.000017430 0.000017110 0.000019060 0.000017240 0.000018350 0.000017950 0.000017670 
24     0.000006840 0.000006050 0.000005970 0.000006160 0.000005950 0.000005920 0.000008980 0.000009360 0.000005940 0.000007330 0.000006830 0.000008510 0.000000760 0.000000000 0.000003940 0.000002890 0.000003570 0.000002850 0.000007030 0.000018030 0.000018140 0.000019870 0.000007180 0.000006580 0.000007340 0.000005620 0.000013600 0.000006220 0.000006340 0.000006270 0.000006340 0.000006380 0.000008370 0.000006520 0.000006940 0.000018430 0.000017640 0.000017920 0.000017030 0.000016630 0.000015750 0.000016660 0.000017630 0.000018670 0.000016990 0.000016670 0.000018620 0.000016800 0.000017910 0.000017510 0.000017230 
17     0.000006740 0.000005950 0.000005870 0.000006060 0.000005850 0.000005820 0.000008880 0.000009260 0.000005840 0.000007230 0.000006730 0.000008410 0.000004380 0.000003940 0.000000000 0.000002790 0.000003470 0.000002750 0.000006930 0.000017930 0.000018040 0.000019770 0.000003700 0.000006480 0.000007240 0.000005520 0.000013500 0.000006120 0.000006240 0.000006170 0.000006240 0.000006280 0.000008270 0.000006420 0.000006840 0.000018330 0.000017540 0.000017820 0.000016930 0.000016530 0.000015650 0.000016560 0.000017530 0.000018570 0.000016890 0.000016570 0.000018520 0.000016700 0.000017810 0.000017410 0.000017130 
30     0.000005110 0.000004320 0.000004240 0.000004430 0.000004220 0.000004190 0.000007250 0.000007630 0.000004210 0.000005600 0.000005100 0.000006780 0.000003330 0.000002890 0.000002790 0.000000000 0.000001240 0.000000520 0.000005300 0.000016300 0.000016410 0.000018140 0.000005450 0.000004850 0.000005610 0.000003890 0.000011870 0.000004490 0.000004610 0.000004540 0.000004610 0.000004650 0.000006640 0.000004790 0.000005210 0.000016700 0.000015910 0.000016190 0.000015300 0.000014900 0.000014020 0.000014930 0.000015900 0.000001560 0.000015260 0.000014940 0.000016890 0.000015070 0.000016180 0.000015780 0.000015500 
8     0.000005790 0.000005000 0.000004920 0.000005110 0.000004900 0.000004870 0.000007930 0.000008310 0.000004890 0.000006280 0.000005780 0.000007460 0.000004010 0.000003570 0.000003470 0.000001240 0.000000000 0.000001200 0.000005980 0.000016980 0.000017090 0.000018820 0.000006130 0.000005530 0.000006290 0.000004570 0.000012550 0.000005170 0.000005290 0.000005220 0.000005290 0.000005330 0.000007320 0.000005470 0.000005890 0.000017380 0.000016590 0.000016870 0.000015980 0.000015580 0.000014700 0.000015360 0.000016580 0.000017620 0.000015940 0.000015620 0.000017570 0.000015750 0.000016860 0.000016460 0.000016180 
20     0.000005070 0.000004280 0.000004200 0.000004390 0.000004180 0.000004150 0.000007210 0.000007590 0.000004170 0.000005560 0.000005060 0.000006740 0.000003290 0.000002850 0.000002750 0.000000520 0.000001200 0.000000000 0.000005260 0.000016260 0.000016370 0.000018100 0.000005410 0.000004810 0.000005570 0.000003850 0.000011830 0.000004450 0.000004570 0.000004500 0.000004570 0.000004610 0.000006600 0.000004750 0.000005170 0.000016660 0.000015870 0.000016150 0.000015260 0.000014860 0.000013980 0.000014890 0.000015860 0.000016900 0.000015220 0.000014900 0.000016850 0.000015030 0.000016140 0.000015740 0.000015460 
33     0.000007630 0.000006840 0.000006760 0.000006950 0.000006740 0.000006710 0.000009770 0.000010150 0.000006730 0.000008120 0.000007620 0.000009300 0.000007470 0.000007030 0.000006930 0.000005300 0.000005980 0.000005260 0.000000000 0.000018820 0.000018930 0.000020540 0.000003090 0.000002490 0.000003250 0.000001530 0.000009510 0.000002130 0.000007230 0.000007160 0.000007230 0.000007270 0.000009260 0.000007410 0.000007830 0.000019220 0.000018430 0.000018710 0.000017820 0.000017420 0.000016540 0.000017450 0.000018420 0.000019460 0.000017780 0.000017460 0.000019410 0.000017590 0.000018700 0.000018300 0.000018020 
35     0.000015490 0.000014700 0.000014620 0.000014810 0.000014600 0.000014570 0.000017630 0.000018010 0.000014590 0.000015980 0.000015480 0.000017160 0.000018470 0.000018030 0.000017930 0.000016300 0.000016980 0.000016260 0.000018820 0.000000000 0.000000910 0.000002680 0.000018970 0.000016000 0.000019130 0.000017410 0.000025390 0.000018010 0.000018230 0.000018160 0.000018230 0.000018270 0.000020260 0.000018410 0.000018830 0.000005560 0.000004770 0.000005050 0.000004160 0.000003760 0.000002880 0.000026090 0.000004760 0.000005800 0.000004120 0.000003800 0.000003370 0.000002810 0.000001120 0.000003500 0.000026660 
9     0.000015600 0.000014810 0.000014730 0.000014920 0.000014710 0.000014680 0.000017740 0.000018120 0.000014700 0.000016090 0.000015590 0.000017270 0.000018580 0.000018140 0.000018040 0.000016410 0.000017090 0.000016370 0.000018930 0.000000910 0.000000000 0.000002790 0.000019080 0.000014100 0.000019240 0.000017520 0.000025080 0.000018120 0.000018340 0.000018270 0.000018340 0.000018380 0.000020370 0.000018520 0.000018940 0.000005670 0.000004880 0.000005160 0.000004270 0.000003870 0.000002990 0.000026200 0.000004870 0.000005910 0.000004230 0.000003910 0.000003480 0.000002920 0.000001230 0.000003610 0.000026770 
22     0.000017330 0.000016540 0.000016460 0.000016650 0.000016440 0.000016410 0.000019470 0.000019850 0.000016430 0.000017820 0.000017320 0.000019000 0.000020310 0.000019870 0.000019770 0.000018140 0.000018820 0.000018100 0.000020540 0.000002680 0.000002790 0.000000000 0.000020810 0.000013090 0.000020970 0.000019250 0.000024250 0.000019850 0.000020070 0.000020000 0.000020070 0.000020110 0.000022100 0.000020250 0.000020670 0.000007400 0.000006610 0.000006890 0.000006000 0.000005600 0.000004720 0.000027930 0.000006600 0.000007640 0.000005960 0.000005640 0.000005210 0.000004650 0.000002960 0.000005340 0.000028500 
2     0.000007780 0.000006990 0.000006910 0.000007100 0.000006890 0.000006860 0.000009920 0.000010300 0.000006880 0.000008270 0.000007770 0.000009450 0.000007620 0.000007180 0.000003700 0.000005450 0.000006130 0.000005410 0.000003090 0.000018970 0.000019080 0.000020810 0.000000000 0.000001220 0.000001440 0.000001600 0.000009640 0.000002260 0.000007380 0.000007310 0.000007380 0.000007420 0.000009410 0.000007560 0.000007980 0.000019370 0.000018580 0.000018860 0.000017970 0.000017570 0.000016690 0.000017600 0.000018570 0.000019610 0.000017930 0.000017610 0.000019560 0.000017740 0.000018850 0.000018450 0.000018170 
12     0.000007180 0.000006390 0.000006310 0.000006500 0.000006290 0.000006260 0.000009320 0.000009700 0.000006280 0.000007670 0.000007170 0.000008850 0.000007020 0.000006580 0.000006480 0.000004850 0.000005530 0.000004810 0.000002490 0.000016000 0.000014100 0.000013090 0.000001220 0.000000000 0.000001380 0.000001000 0.000009040 0.000001660 0.000006780 0.000006710 0.000006780 0.000006820 0.000008810 0.000006960 0.000007380 0.000018770 0.000017980 0.000018260 0.000017370 0.000016970 0.000016090 0.000017000 0.000017970 0.000019010 0.000017330 0.000017010 0.000018960 0.000017140 0.000018250 0.000017850 0.000017570 
32     0.000007940 0.000007150 0.000007070 0.000007260 0.000007050 0.000007020 0.000010080 0.000010460 0.000007040 0.000008430 0.000007930 0.000009610 0.000007780 0.000007340 0.000007240 0.000005610 0.000006290 0.000005570 0.000003250 0.000019130 0.000019240 0.000020970 0.000001440 0.000001380 0.000000000 0.000001760 0.000009800 0.000002420 0.000007540 0.000007470 0.000007540 0.000007580 0.000009570 0.000007720 0.000008140 0.000019530 0.000018740 0.000019020 0.000018130 0.000017730 0.000016850 0.000017760 0.000018730 0.000019770 0.000018090 0.000017770 0.000019720 0.000017900 0.000019010 0.000018610 0.000018330 
7     0.000006220 0.000005430 0.000005350 0.000005540 0.000005330 0.000005300 0.000008360 0.000008740 0.000005320 0.000006710 0.000006210 0.000007890 0.000006060 0.000005620 0.000005520 0.000003890 0.000004570 0.000003850 0.000001530 0.000017410 0.000017520 0.000019250 0.000001600 0.000001000 0.000001760 0.000000000 0.000004040 0.000000700 0.000005820 0.000005750 0.000005820 0.000005860 0.000007850 0.000006000 0.000006420 0.000017810 0.000017020 0.000017300 0.000016410 0.000016010 0.000015130 0.000016040 0.000017010 0.000018050 0.000016370 0.000016050 0.000018000 0.000016180 0.000017290 0.000016890 0.000016610 
26     0.000014200 0.000013410 0.000013330 0.000013520 0.000013310 0.000013280 0.000016340 0.000016720 0.000013300 0.000014690 0.000014190 0.000015870 0.000014040 0.000013600 0.000013500 0.000011870 0.000012550 0.000011830 0.000009510 0.000025390 0.000025080 0.000024250 0.000009640 0.000009040 0.000009800 0.000004040 0.000000000 0.000008620 0.000013800 0.000013730 0.000013800 0.000013840 0.000015830 0.000013980 0.000014400 0.000025790 0.000025000 0.000025280 0.000024390 0.000023990 0.000023110 0.000024020 0.000024990 0.000026030 0.000024350 0.000024030 0.000025980 0.000024160 0.000025270 0.000024870 0.000024590 
28     0.000006820 0.000006030 0.000005950 0.000006140 0.000005930 0.000005900 0.000008960 0.000009340 0.000005920 0.000007310 0.000006810 0.000008490 0.000006660 0.000006220 0.000006120 0.000004490 0.000005170 0.000004450 0.000002130 0.000018010 0.000018120 0.000019850 0.000002260 0.000001660 0.000002420 0.000000700 0.000008620 0.000000000 0.000006420 0.000006350 0.000006420 0.000006460 0.000008450 0.000006600 0.000007020 0.000018410 0.000017620 0.000017900 0.000017010 0.000016610 0.000015730 0.000016640 0.000017610 0.000018650 0.000016970 0.000016650 0.000018600 0.000016780 0.000017890 0.000017490 0.000017210 
23     0.000007040 0.000006250 0.000006170 0.000006360 0.000006150 0.000006120 0.000009180 0.000009560 0.000006140 0.000007530 0.000007030 0.000008710 0.000006780 0.000006340 0.000006240 0.000004610 0.000005290 0.000004570 0.000007230 0.000018230 0.000018340 0.000020070 0.000007380 0.000006780 0.000007540 0.000005820 0.000013800 0.000006420 0.000000000 0.000001050 0.000001120 0.000001160 0.000003590 0.000001740 0.000002160 0.000018630 0.000017840 0.000018120 0.000017230 0.000016830 0.000015950 0.000016860 0.000017830 0.000018870 0.000017190 0.000016870 0.000018820 0.000017000 0.000018110 0.000017710 0.000017430 
15     0.000006970 0.000006180 0.000006100 0.000006290 0.000006080 0.000006050 0.000009110 0.000009490 0.000006070 0.000007460 0.000006960 0.000008640 0.000006710 0.000006270 0.000006170 0.000004540 0.000005220 0.000004500 0.000007160 0.000018160 0.000018270 0.000020000 0.000007310 0.000006710 0.000007470 0.000005750 0.000013730 0.000006350 0.000001050 0.000000000 0.000000970 0.000001010 0.000003520 0.000001670 0.000002090 0.000018560 0.000017770 0.000018050 0.000017160 0.000016760 0.000015880 0.000016790 0.000017760 0.000018800 0.000017120 0.000016800 0.000018750 0.000016930 0.000018040 0.000017640 0.000017360 
34     0.000007040 0.000006250 0.000006170 0.000006360 0.000006150 0.000006120 0.000009180 0.000009560 0.000006140 0.000007530 0.000007030 0.000008710 0.000006780 0.000006340 0.000006240 0.000004610 0.000005290 0.000004570 0.000007230 0.000018230 0.000018340 0.000020070 0.000007380 0.000006780 0.000007540 0.000005820 0.000013800 0.000006420 0.000001120 0.000000970 0.000000000 0.000000500 0.000003590 0.000001740 0.000002160 0.000014990 0.000017250 0.000018120 0.000014240 0.000015380 0.000015950 0.000016860 0.000017830 0.000016620 0.000014700 0.000016870 0.000018820 0.000017000 0.000018110 0.000017710 0.000017430 
31     0.000007080 0.000006290 0.000006210 0.000006400 0.000006190 0.000006160 0.000009220 0.000009600 0.000006180 0.000007570 0.000007070 0.000008750 0.000006820 0.000006380 0.000006280 0.000004650 0.000005330 0.000004610 0.000007270 0.000018270 0.000018380 0.000020110 0.000007420 0.000006820 0.000007580 0.000005860 0.000013840 0.000006460 0.000001160 0.000001010 0.000000500 0.000000000 0.000003630 0.000001780 0.000002200 0.000018670 0.000017880 0.000018160 0.000017270 0.000016870 0.000015990 0.000016900 0.000017870 0.000018910 0.000017230 0.000016910 0.000018860 0.000017040 0.000018150 0.000017750 0.000017470 
13     0.000009070 0.000008280 0.000008200 0.000008390 0.000008180 0.000008150 0.000011210 0.000011590 0.000008170 0.000009560 0.000009060 0.000010740 0.000008810 0.000008370 0.000008270 0.000006640 0.000007320 0.000006600 0.000009260 0.000020260 0.000020370 0.000022100 0.000009410 0.000008810 0.000009570 0.000007850 0.000015830 0.000008450 0.000003590 0.000003520 0.000003590 0.000003630 0.000000000 0.000002290 0.000003350 0.000020660 0.000019870 0.000020150 0.000019260 0.000018860 0.000017980 0.000018890 0.000019860 0.000020900 0.000019220 0.000018900 0.000020850 0.000019030 0.000020140 0.000019740 0.000019460 
19     0.000007220 0.000006430 0.000006350 0.000006540 0.000006330 0.000006300 0.000009360 0.000009740 0.000006320 0.000007710 0.000007210 0.000008890 0.000006960 0.000006520 0.000006420 0.000004790 0.000005470 0.000004750 0.000007410 0.000018410 0.000018520 0.000020250 0.000007560 0.000006960 0.000007720 0.000006000 0.000013980 0.000006600 0.000001740 0.000001670 0.000001740 0.000001780 0.000002290 0.000000000 0.000001500 0.000009440 0.000018020 0.000018300 0.000017410 0.000017010 0.000016130 0.000017040 0.000018010 0.000019050 0.000017370 0.000017050 0.000019000 0.000017180 0.000018290 0.000017890 0.000017610 
25     0.000007640 0.000006850 0.000006770 0.000006960 0.000006750 0.000006720 0.000009780 0.000010160 0.000006740 0.000008130 0.000007630 0.000009310 0.000007380 0.000006940 0.000006840 0.000005210 0.000005890 0.000005170 0.000007830 0.000018830 0.000018940 0.000020670 0.000007980 0.000007380 0.000008140 0.000006420 0.000014400 0.000007020 0.000002160 0.000002090 0.000002160 0.000002200 0.000003350 0.000001500 0.000000000 0.000019230 0.000018440 0.000018720 0.000017830 0.000017430 0.000016550 0.000017460 0.000018430 0.000019470 0.000017790 0.000017470 0.000018290 0.000017600 0.000018710 0.000018310 0.000018030 
47     0.000015890 0.000015100 0.000015020 0.000015210 0.000015000 0.000014970 0.000018030 0.000018410 0.000014990 0.000016380 0.000014240 0.000017520 0.000018870 0.000018430 0.000018330 0.000016700 0.000017380 0.000016660 0.000019220 0.000005560 0.000005670 0.000007400 0.000019370 0.000018770 0.000019530 0.000017810 0.000025790 0.000018410 0.000018630 0.000018560 0.000014990 0.000018670 0.000020660 0.000009440 0.000019230 0.000000000 0.000003530 0.000003910 0.000004500 0.000004100 0.000003220 0.000017790 0.000005100 0.000006140 0.000004460 0.000004140 0.000006150 0.000004330 0.000005440 0.000005040 0.000027060 
41     0.000015100 0.000014310 0.000014230 0.000014420 0.000014210 0.000014180 0.000017240 0.000017620 0.000014200 0.000015590 0.000013450 0.000016770 0.000018080 0.000017640 0.000017540 0.000015910 0.000016590 0.000015870 0.000018430 0.000004770 0.000004880 0.000006610 0.000018580 0.000017980 0.000018740 0.000017020 0.000025000 0.000017620 0.000017840 0.000017770 0.000017250 0.000017880 0.000019870 0.000018020 0.000018440 0.000003530 0.000000000 0.000003120 0.000003710 0.000003310 0.000002430 0.000020050 0.000004310 0.000005350 0.000003670 0.000003350 0.000005360 0.000003540 0.000004650 0.000004250 0.000026270 
49     0.000015380 0.000014590 0.000014510 0.000014700 0.000014490 0.000014460 0.000017520 0.000017900 0.000014480 0.000015870 0.000015370 0.000017050 0.000018360 0.000017920 0.000017820 0.000016190 0.000016870 0.000016150 0.000018710 0.000005050 0.000005160 0.000006890 0.000018860 0.000018260 0.000019020 0.000017300 0.000025280 0.000017900 0.000018120 0.000018050 0.000018120 0.000018160 0.000020150 0.000018300 0.000018720 0.000003910 0.000003120 0.000000000 0.000003990 0.000003590 0.000002710 0.000018940 0.000004590 0.000005630 0.000003950 0.000003630 0.000005640 0.000003820 0.000004930 0.000004530 0.000026550 
42     0.000014490 0.000013700 0.000013620 0.000013810 0.000013600 0.000013570 0.000016630 0.000017010 0.000013590 0.000014980 0.000014480 0.000014690 0.000017470 0.000017030 0.000016930 0.000015300 0.000015980 0.000015260 0.000017820 0.000004160 0.000004270 0.000006000 0.000017970 0.000017370 0.000018130 0.000016410 0.000024390 0.000017010 0.000017230 0.000017160 0.000014240 0.000017270 0.000019260 0.000017410 0.000017830 0.000004500 0.000003710 0.000003990 0.000000000 0.000001020 0.000001500 0.000014680 0.000003320 0.000004360 0.000002680 0.000002360 0.000004750 0.000002930 0.000004040 0.000003640 0.000025660 
44     0.000014090 0.000013300 0.000013220 0.000013410 0.000013200 0.000013170 0.000016230 0.000016610 0.000013190 0.000014580 0.000014080 0.000014570 0.000017070 0.000016630 0.000016530 0.000014900 0.000015580 0.000014860 0.000017420 0.000003760 0.000003870 0.000005600 0.000017570 0.000016970 0.000017730 0.000016010 0.000023990 0.000016610 0.000016830 0.000016760 0.000015380 0.000016870 0.000018860 0.000017010 0.000017430 0.000004100 0.000003310 0.000003590 0.000001020 0.000000000 0.000001100 0.000015820 0.000002920 0.000003960 0.000002280 0.000001960 0.000004350 0.000002530 0.000003640 0.000003240 0.000025260 
37     0.000013210 0.000012420 0.000012340 0.000012530 0.000012320 0.000012290 0.000015350 0.000015730 0.000012310 0.000013700 0.000013200 0.000014880 0.000016190 0.000015750 0.000015650 0.000014020 0.000014700 0.000013980 0.000016540 0.000002880 0.000002990 0.000004720 0.000016690 0.000016090 0.000016850 0.000015130 0.000023110 0.000015730 0.000015950 0.000015880 0.000015950 0.000015990 0.000017980 0.000016130 0.000016550 0.000003220 0.000002430 0.000002710 0.000001500 0.000001100 0.000000000 0.000022120 0.000002100 0.000003140 0.000001460 0.000001140 0.000003470 0.000001650 0.000002760 0.000002360 0.000024380 
45     0.000014900 0.000014110 0.000014030 0.000014220 0.000014010 0.000013980 0.000017040 0.000017420 0.000014000 0.000012010 0.000009380 0.000008600 0.000017100 0.000016660 0.000016560 0.000014930 0.000015360 0.000014890 0.000017450 0.000026090 0.000026200 0.000027930 0.000017600 0.000017000 0.000017760 0.000016040 0.000024020 0.000016640 0.000016860 0.000016790 0.000016860 0.000016900 0.000018890 0.000017040 0.000017460 0.000017790 0.000020050 0.000018940 0.000014680 0.000015820 0.000022120 0.000000000 0.000016950 0.000019790 0.000013490 0.000013330 0.000023290 0.000024860 0.000025340 0.000023200 0.000002070 
50     0.000015090 0.000014300 0.000014220 0.000014410 0.000014200 0.000014170 0.000017230 0.000017610 0.000014190 0.000015580 0.000015080 0.000015250 0.000018070 0.000017630 0.000017530 0.000015900 0.000016580 0.000015860 0.000018420 0.000004760 0.000004870 0.000006600 0.000018570 0.000017970 0.000018730 0.000017010 0.000024990 0.000017610 0.000017830 0.000017760 0.000017830 0.000017870 0.000019860 0.000018010 0.000018430 0.000005100 0.000004310 0.000004590 0.000003320 0.000002920 0.000002100 0.000016950 0.000000000 0.000001420 0.000002740 0.000002420 0.000005350 0.000003530 0.000004640 0.000004240 0.000026260 
48     0.000016130 0.000015340 0.000015260 0.000015450 0.000015240 0.000015210 0.000018270 0.000018650 0.000015230 0.000016620 0.000016120 0.000017800 0.000019110 0.000018670 0.000018570 0.000001560 0.000017620 0.000016900 0.000019460 0.000005800 0.000005910 0.000007640 0.000019610 0.000019010 0.000019770 0.000018050 0.000026030 0.000018650 0.000018870 0.000018800 0.000016620 0.000018910 0.000020900 0.000019050 0.000019470 0.000006140 0.000005350 0.000005630 0.000004360 0.000003960 0.000003140 0.000019790 0.000001420 0.000000000 0.000003780 0.000003460 0.000006390 0.000004570 0.000005680 0.000005280 0.000027300 
36     0.000014450 0.000013660 0.000013580 0.000013770 0.000013560 0.000013530 0.000016590 0.000016970 0.000013550 0.000014940 0.000012570 0.000011790 0.000017430 0.000016990 0.000016890 0.000015260 0.000015940 0.000015220 0.000017780 0.000004120 0.000004230 0.000005960 0.000017930 0.000017330 0.000018090 0.000016370 0.000024350 0.000016970 0.000017190 0.000017120 0.000014700 0.000017230 0.000019220 0.000017370 0.000017790 0.000004460 0.000003670 0.000003950 0.000002680 0.000002280 0.000001460 0.000013490 0.000002740 0.000003780 0.000000000 0.000000320 0.000004710 0.000002890 0.000004000 0.000003600 0.000002080 
38     0.000014130 0.000013340 0.000013260 0.000013450 0.000013240 0.000013210 0.000016270 0.000016650 0.000013230 0.000014620 0.000012410 0.000011630 0.000017110 0.000016670 0.000016570 0.000014940 0.000015620 0.000014900 0.000017460 0.000003800 0.000003910 0.000005640 0.000017610 0.000017010 0.000017770 0.000016050 0.000024030 0.000016650 0.000016870 0.000016800 0.000016870 0.000016910 0.000018900 0.000017050 0.000017470 0.000004140 0.000003350 0.000003630 0.000002360 0.000001960 0.000001140 0.000013330 0.000002420 0.000003460 0.000000320 0.000000000 0.000004390 0.000002570 0.000003680 0.000003280 0.000025300 
43     0.000016080 0.000015290 0.000015210 0.000015400 0.000015190 0.000015160 0.000018220 0.000018600 0.000015180 0.000016570 0.000016070 0.000017750 0.000019060 0.000018620 0.000018520 0.000016890 0.000017570 0.000016850 0.000019410 0.000003370 0.000003480 0.000005210 0.000019560 0.000018960 0.000019720 0.000018000 0.000025980 0.000018600 0.000018820 0.000018750 0.000018820 0.000018860 0.000020850 0.000019000 0.000018290 0.000006150 0.000005360 0.000005640 0.000004750 0.000004350 0.000003470 0.000023290 0.000005350 0.000006390 0.000004710 0.000004390 0.000000000 0.000003400 0.000003250 0.000004090 0.000027250 
39     0.000014260 0.000013470 0.000013390 0.000013580 0.000013370 0.000013340 0.000016400 0.000016780 0.000013360 0.000014750 0.000014250 0.000015930 0.000017240 0.000016800 0.000016700 0.000015070 0.000015750 0.000015030 0.000017590 0.000002810 0.000002920 0.000004650 0.000017740 0.000017140 0.000017900 0.000016180 0.000024160 0.000016780 0.000017000 0.000016930 0.000017000 0.000017040 0.000019030 0.000017180 0.000017600 0.000004330 0.000003540 0.000003820 0.000002930 0.000002530 0.000001650 0.000024860 0.000003530 0.000004570 0.000002890 0.000002570 0.000003400 0.000000000 0.000002690 0.000002290 0.000025430 
40     0.000015370 0.000014580 0.000014500 0.000014690 0.000014480 0.000014450 0.000017510 0.000017890 0.000014470 0.000015860 0.000015360 0.000017040 0.000018350 0.000017910 0.000017810 0.000016180 0.000016860 0.000016140 0.000018700 0.000001120 0.000001230 0.000002960 0.000018850 0.000018250 0.000019010 0.000017290 0.000025270 0.000017890 0.000018110 0.000018040 0.000018110 0.000018150 0.000020140 0.000018290 0.000018710 0.000005440 0.000004650 0.000004930 0.000004040 0.000003640 0.000002760 0.000025340 0.000004640 0.000005680 0.000004000 0.000003680 0.000003250 0.000002690 0.000000000 0.000003380 0.000026540 
46     0.000014970 0.000014180 0.000014100 0.000014290 0.000014080 0.000014050 0.000017110 0.000017490 0.000010390 0.000015460 0.000014960 0.000016640 0.000017950 0.000017510 0.000017410 0.000015780 0.000016460 0.000015740 0.000018300 0.000003500 0.000003610 0.000005340 0.000018450 0.000017850 0.000018610 0.000016890 0.000024870 0.000017490 0.000017710 0.000017640 0.000017710 0.000017750 0.000019740 0.000017890 0.000018310 0.000005040 0.000004250 0.000004530 0.000003640 0.000003240 0.000002360 0.000023200 0.000004240 0.000005280 0.000003600 0.000003280 0.000004090 0.000002290 0.000003380 0.000000000 0.000026140 
0     0.000015470 0.000014680 0.000014600 0.000014790 0.000014580 0.000014550 0.000017610 0.000017990 0.000014570 0.000015960 0.000015460 0.000017140 0.000017670 0.000017230 0.000017130 0.000015500 0.000016180 0.000015460 0.000018020 0.000026660 0.000026770 0.000028500 0.000018170 0.000017570 0.000018330 0.000016610 0.000024590 0.000017210 0.000017430 0.000017360 0.000017430 0.000017470 0.000019460 0.000017610 0.000018030 0.000027060 0.000026270 0.000026550 0.000025660 0.000025260 0.000024380 0.000002070 0.000026260 0.000027300 0.000002080 0.000025300 0.000027250 0.000025430 0.000026540 0.000026140 0.000000000 
