51
6     0.000000000 0.076678389 0.117454891 0.094464136 0.077149829 0.262051440 0.086166726 0.096832877 0.160097678 0.160313162 0.101308115 0.130260567 0.320518294 0.353427040 0.317567538 0.319435461 0.317314813 0.244124548 0.244400812 0.300257431 0.504724635 0.126966040 0.284238252 0.112859886 0.114436202 0.179901105 0.138235979 0.138143403 0.141384749 0.131445615 0.144422319 0.132942952 0.251743615 0.206369996 0.205215795 0.219712899 0.218761230 0.232193325 0.198901796 0.317748461 0.127200250 0.216359962 0.147658887 0.147839251 0.113410973 0.109854673 0.121172989 0.211217231 0.121433741 0.102747071 0.131779082 
2     0.076678389 0.000000000 0.074685907 0.048361628 0.031331962 0.216220918 0.040357384 0.051023534 0.114288336 0.114503819 0.055498772 0.084451224 0.274708951 0.307617698 0.271758196 0.273626118 0.271505470 0.198315206 0.198591469 0.254448089 0.458915292 0.081156698 0.238428910 0.067050544 0.068626860 0.134091763 0.092426636 0.092334061 0.095575407 0.085655917 0.098612976 0.087133609 0.205934272 0.160560654 0.159406453 0.173903557 0.172951888 0.186383983 0.153092453 0.271939119 0.081390907 0.170550620 0.101849545 0.102029908 0.067601631 0.064045331 0.075363647 0.165407888 0.075624399 0.056937728 0.085969740 
1     0.117454891 0.074685907 0.000000000 0.080370342 0.064216982 0.249295100 0.073445562 0.084111821 0.147376643 0.147592126 0.088587079 0.117539531 0.307797129 0.340705875 0.304846373 0.306714295 0.304593647 0.231403383 0.231679647 0.287536266 0.492003465 0.114244875 0.271517087 0.100138721 0.101715037 0.167179940 0.125514814 0.125422238 0.128663584 0.118725582 0.131759269 0.120279902 0.239080565 0.193706947 0.192552746 0.207049850 0.206098181 0.219530276 0.186238746 0.305083651 0.114537200 0.203698139 0.135054734 0.135245069 0.100749150 0.097192850 0.108511167 0.198555408 0.108771921 0.090085251 0.119058027 
4     0.094464136 0.048361628 0.080370342 0.000000000 0.030568575 0.215628853 0.039773710 0.050440563 0.113704790 0.113920274 0.054915227 0.083867679 0.274113830 0.307022577 0.271163075 0.273030997 0.270910349 0.197720085 0.197996348 0.253852968 0.458320171 0.080561577 0.237833789 0.066455423 0.068031739 0.133496641 0.091831515 0.091738940 0.094980286 0.085119522 0.098076582 0.086597215 0.205397878 0.160024259 0.158870058 0.173367162 0.172415493 0.185847588 0.152556059 0.271402724 0.080854513 0.169960947 0.101317541 0.101507876 0.067011955 0.063455655 0.074773971 0.164818215 0.075034723 0.056347617 0.085386768 
3     0.077149829 0.031331962 0.064216982 0.030568575 0.000000000 0.193283453 0.017485260 0.028151279 0.091416089 0.091631578 0.032626531 0.061578983 0.251836580 0.284745327 0.248885825 0.250753747 0.248633099 0.175442835 0.175719098 0.231575718 0.436042921 0.058278884 0.215551096 0.044172730 0.045749046 0.111213949 0.069548823 0.069461690 0.072703036 0.062836830 0.075795352 0.064315985 0.183115185 0.137741567 0.136587366 0.151084470 0.150132801 0.163564896 0.130273366 0.249120032 0.058577263 0.147721141 0.079077735 0.079233419 0.044772152 0.041215852 0.052534168 0.142579325 0.052797316 0.034110645 0.063097510 
5     0.262051440 0.216220918 0.249295100 0.215628853 0.193283453 0.000000000 0.199790980 0.210423821 0.273690528 0.273905988 0.214900896 0.243853347 0.434068735 0.466977482 0.431117980 0.432985902 0.430865254 0.357676725 0.357952988 0.413809608 0.618276811 0.240516481 0.397788694 0.226411104 0.227987420 0.293452323 0.251787197 0.251492974 0.254732954 0.244848714 0.257618711 0.246139344 0.365146332 0.319772714 0.318618513 0.333115617 0.332163948 0.345596043 0.312510708 0.431150358 0.240602967 0.329762651 0.261119245 0.261309580 0.226813869 0.223257569 0.234575885 0.324620129 0.234836614 0.216149943 0.245359266 
32     0.086166726 0.040357384 0.073445562 0.039773710 0.017485260 0.199790980 0.000000000 0.017536166 0.080033089 0.080292460 0.021502470 0.050455011 0.246875647 0.279789222 0.243929748 0.245797670 0.243677022 0.170541982 0.170818246 0.226674865 0.431142686 0.053322312 0.210676527 0.039304379 0.040880694 0.106340707 0.064675581 0.064599527 0.067836362 0.057639654 0.070842850 0.059363483 0.178136797 0.132763179 0.131608978 0.146106082 0.145154413 0.158586508 0.125294978 0.244128377 0.053603775 0.142778532 0.074135126 0.074325461 0.039832655 0.036276355 0.047594671 0.137638917 0.047909106 0.029222358 0.058339595 
10     0.096832877 0.051023534 0.084111821 0.050440563 0.028151279 0.210423821 0.017536166 0.000000000 0.086696688 0.086889148 0.027762635 0.056701310 0.257454275 0.290363034 0.254499691 0.256367582 0.254246934 0.181124332 0.181400596 0.237257215 0.441721473 0.063951310 0.221242233 0.049851382 0.051427706 0.116910248 0.075245122 0.075167820 0.078361649 0.068589953 0.081530648 0.070050590 0.188816556 0.143442937 0.142288736 0.156785840 0.155834171 0.169266266 0.135974736 0.254821892 0.064270948 0.153428297 0.084725741 0.084916076 0.050479303 0.046923003 0.058241319 0.148246802 0.058507204 0.039846378 0.068727092 
24     0.160097678 0.114288336 0.147376643 0.113704790 0.091416089 0.273690528 0.080033089 0.086696688 0.000000000 0.062385920 0.084872990 0.113819336 0.320815602 0.353724574 0.317865100 0.319733022 0.317612374 0.244426600 0.244702863 0.300559483 0.505026655 0.127264985 0.284555908 0.112973694 0.114550010 0.180081119 0.138415992 0.138473277 0.141680470 0.131891115 0.144856667 0.133376609 0.252150590 0.206776971 0.205622770 0.220119874 0.219168205 0.232600300 0.199308770 0.318155119 0.127607720 0.216770167 0.148126761 0.148317096 0.113821172 0.110264872 0.121583189 0.211627436 0.121843315 0.103156708 0.132143503 
34     0.160313162 0.114503819 0.147592126 0.113920274 0.091631578 0.273905988 0.080292460 0.086889148 0.062385920 0.000000000 0.085152624 0.114098971 0.320372268 0.353318581 0.317459107 0.319327029 0.317206381 0.244558626 0.244834890 0.300691509 0.505158686 0.127413460 0.284704384 0.112962995 0.114547385 0.180325895 0.138660769 0.138616632 0.141820971 0.132104030 0.145069718 0.133589660 0.252363673 0.206990054 0.205835853 0.220332957 0.219381288 0.232813383 0.199521853 0.318369002 0.127820796 0.216936599 0.148293194 0.148483529 0.113987604 0.110431305 0.121749621 0.211793868 0.122009747 0.103323140 0.132358876 
33     0.101308115 0.055498772 0.088587079 0.054915227 0.032626531 0.214900896 0.021502470 0.027762635 0.084872990 0.085152624 0.000000000 0.033849396 0.262024343 0.294933314 0.259073840 0.260941762 0.258821114 0.185635375 0.185911639 0.241768258 0.446235435 0.068448709 0.225739632 0.054337819 0.055914135 0.121403809 0.079738683 0.079650486 0.082865045 0.073075626 0.085990297 0.074510239 0.193308745 0.147935126 0.146780925 0.161278029 0.160326360 0.173758455 0.140466925 0.259282739 0.068748484 0.157889868 0.089246463 0.089436798 0.054940873 0.051384574 0.062702890 0.152747137 0.062963010 0.044276404 0.073353920 
22     0.130260567 0.084451224 0.117539531 0.083867679 0.061578983 0.243853347 0.050455011 0.056701310 0.113819336 0.114098971 0.033849396 0.000000000 0.290995836 0.323904807 0.288045333 0.289913255 0.287792607 0.214606868 0.214883132 0.270739751 0.475206928 0.097420202 0.254711125 0.083309312 0.084885628 0.150375302 0.108710176 0.108603025 0.111838096 0.102028166 0.114993895 0.103513837 0.222312342 0.176938724 0.175784523 0.190281627 0.189329958 0.202762053 0.169470523 0.288293179 0.097769465 0.186871151 0.118227745 0.118418080 0.083922156 0.080365856 0.091684172 0.181728420 0.091944293 0.073257686 0.102306372 
20     0.320518294 0.274708951 0.307797129 0.274113830 0.251836580 0.434068735 0.246875647 0.257454275 0.320815602 0.320372268 0.262024343 0.290995836 0.000000000 0.177762574 0.149545134 0.152091837 0.151009629 0.326221504 0.325889496 0.382319823 0.586980146 0.256803850 0.413680813 0.242696719 0.244289415 0.309579214 0.267914088 0.278170908 0.282199759 0.282055422 0.293889610 0.283327524 0.402042616 0.356668998 0.355514047 0.370011901 0.369060232 0.382492327 0.348850115 0.468162552 0.277610533 0.368307872 0.299643931 0.299854801 0.265359230 0.261803077 0.273121394 0.363176721 0.273343297 0.254655053 0.292596525 
43     0.353427040 0.307617698 0.340705875 0.307022577 0.284745327 0.466977482 0.279789222 0.290363034 0.353724574 0.353318581 0.294933314 0.323904807 0.177762574 0.000000000 0.072888479 0.069580182 0.072904873 0.358325871 0.357993862 0.414424190 0.619125069 0.289710926 0.446545247 0.275614602 0.277196436 0.342485959 0.300820833 0.311079906 0.315110906 0.314962522 0.327272449 0.316234625 0.434949717 0.389576098 0.388421147 0.402919001 0.401967332 0.415399427 0.380885020 0.501069652 0.310408967 0.401215473 0.332551532 0.332762402 0.298266831 0.294710678 0.306028995 0.396084322 0.306251149 0.287562654 0.325505923 
48     0.317567538 0.271758196 0.304846373 0.271163075 0.248885825 0.431117980 0.243929748 0.254499691 0.317865100 0.317459107 0.259073840 0.288045333 0.149545134 0.072888479 0.000000000 0.017662932 0.018880252 0.322687762 0.322355753 0.378786081 0.585277824 0.253851436 0.410685718 0.239741017 0.241336976 0.306626776 0.264961650 0.275220405 0.279251405 0.279103021 0.291412948 0.280375123 0.399090215 0.353716597 0.352561646 0.367059500 0.366107831 0.379539926 0.345023307 0.465210151 0.274547421 0.365355972 0.296692031 0.296902901 0.262407330 0.258851177 0.270169493 0.360224821 0.270391648 0.251703153 0.289645769 
38     0.319435461 0.273626118 0.306714295 0.273030997 0.250753747 0.432985902 0.245797670 0.256367582 0.319733022 0.319327029 0.260941762 0.289913255 0.152091837 0.069580182 0.017662932 0.000000000 0.020160578 0.324554430 0.324222422 0.380652750 0.587144493 0.255719358 0.412553641 0.241608868 0.243204898 0.308494698 0.266829572 0.277088327 0.281119327 0.280970943 0.293280870 0.282243046 0.400958137 0.355584519 0.354429568 0.368927422 0.367975753 0.381407848 0.346898134 0.467078073 0.276415343 0.367223894 0.298559953 0.298770823 0.264275252 0.260719099 0.272037415 0.362092743 0.272259570 0.253571075 0.291513691 
28     0.317314813 0.271505470 0.304593647 0.270910349 0.248633099 0.430865254 0.243677022 0.254246934 0.317612374 0.317206381 0.258821114 0.287792607 0.151009629 0.072904873 0.018880252 0.020160578 0.000000000 0.322449534 0.322117525 0.378547853 0.585039596 0.253598710 0.410432993 0.239488194 0.241084250 0.306374050 0.264708924 0.274967679 0.278998679 0.278850295 0.291160222 0.280122398 0.398837489 0.353463871 0.352308920 0.366806774 0.365855105 0.379287200 0.344777486 0.464957425 0.274294695 0.365103246 0.296439305 0.296650175 0.262154604 0.258598451 0.269916767 0.359972095 0.270138922 0.251450427 0.289393043 
45     0.244124548 0.198315206 0.231403383 0.197720085 0.175442835 0.357676725 0.170541982 0.181124332 0.244426600 0.244558626 0.185635375 0.214606868 0.326221504 0.358325871 0.322687762 0.324554430 0.322449534 0.000000000 0.046555298 0.134174598 0.454961901 0.180516353 0.337468881 0.166417718 0.167994332 0.233245838 0.191580712 0.202028360 0.206005688 0.205347600 0.217880093 0.206488294 0.324797909 0.279421548 0.278266598 0.292764451 0.291812782 0.305244877 0.272205832 0.391331637 0.200959546 0.291874738 0.223210797 0.223421667 0.188926096 0.185369943 0.196688260 0.286743587 0.196920316 0.178207293 0.216207976 
27     0.244400812 0.198591469 0.231679647 0.197996348 0.175719098 0.357952988 0.170818246 0.181400596 0.244702863 0.244834890 0.185911639 0.214883132 0.325889496 0.357993862 0.322355753 0.324222422 0.322117525 0.046555298 0.000000000 0.141393900 0.456352070 0.180853065 0.337805593 0.166754431 0.168331045 0.233582551 0.191917425 0.202278858 0.206256186 0.205672430 0.218204923 0.206813124 0.325122739 0.279746378 0.278591428 0.293089281 0.292137612 0.305569707 0.272530662 0.391656467 0.201284376 0.292129871 0.223465930 0.223676800 0.189181229 0.185625076 0.196943392 0.286998720 0.197175448 0.178462425 0.216484240 
9     0.300257431 0.254448089 0.287536266 0.253852968 0.231575718 0.413809608 0.226674865 0.237257215 0.300559483 0.300691509 0.241768258 0.270739751 0.382319823 0.414424190 0.378786081 0.380652750 0.378547853 0.134174598 0.141393900 0.000000000 0.511052103 0.236615941 0.393568469 0.222517306 0.224093920 0.289345427 0.247680300 0.258127949 0.262105277 0.261640992 0.274185578 0.262793779 0.381508571 0.336134953 0.334980002 0.349477856 0.348526187 0.361958282 0.328528598 0.447630498 0.257258400 0.348007621 0.279343680 0.279554550 0.245058979 0.241502826 0.252821143 0.342876470 0.253053199 0.234340176 0.272340859 
35     0.504724635 0.458915292 0.492003465 0.458320171 0.436042921 0.618276811 0.431142686 0.441721473 0.505026655 0.505158686 0.446235435 0.475206928 0.586980146 0.619125069 0.585277824 0.587144493 0.585039596 0.454961901 0.456352070 0.511052103 0.000000000 0.440947171 0.597899699 0.426848537 0.428425150 0.493693378 0.452028252 0.462736496 0.466739771 0.465904800 0.478713690 0.467321891 0.586022092 0.540602081 0.539447131 0.553944984 0.552993315 0.566425411 0.532864499 0.652155788 0.461786121 0.552182748 0.483518807 0.483729678 0.449234107 0.445677954 0.456996270 0.546881542 0.457332880 0.438612770 0.476808065 
46     0.126966040 0.081156698 0.114244875 0.080561577 0.058278884 0.240516481 0.053322312 0.063951310 0.127264985 0.127413460 0.068448709 0.097420202 0.256803850 0.289710926 0.253851436 0.255719358 0.253598710 0.180516353 0.180853065 0.236615941 0.440947171 0.000000000 0.213096399 0.042177637 0.043734599 0.109061588 0.067391988 0.086579851 0.090022771 0.089762150 0.102473769 0.091024501 0.209737408 0.164363789 0.163208651 0.177706692 0.176755023 0.190187119 0.156757421 0.275854131 0.085172108 0.174910956 0.106247016 0.106457886 0.071962315 0.068406162 0.079724478 0.169779805 0.079954176 0.061242895 0.099044570 
47     0.284238252 0.238428910 0.271517087 0.237833789 0.215551096 0.397788694 0.210676527 0.221242233 0.284555908 0.284704384 0.225739632 0.254711125 0.413680813 0.446545247 0.410685718 0.412553641 0.410432993 0.337468881 0.337805593 0.393568469 0.597899699 0.213096399 0.000000000 0.198503954 0.200038704 0.265375432 0.223731353 0.243772961 0.247125293 0.246824463 0.259618427 0.248169159 0.366882066 0.321508448 0.320353290 0.334851351 0.333899682 0.347331777 0.313902079 0.432998789 0.242316766 0.332058926 0.263394986 0.263605856 0.229110285 0.225554132 0.236872448 0.326927776 0.237104270 0.218392989 0.256317156 
39     0.112859886 0.067050544 0.100138721 0.066455423 0.044172730 0.226411104 0.039304379 0.049851382 0.112973694 0.112962995 0.054337819 0.083309312 0.242696719 0.275614602 0.239741017 0.241608868 0.239488194 0.166417718 0.166754431 0.222517306 0.426848537 0.042177637 0.198503954 0.000000000 0.019583151 0.087511764 0.045965206 0.072497543 0.075849874 0.075360227 0.088245530 0.076796263 0.195509170 0.150135551 0.148977820 0.163478454 0.162526785 0.175958880 0.142529183 0.261625893 0.070943870 0.160726956 0.092063015 0.092273885 0.057778314 0.054222161 0.065540477 0.155595805 0.065772299 0.047061018 0.084945111 
40     0.114436202 0.068626860 0.101715037 0.068031739 0.045749046 0.227987420 0.040880694 0.051427706 0.114550010 0.114547385 0.055914135 0.084885628 0.244289415 0.277196436 0.241336976 0.243204898 0.241084250 0.167994332 0.168331045 0.224093920 0.428425150 0.043734599 0.200038704 0.019583151 0.000000000 0.088773027 0.047201690 0.074074158 0.077426489 0.076936543 0.089822142 0.078372874 0.197085781 0.151712163 0.150554476 0.165055066 0.164103397 0.177535492 0.144105794 0.263202504 0.072520481 0.162303554 0.093639613 0.093850483 0.059354912 0.055798759 0.067117075 0.157172403 0.067348897 0.048637616 0.086521427 
36     0.179901105 0.134091763 0.167179940 0.133496641 0.111213949 0.293452323 0.106340707 0.116910248 0.180081119 0.180325895 0.121403809 0.150375302 0.309579214 0.342485959 0.306626776 0.308494698 0.306374050 0.233245838 0.233582551 0.289345427 0.493693378 0.109061588 0.265375432 0.087511764 0.088773027 0.000000000 0.072274651 0.139362387 0.142714718 0.142410595 0.155293503 0.143844235 0.262557142 0.217183523 0.216025836 0.230526426 0.229574757 0.243006852 0.209577155 0.328673865 0.137991842 0.227778665 0.159114724 0.159325594 0.124830023 0.121273870 0.132592187 0.222647514 0.132823799 0.114112518 0.151986305 
21     0.138235979 0.092426636 0.125514814 0.091831515 0.069548823 0.251787197 0.064675581 0.075245122 0.138415992 0.138660769 0.079738683 0.108710176 0.267914088 0.300820833 0.264961650 0.266829572 0.264708924 0.191580712 0.191917425 0.247680300 0.452028252 0.067391988 0.223731353 0.045965206 0.047201690 0.072274651 0.000000000 0.097697261 0.101049592 0.100745469 0.113628376 0.102179109 0.220892016 0.175518397 0.174360710 0.188861300 0.187909631 0.201341726 0.167912028 0.287008739 0.096326716 0.186113539 0.117449598 0.117660468 0.083164897 0.079608744 0.090927060 0.180982388 0.091158673 0.072447392 0.110321179 
14     0.138143403 0.092334061 0.125422238 0.091738940 0.069461690 0.251492974 0.064599527 0.075167820 0.138473277 0.138616632 0.079650486 0.108603025 0.278170908 0.311079906 0.275220405 0.277088327 0.274967679 0.202028360 0.202278858 0.258127949 0.462736496 0.086579851 0.243772961 0.072497543 0.074074158 0.139362387 0.097697261 0.000000000 0.086622227 0.098198601 0.111056677 0.099400261 0.218318637 0.172945018 0.171790817 0.186287921 0.185336252 0.198768348 0.165677037 0.284403496 0.094188866 0.185797888 0.117133948 0.117344818 0.082849292 0.079293095 0.090611410 0.180653999 0.090742779 0.072031498 0.110224834 
12     0.141384749 0.095575407 0.128663584 0.094980286 0.072703036 0.254732954 0.067836362 0.078361649 0.141680470 0.141820971 0.082865045 0.111838096 0.282199759 0.315110906 0.279251405 0.281119327 0.278998679 0.206005688 0.206256186 0.262105277 0.466739771 0.090022771 0.247125293 0.075849874 0.077426489 0.142714718 0.101049592 0.086622227 0.000000000 0.101318799 0.114766608 0.103084577 0.221816187 0.176442568 0.175288367 0.189785471 0.188833802 0.202265897 0.169174587 0.288060574 0.097705390 0.189303032 0.120639091 0.120849961 0.086354434 0.082798238 0.094116554 0.184157153 0.094286786 0.075575505 0.113430856 
49     0.131445615 0.085655917 0.118725582 0.085119522 0.062836830 0.244848714 0.057639654 0.068589953 0.131891115 0.132104030 0.073075626 0.102028166 0.282055422 0.314962522 0.279103021 0.280970943 0.278850295 0.205347600 0.205672430 0.261640992 0.465904800 0.089762150 0.246824463 0.075360227 0.076936543 0.142410595 0.100745469 0.098198601 0.101318799 0.000000000 0.085018458 0.073560404 0.192202911 0.146829292 0.145676161 0.160172195 0.159220526 0.172652621 0.139567287 0.258282616 0.068353880 0.174967493 0.106293295 0.106514423 0.072017038 0.068461322 0.079779638 0.169836828 0.079893526 0.061175079 0.103503473 
15     0.144422319 0.098612976 0.131759269 0.098076582 0.075795352 0.257618711 0.070842850 0.081530648 0.144856667 0.145069718 0.085990297 0.114993895 0.293889610 0.327272449 0.291412948 0.293280870 0.291160222 0.217880093 0.218204923 0.274185578 0.478713690 0.102473769 0.259618427 0.088245530 0.089822142 0.155293503 0.113628376 0.111056677 0.114766608 0.085018458 0.000000000 0.018525584 0.151669585 0.106433758 0.105246482 0.119175810 0.118159196 0.131965808 0.098692750 0.219286584 0.036043504 0.187507933 0.118880061 0.119054862 0.084556978 0.081001762 0.092320078 0.182377268 0.092178996 0.073403005 0.116519464 
25     0.132942952 0.087133609 0.120279902 0.086597215 0.064315985 0.246139344 0.059363483 0.070050590 0.133376609 0.133589660 0.074510239 0.103513837 0.283327524 0.316234625 0.280375123 0.282243046 0.280122398 0.206488294 0.206813124 0.262793779 0.467321891 0.091024501 0.248169159 0.076796263 0.078372874 0.143844235 0.102179109 0.099400261 0.103084577 0.073560404 0.018525584 0.000000000 0.140187703 0.094951479 0.093764546 0.107693532 0.106677256 0.120483528 0.087210471 0.208222845 0.024571258 0.176130811 0.107502938 0.107677740 0.073179854 0.069624640 0.080942956 0.171000145 0.080801874 0.062025882 0.105040129 
8     0.251743615 0.205934272 0.239080565 0.205397878 0.183115185 0.365146332 0.178136797 0.188816556 0.252150590 0.252363673 0.193308745 0.222312342 0.402042616 0.434949717 0.399090215 0.400958137 0.398837489 0.324797909 0.325122739 0.381508571 0.586022092 0.209737408 0.366882066 0.195509170 0.197085781 0.262557142 0.220892016 0.218318637 0.221816187 0.192202911 0.151669585 0.140187703 0.000000000 0.091329294 0.092729872 0.107088152 0.107926751 0.120637665 0.116696928 0.327011389 0.143439087 0.294728849 0.226100977 0.226275779 0.191778002 0.188222678 0.199540994 0.289598184 0.199584605 0.180808614 0.223813934 
42     0.206369996 0.160560654 0.193706947 0.160024259 0.137741567 0.319772714 0.132763179 0.143442937 0.206776971 0.206990054 0.147935126 0.176938724 0.356668998 0.389576098 0.353716597 0.355584519 0.353463871 0.279421548 0.279746378 0.336134953 0.540602081 0.164363789 0.321508448 0.150135551 0.151712163 0.217183523 0.175518397 0.172945018 0.176442568 0.146829292 0.106433758 0.094951479 0.091329294 0.000000000 0.020862959 0.042633432 0.042182032 0.054988389 0.071876267 0.281645372 0.098219630 0.249355231 0.180727358 0.180902160 0.146404383 0.142849060 0.154167376 0.244224565 0.154210986 0.135434995 0.178440315 
16     0.205215795 0.159406453 0.192552746 0.158870058 0.136587366 0.318618513 0.131608978 0.142288736 0.205622770 0.205835853 0.146780925 0.175784523 0.355514047 0.388421147 0.352561646 0.354429568 0.352308920 0.278266598 0.278591428 0.334980002 0.539447131 0.163208651 0.320353290 0.148977820 0.150554476 0.216025836 0.174360710 0.171790817 0.175288367 0.145676161 0.105246482 0.093764546 0.092729872 0.020862959 0.000000000 0.043613784 0.044700829 0.054883698 0.068963216 0.280454303 0.097040233 0.248202100 0.179574227 0.179749029 0.145251252 0.141695929 0.153014245 0.243071434 0.153057855 0.134281864 0.177286114 
50     0.219712899 0.173903557 0.207049850 0.173367162 0.151084470 0.333115617 0.146106082 0.156785840 0.220119874 0.220332957 0.161278029 0.190281627 0.370011901 0.402919001 0.367059500 0.368927422 0.366806774 0.292764451 0.293089281 0.349477856 0.553944984 0.177706692 0.334851351 0.163478454 0.165055066 0.230526426 0.188861300 0.186287921 0.189785471 0.160172195 0.119175810 0.107693532 0.107088152 0.042633432 0.043613784 0.000000000 0.035711356 0.059258450 0.084857805 0.294827892 0.111717142 0.262698134 0.194070261 0.194245063 0.159747287 0.156191963 0.167510279 0.257567468 0.167553889 0.148777898 0.191783218 
13     0.218761230 0.172951888 0.206098181 0.172415493 0.150132801 0.332163948 0.145154413 0.155834171 0.219168205 0.219381288 0.160326360 0.189329958 0.369060232 0.401967332 0.366107831 0.367975753 0.365855105 0.291812782 0.292137612 0.348526187 0.552993315 0.176755023 0.333899682 0.162526785 0.164103397 0.229574757 0.187909631 0.185336252 0.188833802 0.159220526 0.118159196 0.106677256 0.107926751 0.042182032 0.044700829 0.035711356 0.000000000 0.054896204 0.087148842 0.293603088 0.110787035 0.261746465 0.193118592 0.193293394 0.158795618 0.155240294 0.166558610 0.256615799 0.166602220 0.147826229 0.190831549 
7     0.232193325 0.186383983 0.219530276 0.185847588 0.163564896 0.345596043 0.158586508 0.169266266 0.232600300 0.232813383 0.173758455 0.202762053 0.382492327 0.415399427 0.379539926 0.381407848 0.379287200 0.305244877 0.305569707 0.361958282 0.566425411 0.190187119 0.347331777 0.175958880 0.177535492 0.243006852 0.201341726 0.198768348 0.202265897 0.172652621 0.131965808 0.120483528 0.120637665 0.054988389 0.054883698 0.059258450 0.054896204 0.000000000 0.099570047 0.307417047 0.123993549 0.275178560 0.206550687 0.206725489 0.172227713 0.168672389 0.179990705 0.270047894 0.180034316 0.161258324 0.204263644 
11     0.198901796 0.153092453 0.186238746 0.152556059 0.130273366 0.312510708 0.125294978 0.135974736 0.199308770 0.199521853 0.140466925 0.169470523 0.348850115 0.380885020 0.345023307 0.346898134 0.344777486 0.272205832 0.272530662 0.328528598 0.532864499 0.156757421 0.313902079 0.142529183 0.144105794 0.209577155 0.167912028 0.165677037 0.169174587 0.139567287 0.098692750 0.087210471 0.116696928 0.071876267 0.068963216 0.084857805 0.087148842 0.099570047 0.000000000 0.274342811 0.090918010 0.242118914 0.173491041 0.173665843 0.139168066 0.135612743 0.146931059 0.236988248 0.146974669 0.128198678 0.170972115 
19     0.317748461 0.271939119 0.305083651 0.271402724 0.249120032 0.431150358 0.244128377 0.254821892 0.318155119 0.318369002 0.259282739 0.288293179 0.468162552 0.501069652 0.465210151 0.467078073 0.464957425 0.391331637 0.391656467 0.447630498 0.652155788 0.275854131 0.432998789 0.261625893 0.263202504 0.328673865 0.287008739 0.284403496 0.288060574 0.258282616 0.219286584 0.208222845 0.327011389 0.281645372 0.280454303 0.294827892 0.293603088 0.307417047 0.274342811 0.000000000 0.208899892 0.360864526 0.292236654 0.292411456 0.257913700 0.254358333 0.265676650 0.355733273 0.265584407 0.246808415 0.289818832 
31     0.127200250 0.081390907 0.114537200 0.080854513 0.058577263 0.240602967 0.053603775 0.064270948 0.127607720 0.127820796 0.068748484 0.097769465 0.277610533 0.310408967 0.274547421 0.276415343 0.274294695 0.200959546 0.201284376 0.257258400 0.461786121 0.085172108 0.242316766 0.070943870 0.072520481 0.137991842 0.096326716 0.094188866 0.097705390 0.068353880 0.036043504 0.024571258 0.143439087 0.098219630 0.097040233 0.111717142 0.110787035 0.123993549 0.090918010 0.208899892 0.000000000 0.170193656 0.101565783 0.101740585 0.067242914 0.063687485 0.075005801 0.165062990 0.074863720 0.056083656 0.099270744 
29     0.216359962 0.170550620 0.203698139 0.169960947 0.147721141 0.329762651 0.142778532 0.153428297 0.216770167 0.216936599 0.157889868 0.186871151 0.368307872 0.401215473 0.365355972 0.367223894 0.365103246 0.291874738 0.292129871 0.348007621 0.552182748 0.174910956 0.332058926 0.160726956 0.162303554 0.227778665 0.186113539 0.185797888 0.189303032 0.174967493 0.187507933 0.176130811 0.294728849 0.249355231 0.248202100 0.262698134 0.261746465 0.275178560 0.242118914 0.360864526 0.170193656 0.000000000 0.108207209 0.108814453 0.117374886 0.113583960 0.124927525 0.215799257 0.133901105 0.115330512 0.188517365 
23     0.147658887 0.101849545 0.135054734 0.101317541 0.079077735 0.261119245 0.074135126 0.084725741 0.148126761 0.148293194 0.089246463 0.118227745 0.299643931 0.332551532 0.296692031 0.298559953 0.296439305 0.223210797 0.223465930 0.279343680 0.483518807 0.106247016 0.263394986 0.092063015 0.093639613 0.159114724 0.117449598 0.117133948 0.120639091 0.106293295 0.118880061 0.107502938 0.226100977 0.180727358 0.179574227 0.194070261 0.193118592 0.206550687 0.173491041 0.292236654 0.101565783 0.108207209 0.000000000 0.009755316 0.048814118 0.045198617 0.056547888 0.147285049 0.065296661 0.046726067 0.119873960 
18     0.147839251 0.102029908 0.135245069 0.101507876 0.079233419 0.261309580 0.074325461 0.084916076 0.148317096 0.148483529 0.089436798 0.118418080 0.299854801 0.332762402 0.296902901 0.298770823 0.296650175 0.223421667 0.223676800 0.279554550 0.483729678 0.106457886 0.263605856 0.092273885 0.093850483 0.159325594 0.117660468 0.117344818 0.120849961 0.106514423 0.119054862 0.107677740 0.226275779 0.180902160 0.179749029 0.194245063 0.193293394 0.206725489 0.173665843 0.292411456 0.101740585 0.108814453 0.009755316 0.000000000 0.048858840 0.045237690 0.056585147 0.147395656 0.065448019 0.046877425 0.120064295 
37     0.113410973 0.067601631 0.100749150 0.067011955 0.044772152 0.226813869 0.039832655 0.050479303 0.113821172 0.113987604 0.054940873 0.083922156 0.265359230 0.298266831 0.262407330 0.264275252 0.262154604 0.188926096 0.189181229 0.245058979 0.449234107 0.071962315 0.229110285 0.057778314 0.059354912 0.124830023 0.083164897 0.082849292 0.086354434 0.072017038 0.084556978 0.073179854 0.191778002 0.146404383 0.145251252 0.159747287 0.158795618 0.172227713 0.139168066 0.257913700 0.067242914 0.117374886 0.048814118 0.048858840 0.000000000 0.005216325 0.016672895 0.112849433 0.030981968 0.012391917 0.085568376 
41     0.109854673 0.064045331 0.097192850 0.063455655 0.041215852 0.223257569 0.036276355 0.046923003 0.110264872 0.110431305 0.051384574 0.080365856 0.261803077 0.294710678 0.258851177 0.260719099 0.258598451 0.185369943 0.185625076 0.241502826 0.445677954 0.068406162 0.225554132 0.054222161 0.055798759 0.121273870 0.079608744 0.079293095 0.082798238 0.068461322 0.081001762 0.069624640 0.188222678 0.142849060 0.141695929 0.156191963 0.155240294 0.168672389 0.135612743 0.254358333 0.063687485 0.113583960 0.045198617 0.045237690 0.005216325 0.000000000 0.012096505 0.109088028 0.027407977 0.008817926 0.082012076 
17     0.121172989 0.075363647 0.108511167 0.074773971 0.052534168 0.234575885 0.047594671 0.058241319 0.121583189 0.121749621 0.062702890 0.091684172 0.273121394 0.306028995 0.270169493 0.272037415 0.269916767 0.196688260 0.196943392 0.252821143 0.456996270 0.079724478 0.236872448 0.065540477 0.067117075 0.132592187 0.090927060 0.090611410 0.094116554 0.079779638 0.092320078 0.080942956 0.199540994 0.154167376 0.153014245 0.167510279 0.166558610 0.179990705 0.146931059 0.265676650 0.075005801 0.124927525 0.056547888 0.056585147 0.016672895 0.012096505 0.000000000 0.120424301 0.038742400 0.020152350 0.093330392 
26     0.211217231 0.165407888 0.198555408 0.164818215 0.142579325 0.324620129 0.137638917 0.148246802 0.211627436 0.211793868 0.152747137 0.181728420 0.363176721 0.396084322 0.360224821 0.362092743 0.359972095 0.286743587 0.286998720 0.342876470 0.546881542 0.169779805 0.326927776 0.155595805 0.157172403 0.222647514 0.180982388 0.180653999 0.184157153 0.169836828 0.182377268 0.171000145 0.289598184 0.244224565 0.243071434 0.257567468 0.256615799 0.270047894 0.236988248 0.355733273 0.165062990 0.215799257 0.147285049 0.147395656 0.112849433 0.109088028 0.120424301 0.000000000 0.128801819 0.110149577 0.183299846 
30     0.121433741 0.075624399 0.108771921 0.075034723 0.052797316 0.234836614 0.047909106 0.058507204 0.121843315 0.122009747 0.062963010 0.091944293 0.273343297 0.306251149 0.270391648 0.272259570 0.270138922 0.196920316 0.197175448 0.253053199 0.457332880 0.079954176 0.237104270 0.065772299 0.067348897 0.132823799 0.091158673 0.090742779 0.094286786 0.079893526 0.092178996 0.080801874 0.199584605 0.154210986 0.153057855 0.167553889 0.166602220 0.180034316 0.146974669 0.265584407 0.074863720 0.133901105 0.065296661 0.065448019 0.030981968 0.027407977 0.038742400 0.128801819 0.000000000 0.019574240 0.093590406 
44     0.102747071 0.056937728 0.090085251 0.056347617 0.034110645 0.216149943 0.029222358 0.039846378 0.103156708 0.103323140 0.044276404 0.073257686 0.254655053 0.287562654 0.251703153 0.253571075 0.251450427 0.178207293 0.178462425 0.234340176 0.438612770 0.061242895 0.218392989 0.047061018 0.048637616 0.114112518 0.072447392 0.072031498 0.075575505 0.061175079 0.073403005 0.062025882 0.180808614 0.135434995 0.134281864 0.148777898 0.147826229 0.161258324 0.128198678 0.246808415 0.056083656 0.115330512 0.046726067 0.046877425 0.012391917 0.008817926 0.020152350 0.110149577 0.019574240 0.000000000 0.074903736 
0     0.131779082 0.085969740 0.119058027 0.085386768 0.063097510 0.245359266 0.058339595 0.068727092 0.132143503 0.132358876 0.073353920 0.102306372 0.292596525 0.325505923 0.289645769 0.291513691 0.289393043 0.216207976 0.216484240 0.272340859 0.476808065 0.099044570 0.256317156 0.084945111 0.086521427 0.151986305 0.110321179 0.110224834 0.113430856 0.103503473 0.116519464 0.105040129 0.223813934 0.178440315 0.177286114 0.191783218 0.190831549 0.204263644 0.170972115 0.289818832 0.099270744 0.188517365 0.119873960 0.120064295 0.085568376 0.082012076 0.093330392 0.183299846 0.093590406 0.074903736 0.000000000 
