51
27     0.000000000 0.000126990 0.015000200 0.013452550 0.014846880 0.012412690 0.009712050 0.010576640 0.012310210 0.006758540 0.016229310 0.010105070 0.014548410 0.016368340 0.015866000 0.013172980 0.013121080 0.011892330 0.015689780 0.010147170 0.002637260 0.011850420 0.004402820 0.011430300 0.015129780 0.015329910 0.015392400 0.014670620 0.013082560 0.010213530 0.008330790 0.010836420 0.015028120 0.016278400 0.019383100 0.017330620 0.017563980 0.015790110 0.017659940 0.015949670 0.017751510 0.017479020 0.017520520 0.020239780 0.020881120 0.018184580 0.017897100 0.016819240 0.017087890 0.016773960 0.013083360 
30     0.000126990 0.000000000 0.004942750 0.002834180 0.009317920 0.005795650 0.012177370 0.008354960 0.002572880 0.008324310 0.012011640 0.014875460 0.003051870 0.006043150 0.013542000 0.006900840 0.010884870 0.012279400 0.005784620 0.014887490 0.004203030 0.011928720 0.005968590 0.012872380 0.009995800 0.012090000 0.013830410 0.012671640 0.013160860 0.009856480 0.008409090 0.012599960 0.015106420 0.013284640 0.012536870 0.008776920 0.020845560 0.010987510 0.018791790 0.011688490 0.017823700 0.008909370 0.011139140 0.011783150 0.011512360 0.017067530 0.008402750 0.011930800 0.015159320 0.009314600 0.016364940 
31     0.015000200 0.004942750 0.000000000 0.000224750 0.000032600 0.001957100 0.004066190 0.005648550 0.003350610 0.013909660 0.013441470 0.015769810 0.005533620 0.008524900 0.016822460 0.009382590 0.013366620 0.014761150 0.008266370 0.016979840 0.009319780 0.017951830 0.012843040 0.017772840 0.014143370 0.018674720 0.017958930 0.016819210 0.017466090 0.014004050 0.017163070 0.013713220 0.018357670 0.011821550 0.010069750 0.011611200 0.012599410 0.015139060 0.021175220 0.009996740 0.009111050 0.013060920 0.015290690 0.015934700 0.019621120 0.021219080 0.012554300 0.012819600 0.019646390 0.019652100 0.013652770 
2     0.013452550 0.002834180 0.000224750 0.000000000 0.000075810 0.003216810 0.004311930 0.005511940 0.001242040 0.012698850 0.013443040 0.015395100 0.003425050 0.006416330 0.014713890 0.007274020 0.011258050 0.012652580 0.006157800 0.013169110 0.007211210 0.015843260 0.011580750 0.017821660 0.012034800 0.018833370 0.015869410 0.014710640 0.015357520 0.011895480 0.017211890 0.013580960 0.018221060 0.011684940 0.009933140 0.010819900 0.012462800 0.013030490 0.020834770 0.009860130 0.008974440 0.010952350 0.013182120 0.013826130 0.017512550 0.019110510 0.010445730 0.012682990 0.020169450 0.018591500 0.013851170 
7     0.014846880 0.009317920 0.000032600 0.000075810 0.000000000 0.003905130 0.005087270 0.005796850 0.005305340 0.008911330 0.010798010 0.010771480 0.009908790 0.012900070 0.017842520 0.013757760 0.015803580 0.017795090 0.012641540 0.017197630 0.013694950 0.018693990 0.017946780 0.017443490 0.018518540 0.018123760 0.018176720 0.018536470 0.018523620 0.017486550 0.016747510 0.014823900 0.018878320 0.012342200 0.010590400 0.012131850 0.013120060 0.019514230 0.021695870 0.010517390 0.009631700 0.017436090 0.019665860 0.020309870 0.023495840 0.024639730 0.016929470 0.013340250 0.019459840 0.021298080 0.008654440 
14     0.012412690 0.005795650 0.001957100 0.003216810 0.003905130 0.000000000 0.004150580 0.004018970 0.004107650 0.007133450 0.009020130 0.008993600 0.011144420 0.008947370 0.011384050 0.009236980 0.009345110 0.011685940 0.013877170 0.009974220 0.014255480 0.013835640 0.009214500 0.015009300 0.016468440 0.011665290 0.016945690 0.016223910 0.017396980 0.011028080 0.010289040 0.010800010 0.015895680 0.012606490 0.018505560 0.018539270 0.023095440 0.020749860 0.020542460 0.011176370 0.019346440 0.017649530 0.018018770 0.018205350 0.016983970 0.021325490 0.016670610 0.017218740 0.013001370 0.014786210 0.006876560 
29     0.009712050 0.012177370 0.004066190 0.004311930 0.005087270 0.004150580 0.000000000 0.000630600 0.000353640 0.010301970 0.012188650 0.012162120 0.012768240 0.015759520 0.017263600 0.016617210 0.012221970 0.009713480 0.015500990 0.007968320 0.012262690 0.018332880 0.017245120 0.016698780 0.019177020 0.018598820 0.017815610 0.017913390 0.018162510 0.017514300 0.015214840 0.014079190 0.015149230 0.008613110 0.006861310 0.002914860 0.009390970 0.016500150 0.017966780 0.006788300 0.001354900 0.020295540 0.022208800 0.022992980 0.024445520 0.022853960 0.019788920 0.009611160 0.020820540 0.017302120 0.010045080 
6     0.010576640 0.008354960 0.005648550 0.005511940 0.005796850 0.004018970 0.000630600 0.000000000 0.000146780 0.005791380 0.007678060 0.007651530 0.012107760 0.011506680 0.013943360 0.011796290 0.011904420 0.010578070 0.014633910 0.008832910 0.013127280 0.015609750 0.013658800 0.017550900 0.016711810 0.014224600 0.017596020 0.017955770 0.016917550 0.013587390 0.012165780 0.013359320 0.016231160 0.009695040 0.007943240 0.009484690 0.010472900 0.021427950 0.019048710 0.007870230 0.006984540 0.017383830 0.016050540 0.016344810 0.019365640 0.018038670 0.019229920 0.010693090 0.015560680 0.018673720 0.005534490 
32     0.012310210 0.002572880 0.003350610 0.001242040 0.005305340 0.004107650 0.000353640 0.000146780 0.000000000 0.005880060 0.007766740 0.007740210 0.003163750 0.006155030 0.014452590 0.007012720 0.010996750 0.012391280 0.005896500 0.016731860 0.006949910 0.013711190 0.011319450 0.015652340 0.011773500 0.015587880 0.015608110 0.014449340 0.015018990 0.011634180 0.010267220 0.014203760 0.015367300 0.008831180 0.007079380 0.008620830 0.009609040 0.012769190 0.018184850 0.007006370 0.001914440 0.010691050 0.012920820 0.013564830 0.017251250 0.018300740 0.010184430 0.009829230 0.016923960 0.017782300 0.005623170 
19     0.006758540 0.008324310 0.013909660 0.012698850 0.008911330 0.007133450 0.010301970 0.005791380 0.005880060 0.000000000 0.001018690 0.001883630 0.006411150 0.011195920 0.010813140 0.010631240 0.010765840 0.009531200 0.010208340 0.006716200 0.008480920 0.009117100 0.005720040 0.014905830 0.014380320 0.014281130 0.013999990 0.014359740 0.014346890 0.014963420 0.012824920 0.012689550 0.020907820 0.015220300 0.014703550 0.020311390 0.020721500 0.020882550 0.021119650 0.020465260 0.019019310 0.020443840 0.020702130 0.021512000 0.021791740 0.021366190 0.019937220 0.018627920 0.020396690 0.019955570 0.003074550 
13     0.016229310 0.012011640 0.013441470 0.013443040 0.010798010 0.009020130 0.012188650 0.007678060 0.007766740 0.001018690 0.000000000 0.000003250 0.006365870 0.010160080 0.011872780 0.011690880 0.011432380 0.010590840 0.008892020 0.005522820 0.007299590 0.010176740 0.002258610 0.003458160 0.012053480 0.011954290 0.014617180 0.014976930 0.014964080 0.015580610 0.011556990 0.010692940 0.021525010 0.017106980 0.016590230 0.021468460 0.021338690 0.021499740 0.021736840 0.019908240 0.020905990 0.021845630 0.021781610 0.021133790 0.022408930 0.022250080 0.021758000 0.016626780 0.021550510 0.020294680 0.004961230 
28     0.010105070 0.014875460 0.015769810 0.015395100 0.010771480 0.008993600 0.012162120 0.007651530 0.007740210 0.001883630 0.000003250 0.000000000 0.011951940 0.011965740 0.011759650 0.011577750 0.011712350 0.010477710 0.011551900 0.006085980 0.011757630 0.010063610 0.008774300 0.016466430 0.012465290 0.012366100 0.015560590 0.015920340 0.015907490 0.016524020 0.011968800 0.012209830 0.019727580 0.017080450 0.016563700 0.019916090 0.022282100 0.022443150 0.022680250 0.021795520 0.019749100 0.019476610 0.019518110 0.022237370 0.022878710 0.020182170 0.019894690 0.020979600 0.019212670 0.018771550 0.004934700 
5     0.014548410 0.003051870 0.005533620 0.003425050 0.009908790 0.011144420 0.012768240 0.012107760 0.003163750 0.006411150 0.006365870 0.011951940 0.000000000 0.005238530 0.005832300 0.006852050 0.005277870 0.004723670 0.000798250 0.003523770 0.006789240 0.006924100 0.011106950 0.008203110 0.008557330 0.006463480 0.007365630 0.012979680 0.013393700 0.003788250 0.013966030 0.016084690 0.013030350 0.015545310 0.014797540 0.011037590 0.018940270 0.013248180 0.020544700 0.013949160 0.015912370 0.011170040 0.013399810 0.014043820 0.017730240 0.019328200 0.010663420 0.014050690 0.013929130 0.017550250 0.019360860 
8     0.016368340 0.006043150 0.008524900 0.006416330 0.012900070 0.008947370 0.015759520 0.011506680 0.006155030 0.011195920 0.010160080 0.011965740 0.005238530 0.000000000 0.000799980 0.001161560 0.001319790 0.000942230 0.000362810 0.006448180 0.009074200 0.009693900 0.010452780 0.016430130 0.015243770 0.015908900 0.015524290 0.015884040 0.015871190 0.015104450 0.014325350 0.013948920 0.019438600 0.010792620 0.014977620 0.014028870 0.020005220 0.016239460 0.022643950 0.016887000 0.019188850 0.011712410 0.010676810 0.017035100 0.013447780 0.011820810 0.013654700 0.005605470 0.010331700 0.005678900 0.022224200 
17     0.015866000 0.013542000 0.016822460 0.014713890 0.017842520 0.011384050 0.017263600 0.013943360 0.014452590 0.010813140 0.011872780 0.011759650 0.005832300 0.000799980 0.000000000 0.000093720 0.000099410 0.000604390 0.001828790 0.007927430 0.012451800 0.012751440 0.012630710 0.017151160 0.017606730 0.018044670 0.016245320 0.016605070 0.016592220 0.017208750 0.013823010 0.015546970 0.019221100 0.018905240 0.024298840 0.020754100 0.022966830 0.023127880 0.023364980 0.022710590 0.022132920 0.021860430 0.021901930 0.023517760 0.023984200 0.022565990 0.010263670 0.022531150 0.018313780 0.021155370 0.024660880 
25     0.013172980 0.006900840 0.009382590 0.007274020 0.013757760 0.009236980 0.016617210 0.011796290 0.007012720 0.010631240 0.011690880 0.011577750 0.006852050 0.001161560 0.000093720 0.000000000 0.000162490 0.000521970 0.001401580 0.002652500 0.009931890 0.011351380 0.009937690 0.016409810 0.016101460 0.016198510 0.015503970 0.015863720 0.015850870 0.015561300 0.011129990 0.014805620 0.016528080 0.016758170 0.018646510 0.014886560 0.022225480 0.017097150 0.022623630 0.017798130 0.019478250 0.015019010 0.017248780 0.017892790 0.021579210 0.019911320 0.014512390 0.018040440 0.016166710 0.018500700 0.022513810 
10     0.013121080 0.010884870 0.013366620 0.011258050 0.015803580 0.009345110 0.012221970 0.011904420 0.010996750 0.010765840 0.011432380 0.011712350 0.005277870 0.001319790 0.000099410 0.000162490 0.000000000 0.000070690 0.001158790 0.004271790 0.013915920 0.004977400 0.009885790 0.016207420 0.016662990 0.016306640 0.015301580 0.015661330 0.015648480 0.015669430 0.011078090 0.014603230 0.016476180 0.016866300 0.022630540 0.015487720 0.020218300 0.021081180 0.021822730 0.018920630 0.017190400 0.018814610 0.018856110 0.021478820 0.021945260 0.019520170 0.018496420 0.020492210 0.016274840 0.018109550 0.021004820 
21     0.011892330 0.012279400 0.014761150 0.012652580 0.017795090 0.011685940 0.009713480 0.010578070 0.012391280 0.009531200 0.010590840 0.010477710 0.004723670 0.000942230 0.000604390 0.000521970 0.000070690 0.000000000 0.003041080 0.001763300 0.013081010 0.010223250 0.010556870 0.016486190 0.016941760 0.017379700 0.015580350 0.015855530 0.015648700 0.016543780 0.011749170 0.014882000 0.017147260 0.018397540 0.023633870 0.020227880 0.022301860 0.022462910 0.022700010 0.021446530 0.021930560 0.020397570 0.021840800 0.023092360 0.023372100 0.022504860 0.019890950 0.022833040 0.018615670 0.021094240 0.018496330 
23     0.015689780 0.005784620 0.008266370 0.006157800 0.012641540 0.013877170 0.015500990 0.014633910 0.005896500 0.010208340 0.008892020 0.011551900 0.000798250 0.000362810 0.001828790 0.001401580 0.001158790 0.003041080 0.000000000 0.005187890 0.008815670 0.008433610 0.012367800 0.016399560 0.014985240 0.011333970 0.015493720 0.015853470 0.015840620 0.011481770 0.013646790 0.014795370 0.017864020 0.018278060 0.017530290 0.013770340 0.019371530 0.015980930 0.020975960 0.016681910 0.016343630 0.013902790 0.016132560 0.016776570 0.020462990 0.018431410 0.011329940 0.016924220 0.015974930 0.017020790 0.025029520 
11     0.010147170 0.014887490 0.016979840 0.013169110 0.017197630 0.009974220 0.007968320 0.008832910 0.016731860 0.006716200 0.005522820 0.006085980 0.003523770 0.006448180 0.007927430 0.002652500 0.004271790 0.001763300 0.005187890 0.000000000 0.011335850 0.006670240 0.005533600 0.014185010 0.014539230 0.012445380 0.013347530 0.015342640 0.015329790 0.009770150 0.012859400 0.009581600 0.016108330 0.016465640 0.020432300 0.020190050 0.019946310 0.021803100 0.020555190 0.015293550 0.016129850 0.015857360 0.015898860 0.016404850 0.015241940 0.015404210 0.014866380 0.017868440 0.015593420 0.015152300 0.016428010 
26     0.002637260 0.004203030 0.009319780 0.007211210 0.013694950 0.014255480 0.012262690 0.013127280 0.006949910 0.008480920 0.007299590 0.011757630 0.006789240 0.009074200 0.012451800 0.009931890 0.013915920 0.013081010 0.008815670 0.011335850 0.000000000 0.000249830 0.000922410 0.015869660 0.016038650 0.018977840 0.017178490 0.010989780 0.010132350 0.004787820 0.013973100 0.015237000 0.015940460 0.011584270 0.015769270 0.014823750 0.019778440 0.017034340 0.020673630 0.015100220 0.015961980 0.012504060 0.011468460 0.017829980 0.014239430 0.012612460 0.014449580 0.006397120 0.011123350 0.006470550 0.013295640 
20     0.011850420 0.011928720 0.017951830 0.015843260 0.018693990 0.013835640 0.018332880 0.015609750 0.013711190 0.009117100 0.010176740 0.010063610 0.006924100 0.009693900 0.012751440 0.011351380 0.004977400 0.010223250 0.008433610 0.006670240 0.000249830 0.000000000 0.002133710 0.015192550 0.016079120 0.018278600 0.014799160 0.015957090 0.013651050 0.009755130 0.009807430 0.015780900 0.015205520 0.016455800 0.021441150 0.019829720 0.019751750 0.018423370 0.019568980 0.020042760 0.023158690 0.018175940 0.017140340 0.017278790 0.016115880 0.016278150 0.015740320 0.012069000 0.016795230 0.012142430 0.012995340 
1     0.004402820 0.005968590 0.012843040 0.011580750 0.017946780 0.009214500 0.017245120 0.013658800 0.011319450 0.005720040 0.002258610 0.008774300 0.011106950 0.010452780 0.012630710 0.009937690 0.009885790 0.010556870 0.012367800 0.005533600 0.000922410 0.002133710 0.000000000 0.013778860 0.011836070 0.011736880 0.015732040 0.016091790 0.013145510 0.011921940 0.008393740 0.011580610 0.013791830 0.012355060 0.016540060 0.019193290 0.021116600 0.020912160 0.022057770 0.017269190 0.021323000 0.013274850 0.012239250 0.018375720 0.015010220 0.013383250 0.016837250 0.007167910 0.011894140 0.007241340 0.012493510 
3     0.011430300 0.012872380 0.017772840 0.017821660 0.017443490 0.015009300 0.016698780 0.017550900 0.015652340 0.014905830 0.003458160 0.016466430 0.008203110 0.016430130 0.017151160 0.016409810 0.016207420 0.016486190 0.016399560 0.014185010 0.015869660 0.015192550 0.013778860 0.000000000 0.000263610 0.001385690 0.001772010 0.006556910 0.007294720 0.001440110 0.009378480 0.009849460 0.018370250 0.016521470 0.020706470 0.021469380 0.023589330 0.023750380 0.023594340 0.023333090 0.023172060 0.017441260 0.016405660 0.024379830 0.019176630 0.017549660 0.024008640 0.011334320 0.016060550 0.011407750 0.023906310 
12     0.015129780 0.009995800 0.014143370 0.012034800 0.018518540 0.016468440 0.019177020 0.016711810 0.011773500 0.014380320 0.012053480 0.012465290 0.008557330 0.015243770 0.017606730 0.016101460 0.016662990 0.016941760 0.014985240 0.014539230 0.016038650 0.016079120 0.011836070 0.000263610 0.000000000 0.000404280 0.002553970 0.003169240 0.003816120 0.000354080 0.003216650 0.003457680 0.019995440 0.017303430 0.021488430 0.017981520 0.024044900 0.020192110 0.024443050 0.020893090 0.023140210 0.018113970 0.017187620 0.020987750 0.018977300 0.018331620 0.017607350 0.012116280 0.016842510 0.012189710 0.017434380 
16     0.015329910 0.012090000 0.018674720 0.018833370 0.018123760 0.011665290 0.018598820 0.014224600 0.015587880 0.014281130 0.011954290 0.012366100 0.006463480 0.015908900 0.018044670 0.016198510 0.016306640 0.017379700 0.011333970 0.012445380 0.018977840 0.018278600 0.011736880 0.001385690 0.000404280 0.000000000 0.008033370 0.003673170 0.003548030 0.001778740 0.003117460 0.003358490 0.022260360 0.020000640 0.020270610 0.019037290 0.023767870 0.024643890 0.024880990 0.021883030 0.020739970 0.024989780 0.024925760 0.025166880 0.020005320 0.025394230 0.023632140 0.022228070 0.017968790 0.017807560 0.017335190 
4     0.015392400 0.013830410 0.017958930 0.015869410 0.018176720 0.016945690 0.017815610 0.017596020 0.015608110 0.013999990 0.014617180 0.015560590 0.007365630 0.015524290 0.016245320 0.015503970 0.015301580 0.015580350 0.015493720 0.013347530 0.017178490 0.014799160 0.015732040 0.001772010 0.002553970 0.008033370 0.000000000 0.000119810 0.000696740 0.000331940 0.006583700 0.010084630 0.020687820 0.016756640 0.019959480 0.019397950 0.022683490 0.022844540 0.023081640 0.021144740 0.021100630 0.017676430 0.016640830 0.023473990 0.019411800 0.017784830 0.021441960 0.011569490 0.016295720 0.011642920 0.021210390 
24     0.014670620 0.012671640 0.016819210 0.014710640 0.018536470 0.016223910 0.017913390 0.017955770 0.014449340 0.014359740 0.014976930 0.015920340 0.012979680 0.015884040 0.016605070 0.015863720 0.015661330 0.015855530 0.015853470 0.015342640 0.010989780 0.015957090 0.016091790 0.006556910 0.003169240 0.003673170 0.000119810 0.000000000 0.000419420 0.002211020 0.006769820 0.009596700 0.020386390 0.022086290 0.023544350 0.017163320 0.021893900 0.022867950 0.023441390 0.022787000 0.018866000 0.020789810 0.023019580 0.023663590 0.024113480 0.023954630 0.020283190 0.017690080 0.018497300 0.023230800 0.021396510 
15     0.013082560 0.013160860 0.017466090 0.015357520 0.018523620 0.017396980 0.018162510 0.016917550 0.015018990 0.014346890 0.014964080 0.015907490 0.013393700 0.015871190 0.016592220 0.015850870 0.015648480 0.015648700 0.015840620 0.015329790 0.010132350 0.013651050 0.013145510 0.007294720 0.003816120 0.003548030 0.000696740 0.000419420 0.000000000 0.000479840 0.008347610 0.009567710 0.017736900 0.018987180 0.021002050 0.021304240 0.023030390 0.022401180 0.023428540 0.020421470 0.022596990 0.021436690 0.022366000 0.022589660 0.024100630 0.023030060 0.020930070 0.013516200 0.020486000 0.021619440 0.024707250 
18     0.010213530 0.009856480 0.014004050 0.011895480 0.017486550 0.011028080 0.017514300 0.013587390 0.011634180 0.014963420 0.015580610 0.016524020 0.003788250 0.015104450 0.017208750 0.015561300 0.015669430 0.016543780 0.011481770 0.009770150 0.004787820 0.009755130 0.011921940 0.001440110 0.000354080 0.001778740 0.000331940 0.002211020 0.000479840 0.000000000 0.009906740 0.006232040 0.017942410 0.016424740 0.020609740 0.016031170 0.020761750 0.020052790 0.022366180 0.020753770 0.017733850 0.017344530 0.016308930 0.020848430 0.019079900 0.017452930 0.017468030 0.011237590 0.015293560 0.011311020 0.019100840 
9     0.008330790 0.008409090 0.017163070 0.017211890 0.016747510 0.010289040 0.015214840 0.012165780 0.010267220 0.012824920 0.011556990 0.011968800 0.013966030 0.014325350 0.013823010 0.011129990 0.011078090 0.011749170 0.013646790 0.012859400 0.013973100 0.009807430 0.008393740 0.009378480 0.003216650 0.003117460 0.006583700 0.006769820 0.008347610 0.009906740 0.000000000 0.000241130 0.012985130 0.014235410 0.020540200 0.021394460 0.020309900 0.021071840 0.021459830 0.016538060 0.016762420 0.016489930 0.016531430 0.019250690 0.019892030 0.017195490 0.016908010 0.019008740 0.015734230 0.015784870 0.012683990 
22     0.010836420 0.012599960 0.013713220 0.013580960 0.014823900 0.010800010 0.014079190 0.013359320 0.014203760 0.012689550 0.010692940 0.012209830 0.016084690 0.013948920 0.015546970 0.014805620 0.014603230 0.014882000 0.014795370 0.009581600 0.015237000 0.015780900 0.011580610 0.009849460 0.003457680 0.003358490 0.010084630 0.009596700 0.009567710 0.006232040 0.000241130 0.000000000 0.013162490 0.019584310 0.019747060 0.008159490 0.018337380 0.020458600 0.019941810 0.015931760 0.015309480 0.017753830 0.017795330 0.020514590 0.021155930 0.018459390 0.018171910 0.015388840 0.014940780 0.017048770 0.012548620 
34     0.015028120 0.015106420 0.018357670 0.018221060 0.018878320 0.015895680 0.015149230 0.016231160 0.015367300 0.020907820 0.021525010 0.019727580 0.013030350 0.019438600 0.019221100 0.016528080 0.016476180 0.017147260 0.017864020 0.016108330 0.015940460 0.015205520 0.013791830 0.018370250 0.019995440 0.022260360 0.020687820 0.020386390 0.017736900 0.017942410 0.012985130 0.013162490 0.000000000 0.001481530 0.000922640 0.005817530 0.010142180 0.010303230 0.008244100 0.007207540 0.003794570 0.011588900 0.011778870 0.009498330 0.010669560 0.012506370 0.006190820 0.007711680 0.008055210 0.008096930 0.017120170 
33     0.016278400 0.013284640 0.011821550 0.011684940 0.012342200 0.012606490 0.008613110 0.009695040 0.008831180 0.015220300 0.017106980 0.017080450 0.015545310 0.010792620 0.018905240 0.016758170 0.016866300 0.018397540 0.018278060 0.016465640 0.011584270 0.016455800 0.012355060 0.016521470 0.017303430 0.020000640 0.016756640 0.022086290 0.018987180 0.016424740 0.014235410 0.019584310 0.001481530 0.000000000 0.001297110 0.007784230 0.008772440 0.012485530 0.012258620 0.006169770 0.005284080 0.003532970 0.002497370 0.007127530 0.005268340 0.003641370 0.005589060 0.005438510 0.006492940 0.005511940 0.013830980 
36     0.019383100 0.012536870 0.010069750 0.009933140 0.010590400 0.018505560 0.006861310 0.007943240 0.007079380 0.014703550 0.016590230 0.016563700 0.014797540 0.014977620 0.024298840 0.018646510 0.022630540 0.023633870 0.017530290 0.020432300 0.015769270 0.021441150 0.016540060 0.020706470 0.021488430 0.020270610 0.019959480 0.023544350 0.021002050 0.020609740 0.020540200 0.019747060 0.000922640 0.001297110 0.000000000 0.002311340 0.007020640 0.012209500 0.008159780 0.004417970 0.003532280 0.007717970 0.006682370 0.013835070 0.009453340 0.007826370 0.007962120 0.006949960 0.014349740 0.008012610 0.014122660 
42     0.017330620 0.008776920 0.011611200 0.010819900 0.012131850 0.018539270 0.002914860 0.009484690 0.008620830 0.020311390 0.021468460 0.019916090 0.011037590 0.014028870 0.020754100 0.014886560 0.015487720 0.020227880 0.013770340 0.020190050 0.014823750 0.019829720 0.019193290 0.021469380 0.017981520 0.019037290 0.019397950 0.017163320 0.021304240 0.016031170 0.021394460 0.008159490 0.005817530 0.007784230 0.002311340 0.000000000 0.000875010 0.001552090 0.000375860 0.001913010 0.003990100 0.008603310 0.010833080 0.011205430 0.012110960 0.012273230 0.008096690 0.006586980 0.004832140 0.008195300 0.018593630 
50     0.017563980 0.020845560 0.012599410 0.012462800 0.013120060 0.023095440 0.009390970 0.010472900 0.009609040 0.020721500 0.021338690 0.022282100 0.018940270 0.020005220 0.022966830 0.022225480 0.020218300 0.022301860 0.019371530 0.019946310 0.019778440 0.019751750 0.021116600 0.023589330 0.024044900 0.023767870 0.022683490 0.021893900 0.023030390 0.020761750 0.020309900 0.018337380 0.010142180 0.008772440 0.007020640 0.000875010 0.000000000 0.000640300 0.000015640 0.002455440 0.005324660 0.012106000 0.011302580 0.011127460 0.012777540 0.012618690 0.012126610 0.008994870 0.009562720 0.014724540 0.019581840 
46     0.015790110 0.010987510 0.015139060 0.013030490 0.019514230 0.020749860 0.016500150 0.021427950 0.012769190 0.020882550 0.021499740 0.022443150 0.013248180 0.016239460 0.023127880 0.017097150 0.021081180 0.022462910 0.015980930 0.021803100 0.017034340 0.018423370 0.020912160 0.023750380 0.020192110 0.024643890 0.022844540 0.022867950 0.022401180 0.020052790 0.021071840 0.020458600 0.010303230 0.012485530 0.012209500 0.001552090 0.000640300 0.000000000 0.000591990 0.002790390 0.006620750 0.010777620 0.009974200 0.009799080 0.012666830 0.012779740 0.010307280 0.013835330 0.011683940 0.015597630 0.024277750 
48     0.017659940 0.018791790 0.021175220 0.020834770 0.021695870 0.020542460 0.017966780 0.019048710 0.018184850 0.021119650 0.021736840 0.022680250 0.020544700 0.022643950 0.023364980 0.022623630 0.021822730 0.022700010 0.020975960 0.020555190 0.020673630 0.019568980 0.022057770 0.023594340 0.024443050 0.024880990 0.023081640 0.023441390 0.023428540 0.022366180 0.021459830 0.019941810 0.008244100 0.012258620 0.008159780 0.000375860 0.000015640 0.000591990 0.000000000 0.003738650 0.002457380 0.011923230 0.011119810 0.010944690 0.012166250 0.012328520 0.011790690 0.005687600 0.011167150 0.013244570 0.024267500 
41     0.015949670 0.011688490 0.009996740 0.009860130 0.010517390 0.011176370 0.006788300 0.007870230 0.007006370 0.020465260 0.019908240 0.021795520 0.013949160 0.016887000 0.022710590 0.017798130 0.018920630 0.021446530 0.016681910 0.015293550 0.015100220 0.020042760 0.017269190 0.023333090 0.020893090 0.021883030 0.021144740 0.022787000 0.020421470 0.020753770 0.016538060 0.015931760 0.007207540 0.006169770 0.004417970 0.001913010 0.002455440 0.002790390 0.003738650 0.000000000 0.002721990 0.008899520 0.009268760 0.005159030 0.012483980 0.010857010 0.011008260 0.007495620 0.010346760 0.009747500 0.016979170 
40     0.017751510 0.017823700 0.009111050 0.008974440 0.009631700 0.019346440 0.001354900 0.006984540 0.001914440 0.019019310 0.020905990 0.019749100 0.015912370 0.019188850 0.022132920 0.019478250 0.017190400 0.021930560 0.016343630 0.016129850 0.015961980 0.023158690 0.021323000 0.023172060 0.023140210 0.020739970 0.021100630 0.018866000 0.022596990 0.017733850 0.016762420 0.015309480 0.003794570 0.005284080 0.003532280 0.003990100 0.005324660 0.006620750 0.002457380 0.002721990 0.000000000 0.006365300 0.009577630 0.006663030 0.012735470 0.009937670 0.012084540 0.006609930 0.005335090 0.007899060 0.016093480 
39     0.017479020 0.008909370 0.013060920 0.010952350 0.017436090 0.017649530 0.020295540 0.017383830 0.010691050 0.020443840 0.021845630 0.019476610 0.011170040 0.011712410 0.021860430 0.015019010 0.018814610 0.020397570 0.013902790 0.015857360 0.012504060 0.018175940 0.013274850 0.017441260 0.018113970 0.024989780 0.017676430 0.020789810 0.021436690 0.017344530 0.016489930 0.017753830 0.011588900 0.003532970 0.007717970 0.008603310 0.012106000 0.010777620 0.011923230 0.008899520 0.006365300 0.000000000 0.000094280 0.004131360 0.003815470 0.002316440 0.000750960 0.006358300 0.010106240 0.006431730 0.027954440 
37     0.017520520 0.011139140 0.015290690 0.013182120 0.019665860 0.018018770 0.022208800 0.016050540 0.012920820 0.020702130 0.021781610 0.019518110 0.013399810 0.010676810 0.021901930 0.017248780 0.018856110 0.021840800 0.016132560 0.015898860 0.011468460 0.017140340 0.012239250 0.016405660 0.017187620 0.024925760 0.016640830 0.023019580 0.022366000 0.016308930 0.016531430 0.017795330 0.011778870 0.002497370 0.006682370 0.010833080 0.011302580 0.009974200 0.011119810 0.009268760 0.009577630 0.000094280 0.000000000 0.002570820 0.002571450 0.001280840 0.002112650 0.004834150 0.010048930 0.005396130 0.027454720 
44     0.020239780 0.011783150 0.015934700 0.013826130 0.020309870 0.018205350 0.022992980 0.016344810 0.013564830 0.021512000 0.021133790 0.022237370 0.014043820 0.017035100 0.023517760 0.017892790 0.021478820 0.023092360 0.016776570 0.016404850 0.017829980 0.017278790 0.018375720 0.024379830 0.020987750 0.025166880 0.023473990 0.023663590 0.022589660 0.020848430 0.019250690 0.020514590 0.009498330 0.007127530 0.013835070 0.011205430 0.011127460 0.009799080 0.010944690 0.005159030 0.006663030 0.004131360 0.002570820 0.000000000 0.000126370 0.000051790 0.000631240 0.004046470 0.010379260 0.011362950 0.021616770 
38     0.020881120 0.011512360 0.019621120 0.017512550 0.023495840 0.016983970 0.024445520 0.019365640 0.017251250 0.021791740 0.022408930 0.022878710 0.017730240 0.013447780 0.023984200 0.021579210 0.021945260 0.023372100 0.020462990 0.015241940 0.014239430 0.016115880 0.015010220 0.019176630 0.018977300 0.020005320 0.019411800 0.024113480 0.024100630 0.019079900 0.019892030 0.021155930 0.010669560 0.005268340 0.009453340 0.012110960 0.012777540 0.012666830 0.012166250 0.012483980 0.012735470 0.003815470 0.002571450 0.000126370 0.000000000 0.000120780 0.000384640 0.007961830 0.010845700 0.008167100 0.029678000 
35     0.018184580 0.017067530 0.021219080 0.019110510 0.024639730 0.021325490 0.022853960 0.018038670 0.018300740 0.021366190 0.022250080 0.020182170 0.019328200 0.011820810 0.022565990 0.019911320 0.019520170 0.022504860 0.018431410 0.015404210 0.012612460 0.016278150 0.013383250 0.017549660 0.018331620 0.025394230 0.017784830 0.023954630 0.023030060 0.017452930 0.017195490 0.018459390 0.012506370 0.003641370 0.007826370 0.012273230 0.012618690 0.012779740 0.012328520 0.010857010 0.009937670 0.002316440 0.001280840 0.000051790 0.000120780 0.000000000 0.000546910 0.004503020 0.010811800 0.006540130 0.027475120 
45     0.017897100 0.008402750 0.012554300 0.010445730 0.016929470 0.016670610 0.019788920 0.019229920 0.010184430 0.019937220 0.021758000 0.019894690 0.010663420 0.013654700 0.010263670 0.014512390 0.018496420 0.019890950 0.011329940 0.014866380 0.014449580 0.015740320 0.016837250 0.024008640 0.017607350 0.023632140 0.021441960 0.020283190 0.020930070 0.017468030 0.016908010 0.018171910 0.006190820 0.005589060 0.007962120 0.008096690 0.012126610 0.010307280 0.011790690 0.011008260 0.012084540 0.000750960 0.002112650 0.000631240 0.000384640 0.000546910 0.000000000 0.002984790 0.008844520 0.002956850 0.026072720 
43     0.016819240 0.011930800 0.012819600 0.012682990 0.013340250 0.017218740 0.009611160 0.010693090 0.009829230 0.018627920 0.016626780 0.020979600 0.014050690 0.005605470 0.022531150 0.018040440 0.020492210 0.022833040 0.016924220 0.017868440 0.006397120 0.012069000 0.007167910 0.011334320 0.012116280 0.022228070 0.011569490 0.017690080 0.013516200 0.011237590 0.019008740 0.015388840 0.007711680 0.005438510 0.006949960 0.006586980 0.008994870 0.013835330 0.005687600 0.007495620 0.006609930 0.006358300 0.004834150 0.004046470 0.007961830 0.004503020 0.002984790 0.000000000 0.004974150 0.000321350 0.019802030 
49     0.017087890 0.015159320 0.019646390 0.020169450 0.019459840 0.013001370 0.020820540 0.015560680 0.016923960 0.020396690 0.021550510 0.019212670 0.013929130 0.010331700 0.018313780 0.016166710 0.016274840 0.018615670 0.015974930 0.015593420 0.011123350 0.016795230 0.011894140 0.016060550 0.016842510 0.017968790 0.016295720 0.018497300 0.020486000 0.015293560 0.015734230 0.014940780 0.008055210 0.006492940 0.014349740 0.004832140 0.009562720 0.011683940 0.011167150 0.010346760 0.005335090 0.010106240 0.010048930 0.010379260 0.010845700 0.010811800 0.008844520 0.004974150 0.000000000 0.000713190 0.019846550 
47     0.016773960 0.009314600 0.019652100 0.018591500 0.021298080 0.014786210 0.017302120 0.018673720 0.017782300 0.019955570 0.020294680 0.018771550 0.017550250 0.005678900 0.021155370 0.018500700 0.018109550 0.021094240 0.017020790 0.015152300 0.006470550 0.012142430 0.007241340 0.011407750 0.012189710 0.017807560 0.011642920 0.023230800 0.021619440 0.011311020 0.015784870 0.017048770 0.008096930 0.005511940 0.008012610 0.008195300 0.014724540 0.015597630 0.013244570 0.009747500 0.007899060 0.006431730 0.005396130 0.011362950 0.008167100 0.006540130 0.002956850 0.000321350 0.000713190 0.000000000 0.016682780 
0     0.013083360 0.016364940 0.013652770 0.013851170 0.008654440 0.006876560 0.010045080 0.005534490 0.005623170 0.003074550 0.004961230 0.004934700 0.019360860 0.022224200 0.024660880 0.022513810 0.021004820 0.018496330 0.025029520 0.016428010 0.013295640 0.012995340 0.012493510 0.023906310 0.017434380 0.017335190 0.021210390 0.021396510 0.024707250 0.019100840 0.012683990 0.012548620 0.017120170 0.013830980 0.014122660 0.018593630 0.019581840 0.024277750 0.024267500 0.016979170 0.016093480 0.027954440 0.027454720 0.021616770 0.029678000 0.027475120 0.026072720 0.019802030 0.019846550 0.016682780 0.000000000 
