51
12     0.000000000 0.054110566 0.053228467 0.042141463 0.040958568 0.121639173 0.116095748 0.095462020 0.120200968 0.092972895 0.095960126 0.086055675 0.104626652 0.107312346 0.107973429 0.103055339 0.088425417 0.112662575 0.084834252 0.091368815 0.090750918 0.092032640 0.103338112 0.077943885 0.119955288 0.100480436 0.098850920 0.100219926 0.114386797 0.108770922 0.090599649 0.100916329 0.097329426 0.137777199 0.141325932 0.082525270 0.086911850 0.087727084 0.087250237 0.094808288 0.094119940 0.115591994 0.115492850 0.120904323 0.108611755 0.105282914 0.105503975 0.101849431 0.100527156 0.102699004 0.134417500 
25     0.054110566 0.000000000 0.068269880 0.057455296 0.055906190 0.136595714 0.130527242 0.109629976 0.134650500 0.108033018 0.110773314 0.101163622 0.120298895 0.122813176 0.123626397 0.117950809 0.103145033 0.127651251 0.099511476 0.105366058 0.104876591 0.106783251 0.118459427 0.093284699 0.134673034 0.114807820 0.113163843 0.114873053 0.129726415 0.123571862 0.105586970 0.116694178 0.112457544 0.153707960 0.157422374 0.097501401 0.101941260 0.102958110 0.102630770 0.109798838 0.109105185 0.130333645 0.130247253 0.135577486 0.123877512 0.119989997 0.120458008 0.116537148 0.115267139 0.117719362 0.149727693 
17     0.053228467 0.068269880 0.000000000 0.048658499 0.046523734 0.133180549 0.127204241 0.106181921 0.130536867 0.103928521 0.106326430 0.096923702 0.115914321 0.118810599 0.119793107 0.113788745 0.098154596 0.122702687 0.096741063 0.102470853 0.101910400 0.103682128 0.113955803 0.088778715 0.131467218 0.111952515 0.110579242 0.111741491 0.125210869 0.119504211 0.100905987 0.111795599 0.107783729 0.149519782 0.153019118 0.093695517 0.097630519 0.098762182 0.099349169 0.106412266 0.105582457 0.126537990 0.126452249 0.132359123 0.119567197 0.116211024 0.116650302 0.113017227 0.111144278 0.113775840 0.146225093 
36     0.042141463 0.057455296 0.048658499 0.000000000 0.030268010 0.123173772 0.115620221 0.096983033 0.121429107 0.094859086 0.097393202 0.087494662 0.106358124 0.109366562 0.110214302 0.104951028 0.089203470 0.113616270 0.087418393 0.093491584 0.092980085 0.093862495 0.104899160 0.079255168 0.121100581 0.101227670 0.099637167 0.100801211 0.116690461 0.110731621 0.092702583 0.102906243 0.098925182 0.140564591 0.143555708 0.083915818 0.088322919 0.089439366 0.089408064 0.096562408 0.095697808 0.115019021 0.114777822 0.122950702 0.108786809 0.106654878 0.106901163 0.102670153 0.101540895 0.104579614 0.135975521 
33     0.040958568 0.055906190 0.046523734 0.030268010 0.000000000 0.120106814 0.114032938 0.093136936 0.118194059 0.089946900 0.093295739 0.083175317 0.102617711 0.105098332 0.105711813 0.100583649 0.085836990 0.109867056 0.083930319 0.088967763 0.088478623 0.090329834 0.101536339 0.076699782 0.117303215 0.098228659 0.096429154 0.097659570 0.112042744 0.106040718 0.088194597 0.099167821 0.096143256 0.136640866 0.140011987 0.080726178 0.084696458 0.085930901 0.086504312 0.093931989 0.093227232 0.112274738 0.112195022 0.118211661 0.106520074 0.103957874 0.104189393 0.100562880 0.099016048 0.102166208 0.133325501 
7     0.121639173 0.136595714 0.133180549 0.123173772 0.120106814 0.000000000 0.070344194 0.135481577 0.160045619 0.134443516 0.136918945 0.127699425 0.146920226 0.147983879 0.148799226 0.143808741 0.130543894 0.153244553 0.125752186 0.133409606 0.132957123 0.133950628 0.143661439 0.124338655 0.166833866 0.145146906 0.143489123 0.145658067 0.160001457 0.154696997 0.137859207 0.147959260 0.144757761 0.186917252 0.190100995 0.130935144 0.133912218 0.134362208 0.135520608 0.142444663 0.141213672 0.162442116 0.162156658 0.168234435 0.155399062 0.152950344 0.153134701 0.148966715 0.147778709 0.151217325 0.182638936 
13     0.116095748 0.130527242 0.127204241 0.115620221 0.114032938 0.070344194 0.000000000 0.129938085 0.155883869 0.129295979 0.130943058 0.121464922 0.141133427 0.142161585 0.142707549 0.137873118 0.124667537 0.147163339 0.119640917 0.127267424 0.126818768 0.127758702 0.137768144 0.118699440 0.160509617 0.139556011 0.137704638 0.139598285 0.153525589 0.148698839 0.131996723 0.142707694 0.139358078 0.180348166 0.183774356 0.124546924 0.128380360 0.128946135 0.128432861 0.135196696 0.133928272 0.154961742 0.154664914 0.162645481 0.148109459 0.146841447 0.147033272 0.143020648 0.141410668 0.143990674 0.173762952 
40     0.095462020 0.109629976 0.106181921 0.096983033 0.093136936 0.135481577 0.129938085 0.000000000 0.092988008 0.094209413 0.097248848 0.086507917 0.104465979 0.106957709 0.108134802 0.103285905 0.088612547 0.112601679 0.094122766 0.099716216 0.099235760 0.101270618 0.115349143 0.098898723 0.138492995 0.119808806 0.118049940 0.119953692 0.134644297 0.129389351 0.111053050 0.121158626 0.118191340 0.159251626 0.163596246 0.103687335 0.106510177 0.107633114 0.108188064 0.115289314 0.114385786 0.136522885 0.136393348 0.142938476 0.126595253 0.125770127 0.126188281 0.121984472 0.121042958 0.123503292 0.157484783 
19     0.120200968 0.134650500 0.130536867 0.121429107 0.118194059 0.160045619 0.155883869 0.092988008 0.000000000 0.118502415 0.121006000 0.110201983 0.129281989 0.130296788 0.131401576 0.127229954 0.112769708 0.135891733 0.118964665 0.124328046 0.124015757 0.126244912 0.138788796 0.122575177 0.163673445 0.143806680 0.142480782 0.143614571 0.158312064 0.152547987 0.134748060 0.145705663 0.142325876 0.184292608 0.187594673 0.127654514 0.131063798 0.132075017 0.133389495 0.140239259 0.139676823 0.160857297 0.160727147 0.166601210 0.151755632 0.150429331 0.150718028 0.146406143 0.145162905 0.147860479 0.180758895 
5     0.092972895 0.108033018 0.103928521 0.094859086 0.089946900 0.134443516 0.129295979 0.094209413 0.118502415 0.000000000 0.078476289 0.067006759 0.085235578 0.088007639 0.088672114 0.084280080 0.082257277 0.106073615 0.092827350 0.097603723 0.097052270 0.098841310 0.113556380 0.096411256 0.136602387 0.117976312 0.116109808 0.117569226 0.131279984 0.125428960 0.108030225 0.119214054 0.116549132 0.157158038 0.160717584 0.102917785 0.104988006 0.106520183 0.108220243 0.115321817 0.114223157 0.133651847 0.133502419 0.139397442 0.126565543 0.124616812 0.124676639 0.120974729 0.119707368 0.122251938 0.157719717 
15     0.095960126 0.110773314 0.106326430 0.097393202 0.093295739 0.136918945 0.130943058 0.097248848 0.121006000 0.078476289 0.000000000 0.061189545 0.079662473 0.084971512 0.086013436 0.089259810 0.085294888 0.109029043 0.094911766 0.099972232 0.099507049 0.101240968 0.115707342 0.099873290 0.139201324 0.120667999 0.118794860 0.120393548 0.133832314 0.128272549 0.110684007 0.122058330 0.119522043 0.159525585 0.163302458 0.104945807 0.107042028 0.108437423 0.109975803 0.117405762 0.116424789 0.135842989 0.135737973 0.142421264 0.128719335 0.126902927 0.127018859 0.123324459 0.121641485 0.124280833 0.158932396 
30     0.086055675 0.101163622 0.096923702 0.087494662 0.083175317 0.127699425 0.121464922 0.086507917 0.110201983 0.067006759 0.061189545 0.000000000 0.059616394 0.073596519 0.074432680 0.077207132 0.074582388 0.098187332 0.085441726 0.089791198 0.089704673 0.091789294 0.106474900 0.089334954 0.129396176 0.111271857 0.109592565 0.110882669 0.123454474 0.118061998 0.101507508 0.111549984 0.108862521 0.150105446 0.153811077 0.094150594 0.097421508 0.098716713 0.099711551 0.107833049 0.106769672 0.125812875 0.125651689 0.132661512 0.118871683 0.117596036 0.117996216 0.113340838 0.112443732 0.115573442 0.147667476 
2     0.104626652 0.120298895 0.115914321 0.106358124 0.102617711 0.146920226 0.141133427 0.104465979 0.129281989 0.085235578 0.079662473 0.059616394 0.000000000 0.091050058 0.092008511 0.094813198 0.092998826 0.116546464 0.103429979 0.108702076 0.108243970 0.109911628 0.124756693 0.108357662 0.148551609 0.131139761 0.129318377 0.129958462 0.142368963 0.136298213 0.119881274 0.131283278 0.128366720 0.170046908 0.173184632 0.113006622 0.115344444 0.116900968 0.118563343 0.126503841 0.125378437 0.146214064 0.146030169 0.151658630 0.137682992 0.136684118 0.136655233 0.132405383 0.131290580 0.134862249 0.167088820 
27     0.107312346 0.122813176 0.118810599 0.109366562 0.105098332 0.147983879 0.142161585 0.106957709 0.130296788 0.088007639 0.084971512 0.073596519 0.091050058 0.000000000 0.026677176 0.098439004 0.095795113 0.118362283 0.106013287 0.111224923 0.110780848 0.112597125 0.126386444 0.111177085 0.151423476 0.133611281 0.131786644 0.132415827 0.145683791 0.139776861 0.122396432 0.132919020 0.130802538 0.172059176 0.175716933 0.115513856 0.118529946 0.119528387 0.121176246 0.128659672 0.127643530 0.147430352 0.147290220 0.153761690 0.139670448 0.138222301 0.138682595 0.134363383 0.132509412 0.136200358 0.169772607 
21     0.107973429 0.123626397 0.119793107 0.110214302 0.105711813 0.148799226 0.142707549 0.108134802 0.131401576 0.088672114 0.086013436 0.074432680 0.092008511 0.026677176 0.000000000 0.099235509 0.096500798 0.119020233 0.106777109 0.112166467 0.111659448 0.113394060 0.127071810 0.111741505 0.152390521 0.134400355 0.132567160 0.133505402 0.146805384 0.140814201 0.123288404 0.133459092 0.131526136 0.172703700 0.176444243 0.117027204 0.119878040 0.120842526 0.122378892 0.129930043 0.128913297 0.148600157 0.148460025 0.154832630 0.141170487 0.139225359 0.139600410 0.135235987 0.134019334 0.137522840 0.171177626 
4     0.103055339 0.117950809 0.113788745 0.104951028 0.100583649 0.143808741 0.137873118 0.103285905 0.127229954 0.084280080 0.089259810 0.077207132 0.094813198 0.098439004 0.099235509 0.000000000 0.091705307 0.115053163 0.102865129 0.107996932 0.107584356 0.109583618 0.122522497 0.107249379 0.146810568 0.128412194 0.126585503 0.127768077 0.140716623 0.135227375 0.118076856 0.128396966 0.126055151 0.168331287 0.171601244 0.112494353 0.115641666 0.116839215 0.117991626 0.125081142 0.124066668 0.146049539 0.145943164 0.150292525 0.135674011 0.134126729 0.134201494 0.130276787 0.129190839 0.132565663 0.165649191 
22     0.088425417 0.103145033 0.098154596 0.089203470 0.085836990 0.130543894 0.124667537 0.088612547 0.112769708 0.082257277 0.085294888 0.074582388 0.092998826 0.095795113 0.096500798 0.091705307 0.000000000 0.100889116 0.088282405 0.093504921 0.093020383 0.094911763 0.107670758 0.092335287 0.132339293 0.113639581 0.112042216 0.113064150 0.126830968 0.121014609 0.103464186 0.114335814 0.110864543 0.152103337 0.156313232 0.095897872 0.099612290 0.100505876 0.102011754 0.109325125 0.108288157 0.129060214 0.128930677 0.136190337 0.122090859 0.120584789 0.121149181 0.116966882 0.115130553 0.118498388 0.149366376 
31     0.112662575 0.127651251 0.122702687 0.113616270 0.109867056 0.153244553 0.147163339 0.112601679 0.135891733 0.106073615 0.109029043 0.098187332 0.116546464 0.118362283 0.119020233 0.115053163 0.100889116 0.000000000 0.110979982 0.117547290 0.116840779 0.117114969 0.131154601 0.115306780 0.155518383 0.137733795 0.136017014 0.135982232 0.151303052 0.145157607 0.127234961 0.138209301 0.135421401 0.177540186 0.181139697 0.121281621 0.124238451 0.125316112 0.126166378 0.134168137 0.133125453 0.153637365 0.153507828 0.159605690 0.145842493 0.143345013 0.143643218 0.140192190 0.137408516 0.141586194 0.174224910 
26     0.084834252 0.099511476 0.096741063 0.087418393 0.083930319 0.125752186 0.119640917 0.094122766 0.118964665 0.092827350 0.094911766 0.085441726 0.103429979 0.106013287 0.106777109 0.102865129 0.088282405 0.110979982 0.000000000 0.051690905 0.050831919 0.053355675 0.104865603 0.089201592 0.131060063 0.111985541 0.110166676 0.110557141 0.125693742 0.120134199 0.100691161 0.111279800 0.108126579 0.149795510 0.153615923 0.093617157 0.097978219 0.099040178 0.099475141 0.107426183 0.106439299 0.126573475 0.126361056 0.132303066 0.117158921 0.115854019 0.115632106 0.111705080 0.111049747 0.113522263 0.148032861 
44     0.091368815 0.105366058 0.102470853 0.093491584 0.088967763 0.133409606 0.127267424 0.099716216 0.124328046 0.097603723 0.099972232 0.089791198 0.108702076 0.111224923 0.112166467 0.107996932 0.093504921 0.117547290 0.051690905 0.000000000 0.010503404 0.050981656 0.112040072 0.095778227 0.136299506 0.117561484 0.115762773 0.116603549 0.131419167 0.125738519 0.107254934 0.118316114 0.114843586 0.155338246 0.159771517 0.098599053 0.103515001 0.104274104 0.105118522 0.112685162 0.111706293 0.132478221 0.132217023 0.137960881 0.123435797 0.123242544 0.123070792 0.118954842 0.118570946 0.120083794 0.155036616 
43     0.090750918 0.104876591 0.101910400 0.092980085 0.088478623 0.132957123 0.126818768 0.099235760 0.124015757 0.097052270 0.099507049 0.089704673 0.108243970 0.110780848 0.111659448 0.107584356 0.093020383 0.116840779 0.050831919 0.010503404 0.000000000 0.049900142 0.111469288 0.095105144 0.135724142 0.116702173 0.114901031 0.115904957 0.130810167 0.125129326 0.106565509 0.117595016 0.114064451 0.154495585 0.158815205 0.097811382 0.102618567 0.103346192 0.104606915 0.112119122 0.111140253 0.131500633 0.131239435 0.137208833 0.123454137 0.123100785 0.122925527 0.118745444 0.118404128 0.120253826 0.154452873 
8     0.092032640 0.106783251 0.103682128 0.093862495 0.090329834 0.133950628 0.127758702 0.101270618 0.126244912 0.098841310 0.101240968 0.091789294 0.109911628 0.112597125 0.113394060 0.109583618 0.094911763 0.117114969 0.053355675 0.050981656 0.049900142 0.000000000 0.113083474 0.096370190 0.136849130 0.117558779 0.115685783 0.116541006 0.132526002 0.127113695 0.107835787 0.118282091 0.115473951 0.155391648 0.159734220 0.099928690 0.103865343 0.104685783 0.105997044 0.113527486 0.112554185 0.132831054 0.132545556 0.138985916 0.124285761 0.123801624 0.123511697 0.119809846 0.119068137 0.120772006 0.154966294 
38     0.103338112 0.118459427 0.113955803 0.104899160 0.101536339 0.143661439 0.137768144 0.115349143 0.138788796 0.113556380 0.115707342 0.106474900 0.124756693 0.126386444 0.127071810 0.122522497 0.107670758 0.131154601 0.104865603 0.112040072 0.111469288 0.113083474 0.000000000 0.106666517 0.146076767 0.128181209 0.126582615 0.127578562 0.140723882 0.135587133 0.117994752 0.128340716 0.125417441 0.166330819 0.170489556 0.111679529 0.116013808 0.116746107 0.117365660 0.124681318 0.123478440 0.143163882 0.143040646 0.150186870 0.134728227 0.133265101 0.133350792 0.129195305 0.127471638 0.130192884 0.163554576 
6     0.077943885 0.093284699 0.088778715 0.079255168 0.076699782 0.124338655 0.118699440 0.098898723 0.122575177 0.096411256 0.099873290 0.089334954 0.108357662 0.111177085 0.111741505 0.107249379 0.092335287 0.115306780 0.089201592 0.095778227 0.095105144 0.096370190 0.106666517 0.000000000 0.118688027 0.098262349 0.096403187 0.098306741 0.112756097 0.106989657 0.088998579 0.106820860 0.102589921 0.143184131 0.147630699 0.087479324 0.090809822 0.092392781 0.093223029 0.100255019 0.099335236 0.119860482 0.119741738 0.125951624 0.112656999 0.110156771 0.110756936 0.106275043 0.105635642 0.107831991 0.137983643 
9     0.119955288 0.134673034 0.131467218 0.121100581 0.117303215 0.166833866 0.160509617 0.138492995 0.163673445 0.136602387 0.139201324 0.129396176 0.148551609 0.151423476 0.152390521 0.146810568 0.132339293 0.155518383 0.131060063 0.136299506 0.135724142 0.136849130 0.146076767 0.118688027 0.000000000 0.107447058 0.105774026 0.107646794 0.152292557 0.146214830 0.128846106 0.146440451 0.142017889 0.183560704 0.187460389 0.127764344 0.131013130 0.131847999 0.133089296 0.140170821 0.139412140 0.161167325 0.160851564 0.165693839 0.153043958 0.150805674 0.151028988 0.147024035 0.145723653 0.148519550 0.181534155 
24     0.100480436 0.114807820 0.111952515 0.101227670 0.098228659 0.145146906 0.139556011 0.119808806 0.143806680 0.117976312 0.120667999 0.111271857 0.131139761 0.133611281 0.134400355 0.128412194 0.113639581 0.137733795 0.111985541 0.117561484 0.116702173 0.117558779 0.128181209 0.098262349 0.107447058 0.000000000 0.017947553 0.052750561 0.132069081 0.125489638 0.109292209 0.126567681 0.122553877 0.163910359 0.167307195 0.108286875 0.111110356 0.112345003 0.113187132 0.120724053 0.119953508 0.141215094 0.141037998 0.146155374 0.132755642 0.130032229 0.130337663 0.126381824 0.126262819 0.127856681 0.162674406 
28     0.098850920 0.113163843 0.110579242 0.099637167 0.096429154 0.143489123 0.137704638 0.118049940 0.142480782 0.116109808 0.118794860 0.109592565 0.129318377 0.131786644 0.132567160 0.126585503 0.112042216 0.136017014 0.110166676 0.115762773 0.114901031 0.115685783 0.126582615 0.096403187 0.105774026 0.017947553 0.000000000 0.051246701 0.130399362 0.123832705 0.107494776 0.125029585 0.121047751 0.162378662 0.165739162 0.106582174 0.109423061 0.110785367 0.111742252 0.119130486 0.118364253 0.139420814 0.139243718 0.144715230 0.131307582 0.128603522 0.128914197 0.124955885 0.125033184 0.126680964 0.160710802 
35     0.100219926 0.114873053 0.111741491 0.100801211 0.097659570 0.145658067 0.139598285 0.119953692 0.143614571 0.117569226 0.120393548 0.110882669 0.129958462 0.132415827 0.133505402 0.127768077 0.113064150 0.135982232 0.110557141 0.116603549 0.115904957 0.116541006 0.127578562 0.098306741 0.107646794 0.052750561 0.051246701 0.000000000 0.132668823 0.126391741 0.109879086 0.126231713 0.122744600 0.163961966 0.167494643 0.107604665 0.111008830 0.112266053 0.113196679 0.120608996 0.119861456 0.141480648 0.141304458 0.145959726 0.132974808 0.130588064 0.130696982 0.126809306 0.126757686 0.128194320 0.161774198 
10     0.114386797 0.129726415 0.125210869 0.116690461 0.112042744 0.160001457 0.153525589 0.134644297 0.158312064 0.131279984 0.133832314 0.123454474 0.142368963 0.145683791 0.146805384 0.140716623 0.126830968 0.151303052 0.125693742 0.131419167 0.130810167 0.132526002 0.140723882 0.112756097 0.152292557 0.132069081 0.130399362 0.132668823 0.000000000 0.037502153 0.091065929 0.140349481 0.135907325 0.175732011 0.179399553 0.121704675 0.126086033 0.127385701 0.127979942 0.135330292 0.134224622 0.154784563 0.154608300 0.160339552 0.146573672 0.143178216 0.143923130 0.139429642 0.138850556 0.140956839 0.175835704 
20     0.108770922 0.123571862 0.119504211 0.110731621 0.106040718 0.154696997 0.148698839 0.129389351 0.152547987 0.125428960 0.128272549 0.118061998 0.136298213 0.139776861 0.140814201 0.135227375 0.121014609 0.145157607 0.120134199 0.125738519 0.125129326 0.127113695 0.135587133 0.106989657 0.146214830 0.125489638 0.123832705 0.126391741 0.037502153 0.000000000 0.085299031 0.134472867 0.129347000 0.170482585 0.174215880 0.116224750 0.120171517 0.121421018 0.122291974 0.129740486 0.128593070 0.149122171 0.148945908 0.154419443 0.141286178 0.137707282 0.138511005 0.134116910 0.133444528 0.136352125 0.170758194 
16     0.090599649 0.105586970 0.100905987 0.092702583 0.088194597 0.137859207 0.131996723 0.111053050 0.134748060 0.108030225 0.110684007 0.101507508 0.119881274 0.122396432 0.123288404 0.118076856 0.103464186 0.127234961 0.100691161 0.107254934 0.106565509 0.107835787 0.117994752 0.088998579 0.128846106 0.109292209 0.107494776 0.109879086 0.091065929 0.085299031 0.000000000 0.117417126 0.112785024 0.154585006 0.157910478 0.100770151 0.104105362 0.105167472 0.105250272 0.112707584 0.111898735 0.130571319 0.130475984 0.137032832 0.124285889 0.120909455 0.122032596 0.116767106 0.116446646 0.119310535 0.152965562 
23     0.100916329 0.116694178 0.111795599 0.102906243 0.099167821 0.147959260 0.142707694 0.121158626 0.145705663 0.119214054 0.122058330 0.111549984 0.131283278 0.132919020 0.133459092 0.128396966 0.114335814 0.138209301 0.111279800 0.118316114 0.117595016 0.118282091 0.128340716 0.106820860 0.146440451 0.126567681 0.125029585 0.126231713 0.140349481 0.134472867 0.117417126 0.000000000 0.043000697 0.112760502 0.116772284 0.088985754 0.092054668 0.092437532 0.094856722 0.101270269 0.100984558 0.127671038 0.127516619 0.134739171 0.134944352 0.131950132 0.132201199 0.128115525 0.126469618 0.130111450 0.161106275 
42     0.097329426 0.112457544 0.107783729 0.098925182 0.096143256 0.144757761 0.139358078 0.118191340 0.142325876 0.116549132 0.119522043 0.108862521 0.128366720 0.130802538 0.131526136 0.126055151 0.110864543 0.135421401 0.108126579 0.114843586 0.114064451 0.115473951 0.125417441 0.102589921 0.142017889 0.122553877 0.121047751 0.122744600 0.135907325 0.129347000 0.112785024 0.043000697 0.000000000 0.108627320 0.112284989 0.085116976 0.088589241 0.088948072 0.090772360 0.097284899 0.096831401 0.124128173 0.123973193 0.131613950 0.132293381 0.129559494 0.129848959 0.125634260 0.123795713 0.127622301 0.158639131 
41     0.137777199 0.153707960 0.149519782 0.140564591 0.136640866 0.186917252 0.180348166 0.159251626 0.184292608 0.157158038 0.159525585 0.150105446 0.170046908 0.172059176 0.172703700 0.168331287 0.152103337 0.177540186 0.149795510 0.155338246 0.154495585 0.155391648 0.166330819 0.143184131 0.183560704 0.163910359 0.162378662 0.163961966 0.175732011 0.170482585 0.154585006 0.112760502 0.108627320 0.000000000 0.057139248 0.125616944 0.129261142 0.129550267 0.131538155 0.137922505 0.137408180 0.164979755 0.164801077 0.173125596 0.172624909 0.169722966 0.170111295 0.166152047 0.163764886 0.167121974 0.200229078 
1     0.141325932 0.157422374 0.153019118 0.143555708 0.140011987 0.190100995 0.183774356 0.163596246 0.187594673 0.160717584 0.163302458 0.153811077 0.173184632 0.175716933 0.176444243 0.171601244 0.156313232 0.181139697 0.153615923 0.159771517 0.158815205 0.159734220 0.170489556 0.147630699 0.187460389 0.167307195 0.165739162 0.167494643 0.179399553 0.174215880 0.157910478 0.116772284 0.112284989 0.057139248 0.000000000 0.129044480 0.133235964 0.133443724 0.135336193 0.142017951 0.141703139 0.168784589 0.168605910 0.175832858 0.175984332 0.173339818 0.173707488 0.169902668 0.167353496 0.171329200 0.203366589 
14     0.082525270 0.097501401 0.093695517 0.083915818 0.080726178 0.130935144 0.124546924 0.103687335 0.127654514 0.102917785 0.104945807 0.094150594 0.113006622 0.115513856 0.117027204 0.112494353 0.095897872 0.121281621 0.093617157 0.098599053 0.097811382 0.099928690 0.111679529 0.087479324 0.127764344 0.108286875 0.106582174 0.107604665 0.121704675 0.116224750 0.100770151 0.088985754 0.085116976 0.125616944 0.129044480 0.000000000 0.037677333 0.038569522 0.052045613 0.058681060 0.058349253 0.110786976 0.110601723 0.119596876 0.117384206 0.116069774 0.116331035 0.112459195 0.109652520 0.113083788 0.143729774 
37     0.086911850 0.101941260 0.097630519 0.088322919 0.084696458 0.133912218 0.128380360 0.106510177 0.131063798 0.104988006 0.107042028 0.097421508 0.115344444 0.118529946 0.119878040 0.115641666 0.099612290 0.124238451 0.097978219 0.103515001 0.102618567 0.103865343 0.116013808 0.090809822 0.131013130 0.111110356 0.109423061 0.111008830 0.126086033 0.120171517 0.104105362 0.092054668 0.088589241 0.129261142 0.133235964 0.037677333 0.000000000 0.019654127 0.055224685 0.062036600 0.061686854 0.114439756 0.114259734 0.121644034 0.120022918 0.118410750 0.118686544 0.114988946 0.112921177 0.116192861 0.147171222 
29     0.087727084 0.102958110 0.098762182 0.089439366 0.085930901 0.134362208 0.128946135 0.107633114 0.132075017 0.106520183 0.108437423 0.098716713 0.116900968 0.119528387 0.120842526 0.116839215 0.100505876 0.125316112 0.099040178 0.104274104 0.103346192 0.104685783 0.116746107 0.092392781 0.131847999 0.112345003 0.110785367 0.112266053 0.127385701 0.121421018 0.105167472 0.092437532 0.088948072 0.129550267 0.133443724 0.038569522 0.019654127 0.000000000 0.056155783 0.062784949 0.062352626 0.115725723 0.115578872 0.123326477 0.121458870 0.119322114 0.119650228 0.115970067 0.114119465 0.117024791 0.148175337 
32     0.087250237 0.102630770 0.099349169 0.089408064 0.086504312 0.135520608 0.128432861 0.108188064 0.133389495 0.108220243 0.109975803 0.099711551 0.118563343 0.121176246 0.122378892 0.117991626 0.102011754 0.126166378 0.099475141 0.105118522 0.104606915 0.105997044 0.117365660 0.093223029 0.133089296 0.113187132 0.111742252 0.113196679 0.127979942 0.122291974 0.105250272 0.094856722 0.090772360 0.131538155 0.135336193 0.052045613 0.055224685 0.056155783 0.000000000 0.032690215 0.032626544 0.116869623 0.116695695 0.123896175 0.120922054 0.119330699 0.119678741 0.115766764 0.113663797 0.116770270 0.150464939 
34     0.094808288 0.109798838 0.106412266 0.096562408 0.093931989 0.142444663 0.135196696 0.115289314 0.140239259 0.115321817 0.117405762 0.107833049 0.126503841 0.128659672 0.129930043 0.125081142 0.109325125 0.134168137 0.107426183 0.112685162 0.112119122 0.113527486 0.124681318 0.100255019 0.140170821 0.120724053 0.119130486 0.120608996 0.135330292 0.129740486 0.112707584 0.101270269 0.097284899 0.137922505 0.142017951 0.058681060 0.062036600 0.062784949 0.032690215 0.000000000 0.019577498 0.123850055 0.123670033 0.131215424 0.128751728 0.127345220 0.127664902 0.123716194 0.121311231 0.124299425 0.157871702 
3     0.094119940 0.109105185 0.105582457 0.095697808 0.093227232 0.141213672 0.133928272 0.114385786 0.139676823 0.114223157 0.116424789 0.106769672 0.125378437 0.127643530 0.128913297 0.124066668 0.108288157 0.133125453 0.106439299 0.111706293 0.111140253 0.112554185 0.123478440 0.099335236 0.139412140 0.119953508 0.118364253 0.119861456 0.134224622 0.128593070 0.111898735 0.100984558 0.096831401 0.137408180 0.141703139 0.058349253 0.061686854 0.062352626 0.032626544 0.019577498 0.000000000 0.123348474 0.123168452 0.130286179 0.127860648 0.126450905 0.126768956 0.122738733 0.120534188 0.123441655 0.156835189 
39     0.115591994 0.130333645 0.126537990 0.115019021 0.112274738 0.162442116 0.154961742 0.136522885 0.160857297 0.133651847 0.135842989 0.125812875 0.146214064 0.147430352 0.148600157 0.146049539 0.129060214 0.153637365 0.126573475 0.132478221 0.131500633 0.132831054 0.143163882 0.119860482 0.161167325 0.141215094 0.139420814 0.141480648 0.154784563 0.149122171 0.130571319 0.127671038 0.124128173 0.164979755 0.168784589 0.110786976 0.114439756 0.115725723 0.116869623 0.123850055 0.123348474 0.000000000 0.016270449 0.149765463 0.150463701 0.148449525 0.148843958 0.143504378 0.141876258 0.145841936 0.174185950 
18     0.115492850 0.130247253 0.126452249 0.114777822 0.112195022 0.162156658 0.154664914 0.136393348 0.160727147 0.133502419 0.135737973 0.125651689 0.146030169 0.147290220 0.148460025 0.145943164 0.128930677 0.153507828 0.126361056 0.132217023 0.131239435 0.132545556 0.143040646 0.119741738 0.160851564 0.141037998 0.139243718 0.141304458 0.154608300 0.148945908 0.130475984 0.127516619 0.123973193 0.164801077 0.168605910 0.110601723 0.114259734 0.115578872 0.116695695 0.123670033 0.123168452 0.016270449 0.000000000 0.149500724 0.150317569 0.148386775 0.148781208 0.143443245 0.141795780 0.145728546 0.173985362 
11     0.120904323 0.135577486 0.132359123 0.122950702 0.118211661 0.168234435 0.162645481 0.142938476 0.166601210 0.139397442 0.142421264 0.132661512 0.151658630 0.153761690 0.154832630 0.150292525 0.136190337 0.159605690 0.132303066 0.137960881 0.137208833 0.138985916 0.150186870 0.125951624 0.165693839 0.146155374 0.144715230 0.145959726 0.160339552 0.154419443 0.137032832 0.134739171 0.131613950 0.173125596 0.175832858 0.119596876 0.121644034 0.123326477 0.123896175 0.131215424 0.130286179 0.149765463 0.149500724 0.000000000 0.153640396 0.152866895 0.153412564 0.148937392 0.145943254 0.150182832 0.181422991 
49     0.108611755 0.123877512 0.119567197 0.108786809 0.106520074 0.155399062 0.148109459 0.126595253 0.151755632 0.126565543 0.128719335 0.118871683 0.137682992 0.139670448 0.141170487 0.135674011 0.122090859 0.145842493 0.117158921 0.123435797 0.123454137 0.124285761 0.134728227 0.112656999 0.153043958 0.132755642 0.131307582 0.132974808 0.146573672 0.141286178 0.124285889 0.134944352 0.132293381 0.172624909 0.175984332 0.117384206 0.120022918 0.121458870 0.120922054 0.128751728 0.127860648 0.150463701 0.150317569 0.153640396 0.000000000 0.063042091 0.064361653 0.060556564 0.070151426 0.070326057 0.168675946 
50     0.105282914 0.119989997 0.116211024 0.106654878 0.103957874 0.152950344 0.146841447 0.125770127 0.150429331 0.124616812 0.126902927 0.117596036 0.136684118 0.138222301 0.139225359 0.134126729 0.120584789 0.143345013 0.115854019 0.123242544 0.123100785 0.123801624 0.133265101 0.110156771 0.150805674 0.130032229 0.128603522 0.130588064 0.143178216 0.137707282 0.120909455 0.131950132 0.129559494 0.169722966 0.173339818 0.116069774 0.118410750 0.119322114 0.119330699 0.127345220 0.126450905 0.148449525 0.148386775 0.152866895 0.063042091 0.000000000 0.017211796 0.029224267 0.066652974 0.065574707 0.165569799 
48     0.105503975 0.120458008 0.116650302 0.106901163 0.104189393 0.153134701 0.147033272 0.126188281 0.150718028 0.124676639 0.127018859 0.117996216 0.136655233 0.138682595 0.139600410 0.134201494 0.121149181 0.143643218 0.115632106 0.123070792 0.122925527 0.123511697 0.133350792 0.110756936 0.151028988 0.130337663 0.128914197 0.130696982 0.143923130 0.138511005 0.122032596 0.132201199 0.129848959 0.170111295 0.173707488 0.116331035 0.118686544 0.119650228 0.119678741 0.127664902 0.126768956 0.148843958 0.148781208 0.153412564 0.064361653 0.017211796 0.000000000 0.030504442 0.067690632 0.066837861 0.165536103 
47     0.101849431 0.116537148 0.113017227 0.102670153 0.100562880 0.148966715 0.143020648 0.121984472 0.146406143 0.120974729 0.123324459 0.113340838 0.132405383 0.134363383 0.135235987 0.130276787 0.116966882 0.140192190 0.111705080 0.118954842 0.118745444 0.119809846 0.129195305 0.106275043 0.147024035 0.126381824 0.124955885 0.126809306 0.139429642 0.134116910 0.116767106 0.128115525 0.125634260 0.166152047 0.169902668 0.112459195 0.114988946 0.115970067 0.115766764 0.123716194 0.122738733 0.143504378 0.143443245 0.148937392 0.060556564 0.029224267 0.030504442 0.000000000 0.063705995 0.062653714 0.161466899 
45     0.100527156 0.115267139 0.111144278 0.101540895 0.099016048 0.147778709 0.141410668 0.121042958 0.145162905 0.119707368 0.121641485 0.112443732 0.131290580 0.132509412 0.134019334 0.129190839 0.115130553 0.137408516 0.111049747 0.118570946 0.118404128 0.119068137 0.127471638 0.105635642 0.145723653 0.126262819 0.125033184 0.126757686 0.138850556 0.133444528 0.116446646 0.126469618 0.123795713 0.163764886 0.167353496 0.109652520 0.112921177 0.114119465 0.113663797 0.121311231 0.120534188 0.141876258 0.141795780 0.145943254 0.070151426 0.066652974 0.067690632 0.063705995 0.000000000 0.059766953 0.160554942 
46     0.102699004 0.117719362 0.113775840 0.104579614 0.102166208 0.151217325 0.143990674 0.123503292 0.147860479 0.122251938 0.124280833 0.115573442 0.134862249 0.136200358 0.137522840 0.132565663 0.118498388 0.141586194 0.113522263 0.120083794 0.120253826 0.120772006 0.130192884 0.107831991 0.148519550 0.127856681 0.126680964 0.128194320 0.140956839 0.136352125 0.119310535 0.130111450 0.127622301 0.167121974 0.171329200 0.113083788 0.116192861 0.117024791 0.116770270 0.124299425 0.123441655 0.145841936 0.145728546 0.150182832 0.070326057 0.065574707 0.066837861 0.062653714 0.059766953 0.000000000 0.163690557 
0     0.134417500 0.149727693 0.146225093 0.135975521 0.133325501 0.182638936 0.173762952 0.157484783 0.180758895 0.157719717 0.158932396 0.147667476 0.167088820 0.169772607 0.171177626 0.165649191 0.149366376 0.174224910 0.148032861 0.155036616 0.154452873 0.154966294 0.163554576 0.137983643 0.181534155 0.162674406 0.160710802 0.161774198 0.175835704 0.170758194 0.152965562 0.161106275 0.158639131 0.200229078 0.203366589 0.143729774 0.147171222 0.148175337 0.150464939 0.157871702 0.156835189 0.174185950 0.173985362 0.181422991 0.168675946 0.165569799 0.165536103 0.161466899 0.160554942 0.163690557 0.000000000 
