51
12     0.000000000 0.000023720 0.000016710 0.000023610 0.000602010 0.001261940 0.001263410 0.001741800 0.002620960 0.001113430 0.001667460 0.000211740 0.005403950 0.001896310 0.002094130 0.000787130 0.001456110 0.005991700 0.000138380 0.002065280 0.001938180 0.002268340 0.006692150 0.001281830 0.002511090 0.004888000 0.002022270 0.001113030 0.002329280 0.000864820 0.000365030 0.003162880 0.000855770 0.001429270 0.002185480 0.000491490 0.001036460 0.001080120 0.001046410 0.010369470 0.008618790 0.005871510 0.002264770 0.001555950 0.002025570 0.002236520 0.002195190 0.003933100 0.001188930 0.002540780 0.000812810 
25     0.000023720 0.000000000 0.000040430 0.000047330 0.000725290 0.001285660 0.000477870 0.011634220 0.007745280 0.007257000 0.005677350 0.001542680 0.000070290 0.007290640 0.000920590 0.006884810 0.005851090 0.004853200 0.000912020 0.002751190 0.004330420 0.003179640 0.006404800 0.002672910 0.005832420 0.004911720 0.002045990 0.001136750 0.002353000 0.001671500 0.000710970 0.008332060 0.002145280 0.003463240 0.006240450 0.006380540 0.003570940 0.010873200 0.007476360 0.009139120 0.007488350 0.002264080 0.003464330 0.006471430 0.000066470 0.000493440 0.002218910 0.003956820 0.005586990 0.002564500 0.003540620 
17     0.000016710 0.000040430 0.000000000 0.000006900 0.000455120 0.001245230 0.001041510 0.008444580 0.003100410 0.000611050 0.004318800 0.001212730 0.008762490 0.003329870 0.017427520 0.006229400 0.006264610 0.005483610 0.006543170 0.006205480 0.007044220 0.005635120 0.012329300 0.000142220 0.003399750 0.004871290 0.002005560 0.001096320 0.002312570 0.002743810 0.000670540 0.003884830 0.002184370 0.009188210 0.003658730 0.002119780 0.010592090 0.002270830 0.000810150 0.007963530 0.004189290 0.005854800 0.006792480 0.004018640 0.006087050 0.002219810 0.002178480 0.003916390 0.005279160 0.002524070 0.003500190 
36     0.000023610 0.000047330 0.000006900 0.000000000 0.000092640 0.001238330 0.000391010 0.005995440 0.004092370 0.009341400 0.009004230 0.000641330 0.004831840 0.004246870 0.005022580 0.001910910 0.003112740 0.004300720 0.002408950 0.000247220 0.004680330 0.000928260 0.004389050 0.001576820 0.011672180 0.004864390 0.001998660 0.001089420 0.002305670 0.002736910 0.000663640 0.001011900 0.001492870 0.004491240 0.008927190 0.001132000 0.000446730 0.006893540 0.000384310 0.003364320 0.001311850 0.003530450 0.003797060 0.007580360 0.001544310 0.002212910 0.002171580 0.001675720 0.002486220 0.002517170 0.003493290 
33     0.000602010 0.000725290 0.000455120 0.000092640 0.000000000 0.000575330 0.001230970 0.003116650 0.004170150 0.000801470 0.002532770 0.000371520 0.002153990 0.000850250 0.001336330 0.000511860 0.001903290 0.000306520 0.000965570 0.002643660 0.002573620 0.001326860 0.004186820 0.002325330 0.008809270 0.002756680 0.002756800 0.001661190 0.006538500 0.001532850 0.002461750 0.001390790 0.004100170 0.002162960 0.003781810 0.001387810 0.001442520 0.003162930 0.000610910 0.001980520 0.004488310 0.000829660 0.000831760 0.004407550 0.000630190 0.001441050 0.002486200 0.002525090 0.002430630 0.001477380 0.005595320 
7     0.001261940 0.001285660 0.001245230 0.001238330 0.000575330 0.000000000 0.000001470 0.001127470 0.002729320 0.011048260 0.003949060 0.001320730 0.016654630 0.006655460 0.007710140 0.019469920 0.007810920 0.011087350 0.000104860 0.004714810 0.002306750 0.001252740 0.004939400 0.003863910 0.005852270 0.002724380 0.003236990 0.001575440 0.002250920 0.002682160 0.000608890 0.006762920 0.000235250 0.009043390 0.001342690 0.007185220 0.002223440 0.002274570 0.005360950 0.022006930 0.002664980 0.006021910 0.001977900 0.002780670 0.004361790 0.002191020 0.002149690 0.002274590 0.006829640 0.001558820 0.003438540 
13     0.001263410 0.000477870 0.001041510 0.000391010 0.001230970 0.000001470 0.000000000 0.004197710 0.017831680 0.002158920 0.003661540 0.000500730 0.013262770 0.000132860 0.000837120 0.001305780 0.001363870 0.007175080 0.001370640 0.002565590 0.001315690 0.000363910 0.001641510 0.003398620 0.006073680 0.002496120 0.003057270 0.000427330 0.002252390 0.002683630 0.000610360 0.003062690 0.003409180 0.003985960 0.009234770 0.003231030 0.003500240 0.001142880 0.002193640 0.004531150 0.003697070 0.002578880 0.006961060 0.006035890 0.004002420 0.002192490 0.002151160 0.003889070 0.003577930 0.001676480 0.003440010 
40     0.001741800 0.011634220 0.008444580 0.005995440 0.003116650 0.001127470 0.004197710 0.000000000 0.001523220 0.002463230 0.000524330 0.000293360 0.004588440 0.005312580 0.003987800 0.007192000 0.002604590 0.002373070 0.000425480 0.001882830 0.001807180 0.002158430 0.003796640 0.004284630 0.005752450 0.005432700 0.005805160 0.014144420 0.004782930 0.012264410 0.002253190 0.007718750 0.003740870 0.011027230 0.026531480 0.003810090 0.003792210 0.001149340 0.003401320 0.003942840 0.002715480 0.005353280 0.005674760 0.007367080 0.002760730 0.002684190 0.002360040 0.002742740 0.004824710 0.002273090 0.009043950 
19     0.002620960 0.007745280 0.003100410 0.004092370 0.004170150 0.002729320 0.017831680 0.001523220 0.000000000 0.003234430 0.003204320 0.004762140 0.002011880 0.008867340 0.006868000 0.004785010 0.001704190 0.000556620 0.003600510 0.005450330 0.011329200 0.018273990 0.008623940 0.002279810 0.005932270 0.006268610 0.006634870 0.003030810 0.004138030 0.019148560 0.010393730 0.013526180 0.015350320 0.003130580 0.002647580 0.002417680 0.001666220 0.003363050 0.000360810 0.008230230 0.010278590 0.002755000 0.008855450 0.004399460 0.001999020 0.003691680 0.000944370 0.009595870 0.000213810 0.017059380 0.016236850 
5     0.001113430 0.007257000 0.000611050 0.009341400 0.000801470 0.011048260 0.002158920 0.002463230 0.003234430 0.000000000 0.001239850 0.000499830 0.002682290 0.001596520 0.002746580 0.002641920 0.001262860 0.001237840 0.002363340 0.003321970 0.000397600 0.002458410 0.005885720 0.001190910 0.015162310 0.008801460 0.005454650 0.013525480 0.001894660 0.005548700 0.001096680 0.008022750 0.001848180 0.010627190 0.007632220 0.016012970 0.005258700 0.010172750 0.007991250 0.011450330 0.008878930 0.005920320 0.006793150 0.006682510 0.004406360 0.011919080 0.012168350 0.001083310 0.001329460 0.006481710 0.002603230 
15     0.001667460 0.005677350 0.004318800 0.009004230 0.002532770 0.003949060 0.003661540 0.000524330 0.003204320 0.001239850 0.000000000 0.000090550 0.001987860 0.002069730 0.001661780 0.003836110 0.003029340 0.002797820 0.003097800 0.000749440 0.001138180 0.003527140 0.002356580 0.000894480 0.003633860 0.009615830 0.003888930 0.005329470 0.018830300 0.001691640 0.003952580 0.004371980 0.003372750 0.001568710 0.006286970 0.002139740 0.005724240 0.006428020 0.000427490 0.008400850 0.016292750 0.006105080 0.006552850 0.009265980 0.005847260 0.011489920 0.008093540 0.006706780 0.004732480 0.008255420 0.010489810 
30     0.000211740 0.001542680 0.001212730 0.000641330 0.000371520 0.001320730 0.000500730 0.000293360 0.004762140 0.000499830 0.000090550 0.000000000 0.001445870 0.002044100 0.003020760 0.001156990 0.001817410 0.003706970 0.002081180 0.000315720 0.000364710 0.001016170 0.006025330 0.000763430 0.000674610 0.004437520 0.007587950 0.004344990 0.011337560 0.009064430 0.000222830 0.000858780 0.001652310 0.008343010 0.003894140 0.000946560 0.001306460 0.001770230 0.000242520 0.006008580 0.003702820 0.000465790 0.000628220 0.003239030 0.005902480 0.006911450 0.009829290 0.000373930 0.003975840 0.003444970 0.002803590 
2     0.005403950 0.000070290 0.008762490 0.004831840 0.002153990 0.016654630 0.013262770 0.004588440 0.002011880 0.002682290 0.001987860 0.001445870 0.000000000 0.000809050 0.003089260 0.006611030 0.002301430 0.002379520 0.005860840 0.003206290 0.002667680 0.005928240 0.007535100 0.004983590 0.002947200 0.015591120 0.013459170 0.012973520 0.003939240 0.007939980 0.000458120 0.004351020 0.004164770 0.014872710 0.013984680 0.002322860 0.014001120 0.002685160 0.007977250 0.008029550 0.009277110 0.012334790 0.012301840 0.006781400 0.010699300 0.006681980 0.000925740 0.000884340 0.002209600 0.015916520 0.002409880 
27     0.001896310 0.007290640 0.003329870 0.004246870 0.000850250 0.006655460 0.000132860 0.005312580 0.008867340 0.001596520 0.002069730 0.002044100 0.000809050 0.000000000 0.000027530 0.000703870 0.001711030 0.001440220 0.000920380 0.002604180 0.000210150 0.002434150 0.015658290 0.000177570 0.020812180 0.018790850 0.013470000 0.008270660 0.008953250 0.000926120 0.009401950 0.001730530 0.002670710 0.009570130 0.005679480 0.009889830 0.002518310 0.000640780 0.004396350 0.008819600 0.009055100 0.006755690 0.006853600 0.006869140 0.004231070 0.005220820 0.004839150 0.006524440 0.003472670 0.006862240 0.002855030 
21     0.002094130 0.000920590 0.017427520 0.005022580 0.001336330 0.007710140 0.000837120 0.003987800 0.006868000 0.002746580 0.001661780 0.003020760 0.003089260 0.000027530 0.000000000 0.000731340 0.001738500 0.001467690 0.001304130 0.006469690 0.005358520 0.003444030 0.008531610 0.003733840 0.021735110 0.020610880 0.006243690 0.004213560 0.013618010 0.002058970 0.000723780 0.000775020 0.003512490 0.007503400 0.005774310 0.011525730 0.006780340 0.001571850 0.005854340 0.013007680 0.011140150 0.016428390 0.015968210 0.001687620 0.004607470 0.006338800 0.005957130 0.003443170 0.016365870 0.013634440 0.003973010 
4     0.000787130 0.006884810 0.006229400 0.001910910 0.000511860 0.019469920 0.001305780 0.007192000 0.004785010 0.002641920 0.003836110 0.001156990 0.006611030 0.000703870 0.000731340 0.000000000 0.001902420 0.001059260 0.000638340 0.006657940 0.005619460 0.004793320 0.002276330 0.001232340 0.017204280 0.005138920 0.005594480 0.005504150 0.005923350 0.013807860 0.008978330 0.009923060 0.007907300 0.000764200 0.005693160 0.003834320 0.005601360 0.004798360 0.004370860 0.007380610 0.003672200 0.009291100 0.009512160 0.008072710 0.008069810 0.017621850 0.015994290 0.007965650 0.006367690 0.008435710 0.018695190 
22     0.001456110 0.005851090 0.006264610 0.003112740 0.001903290 0.007810920 0.001363870 0.002604590 0.001704190 0.001262860 0.003029340 0.001817410 0.002301430 0.001711030 0.001738500 0.001902420 0.000000000 0.000809240 0.000971150 0.003634500 0.002126710 0.003554040 0.008022910 0.003158150 0.017533050 0.004371030 0.003651180 0.002105330 0.004258210 0.002572950 0.000678400 0.008673820 0.008744960 0.001131970 0.009575950 0.008980510 0.001585480 0.007553550 0.009143220 0.003299180 0.002763460 0.006855290 0.007481720 0.004357600 0.002989510 0.000915030 0.004247530 0.005154440 0.008522120 0.009511590 0.002922130 
31     0.005991700 0.004853200 0.005483610 0.004300720 0.000306520 0.011087350 0.007175080 0.002373070 0.000556620 0.001237840 0.002797820 0.003706970 0.002379520 0.001440220 0.001467690 0.001059260 0.000809240 0.000000000 0.001318790 0.009167300 0.007251510 0.006314610 0.002050670 0.003471710 0.004026200 0.013857590 0.011008180 0.002876660 0.012343280 0.002350890 0.004209560 0.006598650 0.005291730 0.006579520 0.007444140 0.009390430 0.008057000 0.000290690 0.003457120 0.018862790 0.004482240 0.004801190 0.005067800 0.003749140 0.003156940 0.005736680 0.011084280 0.003525940 0.005083080 0.000570320 0.002674100 
26     0.000138380 0.000912020 0.006543170 0.002408950 0.000965570 0.000104860 0.001370640 0.000425480 0.003600510 0.002363340 0.003097800 0.002081180 0.005860840 0.000920380 0.001304130 0.000638340 0.000971150 0.001318790 0.000000000 0.000034350 0.000219950 0.000419440 0.001120350 0.001229830 0.002596450 0.004595970 0.001177980 0.002319100 0.008605830 0.005851770 0.000338110 0.003207550 0.001501950 0.010194960 0.003362060 0.000416570 0.005496430 0.000233830 0.000199140 0.000868730 0.000191370 0.002120620 0.002426400 0.003960840 0.000922480 0.001452130 0.001305400 0.004314460 0.001200920 0.001773950 0.002386880 
44     0.002065280 0.002751190 0.006205480 0.000247220 0.002643660 0.004714810 0.002565590 0.001882830 0.005450330 0.003321970 0.000749440 0.000315720 0.003206290 0.002604180 0.006469690 0.006657940 0.003634500 0.009167300 0.000034350 0.000000000 0.000091440 0.000425120 0.002597370 0.004363260 0.018027960 0.002322540 0.003258270 0.008228740 0.006460120 0.009408110 0.005821040 0.004207690 0.003345440 0.000494390 0.010565560 0.008980220 0.003099730 0.009018200 0.001754280 0.007514520 0.007587500 0.001984510 0.001834010 0.004652370 0.000911420 0.007220000 0.006637850 0.003130490 0.001475940 0.003147360 0.004637630 
43     0.001938180 0.004330420 0.007044220 0.004680330 0.002573620 0.002306750 0.001315690 0.001807180 0.011329200 0.000397600 0.001138180 0.000364710 0.002667680 0.000210150 0.005358520 0.005619460 0.002126710 0.007251510 0.000219950 0.000091440 0.000000000 0.000705630 0.002732750 0.003188110 0.016197580 0.001714820 0.000825970 0.001826800 0.006976240 0.003073270 0.002811930 0.003599970 0.003307260 0.006019290 0.010054780 0.000810690 0.002299090 0.004069190 0.001862350 0.009977650 0.007451490 0.005393880 0.005585600 0.002427650 0.000329980 0.007154080 0.001243060 0.003445320 0.003622730 0.004869020 0.003977160 
8     0.002268340 0.003179640 0.005635120 0.000928260 0.001326860 0.001252740 0.000363910 0.002158430 0.018273990 0.002458410 0.003527140 0.001016170 0.005928240 0.002434150 0.003444030 0.004793320 0.003554040 0.006314610 0.000419440 0.000425120 0.000705630 0.000000000 0.006110520 0.000435730 0.001166740 0.003187190 0.003573690 0.002535240 0.005511500 0.002941670 0.004382680 0.002801750 0.001236980 0.001382220 0.019272180 0.000635240 0.004797240 0.006728690 0.005474460 0.004111940 0.000847560 0.008539040 0.009262450 0.005783810 0.002042150 0.001230460 0.000987860 0.004714650 0.002165420 0.001888920 0.001370360 
38     0.006692150 0.006404800 0.012329300 0.004389050 0.004186820 0.004939400 0.001641510 0.003796640 0.008623940 0.005885720 0.002356580 0.006025330 0.007535100 0.015658290 0.008531610 0.002276330 0.008022910 0.002050670 0.001120350 0.002597370 0.002732750 0.006110520 0.000000000 0.001207340 0.004075740 0.007741070 0.003544100 0.008426010 0.007161250 0.003282920 0.002541450 0.004003480 0.000823430 0.009464590 0.007494790 0.004933620 0.005195780 0.009516980 0.006796080 0.003851690 0.002884290 0.008290950 0.010301790 0.004011400 0.001581890 0.007433500 0.004855780 0.003093930 0.002892710 0.003913320 0.010326120 
6     0.001281830 0.002672910 0.000142220 0.001576820 0.002325330 0.003863910 0.003398620 0.004284630 0.002279810 0.001190910 0.000894480 0.000763430 0.004983590 0.000177570 0.003733840 0.001232340 0.003158150 0.003471710 0.001229830 0.004363260 0.003188110 0.000435730 0.001207340 0.000000000 0.006072520 0.003861720 0.001465470 0.001536160 0.003476240 0.002941890 0.001343450 0.009647260 0.006450400 0.000963650 0.007919520 0.005184360 0.002454870 0.004497470 0.002860990 0.002111310 0.000796410 0.000316380 0.000204030 0.004280010 0.004339050 0.003431180 0.003473790 0.001750570 0.003771670 0.004585810 0.006118870 
9     0.002511090 0.005832420 0.003399750 0.011672180 0.008809270 0.005852270 0.006073680 0.005752450 0.005932270 0.015162310 0.003633860 0.000674610 0.002947200 0.020812180 0.021735110 0.017204280 0.017533050 0.004026200 0.002596450 0.018027960 0.016197580 0.001166740 0.004075740 0.006072520 0.000000000 0.000822240 0.001253950 0.008746410 0.008348010 0.009334780 0.007575320 0.006151250 0.004200120 0.007292280 0.016228210 0.002576380 0.011305330 0.014267020 0.010108420 0.003095730 0.011642800 0.007747650 0.008730990 0.004590730 0.012808830 0.010377240 0.010405470 0.003167870 0.003762860 0.006864670 0.000196490 
24     0.004888000 0.004911720 0.004871290 0.004864390 0.002756680 0.002724380 0.002496120 0.005432700 0.006268610 0.008801460 0.009615830 0.004437520 0.015591120 0.018790850 0.020610880 0.005138920 0.004371030 0.013857590 0.004595970 0.002322540 0.001714820 0.003187190 0.007741070 0.003861720 0.000822240 0.000000000 0.000263410 0.001656560 0.007170060 0.003194920 0.005528030 0.003264710 0.002712490 0.017200860 0.008419340 0.009277610 0.012125420 0.003383040 0.012211110 0.008177690 0.007836730 0.008305150 0.011283280 0.005482840 0.006273830 0.003347530 0.001549690 0.006043650 0.003062790 0.004092370 0.005177700 
28     0.002022270 0.002045990 0.002005560 0.001998660 0.002756800 0.003236990 0.003057270 0.005805160 0.006634870 0.005454650 0.003888930 0.007587950 0.013459170 0.013470000 0.006243690 0.005594480 0.003651180 0.011008180 0.001177980 0.003258270 0.000825970 0.003573690 0.003544100 0.001465470 0.001253950 0.000263410 0.000000000 0.000909240 0.004304330 0.000339780 0.002013610 0.004293650 0.005020650 0.016864490 0.002867160 0.003155450 0.004725130 0.001492410 0.009055160 0.007097120 0.007363980 0.007846560 0.008784240 0.005221210 0.005148420 0.002442650 0.003355900 0.004496620 0.005328030 0.002722970 0.004910270 
35     0.001113030 0.001136750 0.001096320 0.001089420 0.001661190 0.001575440 0.000427330 0.014144420 0.003030810 0.013525480 0.005329470 0.004344990 0.012973520 0.008270660 0.004213560 0.005504150 0.002105330 0.002876660 0.002319100 0.008228740 0.001826800 0.002535240 0.008426010 0.001536160 0.008746410 0.001656560 0.000909240 0.000000000 0.003395090 0.003826330 0.001753060 0.007719940 0.009300960 0.007551560 0.010148710 0.005044110 0.016041670 0.016280400 0.002124140 0.006736190 0.005581950 0.006937320 0.007875000 0.005564570 0.010107680 0.003302330 0.003261000 0.004998910 0.001741830 0.001939680 0.004582710 
10     0.002329280 0.002353000 0.002312570 0.002305670 0.006538500 0.002250920 0.002252390 0.004782930 0.004138030 0.001894660 0.018830300 0.011337560 0.003939240 0.008953250 0.013618010 0.005923350 0.004258210 0.012343280 0.008605830 0.006460120 0.006976240 0.005511500 0.007161250 0.003476240 0.008348010 0.007170060 0.004304330 0.003395090 0.000000000 0.000431300 0.001642030 0.003764760 0.011157810 0.010382260 0.003662490 0.001855890 0.011809740 0.015990130 0.004612520 0.015350240 0.011532830 0.007089250 0.008026930 0.002379380 0.007575350 0.003258360 0.003217030 0.003890030 0.002967020 0.002413080 0.004193140 
20     0.000864820 0.001671500 0.002743810 0.002736910 0.001532850 0.002682160 0.002683630 0.012264410 0.019148560 0.005548700 0.001691640 0.009064430 0.007939980 0.000926120 0.002058970 0.013807860 0.002572950 0.002350890 0.005851770 0.009408110 0.003073270 0.002941670 0.003282920 0.002941890 0.009334780 0.003194920 0.000339780 0.003826330 0.000431300 0.000000000 0.001699710 0.005765470 0.002159310 0.009375620 0.004590660 0.002992790 0.004039190 0.001329750 0.007531080 0.012740530 0.000566800 0.007520490 0.008458170 0.010654590 0.005230260 0.001812170 0.003648270 0.004725220 0.003356910 0.003993860 0.004173980 
16     0.000365030 0.000710970 0.000670540 0.000663640 0.002461750 0.000608890 0.000610360 0.002253190 0.010393730 0.001096680 0.003952580 0.000222830 0.000458120 0.009401950 0.000723780 0.008978330 0.000678400 0.004209560 0.000338110 0.005821040 0.002811930 0.004382680 0.002541450 0.001343450 0.007575320 0.005528030 0.002013610 0.001753060 0.001642030 0.001699710 0.000000000 0.004275790 0.000691540 0.009309130 0.007189850 0.001065160 0.005335550 0.004832700 0.000217070 0.000871060 0.002418060 0.003173400 0.002658590 0.003380660 0.001969720 0.000299350 0.001575000 0.001568940 0.001860960 0.001920590 0.001847990 
23     0.003162880 0.008332060 0.003884830 0.001011900 0.001390790 0.006762920 0.003062690 0.007718750 0.013526180 0.008022750 0.004371980 0.000858780 0.004351020 0.001730530 0.000775020 0.009923060 0.008673820 0.006598650 0.003207550 0.004207690 0.003599970 0.002801750 0.004003480 0.009647260 0.006151250 0.003264710 0.004293650 0.007719940 0.003764760 0.005765470 0.004275790 0.000000000 0.000390460 0.004317000 0.005578580 0.002359000 0.004739050 0.004105250 0.000252160 0.003263120 0.006122290 0.004296700 0.004445470 0.002417820 0.000589610 0.003450330 0.003752940 0.000972820 0.005091810 0.005818820 0.004126300 
42     0.000855770 0.002145280 0.002184370 0.001492870 0.004100170 0.000235250 0.003409180 0.003740870 0.015350320 0.001848180 0.003372750 0.001652310 0.004164770 0.002670710 0.003512490 0.007907300 0.008744960 0.005291730 0.001501950 0.003345440 0.003307260 0.001236980 0.000823430 0.006450400 0.004200120 0.002712490 0.005020650 0.009300960 0.011157810 0.002159310 0.000691540 0.000390460 0.000000000 0.001470080 0.001563500 0.001326880 0.003656740 0.003896920 0.002304530 0.006032770 0.005235790 0.006035760 0.005914110 0.008046890 0.008458520 0.007550430 0.007168760 0.003293210 0.004685330 0.009480660 0.002991620 
41     0.001429270 0.003463240 0.009188210 0.004491240 0.002162960 0.009043390 0.003985960 0.011027230 0.003130580 0.010627190 0.001568710 0.008343010 0.014872710 0.009570130 0.007503400 0.000764200 0.001131970 0.006579520 0.010194960 0.000494390 0.006019290 0.001382220 0.009464590 0.000963650 0.007292280 0.017200860 0.016864490 0.007551560 0.010382260 0.009375620 0.009309130 0.004317000 0.001470080 0.000000000 0.000722520 0.000099180 0.009626920 0.006877410 0.000736290 0.006035280 0.005496310 0.007762990 0.007984050 0.003409610 0.004899440 0.004956420 0.004271130 0.002810060 0.005782490 0.001177960 0.002489500 
1     0.002185480 0.006240450 0.003658730 0.008927190 0.003781810 0.001342690 0.009234770 0.026531480 0.002647580 0.007632220 0.006286970 0.003894140 0.013984680 0.005679480 0.005774310 0.005693160 0.009575950 0.007444140 0.003362060 0.010565560 0.010054780 0.019272180 0.007494790 0.007919520 0.016228210 0.008419340 0.002867160 0.010148710 0.003662490 0.004590660 0.007189850 0.005578580 0.001563500 0.000722520 0.000000000 0.004681640 0.006821720 0.006847380 0.002289930 0.005479400 0.007278830 0.010321860 0.010542920 0.001341640 0.002714340 0.005391660 0.004706370 0.003245300 0.006404690 0.006701170 0.007435220 
14     0.000491490 0.006380540 0.002119780 0.001132000 0.001387810 0.007185220 0.003231030 0.003810090 0.002417680 0.016012970 0.002139740 0.000946560 0.002322860 0.009889830 0.011525730 0.003834320 0.008980510 0.009390430 0.000416570 0.008980220 0.000810690 0.000635240 0.004933620 0.005184360 0.002576380 0.009277610 0.003155450 0.005044110 0.001855890 0.002992790 0.001065160 0.002359000 0.001326880 0.000099180 0.004681640 0.000000000 0.000754340 0.000928670 0.000311900 0.002080400 0.002309370 0.004665400 0.004759090 0.005679430 0.002083600 0.003523000 0.003641410 0.002247360 0.008739270 0.006496480 0.009598370 
37     0.001036460 0.003570940 0.010592090 0.000446730 0.001442520 0.002223440 0.003500240 0.003792210 0.001666220 0.005258700 0.005724240 0.001306460 0.014001120 0.002518310 0.006780340 0.005601360 0.001585480 0.008057000 0.005496430 0.003099730 0.002299090 0.004797240 0.005195780 0.002454870 0.011305330 0.012125420 0.004725130 0.016041670 0.011809740 0.004039190 0.005335550 0.004739050 0.003656740 0.009626920 0.006821720 0.000754340 0.000000000 0.000018160 0.001284570 0.003818640 0.001444520 0.012084760 0.013464930 0.005303050 0.002829550 0.003128940 0.003517380 0.005191030 0.002111360 0.007892370 0.008826170 
29     0.001080120 0.010873200 0.002270830 0.006893540 0.003162930 0.002274570 0.001142880 0.001149340 0.003363050 0.010172750 0.006428020 0.001770230 0.002685160 0.000640780 0.001571850 0.004798360 0.007553550 0.000290690 0.000233830 0.009018200 0.004069190 0.006728690 0.009516980 0.004497470 0.014267020 0.003383040 0.001492410 0.016280400 0.015990130 0.001329750 0.004832700 0.004105250 0.003896920 0.006877410 0.006847380 0.000928670 0.000018160 0.000000000 0.001267200 0.002182450 0.000620630 0.013096670 0.013300490 0.006069280 0.004342030 0.011145190 0.003943450 0.006735630 0.006542560 0.006667500 0.007768330 
32     0.001046410 0.007476360 0.000810150 0.000384310 0.000610910 0.005360950 0.002193640 0.003401320 0.000360810 0.007991250 0.000427490 0.000242520 0.007977250 0.004396350 0.005854340 0.004370860 0.009143220 0.003457120 0.000199140 0.001754280 0.001862350 0.005474460 0.006796080 0.002860990 0.010108420 0.012211110 0.009055160 0.002124140 0.004612520 0.007531080 0.000217070 0.000252160 0.002304530 0.000736290 0.002289930 0.000311900 0.001284570 0.001267200 0.000000000 0.000505680 0.000349390 0.001307250 0.001348940 0.001413340 0.004057380 0.002560250 0.002380620 0.000218450 0.001590860 0.000547640 0.017648100 
34     0.010369470 0.009139120 0.007963530 0.003364320 0.001980520 0.022006930 0.004531150 0.003942840 0.008230230 0.011450330 0.008400850 0.006008580 0.008029550 0.008819600 0.013007680 0.007380610 0.003299180 0.018862790 0.000868730 0.007514520 0.009977650 0.004111940 0.003851690 0.002111310 0.003095730 0.008177690 0.007097120 0.006736190 0.015350240 0.012740530 0.000871060 0.003263120 0.006032770 0.006035280 0.005479400 0.002080400 0.003818640 0.002182450 0.000505680 0.000000000 0.000075710 0.003070860 0.003112550 0.011698660 0.007362280 0.012732130 0.004882470 0.015318360 0.007125420 0.003215230 0.014773550 
3     0.008618790 0.007488350 0.004189290 0.001311850 0.004488310 0.002664980 0.003697070 0.002715480 0.010278590 0.008878930 0.016292750 0.003702820 0.009277110 0.009055100 0.011140150 0.003672200 0.002763460 0.004482240 0.000191370 0.007587500 0.007451490 0.000847560 0.002884290 0.000796410 0.011642800 0.007836730 0.007363980 0.005581950 0.011532830 0.000566800 0.002418060 0.006122290 0.005235790 0.005496310 0.007278830 0.002309370 0.001444520 0.000620630 0.000349390 0.000075710 0.000000000 0.003932030 0.003992650 0.001337180 0.007290210 0.016993830 0.017625990 0.004281940 0.007053350 0.004643540 0.015318000 
39     0.005871510 0.002264080 0.005854800 0.003530450 0.000829660 0.006021910 0.002578880 0.005353280 0.002755000 0.005920320 0.006105080 0.000465790 0.012334790 0.006755690 0.016428390 0.009291100 0.006855290 0.004801190 0.002120620 0.001984510 0.005393880 0.008539040 0.008290950 0.000316380 0.007747650 0.008305150 0.007846560 0.006937320 0.007089250 0.007520490 0.003173400 0.004296700 0.006035760 0.007762990 0.010321860 0.004665400 0.012084760 0.013096670 0.001307250 0.003070860 0.003932030 0.000000000 0.000168410 0.004647370 0.009504030 0.006996490 0.006955160 0.003034730 0.011022680 0.006626860 0.008276870 
18     0.002264770 0.003464330 0.006792480 0.003797060 0.000831760 0.001977900 0.006961060 0.005674760 0.008855450 0.006793150 0.006552850 0.000628220 0.012301840 0.006853600 0.015968210 0.009512160 0.007481720 0.005067800 0.002426400 0.001834010 0.005585600 0.009262450 0.010301790 0.000204030 0.008730990 0.011283280 0.008784240 0.007875000 0.008026930 0.008458170 0.002658590 0.004445470 0.005914110 0.007984050 0.010542920 0.004759090 0.013464930 0.013300490 0.001348940 0.003112550 0.003992650 0.000168410 0.000000000 0.003980210 0.006681430 0.007934170 0.007892840 0.002318420 0.008124620 0.005910550 0.009214550 
11     0.001555950 0.006471430 0.004018640 0.007580360 0.004407550 0.002780670 0.006035890 0.007367080 0.004399460 0.006682510 0.009265980 0.003239030 0.006781400 0.006869140 0.001687620 0.008072710 0.004357600 0.003749140 0.003960840 0.004652370 0.002427650 0.005783810 0.004011400 0.004280010 0.004590730 0.005482840 0.005221210 0.005564570 0.002379380 0.010654590 0.003380660 0.002417820 0.008046890 0.003409610 0.001341640 0.005679430 0.005303050 0.006069280 0.001413340 0.011698660 0.001337180 0.004647370 0.003980210 0.000000000 0.004856450 0.001528830 0.002211540 0.000571710 0.002117700 0.006285770 0.004742700 
49     0.002025570 0.000066470 0.006087050 0.001544310 0.000630190 0.004361790 0.004002420 0.002760730 0.001999020 0.004406360 0.005847260 0.005902480 0.010699300 0.004231070 0.004607470 0.008069810 0.002989510 0.003156940 0.000922480 0.000911420 0.000329980 0.002042150 0.001581890 0.004339050 0.012808830 0.006273830 0.005148420 0.010107680 0.007575350 0.005230260 0.001969720 0.000589610 0.008458520 0.004899440 0.002714340 0.002083600 0.002829550 0.004342030 0.004057380 0.007362280 0.007290210 0.009504030 0.006681430 0.004856450 0.000000000 0.000555350 0.002807480 0.002369830 0.000379230 0.000272700 0.009118050 
50     0.002236520 0.000493440 0.002219810 0.002212910 0.001441050 0.002191020 0.002192490 0.002684190 0.003691680 0.011919080 0.011489920 0.006911450 0.006681980 0.005220820 0.006338800 0.017621850 0.000915030 0.005736680 0.001452130 0.007220000 0.007154080 0.001230460 0.007433500 0.003431180 0.010377240 0.003347530 0.002442650 0.003302330 0.003258360 0.001812170 0.000299350 0.003450330 0.007550430 0.004956420 0.005391660 0.003523000 0.003128940 0.011145190 0.002560250 0.012732130 0.016993830 0.006996490 0.007934170 0.001528830 0.000555350 0.000000000 0.000041890 0.000155050 0.001648230 0.000394220 0.004445980 
48     0.002195190 0.002218910 0.002178480 0.002171580 0.002486200 0.002149690 0.002151160 0.002360040 0.000944370 0.012168350 0.008093540 0.009829290 0.000925740 0.004839150 0.005957130 0.015994290 0.004247530 0.011084280 0.001305400 0.006637850 0.001243060 0.000987860 0.004855780 0.003473790 0.010405470 0.001549690 0.003355900 0.003261000 0.003217030 0.003648270 0.001575000 0.003752940 0.007168760 0.004271130 0.004706370 0.003641410 0.003517380 0.003943450 0.002380620 0.004882470 0.017625990 0.006955160 0.007892840 0.002211540 0.002807480 0.000041890 0.000000000 0.000606780 0.002110020 0.000352890 0.004404650 
47     0.003933100 0.003956820 0.003916390 0.001675720 0.002525090 0.002274590 0.003889070 0.002742740 0.009595870 0.001083310 0.006706780 0.000373930 0.000884340 0.006524440 0.003443170 0.007965650 0.005154440 0.003525940 0.004314460 0.003130490 0.003445320 0.004714650 0.003093930 0.001750570 0.003167870 0.006043650 0.004496620 0.004998910 0.003890030 0.004725220 0.001568940 0.000972820 0.003293210 0.002810060 0.003245300 0.002247360 0.005191030 0.006735630 0.000218450 0.015318360 0.004281940 0.003034730 0.002318420 0.000571710 0.002369830 0.000155050 0.000606780 0.000000000 0.000770410 0.002090800 0.006142560 
45     0.001188930 0.005586990 0.005279160 0.002486220 0.002430630 0.006829640 0.003577930 0.004824710 0.000213810 0.001329460 0.004732480 0.003975840 0.002209600 0.003472670 0.016365870 0.006367690 0.008522120 0.005083080 0.001200920 0.001475940 0.003622730 0.002165420 0.002892710 0.003771670 0.003762860 0.003062790 0.005328030 0.001741830 0.002967020 0.003356910 0.001860960 0.005091810 0.004685330 0.005782490 0.006404690 0.008739270 0.002111360 0.006542560 0.001590860 0.007125420 0.007053350 0.011022680 0.008124620 0.002117700 0.000379230 0.001648230 0.002110020 0.000770410 0.000000000 0.000191210 0.005530940 
46     0.002540780 0.002564500 0.002524070 0.002517170 0.001477380 0.001558820 0.001676480 0.002273090 0.017059380 0.006481710 0.008255420 0.003444970 0.015916520 0.006862240 0.013634440 0.008435710 0.009511590 0.000570320 0.001773950 0.003147360 0.004869020 0.001888920 0.003913320 0.004585810 0.006864670 0.004092370 0.002722970 0.001939680 0.002413080 0.003993860 0.001920590 0.005818820 0.009480660 0.001177960 0.006701170 0.006496480 0.007892370 0.006667500 0.000547640 0.003215230 0.004643540 0.006626860 0.005910550 0.006285770 0.000272700 0.000394220 0.000352890 0.002090800 0.000191210 0.000000000 0.003823040 
0     0.000812810 0.003540620 0.003500190 0.003493290 0.005595320 0.003438540 0.003440010 0.009043950 0.016236850 0.002603230 0.010489810 0.002803590 0.002409880 0.002855030 0.003973010 0.018695190 0.002922130 0.002674100 0.002386880 0.004637630 0.003977160 0.001370360 0.010326120 0.006118870 0.000196490 0.005177700 0.004910270 0.004582710 0.004193140 0.004173980 0.001847990 0.004126300 0.002991620 0.002489500 0.007435220 0.009598370 0.008826170 0.007768330 0.017648100 0.014773550 0.015318000 0.008276870 0.009214550 0.004742700 0.009118050 0.004445980 0.004404650 0.006142560 0.005530940 0.003823040 0.000000000 
