51
2     0.000000000 0.000027280 0.000176760 0.000371330 0.000912110 0.000133260 0.000785840 0.000753680 0.001243650 0.000568100 0.000898930 0.000571320 0.000106350 0.000801600 0.001018710 0.000435620 0.000259640 0.000572890 0.000711880 0.000650990 0.001018880 0.000701950 0.001411570 0.001505700 0.000488130 0.000448500 0.000558830 0.000246480 0.000347820 0.000163030 0.000672580 0.000901470 0.000813490 0.000961720 0.000150820 0.000191500 0.000329710 0.000195100 0.000890770 0.001724620 0.001165420 0.000348950 0.000607700 0.000286530 0.001236750 0.001091830 0.001201080 0.001172030 0.000565850 0.000557120 0.000531780 
30     0.000027280 0.000000000 0.000400830 0.000025300 0.000016550 0.000596760 0.000247980 0.001184130 0.001070160 0.000260660 0.000971040 0.000902020 0.000844000 0.000212800 0.000480430 0.000457590 0.000307360 0.000141780 0.000560880 0.000692820 0.000445670 0.000722620 0.000601200 0.001132030 0.000794600 0.000689590 0.001086980 0.000889670 0.000424300 0.000655830 0.001207740 0.002548160 0.002554880 0.001229380 0.001154860 0.000463180 0.000733380 0.000301030 0.000033400 0.000781420 0.000062240 0.001955160 0.000647670 0.000814680 0.001764900 0.000718160 0.000316910 0.001342560 0.000435750 0.000792880 0.000301590 
9     0.000176760 0.000400830 0.000000000 0.000769790 0.000085670 0.000142440 0.000416790 0.000440840 0.001634350 0.000132580 0.000670230 0.000555710 0.000504240 0.001121700 0.000326680 0.000431550 0.000381020 0.000294630 0.000096600 0.000164280 0.000341780 0.000900410 0.000778990 0.001231250 0.000458300 0.000365550 0.000679010 0.000429140 0.000469200 0.000284950 0.000559730 0.000241590 0.000118070 0.000800780 0.000776930 0.000002900 0.000451090 0.000118550 0.001607740 0.001554260 0.000785610 0.001800000 0.001826110 0.000288550 0.001356930 0.000430340 0.000802970 0.001001080 0.000419990 0.000396650 0.000164720 
24     0.000371330 0.000025300 0.000769790 0.000000000 0.000004670 0.000666390 0.002222870 0.001358660 0.002563230 0.001531410 0.001988610 0.001276550 0.000856100 0.000926670 0.001515480 0.001244090 0.000964870 0.000932990 0.001417110 0.001422670 0.001724110 0.001674710 0.002514220 0.002625100 0.000516890 0.000315460 0.000587590 0.000030090 0.000483070 0.000868800 0.001144670 0.000279130 0.001518720 0.001359040 0.001509560 0.000896730 0.001034940 0.000900330 0.000025240 0.001555520 0.001881690 0.002077140 0.002103250 0.000418410 0.001634070 0.001618570 0.001745060 0.000596670 0.001650290 0.001633500 0.002193090 
6     0.000912110 0.000016550 0.000085670 0.000004670 0.000000000 0.000288170 0.000549100 0.000555000 0.001213790 0.000354860 0.001624010 0.001428050 0.000281260 0.001857050 0.000574630 0.000545710 0.000609340 0.000851950 0.000395720 0.000463400 0.000332960 0.000814780 0.000693360 0.001653770 0.000151570 0.000184250 0.000769210 0.000014500 0.000078310 0.001020300 0.001141840 0.001758200 0.000100340 0.000335630 0.001383240 0.000857760 0.001186440 0.000934180 0.000016850 0.001468630 0.001090990 0.000921710 0.002284870 0.001068010 0.001487040 0.001339580 0.000714310 0.000044860 0.000334360 0.000311020 0.000656550 
13     0.000133260 0.000596760 0.000142440 0.000666390 0.000288170 0.000000000 0.000081130 0.000704830 0.001089760 0.000602770 0.000993070 0.000649200 0.001286910 0.001078200 0.000822540 0.000522400 0.000235330 0.000631500 0.000369980 0.000175130 0.000929610 0.000830780 0.000941270 0.001151630 0.000123560 0.000030810 0.000595210 0.000062480 0.000335600 0.000132110 0.000516940 0.000979350 0.000891370 0.000998100 0.000282650 0.000063610 0.000170320 0.000166840 0.000454090 0.000333490 0.000179770 0.001716200 0.000137300 0.000137420 0.000444670 0.000531590 0.000110210 0.001338140 0.000085250 0.000061910 0.000551450 
7     0.000785840 0.000247980 0.000416790 0.002222870 0.000549100 0.000081130 0.000000000 0.000010370 0.000305510 0.000053530 0.000752930 0.000820530 0.000866550 0.001867260 0.000133050 0.000100050 0.000040390 0.000388920 0.000055920 0.000228660 0.000030340 0.000859820 0.000788740 0.001242850 0.000912760 0.000807750 0.000564740 0.000067260 0.000228120 0.001235820 0.000200700 0.001016620 0.001897080 0.000469280 0.000877150 0.000048750 0.000233950 0.000290550 0.001595710 0.001565110 0.000042750 0.001745630 0.002262960 0.000811100 0.001365630 0.000821800 0.000855080 0.001858790 0.001003760 0.000980420 0.000055650 
23     0.000753680 0.001184130 0.000440840 0.001358660 0.000555000 0.000704830 0.000010370 0.000000000 0.000242000 0.000058470 0.000720770 0.000788370 0.001333320 0.000535160 0.000138950 0.000105950 0.000169580 0.000076790 0.000054310 0.000419900 0.001041720 0.000291020 0.000884730 0.000884740 0.000368830 0.000052660 0.001004150 0.000005060 0.000477980 0.000824460 0.000163600 0.001284340 0.001222950 0.000475180 0.000921360 0.000260390 0.000453090 0.000086620 0.000554910 0.001010310 0.000032380 0.000737630 0.000148680 0.001366920 0.000754180 0.000280490 0.000953510 0.001016540 0.001237520 0.000330250 0.000084410 
28     0.001243650 0.001070160 0.001634350 0.002563230 0.001213790 0.001089760 0.000305510 0.000242000 0.000000000 0.000772340 0.000841750 0.000770300 0.001377790 0.001653140 0.000714900 0.000782720 0.000825540 0.000734600 0.000781000 0.000462410 0.002576460 0.001186370 0.001697310 0.001028730 0.000698640 0.000593630 0.000434100 0.000793710 0.000887610 0.000010210 0.001499220 0.002883940 0.000002640 0.001133420 0.001404190 0.000063670 0.001045660 0.000041440 0.000497240 0.002913090 0.000510060 0.001047820 0.002356480 0.000220450 0.001140210 0.000529050 0.001022490 0.001654840 0.000160170 0.000665490 0.000548310 
3     0.000568100 0.000260660 0.000132580 0.001531410 0.000354860 0.000602770 0.000053530 0.000058470 0.000772340 0.000000000 0.000878320 0.000274970 0.000048140 0.000285940 0.000167740 0.000134740 0.000198370 0.000893460 0.000381010 0.000308170 0.000420240 0.000128280 0.000357380 0.000357390 0.000687270 0.000594520 0.001170730 0.000132330 0.000506770 0.000353320 0.000487770 0.001639630 0.001551650 0.000282630 0.000896510 0.000359810 0.000428240 0.000323850 0.001809560 0.001210310 0.000260980 0.002311280 0.002337390 0.001545960 0.001652710 0.001015760 0.001686330 0.000431990 0.000648960 0.000273760 0.001143550 
29     0.000898930 0.000971040 0.000670230 0.001988610 0.001624010 0.000993070 0.000752930 0.000720770 0.000841750 0.000878320 0.000000000 0.000051720 0.000130340 0.000110470 0.000566440 0.000011500 0.000479920 0.001499830 0.001812290 0.001493640 0.001745560 0.001089680 0.001600620 0.000932040 0.000601950 0.000496940 0.000909430 0.000697020 0.000790920 0.000925010 0.000907610 0.001276280 0.001464300 0.001007210 0.000839930 0.000472690 0.000633020 0.000404420 0.000033920 0.000949450 0.000006750 0.000587730 0.000613840 0.001470790 0.000819690 0.000352300 0.001673730 0.000714710 0.000731360 0.000714570 0.000861150 
1     0.000571320 0.000902020 0.000555710 0.001276550 0.001428050 0.000649200 0.000820530 0.000788370 0.000770300 0.000274970 0.000051720 0.000000000 0.000314990 0.000037220 0.000546760 0.000063220 0.000363220 0.001241660 0.001195180 0.001200740 0.001502180 0.001018230 0.001529170 0.000860590 0.000530500 0.000425490 0.001275130 0.000625570 0.000031490 0.000679510 0.000893500 0.000877960 0.000834760 0.000965280 0.000825820 0.000166350 0.000326680 0.000098080 0.000514920 0.001139220 0.000058470 0.000583890 0.000610000 0.001072470 0.000653370 0.000454060 0.001669890 0.000762620 0.000727520 0.000710730 0.000992830 
16     0.000106350 0.000844000 0.000504240 0.000856100 0.000281260 0.001286910 0.000866550 0.001333320 0.001377790 0.000048140 0.000130340 0.000314990 0.000000000 0.000018800 0.001100170 0.000262890 0.000001850 0.000643520 0.001802880 0.001152880 0.001404800 0.001625720 0.002136660 0.001468080 0.001137990 0.000666970 0.001404820 0.000059360 0.001326960 0.001461050 0.000852750 0.002002020 0.002198360 0.000943730 0.000939690 0.000055530 0.000110410 0.000369850 0.001469570 0.001709850 0.000622000 0.000817450 0.000843560 0.001333310 0.001221980 0.000130960 0.001319470 0.000263470 0.000035530 0.000006720 0.000753600 
25     0.000801600 0.000212800 0.001121700 0.000926670 0.001857050 0.001078200 0.001867260 0.000535160 0.001653140 0.000285940 0.000110470 0.000037220 0.000018800 0.000000000 0.001429600 0.000463610 0.000186620 0.000859410 0.000423790 0.000475720 0.001291960 0.001881780 0.002412010 0.001743430 0.001413340 0.000778900 0.001495580 0.000230240 0.000896460 0.001108510 0.001364690 0.001813770 0.000206720 0.001125810 0.001560110 0.000133670 0.001168870 0.000120600 0.001929990 0.001534520 0.001932240 0.000889910 0.001203520 0.001517090 0.000379480 0.000600070 0.000414890 0.000282590 0.000237020 0.000149250 0.000822420 
18     0.001018710 0.000480430 0.000326680 0.001515480 0.000574630 0.000822540 0.000133050 0.000138950 0.000714900 0.000167740 0.000566440 0.000546760 0.001100170 0.001429600 0.000000000 0.000129660 0.000193290 0.001095760 0.000200250 0.000440630 0.000640010 0.000775130 0.000653710 0.000805090 0.000475000 0.000369990 0.001219630 0.000127250 0.000245150 0.000798060 0.001043260 0.001352890 0.002048290 0.000498890 0.000961880 0.000337780 0.000107160 0.000635050 0.001331760 0.001430080 0.000918210 0.001529460 0.001555570 0.000292350 0.001089610 0.000132510 0.001200600 0.001151400 0.000868730 0.000845390 0.000183260 
4     0.000435620 0.000457590 0.000431550 0.001244090 0.000545710 0.000522400 0.000100050 0.000105950 0.000782720 0.000134740 0.000011500 0.000063220 0.000262890 0.000463610 0.000129660 0.000000000 0.000092880 0.000824370 0.000107420 0.000184220 0.000241620 0.000752290 0.000630870 0.001057670 0.000381720 0.000325540 0.000309820 0.000085370 0.000460030 0.000635060 0.000533230 0.001580560 0.001719320 0.000457230 0.000465550 0.000294270 0.000430730 0.000139360 0.000938150 0.001306090 0.000004750 0.001186810 0.001284180 0.000811610 0.000818220 0.000511270 0.000274940 0.000117040 0.000606260 0.000513930 0.000273160 
21     0.000259640 0.000307360 0.000381020 0.000964870 0.000609340 0.000235330 0.000040390 0.000169580 0.000825540 0.000198370 0.000479920 0.000363220 0.000001850 0.000186620 0.000193290 0.000092880 0.000000000 0.000641600 0.000351780 0.000083650 0.000600210 0.000109330 0.001197400 0.000267490 0.000171740 0.000026200 0.000441510 0.000096180 0.000155780 0.000237310 0.000275420 0.001073090 0.000947650 0.000341650 0.000431570 0.000048610 0.000108800 0.000041700 0.000055640 0.000581430 0.000396770 0.001038380 0.000902170 0.000763800 0.000446270 0.000192310 0.000770590 0.000721390 0.000205030 0.000112700 0.000172530 
19     0.000572890 0.000141780 0.000294630 0.000932990 0.000851950 0.000631500 0.000388920 0.000076790 0.000734600 0.000893460 0.001499830 0.001241660 0.000643520 0.000859410 0.001095760 0.000824370 0.000641600 0.000000000 0.000330100 0.000145310 0.000064330 0.001457690 0.001361390 0.000794960 0.000374060 0.000057890 0.001074960 0.000228410 0.000222610 0.000822140 0.001222150 0.001571810 0.001483830 0.000939320 0.001089840 0.000014000 0.000526450 0.000178330 0.000139390 0.000809980 0.000728610 0.001657420 0.000153910 0.000092850 0.000343740 0.000331370 0.000706730 0.000944260 0.001230570 0.000469500 0.000524500 
11     0.000711880 0.000560880 0.000096600 0.001417110 0.000395720 0.000369980 0.000055920 0.000054310 0.000781000 0.000381010 0.001812290 0.001195180 0.001802880 0.000423790 0.000200250 0.000107420 0.000351780 0.000330100 0.000000000 0.000021180 0.000038350 0.000190160 0.000827040 0.000946660 0.000337940 0.000369290 0.001563830 0.000013830 0.000569620 0.000482180 0.001433580 0.000215810 0.000127830 0.000712160 0.000957660 0.000153330 0.000463110 0.000189690 0.000763920 0.000862420 0.000139540 0.002232170 0.002258280 0.000423760 0.000638560 0.001027740 0.000006460 0.000875800 0.000028000 0.000057240 0.000217180 
22     0.000650990 0.000692820 0.000164280 0.001422670 0.000463400 0.000175130 0.000228660 0.000419900 0.000462410 0.000308170 0.001493640 0.001200740 0.001152880 0.000475720 0.000440630 0.000184220 0.000083650 0.000145310 0.000021180 0.000000000 0.000097130 0.000289380 0.000958980 0.001636460 0.001132270 0.000418880 0.000158460 0.000354150 0.000215420 0.000717970 0.001146900 0.000221370 0.000133390 0.000779840 0.001014590 0.000178630 0.000256210 0.000142120 0.001264400 0.000734730 0.000719630 0.001369010 0.001608280 0.000688080 0.000745860 0.000472540 0.000473580 0.000084050 0.000086800 0.000063320 0.000419670 
20     0.001018880 0.000445670 0.000341780 0.001724110 0.000332960 0.000929610 0.000030340 0.001041720 0.002576460 0.000420240 0.001745560 0.001502180 0.001404800 0.001291960 0.000640010 0.000241620 0.000600210 0.000064330 0.000038350 0.000097130 0.000000000 0.000377440 0.000725520 0.001721190 0.000888460 0.000655080 0.000571310 0.001124040 0.001226090 0.000804340 0.001367320 0.000557170 0.000211520 0.001115990 0.001266510 0.000528820 0.001006750 0.000921200 0.001641830 0.000986650 0.000387920 0.000959500 0.000228050 0.001504100 0.000928720 0.000495770 0.000756320 0.000911650 0.000142370 0.000118890 0.001543590 
8     0.000701950 0.000722620 0.000900410 0.001674710 0.000814780 0.000830780 0.000859820 0.000291020 0.001186370 0.000128280 0.001089680 0.001018230 0.001625720 0.001881780 0.000775130 0.000752290 0.000109330 0.001457690 0.000190160 0.000289380 0.000377440 0.000000000 0.000026020 0.000336990 0.000642100 0.000585920 0.001422440 0.001013220 0.000735970 0.001077670 0.000963630 0.000469050 0.000381070 0.001352930 0.000047450 0.000868200 0.000877680 0.000862270 0.002021820 0.001670230 0.001061000 0.002486950 0.002575990 0.001343100 0.002034770 0.000841710 0.002146250 0.001874350 0.001108880 0.001085540 0.000688870 
27     0.001411570 0.000601200 0.000778990 0.002514220 0.000693360 0.000941270 0.000788740 0.000884730 0.001697310 0.000357380 0.001600620 0.001529170 0.002136660 0.002412010 0.000653710 0.000630870 0.001197400 0.001361390 0.000827040 0.000958980 0.000725520 0.000026020 0.000000000 0.000000030 0.001025770 0.000933020 0.001509230 0.001152230 0.001192590 0.001698850 0.001378980 0.002937530 0.003099820 0.001863870 0.001364990 0.000392180 0.000260060 0.000147790 0.002478440 0.001548810 0.003293330 0.002997890 0.003086930 0.002774790 0.001991210 0.001291370 0.002024830 0.002074000 0.000987460 0.000964120 0.001555250 
10     0.001505700 0.001132030 0.001231250 0.002625100 0.001653770 0.001151630 0.001242850 0.000884740 0.001028730 0.000357390 0.000932040 0.000860590 0.001468080 0.001743430 0.000805090 0.001057670 0.000267490 0.000794960 0.000946660 0.001636460 0.001721190 0.000336990 0.000000030 0.000000000 0.000760510 0.000237680 0.001505140 0.000855580 0.000949480 0.000405510 0.001440360 0.002945810 0.002876950 0.001195290 0.001670500 0.000526470 0.000764540 0.000571550 0.002128110 0.000091200 0.002624750 0.002329310 0.002418350 0.000665700 0.002572600 0.000116970 0.002411820 0.001716710 0.001496510 0.001467700 0.000475410 
5     0.000488130 0.000794600 0.000458300 0.000516890 0.000151570 0.000123560 0.000912760 0.000368830 0.000698640 0.000687270 0.000601950 0.000530500 0.001137990 0.001413340 0.000475000 0.000381720 0.000171740 0.000374060 0.000337940 0.001132270 0.000888460 0.000642100 0.001025770 0.000760510 0.000000000 0.000009220 0.000179660 0.000143960 0.000420100 0.000667440 0.000570590 0.000024530 0.001228320 0.000556280 0.000515330 0.000479130 0.000484640 0.000131420 0.001571150 0.001264060 0.001567960 0.001353780 0.000348450 0.000572660 0.001320340 0.000103400 0.001035370 0.001379280 0.000158070 0.000134730 0.000359630 
15     0.000448500 0.000689590 0.000365550 0.000315460 0.000184250 0.000030810 0.000807750 0.000052660 0.000593630 0.000594520 0.000496940 0.000425490 0.000666970 0.000778900 0.000369990 0.000325540 0.000026200 0.000057890 0.000369290 0.000418880 0.000655080 0.000585920 0.000933020 0.000237680 0.000009220 0.000000000 0.000173020 0.000030300 0.000297160 0.000627810 0.000514410 0.001270960 0.001182980 0.000731010 0.000459150 0.000422950 0.000428460 0.000413050 0.000295640 0.001055360 0.001528330 0.001379340 0.000112740 0.000533030 0.001280710 0.000107150 0.000942230 0.001274270 0.000065320 0.000041980 0.000349440 
14     0.000558830 0.001086980 0.000679010 0.000587590 0.000769210 0.000595210 0.000564740 0.001004150 0.000434100 0.001170730 0.000909430 0.001275130 0.001404820 0.001495580 0.001219630 0.000309820 0.000441510 0.001074960 0.001563830 0.000158460 0.000571310 0.001422440 0.001509230 0.001505140 0.000179660 0.000173020 0.000000000 0.000513890 0.000742740 0.000738140 0.000137990 0.000601540 0.002370640 0.000877320 0.000329920 0.000153820 0.000464210 0.000153760 0.000875550 0.000307820 0.001311080 0.001834110 0.001860220 0.000643360 0.000750220 0.000072690 0.000783840 0.000833010 0.000564250 0.000747010 0.000304620 
12     0.000246480 0.000889670 0.000429140 0.000030090 0.000014500 0.000062480 0.000067260 0.000005060 0.000793710 0.000132330 0.000697020 0.000625570 0.000059360 0.000230240 0.000127250 0.000085370 0.000096180 0.000228410 0.000013830 0.000354150 0.001124040 0.001013220 0.001152230 0.000855580 0.000143960 0.000030300 0.000513890 0.000000000 0.000077640 0.000514100 0.000083960 0.002343630 0.000029040 0.000454820 0.000683780 0.000071850 0.000322490 0.000083330 0.000705720 0.001927500 0.000882440 0.000010230 0.000188240 0.000426380 0.001101680 0.000392560 0.000575900 0.000278410 0.000296270 0.000210090 0.000153150 
17     0.000347820 0.000424300 0.000469200 0.000483070 0.000078310 0.000335600 0.000228120 0.000477980 0.000887610 0.000506770 0.000790920 0.000031490 0.001326960 0.000896460 0.000245150 0.000460030 0.000155780 0.000222610 0.000569620 0.000215420 0.001226090 0.000735970 0.001192590 0.000949480 0.000420100 0.000297160 0.000742740 0.000077640 0.000000000 0.000456010 0.000761240 0.001161270 0.001073290 0.000005060 0.000705980 0.000451300 0.000589510 0.000135870 0.000539290 0.001116870 0.000948860 0.001826650 0.001975570 0.000394590 0.000660320 0.000160150 0.000436460 0.000229140 0.000381790 0.000358450 0.000773760 
26     0.000163030 0.000655830 0.000284950 0.000868800 0.001020300 0.000132110 0.001235820 0.000824460 0.000010210 0.000353320 0.000925010 0.000679510 0.001461050 0.001108510 0.000798060 0.000635060 0.000237310 0.000822140 0.000482180 0.000717970 0.000804340 0.001077670 0.001698850 0.000405510 0.000667440 0.000627810 0.000738140 0.000514100 0.000456010 0.000000000 0.001136180 0.001009660 0.000921680 0.001180920 0.001080920 0.000068250 0.000043640 0.000078830 0.001383650 0.000518030 0.000700640 0.001477060 0.001566100 0.000970180 0.000534850 0.000260290 0.001559570 0.000860520 0.001148320 0.001239260 0.000876630 
33     0.000672580 0.001207740 0.000559730 0.001144670 0.001141840 0.000516940 0.000200700 0.000163600 0.001499220 0.000487770 0.000907610 0.000893500 0.000852750 0.001364690 0.001043260 0.000533230 0.000275420 0.001222150 0.001433580 0.001146900 0.001367320 0.000963630 0.001378980 0.001440360 0.000570590 0.000514410 0.000137990 0.000083960 0.000761240 0.001136180 0.000000000 0.001996040 0.001752850 0.000745350 0.000260730 0.000048890 0.000359280 0.000048830 0.001407740 0.000172950 0.000953460 0.000199940 0.001211320 0.000497400 0.000618250 0.000368170 0.000603900 0.000310870 0.000207080 0.000111950 0.000184010 
41     0.000901470 0.002548160 0.000241590 0.000279130 0.001758200 0.000979350 0.001016620 0.001284340 0.002883940 0.001639630 0.001276280 0.000877960 0.002002020 0.001813770 0.001352890 0.001580560 0.001073090 0.001571810 0.000215810 0.000221370 0.000557170 0.000469050 0.002937530 0.002945810 0.000024530 0.001270960 0.000601540 0.002343630 0.001161270 0.001009660 0.001996040 0.000000000 0.000000820 0.001695510 0.001709520 0.000091700 0.000394350 0.000317240 0.001334570 0.001931590 0.001843280 0.001932680 0.002021720 0.001619510 0.001043420 0.000361880 0.002102450 0.002016180 0.002004460 0.001987670 0.001430780 
43     0.000813490 0.002554880 0.000118070 0.001518720 0.000100340 0.000891370 0.001897080 0.001222950 0.000002640 0.001551650 0.001464300 0.000834760 0.002198360 0.000206720 0.002048290 0.001719320 0.000947650 0.001483830 0.000127830 0.000133390 0.000211520 0.000381070 0.003099820 0.002876950 0.001228320 0.001182980 0.002370640 0.000029040 0.001073290 0.000921680 0.001752850 0.000000820 0.000000000 0.001891850 0.001871810 0.000171460 0.000508070 0.000398330 0.001482820 0.002186790 0.001610380 0.001298750 0.002004940 0.001874710 0.001205710 0.001271490 0.000320320 0.001301330 0.002121380 0.002184010 0.002378670 
35     0.000961720 0.001229380 0.000800780 0.001359040 0.000335630 0.000998100 0.000469280 0.000475180 0.001133420 0.000282630 0.001007210 0.000965280 0.000943730 0.001125810 0.000498890 0.000457230 0.000341650 0.000939320 0.000712160 0.000779840 0.001115990 0.001352930 0.001863870 0.001195290 0.000556280 0.000731010 0.000877320 0.000454820 0.000005060 0.001180920 0.000745350 0.001695510 0.001891850 0.000000000 0.000805440 0.000496650 0.000545680 0.000491470 0.000753730 0.000915180 0.000485740 0.001373020 0.001399130 0.001046250 0.000008110 0.000759580 0.001044160 0.000994960 0.000946170 0.000929380 0.000528890 
49     0.000150820 0.001154860 0.000776930 0.001509560 0.001383240 0.000282650 0.000877150 0.000921360 0.001404190 0.000896510 0.000839930 0.000825820 0.000939690 0.001560110 0.000961880 0.000465550 0.000431570 0.001089840 0.000957660 0.001014590 0.001266510 0.000047450 0.001364990 0.001670500 0.000515330 0.000459150 0.000329920 0.000683780 0.000705980 0.001080920 0.000260730 0.001709520 0.001871810 0.000805440 0.000000000 0.000024390 0.000099530 0.000024780 0.000566550 0.000430560 0.001312060 0.001520760 0.001546870 0.001196770 0.000872960 0.000595840 0.000906580 0.000955750 0.000058230 0.001077120 0.000427360 
40     0.000191500 0.000463180 0.000002900 0.000896730 0.000857760 0.000063610 0.000048750 0.000260390 0.000063670 0.000359810 0.000472690 0.000166350 0.000055530 0.000133670 0.000337780 0.000294270 0.000048610 0.000014000 0.000153330 0.000178630 0.000528820 0.000868200 0.000392180 0.000526470 0.000479130 0.000422950 0.000153820 0.000071850 0.000451300 0.000068250 0.000048890 0.000091700 0.000171460 0.000496650 0.000024390 0.000000000 0.000062390 0.000000080 0.000199860 0.000048710 0.000224720 0.000806850 0.000474270 0.000887980 0.000481150 0.000058730 0.000118290 0.000295940 0.000035260 0.000199910 0.000156820 
39     0.000329710 0.000733380 0.000451090 0.001034940 0.001186440 0.000170320 0.000233950 0.000453090 0.001045660 0.000428240 0.000633020 0.000326680 0.000110410 0.001168870 0.000107160 0.000430730 0.000108800 0.000526450 0.000463110 0.000256210 0.001006750 0.000877680 0.000260060 0.000764540 0.000484640 0.000428460 0.000464210 0.000322490 0.000589510 0.000043640 0.000359280 0.000394350 0.000508070 0.000545680 0.000099530 0.000062390 0.000000000 0.000026070 0.000722540 0.000239470 0.000735720 0.001255250 0.000665030 0.000937010 0.000823930 0.000076610 0.000391550 0.000642530 0.000473130 0.000388960 0.000337830 
31     0.000195100 0.000301030 0.000118550 0.000900330 0.000934180 0.000166840 0.000290550 0.000086620 0.000041440 0.000323850 0.000404420 0.000098080 0.000369850 0.000120600 0.000635050 0.000139360 0.000041700 0.000178330 0.000189690 0.000142120 0.000921200 0.000862270 0.000147790 0.000571550 0.000131420 0.000413050 0.000153760 0.000083330 0.000135870 0.000078830 0.000048830 0.000317240 0.000398330 0.000491470 0.000024780 0.000000080 0.000026070 0.000000000 0.000139650 0.000050110 0.000265070 0.000894710 0.000475670 0.000814720 0.000516280 0.000281050 0.000041710 0.000382500 0.000038590 0.000301900 0.000097440 
44     0.000890770 0.000033400 0.001607740 0.000025240 0.000016850 0.000454090 0.001595710 0.000554910 0.000497240 0.001809560 0.000033920 0.000514920 0.001469570 0.001929990 0.001331760 0.000938150 0.000055640 0.000139390 0.000763920 0.001264400 0.001641830 0.002021820 0.002478440 0.002128110 0.001571150 0.000295640 0.000875550 0.000705720 0.000539290 0.001383650 0.001407740 0.001334570 0.001482820 0.000753730 0.000566550 0.000199860 0.000722540 0.000139650 0.000000000 0.000915570 0.001208980 0.000674730 0.001341130 0.001466940 0.000091660 0.000973020 0.000152390 0.001520800 0.000780190 0.001455220 0.000827270 
42     0.001724620 0.000781420 0.001554260 0.001555520 0.001468630 0.000333490 0.001565110 0.001010310 0.002913090 0.001210310 0.000949450 0.001139220 0.001709850 0.001534520 0.001430080 0.001306090 0.000581430 0.000809980 0.000862420 0.000734730 0.000986650 0.001670230 0.001548810 0.000091200 0.001264060 0.001055360 0.000307820 0.001927500 0.001116870 0.000518030 0.000172950 0.001931590 0.002186790 0.000915180 0.000430560 0.000048710 0.000239470 0.000050110 0.000915570 0.000000000 0.000583430 0.001102960 0.000512740 0.000733640 0.000788080 0.000538000 0.000821700 0.000870870 0.001158280 0.001084590 0.000353840 
34     0.001165420 0.000062240 0.000785610 0.001881690 0.001090990 0.000179770 0.000042750 0.000032380 0.000510060 0.000260980 0.000006750 0.000058470 0.000622000 0.001932240 0.000918210 0.000004750 0.000396770 0.000728610 0.000139540 0.000719630 0.000387920 0.001061000 0.003293330 0.002624750 0.001567960 0.001528330 0.001311080 0.000882440 0.000948860 0.000700640 0.000953460 0.001843280 0.001610380 0.000485740 0.001312060 0.000224720 0.000735720 0.000265070 0.001208980 0.000583430 0.000000000 0.000494290 0.000095690 0.000427570 0.000605040 0.000145540 0.000656580 0.000262520 0.000593800 0.000463720 0.000263860 
50     0.000348950 0.001955160 0.001800000 0.002077140 0.000921710 0.001716200 0.001745630 0.000737630 0.001047820 0.002311280 0.000587730 0.000583890 0.000817450 0.000889910 0.001529460 0.001186810 0.001038380 0.001657420 0.002232170 0.001369010 0.000959500 0.002486950 0.002997890 0.002329310 0.001353780 0.001379340 0.001834110 0.000010230 0.001826650 0.001477060 0.000199940 0.001932680 0.001298750 0.001373020 0.001520760 0.000806850 0.001255250 0.000894710 0.000674730 0.001102960 0.000494290 0.000000000 0.000010840 0.000221330 0.001651270 0.001635770 0.000978660 0.000661440 0.000819890 0.000803100 0.001537360 
46     0.000607700 0.000647670 0.001826110 0.002103250 0.002284870 0.000137300 0.002262960 0.000148680 0.002356480 0.002337390 0.000613840 0.000610000 0.000843560 0.001203520 0.001555570 0.001284180 0.000902170 0.000153910 0.002258280 0.001608280 0.000228050 0.002575990 0.003086930 0.002418350 0.000348450 0.000112740 0.001860220 0.000188240 0.001975570 0.001566100 0.001211320 0.002021720 0.002004940 0.001399130 0.001546870 0.000474270 0.000665030 0.000475670 0.001341130 0.000512740 0.000095690 0.000010840 0.000000000 0.000006980 0.001677380 0.001189000 0.000724030 0.000801650 0.000846000 0.000693910 0.001841270 
36     0.000286530 0.000814680 0.000288550 0.000418410 0.001068010 0.000137420 0.000811100 0.001366920 0.000220450 0.001545960 0.001470790 0.001072470 0.001333310 0.001517090 0.000292350 0.000811610 0.000763800 0.000092850 0.000423760 0.000688080 0.001504100 0.001343100 0.002774790 0.000665700 0.000572660 0.000533030 0.000643360 0.000426380 0.000394590 0.000970180 0.000497400 0.001619510 0.001874710 0.001046250 0.001196770 0.000887980 0.000937010 0.000814720 0.001466940 0.000733640 0.000427570 0.000221330 0.000006980 0.000000000 0.001321280 0.000105250 0.000500740 0.000529220 0.000144640 0.000147470 0.000948300 
37     0.001236750 0.001764900 0.001356930 0.001634070 0.001487040 0.000444670 0.001365630 0.000754180 0.001140210 0.001652710 0.000819690 0.000653370 0.001221980 0.000379480 0.001089610 0.000818220 0.000446270 0.000343740 0.000638560 0.000745860 0.000928720 0.002034770 0.001991210 0.002572600 0.001320340 0.001280710 0.000750220 0.001101680 0.000660320 0.000534850 0.000618250 0.001043420 0.001205710 0.000008110 0.000872960 0.000481150 0.000823930 0.000516280 0.000091660 0.000788080 0.000605040 0.001651270 0.001677380 0.001321280 0.000000000 0.000002100 0.000327950 0.000667930 0.000477580 0.000488450 0.000041320 
48     0.001091830 0.000718160 0.000430340 0.001618570 0.001339580 0.000531590 0.000821800 0.000280490 0.000529050 0.001015760 0.000352300 0.000454060 0.000130960 0.000600070 0.000132510 0.000511270 0.000192310 0.000331370 0.001027740 0.000472540 0.000495770 0.000841710 0.001291370 0.000116970 0.000103400 0.000107150 0.000072690 0.000392560 0.000160150 0.000260290 0.000368170 0.000361880 0.001271490 0.000759580 0.000595840 0.000058730 0.000076610 0.000281050 0.000973020 0.000538000 0.000145540 0.001635770 0.001189000 0.000105250 0.000002100 0.000000000 0.000312450 0.000499490 0.000463100 0.000392190 0.000314280 
47     0.001201080 0.000316910 0.000802970 0.001745060 0.000714310 0.000110210 0.000855080 0.000953510 0.001022490 0.001686330 0.001673730 0.001669890 0.001319470 0.000414890 0.001200600 0.000274940 0.000770590 0.000706730 0.000006460 0.000473580 0.000756320 0.002146250 0.002024830 0.002411820 0.001035370 0.000942230 0.000783840 0.000575900 0.000436460 0.001559570 0.000603900 0.002102450 0.000320320 0.001044160 0.000906580 0.000118290 0.000391550 0.000041710 0.000152390 0.000821700 0.000656580 0.000978660 0.000724030 0.000500740 0.000327950 0.000312450 0.000000000 0.000701550 0.001090450 0.000720050 0.000206830 
32     0.001172030 0.001342560 0.001001080 0.000596670 0.000044860 0.001338140 0.001858790 0.001016540 0.001654840 0.000431990 0.000714710 0.000762620 0.000263470 0.000282590 0.001151400 0.000117040 0.000721390 0.000944260 0.000875800 0.000084050 0.000911650 0.001874350 0.002074000 0.001716710 0.001379280 0.001274270 0.000833010 0.000278410 0.000229140 0.000860520 0.000310870 0.002016180 0.001301330 0.000994960 0.000955750 0.000295940 0.000642530 0.000382500 0.001520800 0.000870870 0.000262520 0.000661440 0.000801650 0.000529220 0.000667930 0.000499490 0.000701550 0.000000000 0.000120130 0.000083340 0.000267850 
38     0.000565850 0.000435750 0.000419990 0.001650290 0.000334360 0.000085250 0.001003760 0.001237520 0.000160170 0.000648960 0.000731360 0.000727520 0.000035530 0.000237020 0.000868730 0.000606260 0.000205030 0.001230570 0.000028000 0.000086800 0.000142370 0.001108880 0.000987460 0.001496510 0.000158070 0.000065320 0.000564250 0.000296270 0.000381790 0.001148320 0.000207080 0.002004460 0.002121380 0.000946170 0.000058230 0.000035260 0.000473130 0.000038590 0.000780190 0.001158280 0.000593800 0.000819890 0.000846000 0.000144640 0.000477580 0.000463100 0.001090450 0.000120130 0.000000000 0.000009920 0.000420170 
45     0.000557120 0.000792880 0.000396650 0.001633500 0.000311020 0.000061910 0.000980420 0.000330250 0.000665490 0.000273760 0.000714570 0.000710730 0.000006720 0.000149250 0.000845390 0.000513930 0.000112700 0.000469500 0.000057240 0.000063320 0.000118890 0.001085540 0.000964120 0.001467700 0.000134730 0.000041980 0.000747010 0.000210090 0.000358450 0.001239260 0.000111950 0.001987670 0.002184010 0.000929380 0.001077120 0.000199910 0.000388960 0.000301900 0.001455220 0.001084590 0.000463720 0.000803100 0.000693910 0.000147470 0.000488450 0.000392190 0.000720050 0.000083340 0.000009920 0.000000000 0.000336000 
0     0.000531780 0.000301590 0.000164720 0.002193090 0.000656550 0.000551450 0.000055650 0.000084410 0.000548310 0.001143550 0.000861150 0.000992830 0.000753600 0.000822420 0.000183260 0.000273160 0.000172530 0.000524500 0.000217180 0.000419670 0.001543590 0.000688870 0.001555250 0.000475410 0.000359630 0.000349440 0.000304620 0.000153150 0.000773760 0.000876630 0.000184010 0.001430780 0.002378670 0.000528890 0.000427360 0.000156820 0.000337830 0.000097440 0.000827270 0.000353840 0.000263860 0.001537360 0.001841270 0.000948300 0.000041320 0.000314280 0.000206830 0.000267850 0.000420170 0.000336000 0.000000000 
