51
2     0.000000000 0.074984332 0.090873555 0.137941094 0.131160968 0.089845341 0.136556057 0.136911553 0.146307891 0.149553596 0.108400499 0.105844601 0.158713561 0.158799438 0.130168991 0.090130474 0.089553330 0.144349336 0.139266262 0.139207177 0.147324243 0.143354230 0.163886915 0.123897083 0.100556991 0.096346528 0.127330952 0.101989836 0.109288443 0.116906865 0.143744173 0.217181443 0.217735621 0.132896091 0.128009171 0.096839074 0.097606295 0.096302514 0.141217098 0.170954688 0.149860320 0.172651573 0.176451030 0.150573189 0.142070665 0.138116262 0.140102471 0.143782883 0.139876078 0.138363868 0.134480341 
30     0.074984332 0.000000000 0.095754138 0.144244095 0.137983291 0.096724162 0.142756028 0.141997227 0.151691136 0.156677252 0.113979927 0.111945941 0.165057494 0.164608418 0.134896602 0.095972094 0.093194484 0.148103812 0.144260235 0.144566753 0.151259324 0.150284283 0.170472510 0.131191907 0.106137082 0.101898986 0.135296353 0.108377083 0.115834032 0.124614713 0.152800527 0.226047072 0.226337321 0.146171297 0.138237431 0.104464989 0.108251043 0.105396512 0.147070868 0.179843697 0.158344943 0.182029680 0.186021426 0.159117988 0.152540911 0.148162586 0.150871746 0.153547343 0.149678086 0.148359324 0.147083376 
9     0.090873555 0.095754138 0.000000000 0.130579908 0.122369720 0.084088528 0.144246953 0.142089924 0.153947559 0.158967276 0.118922996 0.116130186 0.169088804 0.168103360 0.138516541 0.095874914 0.093778713 0.150108159 0.146633202 0.146538397 0.154875615 0.151507709 0.171938510 0.133507210 0.105460283 0.101642317 0.134383523 0.109233627 0.115771917 0.125485073 0.148007678 0.223637515 0.224397648 0.140407939 0.134135649 0.101286927 0.104416440 0.100925951 0.143201900 0.173851299 0.153080249 0.180130083 0.183709397 0.157535951 0.148866012 0.143682672 0.148812440 0.147366596 0.143821065 0.142775105 0.145077000 
24     0.137941094 0.144244095 0.130579908 0.000000000 0.139067860 0.121241404 0.191058419 0.190875349 0.200552647 0.205953361 0.161404325 0.159217688 0.216673757 0.215274964 0.187791005 0.145503106 0.140903925 0.195580110 0.190239811 0.189585474 0.199581536 0.199531757 0.220019787 0.180376028 0.151985287 0.146967586 0.180288760 0.154972064 0.160973431 0.168290941 0.198746235 0.272374660 0.272754619 0.190961789 0.183283657 0.149355209 0.153708611 0.150231451 0.195700419 0.225512980 0.204993006 0.229045464 0.232899595 0.208766893 0.199619784 0.194369397 0.198180473 0.198079549 0.194449817 0.193596106 0.193359835 
6     0.131160968 0.137983291 0.122369720 0.139067860 0.000000000 0.116195188 0.186101315 0.185640470 0.197227218 0.199454420 0.160300571 0.158090991 0.210818407 0.209493364 0.182211288 0.138913730 0.135389730 0.192239331 0.186478619 0.186443743 0.195539317 0.195152075 0.215646993 0.175926917 0.146006536 0.141459835 0.174708155 0.150851363 0.157286274 0.164063615 0.192245836 0.265699562 0.266605917 0.184552651 0.176523662 0.144294093 0.146222141 0.142931437 0.185865351 0.217002811 0.197294884 0.222591894 0.226524344 0.199402086 0.191891798 0.186772176 0.188205167 0.189258839 0.186133807 0.185347902 0.187473439 
13     0.089845341 0.096724162 0.084088528 0.121241404 0.116195188 0.000000000 0.139028210 0.137543886 0.150417596 0.154227207 0.115821807 0.113480198 0.165932038 0.164623923 0.137223732 0.095382367 0.090289835 0.147018201 0.143956502 0.143957330 0.153165531 0.147923368 0.169322787 0.130379464 0.102365545 0.097966082 0.132134523 0.107462468 0.112721035 0.118679949 0.146051644 0.217345735 0.218651695 0.137610847 0.132253793 0.095984313 0.099864280 0.099782000 0.140983424 0.174473311 0.152882200 0.176399169 0.180307439 0.154995422 0.144970195 0.139542650 0.143996395 0.143614794 0.139505024 0.138548522 0.142830502 
7     0.136556057 0.142756028 0.144246953 0.191058419 0.186101315 0.139028210 0.000000000 0.036928447 0.096644543 0.114296883 0.124716365 0.122433640 0.175866442 0.174405365 0.149314659 0.106877348 0.104148160 0.167736634 0.162169879 0.162791747 0.174628729 0.172270737 0.193510246 0.153175260 0.141829622 0.138394466 0.170750987 0.145467810 0.151894297 0.155441684 0.185643627 0.257820368 0.259177488 0.177814040 0.170938963 0.136565341 0.139236159 0.136960864 0.184591005 0.215174238 0.194201493 0.216702154 0.221683705 0.195828102 0.186489146 0.181097963 0.184613650 0.183773962 0.178248007 0.176972572 0.182909393 
23     0.136911553 0.141997227 0.142089924 0.190875349 0.185640470 0.137543886 0.036928447 0.000000000 0.095270981 0.114626451 0.126199640 0.123743475 0.177767373 0.174848474 0.149601071 0.107491929 0.105316070 0.169979691 0.163058144 0.164322168 0.176695314 0.171575709 0.193426224 0.152984779 0.142143016 0.137965202 0.170075463 0.144004474 0.151376714 0.155539742 0.184785591 0.256436311 0.258060464 0.176636763 0.170827600 0.135867477 0.138352344 0.135492340 0.182165105 0.212889523 0.192513969 0.216373388 0.221090399 0.193626410 0.184184984 0.178870848 0.183197123 0.182030976 0.178034449 0.176755666 0.182930632 
28     0.146307891 0.151691136 0.153947559 0.200552647 0.197227218 0.150417596 0.096644543 0.095270981 0.000000000 0.125841488 0.134448434 0.131762704 0.188496222 0.187381951 0.161506153 0.118503916 0.118444109 0.180927798 0.176150866 0.176677724 0.187351087 0.184247543 0.204245874 0.164906867 0.154712415 0.151076210 0.183121360 0.158297873 0.164246057 0.169356977 0.197955143 0.269266681 0.270452399 0.190949822 0.182237638 0.148001073 0.151386253 0.148577294 0.195771578 0.227894820 0.206765973 0.228715554 0.233222336 0.207288196 0.197374288 0.192886059 0.196025393 0.195628731 0.192509794 0.191383462 0.193669608 
3     0.149553596 0.156677252 0.158967276 0.205953361 0.199454420 0.154227207 0.114296883 0.114626451 0.125841488 0.000000000 0.140511401 0.137767983 0.190693213 0.188823378 0.165122538 0.123897156 0.120084647 0.182659599 0.178929756 0.178861313 0.190348362 0.186434233 0.206270571 0.167373757 0.155029692 0.151366879 0.183928531 0.159106509 0.164402671 0.171083257 0.200570753 0.270211977 0.271598069 0.191061722 0.184024358 0.149850099 0.152368249 0.149696163 0.198339596 0.230246453 0.206486669 0.229501901 0.234097882 0.207336243 0.198001295 0.193668624 0.196588968 0.196846339 0.191032423 0.189746656 0.197514807 
29     0.108400499 0.113979927 0.118922996 0.161404325 0.160300571 0.115821807 0.124716365 0.126199640 0.134448434 0.140511401 0.000000000 0.014609410 0.127822150 0.127830880 0.114657910 0.082675722 0.080726532 0.138358409 0.136075103 0.136126592 0.146501492 0.143979992 0.165100817 0.125804907 0.115521551 0.110814896 0.142876493 0.116997914 0.124092357 0.130892522 0.161296501 0.233624041 0.234456269 0.153717410 0.147952122 0.111626342 0.114660605 0.112482476 0.156383248 0.189897264 0.169828056 0.191353780 0.194653537 0.170005200 0.160790408 0.154113675 0.158045969 0.157571105 0.151999737 0.150924258 0.155863482 
1     0.105844601 0.111945941 0.116130186 0.159217688 0.158090991 0.113480198 0.122433640 0.123743475 0.131762704 0.137767983 0.014609410 0.000000000 0.125469680 0.125532281 0.112283652 0.080322715 0.078287208 0.135996314 0.133652855 0.133739747 0.144104506 0.141699280 0.162790379 0.123522035 0.113115314 0.108431358 0.140467822 0.114722458 0.121802025 0.128516540 0.159024714 0.231113252 0.231945481 0.151327104 0.145716831 0.109216970 0.112238914 0.110083917 0.154069737 0.187604350 0.167279841 0.189174810 0.192308343 0.167514702 0.158053328 0.151394617 0.155507834 0.155182181 0.149503646 0.148428168 0.153598487 
16     0.158713561 0.165057494 0.169088804 0.216673757 0.210818407 0.165932038 0.175866442 0.177767373 0.188496222 0.190693213 0.127822150 0.125469680 0.000000000 0.069689856 0.162935377 0.133297553 0.130899351 0.191919482 0.189239434 0.188670363 0.199016186 0.195593773 0.216430486 0.177219538 0.164128032 0.159735587 0.194435751 0.168013901 0.176323397 0.182189551 0.209389323 0.282019646 0.282033434 0.200977522 0.197848683 0.161194132 0.164168937 0.162305767 0.205671968 0.236289527 0.217686163 0.239503744 0.243629468 0.218599401 0.208492632 0.202913364 0.205832216 0.206942518 0.201270798 0.200178522 0.205720163 
25     0.158799438 0.164608418 0.168103360 0.215274964 0.209493364 0.164623923 0.174405365 0.174848474 0.187381951 0.188823378 0.127830880 0.125532281 0.069689856 0.000000000 0.162622408 0.132752420 0.129649325 0.190350549 0.186629136 0.186267317 0.197658579 0.195291534 0.216085383 0.176161108 0.163726721 0.159152973 0.193792864 0.166996508 0.174771877 0.180782180 0.207464337 0.280951393 0.280916984 0.200449168 0.196119723 0.159267214 0.163368004 0.160687855 0.204935585 0.235730080 0.216319640 0.238114374 0.242223878 0.216831116 0.207056767 0.201692174 0.204547956 0.205288953 0.199905038 0.198826252 0.203316119 
18     0.130168991 0.134896602 0.138516541 0.187791005 0.182211288 0.137223732 0.149314659 0.149601071 0.161506153 0.165122538 0.114657910 0.112283652 0.162935377 0.162622408 0.000000000 0.104795906 0.101429767 0.160803235 0.157632990 0.157818262 0.168297696 0.165761588 0.186566264 0.146904806 0.136250025 0.131676340 0.164857918 0.139114216 0.146366455 0.153131434 0.181994509 0.253476402 0.254244976 0.172236058 0.168062677 0.132406549 0.136372842 0.132788323 0.178154008 0.211012032 0.190890939 0.212318803 0.216232188 0.190986683 0.181275873 0.176703746 0.179814678 0.182044204 0.177053013 0.175878064 0.177890073 
4     0.090130474 0.095972094 0.095874914 0.145503106 0.138913730 0.095382367 0.106877348 0.107491929 0.118503916 0.123897156 0.082675722 0.080322715 0.133297553 0.132752420 0.104795906 0.000000000 0.049383664 0.122742799 0.118507859 0.118780111 0.127733996 0.126949890 0.147914108 0.108144158 0.096778983 0.092035038 0.126891638 0.099915432 0.106515488 0.114634525 0.140181260 0.213611033 0.214565638 0.132463978 0.125578571 0.091189951 0.093469769 0.091594742 0.135794092 0.168134213 0.148272826 0.171180502 0.175399916 0.148580118 0.141073652 0.136371222 0.139351470 0.141500802 0.135120153 0.133819030 0.134377983 
21     0.089553330 0.093194484 0.093778713 0.140903925 0.135389730 0.090289835 0.104148160 0.105316070 0.118444109 0.120084647 0.080726532 0.078287208 0.130899351 0.129649325 0.101429767 0.049383664 0.000000000 0.116732252 0.110951871 0.110806258 0.121037418 0.123658918 0.144260660 0.104987725 0.092441577 0.087897440 0.121624803 0.095103458 0.102045326 0.108315610 0.136794046 0.208962733 0.210285470 0.129179764 0.122325549 0.087082644 0.091547457 0.088354217 0.131858905 0.164093742 0.144820869 0.165214590 0.170087309 0.145580414 0.136723174 0.131400767 0.135393954 0.135243365 0.129640606 0.128203451 0.129822430 
19     0.144349336 0.148103812 0.150108159 0.195580110 0.192239331 0.147018201 0.167736634 0.169979691 0.180927798 0.182659599 0.138358409 0.135996314 0.191919482 0.190350549 0.160803235 0.122742799 0.116732252 0.000000000 0.089220721 0.091365293 0.099334064 0.178387251 0.198659279 0.160476179 0.144111795 0.139430887 0.173148479 0.147913568 0.154574249 0.162872641 0.189743062 0.264530369 0.265970785 0.183717876 0.174552505 0.141921928 0.145833629 0.145271317 0.186755402 0.220402535 0.199247942 0.220466926 0.224506077 0.199428102 0.190724431 0.186652179 0.189608786 0.188726123 0.183866872 0.182589703 0.189299033 
11     0.139266262 0.144260235 0.146633202 0.190239811 0.186478619 0.143956502 0.162169879 0.163058144 0.176150866 0.178929756 0.136075103 0.133652855 0.189239434 0.186629136 0.157632990 0.118507859 0.110951871 0.089220721 0.000000000 0.016510489 0.048000504 0.176491464 0.197364681 0.158144916 0.140833231 0.135927851 0.169701839 0.144836950 0.152621878 0.158471164 0.187068894 0.262227660 0.262238794 0.180803532 0.172907557 0.139079056 0.142903957 0.140991973 0.182574624 0.214600499 0.193065111 0.215326036 0.219457343 0.195495433 0.189176936 0.182749523 0.185146640 0.186017950 0.180622851 0.179232818 0.183438501 
22     0.139207177 0.144566753 0.146538397 0.189585474 0.186443743 0.143957330 0.162791747 0.164322168 0.176677724 0.178861313 0.136126592 0.133739747 0.188670363 0.186267317 0.157818262 0.118780111 0.110806258 0.091365293 0.016510489 0.000000000 0.050073906 0.176265967 0.197018405 0.157492172 0.141054684 0.136099897 0.170239002 0.144849228 0.152831440 0.158758119 0.187109576 0.261935892 0.261910331 0.181320061 0.172554223 0.138783030 0.142685758 0.140570599 0.182356815 0.214227827 0.193648190 0.216391607 0.220036278 0.196299394 0.189352541 0.182806943 0.185177998 0.185940089 0.181162524 0.179772305 0.182504476 
20     0.147324243 0.151259324 0.154875615 0.199581536 0.195539317 0.153165531 0.174628729 0.176695314 0.187351087 0.190348362 0.146501492 0.144104506 0.199016186 0.197658579 0.168297696 0.127733996 0.121037418 0.099334064 0.048000504 0.050073906 0.000000000 0.186956969 0.207889975 0.168515395 0.150432147 0.145666782 0.179858676 0.153792957 0.161530242 0.169285741 0.197807002 0.271503629 0.272125002 0.191696169 0.182340876 0.148980868 0.153095290 0.152834033 0.192554886 0.225970303 0.204869515 0.226277622 0.230841489 0.206669551 0.199811107 0.192381436 0.196910543 0.197378921 0.192302523 0.190800110 0.194673328 
8     0.143354230 0.150284283 0.151507709 0.199531757 0.195152075 0.147923368 0.172270737 0.171575709 0.184247543 0.186434233 0.143979992 0.141699280 0.195593773 0.195291534 0.165761588 0.126949890 0.123658918 0.178387251 0.176491464 0.176265967 0.186956969 0.000000000 0.099092071 0.092407782 0.147836339 0.143403043 0.176325799 0.153377587 0.158747214 0.166541294 0.190714140 0.265163346 0.265391202 0.182265620 0.178564220 0.142153640 0.145687971 0.143217136 0.186514042 0.219380383 0.198470827 0.217733446 0.221904491 0.197434821 0.191626543 0.186826767 0.189685238 0.189423564 0.185915392 0.184844595 0.189669444 
27     0.163886915 0.170472510 0.171938510 0.220019787 0.215646993 0.169322787 0.193510246 0.193426224 0.204245874 0.206270571 0.165100817 0.162790379 0.216430486 0.216085383 0.186566264 0.147914108 0.144260660 0.198659279 0.197364681 0.197018405 0.207889975 0.099092071 0.000000000 0.112736977 0.168174693 0.163760424 0.196390262 0.173161393 0.178440263 0.186805086 0.211547829 0.284943343 0.284842245 0.203408643 0.198403366 0.162862193 0.166773822 0.163342588 0.206552902 0.240067446 0.218410129 0.238928754 0.243024666 0.218564454 0.211682091 0.207264064 0.210886599 0.209936046 0.206720108 0.205695320 0.209832495 
10     0.123897083 0.131191907 0.133507210 0.180376028 0.175926917 0.130379464 0.153175260 0.152984779 0.164906867 0.167373757 0.125804907 0.123522035 0.177219538 0.176161108 0.146904806 0.108144158 0.104987725 0.160476179 0.158144916 0.157492172 0.168515395 0.092407782 0.112736977 0.000000000 0.129103585 0.124275275 0.157678224 0.134771843 0.139697382 0.146152127 0.172942014 0.246514068 0.246754945 0.165232939 0.159515905 0.124255407 0.128411598 0.125150489 0.170310158 0.202803921 0.181573183 0.199762313 0.203961181 0.179099741 0.174873921 0.170619692 0.173342297 0.173004416 0.169883489 0.168750797 0.170816826 
5     0.100556991 0.106137082 0.105460283 0.151985287 0.146006536 0.102365545 0.141829622 0.142143016 0.154712415 0.155029692 0.115521551 0.113115314 0.164128032 0.163726721 0.136250025 0.096778983 0.092441577 0.144111795 0.140833231 0.141054684 0.150432147 0.147836339 0.168174693 0.129103585 0.000000000 0.012160469 0.084969731 0.072630982 0.079894242 0.100543962 0.139837389 0.216092304 0.215342222 0.133261506 0.126136053 0.094110717 0.097872430 0.094820361 0.136431690 0.171227271 0.147238400 0.169022580 0.172699511 0.147004092 0.139929616 0.136435085 0.135879115 0.140015025 0.134923090 0.133574308 0.142799402 
15     0.096346528 0.101898986 0.101642317 0.146967586 0.141459835 0.097966082 0.138394466 0.137965202 0.151076210 0.151366879 0.110814896 0.108431358 0.159735587 0.159152973 0.131676340 0.092035038 0.087897440 0.139430887 0.135927851 0.136099897 0.145666782 0.143403043 0.163760424 0.124275275 0.012160469 0.000000000 0.079655999 0.067922389 0.074763045 0.095904397 0.135487325 0.212207988 0.211071372 0.128822821 0.121412831 0.089373961 0.092778171 0.089655185 0.131779500 0.166548175 0.142639018 0.163913468 0.167585726 0.141835534 0.134657573 0.131854957 0.131516811 0.135420706 0.130284454 0.128935672 0.138350262 
14     0.127330952 0.135296353 0.134383523 0.180288760 0.174708155 0.132134523 0.170750987 0.170075463 0.183121360 0.183928531 0.142876493 0.140467822 0.194435751 0.193792864 0.164857918 0.126891638 0.121624803 0.173148479 0.169701839 0.170239002 0.179858676 0.176325799 0.196390262 0.157678224 0.084969731 0.079655999 0.000000000 0.097341628 0.103339858 0.126089139 0.170288702 0.246021760 0.245541391 0.162366452 0.155102090 0.124540036 0.127758548 0.124068537 0.166145860 0.198278701 0.177541056 0.199983136 0.203731548 0.177553147 0.170987210 0.166804039 0.167973427 0.169397648 0.165878871 0.164631171 0.171685373 
12     0.101989836 0.108377083 0.109233627 0.154972064 0.150851363 0.107462468 0.145467810 0.144004474 0.158297873 0.159106509 0.116997914 0.114722458 0.168013901 0.166996508 0.139114216 0.099915432 0.095103458 0.147913568 0.144836950 0.144849228 0.153792957 0.153377587 0.173161393 0.134771843 0.072630982 0.067922389 0.097341628 0.000000000 0.060947336 0.099762615 0.145502732 0.219334409 0.218439395 0.139963241 0.129234699 0.097451192 0.101505334 0.099015296 0.141846176 0.171741729 0.151736214 0.175983299 0.180010784 0.153215239 0.145768697 0.140866263 0.141462651 0.144087476 0.140153790 0.138682875 0.142811696 
17     0.109288443 0.115834032 0.115771917 0.160973431 0.157286274 0.112721035 0.151894297 0.151376714 0.164246057 0.164402671 0.124092357 0.121802025 0.176323397 0.174771877 0.146366455 0.106515488 0.102045326 0.154574249 0.152621878 0.152831440 0.161530242 0.158747214 0.178440263 0.139697382 0.079894242 0.074763045 0.103339858 0.060947336 0.000000000 0.109051356 0.152653532 0.227064481 0.226943619 0.148352975 0.139228692 0.106923195 0.111661833 0.108402856 0.148743105 0.181037332 0.161304813 0.184121151 0.187976685 0.161052014 0.151685124 0.146350215 0.148352863 0.151626557 0.147129330 0.146023215 0.153318025 
26     0.116906865 0.124614713 0.125485073 0.168290941 0.164063615 0.118679949 0.155441684 0.155539742 0.169356977 0.171083257 0.130892522 0.128516540 0.182189551 0.180782180 0.153131434 0.114634525 0.108315610 0.162872641 0.158471164 0.158758119 0.169285741 0.166541294 0.186805086 0.146152127 0.100543962 0.095904397 0.126089139 0.099762615 0.109051356 0.000000000 0.158845054 0.232549043 0.232013781 0.152584227 0.143550724 0.114541812 0.115140429 0.114048002 0.156762258 0.184708967 0.164152332 0.188109212 0.192307030 0.165939542 0.158274862 0.153177740 0.156279543 0.158793644 0.152581206 0.151638406 0.158712749 
33     0.143744173 0.152800527 0.148007678 0.198746235 0.192245836 0.146051644 0.185643627 0.184785591 0.197955143 0.200570753 0.161296501 0.159024714 0.209389323 0.207464337 0.181994509 0.140181260 0.136794046 0.189743062 0.187068894 0.187109576 0.197807002 0.190714140 0.211547829 0.172942014 0.139837389 0.135487325 0.170288702 0.145502732 0.152653532 0.158845054 0.000000000 0.218173404 0.218190421 0.139667703 0.136000299 0.102229956 0.104352713 0.101305478 0.149772741 0.177037157 0.158569683 0.183432298 0.186985773 0.160330528 0.147191207 0.143885069 0.145258233 0.148912857 0.144456810 0.143209060 0.174808253 
41     0.217181443 0.226047072 0.223637515 0.272374660 0.265699562 0.217345735 0.257820368 0.256436311 0.269266681 0.270211977 0.233624041 0.231113252 0.282019646 0.280951393 0.253476402 0.213611033 0.208962733 0.264530369 0.262227660 0.261935892 0.271503629 0.265163346 0.284943343 0.246514068 0.216092304 0.212207988 0.246021760 0.219334409 0.227064481 0.232549043 0.218173404 0.000000000 0.057383551 0.216613527 0.210460486 0.176165037 0.180555243 0.176757104 0.224331895 0.254608529 0.236654977 0.262136541 0.265906438 0.236409914 0.225118703 0.220400959 0.222123525 0.226893373 0.222397971 0.221171865 0.250000244 
43     0.217735621 0.226337321 0.224397648 0.272754619 0.266605917 0.218651695 0.259177488 0.258060464 0.270452399 0.271598069 0.234456269 0.231945481 0.282033434 0.280916984 0.254244976 0.214565638 0.210285470 0.265970785 0.262238794 0.261910331 0.272125002 0.265391202 0.284842245 0.246754945 0.215342222 0.211071372 0.245541391 0.218439395 0.226943619 0.232013781 0.218190421 0.057383551 0.000000000 0.215743712 0.209654405 0.175384591 0.179942614 0.176103282 0.223920638 0.253791746 0.235624794 0.261026131 0.264815867 0.235221788 0.224214720 0.219479715 0.220745772 0.226447205 0.221805427 0.220571069 0.250659567 
35     0.132896091 0.146171297 0.140407939 0.190961789 0.184552651 0.137610847 0.177814040 0.176636763 0.190949822 0.191061722 0.153717410 0.151327104 0.200977522 0.200449168 0.172236058 0.132463978 0.129179764 0.183717876 0.180803532 0.181320061 0.191696169 0.182265620 0.203408643 0.165232939 0.133261506 0.128822821 0.162366452 0.139963241 0.148352975 0.152584227 0.139667703 0.216613527 0.215743712 0.000000000 0.127873589 0.096402785 0.095912085 0.094610502 0.142812851 0.170319589 0.146761587 0.171908787 0.175620685 0.150604495 0.140114605 0.136647118 0.138319523 0.141047473 0.137954571 0.136750512 0.165858734 
49     0.128009171 0.138237431 0.134135649 0.183283657 0.176523662 0.132253793 0.170938963 0.170827600 0.182237638 0.184024358 0.147952122 0.145716831 0.197848683 0.196119723 0.168062677 0.125578571 0.122325549 0.174552505 0.172907557 0.172554223 0.182340876 0.178564220 0.198403366 0.159515905 0.126136053 0.121412831 0.155102090 0.129234699 0.139228692 0.143550724 0.136000299 0.210460486 0.209654405 0.127873589 0.000000000 0.079961849 0.080907755 0.076889935 0.135600027 0.164078924 0.140231488 0.166670537 0.170611316 0.143623074 0.134976036 0.130935483 0.134049365 0.136426909 0.130217938 0.128983338 0.160762083 
40     0.096839074 0.104464989 0.101286927 0.149355209 0.144294093 0.095984313 0.136565341 0.135867477 0.148001073 0.149850099 0.111626342 0.109216970 0.161194132 0.159267214 0.132406549 0.091189951 0.087082644 0.141921928 0.139079056 0.138783030 0.148980868 0.142153640 0.162862193 0.124255407 0.094110717 0.089373961 0.124540036 0.097451192 0.106923195 0.114541812 0.102229956 0.176165037 0.175384591 0.096402785 0.079961849 0.000000000 0.033076090 0.030282392 0.105484072 0.134118349 0.112540933 0.137649351 0.141740716 0.115584797 0.105386345 0.100912998 0.102591952 0.103730254 0.098991690 0.097650140 0.129531654 
39     0.097606295 0.108251043 0.104416440 0.153708611 0.146222141 0.099864280 0.139236159 0.138352344 0.151386253 0.152368249 0.114660605 0.112238914 0.164168937 0.163368004 0.136372842 0.093469769 0.091547457 0.145833629 0.142903957 0.142685758 0.153095290 0.145687971 0.166773822 0.128411598 0.097872430 0.092778171 0.127758548 0.101505334 0.111661833 0.115140429 0.104352713 0.180555243 0.179942614 0.095912085 0.080907755 0.033076090 0.000000000 0.032045880 0.105831886 0.132835147 0.114490181 0.138747574 0.142810950 0.116442592 0.104973367 0.101685024 0.102387219 0.105009085 0.099983108 0.098698213 0.133390090 
31     0.096302514 0.105396512 0.100925951 0.150231451 0.142931437 0.099782000 0.136960864 0.135492340 0.148577294 0.149696163 0.112482476 0.110083917 0.162305767 0.160687855 0.132788323 0.091594742 0.088354217 0.145271317 0.140991973 0.140570599 0.152834033 0.143217136 0.163342588 0.125150489 0.094820361 0.089655185 0.124068537 0.099015296 0.108402856 0.114048002 0.101305478 0.176757104 0.176103282 0.094610502 0.076889935 0.030282392 0.032045880 0.000000000 0.102502983 0.129938236 0.111914373 0.137024874 0.141080679 0.114439798 0.103013509 0.098310288 0.099789564 0.101976058 0.098534694 0.097259793 0.132420763 
44     0.141217098 0.147070868 0.143201900 0.195700419 0.185865351 0.140983424 0.184591005 0.182165105 0.195771578 0.198339596 0.156383248 0.154069737 0.205671968 0.204935585 0.178154008 0.135794092 0.131858905 0.186755402 0.182574624 0.182356815 0.192554886 0.186514042 0.206552902 0.170310158 0.136431690 0.131779500 0.166145860 0.141846176 0.148743105 0.156762258 0.149772741 0.224331895 0.223920638 0.142812851 0.135600027 0.105484072 0.105831886 0.102502983 0.000000000 0.163329773 0.141468581 0.166379212 0.170164331 0.141974919 0.132868939 0.129907507 0.128877199 0.133003985 0.127768782 0.126233014 0.170258833 
42     0.170954688 0.179843697 0.173851299 0.225512980 0.217002811 0.174473311 0.215174238 0.212889523 0.227894820 0.230246453 0.189897264 0.187604350 0.236289527 0.235730080 0.211012032 0.168134213 0.164093742 0.220402535 0.214600499 0.214227827 0.225970303 0.219380383 0.240067446 0.202803921 0.171227271 0.166548175 0.198278701 0.171741729 0.181037332 0.184708967 0.177037157 0.254608529 0.253791746 0.170319589 0.164078924 0.134118349 0.132835147 0.129938236 0.163329773 0.000000000 0.160984759 0.183298483 0.186898878 0.161265288 0.152756067 0.145389652 0.150178702 0.149601952 0.144862688 0.143718851 0.198933291 
34     0.149860320 0.158344943 0.153080249 0.204993006 0.197294884 0.152882200 0.194201493 0.192513969 0.206765973 0.206486669 0.169828056 0.167279841 0.217686163 0.216319640 0.190890939 0.148272826 0.144820869 0.199247942 0.193065111 0.193648190 0.204869515 0.198470827 0.218410129 0.181573183 0.147238400 0.142639018 0.177541056 0.151736214 0.161304813 0.164152332 0.158569683 0.236654977 0.235624794 0.146761587 0.140231488 0.112540933 0.114490181 0.111914373 0.141468581 0.160984759 0.000000000 0.103078496 0.105750749 0.078592555 0.112376905 0.111003507 0.110028000 0.109114943 0.103974328 0.102790853 0.178486003 
50     0.172651573 0.182029680 0.180130083 0.229045464 0.222591894 0.176399169 0.216702154 0.216373388 0.228715554 0.229501901 0.191353780 0.189174810 0.239503744 0.238114374 0.212318803 0.171180502 0.165214590 0.220466926 0.215326036 0.216391607 0.226277622 0.217733446 0.238928754 0.199762313 0.169022580 0.163913468 0.199983136 0.175983299 0.184121151 0.188109212 0.183432298 0.262136541 0.261026131 0.171908787 0.166670537 0.137649351 0.138747574 0.137024874 0.166379212 0.183298483 0.103078496 0.000000000 0.042281211 0.078435919 0.134207944 0.133622219 0.134102969 0.133908256 0.129967749 0.128722304 0.204131689 
46     0.176451030 0.186021426 0.183709397 0.232899595 0.226524344 0.180307439 0.221683705 0.221090399 0.233222336 0.234097882 0.194653537 0.192308343 0.243629468 0.242223878 0.216232188 0.175399916 0.170087309 0.224506077 0.219457343 0.220036278 0.230841489 0.221904491 0.243024666 0.203961181 0.172699511 0.167585726 0.203731548 0.180010784 0.187976685 0.192307030 0.186985773 0.265906438 0.264815867 0.175620685 0.170611316 0.141740716 0.142810950 0.141080679 0.170164331 0.186898878 0.105750749 0.042281211 0.000000000 0.081909547 0.138561357 0.136986570 0.137728855 0.137598742 0.134575575 0.133330130 0.207337775 
36     0.150573189 0.159117988 0.157535951 0.208766893 0.199402086 0.154995422 0.195828102 0.193626410 0.207288196 0.207336243 0.170005200 0.167514702 0.218599401 0.216831116 0.190986683 0.148580118 0.145580414 0.199428102 0.195495433 0.196299394 0.206669551 0.197434821 0.218564454 0.179099741 0.147004092 0.141835534 0.177553147 0.153215239 0.161052014 0.165939542 0.160330528 0.236409914 0.235221788 0.150604495 0.143623074 0.115584797 0.116442592 0.114439798 0.141974919 0.161265288 0.078592555 0.078435919 0.081909547 0.000000000 0.111953448 0.110730935 0.109801438 0.110873150 0.106603112 0.105435293 0.181371427 
37     0.142070665 0.152540911 0.148866012 0.199619784 0.191891798 0.144970195 0.186489146 0.184184984 0.197374288 0.198001295 0.160790408 0.158053328 0.208492632 0.207056767 0.181275873 0.141073652 0.136723174 0.190724431 0.189176936 0.189352541 0.199811107 0.191626543 0.211682091 0.174873921 0.139929616 0.134657573 0.170987210 0.145768697 0.151685124 0.158274862 0.147191207 0.225118703 0.224214720 0.140114605 0.134976036 0.105386345 0.104973367 0.103013509 0.132868939 0.152756067 0.112376905 0.134207944 0.138561357 0.111953448 0.000000000 0.040805736 0.070786761 0.094775969 0.087611159 0.086432596 0.172969427 
48     0.138116262 0.148162586 0.143682672 0.194369397 0.186772176 0.139542650 0.181097963 0.178870848 0.192886059 0.193668624 0.154113675 0.151394617 0.202913364 0.201692174 0.176703746 0.136371222 0.131400767 0.186652179 0.182749523 0.182806943 0.192381436 0.186826767 0.207264064 0.170619692 0.136435085 0.131854957 0.166804039 0.140866263 0.146350215 0.153177740 0.143885069 0.220400959 0.219479715 0.136647118 0.130935483 0.100912998 0.101685024 0.098310288 0.129907507 0.145389652 0.111003507 0.133622219 0.136986570 0.110730935 0.040805736 0.000000000 0.069948937 0.091638660 0.084548591 0.083383920 0.167489660 
47     0.140102471 0.150871746 0.148812440 0.198180473 0.188205167 0.143996395 0.184613650 0.183197123 0.196025393 0.196588968 0.158045969 0.155507834 0.205832216 0.204547956 0.179814678 0.139351470 0.135393954 0.189608786 0.185146640 0.185177998 0.196910543 0.189685238 0.210886599 0.173342297 0.135879115 0.131516811 0.167973427 0.141462651 0.148352863 0.156279543 0.145258233 0.222123525 0.220745772 0.138319523 0.134049365 0.102591952 0.102387219 0.099789564 0.128877199 0.150178702 0.110028000 0.134102969 0.137728855 0.109801438 0.070786761 0.069948937 0.000000000 0.088744299 0.082081570 0.080820856 0.170717233 
32     0.143782883 0.153547343 0.147366596 0.198079549 0.189258839 0.143614794 0.183773962 0.182030976 0.195628731 0.196846339 0.157571105 0.155182181 0.206942518 0.205288953 0.182044204 0.141500802 0.135243365 0.188726123 0.186017950 0.185940089 0.197378921 0.189423564 0.209936046 0.173004416 0.140015025 0.135420706 0.169397648 0.144087476 0.151626557 0.158793644 0.148912857 0.226893373 0.226447205 0.141047473 0.136426909 0.103730254 0.105009085 0.101976058 0.133003985 0.149601952 0.109114943 0.133908256 0.137598742 0.110873150 0.094775969 0.091638660 0.088744299 0.000000000 0.059196127 0.058180284 0.170666382 
38     0.139876078 0.149678086 0.143821065 0.194449817 0.186133807 0.139505024 0.178248007 0.178034449 0.192509794 0.191032423 0.151999737 0.149503646 0.201270798 0.199905038 0.177053013 0.135120153 0.129640606 0.183866872 0.180622851 0.181162524 0.192302523 0.185915392 0.206720108 0.169883489 0.134923090 0.130284454 0.165878871 0.140153790 0.147129330 0.152581206 0.144456810 0.222397971 0.221805427 0.137954571 0.130217938 0.098991690 0.099983108 0.098534694 0.127768782 0.144862688 0.103974328 0.129967749 0.134575575 0.106603112 0.087611159 0.084548591 0.082081570 0.059196127 0.000000000 0.004712914 0.165764020 
45     0.138363868 0.148359324 0.142775105 0.193596106 0.185347902 0.138548522 0.176972572 0.176755666 0.191383462 0.189746656 0.150924258 0.148428168 0.200178522 0.198826252 0.175878064 0.133819030 0.128203451 0.182589703 0.179232818 0.179772305 0.190800110 0.184844595 0.205695320 0.168750797 0.133574308 0.128935672 0.164631171 0.138682875 0.146023215 0.151638406 0.143209060 0.221171865 0.220571069 0.136750512 0.128983338 0.097650140 0.098698213 0.097259793 0.126233014 0.143718851 0.102790853 0.128722304 0.133330130 0.105435293 0.086432596 0.083383920 0.080820856 0.058180284 0.004712914 0.000000000 0.164658419 
0     0.134480341 0.147083376 0.145077000 0.193359835 0.187473439 0.142830502 0.182909393 0.182930632 0.193669608 0.197514807 0.155863482 0.153598487 0.205720163 0.203316119 0.177890073 0.134377983 0.129822430 0.189299033 0.183438501 0.182504476 0.194673328 0.189669444 0.209832495 0.170816826 0.142799402 0.138350262 0.171685373 0.142811696 0.153318025 0.158712749 0.174808253 0.250000244 0.250659567 0.165858734 0.160762083 0.129531654 0.133390090 0.132420763 0.170258833 0.198933291 0.178486003 0.204131689 0.207337775 0.181371427 0.172969427 0.167489660 0.170717233 0.170666382 0.165764020 0.164658419 0.000000000 
