51
14     0.000000000 0.787120861 0.902008052 0.839134266 0.809724490 0.976833635 1.255539355 1.435095517 1.379581834 1.338510175 1.350494688 0.760265473 0.721267698 0.726624516 0.729630471 0.935276980 0.879534580 0.899053366 0.956191623 1.113439465 0.876031722 0.873012620 0.771460914 0.972428322 0.933016653 1.019683086 1.069920948 1.074071116 0.975996427 0.949035379 1.046362939 1.036903842 1.054275493 1.019291182 1.034646500 1.047505986 1.158132803 0.994748760 1.149743208 1.186271625 1.265377785 1.114980755 1.371151395 1.203725199 1.130235385 1.153699051 1.103257541 1.243944155 1.243829398 0.924433039 2.661703553 
9     0.787120861 0.000000000 0.446554749 0.383485244 0.507375248 0.675167551 0.955187986 1.134577060 1.079043172 1.038178276 1.050812406 0.556580372 0.517657052 0.523169761 0.526175715 0.736681247 0.681088683 0.701039232 0.758272104 0.967727373 0.730592419 0.727573318 0.625140831 0.825314466 0.785418168 1.110109372 1.160347234 1.164497402 1.066376337 1.039415290 1.136742134 1.127283036 1.144654688 1.109670376 1.125025694 1.137885180 1.248568642 1.084934826 1.240219777 1.276748194 1.355854354 1.206345544 1.462565751 1.295089988 1.221600175 1.245063841 1.194622331 1.333961256 1.333846498 1.015631555 2.751737578 
21     0.902008052 0.446554749 0.000000000 0.299678993 0.621682316 0.788777034 1.068782167 1.246047819 1.191311601 1.150578671 1.163175707 0.671592129 0.632668809 0.638215483 0.641221437 0.854481462 0.798888898 0.819001698 0.876234570 1.080621873 0.843728133 0.840709031 0.738559278 0.938929325 0.899033026 1.225618251 1.275856112 1.280006281 1.181885216 1.154924169 1.252251012 1.242791915 1.260163566 1.225179255 1.240534573 1.253394058 1.364077521 1.200443704 1.355728656 1.392257072 1.471363233 1.321854423 1.578074629 1.410598867 1.337109053 1.360572719 1.310131209 1.449470134 1.449355377 1.131140434 2.867174857 
24     0.839134266 0.383485244 0.299678993 0.000000000 0.557221261 0.724588471 1.004518887 1.182119947 1.127383729 1.086370206 1.098967242 0.608548097 0.569624777 0.575171451 0.578177405 0.791371153 0.735778589 0.756022813 0.813255684 1.017690407 0.780796666 0.777777565 0.675618383 0.875988430 0.836092132 1.162744465 1.212982326 1.217132495 1.119011430 1.092050383 1.189377226 1.179918129 1.197289780 1.162305469 1.177660787 1.190520272 1.301203735 1.137569918 1.292854870 1.329383286 1.408489447 1.258980637 1.515200844 1.347725081 1.274235267 1.297698933 1.247257423 1.386596349 1.386481591 1.068266648 2.804301071 
16     0.809724490 0.507375248 0.621682316 0.557221261 0.000000000 0.468694885 0.897698282 1.074777090 1.018911778 0.978479936 0.990256382 0.578003858 0.539086216 0.544632890 0.547638844 0.757037946 0.701497970 0.721374922 0.778629397 0.988172118 0.751041252 0.748022150 0.644769555 0.843849215 0.803952917 1.132054121 1.182291983 1.186442151 1.088321086 1.061360039 1.158686883 1.149227785 1.166599437 1.131615125 1.146970443 1.159829929 1.270513391 1.106879575 1.262164526 1.298692943 1.377799103 1.228290293 1.484510500 1.317034737 1.243544924 1.267008590 1.216567080 1.355906005 1.355791247 1.037576304 2.774558474 
19     0.976833635 0.675167551 0.788777034 0.724588471 0.468694885 0.000000000 1.064051153 1.240571665 1.184790357 1.144037824 1.155842866 0.745989326 0.707071683 0.712618357 0.715624311 0.923404879 0.867864902 0.887563356 0.944817830 1.154182206 0.917051339 0.914032238 0.811341562 1.011026893 0.971130595 1.299275639 1.349513500 1.353663669 1.255542604 1.228581557 1.325908400 1.316449303 1.333820954 1.298836643 1.314191961 1.327051446 1.437734909 1.274101092 1.429386044 1.465914460 1.545020621 1.395511811 1.651732017 1.484256255 1.410766441 1.434230107 1.383788597 1.523127523 1.523012765 1.204797822 2.941395107 
3     1.255539355 0.955187986 1.068782167 1.004518887 0.897698282 1.064051153 0.000000000 1.005286050 0.950348214 0.894115058 0.911995709 1.029753514 0.990879770 0.996376868 0.999382823 1.205998406 1.150458430 1.170608351 1.227841223 1.433463570 1.196332704 1.193313603 1.092629965 1.291928847 1.252048939 1.578761348 1.628999209 1.633149378 1.535028313 1.508067265 1.605394109 1.595935012 1.613306663 1.578322351 1.593677670 1.606537155 1.717220618 1.553586801 1.708871752 1.745400169 1.824506330 1.674997520 1.931217726 1.763741964 1.690252150 1.713715816 1.663274306 1.802613231 1.802498474 1.484283531 3.220474199 
2     1.435095517 1.134577060 1.246047819 1.182119947 1.074777090 1.240571665 1.005286050 0.000000000 0.707266775 0.659127219 0.775471361 1.209716942 1.170843197 1.176340296 1.179346250 1.385928821 1.330388844 1.351498587 1.408731459 1.610643544 1.373508591 1.370489490 1.270904329 1.469847247 1.429967339 1.756677658 1.806915520 1.811065688 1.712944624 1.685983576 1.783310420 1.773851323 1.791222974 1.756238662 1.771593981 1.784453466 1.895136929 1.731503112 1.886788063 1.923316480 2.002422641 1.852913831 2.109134037 1.941658275 1.868168461 1.891632127 1.841190617 1.980529542 1.980414785 1.662199841 3.399100131 
5     1.379581834 1.079043172 1.191311601 1.127383729 1.018911778 1.184790357 0.950348214 0.707266775 0.000000000 0.502631491 0.734375852 1.153991552 1.115117808 1.120614906 1.123620860 1.330263473 1.274723496 1.295789657 1.353022529 1.555515528 1.318384662 1.315365560 1.215673845 1.414616763 1.374736855 1.701133434 1.751371295 1.755521464 1.657400399 1.630439352 1.727766195 1.718307098 1.735678750 1.700694438 1.716049756 1.728909242 1.839592704 1.675958888 1.831243839 1.867772256 1.946878416 1.797369606 2.053589813 1.886114050 1.812624236 1.836087902 1.785646392 1.924985318 1.924870560 1.606655617 3.343555906 
12     1.338510175 1.038178276 1.150578671 1.086370206 0.978479936 1.144037824 0.894115058 0.659127219 0.502631491 0.000000000 0.671203770 1.112881709 1.074007964 1.079505063 1.082511017 1.289235118 1.233695142 1.254761303 1.311994175 1.514461635 1.277330768 1.274311667 1.174601958 1.373544876 1.333664968 1.660061775 1.710299636 1.714449805 1.616328740 1.589367693 1.686694536 1.677235439 1.694607090 1.659622779 1.674978097 1.687837582 1.798521045 1.634887228 1.790172180 1.826700596 1.905806757 1.756297947 2.012518153 1.845042391 1.771552577 1.795016243 1.744574733 1.883913658 1.883798901 1.565583958 3.302484247 
1     1.350494688 1.050812406 1.163175707 1.098967242 0.990256382 1.155842866 0.911995709 0.775471361 0.734375852 0.671203770 0.000000000 1.124600218 1.085726473 1.091223572 1.094229526 1.300753681 1.245213704 1.266323996 1.323556867 1.526597475 1.289462521 1.286443420 1.186503190 1.385802072 1.345922165 1.672046288 1.722284150 1.726434318 1.628313254 1.601352206 1.698679050 1.689219953 1.706591604 1.671607292 1.686962611 1.699822096 1.810505559 1.646871742 1.802156693 1.838685110 1.917791271 1.768282461 2.024502667 1.857026904 1.783537091 1.807000757 1.756559247 1.895898172 1.895783415 1.577568471 3.314468761 
18     0.760265473 0.556580372 0.671592129 0.608548097 0.578003858 0.745989326 1.029753514 1.209716942 1.153991552 1.112881709 1.124600218 0.000000000 0.184888792 0.205163108 0.207189055 0.682733076 0.627005114 0.645337078 0.702539700 0.938373314 0.701526306 0.698507205 0.595306582 0.793642895 0.753729892 1.082243774 1.132481635 1.136631804 1.038510739 1.011549692 1.108876535 1.099417438 1.116789089 1.081804778 1.097160096 1.110019581 1.220703044 1.057069227 1.212354179 1.248882595 1.327988756 1.178479946 1.434700152 1.267224390 1.193734576 1.217198242 1.166756732 1.306095658 1.305980900 0.987765957 2.724939151 
22     0.721267698 0.517657052 0.632668809 0.569624777 0.539086216 0.707071683 0.990879770 1.170843197 1.115117808 1.074007964 1.085726473 0.184888792 0.000000000 0.166208551 0.167609974 0.643854231 0.588126269 0.606455046 0.663657668 0.899254110 0.662407101 0.659388000 0.556186092 0.754522406 0.714609403 1.043245999 1.093483860 1.097634028 0.999512964 0.972551916 1.069878760 1.060419663 1.077791314 1.042807002 1.058162321 1.071021806 1.181705269 1.018071452 1.173356403 1.209884820 1.288990981 1.139482171 1.395702377 1.228226615 1.154736801 1.178200467 1.127758957 1.267097882 1.266983125 0.948768182 2.685941376 
7     0.726624516 0.523169761 0.638215483 0.575171451 0.544632890 0.712618357 0.996376868 1.176340296 1.120614906 1.079505063 1.091223572 0.205163108 0.166208551 0.000000000 0.098259945 0.649256091 0.593528129 0.611859923 0.669062545 0.904641688 0.667794680 0.664775579 0.561573671 0.759909984 0.719996981 1.048602817 1.098840678 1.102990847 1.004869782 0.977908735 1.075235578 1.065776481 1.083148132 1.048163821 1.063519139 1.076378625 1.187062087 1.023428270 1.178713222 1.215241638 1.294347799 1.144838989 1.401059196 1.233583433 1.160093619 1.183557285 1.133115775 1.272454701 1.272339943 0.954125000 2.691298194 
10     0.729630471 0.526175715 0.641221437 0.578177405 0.547638844 0.715624311 0.999382823 1.179346250 1.123620860 1.082511017 1.094229526 0.207189055 0.167609974 0.098259945 0.000000000 0.652262045 0.596534083 0.614865877 0.672068499 0.907647642 0.670800634 0.667781533 0.564579625 0.762915938 0.723002935 1.051608771 1.101846633 1.105996801 1.007875736 0.980914689 1.078241532 1.068782435 1.086154087 1.051169775 1.066525093 1.079384579 1.190068041 1.026434225 1.181719176 1.218247593 1.297353753 1.147844943 1.404065150 1.236589387 1.163099573 1.186563239 1.136121730 1.275460655 1.275345897 0.957130954 2.694304149 
11     0.935276980 0.736681247 0.854481462 0.791371153 0.757037946 0.923404879 1.205998406 1.385928821 1.330263473 1.289235118 1.300753681 0.682733076 0.643854231 0.649256091 0.652262045 0.000000000 0.232994268 0.545453921 0.602874849 1.117077092 0.881075222 0.878056120 0.778546403 0.976067470 0.936154467 1.259359826 1.309597687 1.313747856 1.215626791 1.188665744 1.285992587 1.276533490 1.293905141 1.258920830 1.274276148 1.287135633 1.397819096 1.234185279 1.389470231 1.425998647 1.505104808 1.355595998 1.611816205 1.444340442 1.370850628 1.394314294 1.343872784 1.483211710 1.483096952 1.164882009 2.901775959 
20     0.879534580 0.681088683 0.798888898 0.735778589 0.701497970 0.867864902 1.150458430 1.330388844 1.274723496 1.233695142 1.245213704 0.627005114 0.588126269 0.593528129 0.596534083 0.232994268 0.000000000 0.485935136 0.544643899 1.061415257 0.825413387 0.822394285 0.722734476 0.920414751 0.880501748 1.203617426 1.253855287 1.258005456 1.159884391 1.132923344 1.230250187 1.220791090 1.238162741 1.203178430 1.218533748 1.231393233 1.342076696 1.178442879 1.333727831 1.370256247 1.449362408 1.299853598 1.556073804 1.388598042 1.315108228 1.338571894 1.288130384 1.427469310 1.427354552 1.109139609 2.846033559 
8     0.899053366 0.701039232 0.819001698 0.756022813 0.721374922 0.887563356 1.170608351 1.351498587 1.295789657 1.254761303 1.266323996 0.645337078 0.606455046 0.611859923 0.614865877 0.545453921 0.485935136 0.000000000 0.303062841 1.081333782 0.845409934 0.842390832 0.742144803 0.939775525 0.899862522 1.223428727 1.273666588 1.277816757 1.179695692 1.152734645 1.250061488 1.240602391 1.257974042 1.222989731 1.238345049 1.251204534 1.361887997 1.198254180 1.353539132 1.390067548 1.469173709 1.319664899 1.575885105 1.408409343 1.334919529 1.358383195 1.307941685 1.447280611 1.447165853 1.128950910 2.865735291 
4     0.956191623 0.758272104 0.876234570 0.813255684 0.778629397 0.944817830 1.227841223 1.408731459 1.353022529 1.311994175 1.323556867 0.702539700 0.663657668 0.669062545 0.672068499 0.602874849 0.544643899 0.303062841 0.000000000 1.138496806 0.902572958 0.899553857 0.799283060 0.996913781 0.957000779 1.280566983 1.330804845 1.334955013 1.236833948 1.209872901 1.307199745 1.297740647 1.315112299 1.280127987 1.295483305 1.308342791 1.419026253 1.255392437 1.410677388 1.447205805 1.526311965 1.376803155 1.633023362 1.465547599 1.392057786 1.415521452 1.365079942 1.504418867 1.504304109 1.186089166 2.922873547 
23     1.113439465 0.967727373 1.080621873 1.017690407 0.988172118 1.154182206 1.433463570 1.610643544 1.555515528 1.514461635 1.526597475 0.938373314 0.899254110 0.904641688 0.907647642 1.117077092 1.061415257 1.081333782 1.138496806 0.000000000 0.733259646 0.729780498 0.948866936 1.147800827 1.107590658 1.430611645 1.480849507 1.484999675 1.386878610 1.359917563 1.457244407 1.447785309 1.465156961 1.430172649 1.445527967 1.458387453 1.569070915 1.405437099 1.560722050 1.597250467 1.676356627 1.526847817 1.783068024 1.615592261 1.542102448 1.565566114 1.515124604 1.654463529 1.654348771 1.336133828 3.073873397 
15     0.876031722 0.730592419 0.843728133 0.780796666 0.751041252 0.917051339 1.196332704 1.373508591 1.318384662 1.277330768 1.289462521 0.701526306 0.662407101 0.667794680 0.670800634 0.881075222 0.825413387 0.845409934 0.902572958 0.733259646 0.000000000 0.111574441 0.709690596 0.909244351 0.869034181 1.192920522 1.243158384 1.247308552 1.149187487 1.122226440 1.219553284 1.210094186 1.227465838 1.192481526 1.207836844 1.220696330 1.331379792 1.167745976 1.323030927 1.359559344 1.438665504 1.289156694 1.545376901 1.377901138 1.304411325 1.327874991 1.277433481 1.416772406 1.416657648 1.098442705 2.836198366 
6     0.873012620 0.727573318 0.840709031 0.777777565 0.748022150 0.914032238 1.193313603 1.370489490 1.315365560 1.274311667 1.286443420 0.698507205 0.659388000 0.664775579 0.667781533 0.878056120 0.822394285 0.842390832 0.899553857 0.729780498 0.111574441 0.000000000 0.706671494 0.906225249 0.866015079 1.189901421 1.240139282 1.244289451 1.146168386 1.119207339 1.216534182 1.207075085 1.224446737 1.189462425 1.204817743 1.217677229 1.328360691 1.164726875 1.320011826 1.356540243 1.435646403 1.286137593 1.542357800 1.374882037 1.301392223 1.324855889 1.274414379 1.413753305 1.413638547 1.095423604 2.833179265 
13     0.771460914 0.625140831 0.738559278 0.675618383 0.644769555 0.811341562 1.092629965 1.270904329 1.215673845 1.174601958 1.186503190 0.595306582 0.556186092 0.561573671 0.564579625 0.778546403 0.722734476 0.742144803 0.799283060 0.948866936 0.709690596 0.706671494 0.000000000 0.678198967 0.639321195 1.093461134 1.143698996 1.147849164 1.049728099 1.022767052 1.120093896 1.110634798 1.128006450 1.093022138 1.108377456 1.121236942 1.231920404 1.068286588 1.223571539 1.260099956 1.339206116 1.189697306 1.445917513 1.278441750 1.204951937 1.228415603 1.177974093 1.317313018 1.317198260 0.998983317 2.736124870 
17     0.972428322 0.825314466 0.938929325 0.875988430 0.843849215 1.011026893 1.291928847 1.469847247 1.414616763 1.373544876 1.385802072 0.793642895 0.754522406 0.759909984 0.762915938 0.976067470 0.920414751 0.939775525 0.996913781 1.147800827 0.909244351 0.906225249 0.678198967 0.000000000 0.308894696 1.292692612 1.342930473 1.347080642 1.248959577 1.221998530 1.319325373 1.309866276 1.327237927 1.292253616 1.307608934 1.320468420 1.431151882 1.267518065 1.422803017 1.459331433 1.538437594 1.388928784 1.645148991 1.477673228 1.404183414 1.427647080 1.377205570 1.516544496 1.516429738 1.198214795 2.935066604 
25     0.933016653 0.785418168 0.899033026 0.836092132 0.803952917 0.971130595 1.252048939 1.429967339 1.374736855 1.333664968 1.345922165 0.753729892 0.714609403 0.719996981 0.723002935 0.936154467 0.880501748 0.899862522 0.957000779 1.107590658 0.869034181 0.866015079 0.639321195 0.308894696 0.000000000 1.253282751 1.303520612 1.307670781 1.209549716 1.182588668 1.279915512 1.270456415 1.287828066 1.252843754 1.268199073 1.281058558 1.391742021 1.228108204 1.383393155 1.419921572 1.499027733 1.349518923 1.605739129 1.438263367 1.364773553 1.388237219 1.337795709 1.477134634 1.477019877 1.158804934 2.895656743 
36     1.019683086 1.110109372 1.225618251 1.162744465 1.132054121 1.299275639 1.578761348 1.756677658 1.701133434 1.660061775 1.672046288 1.082243774 1.043245999 1.048602817 1.051608771 1.259359826 1.203617426 1.223428727 1.280566983 1.430611645 1.192920522 1.189901421 1.093461134 1.292692612 1.253282751 0.000000000 0.183813219 0.187944937 0.488581486 0.460997819 0.554434293 0.545090707 0.558226625 0.523240477 0.538593358 0.551670554 0.686102576 0.525359123 0.679720009 0.716822433 0.795952217 0.763350448 1.019735751 0.851747338 0.778511666 0.801804836 0.751448727 0.894029428 0.893914670 0.586750389 2.764569705 
49     1.069920948 1.160347234 1.275856112 1.212982326 1.182291983 1.349513500 1.628999209 1.806915520 1.751371295 1.710299636 1.722284150 1.132481635 1.093483860 1.098840678 1.101846633 1.309597687 1.253855287 1.273666588 1.330804845 1.480849507 1.243158384 1.240139282 1.143698996 1.342930473 1.303520612 0.183813219 0.000000000 0.223570138 0.538656141 0.511072474 0.604604690 0.595261103 0.608369849 0.573383702 0.588736583 0.601813779 0.736225340 0.575292202 0.729844450 0.766946874 0.846076658 0.813544150 1.069929453 0.901941040 0.828705368 0.851998538 0.801642429 0.944223130 0.944108372 0.636944091 2.814807567 
44     1.074071116 1.164497402 1.280006281 1.217132495 1.186442151 1.353663669 1.633149378 1.811065688 1.755521464 1.714449805 1.726434318 1.136631804 1.097634028 1.102990847 1.105996801 1.313747856 1.258005456 1.277816757 1.334955013 1.484999675 1.247308552 1.244289451 1.147849164 1.347080642 1.307670781 0.187944937 0.223570138 0.000000000 0.543097008 0.515513341 0.608648821 0.599305235 0.612413981 0.577427833 0.592780714 0.605857911 0.740092024 0.579377339 0.733751677 0.770854101 0.849983885 0.817687234 1.074072537 0.906084124 0.832848452 0.856141622 0.805785514 0.948366214 0.948251456 0.641087175 2.818957735 
45     0.975996427 1.066376337 1.181885216 1.119011430 1.088321086 1.255542604 1.535028313 1.712944624 1.657400399 1.616328740 1.628313254 1.038510739 0.999512964 1.004869782 1.007875736 1.215626791 1.159884391 1.179695692 1.236833948 1.386878610 1.149187487 1.146168386 1.049728099 1.248959577 1.209549716 0.488581486 0.538656141 0.543097008 0.000000000 0.094656164 0.410454217 0.400831372 0.473971673 0.439068328 0.454350537 0.466950472 0.640774349 0.480919417 0.648083534 0.684083301 0.763055329 0.724538819 0.980626074 0.814011882 0.739829609 0.764027501 0.713619586 0.855949550 0.855834793 0.545759823 2.721198671 
27     0.949035379 1.039415290 1.154924169 1.092050383 1.061360039 1.228581557 1.508067265 1.685983576 1.630439352 1.589367693 1.601352206 1.011549692 0.972551916 0.977908735 0.980914689 1.188665744 1.132923344 1.152734645 1.209872901 1.359917563 1.122226440 1.119207339 1.022767052 1.221998530 1.182588668 0.460997819 0.511072474 0.515513341 0.094656164 0.000000000 0.381852515 0.372146866 0.447163341 0.412259995 0.427542204 0.440142140 0.613635927 0.453718131 0.620969852 0.657001689 0.735973716 0.697464245 0.953551500 0.786937308 0.712755035 0.736952926 0.686545012 0.828874976 0.828760219 0.518685249 2.694237624 
37     1.046362939 1.136742134 1.252251012 1.189377226 1.158686883 1.325908400 1.605394109 1.783310420 1.727766195 1.686694536 1.698679050 1.108876535 1.069878760 1.075235578 1.078241532 1.285992587 1.230250187 1.250061488 1.307199745 1.457244407 1.219553284 1.216534182 1.120093896 1.319325373 1.279915512 0.554434293 0.604604690 0.608648821 0.410454217 0.381852515 0.000000000 0.121420745 0.542210031 0.507313123 0.522693201 0.535160298 0.714286586 0.553638569 0.718442483 0.754723189 0.833724548 0.793398725 1.049485981 0.882457733 0.809222061 0.832473352 0.782065437 0.924008271 0.923893514 0.615168335 2.791473266 
30     1.036903842 1.127283036 1.242791915 1.179918129 1.149227785 1.316449303 1.595935012 1.773851323 1.718307098 1.677235439 1.689219953 1.099417438 1.060419663 1.065776481 1.068782435 1.276533490 1.220791090 1.240602391 1.297740647 1.447785309 1.210094186 1.207075085 1.110634798 1.309866276 1.270456415 0.545090707 0.595261103 0.599305235 0.400831372 0.372146866 0.121420745 0.000000000 0.532576537 0.497679630 0.513059707 0.525526804 0.704752806 0.544332563 0.709149574 0.745430279 0.824431638 0.783959921 1.040047176 0.873018929 0.799783257 0.823034548 0.772626633 0.914569467 0.914454709 0.605729531 2.782014169 
40     1.054275493 1.144654688 1.260163566 1.197289780 1.166599437 1.333820954 1.613306663 1.791222974 1.735678750 1.694607090 1.706591604 1.116789089 1.077791314 1.083148132 1.086154087 1.293905141 1.238162741 1.257974042 1.315112299 1.465156961 1.227465838 1.224446737 1.128006450 1.327237927 1.287828066 0.558226625 0.608369849 0.612413981 0.473971673 0.447163341 0.542210031 0.532576537 0.000000000 0.159816528 0.178102527 0.192052577 0.719425783 0.559969705 0.723281630 0.760047762 0.839509411 0.802070337 1.058157592 0.891547877 0.817365604 0.841563496 0.791155581 0.933298563 0.933183806 0.623810959 2.799130498 
26     1.019291182 1.109670376 1.225179255 1.162305469 1.131615125 1.298836643 1.578322351 1.756238662 1.700694438 1.659622779 1.671607292 1.081804778 1.042807002 1.048163821 1.051169775 1.258920830 1.203178430 1.222989731 1.280127987 1.430172649 1.192481526 1.189462425 1.093022138 1.292253616 1.252843754 0.523240477 0.573383702 0.577427833 0.439068328 0.412259995 0.507313123 0.497679630 0.159816528 0.000000000 0.102903152 0.133494010 0.684428510 0.524972432 0.688352762 0.725118895 0.804580544 0.767078177 1.023165432 0.856555717 0.782373444 0.806571336 0.756163421 0.898306403 0.898191646 0.588818799 2.764146186 
28     1.034646500 1.125025694 1.240534573 1.177660787 1.146970443 1.314191961 1.593677670 1.771593981 1.716049756 1.674978097 1.686962611 1.097160096 1.058162321 1.063519139 1.066525093 1.274276148 1.218533748 1.238345049 1.295483305 1.445527967 1.207836844 1.204817743 1.108377456 1.307608934 1.268199073 0.538593358 0.588736583 0.592780714 0.454350537 0.427542204 0.522693201 0.513059707 0.178102527 0.102903152 0.000000000 0.153767567 0.699745220 0.540295708 0.703671592 0.740437724 0.819899374 0.782441343 1.038528599 0.871918884 0.797736611 0.821934502 0.771526588 0.913669570 0.913554812 0.604181966 2.779501504 
33     1.047505986 1.137885180 1.253394058 1.190520272 1.159829929 1.327051446 1.606537155 1.784453466 1.728909242 1.687837582 1.699822096 1.110019581 1.071021806 1.076378625 1.079384579 1.287135633 1.231393233 1.251204534 1.308342791 1.458387453 1.220696330 1.217677229 1.121236942 1.320468420 1.281058558 0.551670554 0.601813779 0.605857911 0.466950472 0.440142140 0.535160298 0.525526804 0.192052577 0.133494010 0.153767567 0.000000000 0.712824823 0.553469902 0.716234844 0.753000976 0.832462625 0.795274372 1.051361627 0.884751912 0.810569639 0.834767531 0.784359616 0.926502598 0.926387841 0.616976191 2.792360990 
43     1.158132803 1.248568642 1.364077521 1.301203735 1.270513391 1.437734909 1.717220618 1.895136929 1.839592704 1.798521045 1.810505559 1.220703044 1.181705269 1.187062087 1.190068041 1.397819096 1.342076696 1.361887997 1.419026253 1.569070915 1.331379792 1.328360691 1.231920404 1.431151882 1.391742021 0.686102576 0.736225340 0.740092024 0.640774349 0.613635927 0.714286586 0.704752806 0.719425783 0.684428510 0.699745220 0.712824823 0.000000000 0.617475277 0.815176639 0.851802834 0.931125614 0.910243937 1.166341208 1.000495108 0.926312835 0.950509876 0.899815020 1.041131491 1.041016734 0.731349228 2.901432233 
50     0.994748760 1.084934826 1.200443704 1.137569918 1.106879575 1.274101092 1.553586801 1.731503112 1.675958888 1.634887228 1.646871742 1.057069227 1.018071452 1.023428270 1.026434225 1.234185279 1.178442879 1.198254180 1.255392437 1.405437099 1.167745976 1.164726875 1.068286588 1.267518065 1.228108204 0.525359123 0.575292202 0.579377339 0.480919417 0.453718131 0.553638569 0.544332563 0.559969705 0.524972432 0.540295708 0.553469902 0.617475277 0.000000000 0.649883540 0.685242159 0.764650156 0.743737876 1.000133196 0.833634430 0.759452157 0.783649199 0.732954342 0.873928544 0.873813786 0.563858014 2.738265245 
47     1.149743208 1.240219777 1.355728656 1.292854870 1.262164526 1.429386044 1.708871752 1.886788063 1.831243839 1.790172180 1.802156693 1.212354179 1.173356403 1.178713222 1.181719176 1.389470231 1.333727831 1.353539132 1.410677388 1.560722050 1.323030927 1.320011826 1.223571539 1.422803017 1.383393155 0.679720009 0.729844450 0.733751677 0.648083534 0.620969852 0.718442483 0.709149574 0.723281630 0.688352762 0.703671592 0.716234844 0.815176639 0.649883540 0.000000000 0.437607263 0.514203853 0.897633088 1.153730360 0.986110533 0.912874860 0.936124787 0.885769192 1.025420471 1.025305713 0.717803175 2.893008465 
42     1.186271625 1.276748194 1.392257072 1.329383286 1.298692943 1.465914460 1.745400169 1.923316480 1.867772256 1.826700596 1.838685110 1.248882595 1.209884820 1.215241638 1.218247593 1.425998647 1.370256247 1.390067548 1.447205805 1.597250467 1.359559344 1.356540243 1.260099956 1.459331433 1.419921572 0.716822433 0.766946874 0.770854101 0.684083301 0.657001689 0.754723189 0.745430279 0.760047762 0.725118895 0.740437724 0.753000976 0.851802834 0.685242159 0.437607263 0.000000000 0.409464291 0.934341207 1.190438479 1.022818651 0.949582979 0.972832905 0.922477311 1.061898184 1.061783426 0.754504891 2.929536881 
46     1.265377785 1.355854354 1.471363233 1.408489447 1.377799103 1.545020621 1.824506330 2.002422641 1.946878416 1.905806757 1.917791271 1.327988756 1.288990981 1.294347799 1.297353753 1.505104808 1.449362408 1.469173709 1.526311965 1.676356627 1.438665504 1.435646403 1.339206116 1.538437594 1.499027733 0.795952217 0.846076658 0.849983885 0.763055329 0.735973716 0.833724548 0.824431638 0.839509411 0.804580544 0.819899374 0.832462625 0.931125614 0.764650156 0.514203853 0.409464291 0.000000000 1.013339692 1.269436964 1.101817137 1.028581464 1.051831391 1.001475796 1.140906225 1.140791467 0.833504801 3.008643042 
35     1.114980755 1.206345544 1.321854423 1.258980637 1.228290293 1.395511811 1.674997520 1.852913831 1.797369606 1.756297947 1.768282461 1.178479946 1.139482171 1.144838989 1.147844943 1.355595998 1.299853598 1.319664899 1.376803155 1.526847817 1.289156694 1.286137593 1.189697306 1.388928784 1.349518923 0.763350448 0.813544150 0.817687234 0.724538819 0.697464245 0.793398725 0.783959921 0.802070337 0.767078177 0.782441343 0.795274372 0.910243937 0.743737876 0.897633088 0.934341207 1.013339692 0.000000000 0.604975890 0.695021709 0.620314938 0.646267492 0.594458793 0.874829963 0.874674709 0.564562056 2.858363594 
48     1.371151395 1.462565751 1.578074629 1.515200844 1.484510500 1.651732017 1.931217726 2.109134037 2.053589813 2.012518153 2.024502667 1.434700152 1.395702377 1.401059196 1.404065150 1.611816205 1.556073804 1.575885105 1.633023362 1.783068024 1.545376901 1.542357800 1.445917513 1.645148991 1.605739129 1.019735751 1.069929453 1.074072537 0.980626074 0.953551500 1.049485981 1.040047176 1.058157592 1.023165432 1.038528599 1.051361627 1.166341208 1.000133196 1.153730360 1.190438479 1.269436964 0.604975890 0.000000000 0.950874647 0.876284618 0.902561300 0.849447869 1.131556887 1.131401632 0.821139109 3.114546778 
39     1.203725199 1.295089988 1.410598867 1.347725081 1.317034737 1.484256255 1.763741964 1.941658275 1.886114050 1.845042391 1.857026904 1.267224390 1.228226615 1.233583433 1.236589387 1.444340442 1.388598042 1.408409343 1.465547599 1.615592261 1.377901138 1.374882037 1.278441750 1.477673228 1.438263367 0.851747338 0.901941040 0.906084124 0.814011882 0.786937308 0.882457733 0.873018929 0.891547877 0.856555717 0.871918884 0.884751912 1.000495108 0.833634430 0.986110533 1.022818651 1.101817137 0.695021709 0.950874647 0.000000000 0.454901820 0.472667973 0.479637570 0.961081420 0.960918357 0.655000781 2.947108038 
31     1.130235385 1.221600175 1.337109053 1.274235267 1.243544924 1.410766441 1.690252150 1.868168461 1.812624236 1.771552577 1.783537091 1.193734576 1.154736801 1.160093619 1.163099573 1.370850628 1.315108228 1.334919529 1.392057786 1.542102448 1.304411325 1.301392223 1.204951937 1.404183414 1.364773553 0.778511666 0.828705368 0.832848452 0.739829609 0.712755035 0.809222061 0.799783257 0.817365604 0.782373444 0.797736611 0.810569639 0.926312835 0.759452157 0.912874860 0.949582979 1.028581464 0.620314938 0.876284618 0.454901820 0.000000000 0.378848985 0.408278003 0.888119371 0.887956308 0.581197001 2.873618224 
29     1.153699051 1.245063841 1.360572719 1.297698933 1.267008590 1.434230107 1.713715816 1.891632127 1.836087902 1.795016243 1.807000757 1.217198242 1.178200467 1.183557285 1.186563239 1.394314294 1.338571894 1.358383195 1.415521452 1.565566114 1.327874991 1.324855889 1.228415603 1.427647080 1.388237219 0.801804836 0.851998538 0.856141622 0.764027501 0.736952926 0.832473352 0.823034548 0.841563496 0.806571336 0.821934502 0.834767531 0.950509876 0.783649199 0.936124787 0.972832905 1.051831391 0.646267492 0.902561300 0.472667973 0.378848985 0.000000000 0.431850617 0.910654780 0.910491717 0.604893569 2.897081890 
41     1.103257541 1.194622331 1.310131209 1.247257423 1.216567080 1.383788597 1.663274306 1.841190617 1.785646392 1.744574733 1.756559247 1.166756732 1.127758957 1.133115775 1.136121730 1.343872784 1.288130384 1.307941685 1.365079942 1.515124604 1.277433481 1.274414379 1.177974093 1.377205570 1.337795709 0.751448727 0.801642429 0.805785514 0.713619586 0.686545012 0.782065437 0.772626633 0.791155581 0.756163421 0.771526588 0.784359616 0.899815020 0.732954342 0.885769192 0.922477311 1.001475796 0.594458793 0.849447869 0.479637570 0.408278003 0.431850617 0.000000000 0.861012432 0.860849369 0.554220062 2.846640380 
32     1.243944155 1.333961256 1.449470134 1.386596349 1.355906005 1.523127523 1.802613231 1.980529542 1.924985318 1.883913658 1.895898172 1.306095658 1.267097882 1.272454701 1.275460655 1.483211710 1.427469310 1.447280611 1.504418867 1.654463529 1.416772406 1.413753305 1.317313018 1.516544496 1.477134634 0.894029428 0.944223130 0.948366214 0.855949550 0.828874976 0.924008271 0.914569467 0.933298563 0.898306403 0.913669570 0.926502598 1.041131491 0.873928544 1.025420471 1.061898184 1.140906225 0.874829963 1.131556887 0.961081420 0.888119371 0.910654780 0.861012432 0.000000000 0.215212914 0.692310133 2.987223961 
34     1.243829398 1.333846498 1.449355377 1.386481591 1.355791247 1.523012765 1.802498474 1.980414785 1.924870560 1.883798901 1.895783415 1.305980900 1.266983125 1.272339943 1.275345897 1.483096952 1.427354552 1.447165853 1.504304109 1.654348771 1.416657648 1.413638547 1.317198260 1.516429738 1.477019877 0.893914670 0.944108372 0.948251456 0.855834793 0.828760219 0.923893514 0.914454709 0.933183806 0.898191646 0.913554812 0.926387841 1.041016734 0.873813786 1.025305713 1.061783426 1.140791467 0.874674709 1.131401632 0.960918357 0.887956308 0.910491717 0.860849369 0.215212914 0.000000000 0.692337808 2.987109203 
38     0.924433039 1.015631555 1.131140434 1.068266648 1.037576304 1.204797822 1.484283531 1.662199841 1.606655617 1.565583958 1.577568471 0.987765957 0.948768182 0.954125000 0.957130954 1.164882009 1.109139609 1.128950910 1.186089166 1.336133828 1.098442705 1.095423604 0.998983317 1.198214795 1.158804934 0.586750389 0.636944091 0.641087175 0.545759823 0.518685249 0.615168335 0.605729531 0.623810959 0.588818799 0.604181966 0.616976191 0.731349228 0.563858014 0.717803175 0.754504891 0.833504801 0.564562056 0.821139109 0.655000781 0.581197001 0.604893569 0.554220062 0.692310133 0.692337808 0.000000000 2.671547276 
0     2.661703553 2.751737578 2.867174857 2.804301071 2.774558474 2.941395107 3.220474199 3.399100131 3.343555906 3.302484247 3.314468761 2.724939151 2.685941376 2.691298194 2.694304149 2.901775959 2.846033559 2.865735291 2.922873547 3.073873397 2.836198366 2.833179265 2.736124870 2.935066604 2.895656743 2.764569705 2.814807567 2.818957735 2.721198671 2.694237624 2.791473266 2.782014169 2.799130498 2.764146186 2.779501504 2.792360990 2.901432233 2.738265245 2.893008465 2.929536881 3.008643042 2.858363594 3.114546778 2.947108038 2.873618224 2.897081890 2.846640380 2.987223961 2.987109203 2.671547276 0.000000000 
