51
14     0.000000000 0.009194060 0.009091190 0.009530160 0.007376660 0.014724730 0.028182700 0.016930480 0.015630060 0.014416190 0.014037810 0.010878310 0.008239070 0.012811210 0.012712810 0.000445320 0.000410260 0.003152310 0.001865110 0.013973060 0.009636840 0.008502580 0.002368000 0.009198940 0.005590790 0.015860680 0.013810270 0.012458610 0.007300690 0.005832150 0.005522790 0.004836190 0.017070160 0.017238030 0.017234900 0.018899400 0.013026530 0.004078680 0.013007250 0.017359470 0.011965740 0.004176080 0.003350550 0.015910660 0.022234190 0.015900720 0.003220030 0.020319740 0.020848220 0.003353340 0.000023620 
9     0.009194060 0.000000000 0.000288830 0.000727800 0.001967080 0.006867170 0.020325140 0.009072920 0.007772500 0.006558630 0.006180250 0.005608650 0.002969410 0.007541550 0.007443150 0.009200960 0.007524110 0.008239780 0.010714130 0.008702780 0.006626620 0.007412700 0.006269270 0.004009560 0.004377120 0.010328340 0.008623130 0.007271470 0.008602520 0.008481690 0.010942980 0.010835950 0.011883020 0.012050890 0.012047760 0.013712260 0.007839390 0.014772550 0.007820110 0.011827130 0.006778600 0.013122290 0.017595320 0.014761860 0.016701850 0.012139630 0.012072510 0.015449990 0.015315880 0.009098390 0.010004760 
21     0.009091190 0.000288830 0.000000000 0.000535990 0.001864210 0.008420940 0.021878910 0.010626690 0.009326270 0.008112400 0.007734020 0.005505780 0.002866540 0.007438680 0.007340280 0.009098090 0.007421240 0.009793550 0.011323710 0.008599910 0.008180390 0.008966470 0.007823040 0.003906690 0.004274250 0.010756770 0.008520260 0.007168600 0.008499650 0.008378820 0.012496750 0.012389720 0.011780150 0.011948020 0.011944890 0.013609390 0.007736520 0.015322100 0.007717240 0.013380900 0.006675730 0.014676060 0.018860830 0.016315630 0.018255620 0.013693400 0.013626280 0.017003760 0.016869650 0.010652160 0.009901890 
24     0.009530160 0.000727800 0.000535990 0.000000000 0.002303180 0.006911560 0.020369530 0.009117310 0.007816890 0.006603020 0.006224640 0.005944750 0.003305510 0.007877650 0.007779250 0.009537060 0.007860210 0.008284170 0.010758520 0.009038880 0.006671010 0.007457090 0.006313660 0.004345660 0.004713220 0.010372730 0.008959230 0.007607570 0.008938620 0.008817790 0.010987370 0.010880340 0.012219120 0.012386990 0.012383860 0.014048360 0.008175490 0.014816940 0.008156210 0.011871520 0.007114700 0.013166680 0.017639710 0.014806250 0.016746240 0.012184020 0.012116900 0.015494380 0.015360270 0.009142780 0.010340860 
16     0.007376660 0.001967080 0.001864210 0.002303180 0.000000000 0.003748020 0.017389650 0.011116090 0.009815670 0.008601800 0.008223420 0.003791250 0.001152010 0.005724150 0.005625750 0.007383560 0.005706710 0.010663490 0.009609180 0.006885380 0.009050330 0.009836410 0.008692980 0.002192160 0.002559720 0.009042240 0.006805730 0.005454070 0.006785120 0.006664290 0.013366690 0.013259660 0.010065620 0.010233490 0.010230360 0.011894860 0.006021990 0.013607570 0.006002710 0.011668810 0.004961200 0.015546000 0.017146300 0.017185570 0.019125560 0.014563340 0.014496220 0.017873700 0.017739590 0.011522100 0.008187360 
19     0.014724730 0.006867170 0.008420940 0.006911560 0.003748020 0.000000000 0.000636190 0.002498720 0.009836830 0.003092950 0.002715780 0.011107160 0.010288630 0.011071170 0.010482190 0.014274100 0.014202110 0.010684650 0.013159000 0.020868890 0.009071490 0.009857570 0.008714140 0.008546110 0.007409020 0.012773210 0.012414090 0.013837300 0.013459730 0.012403580 0.013387850 0.013280820 0.016100090 0.016015310 0.016154180 0.016483810 0.013706520 0.017217420 0.012648300 0.014272000 0.016036420 0.015567160 0.020040190 0.017206730 0.019146720 0.014584500 0.014517380 0.017894860 0.017760750 0.011543260 0.022170870 
3     0.028182700 0.020325140 0.021878910 0.020369530 0.017389650 0.000636190 0.000000000 0.002636350 0.005956850 0.003230580 0.002079750 0.024565130 0.023746600 0.024529140 0.023940160 0.027732070 0.027660080 0.024142620 0.026616970 0.033567170 0.022529460 0.023315540 0.022172110 0.022004080 0.020866990 0.026231180 0.025872060 0.027295270 0.026917700 0.025861550 0.026845820 0.026738790 0.029558060 0.029473280 0.029612150 0.029941780 0.027164490 0.030675390 0.026106270 0.027729970 0.029494390 0.029025130 0.033498160 0.030664700 0.032604690 0.028042470 0.027975350 0.031352830 0.031218720 0.025001230 0.048990020 
2     0.016930480 0.009072920 0.010626690 0.009117310 0.011116090 0.002498720 0.002636350 0.000000000 0.000028380 0.001712130 0.004715940 0.013312910 0.012494380 0.013276920 0.012687940 0.016479850 0.016407860 0.012890400 0.015364750 0.027372760 0.011277240 0.012063320 0.010919890 0.010751860 0.009614770 0.014978960 0.014619840 0.016043050 0.015665480 0.014609330 0.015593600 0.015486570 0.018305840 0.018221060 0.018359930 0.018689560 0.015912270 0.019423170 0.014854050 0.016477750 0.018242170 0.017772910 0.022245940 0.019412480 0.021352470 0.016790250 0.016723130 0.020100610 0.019966500 0.013749010 0.037737800 
5     0.015630060 0.007772500 0.009326270 0.007816890 0.009815670 0.009836830 0.005956850 0.000028380 0.000000000 0.001742680 0.006061610 0.012012490 0.011193960 0.011976500 0.011387520 0.015179430 0.015107440 0.011589980 0.014064330 0.026072340 0.009976820 0.010762900 0.009619470 0.009451440 0.008314350 0.013678540 0.013319420 0.014742630 0.014365060 0.013308910 0.014293180 0.014186150 0.017005420 0.016920640 0.017059510 0.017389140 0.014611850 0.018122750 0.013553630 0.015177330 0.016941750 0.016472490 0.020945520 0.018112060 0.020052050 0.015489830 0.015422710 0.018800190 0.018666080 0.012448590 0.036437380 
12     0.014416190 0.006558630 0.008112400 0.006603020 0.008601800 0.003092950 0.003230580 0.001712130 0.001742680 0.000000000 0.004847740 0.010798620 0.009980090 0.010762630 0.010173650 0.013965560 0.013893570 0.010376110 0.012850460 0.024858470 0.008762950 0.009549030 0.008405600 0.008237570 0.007100480 0.012464670 0.012105550 0.013528760 0.013151190 0.012095040 0.013079310 0.012972280 0.015791550 0.015706770 0.015845640 0.016175270 0.013397980 0.016908880 0.012339760 0.013963460 0.015727880 0.015258620 0.019731650 0.016898190 0.018838180 0.014275960 0.014208840 0.017586320 0.017452210 0.011234720 0.035223510 
1     0.014037810 0.006180250 0.007734020 0.006224640 0.008223420 0.002715780 0.002079750 0.004715940 0.006061610 0.004847740 0.000000000 0.010420240 0.009601710 0.010384250 0.009795270 0.013587180 0.013515190 0.009997730 0.012472080 0.024480090 0.008384570 0.009170650 0.008027220 0.007859190 0.006722100 0.012086290 0.011727170 0.013150380 0.012772810 0.011716660 0.012700930 0.012593900 0.015413170 0.015328390 0.015467260 0.015796890 0.013019600 0.016530500 0.011961380 0.013585080 0.015349500 0.014880240 0.019353270 0.016519810 0.018459800 0.013897580 0.013830460 0.017207940 0.017073830 0.010856340 0.034845130 
18     0.010878310 0.005608650 0.005505780 0.005944750 0.003791250 0.011107160 0.024565130 0.013312910 0.012012490 0.010798620 0.010420240 0.000000000 0.001932520 0.002951750 0.002362770 0.011017450 0.009340600 0.011929070 0.013243070 0.010387650 0.010655670 0.011441750 0.010298320 0.005693810 0.006061370 0.012543890 0.010307380 0.008955720 0.010286770 0.010165940 0.014972030 0.014865000 0.013567270 0.013735140 0.013732010 0.015396510 0.009523640 0.017109220 0.009504360 0.015170460 0.008462850 0.017151340 0.020647950 0.018790910 0.020730900 0.016168680 0.016101560 0.019479040 0.019344930 0.013127440 0.011689010 
22     0.008239070 0.002969410 0.002866540 0.003305510 0.001152010 0.010288630 0.023746600 0.012494380 0.011193960 0.009980090 0.009601710 0.001932520 0.000000000 0.002496980 0.001908000 0.008378210 0.006701360 0.011110540 0.010603830 0.007748410 0.009837140 0.010623220 0.009479790 0.003054570 0.003422130 0.009904650 0.007668140 0.006316480 0.007647530 0.007526700 0.014153500 0.014046470 0.010928030 0.011095900 0.011092770 0.012757270 0.006884400 0.014469980 0.006865120 0.012531220 0.005823610 0.016332810 0.018008710 0.017972380 0.019912370 0.015350150 0.015283030 0.018660510 0.018526400 0.012308910 0.009049770 
7     0.012811210 0.007541550 0.007438680 0.007877650 0.005724150 0.011071170 0.024529140 0.013276920 0.011976500 0.010762630 0.010384250 0.002951750 0.002496980 0.000000000 0.000199240 0.003221840 0.011273500 0.011893080 0.014367430 0.012320550 0.010619680 0.011405760 0.010262330 0.007626710 0.007994270 0.014321400 0.012240280 0.010888620 0.012219670 0.012098840 0.014936040 0.014829010 0.015500170 0.015668040 0.015664910 0.017329410 0.011456540 0.018765610 0.011437260 0.015820190 0.010395750 0.017115350 0.021588380 0.018754920 0.020694910 0.016132690 0.016065570 0.019443050 0.019308940 0.013091450 0.013621910 
10     0.012712810 0.007443150 0.007340280 0.007779250 0.005625750 0.010482190 0.023940160 0.012687940 0.011387520 0.010173650 0.009795270 0.002362770 0.001908000 0.000199240 0.000000000 0.005887030 0.011175100 0.011304100 0.013778450 0.012222150 0.010030700 0.010816780 0.009673350 0.007528310 0.007895870 0.013732420 0.012141880 0.010790220 0.012121270 0.012000440 0.014347060 0.014240030 0.015401770 0.015569640 0.015566510 0.017231010 0.011358140 0.018176630 0.011338860 0.015231210 0.010297350 0.016526370 0.020999400 0.018165940 0.020105930 0.015543710 0.015476590 0.018854070 0.018719960 0.012502470 0.013523510 
11     0.000445320 0.009200960 0.009098090 0.009537060 0.007383560 0.014274100 0.027732070 0.016479850 0.015179430 0.013965560 0.013587180 0.011017450 0.008378210 0.003221840 0.005887030 0.000000000 0.000072540 0.002815570 0.001528370 0.014111580 0.009424580 0.008290320 0.002155740 0.009418360 0.005378530 0.016268440 0.014031930 0.012680270 0.007741510 0.006272970 0.005963610 0.005277010 0.017291820 0.017459690 0.017456560 0.019121060 0.013248190 0.004519500 0.013228910 0.017785720 0.012187400 0.004616900 0.003791370 0.016351480 0.022660440 0.016341540 0.003660850 0.021408580 0.021274470 0.003794160 0.006264160 
20     0.000410260 0.007524110 0.007421240 0.007860210 0.005706710 0.014202110 0.027660080 0.016407860 0.015107440 0.013893570 0.013515190 0.009340600 0.006701360 0.011273500 0.011175100 0.000072540 0.000000000 0.002780510 0.001493310 0.012434730 0.009389520 0.008255260 0.002120680 0.007741510 0.005343470 0.014591590 0.012355080 0.011003420 0.007706450 0.006237910 0.005928550 0.005241950 0.015614970 0.015782840 0.015779710 0.017444210 0.011571340 0.004484440 0.011552060 0.017218160 0.010510550 0.004581840 0.003756310 0.016316420 0.022588450 0.016306480 0.003625790 0.021336590 0.021202480 0.003759100 0.006229100 
8     0.003152310 0.008239780 0.009793550 0.008284170 0.010663490 0.010684650 0.024142620 0.012890400 0.011589980 0.010376110 0.009997730 0.011929070 0.011110540 0.011893080 0.011304100 0.002815570 0.002780510 0.000000000 0.003016800 0.026230440 0.010233160 0.010997310 0.004862730 0.009707780 0.008085520 0.013934880 0.013575760 0.014998970 0.010448500 0.008979960 0.008670600 0.007984000 0.017261760 0.017176980 0.017315850 0.017645480 0.014868190 0.007226490 0.013809970 0.015433670 0.017198090 0.007323890 0.006498360 0.018368400 0.020308390 0.015746170 0.006367840 0.019056530 0.018922420 0.006501150 0.008971150 
4     0.001865110 0.010714130 0.011323710 0.010758520 0.009609180 0.013159000 0.026616970 0.015364750 0.014064330 0.012850460 0.012472080 0.013243070 0.010603830 0.014367430 0.013778450 0.001528370 0.001493310 0.003016800 0.000000000 0.016337200 0.010844370 0.009710110 0.003575530 0.011643980 0.006798320 0.016409230 0.016050110 0.014905890 0.009161300 0.007692760 0.007383400 0.006696800 0.019517440 0.019651330 0.019682180 0.020119830 0.015473810 0.005939290 0.015454530 0.017908020 0.014413020 0.006036690 0.005211160 0.017771270 0.022782740 0.017761330 0.005080640 0.021530880 0.021396770 0.005213950 0.007683950 
23     0.013973060 0.008702780 0.008599910 0.009038880 0.006885380 0.020868890 0.033567170 0.027372760 0.026072340 0.024858470 0.024480090 0.010387650 0.007748410 0.012320550 0.012222150 0.014111580 0.012434730 0.026230440 0.016337200 0.000000000 0.004397900 0.010893410 0.018194590 0.008788560 0.009156120 0.015638640 0.013402130 0.012050470 0.013381520 0.013260690 0.028770120 0.028663090 0.016662020 0.016829890 0.016826760 0.018491260 0.012618390 0.020203970 0.012599110 0.018265210 0.011557600 0.026202870 0.023742700 0.025784160 0.034528990 0.023418180 0.023857630 0.033277130 0.033143020 0.022594610 0.014783760 
15     0.009636840 0.006626620 0.008180390 0.006671010 0.009050330 0.009071490 0.022529460 0.011277240 0.009976820 0.008762950 0.008384570 0.010655670 0.009837140 0.010619680 0.010030700 0.009424580 0.009389520 0.010233160 0.010844370 0.004397900 0.000000000 0.000154470 0.008000890 0.007870880 0.006733790 0.012059960 0.011700840 0.013124050 0.012746480 0.011690330 0.012674600 0.012567570 0.015386840 0.015302060 0.015440930 0.015770560 0.012993270 0.013711020 0.011935050 0.013558750 0.015323170 0.013808420 0.012982890 0.016493480 0.018433470 0.013871250 0.012852370 0.017181610 0.017047500 0.010830010 0.015455680 
6     0.008502580 0.007412700 0.008966470 0.007457090 0.009836410 0.009857570 0.023315540 0.012063320 0.010762900 0.009549030 0.009170650 0.011441750 0.010623220 0.011405760 0.010816780 0.008290320 0.008255260 0.010997310 0.009710110 0.010893410 0.000154470 0.000000000 0.008786970 0.008656960 0.007519870 0.012846040 0.012486920 0.013910130 0.013532560 0.012476410 0.013460680 0.013334270 0.016172920 0.016088140 0.016227010 0.016556640 0.013779350 0.012576760 0.012721130 0.014344830 0.016109250 0.012674160 0.011848630 0.017279560 0.019219550 0.014657330 0.011718110 0.017967690 0.017833580 0.011616090 0.014321420 
13     0.002368000 0.006269270 0.007823040 0.006313660 0.008692980 0.008714140 0.022172110 0.010919890 0.009619470 0.008405600 0.008027220 0.010298320 0.009479790 0.010262330 0.009673350 0.002155740 0.002120680 0.004862730 0.003575530 0.018194590 0.008000890 0.008786970 0.000000000 0.007513530 0.003111390 0.011267910 0.010908790 0.012332000 0.009664190 0.008195650 0.007886290 0.007199690 0.014594790 0.014510010 0.014648880 0.014978510 0.012201220 0.006442180 0.011143000 0.012766700 0.014531120 0.006539580 0.005714050 0.015701430 0.017641420 0.013079200 0.005583530 0.016389560 0.016255450 0.005716840 0.008186840 
17     0.009198940 0.004009560 0.003906690 0.004345660 0.002192160 0.008546110 0.022004080 0.010751860 0.009451440 0.008237570 0.007859190 0.005693810 0.003054570 0.007626710 0.007528310 0.009418360 0.007741510 0.009707780 0.011643980 0.008788560 0.007870880 0.008656960 0.007513530 0.000000000 0.001988200 0.010864520 0.008628010 0.007276350 0.008607400 0.008486570 0.012187240 0.012080210 0.011887900 0.012055770 0.012052640 0.013717140 0.007844270 0.015429850 0.007824990 0.013071390 0.006783480 0.014366550 0.018839580 0.016006120 0.017946110 0.013383890 0.013316770 0.016694250 0.016560140 0.010342650 0.010009640 
25     0.005590790 0.004377120 0.004274250 0.004713220 0.002559720 0.007409020 0.020866990 0.009614770 0.008314350 0.007100480 0.006722100 0.006061370 0.003422130 0.007994270 0.007895870 0.005378530 0.005343470 0.008085520 0.006798320 0.009156120 0.006733790 0.007519870 0.003111390 0.001988200 0.000000000 0.010435510 0.008995570 0.007643910 0.008974960 0.008854130 0.011050150 0.010422480 0.012255460 0.012423330 0.012420200 0.014084700 0.008211830 0.009664970 0.008192550 0.011934300 0.007151040 0.009762370 0.008936840 0.014869030 0.016809020 0.012246800 0.008806320 0.015557160 0.015423050 0.008939630 0.010377200 
36     0.015860680 0.010328340 0.010756770 0.010372730 0.009042240 0.012773210 0.026231180 0.014978960 0.013678540 0.012464670 0.012086290 0.012543890 0.009904650 0.014321400 0.013732420 0.016268440 0.014591590 0.013934880 0.016409230 0.015638640 0.012059960 0.012846040 0.011267910 0.010864520 0.010435510 0.000000000 0.001529600 0.002952810 0.004920760 0.003864610 0.004848880 0.004741850 0.007561120 0.007476340 0.007615210 0.007944840 0.004910530 0.008421430 0.003948110 0.005571810 0.004199640 0.010705330 0.015178360 0.012344900 0.014284890 0.009722670 0.009655550 0.013033030 0.012898920 0.006681430 0.016767280 
49     0.013810270 0.008623130 0.008520260 0.008959230 0.006805730 0.012414090 0.025872060 0.014619840 0.013319420 0.012105550 0.011727170 0.010307380 0.007668140 0.012240280 0.012141880 0.014031930 0.012355080 0.013575760 0.016050110 0.013402130 0.011700840 0.012486920 0.010908790 0.008628010 0.008995570 0.001529600 0.000000000 0.001052750 0.003787310 0.003505490 0.004489760 0.004382730 0.007067810 0.007117220 0.007232550 0.007585720 0.002931420 0.008062310 0.003004640 0.005212690 0.001963130 0.010346210 0.014819240 0.011985780 0.013925770 0.009363550 0.009296430 0.012673910 0.012539800 0.006322310 0.014530770 
44     0.012458610 0.007271470 0.007168600 0.007607570 0.005454070 0.013837300 0.027295270 0.016043050 0.014742630 0.013528760 0.013150380 0.008955720 0.006316480 0.010888620 0.010790220 0.012680270 0.011003420 0.014998970 0.014905890 0.012050470 0.013124050 0.013910130 0.012332000 0.007276350 0.007643910 0.002952810 0.001052750 0.000000000 0.002435650 0.002314820 0.005912970 0.005805940 0.005716150 0.005884020 0.005880890 0.007545390 0.001579760 0.009165340 0.001652980 0.006635900 0.000611470 0.011769420 0.014539890 0.013408990 0.015348980 0.010786760 0.010719640 0.014097120 0.013963010 0.007745520 0.013179110 
45     0.007300690 0.008602520 0.008499650 0.008938620 0.006785120 0.013459730 0.026917700 0.015665480 0.014365060 0.013151190 0.012772810 0.010286770 0.007647530 0.012219670 0.012121270 0.007741510 0.007706450 0.010448500 0.009161300 0.013381520 0.012746480 0.013532560 0.009664190 0.008607400 0.008974960 0.004920760 0.003787310 0.002435650 0.000000000 0.000179790 0.002914460 0.002807430 0.003822820 0.003990690 0.003987560 0.005652060 0.003003570 0.005591430 0.002984290 0.006419550 0.001942780 0.005737450 0.004911920 0.013031420 0.014971410 0.010409190 0.004781400 0.013719550 0.013585440 0.004914710 0.008061390 
27     0.005832150 0.008481690 0.008378820 0.008817790 0.006664290 0.012403580 0.025861550 0.014609330 0.013308910 0.012095040 0.011716660 0.010165940 0.007526700 0.012098840 0.012000440 0.006272970 0.006237910 0.008979960 0.007692760 0.013260690 0.011690330 0.012476410 0.008195650 0.008486570 0.008854130 0.003864610 0.003505490 0.002314820 0.000179790 0.000000000 0.001858310 0.001751280 0.003701990 0.003869860 0.003866730 0.005238950 0.002882740 0.004122890 0.002863460 0.005363400 0.001821950 0.004268910 0.003443380 0.011975270 0.013915260 0.009353040 0.003312860 0.012663400 0.012529290 0.003446170 0.006592850 
37     0.005522790 0.010942980 0.012496750 0.010987370 0.013366690 0.013387850 0.026845820 0.015593600 0.014293180 0.013079310 0.012700930 0.014972030 0.014153500 0.014936040 0.014347060 0.005963610 0.005928550 0.008670600 0.007383400 0.028770120 0.012674600 0.013460680 0.007886290 0.012187240 0.011050150 0.004848880 0.004489760 0.005912970 0.002914460 0.001858310 0.000000000 0.000071510 0.005839500 0.005754720 0.005893590 0.006223220 0.005782190 0.003813530 0.004723970 0.006347670 0.008112090 0.003959550 0.003134020 0.012959540 0.014899530 0.010337310 0.003003500 0.013647670 0.013513560 0.003136810 0.006283490 
30     0.004836190 0.010835950 0.012389720 0.010880340 0.013259660 0.013280820 0.026738790 0.015486570 0.014186150 0.012972280 0.012593900 0.014865000 0.014046470 0.014829010 0.014240030 0.005277010 0.005241950 0.007984000 0.006696800 0.028663090 0.012567570 0.013334270 0.007199690 0.012080210 0.010422480 0.004741850 0.004382730 0.005805940 0.002807430 0.001751280 0.000071510 0.000000000 0.005732470 0.005647690 0.005786560 0.006116190 0.005675160 0.003126930 0.004616940 0.006240640 0.008005060 0.003272950 0.002447420 0.012852510 0.014792500 0.010230280 0.002316900 0.013540640 0.013406530 0.002450210 0.005596890 
40     0.017070160 0.011883020 0.011780150 0.012219120 0.010065620 0.016100090 0.029558060 0.018305840 0.017005420 0.015791550 0.015413170 0.013567270 0.010928030 0.015500170 0.015401770 0.017291820 0.015614970 0.017261760 0.019517440 0.016662020 0.015386840 0.016172920 0.014594790 0.011887900 0.012255460 0.007561120 0.007067810 0.005716150 0.003822820 0.003701990 0.005839500 0.005732470 0.000000000 0.000255290 0.000252160 0.001618560 0.006284070 0.012005330 0.006264790 0.009059910 0.005223280 0.014032210 0.018505240 0.015671780 0.017611770 0.013049550 0.012982430 0.016359910 0.016225800 0.010008310 0.017790660 
26     0.017238030 0.012050890 0.011948020 0.012386990 0.010233490 0.016015310 0.029473280 0.018221060 0.016920640 0.015706770 0.015328390 0.013735140 0.011095900 0.015668040 0.015569640 0.017459690 0.015782840 0.017176980 0.019651330 0.016829890 0.015302060 0.016088140 0.014510010 0.012055770 0.012423330 0.007476340 0.007117220 0.005884020 0.003990690 0.003869860 0.005754720 0.005647690 0.000255290 0.000000000 0.000003770 0.001236870 0.006451940 0.011920550 0.006432660 0.008975130 0.005391150 0.013947430 0.018420460 0.015587000 0.017526990 0.012964770 0.012897650 0.016275130 0.015040400 0.009923530 0.017958530 
28     0.017234900 0.012047760 0.011944890 0.012383860 0.010230360 0.016154180 0.029612150 0.018359930 0.017059510 0.015845640 0.015467260 0.013732010 0.011092770 0.015664910 0.015566510 0.017456560 0.015779710 0.017315850 0.019682180 0.016826760 0.015440930 0.016227010 0.014648880 0.012052640 0.012420200 0.007615210 0.007232550 0.005880890 0.003987560 0.003866730 0.005893590 0.005786560 0.000252160 0.000003770 0.000000000 0.001672650 0.006448810 0.012059420 0.006429530 0.009114000 0.005388020 0.014086300 0.018559330 0.015725870 0.017665860 0.013103640 0.013036520 0.016414000 0.015932960 0.010062400 0.017955400 
33     0.018899400 0.013712260 0.013609390 0.014048360 0.011894860 0.016483810 0.029941780 0.018689560 0.017389140 0.016175270 0.015796890 0.015396510 0.012757270 0.017329410 0.017231010 0.019121060 0.017444210 0.017645480 0.020119830 0.018491260 0.015770560 0.016556640 0.014978510 0.013717140 0.014084700 0.007944840 0.007585720 0.007545390 0.005652060 0.005238950 0.006223220 0.006116190 0.001618560 0.001236870 0.001672650 0.000000000 0.008113310 0.012389050 0.007819930 0.009443630 0.007052520 0.014415930 0.018888960 0.016055500 0.017995490 0.013433270 0.013366150 0.016743630 0.014879600 0.010392030 0.019619900 
43     0.013026530 0.007839390 0.007736520 0.008175490 0.006021990 0.013706520 0.027164490 0.015912270 0.014611850 0.013397980 0.013019600 0.009523640 0.006884400 0.011456540 0.011358140 0.013248190 0.011571340 0.014868190 0.015473810 0.012618390 0.012993270 0.013779350 0.012201220 0.007844270 0.008211830 0.004910530 0.002931420 0.001579760 0.003003570 0.002882740 0.005782190 0.005675160 0.006284070 0.006451940 0.006448810 0.008113310 0.000000000 0.007164250 0.002220900 0.006505120 0.001179390 0.011638640 0.011732690 0.013278210 0.015218200 0.010655980 0.010588860 0.013966340 0.013832230 0.007614740 0.013747030 
50     0.004078680 0.014772550 0.015322100 0.014816940 0.013607570 0.017217420 0.030675390 0.019423170 0.018122750 0.016908880 0.016530500 0.017109220 0.014469980 0.018765610 0.018176630 0.004519500 0.004484440 0.007226490 0.005939290 0.020203970 0.013711020 0.012576760 0.006442180 0.015429850 0.009664970 0.008421430 0.008062310 0.009165340 0.005591430 0.004122890 0.003813530 0.003126930 0.012005330 0.011920550 0.012059420 0.012389050 0.007164250 0.000000000 0.008392320 0.010016020 0.008764970 0.002515440 0.001689910 0.014250020 0.018729100 0.014166880 0.001559390 0.017477240 0.017343130 0.001692700 0.004839380 
47     0.013007250 0.007820110 0.007717240 0.008156210 0.006002710 0.012648300 0.026106270 0.014854050 0.013553630 0.012339760 0.011961380 0.009504360 0.006865120 0.011437260 0.011338860 0.013228910 0.011552060 0.013809970 0.015454530 0.012599110 0.011935050 0.012721130 0.011143000 0.007824990 0.008192550 0.003948110 0.003004640 0.001652980 0.002984290 0.002863460 0.004723970 0.004616940 0.006264790 0.006432660 0.006429530 0.007819930 0.002220900 0.008392320 0.000000000 0.002497000 0.001158450 0.010580420 0.015053450 0.012219990 0.014159980 0.009597760 0.009530640 0.012908120 0.012774010 0.006556520 0.013727750 
42     0.017359470 0.011827130 0.013380900 0.011871520 0.011668810 0.014272000 0.027729970 0.016477750 0.015177330 0.013963460 0.013585080 0.015170460 0.012531220 0.015820190 0.015231210 0.017785720 0.017218160 0.015433670 0.017908020 0.018265210 0.013558750 0.014344830 0.012766700 0.013071390 0.011934300 0.005571810 0.005212690 0.006635900 0.006419550 0.005363400 0.006347670 0.006240640 0.009059910 0.008975130 0.009114000 0.009443630 0.006505120 0.010016020 0.002497000 0.000000000 0.002161000 0.012204120 0.016677150 0.013843690 0.015783680 0.011221460 0.011154340 0.014531820 0.014397710 0.008180220 0.019393850 
46     0.011965740 0.006778600 0.006675730 0.007114700 0.004961200 0.016036420 0.029494390 0.018242170 0.016941750 0.015727880 0.015349500 0.008462850 0.005823610 0.010395750 0.010297350 0.012187400 0.010510550 0.017198090 0.014413020 0.011557600 0.015323170 0.016109250 0.014531120 0.006783480 0.007151040 0.004199640 0.001963130 0.000611470 0.001942780 0.001821950 0.008112090 0.008005060 0.005223280 0.005391150 0.005388020 0.007052520 0.001179390 0.008764970 0.001158450 0.002161000 0.000000000 0.013968540 0.014047020 0.015608110 0.017548100 0.012985880 0.012918760 0.016296240 0.016162130 0.009944640 0.012686240 
35     0.004176080 0.013122290 0.014676060 0.013166680 0.015546000 0.015567160 0.029025130 0.017772910 0.016472490 0.015258620 0.014880240 0.017151340 0.016332810 0.017115350 0.016526370 0.004616900 0.004581840 0.007323890 0.006036690 0.026202870 0.013808420 0.012674160 0.006539580 0.014366550 0.009762370 0.010705330 0.010346210 0.011769420 0.005737450 0.004268910 0.003959550 0.003272950 0.014032210 0.013947430 0.014086300 0.014415930 0.011638640 0.002515440 0.010580420 0.012204120 0.013968540 0.000000000 0.001148890 0.005412450 0.013538460 0.003046470 0.001114250 0.012598840 0.012464730 0.001790100 0.004936780 
48     0.003350550 0.017595320 0.018860830 0.017639710 0.017146300 0.020040190 0.033498160 0.022245940 0.020945520 0.019731650 0.019353270 0.020647950 0.018008710 0.021588380 0.020999400 0.003791370 0.003756310 0.006498360 0.005211160 0.023742700 0.012982890 0.011848630 0.005714050 0.018839580 0.008936840 0.015178360 0.014819240 0.014539890 0.004911920 0.003443380 0.003134020 0.002447420 0.018505240 0.018420460 0.018559330 0.018888960 0.011732690 0.001689910 0.015053450 0.016677150 0.014047020 0.001148890 0.000000000 0.002952280 0.001169000 0.000586300 0.000288720 0.017071870 0.016937760 0.000964570 0.004111250 
39     0.015910660 0.014761860 0.016315630 0.014806250 0.017185570 0.017206730 0.030664700 0.019412480 0.018112060 0.016898190 0.016519810 0.018790910 0.017972380 0.018754920 0.018165940 0.016351480 0.016316420 0.018368400 0.017771270 0.025784160 0.016493480 0.017279560 0.015701430 0.016006120 0.014869030 0.012344900 0.011985780 0.013408990 0.013031420 0.011975270 0.012959540 0.012852510 0.015671780 0.015587000 0.015725870 0.016055500 0.013278210 0.014250020 0.012219990 0.013843690 0.015608110 0.005412450 0.002952280 0.000000000 0.004856890 0.000012460 0.003027730 0.014238410 0.014104300 0.003767690 0.016671360 
31     0.022234190 0.016701850 0.018255620 0.016746240 0.019125560 0.019146720 0.032604690 0.021352470 0.020052050 0.018838180 0.018459800 0.020730900 0.019912370 0.020694910 0.020105930 0.022660440 0.022588450 0.020308390 0.022782740 0.034528990 0.018433470 0.019219550 0.017641420 0.017946110 0.016809020 0.014284890 0.013925770 0.015348980 0.014971410 0.013915260 0.014899530 0.014792500 0.017611770 0.017526990 0.017665860 0.017995490 0.015218200 0.018729100 0.014159980 0.015783680 0.017548100 0.013538460 0.001169000 0.004856890 0.000000000 0.002751670 0.006867460 0.016178400 0.016044290 0.009834040 0.036623800 
29     0.015900720 0.012139630 0.013693400 0.012184020 0.014563340 0.014584500 0.028042470 0.016790250 0.015489830 0.014275960 0.013897580 0.016168680 0.015350150 0.016132690 0.015543710 0.016341540 0.016306480 0.015746170 0.017761330 0.023418180 0.013871250 0.014657330 0.013079200 0.013383890 0.012246800 0.009722670 0.009363550 0.010786760 0.010409190 0.009353040 0.010337310 0.010230280 0.013049550 0.012964770 0.013103640 0.013433270 0.010655980 0.014166880 0.009597760 0.011221460 0.012985880 0.003046470 0.000586300 0.000012460 0.002751670 0.000000000 0.000661750 0.011616180 0.011482070 0.001401710 0.016661420 
41     0.003220030 0.012072510 0.013626280 0.012116900 0.014496220 0.014517380 0.027975350 0.016723130 0.015422710 0.014208840 0.013830460 0.016101560 0.015283030 0.016065570 0.015476590 0.003660850 0.003625790 0.006367840 0.005080640 0.023857630 0.012852370 0.011718110 0.005583530 0.013316770 0.008806320 0.009655550 0.009296430 0.010719640 0.004781400 0.003312860 0.003003500 0.002316900 0.012982430 0.012897650 0.013036520 0.013366150 0.010588860 0.001559390 0.009530640 0.011154340 0.012918760 0.001114250 0.000288720 0.003027730 0.006867460 0.000661750 0.000000000 0.011549060 0.011414950 0.000834050 0.003980730 
32     0.020319740 0.015449990 0.017003760 0.015494380 0.017873700 0.017894860 0.031352830 0.020100610 0.018800190 0.017586320 0.017207940 0.019479040 0.018660510 0.019443050 0.018854070 0.021408580 0.021336590 0.019056530 0.021530880 0.033277130 0.017181610 0.017967690 0.016389560 0.016694250 0.015557160 0.013033030 0.012673910 0.014097120 0.013719550 0.012663400 0.013647670 0.013540640 0.016359910 0.016275130 0.016414000 0.016743630 0.013966340 0.017477240 0.012908120 0.014531820 0.016296240 0.012598840 0.017071870 0.014238410 0.016178400 0.011616180 0.011549060 0.000000000 0.000962160 0.008582180 0.020321380 
34     0.020848220 0.015315880 0.016869650 0.015360270 0.017739590 0.017760750 0.031218720 0.019966500 0.018666080 0.017452210 0.017073830 0.019344930 0.018526400 0.019308940 0.018719960 0.021274470 0.021202480 0.018922420 0.021396770 0.033143020 0.017047500 0.017833580 0.016255450 0.016560140 0.015423050 0.012898920 0.012539800 0.013963010 0.013585440 0.012529290 0.013513560 0.013406530 0.016225800 0.015040400 0.015932960 0.014879600 0.013832230 0.017343130 0.012774010 0.014397710 0.016162130 0.012464730 0.016937760 0.014104300 0.016044290 0.011482070 0.011414950 0.000962160 0.000000000 0.004943680 0.021136940 
38     0.003353340 0.009098390 0.010652160 0.009142780 0.011522100 0.011543260 0.025001230 0.013749010 0.012448590 0.011234720 0.010856340 0.013127440 0.012308910 0.013091450 0.012502470 0.003794160 0.003759100 0.006501150 0.005213950 0.022594610 0.010830010 0.011616090 0.005716840 0.010342650 0.008939630 0.006681430 0.006322310 0.007745520 0.004914710 0.003446170 0.003136810 0.002450210 0.010008310 0.009923530 0.010062400 0.010392030 0.007614740 0.001692700 0.006556520 0.008180220 0.009944640 0.001790100 0.000964570 0.003767690 0.009834040 0.001401710 0.000834050 0.008582180 0.004943680 0.000000000 0.004114040 
0     0.000023620 0.010004760 0.009901890 0.010340860 0.008187360 0.022170870 0.048990020 0.037737800 0.036437380 0.035223510 0.034845130 0.011689010 0.009049770 0.013621910 0.013523510 0.006264160 0.006229100 0.008971150 0.007683950 0.014783760 0.015455680 0.014321420 0.008186840 0.010009640 0.010377200 0.016767280 0.014530770 0.013179110 0.008061390 0.006592850 0.006283490 0.005596890 0.017790660 0.017958530 0.017955400 0.019619900 0.013747030 0.004839380 0.013727750 0.019393850 0.012686240 0.004936780 0.004111250 0.016671360 0.036623800 0.016661420 0.003980730 0.020321380 0.021136940 0.004114040 0.000000000 
