51
4     0.000000000 0.855996394 0.744538197 0.730152565 0.819225503 1.031478671 0.953544731 1.149341073 1.051901875 0.991135634 1.226465383 0.944227299 0.952838768 0.941954408 0.893816290 0.821084358 0.991280727 0.976752990 0.936302439 0.986777828 1.021323142 0.918393719 1.036688264 1.112984587 0.806941902 0.934264379 0.931932977 0.949773919 1.060082285 1.078452383 1.030241927 0.983723644 1.041790918 0.932470318 0.965064171 1.015000939 0.894154193 0.994084106 1.010635363 1.021488757 1.017769903 0.996577424 0.884158170 0.891410114 0.912081286 0.871423799 0.875491404 0.999604317 0.844354053 0.880115929 1.166502634 
5     0.855996394 0.000000000 0.318928642 0.387690317 0.865562068 1.153474022 1.070347081 1.270830394 1.175712035 1.111346359 1.336527558 1.067543955 1.080534147 1.079661865 1.009131539 0.955167851 1.116241386 1.106237775 1.060919174 1.101173659 1.138922915 1.043906862 1.159333884 1.238785884 0.928333639 1.077895586 1.077026055 1.083728720 1.205699536 1.225211845 1.168931333 1.127947848 1.198106141 1.072713729 1.111819017 1.156021946 1.021401838 1.125029459 1.141162951 1.156021678 1.138612214 1.114858257 1.006142022 1.011529930 1.035171941 0.997010681 1.000947975 1.131117392 0.967999460 1.008701272 1.299292002 
1     0.744538197 0.318928642 0.000000000 0.292597189 0.753113170 1.042844032 0.961886690 1.154277472 1.061645269 0.994066803 1.221010701 0.950025053 0.963342622 0.959358851 0.893554889 0.837961955 0.997705321 0.988775061 0.943095608 0.984049171 1.022191344 0.927153707 1.039990291 1.117082382 0.808912249 0.960211075 0.959419616 0.966348282 1.088019904 1.109835999 1.052384090 1.014896432 1.070267242 0.952882615 0.992881969 1.033570732 0.901674481 1.006090323 1.026618831 1.043499781 1.021880810 0.999616473 0.891470616 0.895615855 0.918012216 0.878246576 0.887142593 1.011988251 0.852858922 0.888520577 1.180433516 
2     0.730152565 0.387690317 0.292597189 0.000000000 0.747553404 1.018795879 0.935560800 1.133531765 1.031497260 0.970186454 1.198994164 0.923038796 0.947209658 0.945532129 0.878542194 0.819913624 0.974871923 0.966152870 0.925133178 0.966891434 1.007273191 0.909447349 1.020246274 1.102853830 0.787279267 0.946992541 0.946437758 0.956474789 1.074501768 1.094771164 1.031948144 0.986081756 1.063270628 0.941290953 0.981640444 1.016707631 0.887868011 0.992486211 0.998035227 1.018490622 1.003860897 0.987360144 0.874417484 0.880326305 0.902705465 0.865310685 0.867419056 0.990139605 0.830587056 0.867090214 1.161330340 
3     0.819225503 0.865562068 0.753113170 0.747553404 0.000000000 1.094445514 1.024458312 1.219022453 1.118094828 1.057805058 1.291988221 1.006346710 1.017733872 1.018673939 0.950500194 0.889228628 1.052133260 1.034716848 0.989912192 1.030662369 1.067955649 0.972577219 1.090498563 1.163997776 0.855419878 0.995094089 0.995441711 1.014144636 1.125652950 1.142696270 1.099816605 1.060156803 1.131911818 0.996577761 1.044041037 1.086715598 0.954581877 1.056239843 1.066915394 1.081154214 1.078813220 1.051752306 0.938011994 0.947221038 0.957664117 0.924357291 0.921803097 1.054229589 0.916465179 0.936870758 1.235727119 
20     1.031478671 1.153474022 1.042844032 1.018795879 1.094445514 0.000000000 0.897813164 1.065959537 0.982620299 0.924831984 1.157003129 0.849810195 1.027321020 1.031130929 0.957417113 0.903791639 1.065216612 1.030939635 0.991396940 1.072277069 1.110874465 1.002948884 1.098376809 1.179654684 0.871373065 1.010611043 1.008905168 1.035601876 1.141220102 1.158331976 1.100515714 1.073094893 1.145630853 0.991840705 1.042196089 1.096378143 0.963819764 1.067807013 1.089329799 1.112456988 1.110269599 1.078573975 0.971354800 0.983770708 0.995928523 0.939906246 0.951917764 1.086959034 0.944830813 0.956194331 1.261930395 
7     0.953544731 1.070347081 0.961886690 0.935560800 1.024458312 0.897813164 0.000000000 0.970664507 0.878492109 0.819589756 1.060344487 0.762281002 0.976877768 0.962180897 0.899385913 0.842006351 1.000058600 0.967181219 0.924791750 1.002596869 1.040009658 0.935600973 1.026253204 1.106841857 0.805724151 0.953304424 0.953030459 0.977475213 1.069853552 1.096934843 1.016169287 1.012634804 1.072137533 0.969715584 0.991765533 1.036738258 0.897085297 0.989953644 1.027971370 1.053872972 1.043571065 1.002329567 0.895693610 0.908769053 0.929857396 0.882797547 0.888885544 1.020746970 0.884912002 0.896047175 1.197505743 
25     1.149341073 1.270830394 1.154277472 1.133531765 1.219022453 1.065959537 0.970664507 0.000000000 0.614534806 0.665850297 1.059727387 0.914893260 1.173421035 1.155457966 1.082728066 1.014463503 1.185485871 1.148644879 1.115406109 1.191354532 1.223236591 1.116604226 1.207418222 1.293917174 0.975507900 1.142291023 1.140517785 1.159595127 1.261158935 1.283525480 1.213549567 1.189460728 1.270680949 1.138817916 1.168742141 1.221870447 1.086573859 1.181455506 1.197086113 1.235183781 1.234690185 1.202769105 1.093861787 1.105537671 1.126969920 1.069497666 1.078796233 1.203752807 1.060638300 1.071233641 1.405509015 
26     1.051901875 1.175712035 1.061645269 1.031497260 1.118094828 0.982620299 0.878492109 0.614534806 0.000000000 0.573934058 0.977018690 0.836399594 1.070914010 1.050369742 0.988885885 0.932825259 1.089883552 1.062856258 1.027034165 1.099064625 1.128766134 1.018799519 1.119892151 1.199028606 0.884753587 1.047007021 1.045719247 1.056062813 1.168418380 1.187441474 1.110635329 1.087953956 1.172366455 1.029916985 1.058604938 1.115971486 0.985913164 1.081480939 1.091684165 1.139659095 1.137395210 1.090476442 0.989733502 1.000345707 1.028076715 0.967318468 0.976403536 1.097792102 0.956867290 0.962946011 1.303649226 
34     0.991135634 1.111346359 0.994066803 0.970186454 1.057805058 0.924831984 0.819589756 0.665850297 0.573934058 0.000000000 0.919317731 0.763081392 1.015271116 0.994458984 0.928942408 0.864045363 1.037799690 1.001461294 0.966680169 1.032317271 1.064861075 0.963406033 1.060920140 1.139292399 0.819069513 0.988295828 0.990281569 1.004625330 1.108422609 1.128798248 1.049528668 1.029740593 1.114210976 0.980423337 1.010609406 1.057660047 0.929107429 1.027149087 1.037409982 1.079675179 1.081322085 1.039813298 0.936543714 0.946995654 0.973100950 0.920206843 0.930044177 1.044667464 0.915658903 0.925591532 1.246772057 
21     1.226465383 1.336527558 1.221010701 1.198994164 1.291988221 1.157003129 1.060344487 1.059727387 0.977018690 0.919317731 0.000000000 1.027321853 1.248992004 1.233448542 1.172765410 1.101698400 1.281555044 1.254367086 1.212342948 1.285354000 1.315670461 1.206757801 1.310982603 1.388211822 1.073977915 1.238999262 1.237897905 1.251273192 1.356075261 1.379871428 1.307394487 1.284786897 1.358455307 1.223374871 1.256868885 1.303793185 1.179392347 1.275928897 1.288632989 1.331710332 1.326061139 1.289715694 1.189653669 1.193781198 1.218422923 1.155081601 1.169089515 1.295576320 1.142027774 1.163050114 1.497984672 
23     0.944227299 1.067543955 0.950025053 0.923038796 1.006346710 0.849810195 0.762281002 0.914893260 0.836399594 0.763081392 1.027321853 0.000000000 0.954835670 0.934908445 0.873574902 0.807546452 0.962542959 0.938206209 0.901126183 0.977425673 1.019351534 0.903301425 1.001682149 1.076199132 0.760123714 0.934227530 0.932900542 0.951218086 1.050667137 1.069157862 0.990696050 0.978363754 1.048206463 0.920308081 0.951054659 0.998614453 0.861103038 0.967142928 0.974904838 1.012885648 0.994947041 0.974909684 0.866531966 0.876694128 0.898285456 0.838559751 0.847341442 0.985991903 0.856878170 0.871884243 1.189105593 
10     0.952838768 1.080534147 0.963342622 0.947209658 1.017733872 1.027321020 0.976877768 1.173421035 1.070914010 1.015271116 1.248992004 0.954835670 0.000000000 0.251356757 0.818456507 0.758661261 0.909161598 0.954846976 0.912279471 0.976899197 1.017634191 0.918997012 1.019556309 1.087529973 0.779439653 0.967098621 0.965376604 0.990049194 1.070918580 1.093592217 1.051096564 1.028924031 1.085791456 0.954651901 1.004273071 1.054514745 0.909454463 1.011198656 1.014996852 1.038569477 1.034319655 1.019213645 0.905091223 0.912098096 0.936759132 0.866646720 0.876071486 1.032846325 0.889724548 0.895174827 1.205655319 
12     0.941954408 1.079661865 0.959358851 0.945532129 1.018673939 1.031130929 0.962180897 1.155457966 1.050369742 0.994458984 1.233448542 0.934908445 0.251356757 0.000000000 0.813230775 0.756368820 0.902303598 0.941796493 0.898430328 0.962803297 1.001559728 0.904262483 1.007547301 1.080019255 0.768073073 0.945465316 0.943743299 0.968294669 1.055380560 1.078827670 1.029577896 1.006201542 1.054425725 0.934869908 0.985974039 1.037600077 0.900601930 1.000746886 1.001181833 1.030735257 1.025504367 1.007048620 0.888404726 0.896334954 0.918030498 0.848025638 0.857878540 1.017399753 0.877273060 0.884399119 1.195554495 
18     0.893816290 1.009131539 0.893554889 0.878542194 0.950500194 0.957417113 0.899385913 1.082728066 0.988885885 0.928942408 1.172765410 0.873574902 0.818456507 0.813230775 0.000000000 0.368826036 0.699337739 0.884688914 0.830699922 0.915053018 0.957480928 0.849466530 0.939713961 1.005929905 0.704161645 0.882593982 0.880339735 0.905688601 0.998027342 1.017682902 0.969617211 0.940440713 0.997633766 0.879318478 0.924186427 0.962961166 0.823141203 0.922271184 0.935822984 0.941415938 0.951425229 0.928641835 0.813640915 0.821820945 0.843162174 0.778947889 0.781348950 0.950722752 0.816478269 0.815773251 1.117278299 
35     0.821084358 0.955167851 0.837961955 0.819913624 0.889228628 0.903791639 0.842006351 1.014463503 0.932825259 0.864045363 1.101698400 0.807546452 0.758661261 0.756368820 0.368826036 0.000000000 0.626470599 0.821563305 0.770069353 0.856061087 0.897640539 0.784514299 0.880006888 0.954247360 0.637993320 0.818075218 0.816308193 0.841107419 0.930533674 0.952394979 0.898090718 0.869774245 0.931460829 0.806109172 0.849454565 0.892334303 0.749913692 0.856580237 0.861250507 0.877451317 0.890381158 0.871618126 0.748704836 0.758491503 0.788734593 0.722131883 0.727945013 0.895419916 0.754832976 0.755319840 1.059354517 
50     0.991280727 1.116241386 0.997705321 0.974871923 1.052133260 1.065216612 1.000058600 1.185485871 1.089883552 1.037799690 1.281555044 0.962542959 0.909161598 0.902303598 0.699337739 0.626470599 0.000000000 0.984692806 0.942418502 1.006351719 1.044649862 0.943265737 1.030128866 1.114322821 0.802287962 0.984356451 0.983230988 1.011829048 1.103716874 1.123845225 1.066516344 1.043441151 1.101935853 0.966662318 1.009775096 1.052195001 0.918562272 1.023639615 1.031745851 1.050602085 1.057649292 1.028621325 0.922320169 0.930095337 0.954060913 0.902643402 0.910834521 1.049236826 0.916910016 0.909420534 1.231188740 
27     0.976752990 1.106237775 0.988775061 0.966152870 1.034716848 1.030939635 0.967181219 1.148644879 1.062856258 1.001461294 1.254367086 0.938206209 0.954846976 0.941796493 0.884688914 0.821563305 0.984692806 0.000000000 0.290074117 0.732163725 0.778873799 0.677115848 0.915009015 0.990958312 0.684730742 0.969648900 0.971430480 0.995487729 1.086193224 1.099835883 1.052537551 1.025593250 1.092687688 0.970984194 1.007953273 1.061195649 0.930083813 1.028578528 1.035225880 1.063764587 1.059675768 1.026591672 0.904330900 0.920735935 0.947856171 0.879372084 0.885753997 1.030528857 0.896265861 0.903354283 1.229335230 
13     0.936302439 1.060919174 0.943095608 0.925133178 0.989912192 0.991396940 0.924791750 1.115406109 1.027034165 0.966680169 1.212342948 0.901126183 0.912279471 0.898430328 0.830699922 0.770069353 0.942418502 0.290074117 0.000000000 0.693501688 0.740347728 0.629216211 0.866372236 0.938782199 0.647684019 0.925130642 0.928304492 0.955561076 1.040663432 1.061190747 1.006762861 0.982391975 1.040913595 0.928735951 0.967256369 1.009387606 0.873957320 0.976584923 0.981762422 1.007187273 0.996316354 0.975874098 0.852280270 0.866586135 0.892338765 0.823144609 0.829485814 0.972466046 0.838389506 0.849201623 1.172872169 
38     0.986777828 1.101173659 0.984049171 0.966891434 1.030662369 1.072277069 1.002596869 1.191354532 1.099064625 1.032317271 1.285354000 0.977425673 0.976899197 0.962803297 0.915053018 0.856061087 1.006351719 0.732163725 0.693501688 0.000000000 0.278965201 0.417321241 0.964741611 1.030537699 0.735436449 0.989811669 0.988656569 1.006791236 1.108033980 1.136121522 1.077520996 1.057917419 1.130660073 0.994980360 1.035316651 1.080878451 0.949595924 1.044979221 1.054592687 1.063961048 1.061535462 1.047163299 0.931868377 0.937059056 0.967403408 0.908504470 0.912952852 1.044312842 0.905148335 0.929968091 1.219503606 
14     1.021323142 1.138922915 1.022191344 1.007273191 1.067955649 1.110874465 1.040009658 1.223236591 1.128766134 1.064861075 1.315670461 1.019351534 1.017634191 1.001559728 0.957480928 0.897640539 1.044649862 0.778873799 0.740347728 0.278965201 0.000000000 0.464750709 1.009776684 1.079862052 0.780516739 1.028802330 1.027437217 1.045363647 1.147020471 1.176611164 1.118694194 1.098285862 1.171883564 1.036765343 1.079161839 1.122205825 0.989957819 1.084124023 1.098194784 1.108375173 1.102641479 1.087211508 0.965950619 0.973147091 0.999582384 0.946888108 0.947016096 1.086289105 0.945701888 0.967271248 1.260254534 
37     0.918393719 1.043906862 0.927153707 0.909447349 0.972577219 1.002948884 0.935600973 1.116604226 1.018799519 0.963406033 1.206757801 0.903301425 0.918997012 0.904262483 0.849466530 0.784514299 0.943265737 0.677115848 0.629216211 0.417321241 0.464750709 0.000000000 0.906053406 0.977364216 0.679073613 0.927641265 0.927206659 0.953121565 1.046908403 1.075360571 1.015762533 0.988054735 1.059138090 0.929801206 0.962494028 1.006863833 0.883408271 0.977946002 1.000667626 1.010747026 1.002309862 0.990603166 0.865441367 0.871506681 0.900454476 0.847035640 0.850076690 0.970299318 0.837210137 0.867029400 1.169081594 
19     1.036688264 1.159333884 1.039990291 1.020246274 1.090498563 1.098376809 1.026253204 1.207418222 1.119892151 1.060920140 1.310982603 1.001682149 1.019556309 1.007547301 0.939713961 0.880006888 1.030128866 0.915009015 0.866372236 0.964741611 1.009776684 0.906053406 0.000000000 0.788816368 0.569081251 1.026543652 1.024287863 1.048842786 1.134395687 1.162528089 1.103962090 1.087792306 1.161359698 1.015547269 1.055689308 1.101147254 0.963937414 1.069664960 1.079076926 1.094799982 1.082790052 1.063000883 0.950456716 0.964463192 0.985473386 0.936596623 0.937223715 1.071326942 0.952602235 0.952442303 1.264826970 
8     1.112984587 1.238785884 1.117082382 1.102853830 1.163997776 1.179654684 1.106841857 1.293917174 1.199028606 1.139292399 1.388211822 1.076199132 1.087529973 1.080019255 1.005929905 0.954247360 1.114322821 0.990958312 0.938782199 1.030537699 1.079862052 0.977364216 0.788816368 0.000000000 0.633637120 1.104452376 1.102464501 1.131095205 1.217311276 1.238418464 1.188361472 1.159146851 1.235623171 1.100815210 1.140586306 1.185965997 1.038538232 1.146093281 1.158156280 1.172182449 1.171182872 1.145064789 1.031195720 1.042149700 1.063679746 1.006661698 1.003413251 1.143377833 1.022363339 1.025240613 1.328843041 
17     0.806941902 0.928333639 0.808912249 0.787279267 0.855419878 0.871373065 0.805724151 0.975507900 0.884753587 0.819069513 1.073977915 0.760123714 0.779439653 0.768073073 0.704161645 0.637993320 0.802287962 0.684730742 0.647684019 0.735436449 0.780516739 0.679073613 0.569081251 0.633637120 0.000000000 0.800787795 0.799403017 0.820224727 0.913284904 0.938784993 0.876551692 0.858303889 0.931358245 0.789650275 0.827280713 0.874966763 0.739839820 0.847387932 0.851660088 0.868665280 0.866582568 0.837921721 0.736020701 0.746763926 0.770630958 0.709116581 0.712295790 0.852811543 0.730212146 0.735313504 1.036090454 
29     0.934264379 1.077895586 0.960211075 0.946992541 0.995094089 1.010611043 0.953304424 1.142291023 1.047007021 0.988295828 1.238999262 0.934227530 0.967098621 0.945465316 0.882593982 0.818075218 0.984356451 0.969648900 0.925130642 0.989811669 1.028802330 0.927641265 1.026543652 1.104452376 0.800787795 0.000000000 0.127327281 0.531928702 0.658147833 0.670042097 0.976575559 0.944672503 1.033124329 0.897090229 0.932035318 0.967626894 0.848475743 0.950723015 0.959706593 0.979198390 0.972434949 0.943095236 0.845177496 0.856355659 0.885347152 0.825841237 0.833061213 0.996719326 0.865650863 0.881808159 1.196478252 
16     0.931932977 1.077026055 0.959419616 0.946437758 0.995441711 1.008905168 0.953030459 1.140517785 1.045719247 0.990281569 1.237897905 0.932900542 0.965376604 0.943743299 0.880339735 0.816308193 0.983230988 0.971430480 0.928304492 0.988656569 1.027437217 0.927206659 1.024287863 1.102464501 0.799403017 0.127327281 0.000000000 0.535464420 0.659268077 0.670536486 0.974170739 0.940425376 1.031554274 0.897506290 0.932200010 0.970812082 0.847611173 0.948946126 0.956578538 0.978170317 0.972648570 0.941495983 0.841927757 0.853086960 0.882014552 0.821227124 0.827407762 0.994099308 0.860630655 0.877858373 1.195003045 
30     0.949773919 1.083728720 0.966348282 0.956474789 1.014144636 1.035601876 0.977475213 1.159595127 1.056062813 1.004625330 1.251273192 0.951218086 0.990049194 0.968294669 0.905688601 0.841107419 1.011829048 0.995487729 0.955561076 1.006791236 1.045363647 0.953121565 1.048842786 1.131095205 0.820224727 0.531928702 0.535464420 0.000000000 0.672679328 0.693461074 1.020151322 0.972087538 1.051134726 0.920260561 0.966473035 0.992886010 0.878809705 0.984140620 0.983347428 0.998091880 0.993736238 0.949375077 0.866763395 0.878478353 0.904646589 0.846714216 0.851010917 1.020370996 0.878141164 0.898942682 1.210219920 
44     1.060082285 1.205699536 1.088019904 1.074501768 1.125652950 1.141220102 1.069853552 1.261158935 1.168418380 1.108422609 1.356075261 1.050667137 1.070918580 1.055380560 0.998027342 0.930533674 1.103716874 1.086193224 1.040663432 1.108033980 1.147020471 1.046908403 1.134395687 1.217311276 0.913284904 0.658147833 0.659268077 0.672679328 0.000000000 0.458847734 1.096144734 1.056407900 1.132799379 1.000704016 1.038513293 1.077920963 0.957887495 1.061249236 1.068002814 1.085500878 1.086711983 1.046357038 0.949356383 0.960227938 0.993319264 0.931340690 0.931724210 1.109541960 0.990912739 0.984438495 1.333107470 
39     1.078452383 1.225211845 1.109835999 1.094771164 1.142696270 1.158331976 1.096934843 1.283525480 1.187441474 1.128798248 1.379871428 1.069157862 1.093592217 1.078827670 1.017682902 0.952394979 1.123845225 1.099835883 1.061190747 1.136121522 1.176611164 1.075360571 1.162528089 1.238418464 0.938784993 0.670042097 0.670536486 0.693461074 0.458847734 0.000000000 1.125546442 1.081218152 1.159098599 1.028764625 1.075433101 1.110132483 0.979417889 1.088448387 1.086287664 1.097871155 1.098722709 1.063110027 0.969319573 0.980732220 1.010659405 0.948123967 0.949836815 1.134587204 1.012237981 1.010139660 1.337903374 
36     1.030241927 1.168931333 1.052384090 1.031948144 1.099816605 1.100515714 1.016169287 1.213549567 1.110635329 1.049528668 1.307394487 0.990696050 1.051096564 1.029577896 0.969617211 0.898090718 1.066516344 1.052537551 1.006762861 1.077520996 1.118694194 1.015762533 1.103962090 1.188361472 0.876551692 0.976575559 0.974170739 1.020151322 1.096144734 1.125546442 0.000000000 0.741884929 0.829388740 0.814381584 0.859353021 0.900917612 0.909440362 1.019348677 1.014819954 1.052323884 1.044556706 1.013765278 0.916010008 0.924612341 0.947057197 0.887561226 0.895984493 1.073044658 0.955579109 0.936423985 1.306222899 
48     0.983723644 1.127947848 1.014896432 0.986081756 1.060156803 1.073094893 1.012634804 1.189460728 1.087953956 1.029740593 1.284786897 0.978363754 1.028924031 1.006201542 0.940440713 0.869774245 1.043441151 1.025593250 0.982391975 1.057917419 1.098285862 0.988054735 1.087792306 1.159146851 0.858303889 0.944672503 0.940425376 0.972087538 1.056407900 1.081218152 0.741884929 0.000000000 0.696320048 0.780623292 0.825498736 0.866339849 0.870171002 0.987759762 0.975580149 1.010302109 1.018748461 0.986180624 0.874081326 0.878937465 0.920005187 0.856014104 0.868130066 1.051027102 0.928818932 0.921940917 1.256329619 
9     1.041790918 1.198106141 1.070267242 1.063270628 1.131911818 1.145630853 1.072137533 1.270680949 1.172366455 1.114210976 1.358455307 1.048206463 1.085791456 1.054425725 0.997633766 0.931460829 1.101935853 1.092687688 1.040913595 1.130660073 1.171883564 1.059138090 1.161359698 1.235623171 0.931358245 1.033124329 1.031554274 1.051134726 1.132799379 1.159098599 0.829388740 0.696320048 0.000000000 0.861196184 0.902861905 0.939871385 0.953181162 1.064901301 1.055930782 1.099950480 1.095348098 1.071479326 0.952901484 0.962527575 0.990630792 0.939265089 0.951162233 1.124795225 0.990568009 0.990010470 1.312068046 
41     0.932470318 1.072713729 0.952882615 0.941290953 0.996577761 0.991840705 0.969715584 1.138817916 1.029916985 0.980423337 1.223374871 0.920308081 0.954651901 0.934869908 0.879318478 0.806109172 0.966662318 0.970984194 0.928735951 0.994980360 1.036765343 0.929801206 1.015547269 1.100815210 0.789650275 0.897090229 0.897506290 0.920260561 1.000704016 1.028764625 0.814381584 0.780623292 0.861196184 0.000000000 0.480278925 0.614503932 0.821005087 0.920185448 0.927269810 0.970914823 0.960377049 0.940393827 0.832895006 0.839007721 0.863753953 0.815530040 0.828835226 0.980531428 0.870034676 0.850590101 1.195353217 
31     0.965064171 1.111819017 0.992881969 0.981640444 1.044041037 1.042196089 0.991765533 1.168742141 1.058604938 1.010609406 1.256868885 0.951054659 1.004273071 0.985974039 0.924186427 0.849454565 1.009775096 1.007953273 0.967256369 1.035316651 1.079161839 0.962494028 1.055689308 1.140586306 0.827280713 0.932035318 0.932200010 0.966473035 1.038513293 1.075433101 0.859353021 0.825498736 0.902861905 0.480278925 0.000000000 0.642670513 0.845354500 0.953567102 0.972618815 1.017914686 1.005480961 0.976073324 0.862908023 0.869677020 0.896003658 0.847508357 0.864332732 1.013293995 0.899533281 0.885282251 1.235137146 
43     1.015000939 1.156021946 1.033570732 1.016707631 1.086715598 1.096378143 1.036738258 1.221870447 1.115971486 1.057660047 1.303793185 0.998614453 1.054514745 1.037600077 0.962961166 0.892334303 1.052195001 1.061195649 1.009387606 1.080878451 1.122205825 1.006863833 1.101147254 1.185965997 0.874966763 0.967626894 0.970812082 0.992886010 1.077920963 1.110132483 0.900917612 0.866339849 0.939871385 0.614503932 0.642670513 0.000000000 0.887257721 1.001883853 1.010510162 1.061507952 1.045994209 1.019703876 0.904625922 0.910480977 0.942125555 0.892383482 0.904906674 1.061791585 0.943282134 0.932144622 1.274871108 
11     0.894154193 1.021401838 0.901674481 0.887868011 0.954581877 0.963819764 0.897085297 1.086573859 0.985913164 0.929107429 1.179392347 0.861103038 0.909454463 0.900601930 0.823141203 0.749913692 0.918562272 0.930083813 0.873957320 0.949595924 0.989957819 0.883408271 0.963937414 1.038538232 0.739839820 0.848475743 0.847611173 0.878809705 0.957887495 0.979417889 0.909440362 0.870171002 0.953181162 0.821005087 0.845354500 0.887257721 0.000000000 0.540209030 0.822727332 0.911559224 0.904594693 0.875199991 0.768668429 0.774450710 0.812606886 0.756916045 0.760289957 0.939008156 0.815019776 0.810017692 1.155362158 
22     0.994084106 1.125029459 1.006090323 0.992486211 1.056239843 1.067807013 0.989953644 1.181455506 1.081480939 1.027149087 1.275928897 0.967142928 1.011198656 1.000746886 0.922271184 0.856580237 1.023639615 1.028578528 0.976584923 1.044979221 1.084124023 0.977946002 1.069664960 1.146093281 0.847387932 0.950723015 0.948946126 0.984140620 1.061249236 1.088448387 1.019348677 0.987759762 1.064901301 0.920185448 0.953567102 1.001883853 0.540209030 0.000000000 0.914145733 1.031302524 1.024643642 0.996553418 0.885471487 0.895973221 0.925767914 0.867771831 0.876703986 1.054819675 0.917368041 0.917611541 1.256873998 
47     1.010635363 1.141162951 1.026618831 0.998035227 1.066915394 1.089329799 1.027971370 1.197086113 1.091684165 1.037409982 1.288632989 0.974904838 1.014996852 1.001181833 0.935822984 0.861250507 1.031745851 1.035225880 0.981762422 1.054592687 1.098194784 1.000667626 1.079076926 1.158156280 0.851660088 0.959706593 0.956578538 0.983347428 1.068002814 1.086287664 1.014819954 0.975580149 1.055930782 0.927269810 0.972618815 1.010510162 0.822727332 0.914145733 0.000000000 1.022779301 1.028727433 0.996762809 0.889969516 0.900395238 0.935399689 0.876732344 0.880480442 1.067715714 0.941329901 0.925760061 1.247420250 
49     1.021488757 1.156021678 1.043499781 1.018490622 1.081154214 1.112456988 1.053872972 1.235183781 1.139659095 1.079675179 1.331710332 1.012885648 1.038569477 1.030735257 0.941415938 0.877451317 1.050602085 1.063764587 1.007187273 1.063961048 1.108375173 1.010747026 1.094799982 1.172182449 0.868665280 0.979198390 0.978170317 0.998091880 1.085500878 1.097871155 1.052323884 1.010302109 1.099950480 0.970914823 1.017914686 1.061507952 0.911559224 1.031302524 1.022779301 0.000000000 0.673374325 0.815922219 0.803628284 0.814806638 0.861740305 0.801931287 0.804981108 1.075212707 0.929569934 0.943822407 1.277715213 
42     1.017769903 1.138612214 1.021880810 1.003860897 1.078813220 1.110269599 1.043571065 1.234690185 1.137395210 1.081322085 1.326061139 0.994947041 1.034319655 1.025504367 0.951425229 0.890381158 1.057649292 1.059675768 0.996316354 1.061535462 1.102641479 1.002309862 1.082790052 1.171182872 0.866582568 0.972434949 0.972648570 0.993736238 1.086711983 1.098722709 1.044556706 1.018748461 1.095348098 0.960377049 1.005480961 1.045994209 0.904594693 1.024643642 1.028727433 0.673374325 0.000000000 0.808172586 0.789283023 0.799626144 0.841775728 0.782067708 0.782008118 1.078599135 0.950676757 0.950795598 1.268914611 
24     0.996577424 1.114858257 0.999616473 0.987360144 1.051752306 1.078573975 1.002329567 1.202769105 1.090476442 1.039813298 1.289715694 0.974909684 1.019213645 1.007048620 0.928641835 0.871618126 1.028621325 1.026591672 0.975874098 1.047163299 1.087211508 0.990603166 1.063000883 1.145064789 0.837921721 0.943095236 0.941495983 0.949375077 1.046357038 1.063110027 1.013765278 0.986180624 1.071479326 0.940393827 0.976073324 1.019703876 0.875199991 0.996553418 0.996762809 0.815922219 0.808172586 0.000000000 0.768834162 0.776604905 0.810103924 0.757685230 0.753107064 1.047292626 0.923813974 0.922021141 1.260136552 
15     0.884158170 1.006142022 0.891470616 0.874417484 0.938011994 0.971354800 0.895693610 1.093861787 0.989733502 0.936543714 1.189653669 0.866531966 0.905091223 0.888404726 0.813640915 0.748704836 0.922320169 0.904330900 0.852280270 0.931868377 0.965950619 0.865441367 0.950456716 1.031195720 0.736020701 0.845177496 0.841927757 0.866763395 0.949356383 0.969319573 0.916010008 0.874081326 0.952901484 0.832895006 0.862908023 0.904625922 0.768668429 0.885471487 0.889969516 0.803628284 0.789283023 0.768834162 0.000000000 0.129181186 0.432935676 0.420170684 0.422242582 0.945397103 0.809447204 0.807137805 1.142566959 
40     0.891410114 1.011529930 0.895615855 0.880326305 0.947221038 0.983770708 0.908769053 1.105537671 1.000345707 0.946995654 1.193781198 0.876694128 0.912098096 0.896334954 0.821820945 0.758491503 0.930095337 0.920735935 0.866586135 0.937059056 0.973147091 0.871506681 0.964463192 1.042149700 0.746763926 0.856355659 0.853086960 0.878478353 0.960227938 0.980732220 0.924612341 0.878937465 0.962527575 0.839007721 0.869677020 0.910480977 0.774450710 0.895973221 0.900395238 0.814806638 0.799626144 0.776604905 0.129181186 0.000000000 0.439958604 0.424960613 0.427147934 0.953604671 0.821235025 0.818514325 1.153416583 
6     0.912081286 1.035171941 0.918012216 0.902705465 0.957664117 0.995928523 0.929857396 1.126969920 1.028076715 0.973100950 1.218422923 0.898285456 0.936759132 0.918030498 0.843162174 0.788734593 0.954060913 0.947856171 0.892338765 0.967403408 0.999582384 0.900454476 0.985473386 1.063679746 0.770630958 0.885347152 0.882014552 0.904646589 0.993319264 1.010659405 0.947057197 0.920005187 0.990630792 0.863753953 0.896003658 0.942125555 0.812606886 0.925767914 0.935399689 0.861740305 0.841775728 0.810103924 0.432935676 0.439958604 0.000000000 0.454553974 0.462932856 0.977537705 0.853330629 0.849512680 1.180264724 
32     0.871423799 0.997010681 0.878246576 0.865310685 0.924357291 0.939906246 0.882797547 1.069497666 0.967318468 0.920206843 1.155081601 0.838559751 0.866646720 0.848025638 0.778947889 0.722131883 0.902643402 0.879372084 0.823144609 0.908504470 0.946888108 0.847035640 0.936596623 1.006661698 0.709116581 0.825841237 0.821227124 0.846714216 0.931340690 0.948123967 0.887561226 0.856014104 0.939265089 0.815530040 0.847508357 0.892383482 0.756916045 0.867771831 0.876732344 0.801931287 0.782067708 0.757685230 0.420170684 0.424960613 0.454553974 0.000000000 0.254562753 0.917725598 0.793608654 0.793463135 1.121352775 
28     0.875491404 1.000947975 0.887142593 0.867419056 0.921803097 0.951917764 0.888885544 1.078796233 0.976403536 0.930044177 1.169089515 0.847341442 0.876071486 0.857878540 0.781348950 0.727945013 0.910834521 0.885753997 0.829485814 0.912952852 0.947016096 0.850076690 0.937223715 1.003413251 0.712295790 0.833061213 0.827407762 0.851010917 0.931724210 0.949836815 0.895984493 0.868130066 0.951162233 0.828835226 0.864332732 0.904906674 0.760289957 0.876703986 0.880480442 0.804981108 0.782008118 0.753107064 0.422242582 0.427147934 0.462932856 0.254562753 0.000000000 0.918487345 0.791799264 0.787261478 1.101306972 
45     0.999604317 1.131117392 1.011988251 0.990139605 1.054229589 1.086959034 1.020746970 1.203752807 1.097792102 1.044667464 1.295576320 0.985991903 1.032846325 1.017399753 0.950722752 0.895419916 1.049236826 1.030528857 0.972466046 1.044312842 1.086289105 0.970299318 1.071326942 1.143377833 0.852811543 0.996719326 0.994099308 1.020370996 1.109541960 1.134587204 1.073044658 1.051027102 1.124795225 0.980531428 1.013293995 1.061791585 0.939008156 1.054819675 1.067715714 1.075212707 1.078599135 1.047292626 0.945397103 0.953604671 0.977537705 0.917725598 0.918487345 0.000000000 0.692183137 0.700284590 1.232866221 
46     0.844354053 0.967999460 0.852858922 0.830587056 0.916465179 0.944830813 0.884912002 1.060638300 0.956867290 0.915658903 1.142027774 0.856878170 0.889724548 0.877273060 0.816478269 0.754832976 0.916910016 0.896265861 0.838389506 0.905148335 0.945701888 0.837210137 0.952602235 1.022363339 0.730212146 0.865650863 0.860630655 0.878141164 0.990912739 1.012237981 0.955579109 0.928818932 0.990568009 0.870034676 0.899533281 0.943282134 0.815019776 0.917368041 0.941329901 0.929569934 0.950676757 0.923813974 0.809447204 0.821235025 0.853330629 0.793608654 0.791799264 0.692183137 0.000000000 0.475651562 1.095134201 
33     0.880115929 1.008701272 0.888520577 0.867090214 0.936870758 0.956194331 0.896047175 1.071233641 0.962946011 0.925591532 1.163050114 0.871884243 0.895174827 0.884399119 0.815773251 0.755319840 0.909420534 0.903354283 0.849201623 0.929968091 0.967271248 0.867029400 0.952442303 1.025240613 0.735313504 0.881808159 0.877858373 0.898942682 0.984438495 1.010139660 0.936423985 0.921940917 0.990010470 0.850590101 0.885282251 0.932144622 0.810017692 0.917611541 0.925760061 0.943822407 0.950795598 0.922021141 0.807137805 0.818514325 0.849512680 0.793463135 0.787261478 0.700284590 0.475651562 0.000000000 1.120656161 
0     1.166502634 1.299292002 1.180433516 1.161330340 1.235727119 1.261930395 1.197505743 1.405509015 1.303649226 1.246772057 1.497984672 1.189105593 1.205655319 1.195554495 1.117278299 1.059354517 1.231188740 1.229335230 1.172872169 1.219503606 1.260254534 1.169081594 1.264826970 1.328843041 1.036090454 1.196478252 1.195003045 1.210219920 1.333107470 1.337903374 1.306222899 1.256329619 1.312068046 1.195353217 1.235137146 1.274871108 1.155362158 1.256873998 1.247420250 1.277715213 1.268914611 1.260136552 1.142566959 1.153416583 1.180264724 1.121352775 1.101306972 1.232866221 1.095134201 1.120656161 0.000000000 
