51
9     0.000000000 0.000000630 0.000001170 0.000001530 0.000001560 0.000001600 0.000000990 0.000001670 0.000001640 0.000000700 0.000000660 0.000000620 0.000000620 0.000000500 0.000000470 0.000000180 0.000000640 0.000000700 0.000000560 0.000000930 0.000001590 0.000001550 0.000000430 0.000001170 0.000001090 0.000000930 0.000001690 0.000002600 0.000001710 0.000000440 0.000001440 0.000001960 0.000002000 0.000002330 0.000002080 0.000000210 0.000001230 0.000001250 0.000001160 0.000001440 0.000001960 0.000002200 0.000001770 0.000001170 0.000001010 0.000001820 0.000001430 0.000000790 0.000001410 0.000001720 0.000001730 
24     0.000000630 0.000000000 0.000001240 0.000001600 0.000001630 0.000001670 0.000000940 0.000001740 0.000001710 0.000000650 0.000000610 0.000000250 0.000000530 0.000000410 0.000000380 0.000000600 0.000000110 0.000000150 0.000000200 0.000000710 0.000000340 0.000001460 0.000000340 0.000001240 0.000001160 0.000001000 0.000000650 0.000002670 0.000001780 0.000000350 0.000001510 0.000002030 0.000002070 0.000002400 0.000002150 0.000000640 0.000001300 0.000001320 0.000000200 0.000001510 0.000002030 0.000002270 0.000001840 0.000000920 0.000000240 0.000001890 0.000001500 0.000000740 0.000001480 0.000001790 0.000001800 
17     0.000001170 0.000001240 0.000000000 0.000000920 0.000000950 0.000000990 0.000001600 0.000001500 0.000001470 0.000001140 0.000001270 0.000000910 0.000001230 0.000001110 0.000001080 0.000001300 0.000001250 0.000001310 0.000001170 0.000001540 0.000002200 0.000002160 0.000001040 0.000000320 0.000001220 0.000001060 0.000001520 0.000002360 0.000001540 0.000001050 0.000001270 0.000001790 0.000001830 0.000002160 0.000001230 0.000001180 0.000001060 0.000001080 0.000000590 0.000001570 0.000002090 0.000002330 0.000001900 0.000000960 0.000000800 0.000001650 0.000001560 0.000001400 0.000001540 0.000001550 0.000001860 
4     0.000001530 0.000001600 0.000000920 0.000000000 0.000000050 0.000000230 0.000001960 0.000001860 0.000001730 0.000001670 0.000001630 0.000001590 0.000001590 0.000001470 0.000001440 0.000001660 0.000001610 0.000001670 0.000001530 0.000001900 0.000002560 0.000002520 0.000001400 0.000000720 0.000001580 0.000001420 0.000001880 0.000002790 0.000001900 0.000001410 0.000001630 0.000002150 0.000002190 0.000002520 0.000002270 0.000001540 0.000001420 0.000001440 0.000000950 0.000001930 0.000002450 0.000002690 0.000002260 0.000001320 0.000001160 0.000002010 0.000001920 0.000001760 0.000001900 0.000001910 0.000002220 
15     0.000001560 0.000001630 0.000000950 0.000000050 0.000000000 0.000000260 0.000001990 0.000001890 0.000001860 0.000001700 0.000001660 0.000001620 0.000001620 0.000001500 0.000001470 0.000001690 0.000001640 0.000001700 0.000001560 0.000001930 0.000002590 0.000002550 0.000001430 0.000000750 0.000001610 0.000001450 0.000001910 0.000002820 0.000001930 0.000001440 0.000001660 0.000002180 0.000002220 0.000002550 0.000002300 0.000001570 0.000001450 0.000001470 0.000000980 0.000001960 0.000002480 0.000002720 0.000002290 0.000001350 0.000001190 0.000002040 0.000001950 0.000001790 0.000001930 0.000001940 0.000002250 
1     0.000001600 0.000001670 0.000000990 0.000000230 0.000000260 0.000000000 0.000002030 0.000001930 0.000001900 0.000001740 0.000001700 0.000001660 0.000001660 0.000001540 0.000001510 0.000001730 0.000001680 0.000001740 0.000001600 0.000001970 0.000002630 0.000002590 0.000001470 0.000000790 0.000001650 0.000001490 0.000001950 0.000002860 0.000001970 0.000001480 0.000001700 0.000002220 0.000002260 0.000002590 0.000002340 0.000001610 0.000001490 0.000001510 0.000001020 0.000002000 0.000002520 0.000002760 0.000002330 0.000001390 0.000001230 0.000002080 0.000001990 0.000001830 0.000001970 0.000001980 0.000002290 
20     0.000000990 0.000000940 0.000001600 0.000001960 0.000001990 0.000002030 0.000000000 0.000000940 0.000000930 0.000000790 0.000000750 0.000000930 0.000000930 0.000000810 0.000000780 0.000001000 0.000000950 0.000001010 0.000000870 0.000001240 0.000001700 0.000001860 0.000000740 0.000001600 0.000001520 0.000000530 0.000002120 0.000003030 0.000002140 0.000000750 0.000001050 0.000002390 0.000002430 0.000002760 0.000002510 0.000001000 0.000001660 0.000001680 0.000001590 0.000001870 0.000002390 0.000002630 0.000002200 0.000001150 0.000000840 0.000002250 0.000001860 0.000000400 0.000001840 0.000002150 0.000002160 
7     0.000001670 0.000001740 0.000001500 0.000001860 0.000001890 0.000001930 0.000000940 0.000000000 0.000000030 0.000000920 0.000000360 0.000001730 0.000001730 0.000001610 0.000001580 0.000001800 0.000001750 0.000001810 0.000001670 0.000000370 0.000000680 0.000002660 0.000001540 0.000001500 0.000001720 0.000001560 0.000001200 0.000002110 0.000000680 0.000001550 0.000000170 0.000000930 0.000000970 0.000001300 0.000001590 0.000001680 0.000000960 0.000000700 0.000001490 0.000002070 0.000002590 0.000002830 0.000002400 0.000001500 0.000001340 0.000002130 0.000002060 0.000001900 0.000002040 0.000000210 0.000002360 
14     0.000001640 0.000001710 0.000001470 0.000001730 0.000001860 0.000001900 0.000000930 0.000000030 0.000000000 0.000000600 0.000000490 0.000001700 0.000001700 0.000001580 0.000001550 0.000001770 0.000001720 0.000001780 0.000001640 0.000000320 0.000000630 0.000002630 0.000001510 0.000001470 0.000001690 0.000001530 0.000001170 0.000002080 0.000000650 0.000001520 0.000000160 0.000000900 0.000000940 0.000001270 0.000001560 0.000001650 0.000000930 0.000000620 0.000001460 0.000002040 0.000002560 0.000002800 0.000002370 0.000001470 0.000001310 0.000002100 0.000002030 0.000001870 0.000002010 0.000000180 0.000002330 
10     0.000000700 0.000000650 0.000001140 0.000001670 0.000001700 0.000001740 0.000000790 0.000000920 0.000000600 0.000000000 0.000000110 0.000000640 0.000000640 0.000000520 0.000000490 0.000000710 0.000000660 0.000000720 0.000000580 0.000000950 0.000001610 0.000001570 0.000000450 0.000001310 0.000001230 0.000001070 0.000001830 0.000002740 0.000001850 0.000000460 0.000001580 0.000002100 0.000002140 0.000002470 0.000002220 0.000000710 0.000001370 0.000001390 0.000001300 0.000001580 0.000000970 0.000002340 0.000001910 0.000001310 0.000001150 0.000001960 0.000001570 0.000000590 0.000001550 0.000001860 0.000001870 
19     0.000000660 0.000000610 0.000001270 0.000001630 0.000001660 0.000001700 0.000000750 0.000000360 0.000000490 0.000000110 0.000000000 0.000000600 0.000000600 0.000000480 0.000000450 0.000000670 0.000000620 0.000000680 0.000000540 0.000000910 0.000001570 0.000001530 0.000000410 0.000001270 0.000001190 0.000001030 0.000001790 0.000002700 0.000001810 0.000000420 0.000001540 0.000002060 0.000002100 0.000002430 0.000002180 0.000000670 0.000001330 0.000001350 0.000001260 0.000001540 0.000002060 0.000002300 0.000001870 0.000001270 0.000001110 0.000001920 0.000001530 0.000000550 0.000001510 0.000001820 0.000001830 
2     0.000000620 0.000000250 0.000000910 0.000001590 0.000001620 0.000001660 0.000000930 0.000001730 0.000001700 0.000000640 0.000000600 0.000000000 0.000000520 0.000000400 0.000000370 0.000000450 0.000000260 0.000000320 0.000000460 0.000000830 0.000001490 0.000001450 0.000000330 0.000001040 0.000001150 0.000000990 0.000001750 0.000002660 0.000001770 0.000000340 0.000001500 0.000002020 0.000001630 0.000002390 0.000002140 0.000000630 0.000001290 0.000001310 0.000001220 0.000001500 0.000002020 0.000002260 0.000001830 0.000001230 0.000001070 0.000001880 0.000001490 0.000000730 0.000001470 0.000001780 0.000001790 
18     0.000000620 0.000000530 0.000001230 0.000001590 0.000001620 0.000001660 0.000000930 0.000001730 0.000001700 0.000000640 0.000000600 0.000000520 0.000000000 0.000000360 0.000000330 0.000000570 0.000000540 0.000000600 0.000000440 0.000000830 0.000001490 0.000001450 0.000000330 0.000001230 0.000001150 0.000000990 0.000001750 0.000002660 0.000001770 0.000000340 0.000001500 0.000002020 0.000002060 0.000002390 0.000002140 0.000000630 0.000001290 0.000001310 0.000001220 0.000001500 0.000002020 0.000002260 0.000001830 0.000001230 0.000001070 0.000001880 0.000001490 0.000000730 0.000001470 0.000001780 0.000001790 
23     0.000000500 0.000000410 0.000001110 0.000001470 0.000001500 0.000001540 0.000000810 0.000001610 0.000001580 0.000000520 0.000000480 0.000000400 0.000000360 0.000000000 0.000000110 0.000000450 0.000000420 0.000000480 0.000000320 0.000000710 0.000001370 0.000001330 0.000000210 0.000001110 0.000001030 0.000000870 0.000001630 0.000002540 0.000001650 0.000000220 0.000001380 0.000001900 0.000001940 0.000002270 0.000002020 0.000000510 0.000001170 0.000001190 0.000001100 0.000001380 0.000001900 0.000002140 0.000001710 0.000001110 0.000000950 0.000001760 0.000001370 0.000000610 0.000001350 0.000001660 0.000001670 
6     0.000000470 0.000000380 0.000001080 0.000001440 0.000001470 0.000001510 0.000000780 0.000001580 0.000001550 0.000000490 0.000000450 0.000000370 0.000000330 0.000000110 0.000000000 0.000000420 0.000000390 0.000000450 0.000000290 0.000000680 0.000001340 0.000001300 0.000000180 0.000001080 0.000001000 0.000000840 0.000001600 0.000002510 0.000001620 0.000000190 0.000001350 0.000001870 0.000001910 0.000002240 0.000001990 0.000000480 0.000001140 0.000001160 0.000001070 0.000001350 0.000001870 0.000002110 0.000001680 0.000001080 0.000000920 0.000001730 0.000001340 0.000000580 0.000001320 0.000001630 0.000001640 
5     0.000000180 0.000000600 0.000001300 0.000001660 0.000001690 0.000001730 0.000001000 0.000001800 0.000001770 0.000000710 0.000000670 0.000000450 0.000000570 0.000000450 0.000000420 0.000000000 0.000000440 0.000000670 0.000000230 0.000000900 0.000001560 0.000001520 0.000000400 0.000001300 0.000001220 0.000001060 0.000001820 0.000002730 0.000001840 0.000000410 0.000001570 0.000002090 0.000001410 0.000002460 0.000002210 0.000000700 0.000001360 0.000001380 0.000001290 0.000001570 0.000002090 0.000002330 0.000001900 0.000001300 0.000001140 0.000001950 0.000001560 0.000000800 0.000001540 0.000001850 0.000001860 
8     0.000000640 0.000000110 0.000001250 0.000001610 0.000001640 0.000001680 0.000000950 0.000001750 0.000001720 0.000000660 0.000000620 0.000000260 0.000000540 0.000000420 0.000000390 0.000000440 0.000000000 0.000000180 0.000000480 0.000000850 0.000001510 0.000001460 0.000000350 0.000001250 0.000001170 0.000001010 0.000001770 0.000002680 0.000001790 0.000000360 0.000001520 0.000002040 0.000001710 0.000002410 0.000002160 0.000000650 0.000001310 0.000001330 0.000001240 0.000001520 0.000002040 0.000002280 0.000001850 0.000001250 0.000001090 0.000001900 0.000001510 0.000000750 0.000001490 0.000001800 0.000001810 
13     0.000000700 0.000000150 0.000001310 0.000001670 0.000001700 0.000001740 0.000001010 0.000001810 0.000001780 0.000000720 0.000000680 0.000000320 0.000000600 0.000000480 0.000000450 0.000000670 0.000000180 0.000000000 0.000000540 0.000000910 0.000001570 0.000001530 0.000000410 0.000001310 0.000001230 0.000001070 0.000001830 0.000002740 0.000001850 0.000000420 0.000001580 0.000002100 0.000002140 0.000002470 0.000002220 0.000000710 0.000001370 0.000001390 0.000001300 0.000001580 0.000000410 0.000001530 0.000001480 0.000001310 0.000001150 0.000001960 0.000001570 0.000000810 0.000001550 0.000001860 0.000001870 
26     0.000000560 0.000000200 0.000001170 0.000001530 0.000001560 0.000001600 0.000000870 0.000001670 0.000001640 0.000000580 0.000000540 0.000000460 0.000000440 0.000000320 0.000000290 0.000000230 0.000000480 0.000000540 0.000000000 0.000000770 0.000001430 0.000001390 0.000000270 0.000001170 0.000001090 0.000000930 0.000001690 0.000002600 0.000001710 0.000000280 0.000000250 0.000001960 0.000000040 0.000002330 0.000002080 0.000000570 0.000001230 0.000001250 0.000000000 0.000001440 0.000001960 0.000002200 0.000001770 0.000001170 0.000001010 0.000001820 0.000001430 0.000000670 0.000001410 0.000001720 0.000001730 
11     0.000000930 0.000000710 0.000001540 0.000001900 0.000001930 0.000001970 0.000001240 0.000000370 0.000000320 0.000000950 0.000000910 0.000000830 0.000000830 0.000000710 0.000000680 0.000000900 0.000000850 0.000000910 0.000000770 0.000000000 0.000000100 0.000001360 0.000000600 0.000001540 0.000001460 0.000001300 0.000002060 0.000002970 0.000002080 0.000000610 0.000001810 0.000002330 0.000002370 0.000002700 0.000002450 0.000000940 0.000001600 0.000001620 0.000001530 0.000001810 0.000002330 0.000002570 0.000002140 0.000001540 0.000001380 0.000002190 0.000001800 0.000001040 0.000001780 0.000002090 0.000002100 
25     0.000001590 0.000000340 0.000002200 0.000002560 0.000002590 0.000002630 0.000001700 0.000000680 0.000000630 0.000001610 0.000001570 0.000001490 0.000001490 0.000001370 0.000001340 0.000001560 0.000001510 0.000001570 0.000001430 0.000000100 0.000000000 0.000000080 0.000001260 0.000002200 0.000002120 0.000001960 0.000002720 0.000003630 0.000002740 0.000001270 0.000002470 0.000002990 0.000003030 0.000003360 0.000003110 0.000001600 0.000002260 0.000002280 0.000002190 0.000002470 0.000002990 0.000003230 0.000002800 0.000002200 0.000002040 0.000002850 0.000002460 0.000001700 0.000002440 0.000002750 0.000002760 
3     0.000001550 0.000001460 0.000002160 0.000002520 0.000002550 0.000002590 0.000001860 0.000002660 0.000002630 0.000001570 0.000001530 0.000001450 0.000001450 0.000001330 0.000001300 0.000001520 0.000001460 0.000001530 0.000001390 0.000001360 0.000000080 0.000000000 0.000001220 0.000002160 0.000002080 0.000001920 0.000002680 0.000003590 0.000002700 0.000001230 0.000002430 0.000002950 0.000002990 0.000003320 0.000003070 0.000001560 0.000002220 0.000002240 0.000002150 0.000001550 0.000001980 0.000002060 0.000002010 0.000002160 0.000002000 0.000002810 0.000002420 0.000001660 0.000002400 0.000002710 0.000002720 
16     0.000000430 0.000000340 0.000001040 0.000001400 0.000001430 0.000001470 0.000000740 0.000001540 0.000001510 0.000000450 0.000000410 0.000000330 0.000000330 0.000000210 0.000000180 0.000000400 0.000000350 0.000000410 0.000000270 0.000000600 0.000001260 0.000001220 0.000000000 0.000001040 0.000000960 0.000000800 0.000001560 0.000002470 0.000001580 0.000000070 0.000001310 0.000001830 0.000001870 0.000002200 0.000001950 0.000000440 0.000001100 0.000001120 0.000001030 0.000001310 0.000001830 0.000002070 0.000001640 0.000001040 0.000000880 0.000001690 0.000000930 0.000000540 0.000001280 0.000001590 0.000001600 
21     0.000001170 0.000001240 0.000000320 0.000000720 0.000000750 0.000000790 0.000001600 0.000001500 0.000001470 0.000001310 0.000001270 0.000001040 0.000001230 0.000001110 0.000001080 0.000001300 0.000001250 0.000001310 0.000001170 0.000001540 0.000002200 0.000002160 0.000001040 0.000000000 0.000001220 0.000001060 0.000000290 0.000002430 0.000001540 0.000001050 0.000001270 0.000001790 0.000001830 0.000002160 0.000001910 0.000001180 0.000001060 0.000001080 0.000000590 0.000001570 0.000002090 0.000002330 0.000001900 0.000000960 0.000000800 0.000001650 0.000001560 0.000001400 0.000001540 0.000001550 0.000001860 
22     0.000001090 0.000001160 0.000001220 0.000001580 0.000001610 0.000001650 0.000001520 0.000001720 0.000001690 0.000001230 0.000001190 0.000001150 0.000001150 0.000001030 0.000001000 0.000001220 0.000001170 0.000001230 0.000001090 0.000001460 0.000002120 0.000002080 0.000000960 0.000001220 0.000000000 0.000000000 0.000001740 0.000002650 0.000001760 0.000000970 0.000001490 0.000002010 0.000002050 0.000002380 0.000000000 0.000001100 0.000001280 0.000001300 0.000001210 0.000001470 0.000001910 0.000002150 0.000001720 0.000001220 0.000001060 0.000001870 0.000001460 0.000001320 0.000001440 0.000001770 0.000001680 
12     0.000000930 0.000001000 0.000001060 0.000001420 0.000001450 0.000001490 0.000000530 0.000001560 0.000001530 0.000001070 0.000001030 0.000000990 0.000000990 0.000000870 0.000000840 0.000001060 0.000001010 0.000001070 0.000000930 0.000001300 0.000001960 0.000001920 0.000000800 0.000001060 0.000000000 0.000000000 0.000001580 0.000002490 0.000001600 0.000000810 0.000001330 0.000001850 0.000001890 0.000002220 0.000000000 0.000000940 0.000001120 0.000001140 0.000000030 0.000001310 0.000001750 0.000001990 0.000001560 0.000000620 0.000000310 0.000000730 0.000001300 0.000001160 0.000001280 0.000001610 0.000001520 
48     0.000001690 0.000000650 0.000001520 0.000001880 0.000001910 0.000001950 0.000002120 0.000001200 0.000001170 0.000001830 0.000001790 0.000001750 0.000001750 0.000001630 0.000001600 0.000001820 0.000001770 0.000001830 0.000001690 0.000002060 0.000002720 0.000002680 0.000001560 0.000000290 0.000001740 0.000001580 0.000000000 0.000001530 0.000001240 0.000001570 0.000000970 0.000001490 0.000001530 0.000001860 0.000001230 0.000001700 0.000000980 0.000001000 0.000001510 0.000002090 0.000002610 0.000002850 0.000002420 0.000001520 0.000001360 0.000002150 0.000002080 0.000001920 0.000002060 0.000001250 0.000002380 
27     0.000002600 0.000002670 0.000002360 0.000002790 0.000002820 0.000002860 0.000003030 0.000002110 0.000002080 0.000002740 0.000002700 0.000002660 0.000002660 0.000002540 0.000002510 0.000002730 0.000002680 0.000002740 0.000002600 0.000002970 0.000003630 0.000003590 0.000002470 0.000002430 0.000002650 0.000002490 0.000001530 0.000000000 0.000002150 0.000002480 0.000001880 0.000002400 0.000002440 0.000002770 0.000002140 0.000002610 0.000001890 0.000001910 0.000002420 0.000003000 0.000003520 0.000003760 0.000000380 0.000002430 0.000002270 0.000003060 0.000002990 0.000002830 0.000002970 0.000002160 0.000003290 
44     0.000001710 0.000001780 0.000001540 0.000001900 0.000001930 0.000001970 0.000002140 0.000000680 0.000000650 0.000001850 0.000001810 0.000001770 0.000001770 0.000001650 0.000001620 0.000001840 0.000001790 0.000001850 0.000001710 0.000002080 0.000002740 0.000002700 0.000001580 0.000001540 0.000001760 0.000001600 0.000001240 0.000002150 0.000000000 0.000000770 0.000000450 0.000000670 0.000000710 0.000001040 0.000001630 0.000001720 0.000001000 0.000001020 0.000001530 0.000002110 0.000002600 0.000002680 0.000002440 0.000001540 0.000001380 0.000002020 0.000002100 0.000001940 0.000000470 0.000000730 0.000002400 
38     0.000000440 0.000000350 0.000001050 0.000001410 0.000001440 0.000001480 0.000000750 0.000001550 0.000001520 0.000000460 0.000000420 0.000000340 0.000000340 0.000000220 0.000000190 0.000000410 0.000000360 0.000000420 0.000000280 0.000000610 0.000001270 0.000001230 0.000000070 0.000001050 0.000000970 0.000000810 0.000001570 0.000002480 0.000000770 0.000000000 0.000001100 0.000001840 0.000001880 0.000002210 0.000001960 0.000000450 0.000001110 0.000001130 0.000001040 0.000001320 0.000001840 0.000002080 0.000001650 0.000001050 0.000000890 0.000000250 0.000001310 0.000000550 0.000000760 0.000001600 0.000001610 
32     0.000001440 0.000001510 0.000001270 0.000001630 0.000001660 0.000001700 0.000001050 0.000000170 0.000000160 0.000001580 0.000001540 0.000001500 0.000001500 0.000001380 0.000001350 0.000001570 0.000001520 0.000001580 0.000000250 0.000001810 0.000002470 0.000002430 0.000001310 0.000001270 0.000001490 0.000001330 0.000000970 0.000001880 0.000000450 0.000001100 0.000000000 0.000000700 0.000000740 0.000001070 0.000001360 0.000001450 0.000000730 0.000000750 0.000001260 0.000001840 0.000002360 0.000002600 0.000002170 0.000001270 0.000001110 0.000001900 0.000001830 0.000001670 0.000001810 0.000000460 0.000002130 
39     0.000001960 0.000002030 0.000001790 0.000002150 0.000002180 0.000002220 0.000002390 0.000000930 0.000000900 0.000002100 0.000002060 0.000002020 0.000002020 0.000001900 0.000001870 0.000002090 0.000002040 0.000002100 0.000001960 0.000002330 0.000002990 0.000002950 0.000001830 0.000001790 0.000002010 0.000001850 0.000001490 0.000002400 0.000000670 0.000001840 0.000000700 0.000000000 0.000000280 0.000001170 0.000001880 0.000001970 0.000001250 0.000001270 0.000001780 0.000002360 0.000002880 0.000003120 0.000002690 0.000001790 0.000001630 0.000002420 0.000002350 0.000002190 0.000002330 0.000000980 0.000002650 
50     0.000002000 0.000002070 0.000001830 0.000002190 0.000002220 0.000002260 0.000002430 0.000000970 0.000000940 0.000002140 0.000002100 0.000001630 0.000002060 0.000001940 0.000001910 0.000001410 0.000001710 0.000002140 0.000000040 0.000002370 0.000003030 0.000002990 0.000001870 0.000001830 0.000002050 0.000001890 0.000001530 0.000002440 0.000000710 0.000001880 0.000000740 0.000000280 0.000000000 0.000001210 0.000001920 0.000002010 0.000001290 0.000001310 0.000001820 0.000002400 0.000002920 0.000003160 0.000002730 0.000001830 0.000001670 0.000002460 0.000002390 0.000002230 0.000002370 0.000001020 0.000002690 
33     0.000002330 0.000002400 0.000002160 0.000002520 0.000002550 0.000002590 0.000002760 0.000001300 0.000001270 0.000002470 0.000002430 0.000002390 0.000002390 0.000002270 0.000002240 0.000002460 0.000002410 0.000002470 0.000002330 0.000002700 0.000003360 0.000003320 0.000002200 0.000002160 0.000002380 0.000002220 0.000001860 0.000002770 0.000001040 0.000002210 0.000001070 0.000001170 0.000001210 0.000000000 0.000002250 0.000002340 0.000001620 0.000001640 0.000002150 0.000002730 0.000003250 0.000003490 0.000003060 0.000002160 0.000000980 0.000002790 0.000002720 0.000002560 0.000002700 0.000001350 0.000003020 
40     0.000002080 0.000002150 0.000001230 0.000002270 0.000002300 0.000002340 0.000002510 0.000001590 0.000001560 0.000002220 0.000002180 0.000002140 0.000002140 0.000002020 0.000001990 0.000002210 0.000002160 0.000002220 0.000002080 0.000002450 0.000003110 0.000003070 0.000001950 0.000001910 0.000000000 0.000000000 0.000001230 0.000002140 0.000001630 0.000001960 0.000001360 0.000001880 0.000001920 0.000002250 0.000000000 0.000000000 0.000001370 0.000001390 0.000001900 0.000002480 0.000003000 0.000003240 0.000002810 0.000001910 0.000001750 0.000002540 0.000002470 0.000002310 0.000002450 0.000001640 0.000002770 
41     0.000000210 0.000000640 0.000001180 0.000001540 0.000001570 0.000001610 0.000001000 0.000001680 0.000001650 0.000000710 0.000000670 0.000000630 0.000000630 0.000000510 0.000000480 0.000000700 0.000000650 0.000000710 0.000000570 0.000000940 0.000001600 0.000001560 0.000000440 0.000001180 0.000001100 0.000000940 0.000001700 0.000002610 0.000001720 0.000000450 0.000001450 0.000001970 0.000002010 0.000002340 0.000000000 0.000000000 0.000001240 0.000001260 0.000001010 0.000001450 0.000001970 0.000002210 0.000001780 0.000001180 0.000001020 0.000001830 0.000001440 0.000000800 0.000001420 0.000001730 0.000001740 
45     0.000001230 0.000001300 0.000001060 0.000001420 0.000001450 0.000001490 0.000001660 0.000000960 0.000000930 0.000001370 0.000001330 0.000001290 0.000001290 0.000001170 0.000001140 0.000001360 0.000001310 0.000001370 0.000001230 0.000001600 0.000002260 0.000002220 0.000001100 0.000001060 0.000001280 0.000001120 0.000000980 0.000001890 0.000001000 0.000001110 0.000000730 0.000001250 0.000001290 0.000001620 0.000001370 0.000001240 0.000000000 0.000000080 0.000001050 0.000001630 0.000002150 0.000002390 0.000001960 0.000001060 0.000000900 0.000001690 0.000001620 0.000001460 0.000001600 0.000001010 0.000001920 
36     0.000001250 0.000001320 0.000001080 0.000001440 0.000001470 0.000001510 0.000001680 0.000000700 0.000000620 0.000001390 0.000001350 0.000001310 0.000001310 0.000001190 0.000001160 0.000001380 0.000001330 0.000001390 0.000001250 0.000001620 0.000002280 0.000002240 0.000001120 0.000001080 0.000001300 0.000001140 0.000001000 0.000001910 0.000001020 0.000001130 0.000000750 0.000001270 0.000001310 0.000001640 0.000001390 0.000001260 0.000000080 0.000000000 0.000001070 0.000001650 0.000002170 0.000002410 0.000001980 0.000001080 0.000000920 0.000001710 0.000001640 0.000001480 0.000001620 0.000001030 0.000001940 
31     0.000001160 0.000000200 0.000000590 0.000000950 0.000000980 0.000001020 0.000001590 0.000001490 0.000001460 0.000001300 0.000001260 0.000001220 0.000001220 0.000001100 0.000001070 0.000001290 0.000001240 0.000001300 0.000000000 0.000001530 0.000002190 0.000002150 0.000001030 0.000000590 0.000001210 0.000000030 0.000001510 0.000002420 0.000001530 0.000001040 0.000001260 0.000001780 0.000001820 0.000002150 0.000001900 0.000001010 0.000001050 0.000001070 0.000000000 0.000001560 0.000002080 0.000002320 0.000001890 0.000000950 0.000000790 0.000000380 0.000001550 0.000001390 0.000001530 0.000001540 0.000001850 
29     0.000001440 0.000001510 0.000001570 0.000001930 0.000001960 0.000002000 0.000001870 0.000002070 0.000002040 0.000001580 0.000001540 0.000001500 0.000001500 0.000001380 0.000001350 0.000001570 0.000001520 0.000001580 0.000001440 0.000001810 0.000002470 0.000001550 0.000001310 0.000001570 0.000001470 0.000001310 0.000002090 0.000003000 0.000002110 0.000001320 0.000001840 0.000002360 0.000002400 0.000002730 0.000002480 0.000001450 0.000001630 0.000001650 0.000001560 0.000000000 0.000001790 0.000001870 0.000001820 0.000001570 0.000001410 0.000002220 0.000000450 0.000001670 0.000000430 0.000002120 0.000002110 
43     0.000001960 0.000002030 0.000002090 0.000002450 0.000002480 0.000002520 0.000002390 0.000002590 0.000002560 0.000000970 0.000002060 0.000002020 0.000002020 0.000001900 0.000001870 0.000002090 0.000002040 0.000000410 0.000001960 0.000002330 0.000002990 0.000001980 0.000001830 0.000002090 0.000001910 0.000001750 0.000002610 0.000003520 0.000002600 0.000001840 0.000002360 0.000002880 0.000002920 0.000003250 0.000003000 0.000001970 0.000002150 0.000002170 0.000002080 0.000001790 0.000000000 0.000000020 0.000000310 0.000002090 0.000001930 0.000002740 0.000002330 0.000002190 0.000002310 0.000002370 0.000000570 
47     0.000002200 0.000002270 0.000002330 0.000002690 0.000002720 0.000002760 0.000002630 0.000002830 0.000002800 0.000002340 0.000002300 0.000002260 0.000002260 0.000002140 0.000002110 0.000002330 0.000002280 0.000001530 0.000002200 0.000002570 0.000003230 0.000002060 0.000002070 0.000002330 0.000002150 0.000001990 0.000002850 0.000003760 0.000002680 0.000002080 0.000002600 0.000003120 0.000003160 0.000003490 0.000003240 0.000002210 0.000002390 0.000002410 0.000002320 0.000001870 0.000000020 0.000000000 0.000000510 0.000002330 0.000002170 0.000002980 0.000002570 0.000002430 0.000002550 0.000002880 0.000000810 
37     0.000001770 0.000001840 0.000001900 0.000002260 0.000002290 0.000002330 0.000002200 0.000002400 0.000002370 0.000001910 0.000001870 0.000001830 0.000001830 0.000001710 0.000001680 0.000001900 0.000001850 0.000001480 0.000001770 0.000002140 0.000002800 0.000002010 0.000001640 0.000001900 0.000001720 0.000001560 0.000002420 0.000000380 0.000002440 0.000001650 0.000002170 0.000002690 0.000002730 0.000003060 0.000002810 0.000001780 0.000001960 0.000001980 0.000001890 0.000001820 0.000000310 0.000000510 0.000000000 0.000001900 0.000001740 0.000002550 0.000002140 0.000002000 0.000002120 0.000002450 0.000000380 
46     0.000001170 0.000000920 0.000000960 0.000001320 0.000001350 0.000001390 0.000001150 0.000001500 0.000001470 0.000001310 0.000001270 0.000001230 0.000001230 0.000001110 0.000001080 0.000001300 0.000001250 0.000001310 0.000001170 0.000001540 0.000002200 0.000002160 0.000001040 0.000000960 0.000001220 0.000000620 0.000001520 0.000002430 0.000001540 0.000001050 0.000001270 0.000001790 0.000001830 0.000002160 0.000001910 0.000001180 0.000001060 0.000001080 0.000000950 0.000001570 0.000002090 0.000002330 0.000001900 0.000000000 0.000000180 0.000001650 0.000001560 0.000001400 0.000001540 0.000001550 0.000001860 
49     0.000001010 0.000000240 0.000000800 0.000001160 0.000001190 0.000001230 0.000000840 0.000001340 0.000001310 0.000001150 0.000001110 0.000001070 0.000001070 0.000000950 0.000000920 0.000001140 0.000001090 0.000001150 0.000001010 0.000001380 0.000002040 0.000002000 0.000000880 0.000000800 0.000001060 0.000000310 0.000001360 0.000002270 0.000001380 0.000000890 0.000001110 0.000001630 0.000001670 0.000000980 0.000001750 0.000001020 0.000000900 0.000000920 0.000000790 0.000001410 0.000001930 0.000002170 0.000001740 0.000000180 0.000000000 0.000001490 0.000001400 0.000001240 0.000001380 0.000001390 0.000001700 
30     0.000001820 0.000001890 0.000001650 0.000002010 0.000002040 0.000002080 0.000002250 0.000002130 0.000002100 0.000001960 0.000001920 0.000001880 0.000001880 0.000001760 0.000001730 0.000001950 0.000001900 0.000001960 0.000001820 0.000002190 0.000002850 0.000002810 0.000001690 0.000001650 0.000001870 0.000000730 0.000002150 0.000003060 0.000002020 0.000000250 0.000001900 0.000002420 0.000002460 0.000002790 0.000002540 0.000001830 0.000001690 0.000001710 0.000000380 0.000002220 0.000002740 0.000002980 0.000002550 0.000001650 0.000001490 0.000000000 0.000002210 0.000002050 0.000002190 0.000002180 0.000002510 
42     0.000001430 0.000001500 0.000001560 0.000001920 0.000001950 0.000001990 0.000001860 0.000002060 0.000002030 0.000001570 0.000001530 0.000001490 0.000001490 0.000001370 0.000001340 0.000001560 0.000001510 0.000001570 0.000001430 0.000001800 0.000002460 0.000002420 0.000000930 0.000001560 0.000001460 0.000001300 0.000002080 0.000002990 0.000002100 0.000001310 0.000001830 0.000002350 0.000002390 0.000002720 0.000002470 0.000001440 0.000001620 0.000001640 0.000001550 0.000000450 0.000002330 0.000002570 0.000002140 0.000001560 0.000001400 0.000002210 0.000000000 0.000001660 0.000000180 0.000002110 0.000002100 
28     0.000000790 0.000000740 0.000001400 0.000001760 0.000001790 0.000001830 0.000000400 0.000001900 0.000001870 0.000000590 0.000000550 0.000000730 0.000000730 0.000000610 0.000000580 0.000000800 0.000000750 0.000000810 0.000000670 0.000001040 0.000001700 0.000001660 0.000000540 0.000001400 0.000001320 0.000001160 0.000001920 0.000002830 0.000001940 0.000000550 0.000001670 0.000002190 0.000002230 0.000002560 0.000002310 0.000000800 0.000001460 0.000001480 0.000001390 0.000001670 0.000002190 0.000002430 0.000002000 0.000001400 0.000001240 0.000002050 0.000001660 0.000000000 0.000001640 0.000001950 0.000001960 
34     0.000001410 0.000001480 0.000001540 0.000001900 0.000001930 0.000001970 0.000001840 0.000002040 0.000002010 0.000001550 0.000001510 0.000001470 0.000001470 0.000001350 0.000001320 0.000001540 0.000001490 0.000001550 0.000001410 0.000001780 0.000002440 0.000002400 0.000001280 0.000001540 0.000001440 0.000001280 0.000002060 0.000002970 0.000000470 0.000000760 0.000001810 0.000002330 0.000002370 0.000002700 0.000002450 0.000001420 0.000001600 0.000001620 0.000001530 0.000000430 0.000002310 0.000002550 0.000002120 0.000001540 0.000001380 0.000002190 0.000000180 0.000001640 0.000000000 0.000002090 0.000002080 
35     0.000001720 0.000001790 0.000001550 0.000001910 0.000001940 0.000001980 0.000002150 0.000000210 0.000000180 0.000001860 0.000001820 0.000001780 0.000001780 0.000001660 0.000001630 0.000001850 0.000001800 0.000001860 0.000001720 0.000002090 0.000002750 0.000002710 0.000001590 0.000001550 0.000001770 0.000001610 0.000001250 0.000002160 0.000000730 0.000001600 0.000000460 0.000000980 0.000001020 0.000001350 0.000001640 0.000001730 0.000001010 0.000001030 0.000001540 0.000002120 0.000002370 0.000002880 0.000002450 0.000001550 0.000001390 0.000002180 0.000002110 0.000001950 0.000002090 0.000000000 0.000002410 
0     0.000001730 0.000001800 0.000001860 0.000002220 0.000002250 0.000002290 0.000002160 0.000002360 0.000002330 0.000001870 0.000001830 0.000001790 0.000001790 0.000001670 0.000001640 0.000001860 0.000001810 0.000001870 0.000001730 0.000002100 0.000002760 0.000002720 0.000001600 0.000001860 0.000001680 0.000001520 0.000002380 0.000003290 0.000002400 0.000001610 0.000002130 0.000002650 0.000002690 0.000003020 0.000002770 0.000001740 0.000001920 0.000001940 0.000001850 0.000002110 0.000000570 0.000000810 0.000000380 0.000001860 0.000001700 0.000002510 0.000002100 0.000001960 0.000002080 0.000002410 0.000000000 
