51
9     0.000000000 0.141628577 0.176172021 0.217192920 0.224390726 0.220821289 0.179069520 0.173005604 0.172135325 0.178142536 0.178017516 0.167772373 0.210334933 0.173542609 0.178789774 0.173589872 0.175812098 0.196395649 0.173089643 0.204139208 0.208866569 0.208218721 0.157807646 0.184471949 0.189813372 0.187548663 0.227343276 0.253625813 0.190481164 0.192807890 0.191986961 0.220783397 0.205086760 0.214196893 0.236572614 0.219586838 0.204824975 0.202400626 0.165871250 0.196376490 0.184468518 0.186574837 0.190645996 0.178464951 0.164111460 0.173562021 0.188764157 0.214163338 0.197056794 0.181999198 0.227034602 
24     0.141628577 0.000000000 0.121804159 0.162849206 0.170006886 0.164971828 0.122879228 0.116731610 0.116301836 0.120087788 0.119483309 0.115032575 0.157936902 0.117835815 0.122993489 0.119735391 0.120659453 0.138511098 0.119097161 0.149662336 0.153673383 0.153616465 0.102826356 0.135727913 0.143417662 0.140683889 0.186873773 0.212317853 0.150761589 0.153841471 0.150914910 0.180973077 0.162468328 0.175320363 0.195011382 0.177798745 0.163712381 0.161542445 0.121570618 0.154375068 0.148563535 0.148305061 0.150980967 0.132858432 0.118400283 0.129098063 0.148463853 0.174572022 0.157783331 0.138950007 0.185879209 
17     0.176172021 0.121804159 0.000000000 0.166570362 0.173911423 0.169194228 0.151194197 0.140342764 0.139898568 0.147398790 0.145955890 0.142077034 0.184300845 0.146763477 0.151434378 0.145005118 0.145778832 0.164898740 0.145526859 0.175744395 0.179604509 0.178845598 0.130400349 0.163522144 0.176570824 0.173265501 0.222916197 0.249344237 0.185823599 0.191183955 0.187191020 0.216091307 0.197962950 0.209761208 0.228779999 0.212925812 0.198517166 0.195978035 0.158412417 0.189323739 0.182485761 0.179781370 0.184078566 0.171869602 0.156348993 0.167908437 0.182974405 0.206570797 0.193196182 0.175092036 0.225586384 
4     0.217192920 0.162849206 0.166570362 0.000000000 0.032572179 0.060624426 0.193928637 0.183374228 0.182705086 0.189779024 0.190376127 0.185539202 0.226752066 0.189882001 0.194545025 0.189462389 0.190442207 0.209649823 0.189034533 0.220614458 0.224987529 0.224431703 0.170463877 0.203502289 0.216745357 0.213957544 0.260294594 0.286383627 0.227846759 0.231339982 0.226031310 0.255330379 0.236753052 0.247020400 0.269334270 0.251856141 0.234609712 0.231565064 0.195831946 0.230558040 0.221652855 0.220736321 0.225911146 0.212877645 0.195425311 0.205982094 0.224343581 0.249380319 0.235546211 0.216205591 0.266888494 
15     0.224390726 0.170006886 0.173911423 0.032572179 0.000000000 0.068983804 0.201173375 0.190576229 0.189907087 0.196849889 0.197446992 0.192453384 0.233754475 0.196898357 0.201551455 0.196316877 0.197419047 0.216741274 0.195918089 0.226803446 0.232071208 0.231430693 0.177648108 0.210502793 0.223986441 0.221201816 0.267320751 0.293395646 0.234951106 0.238484256 0.233094370 0.262283733 0.243674309 0.254055287 0.276342584 0.258973685 0.241734826 0.238677045 0.202962458 0.237648753 0.228814383 0.228298701 0.233425938 0.219877979 0.202510770 0.213039850 0.231610841 0.256632935 0.242751581 0.223289955 0.274205011 
1     0.220821289 0.164971828 0.169194228 0.060624426 0.068983804 0.000000000 0.195588879 0.184909762 0.184237000 0.191539367 0.192086489 0.188545538 0.229324111 0.192682250 0.197255294 0.191579302 0.192965134 0.211901440 0.190802392 0.222319643 0.227606945 0.227105992 0.172741725 0.205554746 0.218914165 0.216220795 0.262964099 0.289399861 0.231219095 0.234353127 0.228278348 0.256653563 0.238462141 0.247046181 0.272261129 0.253558788 0.237842067 0.235305902 0.198436768 0.231426709 0.224232385 0.222500376 0.228276135 0.214356003 0.196934772 0.207467692 0.227004067 0.250915011 0.237011271 0.217879961 0.268726693 
20     0.179069520 0.122879228 0.151194197 0.193928637 0.201173375 0.195588879 0.000000000 0.077099398 0.076411091 0.086586030 0.086728971 0.120368833 0.161691776 0.118518748 0.124303196 0.122557523 0.124170189 0.145610655 0.122958363 0.154933872 0.159493745 0.157131380 0.107697606 0.159030165 0.179591986 0.176866834 0.226226140 0.249231269 0.185886574 0.189499926 0.185411653 0.218025491 0.199289142 0.210981322 0.233398997 0.214201136 0.201730923 0.198848163 0.159628856 0.191629274 0.180145233 0.181442720 0.185158058 0.174765588 0.159708819 0.169865021 0.183523109 0.211016876 0.193384907 0.175122294 0.231861962 
7     0.173005604 0.116731610 0.140342764 0.183374228 0.190576229 0.184909762 0.077099398 0.000000000 0.013968561 0.067416222 0.068784243 0.113124709 0.154166677 0.112944269 0.118088260 0.114733663 0.115639634 0.136079290 0.113367287 0.147809077 0.152371276 0.150639181 0.098461483 0.148839265 0.171375183 0.167982580 0.220007304 0.243692772 0.179093031 0.183524572 0.178467197 0.211429564 0.192846863 0.204790876 0.226148434 0.207555390 0.192000540 0.187839016 0.153870190 0.185399940 0.173537039 0.174788401 0.179067770 0.167033732 0.152511790 0.162021495 0.176991326 0.204554472 0.185140483 0.167335952 0.224241947 
14     0.172135325 0.116301836 0.139898568 0.182705086 0.189907087 0.184237000 0.076411091 0.013968561 0.000000000 0.065801296 0.067211783 0.112799469 0.154133049 0.113534725 0.118672350 0.115158079 0.116145879 0.136606359 0.113701819 0.148398295 0.153008454 0.151145169 0.098529627 0.149096664 0.170589907 0.167204721 0.219891331 0.243506565 0.178674646 0.183071042 0.178735365 0.211552673 0.192973370 0.205008411 0.226184697 0.205407988 0.191260171 0.186828533 0.153263273 0.184293836 0.172495078 0.174249265 0.177851141 0.166403467 0.151994510 0.161047086 0.176844900 0.203932276 0.184518053 0.166862163 0.223500382 
10     0.178142536 0.120087788 0.147398790 0.189779024 0.196849889 0.191539367 0.086586030 0.067416222 0.065801296 0.000000000 0.015084525 0.122109511 0.162457349 0.122049752 0.126984074 0.124888134 0.125680322 0.143349128 0.123963694 0.157678228 0.162440342 0.159278674 0.107886199 0.153619445 0.176059679 0.172587210 0.223991647 0.248943457 0.185674396 0.189803142 0.185358771 0.216913471 0.199659850 0.210583766 0.231373518 0.211190650 0.198747499 0.195656348 0.157563506 0.188160494 0.180819716 0.179077561 0.182854471 0.171819644 0.156910916 0.165733003 0.179422994 0.208877984 0.190855465 0.173380888 0.227996276 
19     0.178017516 0.119483309 0.145955890 0.190376127 0.197446992 0.192086489 0.086728971 0.068784243 0.067211783 0.015084525 0.000000000 0.121898151 0.161394407 0.121615409 0.126578081 0.124443535 0.125221425 0.142881927 0.123479494 0.156369742 0.161132974 0.158296507 0.106976894 0.153844837 0.176211462 0.172749344 0.223653232 0.248988853 0.184461144 0.189811064 0.185169394 0.216878248 0.199528675 0.210429071 0.231218079 0.211052459 0.198398186 0.195275449 0.157451404 0.188123902 0.180564526 0.178791540 0.182584319 0.171103055 0.156246611 0.164577850 0.179958906 0.209234790 0.191223706 0.173524138 0.226959966 
2     0.167772373 0.115032575 0.142077034 0.185539202 0.192453384 0.188545538 0.120368833 0.113124709 0.112799469 0.122109511 0.121898151 0.000000000 0.111459000 0.070238034 0.075662687 0.072649688 0.073932953 0.097514548 0.075275223 0.143030506 0.146852646 0.146481266 0.093558877 0.150745686 0.171119669 0.167825865 0.220646585 0.243681988 0.175653337 0.178740181 0.176737514 0.209883509 0.191939187 0.202657339 0.224839810 0.209760875 0.194389109 0.192254348 0.152368549 0.180742952 0.171274623 0.173234534 0.176420535 0.164750772 0.149011538 0.161713854 0.178121656 0.202722620 0.188388353 0.169281012 0.219645379 
18     0.210334933 0.157936902 0.184300845 0.226752066 0.233754475 0.229324111 0.161691776 0.154166677 0.154133049 0.162457349 0.161394407 0.111459000 0.000000000 0.100001697 0.105053774 0.108706672 0.110944969 0.135254812 0.112345427 0.183958128 0.187212288 0.186091489 0.132629835 0.192467327 0.212219915 0.208445668 0.260572491 0.286643755 0.218753830 0.223512829 0.220468662 0.252868257 0.235922883 0.244835322 0.267317387 0.252810022 0.239455923 0.233306327 0.191574154 0.223796667 0.213746255 0.215880522 0.218590491 0.208217390 0.193550139 0.204916445 0.221819854 0.246208490 0.230574686 0.211535430 0.259553587 
23     0.173542609 0.117835815 0.146763477 0.189882001 0.196898357 0.192682250 0.118518748 0.112944269 0.113534725 0.122049752 0.121615409 0.070238034 0.100001697 0.000000000 0.021572483 0.068894897 0.072060147 0.094533755 0.073234950 0.144263328 0.148203806 0.147643218 0.092224447 0.153646534 0.172858175 0.169353559 0.223518354 0.247294334 0.179517288 0.184311407 0.181881469 0.214151848 0.196677569 0.206604779 0.227686604 0.212016330 0.198955355 0.192473416 0.153521892 0.184574246 0.174245537 0.176971746 0.180304364 0.167458789 0.152240186 0.165583950 0.182474923 0.206935294 0.192209852 0.173106093 0.222670861 
6     0.178789774 0.122993489 0.151434378 0.194545025 0.201551455 0.197255294 0.124303196 0.118088260 0.118672350 0.126984074 0.126578081 0.075662687 0.105053774 0.021572483 0.000000000 0.072993544 0.075853564 0.098174350 0.078141493 0.149218496 0.152821939 0.152460180 0.096933943 0.158642550 0.177566747 0.174088064 0.229058916 0.253147791 0.186458263 0.190225811 0.188234884 0.220598119 0.203059183 0.212934064 0.232864043 0.219193647 0.205960464 0.199641288 0.160334658 0.190294023 0.179431798 0.182238771 0.184839043 0.173355393 0.158123782 0.170758121 0.188656491 0.212279787 0.197797950 0.179316143 0.228386585 
5     0.173589872 0.119735391 0.145005118 0.189462389 0.196316877 0.191579302 0.122557523 0.114733663 0.115158079 0.124888134 0.124443535 0.072649688 0.108706672 0.068894897 0.072993544 0.000000000 0.033149820 0.066103757 0.066469241 0.145015999 0.148228600 0.146494829 0.092865534 0.155268058 0.174098289 0.170504535 0.224415263 0.248513410 0.178923762 0.183917329 0.180683641 0.214405615 0.196358911 0.206276171 0.228520265 0.214095998 0.200197162 0.194450215 0.155104447 0.184769718 0.175429807 0.176782997 0.179703558 0.169606467 0.154511832 0.166179201 0.182345535 0.207141643 0.194030883 0.174301294 0.221791895 
8     0.175812098 0.120659453 0.145778832 0.190442207 0.197419047 0.192965134 0.124170189 0.115639634 0.116145879 0.125680322 0.125221425 0.073932953 0.110944969 0.072060147 0.075853564 0.033149820 0.000000000 0.065558283 0.067616579 0.145225048 0.148588487 0.147501017 0.093961362 0.156740987 0.174496323 0.170977811 0.223814725 0.248322778 0.182187819 0.187267257 0.183286098 0.214933324 0.197225304 0.208400231 0.229335204 0.215303936 0.201460653 0.196283064 0.156073720 0.186393612 0.177082883 0.178708249 0.181752645 0.171350847 0.156184154 0.167973125 0.184040532 0.208669880 0.196022345 0.175863012 0.223559580 
13     0.196395649 0.138511098 0.164898740 0.209649823 0.216741274 0.211901440 0.145610655 0.136079290 0.136606359 0.143349128 0.142881927 0.097514548 0.135254812 0.094533755 0.098174350 0.066103757 0.065558283 0.000000000 0.090924662 0.166507409 0.169454153 0.168999124 0.115848975 0.175227739 0.193584810 0.189995737 0.242938328 0.266953714 0.198818000 0.204177306 0.200748771 0.233464813 0.216684086 0.227160432 0.247168689 0.232062155 0.218441891 0.213059184 0.175900070 0.207414959 0.198440187 0.197494039 0.199736945 0.190169269 0.175001732 0.187308225 0.202209353 0.227209643 0.212844469 0.191936630 0.240921480 
26     0.173089643 0.119097161 0.145526859 0.189034533 0.195918089 0.190802392 0.122958363 0.113367287 0.113701819 0.123963694 0.123479494 0.075275223 0.112345427 0.073234950 0.078141493 0.066469241 0.067616579 0.090924662 0.000000000 0.145761446 0.148285418 0.148334568 0.094158013 0.153206156 0.172662062 0.168887704 0.218237686 0.244850998 0.174574384 0.177944944 0.176056437 0.208947628 0.189647898 0.201147130 0.225393266 0.212715167 0.197608881 0.193764673 0.153008063 0.183522759 0.173107444 0.174772073 0.177323635 0.166538437 0.151530374 0.163837116 0.181655056 0.206239391 0.192147510 0.170650802 0.222199590 
11     0.204139208 0.149662336 0.175744395 0.220614458 0.226803446 0.222319643 0.154933872 0.147809077 0.148398295 0.157678228 0.156369742 0.143030506 0.183958128 0.144263328 0.149218496 0.145015999 0.145225048 0.166507409 0.145761446 0.000000000 0.038310510 0.075559444 0.124594642 0.185437668 0.203190038 0.199389105 0.250746788 0.273837542 0.206027418 0.211145905 0.210416890 0.241074490 0.223398558 0.235837284 0.253699549 0.239143234 0.224392376 0.222512985 0.187099835 0.216479287 0.204007283 0.205187072 0.207195715 0.198112625 0.184074041 0.194196188 0.207193012 0.234936278 0.219774589 0.202269341 0.256978848 
25     0.208866569 0.153673383 0.179604509 0.224987529 0.232071208 0.227606945 0.159493745 0.152371276 0.153008454 0.162440342 0.161132974 0.146852646 0.187212288 0.148203806 0.152821939 0.148228600 0.148588487 0.169454153 0.148285418 0.038310510 0.000000000 0.079043167 0.128536118 0.187873306 0.207981725 0.204202056 0.254577071 0.277464284 0.211090276 0.216583792 0.214860382 0.246016737 0.227229672 0.240265231 0.258245906 0.243558301 0.230091903 0.227538707 0.191848321 0.221867834 0.210001652 0.210600963 0.213110534 0.203341721 0.189309059 0.200227613 0.214614140 0.239162497 0.226104836 0.207137394 0.260311728 
3     0.208218721 0.153616465 0.178845598 0.224431703 0.231430693 0.227105992 0.157131380 0.150639181 0.151145169 0.159278674 0.158296507 0.146481266 0.186091489 0.147643218 0.152460180 0.146494829 0.147501017 0.168999124 0.148334568 0.075559444 0.079043167 0.000000000 0.129284682 0.188152330 0.205160480 0.201585892 0.256180825 0.280407868 0.213299346 0.218763576 0.216918610 0.247551533 0.228907700 0.238585854 0.261819128 0.246102455 0.231341815 0.229589630 0.189573651 0.220327701 0.206349128 0.206008313 0.208974629 0.200509105 0.186775729 0.196136168 0.211503660 0.239077300 0.223440028 0.205829811 0.259391129 
16     0.157807646 0.102826356 0.130400349 0.170463877 0.177648108 0.172741725 0.107697606 0.098461483 0.098529627 0.107886199 0.106976894 0.093558877 0.132629835 0.092224447 0.096933943 0.092865534 0.093961362 0.115848975 0.094158013 0.124594642 0.128536118 0.129284682 0.000000000 0.137923826 0.156065370 0.152458744 0.204586102 0.229826367 0.161900776 0.165986836 0.164814429 0.196752196 0.178650918 0.191129210 0.210775769 0.193235988 0.180134572 0.175217721 0.139739712 0.172072384 0.160849248 0.161556724 0.163623902 0.154929387 0.139388915 0.150437486 0.164780494 0.189058451 0.174680492 0.157892213 0.207370441 
21     0.184471949 0.135727913 0.163522144 0.203502289 0.210502793 0.205554746 0.159030165 0.148839265 0.149096664 0.153619445 0.153844837 0.150745686 0.192467327 0.153646534 0.158642550 0.155268058 0.156740987 0.175227739 0.153206156 0.185437668 0.187873306 0.188152330 0.137923826 0.000000000 0.188073437 0.185078824 0.232047254 0.260241187 0.194966856 0.195832080 0.197243676 0.227836028 0.211029641 0.220663097 0.240057010 0.225431699 0.213492011 0.209474760 0.170701449 0.202111795 0.194768888 0.192032874 0.196795427 0.187289305 0.172498626 0.177615188 0.193995205 0.221299114 0.203849756 0.184381591 0.238314578 
22     0.189813372 0.143417662 0.176570824 0.216745357 0.223986441 0.218914165 0.179591986 0.171375183 0.170589907 0.176059679 0.176211462 0.171119669 0.212219915 0.172858175 0.177566747 0.174098289 0.174496323 0.193584810 0.172662062 0.203190038 0.207981725 0.205160480 0.156065370 0.188073437 0.000000000 0.034039237 0.233042785 0.260217744 0.198551105 0.201964237 0.200297646 0.226860548 0.209621992 0.219464205 0.241629515 0.226952113 0.210847169 0.209730775 0.168391971 0.202120588 0.194409626 0.193708027 0.197222971 0.183367054 0.168328375 0.178133666 0.198088028 0.225087561 0.206096877 0.186819412 0.235521165 
12     0.187548663 0.140683889 0.173265501 0.213957544 0.221201816 0.216220795 0.176866834 0.167982580 0.167204721 0.172587210 0.172749344 0.167825865 0.208445668 0.169353559 0.174088064 0.170504535 0.170977811 0.189995737 0.168887704 0.199389105 0.204202056 0.201585892 0.152458744 0.185078824 0.034039237 0.000000000 0.231068191 0.258157362 0.195568911 0.199637172 0.198041453 0.224154510 0.207166120 0.217371114 0.239489426 0.224499923 0.207575799 0.206920894 0.166237502 0.199518504 0.191866611 0.191472900 0.194521476 0.180490354 0.165438313 0.175959839 0.195519549 0.222471231 0.203598855 0.184407474 0.232201685 
48     0.227343276 0.186873773 0.222916197 0.260294594 0.267320751 0.262964099 0.226226140 0.220007304 0.219891331 0.223991647 0.223653232 0.220646585 0.260572491 0.223518354 0.229058916 0.224415263 0.223814725 0.242938328 0.218237686 0.250746788 0.254577071 0.256180825 0.204586102 0.232047254 0.233042785 0.231068191 0.000000000 0.201941434 0.186128314 0.189344322 0.184827960 0.210560576 0.190049280 0.196747058 0.229425439 0.236375779 0.216408715 0.214050153 0.200945482 0.230967477 0.221566830 0.220240319 0.225606593 0.216734102 0.201682525 0.205360696 0.224185298 0.253494510 0.234361006 0.213523423 0.269661756 
27     0.253625813 0.212317853 0.249344237 0.286383627 0.293395646 0.289399861 0.249231269 0.243692772 0.243506565 0.248943457 0.248988853 0.243681988 0.286643755 0.247294334 0.253147791 0.248513410 0.248322778 0.266953714 0.244850998 0.273837542 0.277464284 0.280407868 0.229826367 0.260241187 0.260217744 0.258157362 0.201941434 0.000000000 0.206878043 0.209958095 0.205607209 0.227190419 0.208985498 0.222451688 0.252986948 0.262080639 0.243090526 0.239855278 0.228311141 0.258375465 0.247065065 0.247011183 0.250942777 0.238657536 0.223725635 0.229953034 0.246535295 0.277478838 0.255945512 0.235366985 0.296157592 
44     0.190481164 0.150761589 0.185823599 0.227846759 0.234951106 0.231219095 0.185886574 0.179093031 0.178674646 0.185674396 0.184461144 0.175653337 0.218753830 0.179517288 0.186458263 0.178923762 0.182187819 0.198818000 0.174574384 0.206027418 0.211090276 0.213299346 0.161900776 0.194966856 0.198551105 0.195568911 0.186128314 0.206878043 0.000000000 0.054674843 0.070586394 0.155069952 0.134728143 0.150067319 0.194950992 0.201168861 0.181671707 0.180596773 0.162761646 0.193687063 0.183534042 0.183577682 0.186878189 0.175846870 0.161022606 0.169863100 0.187519285 0.213780894 0.196456628 0.177693717 0.235196761 
38     0.192807890 0.153841471 0.191183955 0.231339982 0.238484256 0.234353127 0.189499926 0.183524572 0.183071042 0.189803142 0.189811064 0.178740181 0.223512829 0.184311407 0.190225811 0.183917329 0.187267257 0.204177306 0.177944944 0.211145905 0.216583792 0.218763576 0.165986836 0.195832080 0.201964237 0.199637172 0.189344322 0.209958095 0.054674843 0.000000000 0.074814136 0.158818276 0.139140569 0.153230288 0.198050606 0.203455599 0.187020865 0.184320457 0.165993512 0.198039485 0.186965181 0.186575138 0.190295376 0.178475346 0.163683328 0.172929165 0.190710811 0.217677550 0.198734557 0.180274125 0.239241342 
32     0.191986961 0.150914910 0.187191020 0.226031310 0.233094370 0.228278348 0.185411653 0.178467197 0.178735365 0.185358771 0.185169394 0.176737514 0.220468662 0.181881469 0.188234884 0.180683641 0.183286098 0.200748771 0.176056437 0.210416890 0.214860382 0.216918610 0.164814429 0.197243676 0.200297646 0.198041453 0.184827960 0.205607209 0.070586394 0.074814136 0.000000000 0.155447859 0.133949753 0.146299115 0.194918893 0.199225725 0.180366137 0.177736623 0.163682253 0.194367242 0.184168086 0.183849961 0.188364737 0.175634307 0.160726546 0.167769955 0.186034064 0.212508646 0.196184967 0.177346002 0.235327621 
39     0.220783397 0.180973077 0.216091307 0.255330379 0.262283733 0.256653563 0.218025491 0.211429564 0.211552673 0.216913471 0.216878248 0.209883509 0.252868257 0.214151848 0.220598119 0.214405615 0.214933324 0.233464813 0.208947628 0.241074490 0.246016737 0.247551533 0.196752196 0.227836028 0.226860548 0.224154510 0.210560576 0.227190419 0.155069952 0.158818276 0.155447859 0.000000000 0.067058594 0.142350928 0.220124091 0.230376703 0.211128846 0.207509640 0.195805078 0.227018191 0.215190701 0.215268893 0.219317418 0.204999546 0.189972415 0.197023711 0.220607821 0.243675063 0.223455740 0.209520986 0.265031871 
50     0.205086760 0.162468328 0.197962950 0.236753052 0.243674309 0.238462141 0.199289142 0.192846863 0.192973370 0.199659850 0.199528675 0.191939187 0.235922883 0.196677569 0.203059183 0.196358911 0.197225304 0.216684086 0.189647898 0.223398558 0.227229672 0.228907700 0.178650918 0.211029641 0.209621992 0.207166120 0.190049280 0.208985498 0.134728143 0.139140569 0.133949753 0.067058594 0.000000000 0.123553071 0.201232916 0.210858241 0.191679896 0.188398302 0.174634274 0.205932307 0.192124587 0.192407343 0.196671418 0.182896565 0.168409396 0.177741523 0.202213001 0.228093183 0.207206840 0.192321342 0.247098355 
33     0.214196893 0.175320363 0.209761208 0.247020400 0.254055287 0.247046181 0.210981322 0.204790876 0.205008411 0.210583766 0.210429071 0.202657339 0.244835322 0.206604779 0.212934064 0.206276171 0.208400231 0.227160432 0.201147130 0.235837284 0.240265231 0.238585854 0.191129210 0.220663097 0.219464205 0.217371114 0.196747058 0.222451688 0.150067319 0.153230288 0.146299115 0.142350928 0.123553071 0.000000000 0.206055999 0.222011576 0.200666293 0.198619278 0.184247247 0.217511604 0.207356686 0.205980724 0.211565692 0.196648185 0.181999529 0.188300893 0.210309514 0.239476001 0.218374257 0.198480154 0.255290687 
40     0.236572614 0.195011382 0.228779999 0.269334270 0.276342584 0.272261129 0.233398997 0.226148434 0.226184697 0.231373518 0.231218079 0.224839810 0.267317387 0.227686604 0.232864043 0.228520265 0.229335204 0.247168689 0.225393266 0.253699549 0.258245906 0.261819128 0.210775769 0.240057010 0.241629515 0.239489426 0.229425439 0.252986948 0.194950992 0.198050606 0.194918893 0.220124091 0.201232916 0.206055999 0.000000000 0.240641363 0.220649885 0.217975981 0.206235831 0.234968133 0.228114568 0.226209525 0.229507997 0.220280280 0.206251728 0.210675663 0.230956211 0.260623736 0.242174092 0.221946701 0.279790281 
41     0.219586838 0.177798745 0.212925812 0.251856141 0.258973685 0.253558788 0.214201136 0.207555390 0.205407988 0.211190650 0.211052459 0.209760875 0.252810022 0.212016330 0.219193647 0.214095998 0.215303936 0.232062155 0.212715167 0.239143234 0.243558301 0.246102455 0.193235988 0.225431699 0.226952113 0.224499923 0.236375779 0.262080639 0.201168861 0.203455599 0.199225725 0.230376703 0.210858241 0.222011576 0.240641363 0.000000000 0.117282137 0.111635372 0.193030099 0.219768066 0.211132462 0.212129280 0.216324390 0.205359115 0.190736771 0.199392874 0.219749974 0.246009444 0.229360882 0.208967593 0.260634510 
45     0.204824975 0.163712381 0.198517166 0.234609712 0.241734826 0.237842067 0.201730923 0.192000540 0.191260171 0.198747499 0.198398186 0.194389109 0.239455923 0.198955355 0.205960464 0.200197162 0.201460653 0.218441891 0.197608881 0.224392376 0.230091903 0.231341815 0.180134572 0.213492011 0.210847169 0.207575799 0.216408715 0.243090526 0.181671707 0.187020865 0.180366137 0.211128846 0.191679896 0.200666293 0.220649885 0.117282137 0.000000000 0.046124180 0.177176254 0.204621599 0.195408962 0.195973509 0.199524355 0.190158943 0.175475273 0.180718759 0.201332561 0.228965643 0.212149710 0.190317272 0.248651885 
36     0.202400626 0.161542445 0.195978035 0.231565064 0.238677045 0.235305902 0.198848163 0.187839016 0.186828533 0.195656348 0.195275449 0.192254348 0.233306327 0.192473416 0.199641288 0.194450215 0.196283064 0.213059184 0.193764673 0.222512985 0.227538707 0.229589630 0.175217721 0.209474760 0.209730775 0.206920894 0.214050153 0.239855278 0.180596773 0.184320457 0.177736623 0.207509640 0.188398302 0.198619278 0.217975981 0.111635372 0.046124180 0.000000000 0.172207516 0.203541861 0.192585232 0.193366932 0.197492395 0.186613864 0.171935745 0.180029700 0.200578050 0.227422560 0.210394995 0.187660350 0.246003317 
31     0.165871250 0.121570618 0.158412417 0.195831946 0.202962458 0.198436768 0.159628856 0.153870190 0.153263273 0.157563506 0.157451404 0.152368549 0.191574154 0.153521892 0.160334658 0.155104447 0.156073720 0.175900070 0.153008063 0.187099835 0.191848321 0.189573651 0.139739712 0.170701449 0.168391971 0.166237502 0.200945482 0.228311141 0.162761646 0.165993512 0.163682253 0.195805078 0.174634274 0.184247247 0.206235831 0.193030099 0.177176254 0.172207516 0.000000000 0.141343831 0.130924148 0.129730196 0.134049206 0.123013534 0.107213252 0.123269557 0.160804680 0.190805960 0.174065262 0.152282298 0.210397154 
29     0.196376490 0.154375068 0.189323739 0.230558040 0.237648753 0.231426709 0.191629274 0.185399940 0.184293836 0.188160494 0.188123902 0.180742952 0.223796667 0.184574246 0.190294023 0.184769718 0.186393612 0.207414959 0.183522759 0.216479287 0.221867834 0.220327701 0.172072384 0.202111795 0.202120588 0.199518504 0.230967477 0.258375465 0.193687063 0.198039485 0.194367242 0.227018191 0.205932307 0.217511604 0.234968133 0.219768066 0.204621599 0.203541861 0.141343831 0.000000000 0.120169832 0.120715913 0.125853232 0.143374047 0.128001046 0.153544220 0.192426215 0.221842480 0.203305888 0.183700404 0.242237211 
43     0.184468518 0.148563535 0.182485761 0.221652855 0.228814383 0.224232385 0.180145233 0.173537039 0.172495078 0.180819716 0.180564526 0.171274623 0.213746255 0.174245537 0.179431798 0.175429807 0.177082883 0.198440187 0.173107444 0.204007283 0.210001652 0.206349128 0.160849248 0.194768888 0.194409626 0.191866611 0.221566830 0.247065065 0.183534042 0.186965181 0.184168086 0.215190701 0.192124587 0.207356686 0.228114568 0.211132462 0.195408962 0.192585232 0.130924148 0.120169832 0.000000000 0.059132837 0.065634383 0.133865411 0.117997201 0.143652859 0.183142495 0.211758483 0.193877362 0.174032724 0.237072287 
47     0.186574837 0.148305061 0.179781370 0.220736321 0.228298701 0.222500376 0.181442720 0.174788401 0.174249265 0.179077561 0.178791540 0.173234534 0.215880522 0.176971746 0.182238771 0.176782997 0.178708249 0.197494039 0.174772073 0.205187072 0.210600963 0.206008313 0.161556724 0.192032874 0.193708027 0.191472900 0.220240319 0.247011183 0.183577682 0.186575138 0.183849961 0.215268893 0.192407343 0.205980724 0.226209525 0.212129280 0.195973509 0.193366932 0.129730196 0.120715913 0.059132837 0.000000000 0.052272794 0.134627408 0.118938279 0.143730704 0.181401879 0.209790835 0.191965790 0.171915596 0.236842256 
37     0.190645996 0.150980967 0.184078566 0.225911146 0.233425938 0.228276135 0.185158058 0.179067770 0.177851141 0.182854471 0.182584319 0.176420535 0.218590491 0.180304364 0.184839043 0.179703558 0.181752645 0.199736945 0.177323635 0.207195715 0.213110534 0.208974629 0.163623902 0.196795427 0.197222971 0.194521476 0.225606593 0.250942777 0.186878189 0.190295376 0.188364737 0.219317418 0.196671418 0.211565692 0.229507997 0.216324390 0.199524355 0.197492395 0.134049206 0.125853232 0.065634383 0.052272794 0.000000000 0.137919548 0.122203581 0.147790733 0.186684648 0.211387508 0.193934407 0.174943341 0.239530149 
46     0.178464951 0.132858432 0.171869602 0.212877645 0.219877979 0.214356003 0.174765588 0.167033732 0.166403467 0.171819644 0.171103055 0.164750772 0.208217390 0.167458789 0.173355393 0.169606467 0.171350847 0.190169269 0.166538437 0.198112625 0.203341721 0.200509105 0.154929387 0.187289305 0.183367054 0.180490354 0.216734102 0.238657536 0.175846870 0.178475346 0.175634307 0.204999546 0.182896565 0.196648185 0.220280280 0.205359115 0.190158943 0.186613864 0.123013534 0.143374047 0.133865411 0.134627408 0.137919548 0.000000000 0.033621929 0.136323679 0.177742653 0.203988567 0.185732155 0.165377990 0.227336856 
49     0.164111460 0.118400283 0.156348993 0.195425311 0.202510770 0.196934772 0.159708819 0.152511790 0.151994510 0.156910916 0.156246611 0.149011538 0.193550139 0.152240186 0.158123782 0.154511832 0.156184154 0.175001732 0.151530374 0.184074041 0.189309059 0.186775729 0.139388915 0.172498626 0.168328375 0.165438313 0.201682525 0.223725635 0.161022606 0.163683328 0.160726546 0.189972415 0.168409396 0.181999529 0.206251728 0.190736771 0.175475273 0.171935745 0.107213252 0.128001046 0.117997201 0.118938279 0.122203581 0.033621929 0.000000000 0.121152220 0.162343131 0.189032285 0.170873758 0.150786370 0.211032653 
30     0.173562021 0.129098063 0.167908437 0.205982094 0.213039850 0.207467692 0.169865021 0.162021495 0.161047086 0.165733003 0.164577850 0.161713854 0.204916445 0.165583950 0.170758121 0.166179201 0.167973125 0.187308225 0.163837116 0.194196188 0.200227613 0.196136168 0.150437486 0.177615188 0.178133666 0.175959839 0.205360696 0.229953034 0.169863100 0.172929165 0.167769955 0.197023711 0.177741523 0.188300893 0.210675663 0.199392874 0.180718759 0.180029700 0.123269557 0.153544220 0.143652859 0.143730704 0.147790733 0.136323679 0.121152220 0.000000000 0.167081016 0.195076222 0.178112329 0.159628074 0.223132523 
42     0.188764157 0.148463853 0.182974405 0.224343581 0.231610841 0.227004067 0.183523109 0.176991326 0.176844900 0.179422994 0.179958906 0.178121656 0.221819854 0.182474923 0.188656491 0.182345535 0.184040532 0.202209353 0.181655056 0.207193012 0.214614140 0.211503660 0.164780494 0.193995205 0.198088028 0.195519549 0.224185298 0.246535295 0.187519285 0.190710811 0.186034064 0.220607821 0.202213001 0.210309514 0.230956211 0.219749974 0.201332561 0.200578050 0.160804680 0.192426215 0.183142495 0.181401879 0.186684648 0.177742653 0.162343131 0.167081016 0.000000000 0.163872215 0.147028979 0.142546578 0.232612941 
28     0.214163338 0.174572022 0.206570797 0.249380319 0.256632935 0.250915011 0.211016876 0.204554472 0.203932276 0.208877984 0.209234790 0.202722620 0.246208490 0.206935294 0.212279787 0.207141643 0.208669880 0.227209643 0.206239391 0.234936278 0.239162497 0.239077300 0.189058451 0.221299114 0.225087561 0.222471231 0.253494510 0.277478838 0.213780894 0.217677550 0.212508646 0.243675063 0.228093183 0.239476001 0.260623736 0.246009444 0.228965643 0.227422560 0.190805960 0.221842480 0.211758483 0.209790835 0.211387508 0.203988567 0.189032285 0.195076222 0.163872215 0.000000000 0.135105701 0.169644737 0.256730689 
34     0.197056794 0.157783331 0.193196182 0.235546211 0.242751581 0.237011271 0.193384907 0.185140483 0.184518053 0.190855465 0.191223706 0.188388353 0.230574686 0.192209852 0.197797950 0.194030883 0.196022345 0.212844469 0.192147510 0.219774589 0.226104836 0.223440028 0.174680492 0.203849756 0.206096877 0.203598855 0.234361006 0.255945512 0.196456628 0.198734557 0.196184967 0.223455740 0.207206840 0.218374257 0.242174092 0.229360882 0.212149710 0.210394995 0.174065262 0.203305888 0.193877362 0.191965790 0.193934407 0.185732155 0.170873758 0.178112329 0.147028979 0.135105701 0.000000000 0.152100971 0.239608354 
35     0.181999198 0.138950007 0.175092036 0.216205591 0.223289955 0.217879961 0.175122294 0.167335952 0.166862163 0.173380888 0.173524138 0.169281012 0.211535430 0.173106093 0.179316143 0.174301294 0.175863012 0.191936630 0.170650802 0.202269341 0.207137394 0.205829811 0.157892213 0.184381591 0.186819412 0.184407474 0.213523423 0.235366985 0.177693717 0.180274125 0.177346002 0.209520986 0.192321342 0.198480154 0.221946701 0.208967593 0.190317272 0.187660350 0.152282298 0.183700404 0.174032724 0.171915596 0.174943341 0.165377990 0.150786370 0.159628074 0.142546578 0.169644737 0.152100971 0.000000000 0.218017270 
0     0.227034602 0.185879209 0.225586384 0.266888494 0.274205011 0.268726693 0.231861962 0.224241947 0.223500382 0.227996276 0.226959966 0.219645379 0.259553587 0.222670861 0.228386585 0.221791895 0.223559580 0.240921480 0.222199590 0.256978848 0.260311728 0.259391129 0.207370441 0.238314578 0.235521165 0.232201685 0.269661756 0.296157592 0.235196761 0.239241342 0.235327621 0.265031871 0.247098355 0.255290687 0.279790281 0.260634510 0.248651885 0.246003317 0.210397154 0.242237211 0.237072287 0.236842256 0.239530149 0.227336856 0.211032653 0.223132523 0.232612941 0.256730689 0.239608354 0.218017270 0.000000000 
