51
13     0.000000000 0.240855759 0.213004088 0.314001727 0.435787589 0.414859083 0.434575827 0.394652348 0.382355264 0.416605998 0.617959947 0.629819663 0.553029310 0.242814893 0.338183996 0.339546686 0.516716287 0.503257866 0.363548483 0.360869922 0.434062851 0.291246228 0.401531402 0.352846100 0.352933026 0.392627745 0.322127142 0.232447493 0.249007703 0.245278989 0.373727280 0.306327611 0.307286240 0.350183953 0.429387617 0.425516364 0.356890430 0.343281033 0.472277405 0.474058108 0.467314034 0.462990442 0.484364951 0.485061421 0.575284173 0.252750954 0.254195927 0.434153086 0.495095834 0.501077079 0.566829099 
10     0.240855759 0.000000000 0.227641992 0.334534541 0.457151392 0.436222885 0.455939630 0.416016150 0.403719067 0.437969801 0.639323750 0.651183465 0.574393113 0.264178696 0.359547799 0.360910489 0.538080090 0.524621669 0.384912286 0.382233725 0.455426653 0.312610030 0.422895205 0.374209903 0.374296829 0.413991548 0.343490945 0.253811296 0.270371506 0.266642792 0.395091083 0.327691414 0.328650042 0.371547756 0.450751420 0.446880167 0.378254233 0.364644836 0.493641208 0.495421911 0.488677837 0.484354244 0.505728754 0.506425224 0.596647976 0.274114757 0.275559730 0.455516889 0.516459637 0.522440882 0.588192902 
11     0.213004088 0.227641992 0.000000000 0.307139353 0.429491147 0.408562641 0.428279386 0.388355906 0.376058823 0.410309557 0.611663506 0.623523221 0.546732869 0.236518451 0.331887555 0.333250245 0.510419846 0.496961425 0.357252042 0.354573481 0.427766409 0.284949786 0.395234961 0.346549659 0.346636585 0.386331303 0.315830701 0.226151051 0.242711262 0.238982548 0.367430839 0.300031170 0.300989798 0.343887512 0.423091176 0.419219922 0.350593989 0.336984592 0.465980963 0.467761666 0.461017593 0.456694000 0.478068510 0.478764980 0.568987732 0.246454513 0.247899486 0.427856644 0.488799393 0.494780638 0.560532658 
3     0.314001727 0.334534541 0.307139353 0.000000000 0.530943529 0.510015023 0.529731767 0.489808288 0.477511204 0.511762528 0.713116477 0.724976193 0.648185841 0.337971731 0.433340835 0.434703524 0.611873126 0.598414705 0.458705322 0.456026761 0.529219689 0.386403066 0.496688241 0.448002939 0.448089865 0.487784583 0.417283981 0.327604331 0.344164541 0.340435828 0.468884119 0.401484450 0.402443078 0.445340792 0.524544456 0.520673202 0.452047269 0.438437872 0.567434243 0.569214946 0.562470873 0.558147280 0.579521790 0.580218260 0.670441012 0.347907793 0.349352765 0.529310895 0.590253643 0.596234888 0.661985938 
5     0.435787589 0.457151392 0.429491147 0.530943529 0.000000000 0.328748264 0.563411679 0.523488199 0.511191115 0.548217932 0.749512818 0.761372534 0.684622697 0.392561522 0.488027018 0.489389708 0.666564817 0.653106396 0.513380838 0.510702277 0.583895205 0.440985174 0.551270349 0.502572561 0.502659487 0.542354205 0.471853603 0.382184894 0.398747171 0.395007454 0.523472868 0.456073199 0.457031827 0.499926547 0.579136330 0.575265077 0.506611020 0.493001623 0.622192847 0.623973550 0.617229476 0.612741619 0.634116129 0.634812599 0.725035351 0.402542132 0.403987105 0.583772800 0.644710430 0.650691675 0.716563893 
6     0.414859083 0.436222885 0.408562641 0.510015023 0.328748264 0.000000000 0.542518699 0.502595219 0.490298136 0.527289177 0.728584064 0.740443780 0.663693943 0.371633016 0.467098512 0.468461202 0.645636311 0.632177890 0.492452332 0.489773771 0.562966699 0.420056668 0.530341843 0.481644055 0.481730980 0.521425699 0.450925097 0.361256388 0.377818665 0.374078948 0.502544362 0.435144693 0.436103321 0.478998041 0.558207824 0.554336571 0.485682514 0.472073117 0.601264341 0.603045044 0.596300970 0.591813113 0.613187623 0.613884093 0.704106845 0.381613626 0.383058599 0.562844294 0.623781924 0.629763169 0.695635387 
8     0.434575827 0.455939630 0.428279386 0.529731767 0.563411679 0.542518699 0.000000000 0.144452039 0.132141448 0.547631957 0.748958142 0.760817858 0.683982053 0.391724543 0.487064470 0.488427160 0.665602269 0.652143848 0.512432735 0.509754174 0.582947102 0.440129727 0.550414902 0.501729600 0.501816526 0.541511245 0.471010642 0.381340682 0.397903186 0.394164051 0.522629438 0.455229769 0.456188397 0.499083777 0.578293561 0.574422307 0.505777278 0.492167881 0.621225625 0.623006328 0.616262254 0.611893200 0.633267709 0.633964180 0.724186932 0.401706605 0.403151578 0.583044329 0.643981958 0.649963203 0.715746133 
7     0.394652348 0.416016150 0.388355906 0.489808288 0.523488199 0.502595219 0.144452039 0.000000000 0.080320349 0.507708477 0.709034663 0.720894378 0.644058573 0.351801064 0.447140990 0.448503680 0.625678789 0.612220369 0.472509255 0.469830694 0.543023623 0.400206248 0.510491422 0.461806120 0.461893046 0.501587765 0.431087162 0.341417202 0.357979707 0.354240572 0.482705958 0.415306289 0.416264917 0.459160297 0.538370081 0.534498827 0.465853798 0.452244401 0.581302145 0.583082848 0.576338775 0.571969720 0.593344230 0.594040700 0.684263452 0.361783125 0.363228098 0.543120849 0.604058478 0.610039723 0.675822653 
12     0.382355264 0.403719067 0.376058823 0.477511204 0.511191115 0.490298136 0.132141448 0.080320349 0.000000000 0.495411394 0.696737579 0.708597295 0.631761490 0.339503980 0.434843907 0.436206597 0.613381706 0.599923285 0.460212172 0.457533611 0.530726539 0.387909164 0.498194339 0.449509037 0.449595963 0.489290682 0.418790079 0.329120119 0.345682623 0.341943488 0.470408875 0.403009206 0.403967834 0.446863214 0.526072998 0.522201744 0.453556715 0.439947318 0.569005062 0.570785765 0.564041691 0.559672637 0.581047146 0.581743617 0.671966369 0.349486042 0.350931015 0.530823765 0.591761395 0.597742640 0.663525570 
1     0.416605998 0.437969801 0.410309557 0.511762528 0.548217932 0.527289177 0.547631957 0.507708477 0.495411394 0.000000000 0.540006874 0.551858716 0.475381291 0.373945330 0.469285041 0.470647731 0.647822840 0.634364420 0.494639886 0.491961324 0.565154253 0.422341335 0.532626510 0.483941208 0.484028134 0.523722853 0.453222250 0.363551735 0.380114884 0.376375078 0.504840581 0.437440912 0.438399540 0.481294920 0.560504704 0.556633450 0.487956978 0.474347581 0.603397959 0.605178662 0.598434588 0.594061541 0.615436051 0.616132521 0.706355273 0.383867566 0.385312539 0.565193752 0.626131382 0.632112627 0.697773745 
2     0.617959947 0.639323750 0.611663506 0.713116477 0.749512818 0.728584064 0.748958142 0.709034663 0.696737579 0.540006874 0.000000000 0.163629593 0.311193677 0.575279682 0.670625062 0.671987752 0.849162861 0.835704440 0.695979906 0.693301345 0.766494274 0.623681446 0.733966620 0.685281319 0.685368244 0.725062963 0.654562361 0.564891846 0.581454905 0.577715188 0.706180602 0.638780933 0.639739561 0.682634941 0.761844725 0.757973471 0.689289500 0.675680103 0.804730481 0.806511184 0.799767111 0.795394064 0.816768573 0.817465043 0.907687795 0.585214080 0.586659053 0.766560156 0.827497786 0.833479031 0.899156566 
9     0.629819663 0.651183465 0.623523221 0.724976193 0.761372534 0.740443780 0.760817858 0.720894378 0.708597295 0.551858716 0.163629593 0.000000000 0.322057427 0.587139398 0.682484778 0.683847468 0.861022577 0.847564156 0.707839622 0.705161061 0.778353989 0.635541161 0.745826336 0.697141034 0.697227960 0.736922679 0.666422076 0.576751561 0.593314620 0.589574904 0.718040317 0.650640648 0.651599277 0.694494656 0.773704440 0.769833187 0.701149216 0.687539819 0.816590197 0.818370900 0.811626826 0.807253779 0.828628289 0.829324759 0.919547511 0.597073796 0.598518768 0.778419872 0.839357502 0.845338746 0.911016282 
4     0.553029310 0.574393113 0.546732869 0.648185841 0.684622697 0.663693943 0.683982053 0.644058573 0.631761490 0.475381291 0.311193677 0.322057427 0.000000000 0.510341483 0.605686863 0.607049553 0.784224662 0.770766241 0.631041707 0.628363146 0.701556074 0.558743246 0.669028421 0.620343119 0.620430045 0.660124764 0.589624161 0.499953646 0.516516705 0.512776989 0.641242402 0.573842733 0.574801362 0.617696741 0.696906525 0.693035272 0.624351301 0.610741904 0.739792282 0.741572985 0.734828911 0.730455864 0.751830373 0.752526844 0.842749596 0.520275881 0.521720853 0.701626475 0.762564105 0.768545349 0.834229127 
26     0.242814893 0.264178696 0.236518451 0.337971731 0.392561522 0.371633016 0.391724543 0.351801064 0.339503980 0.373945330 0.575279682 0.587139398 0.510341483 0.000000000 0.215445038 0.216836024 0.394137714 0.380679293 0.241288490 0.238609929 0.311650956 0.168831485 0.279092724 0.230074395 0.230153995 0.269984483 0.199133983 0.110072054 0.127828871 0.123944452 0.251400662 0.183996008 0.184986354 0.227873697 0.307347039 0.303467453 0.274185964 0.260576567 0.391065498 0.392828460 0.386084387 0.381363501 0.402738010 0.403434481 0.493637738 0.186246402 0.187691374 0.380688616 0.441619464 0.447600708 0.518441979 
27     0.338183996 0.359547799 0.331887555 0.433340835 0.488027018 0.467098512 0.487064470 0.447140990 0.434843907 0.469285041 0.670625062 0.682484778 0.605686863 0.215445038 0.000000000 0.026217219 0.370885203 0.357405333 0.255141027 0.252472734 0.324621547 0.237136639 0.347628188 0.298585287 0.298633373 0.338176792 0.267996184 0.179386486 0.194611335 0.190338386 0.320028290 0.252603956 0.253550103 0.295726642 0.375411920 0.371759358 0.371628905 0.358025660 0.486924749 0.488712562 0.481968489 0.477140496 0.498515005 0.499211475 0.589493623 0.281610076 0.283055048 0.476226263 0.537157111 0.543138356 0.613997812 
48     0.339546686 0.360910489 0.333250245 0.434703524 0.489389708 0.468461202 0.488427160 0.448503680 0.436206597 0.470647731 0.671987752 0.683847468 0.607049553 0.216836024 0.026217219 0.000000000 0.372092169 0.358612299 0.256241728 0.253573434 0.325722247 0.238510588 0.349002137 0.299838686 0.299886772 0.339430191 0.269370133 0.180827342 0.196051602 0.191778653 0.321348452 0.253924117 0.254870265 0.297046804 0.376732082 0.373080261 0.373001147 0.359397902 0.488246860 0.490034674 0.483290600 0.478462607 0.499837117 0.500533587 0.590815734 0.282972766 0.284417738 0.477588953 0.538519801 0.544501045 0.615360502 
28     0.516716287 0.538080090 0.510419846 0.611873126 0.666564817 0.645636311 0.665602269 0.625678789 0.613381706 0.647822840 0.849162861 0.861022577 0.784224662 0.394137714 0.370885203 0.372092169 0.000000000 0.125568669 0.432695428 0.430001550 0.502687250 0.416033905 0.526525453 0.477326425 0.477374511 0.516918711 0.446891990 0.357875488 0.373247734 0.368965109 0.498482232 0.431057897 0.432004044 0.473958961 0.553832822 0.550181001 0.550402305 0.536799061 0.665545122 0.667332936 0.660588862 0.655760869 0.677135379 0.677831849 0.768113996 0.460184413 0.461629386 0.654782193 0.715713041 0.721694285 0.792535611 
29     0.503257866 0.524621669 0.496961425 0.598414705 0.653106396 0.632177890 0.652143848 0.612220369 0.599923285 0.634364420 0.835704440 0.847564156 0.770766241 0.380679293 0.357405333 0.358612299 0.125568669 0.000000000 0.419189205 0.416495929 0.489181027 0.402574682 0.513066231 0.463867203 0.463915289 0.503459488 0.433432767 0.344416266 0.359788511 0.355505887 0.485023009 0.417598674 0.418544822 0.460499739 0.540373599 0.536721778 0.536943885 0.523340640 0.652086702 0.653874515 0.647130441 0.642302448 0.663676958 0.664373428 0.754655575 0.446725992 0.448170965 0.641323772 0.702254620 0.708235865 0.779077190 
31     0.363548483 0.384912286 0.357252042 0.458705322 0.513380838 0.492452332 0.512432735 0.472509255 0.460212172 0.494639886 0.695979906 0.707839622 0.631041707 0.241288490 0.255141027 0.256241728 0.432695428 0.419189205 0.000000000 0.094696893 0.238599712 0.262053214 0.372468079 0.323395092 0.323520627 0.363067906 0.293033062 0.203713673 0.220251605 0.216064907 0.345234743 0.277810409 0.278756556 0.321008766 0.400722039 0.397075746 0.397173180 0.383569935 0.512003007 0.513790820 0.507046747 0.502225847 0.523600356 0.524296827 0.614578974 0.306944307 0.308389280 0.501613140 0.562543988 0.568525233 0.639361460 
25     0.360869922 0.382233725 0.354573481 0.456026761 0.510702277 0.489773771 0.509754174 0.469830694 0.457533611 0.491961324 0.693301345 0.705161061 0.628363146 0.238609929 0.252472734 0.253573434 0.430001550 0.416495929 0.094696893 0.000000000 0.236323692 0.259354789 0.369769655 0.320696668 0.320822202 0.360369481 0.290334637 0.201052064 0.217553180 0.213366482 0.342537032 0.275112697 0.276058845 0.318311054 0.398024328 0.394378034 0.394494619 0.380891374 0.509324446 0.511112259 0.504368186 0.499547286 0.520921795 0.521618266 0.611900413 0.304265746 0.305710719 0.498934579 0.559865427 0.565846671 0.636682899 
36     0.434062851 0.455426653 0.427766409 0.529219689 0.583895205 0.562966699 0.582947102 0.543023623 0.530726539 0.565154253 0.766494274 0.778353989 0.701556074 0.311650956 0.324621547 0.325722247 0.502687250 0.489181027 0.238599712 0.236323692 0.000000000 0.332453868 0.442868733 0.393703869 0.393829403 0.433376682 0.363341839 0.274327681 0.290812550 0.286629903 0.415799570 0.348375236 0.349321383 0.391666266 0.471380397 0.467734103 0.467623239 0.454019994 0.582453066 0.584240880 0.577496806 0.572675906 0.594050416 0.594746886 0.685029033 0.377412194 0.378857166 0.572127507 0.633058355 0.639039600 0.709875827 
46     0.291246228 0.312610030 0.284949786 0.386403066 0.440985174 0.420056668 0.440129727 0.400206248 0.387909164 0.422341335 0.623681446 0.635541161 0.558743246 0.168831485 0.237136639 0.238510588 0.416033905 0.402574682 0.262053214 0.259354789 0.332453868 0.000000000 0.203048519 0.192863767 0.192905291 0.232608402 0.160393645 0.124887857 0.140595985 0.137138371 0.265967783 0.198547910 0.199506242 0.242970100 0.321742412 0.317949588 0.324072800 0.310469555 0.439730330 0.441499201 0.434755127 0.430113934 0.451488443 0.452184914 0.542467061 0.234673532 0.236118504 0.429212609 0.490143457 0.496124701 0.566958603 
22     0.401531402 0.422895205 0.395234961 0.496688241 0.551270349 0.530341843 0.550414902 0.510491422 0.498194339 0.532626510 0.733966620 0.745826336 0.669028421 0.279092724 0.347628188 0.349002137 0.526525453 0.513066231 0.372468079 0.369769655 0.442868733 0.203048519 0.000000000 0.303525847 0.303930228 0.343538498 0.271075741 0.235085571 0.251130937 0.247690026 0.375910419 0.308490545 0.309436693 0.353173532 0.432293919 0.428501094 0.434285972 0.420682727 0.549988494 0.551757364 0.545013291 0.540372097 0.561746606 0.562443077 0.652725224 0.344953646 0.346398619 0.539497783 0.600428632 0.606409876 0.677243777 
15     0.352846100 0.374209903 0.346549659 0.448002939 0.502572561 0.481644055 0.501729600 0.461806120 0.449509037 0.483941208 0.685281319 0.697141034 0.620343119 0.230074395 0.298585287 0.299838686 0.477326425 0.463867203 0.323395092 0.320696668 0.393703869 0.192863767 0.303525847 0.000000000 0.114363728 0.232298063 0.214834613 0.186301163 0.201886572 0.198424547 0.326539675 0.259119802 0.260078134 0.303844018 0.382468913 0.378686087 0.385610807 0.372007562 0.501353509 0.503122380 0.496378306 0.491700310 0.513074819 0.513771290 0.604053437 0.296272695 0.297717668 0.490814326 0.551745174 0.557726418 0.628555281 
17     0.352933026 0.374296829 0.346636585 0.448089865 0.502659487 0.481730980 0.501816526 0.461893046 0.449595963 0.484028134 0.685368244 0.697227960 0.620430045 0.230153995 0.298633373 0.299886772 0.477374511 0.463915289 0.323520627 0.320822202 0.393829403 0.192905291 0.303930228 0.114363728 0.000000000 0.231154861 0.214290631 0.186472188 0.202039460 0.198582080 0.326698470 0.259278596 0.260236929 0.304002812 0.382627708 0.378844881 0.385697733 0.372094488 0.501440435 0.503209305 0.496465232 0.491787235 0.513161745 0.513858215 0.604140362 0.296359621 0.297804593 0.490901251 0.551832099 0.557813344 0.628642207 
50     0.392627745 0.413991548 0.386331303 0.487784583 0.542354205 0.521425699 0.541511245 0.501587765 0.489290682 0.523722853 0.725062963 0.736922679 0.660124764 0.269984483 0.338176792 0.339430191 0.516918711 0.503459488 0.363067906 0.360369481 0.433376682 0.232608402 0.343538498 0.232298063 0.231154861 0.000000000 0.254481413 0.226160305 0.241685160 0.238223455 0.366280019 0.298860145 0.299818478 0.343611474 0.422214018 0.418430093 0.425465171 0.411861926 0.541109331 0.542878201 0.536134128 0.531456131 0.552830641 0.553527111 0.643809258 0.336045083 0.337490056 0.530595388 0.591526236 0.597507480 0.668336925 
20     0.322127142 0.343490945 0.315830701 0.417283981 0.471853603 0.450925097 0.471010642 0.431087162 0.418790079 0.453222250 0.654562361 0.666422076 0.589624161 0.199133983 0.267996184 0.269370133 0.446891990 0.433432767 0.293033062 0.290334637 0.363341839 0.160393645 0.271075741 0.214834613 0.214290631 0.254481413 0.000000000 0.155209041 0.171602866 0.168164973 0.295605836 0.228185963 0.229144295 0.273357365 0.351983066 0.348198631 0.354894291 0.341291046 0.470608349 0.472377220 0.465633146 0.460955150 0.482329659 0.483026130 0.573308277 0.265531450 0.266976423 0.460094785 0.521025633 0.527006878 0.597836323 
38     0.232447493 0.253811296 0.226151051 0.327604331 0.382184894 0.361256388 0.381340682 0.341417202 0.329120119 0.363551735 0.564891846 0.576751561 0.499953646 0.110072054 0.179386486 0.180827342 0.357875488 0.344416266 0.203713673 0.201052064 0.274327681 0.124887857 0.235085571 0.186301163 0.186472188 0.226160305 0.155209041 0.000000000 0.074985042 0.071519437 0.199346022 0.131925319 0.132947066 0.175798890 0.254569746 0.250491496 0.265661466 0.252058221 0.380996170 0.382778075 0.376034002 0.371679647 0.393054157 0.393750627 0.483953884 0.175832927 0.177277899 0.370368931 0.431299779 0.437281024 0.508176697 
19     0.249007703 0.270371506 0.242711262 0.344164541 0.398747171 0.377818665 0.397903186 0.357979707 0.345682623 0.380114884 0.581454905 0.593314620 0.516516705 0.127828871 0.194611335 0.196051602 0.373247734 0.359788511 0.220251605 0.217553180 0.290812550 0.140595985 0.251130937 0.201886572 0.202039460 0.241685160 0.171602866 0.074985042 0.000000000 0.060958219 0.215043724 0.147690452 0.148564501 0.191715827 0.270214236 0.266123593 0.282516202 0.268912957 0.398275882 0.400063695 0.393319621 0.388595346 0.409969855 0.410666326 0.500948473 0.192370385 0.193815357 0.386948847 0.447879695 0.453860940 0.524695134 
23     0.245278989 0.266642792 0.238982548 0.340435828 0.395007454 0.374078948 0.394164051 0.354240572 0.341943488 0.376375078 0.577715188 0.589574904 0.512776989 0.123944452 0.190338386 0.191778653 0.368965109 0.355505887 0.216064907 0.213366482 0.286629903 0.137138371 0.247690026 0.198424547 0.198582080 0.238223455 0.168164973 0.071519437 0.060958219 0.000000000 0.211424096 0.144003237 0.144950802 0.187974278 0.266709501 0.262682284 0.278384589 0.264781344 0.394136158 0.395923971 0.389179898 0.384458026 0.405832535 0.406529006 0.496811153 0.188572147 0.190017119 0.383185313 0.444116161 0.450097406 0.520955454 
37     0.373727280 0.395091083 0.367430839 0.468884119 0.523472868 0.502544362 0.522629438 0.482705958 0.470408875 0.504840581 0.706180602 0.718040317 0.641242402 0.251400662 0.320028290 0.321348452 0.498482232 0.485023009 0.345234743 0.342537032 0.415799570 0.265967783 0.375910419 0.326539675 0.326698470 0.366280019 0.295605836 0.199346022 0.215043724 0.211424096 0.000000000 0.134215240 0.136320495 0.305629837 0.386413136 0.382768761 0.406884585 0.393281340 0.522546661 0.524328566 0.517584492 0.513155783 0.534530293 0.535226763 0.625430020 0.317146433 0.318591406 0.511724082 0.572654930 0.578636175 0.649466936 
49     0.306327611 0.327691414 0.300031170 0.401484450 0.456073199 0.435144693 0.455229769 0.415306289 0.403009206 0.437440912 0.638780933 0.650640648 0.573842733 0.183996008 0.252603956 0.253924117 0.431057897 0.417598674 0.277810409 0.275112697 0.348375236 0.198547910 0.308490545 0.259119802 0.259278596 0.298860145 0.228185963 0.131925319 0.147690452 0.144003237 0.134215240 0.000000000 0.049148707 0.238192710 0.319075887 0.315431808 0.339484916 0.325881671 0.455146992 0.456928897 0.450184823 0.445756114 0.467130624 0.467827094 0.558030351 0.249746764 0.251191737 0.444324413 0.505255261 0.511236506 0.582067267 
33     0.307286240 0.328650042 0.300989798 0.402443078 0.457031827 0.436103321 0.456188397 0.416264917 0.403967834 0.438399540 0.639739561 0.651599277 0.574801362 0.184986354 0.253550103 0.254870265 0.432004044 0.418544822 0.278756556 0.276058845 0.349321383 0.199506242 0.309436693 0.260078134 0.260236929 0.299818478 0.229144295 0.132947066 0.148564501 0.144950802 0.136320495 0.049148707 0.000000000 0.239205785 0.320030879 0.316389823 0.340443544 0.326840299 0.456105620 0.457887525 0.451143452 0.446714743 0.468089252 0.468785723 0.558988980 0.250705393 0.252150365 0.445283042 0.506213890 0.512195134 0.583025895 
42     0.350183953 0.371547756 0.343887512 0.445340792 0.499926547 0.478998041 0.499083777 0.459160297 0.446863214 0.481294920 0.682634941 0.694494656 0.617696741 0.227873697 0.295726642 0.297046804 0.473958961 0.460499739 0.321008766 0.318311054 0.391666266 0.242970100 0.353173532 0.303844018 0.304002812 0.343611474 0.273357365 0.175798890 0.191715827 0.187974278 0.305629837 0.238192710 0.239205785 0.000000000 0.362100767 0.358555304 0.383522210 0.369918965 0.499358087 0.501145900 0.494401826 0.489974410 0.511348919 0.512045390 0.602248647 0.293695122 0.295140095 0.488147051 0.549077900 0.555059144 0.625914185 
30     0.429387617 0.450751420 0.423091176 0.524544456 0.579136330 0.558207824 0.578293561 0.538370081 0.526072998 0.560504704 0.761844725 0.773704440 0.696906525 0.307347039 0.375411920 0.376732082 0.553832822 0.540373599 0.400722039 0.398024328 0.471380397 0.321742412 0.432293919 0.382468913 0.382627708 0.422214018 0.351983066 0.254569746 0.270214236 0.266709501 0.386413136 0.319075887 0.320030879 0.362100767 0.000000000 0.357885186 0.462750752 0.449147507 0.578586577 0.580374391 0.573630317 0.569211859 0.590586368 0.591282839 0.681486096 0.372822510 0.374267482 0.567350912 0.628281760 0.634263004 0.705143394 
44     0.425516364 0.446880167 0.419219922 0.520673202 0.575265077 0.554336571 0.574422307 0.534498827 0.522201744 0.556633450 0.757973471 0.769833187 0.693035272 0.303467453 0.371759358 0.373080261 0.550181001 0.536721778 0.397075746 0.394378034 0.467734103 0.317949588 0.428501094 0.378686087 0.378844881 0.418430093 0.348198631 0.250491496 0.266123593 0.262682284 0.382768761 0.315431808 0.316389823 0.358555304 0.357885186 0.000000000 0.458912881 0.445309636 0.574628492 0.576416305 0.569672232 0.565253774 0.586628283 0.587324754 0.677528011 0.368955759 0.370400732 0.563449405 0.624380253 0.630361497 0.701268171 
14     0.356890430 0.378254233 0.350593989 0.452047269 0.506611020 0.485682514 0.505777278 0.465853798 0.453556715 0.487956978 0.689289500 0.701149216 0.624351301 0.274185964 0.371628905 0.373001147 0.550402305 0.536943885 0.397173180 0.394494619 0.467623239 0.324072800 0.434285972 0.385610807 0.385697733 0.425465171 0.354894291 0.265661466 0.282516202 0.278384589 0.406884585 0.339484916 0.340443544 0.383522210 0.462750752 0.458912881 0.000000000 0.057626233 0.446996407 0.448814785 0.441955741 0.439273074 0.460569114 0.461265585 0.551559545 0.299373362 0.300818334 0.494753403 0.555687643 0.561668887 0.632305994 
32     0.343281033 0.364644836 0.336984592 0.438437872 0.493001623 0.472073117 0.492167881 0.452244401 0.439947318 0.474347581 0.675680103 0.687539819 0.610741904 0.260576567 0.358025660 0.359397902 0.536799061 0.523340640 0.383569935 0.380891374 0.454019994 0.310469555 0.420682727 0.372007562 0.372094488 0.411861926 0.341291046 0.252058221 0.268912957 0.264781344 0.393281340 0.325881671 0.326840299 0.369918965 0.449147507 0.445309636 0.057626233 0.000000000 0.433761031 0.435579410 0.428720366 0.425279207 0.446575247 0.447271717 0.537565677 0.285763965 0.287208937 0.481144006 0.542078246 0.548059490 0.618696597 
40     0.472277405 0.493641208 0.465980963 0.567434243 0.622192847 0.601264341 0.621225625 0.581302145 0.569005062 0.603397959 0.804730481 0.816590197 0.739792282 0.391065498 0.486924749 0.488246860 0.665545122 0.652086702 0.512003007 0.509324446 0.582453066 0.439730330 0.549988494 0.501353509 0.501440435 0.541109331 0.470608349 0.380996170 0.398275882 0.394136158 0.522546661 0.455146992 0.456105620 0.499358087 0.578586577 0.574628492 0.446996407 0.433761031 0.000000000 0.100276098 0.092997362 0.373096576 0.393402000 0.394070404 0.484237349 0.414671781 0.416116753 0.610286994 0.671221233 0.677202478 0.747868077 
18     0.474058108 0.495421911 0.467761666 0.569214946 0.623973550 0.603045044 0.623006328 0.583082848 0.570785765 0.605178662 0.806511184 0.818370900 0.741572985 0.392828460 0.488712562 0.490034674 0.667332936 0.653874515 0.513790820 0.511112259 0.584240880 0.441499201 0.551757364 0.503122380 0.503209305 0.542878201 0.472377220 0.382778075 0.400063695 0.395923971 0.524328566 0.456928897 0.457887525 0.501145900 0.580374391 0.576416305 0.448814785 0.435579410 0.100276098 0.000000000 0.036740697 0.374692035 0.395556632 0.396225036 0.486370089 0.416453838 0.417898810 0.612067697 0.673001937 0.678983181 0.749648780 
39     0.467314034 0.488677837 0.461017593 0.562470873 0.617229476 0.596300970 0.616262254 0.576338775 0.564041691 0.598434588 0.799767111 0.811626826 0.734828911 0.386084387 0.481968489 0.483290600 0.660588862 0.647130441 0.507046747 0.504368186 0.577496806 0.434755127 0.545013291 0.496378306 0.496465232 0.536134128 0.465633146 0.376034002 0.393319621 0.389179898 0.517584492 0.450184823 0.451143452 0.494401826 0.573630317 0.569672232 0.441955741 0.428720366 0.092997362 0.036740697 0.000000000 0.368217302 0.388522726 0.389191130 0.479336184 0.409709764 0.411154737 0.605323624 0.666257863 0.672239107 0.742904706 
21     0.462990442 0.484354244 0.456694000 0.558147280 0.612741619 0.591813113 0.611893200 0.571969720 0.559672637 0.594061541 0.795394064 0.807253779 0.730455864 0.381363501 0.477140496 0.478462607 0.655760869 0.642302448 0.502225847 0.499547286 0.572675906 0.430113934 0.540372097 0.491700310 0.491787235 0.531456131 0.460955150 0.371679647 0.388595346 0.384458026 0.513155783 0.445756114 0.446714743 0.489974410 0.569211859 0.565253774 0.439273074 0.425279207 0.373096576 0.374692035 0.368217302 0.000000000 0.116690419 0.118030814 0.250934749 0.405168298 0.406613270 0.600936495 0.661870734 0.667851979 0.738447720 
35     0.484364951 0.505728754 0.478068510 0.579521790 0.634116129 0.613187623 0.633267709 0.593344230 0.581047146 0.615436051 0.816768573 0.828628289 0.751830373 0.402738010 0.498515005 0.499837117 0.677135379 0.663676958 0.523600356 0.520921795 0.594050416 0.451488443 0.561746606 0.513074819 0.513161745 0.552830641 0.482329659 0.393054157 0.409969855 0.405832535 0.534530293 0.467130624 0.468089252 0.511348919 0.590586368 0.586628283 0.460569114 0.446575247 0.393402000 0.395556632 0.388522726 0.116690419 0.000000000 0.070678846 0.271725755 0.426520348 0.427965321 0.622308116 0.683242355 0.689223599 0.759822229 
41     0.485061421 0.506425224 0.478764980 0.580218260 0.634812599 0.613884093 0.633964180 0.594040700 0.581743617 0.616132521 0.817465043 0.829324759 0.752526844 0.403434481 0.499211475 0.500533587 0.677831849 0.664373428 0.524296827 0.521618266 0.594746886 0.452184914 0.562443077 0.513771290 0.513858215 0.553527111 0.483026130 0.393750627 0.410666326 0.406529006 0.535226763 0.467827094 0.468785723 0.512045390 0.591282839 0.587324754 0.461265585 0.447271717 0.394070404 0.396225036 0.389191130 0.118030814 0.070678846 0.000000000 0.272759863 0.427216819 0.428661791 0.623004586 0.683938825 0.689920070 0.760518700 
45     0.575284173 0.596647976 0.568987732 0.670441012 0.725035351 0.704106845 0.724186932 0.684263452 0.671966369 0.706355273 0.907687795 0.919547511 0.842749596 0.493637738 0.589493623 0.590815734 0.768113996 0.754655575 0.614578974 0.611900413 0.685029033 0.542467061 0.652725224 0.604053437 0.604140362 0.643809258 0.573308277 0.483953884 0.500948473 0.496811153 0.625430020 0.558030351 0.558988980 0.602248647 0.681486096 0.677528011 0.551559545 0.537565677 0.484237349 0.486370089 0.479336184 0.250934749 0.271725755 0.272759863 0.000000000 0.517449517 0.518894490 0.713227338 0.774161577 0.780142822 0.850741451 
43     0.252750954 0.274114757 0.246454513 0.347907793 0.402542132 0.381613626 0.401706605 0.361783125 0.349486042 0.383867566 0.585214080 0.597073796 0.520275881 0.186246402 0.281610076 0.282972766 0.460184413 0.446725992 0.306944307 0.304265746 0.377412194 0.234673532 0.344953646 0.296272695 0.296359621 0.336045083 0.265531450 0.175832927 0.192370385 0.188572147 0.317146433 0.249746764 0.250705393 0.293695122 0.372822510 0.368955759 0.299373362 0.285763965 0.414671781 0.416453838 0.409709764 0.405168298 0.426520348 0.427216819 0.517449517 0.000000000 0.023755136 0.390917306 0.451848154 0.457829398 0.528348339 
47     0.254195927 0.275559730 0.247899486 0.349352765 0.403987105 0.383058599 0.403151578 0.363228098 0.350931015 0.385312539 0.586659053 0.598518768 0.521720853 0.187691374 0.283055048 0.284417738 0.461629386 0.448170965 0.308389280 0.305710719 0.378857166 0.236118504 0.346398619 0.297717668 0.297804593 0.337490056 0.266976423 0.177277899 0.193815357 0.190017119 0.318591406 0.251191737 0.252150365 0.295140095 0.374267482 0.370400732 0.300818334 0.287208937 0.416116753 0.417898810 0.411154737 0.406613270 0.427965321 0.428661791 0.518894490 0.023755136 0.000000000 0.392362278 0.453293126 0.459274371 0.529793312 
16     0.434153086 0.455516889 0.427856644 0.529310895 0.583772800 0.562844294 0.583044329 0.543120849 0.530823765 0.565193752 0.766560156 0.778419872 0.701626475 0.380688616 0.476226263 0.477588953 0.654782193 0.641323772 0.501613140 0.498934579 0.572127507 0.429212609 0.539497783 0.490814326 0.490901251 0.530595388 0.460094785 0.370368931 0.386948847 0.383185313 0.511724082 0.444324413 0.445283042 0.488147051 0.567350912 0.563449405 0.494753403 0.481144006 0.610286994 0.612067697 0.605323624 0.600936495 0.622308116 0.623004586 0.713227338 0.390917306 0.392362278 0.000000000 0.254063875 0.256298337 0.709861693 
24     0.495095834 0.516459637 0.488799393 0.590253643 0.644710430 0.623781924 0.643981958 0.604058478 0.591761395 0.626131382 0.827497786 0.839357502 0.762564105 0.441619464 0.537157111 0.538519801 0.715713041 0.702254620 0.562543988 0.559865427 0.633058355 0.490143457 0.600428632 0.551745174 0.551832099 0.591526236 0.521025633 0.431299779 0.447879695 0.444116161 0.572654930 0.505255261 0.506213890 0.549077900 0.628281760 0.624380253 0.555687643 0.542078246 0.671221233 0.673001937 0.666257863 0.661870734 0.683242355 0.683938825 0.774161577 0.451848154 0.453293126 0.254063875 0.000000000 0.193850719 0.770812213 
34     0.501077079 0.522440882 0.494780638 0.596234888 0.650691675 0.629763169 0.649963203 0.610039723 0.597742640 0.632112627 0.833479031 0.845338746 0.768545349 0.447600708 0.543138356 0.544501045 0.721694285 0.708235865 0.568525233 0.565846671 0.639039600 0.496124701 0.606409876 0.557726418 0.557813344 0.597507480 0.527006878 0.437281024 0.453860940 0.450097406 0.578636175 0.511236506 0.512195134 0.555059144 0.634263004 0.630361497 0.561668887 0.548059490 0.677202478 0.678983181 0.672239107 0.667851979 0.689223599 0.689920070 0.780142822 0.457829398 0.459274371 0.256298337 0.193850719 0.000000000 0.776793458 
0     0.566829099 0.588192902 0.560532658 0.661985938 0.716563893 0.695635387 0.715746133 0.675822653 0.663525570 0.697773745 0.899156566 0.911016282 0.834229127 0.518441979 0.613997812 0.615360502 0.792535611 0.779077190 0.639361460 0.636682899 0.709875827 0.566958603 0.677243777 0.628555281 0.628642207 0.668336925 0.597836323 0.508176697 0.524695134 0.520955454 0.649466936 0.582067267 0.583025895 0.625914185 0.705143394 0.701268171 0.632305994 0.618696597 0.747868077 0.749648780 0.742904706 0.738447720 0.759822229 0.760518700 0.850741451 0.528348339 0.529793312 0.709861693 0.770812213 0.776793458 0.000000000 
