51
13     0.000000000 0.000023880 0.000063460 0.019011020 0.033348810 0.001095830 0.030050380 0.046933970 0.046922430 0.000039680 0.006608350 0.052493370 0.063184270 0.041444570 0.027272170 0.042061150 0.096009030 0.090820220 0.092689900 0.040899890 0.053973160 0.062633680 0.076834400 0.098924090 0.080669120 0.077395040 0.042481590 0.023634040 0.038814960 0.037030530 0.054244180 0.040492010 0.044132920 0.051394500 0.054560410 0.065890370 0.017888560 0.019668390 0.058052570 0.058524120 0.029564930 0.050088690 0.050612470 0.057186180 0.081368560 0.017062490 0.037429400 0.075710240 0.050782400 0.068504990 0.006967280 
10     0.000023880 0.000000000 0.000039600 0.003027780 0.033290550 0.001119710 0.030074260 0.039490490 0.041253410 0.000063560 0.006632230 0.052517250 0.059680940 0.023768930 0.044050890 0.046313370 0.076308270 0.076979450 0.069489330 0.057678610 0.066430950 0.035752230 0.081294800 0.065931460 0.064668770 0.055778230 0.042291680 0.024586560 0.034227520 0.027633450 0.040020070 0.034487280 0.034989510 0.050964260 0.049987170 0.055381170 0.034667280 0.033454290 0.048422900 0.046973880 0.046343650 0.062693520 0.067391190 0.071947970 0.047999490 0.023343780 0.021072690 0.063593250 0.053513720 0.075432480 0.006991160 
11     0.000063460 0.000039600 0.000000000 0.004668040 0.025688810 0.001159290 0.030113840 0.037814940 0.043733830 0.000103140 0.006671810 0.052556830 0.071657470 0.033087410 0.048283410 0.048793790 0.078788690 0.079459870 0.081465860 0.061911130 0.074891230 0.047728760 0.068201040 0.068411880 0.067149190 0.048850390 0.054268210 0.011301150 0.046204050 0.014348040 0.051996600 0.046463810 0.046966040 0.049659620 0.075571650 0.067357700 0.016943160 0.018835740 0.046747350 0.071923900 0.050576170 0.061017970 0.071523340 0.071822330 0.046323940 0.021463240 0.028796040 0.043331150 0.053849830 0.065762140 0.007030740 
3     0.019011020 0.003027780 0.004668040 0.000000000 0.030693450 0.017047940 0.084529080 0.066689800 0.061613440 0.060036750 0.123290010 0.120470050 0.119516300 0.046097260 0.071332140 0.070027430 0.100022330 0.100693510 0.097964950 0.093079160 0.103156520 0.082513230 0.074360340 0.089645520 0.088382830 0.079492290 0.080380930 0.041784100 0.068730160 0.052222020 0.073254580 0.063559290 0.062714980 0.070404900 0.116275800 0.097164500 0.033305580 0.030857190 0.083892450 0.044376780 0.047735630 0.100407850 0.097567220 0.095662030 0.092391250 0.020746680 0.018475590 0.057885450 0.089147440 0.080349470 0.017835630 
5     0.033348810 0.033290550 0.025688810 0.030693450 0.000000000 0.006745900 0.038586290 0.054432560 0.041585210 0.033378470 0.039947140 0.085832160 0.096702560 0.032186850 0.074888170 0.070365750 0.103312300 0.117552360 0.112125340 0.109485720 0.092039100 0.060388170 0.061345690 0.085118580 0.077439550 0.065998260 0.088197580 0.028449020 0.068756170 0.031495910 0.087135970 0.059987280 0.067183630 0.066807490 0.089146050 0.102497070 0.030975030 0.028526640 0.064888040 0.042046230 0.045405080 0.086976250 0.099096270 0.107765680 0.053991480 0.018416130 0.016145040 0.065367540 0.100679090 0.078018920 0.015505080 
6     0.001095830 0.001119710 0.001159290 0.017047940 0.006745900 0.000000000 0.031136190 0.031575380 0.034202500 0.001125490 0.007694160 0.053579180 0.082670120 0.018154410 0.050405790 0.049101080 0.079095980 0.079767160 0.084947120 0.081895620 0.082230170 0.073076110 0.090824600 0.068719170 0.067456480 0.058565940 0.064976170 0.049909370 0.047803810 0.051465890 0.073834570 0.062005520 0.059194380 0.053751970 0.068002080 0.109554450 0.017329520 0.014881130 0.050855600 0.028400720 0.031759570 0.076370430 0.083263960 0.074735680 0.039959040 0.004770620 0.002499530 0.064487600 0.055743310 0.064373410 0.001859570 
8     0.030050380 0.030074260 0.030113840 0.084529080 0.038586290 0.031136190 0.000000000 0.003286330 0.002342320 0.030010820 0.036579490 0.082464510 0.060466490 0.043089830 0.048386660 0.047081950 0.077076850 0.077748030 0.059388880 0.050369380 0.053864400 0.071056980 0.075732730 0.066700040 0.065437350 0.056546810 0.070450700 0.047890240 0.045784680 0.049446760 0.076962540 0.065477490 0.056777670 0.051732840 0.093949660 0.085675000 0.069695340 0.067467190 0.057097950 0.070989880 0.070982030 0.080258360 0.081244830 0.072716550 0.069445770 0.042144750 0.047844330 0.039267350 0.092519300 0.142816880 0.036943640 
7     0.046933970 0.039490490 0.037814940 0.066689800 0.054432560 0.031575380 0.003286330 0.000000000 0.000011540 0.025430370 0.045477100 0.080091230 0.046068480 0.027014640 0.032311470 0.031006760 0.061001660 0.061672840 0.066852800 0.088384810 0.064135850 0.054981790 0.077163220 0.050624850 0.049362160 0.040471620 0.058406570 0.031815050 0.029709490 0.033371570 0.062536490 0.051051440 0.041100060 0.035657650 0.090993960 0.049121070 0.081752000 0.069213280 0.059308480 0.059668270 0.057887230 0.064183170 0.065169640 0.056641360 0.053370580 0.026069560 0.031769140 0.040344930 0.071002500 0.106786890 0.053827230 
12     0.046922430 0.041253410 0.043733830 0.061613440 0.041585210 0.034202500 0.002342320 0.000011540 0.000000000 0.046882870 0.053451540 0.091128730 0.079885430 0.023528220 0.028825050 0.027520340 0.057515240 0.058186420 0.063366380 0.093606360 0.060649430 0.051495370 0.072237970 0.047138430 0.045875740 0.036985200 0.069761150 0.028328630 0.026223070 0.029885150 0.102135480 0.074308680 0.037613640 0.032171230 0.093621080 0.090974460 0.080188110 0.076868810 0.055822060 0.056181850 0.054400810 0.060696750 0.061683220 0.053154940 0.049884160 0.022583140 0.028282720 0.035268570 0.120428120 0.122194930 0.053815690 
1     0.000039680 0.000063560 0.000103140 0.060036750 0.033378470 0.001125490 0.030010820 0.025430370 0.046882870 0.000000000 0.006568670 0.040731030 0.043880080 0.025753620 0.058064640 0.059322990 0.084982560 0.094618590 0.078156490 0.067452830 0.093874710 0.044419390 0.057902890 0.069726920 0.073771890 0.073882010 0.050958840 0.020351290 0.028651400 0.039881010 0.048687230 0.043154440 0.026483910 0.063445390 0.051239980 0.064048330 0.051865500 0.049637350 0.020565700 0.093078660 0.065317580 0.097593560 0.098580030 0.090051750 0.086780970 0.040658700 0.038949780 0.021437510 0.072401350 0.096999810 0.006932940 
2     0.006608350 0.006632230 0.006671810 0.123290010 0.039947140 0.007694160 0.036579490 0.045477100 0.053451540 0.006568670 0.000000000 0.000156330 0.009097350 0.114874010 0.093277100 0.135004480 0.136825240 0.129831050 0.123890500 0.123890500 0.122466480 0.117043140 0.117029200 0.117899590 0.117900910 0.115961760 0.115877410 0.093087750 0.113441170 0.096134640 0.115579760 0.119589910 0.109102360 0.131446220 0.134007630 0.130354710 0.093853010 0.089180620 0.117962150 0.117073800 0.117101350 0.132004360 0.126997560 0.126134330 0.117538740 0.093719450 0.080800780 0.099806650 0.107613810 0.151631040 0.013501610 
9     0.052493370 0.052517250 0.052556830 0.120470050 0.085832160 0.053579180 0.082464510 0.080091230 0.091128730 0.040731030 0.000156330 0.000000000 0.009428210 0.129592630 0.123044540 0.191683580 0.166592680 0.159598490 0.161623550 0.159627410 0.158854610 0.149710820 0.162914220 0.163784610 0.163785930 0.161846780 0.156250270 0.142625600 0.148186110 0.145172440 0.153978660 0.148445870 0.148948100 0.194684760 0.174991490 0.169339760 0.153437430 0.135592030 0.152576280 0.162958820 0.162895470 0.166846900 0.172882580 0.172019350 0.152152870 0.123486890 0.110568220 0.094125180 0.137381250 0.174102680 0.059386630 
4     0.063184270 0.059680940 0.071657470 0.119516300 0.096702560 0.082670120 0.060466490 0.046068480 0.079885430 0.043880080 0.009097350 0.009428210 0.000000000 0.033701010 0.092034590 0.091488340 0.117989950 0.128588540 0.066423310 0.057403810 0.060898830 0.080248090 0.157528730 0.117183340 0.080921350 0.106394470 0.086787540 0.041681260 0.058063260 0.067420990 0.061838250 0.050353200 0.041653380 0.075542760 0.141725550 0.099877030 0.073370470 0.060041390 0.064132380 0.078024310 0.078016460 0.102968160 0.094835900 0.090564980 0.102895140 0.076487400 0.074778480 0.106609230 0.106371300 0.099403980 0.070811530 
26     0.041444570 0.023768930 0.033087410 0.046097260 0.032186850 0.018154410 0.043089830 0.027014640 0.023528220 0.025753620 0.114874010 0.129592630 0.033701010 0.000000000 0.013137170 0.011832460 0.041827360 0.036720680 0.042708210 0.020067450 0.044961550 0.016899050 0.027197160 0.031450550 0.025459750 0.021297320 0.018717770 0.006495410 0.010535190 0.012492930 0.028546300 0.017061250 0.008361430 0.011286830 0.026266720 0.022484110 0.015648080 0.004929570 0.006779780 0.030330920 0.037235500 0.050108250 0.051094720 0.042566440 0.031904790 0.005629290 0.006577850 0.023868020 0.061950050 0.073497920 0.059480320 
27     0.027272170 0.044050890 0.048283410 0.071332140 0.074888170 0.050405790 0.048386660 0.032311470 0.028825050 0.058064640 0.093277100 0.123044540 0.092034590 0.013137170 0.000000000 0.000032600 0.033074590 0.033745770 0.017189780 0.015815180 0.005929240 0.030321220 0.047674660 0.025964280 0.024701590 0.015811050 0.009683210 0.004233690 0.005048920 0.008711000 0.039414250 0.022682900 0.016439490 0.010997080 0.036751300 0.022412630 0.009821090 0.011600920 0.048154130 0.050456650 0.021497460 0.042021220 0.042545000 0.047863270 0.044592490 0.011287700 0.022991050 0.082633100 0.090577070 0.125468630 0.087727150 
48     0.042061150 0.046313370 0.048793790 0.070027430 0.070365750 0.049101080 0.047081950 0.031006760 0.027520340 0.059322990 0.135004480 0.191683580 0.091488340 0.011832460 0.000032600 0.000000000 0.024803320 0.032441060 0.016287630 0.015327140 0.005027090 0.029016510 0.043249090 0.024659570 0.023396880 0.014506340 0.016022630 0.009897590 0.003744210 0.007406290 0.054203230 0.037471880 0.015134780 0.009692370 0.039895080 0.028752050 0.024610070 0.026389900 0.040349150 0.049585470 0.036286440 0.054100370 0.055086840 0.046558560 0.043287780 0.015986760 0.021686340 0.079327940 0.111229070 0.126117850 0.086422440 
28     0.096009030 0.076308270 0.078788690 0.100022330 0.103312300 0.079095980 0.077076850 0.061001660 0.057515240 0.084982560 0.136825240 0.166592680 0.117989950 0.041827360 0.033074590 0.024803320 0.000000000 0.001309920 0.070372820 0.066653360 0.056627750 0.059011410 0.048457850 0.054654470 0.053391780 0.044501240 0.068382200 0.035329440 0.033739110 0.037401190 0.067947900 0.039251890 0.045129680 0.039687270 0.086883920 0.102071740 0.108675420 0.086771140 0.066008720 0.079580370 0.077799330 0.084095270 0.085081740 0.076553460 0.073282680 0.045981660 0.051681240 0.113184340 0.124097970 0.131010480 0.116417340 
29     0.090820220 0.076979450 0.079459870 0.100693510 0.117552360 0.079767160 0.077748030 0.061672840 0.058186420 0.094618590 0.129831050 0.159598490 0.128588540 0.036720680 0.033745770 0.032441060 0.001309920 0.000000000 0.071044000 0.032049860 0.008310200 0.049875520 0.065530190 0.055325650 0.054062960 0.039690500 0.050544050 0.024506750 0.034410290 0.031562180 0.062759090 0.028429200 0.041317800 0.040358450 0.053372400 0.077258170 0.106880510 0.110251480 0.079891760 0.080251550 0.078470510 0.084766450 0.085752920 0.077224640 0.073953860 0.046652840 0.052352420 0.112351600 0.127131020 0.125098850 0.094687670 
31     0.092689900 0.069489330 0.081465860 0.097964950 0.112125340 0.084947120 0.059388880 0.066852800 0.063366380 0.078156490 0.123890500 0.161623550 0.066423310 0.042708210 0.017189780 0.016287630 0.070372820 0.071044000 0.000000000 0.000000000 0.001436540 0.009445500 0.009431560 0.010144310 0.010145630 0.008206480 0.008122130 0.008146490 0.019783750 0.009438890 0.008320760 0.012330910 0.050980820 0.045538410 0.026409990 0.022757070 0.013444610 0.013444760 0.055246050 0.009826480 0.009854030 0.024757040 0.016867320 0.018887010 0.013468220 0.040155990 0.049775760 0.094116770 0.072127040 0.094045800 0.080280400 
25     0.040899890 0.057678610 0.061911130 0.093079160 0.109485720 0.081895620 0.050369380 0.088384810 0.093606360 0.067452830 0.123890500 0.159627410 0.057403810 0.020067450 0.015815180 0.015327140 0.066653360 0.032049860 0.000000000 0.000000000 0.001436540 0.009445500 0.009431560 0.010144310 0.010145630 0.008206480 0.008122130 0.008146490 0.010764250 0.009438890 0.008320760 0.012330910 0.039951530 0.040230610 0.026409990 0.022757070 0.013444610 0.013444760 0.046226550 0.009826480 0.009854030 0.024757040 0.019750240 0.018887010 0.013468220 0.024915420 0.049775760 0.095654610 0.123890880 0.125946430 0.087185660 
36     0.053973160 0.066430950 0.074891230 0.103156520 0.092039100 0.082230170 0.053864400 0.064135850 0.060649430 0.093874710 0.122466480 0.158854610 0.060898830 0.044961550 0.005929240 0.005027090 0.056627750 0.008310200 0.001436540 0.001436540 0.000000000 0.008021480 0.008007540 0.008720290 0.008721610 0.006782460 0.006698110 0.006722470 0.014259270 0.008014870 0.006896740 0.010906890 0.048263870 0.038898530 0.024985970 0.021333050 0.012020590 0.012020740 0.049721570 0.008402460 0.008430010 0.023333020 0.018326220 0.017462990 0.012044200 0.037988690 0.048351740 0.109433890 0.117835040 0.128859490 0.108310340 
46     0.062633680 0.035752230 0.047728760 0.082513230 0.060388170 0.073076110 0.071056980 0.054981790 0.051495370 0.044419390 0.117043140 0.149710820 0.080248090 0.016899050 0.030321220 0.029016510 0.059011410 0.049875520 0.009445500 0.009445500 0.008021480 0.000000000 0.000014200 0.003454590 0.003455910 0.001516760 0.001432410 0.001299130 0.017211950 0.000021550 0.001473400 0.005483550 0.023838540 0.012385590 0.016992650 0.013339730 0.006597250 0.006597400 0.071137920 0.002979120 0.003006670 0.017909680 0.012902880 0.012039650 0.006620860 0.033308630 0.028491700 0.019008750 0.085113270 0.097361180 0.046543300 
22     0.076834400 0.081294800 0.068201040 0.074360340 0.061345690 0.090824600 0.075732730 0.077163220 0.072237970 0.057902890 0.117029200 0.162914220 0.157528730 0.027197160 0.047674660 0.043249090 0.048457850 0.065530190 0.009431560 0.009431560 0.008007540 0.000014200 0.000000000 0.003440650 0.003441970 0.001502820 0.001418470 0.001285190 0.011046720 0.000007610 0.001459460 0.005469610 0.041725430 0.042237180 0.016978710 0.013325790 0.006583310 0.006583460 0.104754970 0.002965180 0.002992730 0.017895740 0.012888940 0.012025710 0.006606920 0.033294690 0.028239430 0.018756480 0.045585930 0.067504690 0.109613310 
15     0.098924090 0.065931460 0.068411880 0.089645520 0.085118580 0.068719170 0.066700040 0.050624850 0.047138430 0.069726920 0.117899590 0.163784610 0.117183340 0.031450550 0.025964280 0.024659570 0.054654470 0.055325650 0.010144310 0.010144310 0.008720290 0.003454590 0.003440650 0.000000000 0.000001320 0.002106530 0.002022180 0.002155580 0.021881480 0.003447980 0.002329850 0.006340000 0.033272050 0.024044590 0.020419080 0.016766160 0.007453700 0.007453850 0.068843770 0.003835570 0.003863120 0.018766130 0.013759330 0.012896100 0.007477310 0.034165080 0.041304430 0.081091590 0.069791340 0.091710100 0.106040530 
17     0.080669120 0.064668770 0.067149190 0.088382830 0.077439550 0.067456480 0.065437350 0.049362160 0.045875740 0.073771890 0.117900910 0.163785930 0.080921350 0.025459750 0.024701590 0.023396880 0.053391780 0.054062960 0.010145630 0.010145630 0.008721610 0.003455910 0.003441970 0.000001320 0.000000000 0.000105160 0.002023500 0.002156900 0.017851320 0.003449300 0.002331170 0.006341320 0.032009360 0.019702540 0.020420400 0.016767480 0.007455020 0.007455170 0.067581080 0.003836890 0.003864440 0.018767450 0.013760650 0.012897420 0.007478630 0.034166400 0.040041740 0.048082280 0.070034200 0.091952960 0.104777840 
50     0.077395040 0.055778230 0.048850390 0.079492290 0.065998260 0.058565940 0.056546810 0.040471620 0.036985200 0.073882010 0.115961760 0.161846780 0.106394470 0.021297320 0.015811050 0.014506340 0.044501240 0.039690500 0.008206480 0.008206480 0.006782460 0.001516760 0.001502820 0.002106530 0.000105160 0.000000000 0.000084350 0.000217750 0.011728250 0.001510150 0.000392020 0.004402170 0.023118820 0.017676410 0.018481250 0.014828330 0.005515870 0.005516020 0.058690540 0.001897740 0.001925290 0.016828300 0.011821500 0.010958270 0.005539480 0.025451620 0.031151200 0.089002240 0.107090940 0.113614750 0.095887300 
20     0.042481590 0.042291680 0.054268210 0.080380930 0.088197580 0.064976170 0.070450700 0.058406570 0.069761150 0.050958840 0.115877410 0.156250270 0.086787540 0.018717770 0.009683210 0.016022630 0.068382200 0.050544050 0.008122130 0.008122130 0.006698110 0.001432410 0.001418470 0.002022180 0.002023500 0.000084350 0.000000000 0.000133400 0.008318650 0.001425800 0.000307670 0.004317820 0.013636610 0.022461570 0.011465910 0.014743980 0.005431520 0.005431670 0.042341690 0.001813390 0.001840940 0.016743950 0.011737150 0.010873920 0.005455130 0.026497120 0.041762670 0.048436110 0.050217900 0.072136660 0.053082750 
38     0.023634040 0.024586560 0.011301150 0.041784100 0.028449020 0.049909370 0.047890240 0.031815050 0.028328630 0.020351290 0.093087750 0.142625600 0.041681260 0.006495410 0.004233690 0.009897590 0.035329440 0.024506750 0.008146490 0.008146490 0.006722470 0.001299130 0.001285190 0.002155580 0.002156900 0.000217750 0.000133400 0.000000000 0.003649700 0.001292520 0.000174390 0.004184540 0.006572780 0.002224930 0.010806870 0.007328710 0.005298240 0.005298390 0.001377450 0.001680110 0.001707660 0.016610670 0.011603870 0.010740640 0.005321850 0.007649570 0.022494630 0.023732750 0.038453130 0.057900320 0.039458080 
19     0.038814960 0.034227520 0.046204050 0.068730160 0.068756170 0.047803810 0.045784680 0.029709490 0.026223070 0.028651400 0.113441170 0.148186110 0.058063260 0.010535190 0.005048920 0.003744210 0.033739110 0.034410290 0.019783750 0.010764250 0.014259270 0.017211950 0.011046720 0.021881480 0.017851320 0.011728250 0.008318650 0.003649700 0.000000000 0.001788530 0.022731200 0.005999850 0.009640760 0.005969900 0.007680500 0.007135820 0.017657360 0.017950770 0.009677560 0.048288200 0.033040250 0.040900780 0.036693010 0.043808920 0.041990510 0.014689490 0.020389070 0.045536050 0.040756530 0.062675290 0.045018590 
23     0.037030530 0.027633450 0.014348040 0.052222020 0.031495910 0.051465890 0.049446760 0.033371570 0.029885150 0.039881010 0.096134640 0.145172440 0.067420990 0.012492930 0.008711000 0.007406290 0.037401190 0.031562180 0.009438890 0.009438890 0.008014870 0.000021550 0.000007610 0.003447980 0.003449300 0.001510150 0.001425800 0.001292520 0.001788530 0.000000000 0.001466790 0.004215420 0.007856330 0.009631980 0.016986040 0.013333120 0.006590640 0.006590790 0.036775330 0.002972510 0.003000060 0.017903070 0.012896270 0.012033040 0.006614250 0.018351570 0.024051150 0.037260170 0.069983160 0.062998590 0.042004920 
37     0.054244180 0.040020070 0.051996600 0.073254580 0.087135970 0.073834570 0.076962540 0.062536490 0.102135480 0.048687230 0.115579760 0.153978660 0.061838250 0.028546300 0.039414250 0.054203230 0.067947900 0.062759090 0.008320760 0.008320760 0.006896740 0.001473400 0.001459460 0.002329850 0.002331170 0.000392020 0.000307670 0.000174390 0.022731200 0.001466790 0.000000000 0.001957290 0.004729200 0.012358680 0.018437890 0.014784970 0.005133870 0.005134020 0.077483890 0.001515740 0.001543290 0.016446300 0.011439500 0.010576270 0.005157480 0.031845250 0.041465020 0.049062670 0.106606430 0.103707150 0.050811140 
49     0.040492010 0.034487280 0.046463810 0.063559290 0.059987280 0.062005520 0.065477490 0.051051440 0.074308680 0.043154440 0.119589910 0.148445870 0.050353200 0.017061250 0.022682900 0.037471880 0.039251890 0.028429200 0.012330910 0.012330910 0.010906890 0.005483550 0.005469610 0.006340000 0.006341320 0.004402170 0.004317820 0.004184540 0.005999850 0.004215420 0.001957290 0.000000000 0.000010200 0.014175360 0.021746360 0.018795120 0.009144020 0.009144170 0.026437310 0.005525890 0.005553440 0.020456450 0.015449650 0.014586420 0.009167630 0.024507540 0.045475170 0.038483160 0.081320430 0.074335860 0.045278350 
33     0.044132920 0.034989510 0.046966040 0.062714980 0.067183630 0.059194380 0.056777670 0.041100060 0.037613640 0.026483910 0.109102360 0.148948100 0.041653380 0.008361430 0.016439490 0.015134780 0.045129680 0.041317800 0.050980820 0.039951530 0.048263870 0.023838540 0.041725430 0.033272050 0.032009360 0.023118820 0.013636610 0.006572780 0.009640760 0.007856330 0.004729200 0.000010200 0.000000000 0.016402810 0.025387270 0.035933580 0.026681840 0.028461670 0.007510070 0.059678770 0.038358210 0.058881970 0.059405750 0.046967680 0.053381080 0.026080060 0.031779640 0.042805930 0.080476120 0.073491550 0.045780580 
42     0.051394500 0.050964260 0.049659620 0.070404900 0.066807490 0.053751970 0.051732840 0.035657650 0.032171230 0.063445390 0.131446220 0.194684760 0.075542760 0.011286830 0.010997080 0.009692370 0.039687270 0.040358450 0.045538410 0.040230610 0.038898530 0.012385590 0.042237180 0.024044590 0.019702540 0.017676410 0.022461570 0.002224930 0.005969900 0.009631980 0.012358680 0.014175360 0.016402810 0.000000000 0.002891170 0.002346490 0.061082910 0.050149360 0.053876570 0.054236360 0.052455320 0.042604460 0.059737730 0.051209450 0.047938670 0.020637650 0.026337230 0.054744710 0.099191570 0.084933670 0.091073330 
30     0.054560410 0.049987170 0.075571650 0.116275800 0.089146050 0.068002080 0.093949660 0.090993960 0.093621080 0.051239980 0.134007630 0.174991490 0.141725550 0.026266720 0.036751300 0.039895080 0.086883920 0.053372400 0.026409990 0.026409990 0.024985970 0.016992650 0.016978710 0.020419080 0.020420400 0.018481250 0.011465910 0.010806870 0.007680500 0.016986040 0.018437890 0.021746360 0.025387270 0.002891170 0.000000000 0.000572800 0.023561740 0.023561890 0.032266140 0.019943610 0.019971160 0.034874170 0.029867370 0.029004140 0.023585350 0.038575940 0.042876960 0.065635310 0.071414900 0.093333660 0.111875660 
44     0.065890370 0.055381170 0.067357700 0.097164500 0.102497070 0.109554450 0.085675000 0.049121070 0.090974460 0.064048330 0.130354710 0.169339760 0.099877030 0.022484110 0.022412630 0.028752050 0.102071740 0.077258170 0.022757070 0.022757070 0.021333050 0.013339730 0.013325790 0.016766160 0.016767480 0.014828330 0.014743980 0.007328710 0.007135820 0.013333120 0.014784970 0.018795120 0.035933580 0.002346490 0.000572800 0.000000000 0.019908820 0.019908970 0.049898270 0.016290690 0.016318240 0.031221250 0.026214450 0.025351220 0.019932430 0.027856970 0.025550310 0.052248750 0.129093760 0.087399240 0.066172240 
14     0.017888560 0.034667280 0.016943160 0.033305580 0.030975030 0.017329520 0.069695340 0.081752000 0.080188110 0.051865500 0.093853010 0.153437430 0.073370470 0.015648080 0.009821090 0.024610070 0.108675420 0.106880510 0.013444610 0.013444610 0.012020590 0.006597250 0.006583310 0.007453700 0.007455020 0.005515870 0.005431520 0.005298240 0.017657360 0.006590640 0.005133870 0.009144020 0.026681840 0.061082910 0.023561740 0.019908820 0.000000000 0.000000150 0.047091240 0.006624650 0.006652200 0.021555210 0.016548410 0.015685180 0.010266390 0.001904090 0.017369830 0.036269090 0.038489130 0.060407890 0.017351650 
32     0.019668390 0.033454290 0.018835740 0.030857190 0.028526640 0.014881130 0.067467190 0.069213280 0.076868810 0.049637350 0.089180620 0.135592030 0.060041390 0.004929570 0.011600920 0.026389900 0.086771140 0.110251480 0.013444760 0.013444760 0.012020740 0.006597400 0.006583460 0.007453850 0.007455170 0.005516020 0.005431670 0.005298390 0.017950770 0.006590790 0.005134020 0.009144170 0.028461670 0.050149360 0.023561890 0.019908970 0.000000150 0.000000000 0.034515300 0.006624800 0.006652350 0.021555360 0.016548560 0.015685330 0.010266540 0.003683920 0.014921440 0.034040940 0.038782540 0.060701300 0.014903260 
40     0.058052570 0.048422900 0.046747350 0.083892450 0.064888040 0.050855600 0.057097950 0.059308480 0.055822060 0.020565700 0.117962150 0.152576280 0.064132380 0.006779780 0.048154130 0.040349150 0.066008720 0.079891760 0.055246050 0.046226550 0.049721570 0.071137920 0.104754970 0.068843770 0.067581080 0.058690540 0.042341690 0.001377450 0.009677560 0.036775330 0.077483890 0.026437310 0.007510070 0.053876570 0.032266140 0.049898270 0.047091240 0.034515300 0.000000000 0.000850010 0.001104890 0.004296750 0.003113360 0.003454750 0.024092160 0.041783100 0.047482680 0.048767480 0.101653590 0.094669020 0.081768470 
18     0.058524120 0.046973880 0.071923900 0.044376780 0.042046230 0.028400720 0.070989880 0.059668270 0.056181850 0.093078660 0.117073800 0.162958820 0.078024310 0.030330920 0.050456650 0.049585470 0.079580370 0.080251550 0.009826480 0.009826480 0.008402460 0.002979120 0.002965180 0.003835570 0.003836890 0.001897740 0.001813390 0.001680110 0.048288200 0.002972510 0.001515740 0.005525890 0.059678770 0.054236360 0.019943610 0.016290690 0.006624650 0.006624800 0.000850010 0.000000000 0.000027550 0.017937060 0.012930260 0.012067030 0.006648240 0.030712120 0.028441030 0.091050880 0.130198220 0.090936690 0.028422850 
39     0.029564930 0.046343650 0.050576170 0.047735630 0.045405080 0.031759570 0.070982030 0.057887230 0.054400810 0.065317580 0.117101350 0.162895470 0.078016460 0.037235500 0.021497460 0.036286440 0.077799330 0.078470510 0.009854030 0.009854030 0.008430010 0.003006670 0.002992730 0.003863120 0.003864440 0.001925290 0.001840940 0.001707660 0.033040250 0.003000060 0.001543290 0.005553440 0.038358210 0.052455320 0.019971160 0.016318240 0.006652200 0.006652350 0.001104890 0.000027550 0.000000000 0.017964610 0.012957810 0.012094580 0.006675790 0.013580460 0.031799880 0.093519360 0.124934410 0.094295540 0.031781700 
21     0.050088690 0.062693520 0.061017970 0.100407850 0.086976250 0.076370430 0.080258360 0.064183170 0.060696750 0.097593560 0.132004360 0.166846900 0.102968160 0.050108250 0.042021220 0.054100370 0.084095270 0.084766450 0.024757040 0.024757040 0.023333020 0.017909680 0.017895740 0.018766130 0.018767450 0.016828300 0.016743950 0.016610670 0.040900780 0.017903070 0.016446300 0.020456450 0.058881970 0.042604460 0.034874170 0.031221250 0.021555210 0.021555360 0.004296750 0.017937060 0.017964610 0.000000000 0.001314880 0.004368860 0.004002590 0.034104220 0.052357370 0.093290420 0.128465650 0.121481080 0.088468510 
35     0.050612470 0.067391190 0.071523340 0.097567220 0.099096270 0.083263960 0.081244830 0.065169640 0.061683220 0.098580030 0.126997560 0.172882580 0.094835900 0.051094720 0.042545000 0.055086840 0.085081740 0.085752920 0.016867320 0.019750240 0.018326220 0.012902880 0.012888940 0.013759330 0.013760650 0.011821500 0.011737150 0.011603870 0.036693010 0.012896270 0.011439500 0.015449650 0.059405750 0.059737730 0.029867370 0.026214450 0.016548410 0.016548560 0.003113360 0.012930260 0.012957810 0.001314880 0.000000000 0.000505900 0.008126860 0.034628000 0.052882820 0.051744470 0.057524780 0.079443540 0.058062730 
41     0.057186180 0.071947970 0.071822330 0.095662030 0.107765680 0.074735680 0.072716550 0.056641360 0.053154940 0.090051750 0.126134330 0.172019350 0.090564980 0.042566440 0.047863270 0.046558560 0.076553460 0.077224640 0.018887010 0.018887010 0.017462990 0.012039650 0.012025710 0.012896100 0.012897420 0.010958270 0.010873920 0.010740640 0.043808920 0.012033040 0.010576270 0.014586420 0.046967680 0.051209450 0.029004140 0.025351220 0.015685180 0.015685330 0.003454750 0.012067030 0.012094580 0.004368860 0.000505900 0.000000000 0.003269280 0.039115980 0.044815560 0.055802480 0.064640690 0.086559450 0.104967960 
45     0.081368560 0.047999490 0.046323940 0.092391250 0.053991480 0.039959040 0.069445770 0.053370580 0.049884160 0.086780970 0.117538740 0.152152870 0.102895140 0.031904790 0.044592490 0.043287780 0.073282680 0.073953860 0.013468220 0.013468220 0.012044200 0.006620860 0.006606920 0.007477310 0.007478630 0.005539480 0.005455130 0.005321850 0.041990510 0.006614250 0.005157480 0.009167630 0.053381080 0.047938670 0.023585350 0.019932430 0.010266390 0.010266540 0.024092160 0.006648240 0.006675790 0.004002590 0.008126860 0.003269280 0.000000000 0.035845200 0.041544780 0.068465530 0.141480980 0.141677660 0.063643620 
43     0.017062490 0.023343780 0.021463240 0.020746680 0.018416130 0.004770620 0.042144750 0.026069560 0.022583140 0.040658700 0.093719450 0.123486890 0.076487400 0.005629290 0.011287700 0.015986760 0.045981660 0.046652840 0.040155990 0.024915420 0.037988690 0.033308630 0.033294690 0.034165080 0.034166400 0.025451620 0.026497120 0.007649570 0.014689490 0.018351570 0.031845250 0.024507540 0.026080060 0.020637650 0.038575940 0.027856970 0.001904090 0.003683920 0.041783100 0.030712120 0.013580460 0.034104220 0.034628000 0.039115980 0.035845200 0.000000000 0.000141250 0.032813240 0.020283920 0.042202680 0.004792750 
47     0.037429400 0.021072690 0.028796040 0.018475590 0.016145040 0.002499530 0.047844330 0.031769140 0.028282720 0.038949780 0.080800780 0.110568220 0.074778480 0.006577850 0.022991050 0.021686340 0.051681240 0.052352420 0.049775760 0.049775760 0.048351740 0.028491700 0.028239430 0.041304430 0.040041740 0.031151200 0.041762670 0.022494630 0.020389070 0.024051150 0.041465020 0.045475170 0.031779640 0.026337230 0.042876960 0.025550310 0.017369830 0.014921440 0.047482680 0.028441030 0.031799880 0.052357370 0.052882820 0.044815560 0.041544780 0.000141250 0.000000000 0.022023670 0.032431040 0.014906820 0.002521660 
16     0.075710240 0.063593250 0.043331150 0.057885450 0.065367540 0.064487600 0.039267350 0.040344930 0.035268570 0.021437510 0.099806650 0.094125180 0.106609230 0.023868020 0.082633100 0.079327940 0.113184340 0.112351600 0.094116770 0.095654610 0.109433890 0.019008750 0.018756480 0.081091590 0.048082280 0.089002240 0.048436110 0.023732750 0.045536050 0.037260170 0.049062670 0.038483160 0.042805930 0.054744710 0.065635310 0.052248750 0.036269090 0.034040940 0.048767480 0.091050880 0.093519360 0.093290420 0.051744470 0.055802480 0.068465530 0.032813240 0.022023670 0.000000000 0.016648110 0.019984870 0.048557640 
24     0.050782400 0.053513720 0.053849830 0.089147440 0.100679090 0.055743310 0.092519300 0.071002500 0.120428120 0.072401350 0.107613810 0.137381250 0.106371300 0.061950050 0.090577070 0.111229070 0.124097970 0.127131020 0.072127040 0.123890880 0.117835040 0.085113270 0.045585930 0.069791340 0.070034200 0.107090940 0.050217900 0.038453130 0.040756530 0.069983160 0.106606430 0.081320430 0.080476120 0.099191570 0.071414900 0.129093760 0.038489130 0.038782540 0.101653590 0.130198220 0.124934410 0.128465650 0.057524780 0.064640690 0.141480980 0.020283920 0.032431040 0.016648110 0.000000000 0.002767950 0.116828260 
34     0.068504990 0.075432480 0.065762140 0.080349470 0.078018920 0.064373410 0.142816880 0.106786890 0.122194930 0.096999810 0.151631040 0.174102680 0.099403980 0.073497920 0.125468630 0.126117850 0.131010480 0.125098850 0.094045800 0.125946430 0.128859490 0.097361180 0.067504690 0.091710100 0.091952960 0.113614750 0.072136660 0.057900320 0.062675290 0.062998590 0.103707150 0.074335860 0.073491550 0.084933670 0.093333660 0.087399240 0.060407890 0.060701300 0.094669020 0.090936690 0.094295540 0.121481080 0.079443540 0.086559450 0.141677660 0.042202680 0.014906820 0.019984870 0.002767950 0.000000000 0.062899620 
0     0.006967280 0.006991160 0.007030740 0.017835630 0.015505080 0.001859570 0.036943640 0.053827230 0.053815690 0.006932940 0.013501610 0.059386630 0.070811530 0.059480320 0.087727150 0.086422440 0.116417340 0.094687670 0.080280400 0.087185660 0.108310340 0.046543300 0.109613310 0.106040530 0.104777840 0.095887300 0.053082750 0.039458080 0.045018590 0.042004920 0.050811140 0.045278350 0.045780580 0.091073330 0.111875660 0.066172240 0.017351650 0.014903260 0.081768470 0.028422850 0.031781700 0.088468510 0.058062730 0.104967960 0.063643620 0.004792750 0.002521660 0.048557640 0.116828260 0.062899620 0.000000000 
