51
11     0.000000000 0.062402209 0.064225628 0.062677916 0.066534429 0.060333551 0.057800167 0.062776745 0.062983578 0.074076432 0.077102255 0.075656630 0.069376594 0.084280997 0.092915367 0.092815726 0.097348663 0.095002128 0.093169109 0.091433432 0.087015181 0.106730683 0.092707388 0.098569642 0.098616487 0.092813900 0.097124155 0.095680722 0.109675535 0.100088701 0.097924141 0.097899716 0.097651227 0.097860085 0.095803382 0.096554165 0.095183344 0.099554303 0.095474390 0.097631775 0.108630212 0.102796146 0.100353807 0.117520917 0.099614863 0.095498234 0.093311944 0.092807270 0.092953732 0.093075201 0.172939914 
16     0.062402209 0.000000000 0.042990190 0.041342451 0.063199658 0.057215823 0.054625708 0.059583402 0.059782078 0.070860810 0.073881433 0.072412270 0.066093313 0.080899973 0.089551100 0.089451460 0.094118373 0.091776687 0.089943669 0.088236023 0.083817772 0.103497460 0.089485609 0.095347863 0.095394708 0.089592122 0.093902377 0.092454685 0.106445984 0.096859150 0.094694590 0.094670164 0.094421675 0.094630534 0.092573830 0.093324614 0.091953793 0.096324752 0.092244839 0.094402224 0.105404376 0.099603209 0.097124724 0.114295080 0.096388964 0.092291793 0.090086044 0.089581371 0.089727833 0.089849302 0.169753861 
15     0.064225628 0.042990190 0.000000000 0.024962846 0.064973023 0.058901211 0.056391627 0.061349827 0.061519512 0.072643183 0.075665820 0.074212328 0.067892478 0.082676222 0.091327349 0.091227709 0.095969555 0.093623019 0.091790000 0.090054324 0.085636073 0.105311160 0.091325735 0.097187989 0.097234834 0.091432247 0.095742503 0.094294810 0.108201181 0.098614346 0.096449787 0.096425361 0.096176872 0.096385730 0.094329027 0.095079810 0.093708989 0.098079948 0.094000035 0.096157420 0.107149598 0.101348432 0.098869946 0.116040302 0.098134186 0.094037015 0.091831266 0.091326593 0.091473055 0.091594524 0.171538058 
10     0.062677916 0.041342451 0.024962846 0.000000000 0.063425396 0.057353584 0.054844000 0.059802200 0.059971885 0.071033022 0.074077777 0.072618062 0.066298212 0.081085978 0.089737105 0.089637464 0.094379311 0.092032775 0.090199756 0.088464079 0.084045829 0.103720916 0.089735491 0.095597745 0.095644590 0.089842003 0.094152258 0.092704566 0.106610936 0.097024102 0.094859542 0.094835117 0.094586628 0.094795486 0.092738783 0.093489566 0.092118745 0.096489704 0.092409791 0.094567176 0.105559354 0.099758187 0.097279702 0.114450058 0.096543942 0.092446771 0.090241022 0.089736349 0.089882811 0.090004280 0.169947814 
9     0.066534429 0.063199658 0.064973023 0.063425396 0.000000000 0.042816497 0.040420090 0.045447423 0.045598469 0.074824107 0.077846491 0.076403519 0.070024483 0.084987014 0.093565876 0.093466236 0.098194173 0.095847638 0.094014619 0.092278942 0.087860691 0.107548943 0.093558749 0.099421003 0.099467848 0.093665261 0.097975516 0.096517199 0.110376580 0.100789585 0.098625026 0.098600600 0.098352111 0.098596170 0.096504266 0.097255049 0.095884228 0.100290388 0.096210475 0.098367860 0.109483255 0.103692446 0.101217185 0.118384294 0.100474505 0.096303433 0.094171586 0.093666913 0.093813375 0.093934844 0.173831941 
3     0.060333551 0.057215823 0.058901211 0.057353584 0.042816497 0.000000000 0.030345265 0.035142301 0.035361154 0.068371450 0.071398580 0.069955608 0.063577786 0.078611715 0.087181058 0.087081418 0.091875300 0.089528765 0.087695746 0.085960069 0.081541819 0.101207559 0.087239876 0.093102130 0.093148975 0.087346388 0.091656643 0.090193933 0.104079569 0.094492931 0.092328372 0.092303946 0.092055457 0.092264315 0.090207612 0.090958395 0.089587574 0.093958533 0.089876946 0.091979153 0.103108136 0.097317327 0.094842067 0.112009176 0.094099387 0.089969130 0.087796468 0.087291795 0.087438256 0.087559726 0.167485560 
12     0.057800167 0.054625708 0.056391627 0.054844000 0.040420090 0.030345265 0.000000000 0.026124999 0.030993331 0.066045058 0.069072188 0.067629216 0.061251038 0.076218876 0.084788219 0.084688579 0.089495789 0.087149253 0.085316234 0.083580558 0.079162307 0.098868996 0.084860364 0.090722618 0.090769463 0.084966876 0.089277132 0.087809722 0.101812321 0.092225486 0.090060927 0.090036501 0.089788012 0.089996870 0.087940167 0.088690950 0.087320129 0.091691088 0.087611175 0.089768560 0.100752435 0.094981103 0.092505843 0.109672952 0.091763163 0.087632906 0.085460244 0.084955571 0.085102032 0.085223502 0.165121192 
13     0.062776745 0.059583402 0.061349827 0.059802200 0.045447423 0.035142301 0.026124999 0.000000000 0.036227516 0.071052156 0.074079286 0.072636314 0.066258136 0.081227156 0.089796499 0.089696859 0.094499127 0.092152591 0.090319572 0.088583896 0.084165645 0.103872334 0.089863702 0.095725956 0.095772801 0.089970214 0.094280470 0.092810426 0.106815659 0.097228824 0.095064265 0.095039839 0.094791350 0.095000208 0.092943505 0.093694288 0.092323468 0.096694426 0.092614513 0.094771898 0.105757107 0.099984441 0.097509181 0.114676290 0.096766501 0.092635323 0.090463582 0.089958909 0.090105370 0.090226840 0.170124530 
7     0.062983578 0.059782078 0.061519512 0.059971885 0.045598469 0.035361154 0.030993331 0.036227516 0.000000000 0.071237759 0.074264889 0.072821917 0.066443663 0.081464638 0.090031813 0.089932173 0.094684550 0.092338014 0.090504996 0.088769319 0.084351068 0.104016808 0.090049126 0.095911379 0.095958225 0.090155638 0.094465893 0.093007576 0.106960133 0.097373299 0.095208739 0.095184313 0.094935824 0.095144683 0.093087979 0.093838763 0.092467942 0.096838901 0.092758988 0.094916372 0.105942998 0.100152189 0.097676928 0.114844037 0.096934328 0.092803150 0.090631409 0.090126736 0.090273197 0.090394667 0.170303388 
8     0.074076432 0.070860810 0.072643183 0.071033022 0.074824107 0.068371450 0.066045058 0.071052156 0.071237759 0.000000000 0.029282538 0.027714888 0.050624065 0.082954374 0.091646265 0.091546625 0.096224166 0.093877631 0.092044612 0.090308935 0.085890684 0.105573143 0.091606663 0.097468917 0.097515762 0.091691563 0.096023265 0.094533413 0.108516411 0.098925059 0.096774366 0.096749941 0.096501451 0.096710310 0.094653607 0.095404390 0.094033569 0.098404528 0.094324615 0.096482000 0.107354421 0.101545803 0.099064868 0.116231978 0.098330417 0.094250039 0.092027497 0.091522824 0.091669286 0.091790755 0.171694616 
4     0.077102255 0.073881433 0.075665820 0.074077777 0.077846491 0.071398580 0.069072188 0.074079286 0.074264889 0.029282538 0.000000000 0.020620362 0.053600741 0.086022053 0.094640007 0.094540367 0.099212206 0.096865670 0.095032652 0.093296975 0.088878724 0.108561183 0.094594703 0.100456956 0.100503802 0.094682008 0.099011305 0.097537222 0.111504451 0.101913099 0.099762406 0.099737980 0.099489491 0.099698350 0.097641646 0.098392430 0.097021609 0.101392568 0.097312655 0.099470040 0.110342460 0.104533843 0.102052908 0.119220017 0.101318456 0.097238079 0.095015537 0.094510864 0.094657325 0.094778795 0.174682656 
14     0.075656630 0.072412270 0.074212328 0.072618062 0.076403519 0.069955608 0.067629216 0.072636314 0.072821917 0.027714888 0.020620362 0.000000000 0.052107358 0.084542064 0.093160018 0.093060378 0.097734166 0.095387631 0.093554612 0.091818935 0.087400685 0.107083143 0.093116663 0.098978917 0.099025762 0.093203258 0.097533266 0.096059183 0.110026412 0.100435059 0.098284366 0.098259941 0.098011452 0.098220310 0.096163607 0.096914390 0.095543569 0.099914528 0.095834615 0.097992000 0.108864421 0.103055803 0.100574869 0.117741978 0.099840417 0.095760040 0.093537498 0.093032824 0.093179286 0.093300755 0.173204616 
6     0.069376594 0.066093313 0.067892478 0.066298212 0.070024483 0.063577786 0.061251038 0.066258136 0.066443663 0.050624065 0.053600741 0.052107358 0.000000000 0.078202620 0.086863227 0.086763587 0.091431008 0.089084473 0.087251454 0.085515777 0.081097526 0.100747743 0.086783415 0.092645668 0.092692514 0.086880929 0.091200017 0.089757931 0.103718984 0.094126213 0.091975520 0.091951094 0.091702605 0.091911464 0.089854760 0.090605544 0.089234723 0.093605682 0.089525769 0.091683154 0.102559357 0.096750739 0.094269805 0.111436914 0.093535353 0.089454976 0.087232434 0.086727761 0.086874222 0.086995692 0.166860782 
5     0.084280997 0.080899973 0.082676222 0.081085978 0.084987014 0.078611715 0.076218876 0.081227156 0.081464638 0.082954374 0.086022053 0.084542064 0.078202620 0.000000000 0.058043196 0.057847943 0.097302881 0.094956345 0.093123326 0.091387650 0.086969399 0.106824559 0.092750254 0.098612508 0.098659353 0.092882214 0.097167021 0.095737395 0.109601196 0.100000648 0.097836088 0.097805116 0.097556627 0.097765486 0.095715328 0.096466112 0.095095291 0.099412592 0.095412664 0.097570049 0.108599403 0.102796213 0.100269515 0.117476721 0.099577127 0.095496750 0.093274208 0.092769535 0.092915996 0.093037466 0.172889096 
1     0.092915367 0.089551100 0.091327349 0.089737105 0.093565876 0.087181058 0.084788219 0.089796499 0.090031813 0.091646265 0.094640007 0.093160018 0.086863227 0.058043196 0.000000000 0.018306235 0.105716351 0.103369815 0.101536796 0.099809435 0.095359483 0.115305531 0.101231226 0.107093479 0.107140325 0.101363186 0.105647993 0.104218367 0.118114237 0.108537420 0.106372860 0.106346373 0.106097884 0.106306742 0.104252100 0.105002884 0.103632063 0.107980699 0.103935470 0.106092855 0.117081626 0.111278435 0.108768153 0.125958943 0.108059350 0.103978973 0.101756431 0.101251758 0.101398219 0.101519688 0.181431482 
2     0.092815726 0.089451460 0.091227709 0.089637464 0.093466236 0.087081418 0.084688579 0.089696859 0.089932173 0.091546625 0.094540367 0.093060378 0.086763587 0.057847943 0.018306235 0.000000000 0.105675863 0.103329327 0.101496309 0.099760061 0.095330123 0.115250014 0.101175709 0.107037963 0.107084809 0.101307669 0.105592477 0.104162850 0.118007147 0.108437108 0.106272548 0.106246061 0.105997572 0.106206431 0.104151789 0.104902572 0.103531751 0.107880388 0.103835158 0.105992543 0.117021695 0.111218504 0.108708222 0.125899012 0.107999419 0.103919042 0.101696500 0.101191827 0.101338288 0.101459758 0.181343582 
46     0.097348663 0.094118373 0.095969555 0.094379311 0.098194173 0.091875300 0.089495789 0.094499127 0.094684550 0.096224166 0.099212206 0.097734166 0.091431008 0.097302881 0.105716351 0.105675863 0.000000000 0.044065865 0.042259860 0.051686507 0.047364666 0.089753073 0.075725892 0.081648475 0.081695320 0.075842977 0.080113221 0.078710514 0.099631782 0.089868436 0.087798857 0.087700440 0.087451951 0.087660809 0.085636984 0.086387767 0.084982616 0.089334331 0.085294040 0.087451425 0.098449521 0.092410687 0.089930686 0.107155855 0.089255280 0.085182019 0.082952360 0.082447687 0.082594149 0.082715618 0.168505106 
31     0.095002128 0.091776687 0.093623019 0.092032775 0.095847638 0.089528765 0.087149253 0.092152591 0.092338014 0.093877631 0.096865670 0.095387631 0.089084473 0.094956345 0.103369815 0.103329327 0.044065865 0.000000000 0.013931753 0.049246745 0.045012341 0.087390690 0.073339895 0.079273025 0.079319871 0.073480043 0.077750286 0.076347580 0.097278050 0.087573596 0.085438362 0.085415534 0.085167044 0.085375903 0.083276489 0.084027272 0.082691109 0.087037820 0.082985490 0.085142875 0.096136647 0.090188377 0.087682853 0.104843216 0.086965971 0.082892710 0.080663051 0.080158378 0.080304840 0.080426309 0.166157468 
38     0.093169109 0.089943669 0.091790000 0.090199756 0.094014619 0.087695746 0.085316234 0.090319572 0.090504996 0.092044612 0.095032652 0.093554612 0.087251454 0.093123326 0.101536796 0.101496309 0.042259860 0.013931753 0.000000000 0.047363224 0.043082701 0.085563167 0.071512371 0.077445502 0.077492347 0.071652519 0.075922763 0.074520056 0.095445031 0.085740577 0.083605343 0.083582515 0.083334026 0.083542884 0.081443470 0.082194254 0.080858090 0.085204801 0.081152471 0.083309856 0.094303628 0.088355358 0.085849834 0.103010198 0.085132952 0.081059691 0.078830033 0.078325359 0.078471821 0.078593290 0.164324449 
28     0.091433432 0.088236023 0.090054324 0.088464079 0.092278942 0.085960069 0.083580558 0.088583896 0.088769319 0.090308935 0.093296975 0.091818935 0.085515777 0.091387650 0.099809435 0.099760061 0.051686507 0.049246745 0.047363224 0.000000000 0.039116538 0.083800581 0.069773401 0.075695983 0.075742829 0.069890485 0.074160729 0.072758022 0.093674215 0.083976729 0.081841290 0.081818461 0.081569972 0.081778831 0.079679417 0.080430200 0.079094037 0.083445752 0.079383195 0.081540580 0.092564771 0.086616502 0.084110978 0.101271341 0.083394095 0.079320835 0.077091176 0.076586503 0.076732964 0.076854434 0.162587599 
45     0.087015181 0.083817772 0.085636073 0.084045829 0.087860691 0.081541819 0.079162307 0.084165645 0.084351068 0.085890684 0.088878724 0.087400685 0.081097526 0.086969399 0.095359483 0.095330123 0.047364666 0.045012341 0.043082701 0.039116538 0.000000000 0.079425078 0.065375789 0.071298372 0.071345217 0.065514982 0.069785226 0.068382519 0.089287628 0.079590142 0.077454703 0.077431874 0.077183385 0.077392244 0.075264010 0.076014793 0.074707450 0.079036504 0.074996608 0.077153993 0.088083520 0.082181268 0.079675744 0.096836107 0.078958862 0.074885601 0.072655942 0.072151269 0.072297731 0.072419200 0.158176615 
47     0.106730683 0.103497460 0.105311160 0.103720916 0.107548943 0.101207559 0.098868996 0.103872334 0.104016808 0.105573143 0.108561183 0.107083143 0.100747743 0.106824559 0.115305531 0.115250014 0.089753073 0.087390690 0.085563167 0.083800581 0.079425078 0.000000000 0.060431359 0.066351386 0.066397381 0.060833618 0.065069069 0.063645488 0.108826561 0.099105937 0.096998137 0.096975309 0.096726820 0.096935678 0.094852591 0.095603374 0.094250884 0.098615912 0.094535541 0.096692926 0.107362007 0.101330360 0.098824836 0.116020671 0.098131978 0.094052335 0.091828595 0.091323922 0.091470384 0.091591853 0.177582109 
23     0.092707388 0.089485609 0.091325735 0.089735491 0.093558749 0.087239876 0.084860364 0.089863702 0.090049126 0.091606663 0.094594703 0.093116663 0.086783415 0.092750254 0.101231226 0.101175709 0.075725892 0.073339895 0.071512371 0.069773401 0.065375789 0.060431359 0.000000000 0.027794121 0.028050621 0.037696658 0.041892485 0.040755984 0.094827342 0.085127389 0.082998919 0.082976090 0.082727601 0.082936459 0.080853372 0.081604156 0.080251665 0.084616693 0.080536322 0.082693707 0.093318463 0.087329768 0.084824244 0.102020079 0.084131386 0.080051743 0.077828003 0.077323330 0.077469791 0.077591261 0.163687138 
25     0.098569642 0.095347863 0.097187989 0.095597745 0.099421003 0.093102130 0.090722618 0.095725956 0.095911379 0.097468917 0.100456956 0.098978917 0.092645668 0.098612508 0.107093479 0.107037963 0.081648475 0.079273025 0.077445502 0.075695983 0.071298372 0.066351386 0.027794121 0.000000000 0.012846389 0.043705849 0.047901458 0.046749088 0.100614622 0.090891490 0.088763020 0.088740191 0.088491702 0.088700560 0.086620459 0.087371242 0.086022635 0.090380794 0.086327078 0.088484463 0.099289254 0.093266482 0.090760958 0.107956793 0.090068100 0.085988457 0.083764718 0.083260045 0.083406506 0.083527975 0.169574234 
20     0.098616487 0.095394708 0.097234834 0.095644590 0.099467848 0.093148975 0.090769463 0.095772801 0.095958225 0.097515762 0.100503802 0.099025762 0.092692514 0.098659353 0.107140325 0.107084809 0.081695320 0.079319871 0.077492347 0.075742829 0.071345217 0.066397381 0.028050621 0.012846389 0.000000000 0.043803667 0.047999276 0.046802048 0.100661467 0.090938335 0.088809865 0.088787036 0.088538547 0.088747405 0.086667304 0.087418087 0.086069481 0.090427640 0.086373923 0.088531308 0.099336099 0.093313328 0.090807804 0.108003638 0.090114945 0.086035303 0.083811563 0.083306890 0.083453351 0.083574821 0.169621079 
36     0.092813900 0.089592122 0.091432247 0.089842003 0.093665261 0.087346388 0.084966876 0.089970214 0.090155638 0.091691563 0.094682008 0.093203258 0.086880929 0.092882214 0.101363186 0.101307669 0.075842977 0.073480043 0.071652519 0.069890485 0.065514982 0.060833618 0.037696658 0.043705849 0.043803667 0.000000000 0.022850684 0.022070306 0.094915269 0.085215315 0.083086845 0.083064016 0.082815527 0.083024386 0.080941299 0.081692082 0.080339592 0.084704620 0.080624249 0.082781634 0.093538662 0.087519995 0.085014471 0.102210305 0.084321612 0.080241970 0.078018230 0.077513557 0.077660018 0.077781488 0.163935823 
32     0.097124155 0.093902377 0.095742503 0.094152258 0.097975516 0.091656643 0.089277132 0.094280470 0.094465893 0.096023265 0.099011305 0.097533266 0.091200017 0.097167021 0.105647993 0.105592477 0.080113221 0.077750286 0.075922763 0.074160729 0.069785226 0.065069069 0.041892485 0.047901458 0.047999276 0.022850684 0.000000000 0.025730733 0.099200076 0.089500123 0.087371653 0.087348824 0.087100335 0.087309193 0.085226106 0.085976890 0.084624399 0.088989427 0.084909056 0.087066441 0.097810093 0.091791426 0.089285902 0.106481737 0.088593044 0.084513401 0.082289661 0.081784988 0.081931450 0.082052919 0.168215604 
42     0.095680722 0.092454685 0.094294810 0.092704566 0.096517199 0.090193933 0.087809722 0.092810426 0.093007576 0.094533413 0.097537222 0.096059183 0.089757931 0.095737395 0.104218367 0.104162850 0.078710514 0.076347580 0.074520056 0.072758022 0.068382519 0.063645488 0.040755984 0.046749088 0.046802048 0.022070306 0.025730733 0.000000000 0.097790239 0.088090286 0.085961815 0.085938987 0.085690497 0.085899356 0.083816269 0.084567052 0.083214562 0.087579590 0.083499219 0.085656604 0.096394872 0.090376205 0.087870681 0.105066516 0.087177823 0.083098180 0.080874440 0.080369767 0.080516228 0.080637698 0.166799191 
29     0.109675535 0.106445984 0.108201181 0.106610936 0.110376580 0.104079569 0.101812321 0.106815659 0.106960133 0.108516411 0.111504451 0.110026412 0.103718984 0.109601196 0.118114237 0.118007147 0.099631782 0.097278050 0.095445031 0.093674215 0.089287628 0.108826561 0.094827342 0.100614622 0.100661467 0.094915269 0.099200076 0.097790239 0.000000000 0.061459434 0.059302434 0.059234836 0.059001364 0.059261879 0.057271614 0.058060096 0.056510569 0.060886418 0.056972522 0.059158671 0.108370014 0.102145310 0.099671791 0.117062405 0.098883005 0.094845873 0.092622133 0.092117460 0.092263922 0.092385391 0.180500430 
33     0.100088701 0.096859150 0.098614346 0.097024102 0.100789585 0.094492931 0.092225486 0.097228824 0.097373299 0.098925059 0.101913099 0.100435059 0.094126213 0.100000648 0.108537420 0.108437108 0.089868436 0.087573596 0.085740577 0.083976729 0.079590142 0.099105937 0.085127389 0.090891490 0.090938335 0.085215315 0.089500123 0.088090286 0.061459434 0.000000000 0.033391354 0.033166911 0.033028910 0.033084051 0.031148191 0.031965576 0.030576890 0.034838629 0.041292867 0.043640863 0.098735640 0.092509803 0.090036284 0.107355883 0.089257417 0.085210366 0.082986626 0.082481953 0.082628415 0.082749884 0.170801907 
22     0.097924141 0.094694590 0.096449787 0.094859542 0.098625026 0.092328372 0.090060927 0.095064265 0.095208739 0.096774366 0.099762406 0.098284366 0.091975520 0.097836088 0.106372860 0.106272548 0.087798857 0.085438362 0.083605343 0.081841290 0.077454703 0.096998137 0.082998919 0.088763020 0.088809865 0.083086845 0.087371653 0.085961815 0.059302434 0.033391354 0.000000000 0.020330963 0.020309514 0.020681957 0.026279613 0.027298056 0.027779273 0.032645032 0.039322973 0.041740775 0.096574738 0.090211515 0.087735702 0.105268811 0.087074312 0.083052279 0.080828540 0.080323867 0.080470328 0.080591797 0.168652806 
40     0.097899716 0.094670164 0.096425361 0.094835117 0.098600600 0.092303946 0.090036501 0.095039839 0.095184313 0.096749941 0.099737980 0.098259941 0.091951094 0.097805116 0.106346373 0.106246061 0.087700440 0.085415534 0.083582515 0.081818461 0.077431874 0.096975309 0.082976090 0.088740191 0.088787036 0.083064016 0.087348824 0.085938987 0.059234836 0.033166911 0.020330963 0.000000000 0.010803022 0.010978731 0.026221581 0.027009867 0.027631390 0.032789218 0.039292235 0.041697426 0.096571961 0.090347257 0.087873737 0.105264351 0.087069852 0.083047819 0.080824080 0.080319407 0.080465868 0.080587338 0.168633948 
21     0.097651227 0.094421675 0.096176872 0.094586628 0.098352111 0.092055457 0.089788012 0.094791350 0.094935824 0.096501451 0.099489491 0.098011452 0.091702605 0.097556627 0.106097884 0.105997572 0.087451951 0.085167044 0.083334026 0.081569972 0.077183385 0.096726820 0.082727601 0.088491702 0.088538547 0.082815527 0.087100335 0.085690497 0.059001364 0.033028910 0.020309514 0.010803022 0.000000000 0.010105363 0.026036913 0.026872282 0.027267847 0.032285059 0.038975720 0.041359447 0.096323472 0.090098768 0.087625248 0.105015862 0.086821363 0.082799330 0.080575591 0.080070918 0.080217379 0.080338848 0.168385459 
19     0.097860085 0.094630534 0.096385730 0.094795486 0.098596170 0.092264315 0.089996870 0.095000208 0.095144683 0.096710310 0.099698350 0.098220310 0.091911464 0.097765486 0.106306742 0.106206431 0.087660809 0.085375903 0.083542884 0.081778831 0.077392244 0.096935678 0.082936459 0.088700560 0.088747405 0.083024386 0.087309193 0.085899356 0.059261879 0.033084051 0.020681957 0.010978731 0.010105363 0.000000000 0.026180657 0.027014001 0.027619923 0.032468714 0.039064880 0.041406102 0.096532330 0.090307626 0.087834107 0.105224720 0.087055240 0.083008189 0.080784449 0.080279776 0.080426237 0.080547707 0.168594317 
26     0.095803382 0.092573830 0.094329027 0.092738783 0.096504266 0.090207612 0.087940167 0.092943505 0.093087979 0.094653607 0.097641646 0.096163607 0.089854760 0.095715328 0.104252100 0.104151789 0.085636984 0.083276489 0.081443470 0.079679417 0.075264010 0.094852591 0.080853372 0.086620459 0.086667304 0.080941299 0.085226106 0.083816269 0.057271614 0.031148191 0.026279613 0.026221581 0.026036913 0.026180657 0.000000000 0.014132961 0.025779528 0.030839506 0.037252556 0.039633119 0.094474545 0.088249841 0.085776322 0.103166935 0.084997455 0.080950404 0.078726664 0.078221991 0.078368452 0.078489922 0.166532084 
50     0.096554165 0.093324614 0.095079810 0.093489566 0.097255049 0.090958395 0.088690950 0.093694288 0.093838763 0.095404390 0.098392430 0.096914390 0.090605544 0.096466112 0.105002884 0.104902572 0.086387767 0.084027272 0.082194254 0.080430200 0.076014793 0.095603374 0.081604156 0.087371242 0.087418087 0.081692082 0.085976890 0.084567052 0.058060096 0.031965576 0.027298056 0.027009867 0.026872282 0.027014001 0.014132961 0.000000000 0.026663869 0.031557757 0.037964006 0.040351912 0.095225328 0.089000624 0.086527105 0.103917719 0.085748238 0.081701187 0.079477447 0.078972774 0.079119236 0.079240705 0.167282867 
44     0.095183344 0.091953793 0.093708989 0.092118745 0.095884228 0.089587574 0.087320129 0.092323468 0.092467942 0.094033569 0.097021609 0.095543569 0.089234723 0.095095291 0.103632063 0.103531751 0.084982616 0.082691109 0.080858090 0.079094037 0.074707450 0.094250884 0.080251665 0.086022635 0.086069481 0.080339592 0.084624399 0.083214562 0.056510569 0.030576890 0.027779273 0.027631390 0.027267847 0.027619923 0.025779528 0.026663869 0.000000000 0.028729683 0.036408491 0.038674544 0.093856710 0.087632006 0.085158487 0.102549101 0.084359680 0.080332569 0.078108829 0.077604156 0.077750618 0.077872087 0.165912046 
24     0.099554303 0.096324752 0.098079948 0.096489704 0.100290388 0.093958533 0.091691088 0.096694426 0.096838901 0.098404528 0.101392568 0.099914528 0.093605682 0.099412592 0.107980699 0.107880388 0.089334331 0.087037820 0.085204801 0.083445752 0.079036504 0.098615912 0.084616693 0.090380794 0.090427640 0.084704620 0.088989427 0.087579590 0.060886418 0.034838629 0.032645032 0.032789218 0.032285059 0.032468714 0.030839506 0.031557757 0.028729683 0.000000000 0.040806157 0.043080097 0.098262600 0.092037896 0.089564377 0.106954991 0.088785510 0.084738459 0.082514719 0.082010046 0.082156508 0.082277977 0.170299457 
37     0.095474390 0.092244839 0.094000035 0.092409791 0.096210475 0.089876946 0.087611175 0.092614513 0.092758988 0.094324615 0.097312655 0.095834615 0.089525769 0.095412664 0.103935470 0.103835158 0.085294040 0.082985490 0.081152471 0.079383195 0.074996608 0.094535541 0.080536322 0.086327078 0.086373923 0.080624249 0.084909056 0.083499219 0.056972522 0.041292867 0.039322973 0.039292235 0.038975720 0.039064880 0.037252556 0.037964006 0.036408491 0.040806157 0.000000000 0.020968906 0.094125405 0.087900701 0.085427181 0.102817795 0.084648314 0.080601263 0.078377524 0.077872851 0.078019312 0.078140782 0.166217212 
27     0.097631775 0.094402224 0.096157420 0.094567176 0.098367860 0.091979153 0.089768560 0.094771898 0.094916372 0.096482000 0.099470040 0.097992000 0.091683154 0.097570049 0.106092855 0.105992543 0.087451425 0.085142875 0.083309856 0.081540580 0.077153993 0.096692926 0.082693707 0.088484463 0.088531308 0.082781634 0.087066441 0.085656604 0.059158671 0.043640863 0.041740775 0.041697426 0.041359447 0.041406102 0.039633119 0.040351912 0.038674544 0.043080097 0.020968906 0.000000000 0.096282790 0.090058086 0.087584566 0.104975180 0.086805699 0.082758648 0.080534909 0.080030236 0.080176697 0.080298166 0.168374597 
41     0.108630212 0.105404376 0.107149598 0.105559354 0.109483255 0.103108136 0.100752435 0.105757107 0.105942998 0.107354421 0.110342460 0.108864421 0.102559357 0.108599403 0.117081626 0.117021695 0.098449521 0.096136647 0.094303628 0.092564771 0.088083520 0.107362007 0.093318463 0.099289254 0.099336099 0.093538662 0.097810093 0.096394872 0.108370014 0.098735640 0.096574738 0.096571961 0.096323472 0.096532330 0.094474545 0.095225328 0.093856710 0.098262600 0.094125405 0.096282790 0.000000000 0.081486741 0.078977641 0.095675094 0.078178336 0.074109862 0.071855466 0.071350793 0.071497254 0.071618724 0.179458620 
49     0.102796146 0.099603209 0.101348432 0.099758187 0.103692446 0.097317327 0.094981103 0.099984441 0.100152189 0.101545803 0.104533843 0.103055803 0.096750739 0.102796213 0.111278435 0.111218504 0.092410687 0.090188377 0.088355358 0.086616502 0.082181268 0.101330360 0.087329768 0.093266482 0.093313328 0.087519995 0.091791426 0.090376205 0.102145310 0.092509803 0.090211515 0.090347257 0.090098768 0.090307626 0.088249841 0.089000624 0.087632006 0.092037896 0.087900701 0.090058086 0.081486741 0.000000000 0.029187046 0.077080172 0.058407538 0.054198010 0.052123252 0.051628720 0.051775182 0.051883706 0.173611913 
48     0.100353807 0.097124724 0.098869946 0.097279702 0.101217185 0.094842067 0.092505843 0.097509181 0.097676928 0.099064868 0.102052908 0.100574869 0.094269805 0.100269515 0.108768153 0.108708222 0.089930686 0.087682853 0.085849834 0.084110978 0.079675744 0.098824836 0.084824244 0.090760958 0.090807804 0.085014471 0.089285902 0.087870681 0.099671791 0.090036284 0.087735702 0.087873737 0.087625248 0.087834107 0.085776322 0.086527105 0.085158487 0.089564377 0.085427181 0.087584566 0.078977641 0.029187046 0.000000000 0.074540431 0.055830173 0.051619897 0.049551174 0.049056642 0.049203104 0.049311628 0.171122991 
34     0.117520917 0.114295080 0.116040302 0.114450058 0.118384294 0.112009176 0.109672952 0.114676290 0.114844037 0.116231978 0.119220017 0.117741978 0.111436914 0.117476721 0.125958943 0.125899012 0.107155855 0.104843216 0.103010198 0.101271341 0.096836107 0.116020671 0.102020079 0.107956793 0.108003638 0.102210305 0.106481737 0.105066516 0.117062405 0.107355883 0.105268811 0.105264351 0.105015862 0.105224720 0.103166935 0.103917719 0.102549101 0.106954991 0.102817795 0.104975180 0.095675094 0.077080172 0.074540431 0.000000000 0.069967111 0.065952680 0.063625420 0.063137062 0.063284144 0.063327112 0.188319015 
35     0.099614863 0.096388964 0.098134186 0.096543942 0.100474505 0.094099387 0.091763163 0.096766501 0.096934328 0.098330417 0.101318456 0.099840417 0.093535353 0.099577127 0.108059350 0.107999419 0.089255280 0.086965971 0.085132952 0.083394095 0.078958862 0.098131978 0.084131386 0.090068100 0.090114945 0.084321612 0.088593044 0.087177823 0.098883005 0.089257417 0.087074312 0.087069852 0.086821363 0.087055240 0.084997455 0.085748238 0.084359680 0.088785510 0.084648314 0.086805699 0.078178336 0.058407538 0.055830173 0.069967111 0.000000000 0.028076384 0.027737201 0.027173400 0.027355349 0.027434042 0.170394768 
30     0.095498234 0.092291793 0.094037015 0.092446771 0.096303433 0.089969130 0.087632906 0.092635323 0.092803150 0.094250039 0.097238079 0.095760040 0.089454976 0.095496750 0.103978973 0.103919042 0.085182019 0.082892710 0.081059691 0.079320835 0.074885601 0.094052335 0.080051743 0.085988457 0.086035303 0.080241970 0.084513401 0.083098180 0.094845873 0.085210366 0.083052279 0.083047819 0.082799330 0.083008189 0.080950404 0.081701187 0.080332569 0.084738459 0.080601263 0.082758648 0.074109862 0.054198010 0.051619897 0.065952680 0.028076384 0.000000000 0.023748485 0.023139563 0.023187598 0.023523475 0.166314391 
18     0.093311944 0.090086044 0.091831266 0.090241022 0.094171586 0.087796468 0.085460244 0.090463582 0.090631409 0.092027497 0.095015537 0.093537498 0.087232434 0.093274208 0.101756431 0.101696500 0.082952360 0.080663051 0.078830033 0.077091176 0.072655942 0.091828595 0.077828003 0.083764718 0.083811563 0.078018230 0.082289661 0.080874440 0.092622133 0.082986626 0.080828540 0.080824080 0.080575591 0.080784449 0.078726664 0.079477447 0.078108829 0.082514719 0.078377524 0.080534909 0.071855466 0.052123252 0.049551174 0.063625420 0.027737201 0.023748485 0.000000000 0.010424391 0.010462839 0.011045947 0.164091849 
43     0.092807270 0.089581371 0.091326593 0.089736349 0.093666913 0.087291795 0.084955571 0.089958909 0.090126736 0.091522824 0.094510864 0.093032824 0.086727761 0.092769535 0.101251758 0.101191827 0.082447687 0.080158378 0.078325359 0.076586503 0.072151269 0.091323922 0.077323330 0.083260045 0.083306890 0.077513557 0.081784988 0.080369767 0.092117460 0.082481953 0.080323867 0.080319407 0.080070918 0.080279776 0.078221991 0.078972774 0.077604156 0.082010046 0.077872851 0.080030236 0.071350793 0.051628720 0.049056642 0.063137062 0.027173400 0.023139563 0.010424391 0.000000000 0.007167972 0.010540756 0.163587176 
39     0.092953732 0.089727833 0.091473055 0.089882811 0.093813375 0.087438256 0.085102032 0.090105370 0.090273197 0.091669286 0.094657325 0.093179286 0.086874222 0.092915996 0.101398219 0.101338288 0.082594149 0.080304840 0.078471821 0.076732964 0.072297731 0.091470384 0.077469791 0.083406506 0.083453351 0.077660018 0.081931450 0.080516228 0.092263922 0.082628415 0.080470328 0.080465868 0.080217379 0.080426237 0.078368452 0.079119236 0.077750618 0.082156508 0.078019312 0.080176697 0.071497254 0.051775182 0.049203104 0.063284144 0.027355349 0.023187598 0.010462839 0.007167972 0.000000000 0.010813782 0.163733637 
17     0.093075201 0.089849302 0.091594524 0.090004280 0.093934844 0.087559726 0.085223502 0.090226840 0.090394667 0.091790755 0.094778795 0.093300755 0.086995692 0.093037466 0.101519688 0.101459758 0.082715618 0.080426309 0.078593290 0.076854434 0.072419200 0.091591853 0.077591261 0.083527975 0.083574821 0.077781488 0.082052919 0.080637698 0.092385391 0.082749884 0.080591797 0.080587338 0.080338848 0.080547707 0.078489922 0.079240705 0.077872087 0.082277977 0.078140782 0.080298166 0.071618724 0.051883706 0.049311628 0.063327112 0.027434042 0.023523475 0.011045947 0.010540756 0.010813782 0.000000000 0.163855106 
0     0.172939914 0.169753861 0.171538058 0.169947814 0.173831941 0.167485560 0.165121192 0.170124530 0.170303388 0.171694616 0.174682656 0.173204616 0.166860782 0.172889096 0.181431482 0.181343582 0.168505106 0.166157468 0.164324449 0.162587599 0.158176615 0.177582109 0.163687138 0.169574234 0.169621079 0.163935823 0.168215604 0.166799191 0.180500430 0.170801907 0.168652806 0.168633948 0.168385459 0.168594317 0.166532084 0.167282867 0.165912046 0.170299457 0.166217212 0.168374597 0.179458620 0.173611913 0.171122991 0.188319015 0.170394768 0.166314391 0.164091849 0.163587176 0.163733637 0.163855106 0.000000000 
