51
1     0.000000000 0.000198970 0.005556320 0.006668660 0.008169460 0.003465060 0.003465050 0.010151350 0.009858940 0.009552760 0.009840930 0.009411980 0.007161470 0.006547500 0.009664980 0.009676510 0.011710670 0.011550940 0.007835010 0.007535230 0.010721100 0.010221570 0.005655530 0.005746410 0.005744590 0.013441870 0.010474740 0.010492190 0.010169970 0.010053120 0.009736740 0.003178250 0.010936130 0.005452100 0.008613160 0.005907140 0.008535300 0.008498660 0.009036000 0.008946530 0.008917850 0.005075930 0.004969460 0.011141690 0.010806190 0.010000990 0.003834080 0.008780140 0.004383400 0.007252170 0.004390610 
2     0.000198970 0.000000000 0.005505730 0.007063090 0.008563890 0.003414470 0.003414460 0.011965620 0.010860950 0.010854050 0.011655200 0.011226250 0.009165110 0.006496910 0.009614390 0.009625920 0.013524940 0.013365210 0.007784420 0.007484640 0.012535370 0.010170980 0.005604940 0.005695820 0.005694000 0.015256140 0.012289010 0.012306460 0.011984240 0.011867390 0.009686150 0.003572680 0.012750400 0.005401510 0.010427430 0.005856550 0.010349570 0.010312930 0.010864770 0.009584670 0.009058100 0.005025340 0.005363890 0.007519480 0.012620460 0.004970610 0.011632960 0.010594410 0.011823830 0.002351090 0.012189490 
11     0.005556320 0.005505730 0.000000000 0.000925750 0.000045490 0.000884780 0.001094720 0.007110910 0.007011740 0.006512320 0.006800490 0.006371540 0.007334720 0.005198980 0.008316460 0.008327990 0.008670230 0.008510500 0.006486490 0.006186710 0.007680660 0.007462670 0.004307010 0.004397890 0.004396070 0.010401430 0.007434300 0.007451750 0.007129530 0.007012680 0.008379090 0.003223480 0.007895690 0.004103580 0.005572720 0.004558620 0.005494860 0.005458220 0.007111570 0.007288370 0.006415590 0.003727410 0.005703840 0.008101250 0.007765750 0.006960550 0.006818550 0.005739700 0.006969120 0.005259510 0.018116900 
38     0.006668660 0.007063090 0.000925750 0.000000000 0.001528120 0.002942130 0.002568030 0.009305790 0.009206620 0.008707200 0.008995370 0.008566420 0.009529600 0.010948880 0.010883110 0.011273320 0.010865110 0.010705380 0.008940440 0.009717750 0.009875540 0.009657550 0.009654400 0.013927040 0.013234770 0.012596310 0.009629180 0.009646630 0.009324410 0.009207560 0.010573970 0.005664740 0.010090570 0.007775920 0.007767600 0.007734490 0.007689740 0.007653100 0.009306450 0.009483250 0.008610470 0.008640190 0.007107640 0.010296130 0.009960630 0.009155430 0.009013430 0.007934580 0.009164000 0.007454390 0.023858910 
37     0.008169460 0.008563890 0.000045490 0.001528120 0.000000000 0.000001080 0.002671570 0.007825000 0.007725830 0.007226410 0.007514580 0.007085630 0.008048810 0.009468090 0.009402320 0.009792530 0.009384320 0.009224590 0.007459650 0.008236960 0.008394750 0.008176760 0.008173610 0.012446250 0.011753980 0.011115520 0.008148390 0.008165840 0.007843620 0.007726770 0.009093180 0.006438160 0.008609780 0.006295130 0.006286810 0.006253700 0.006208950 0.006172310 0.007825660 0.008002460 0.007129680 0.007159400 0.006417930 0.008815340 0.008479840 0.007674640 0.007532640 0.006453790 0.007683210 0.005973600 0.021159940 
21     0.003465060 0.003414470 0.000884780 0.002942130 0.000001080 0.000000000 0.000000010 0.008108700 0.007471760 0.007464860 0.007798280 0.007369330 0.005775920 0.003107720 0.006225200 0.006236730 0.009668020 0.009508290 0.004395230 0.004095450 0.008678450 0.006781790 0.002215750 0.002306630 0.002304810 0.011399220 0.008432090 0.008449540 0.008127320 0.008010470 0.006296960 0.001132220 0.008893480 0.002012320 0.006570510 0.002467360 0.006492650 0.006456010 0.007475580 0.006195480 0.007413380 0.001636150 0.006701630 0.009099040 0.008763540 0.007958340 0.007816340 0.006737490 0.007966910 0.006257300 0.024690400 
45     0.003465050 0.003414460 0.001094720 0.002568030 0.002671570 0.000000010 0.000000000 0.008154680 0.007471750 0.007464850 0.007844260 0.007415310 0.005775910 0.003107710 0.006225190 0.006236720 0.009714000 0.009554270 0.004395220 0.004095440 0.008724430 0.006781780 0.002215740 0.002306620 0.002304800 0.011445200 0.008478070 0.008495520 0.008173300 0.008056450 0.006296950 0.001132210 0.008939460 0.002012310 0.006616490 0.002467350 0.006538630 0.006501990 0.007475570 0.006195470 0.007459360 0.001636140 0.006747610 0.009145020 0.008809520 0.008004320 0.007862320 0.006783470 0.008012890 0.006303280 0.024414220 
39     0.010151350 0.011965620 0.007110910 0.009305790 0.007825000 0.008108700 0.008154680 0.000000000 0.000311310 0.000367730 0.004756570 0.006415210 0.001749440 0.008934870 0.008869100 0.009259310 0.008851100 0.008691370 0.006926430 0.007703740 0.007861530 0.007643540 0.007508370 0.011781010 0.011088740 0.010450280 0.007483150 0.007500600 0.007178380 0.007061530 0.001599710 0.006558300 0.008729920 0.006415270 0.006406950 0.006373840 0.006329090 0.006292450 0.007945800 0.008122600 0.007249820 0.007279540 0.006538070 0.008935480 0.008599980 0.007794780 0.007652780 0.006573930 0.007803350 0.006093740 0.025458020 
27     0.009858940 0.010860950 0.007011740 0.009206620 0.007725830 0.007471760 0.007471750 0.000311310 0.000000000 0.000006900 0.006642470 0.006316040 0.001054710 0.008323900 0.008769930 0.009160140 0.008751930 0.008592200 0.006827260 0.007115050 0.007762360 0.007544370 0.004261320 0.003794750 0.007520990 0.010351110 0.007383980 0.007401430 0.007079210 0.006962360 0.008328770 0.006348400 0.008630750 0.006316100 0.006307780 0.006274670 0.006229920 0.006193280 0.007846630 0.008023430 0.007150650 0.006852330 0.006438900 0.008836310 0.008500810 0.007695610 0.007553610 0.006474760 0.007704180 0.005994570 0.018659850 
36     0.009552760 0.010854050 0.006512320 0.008707200 0.007226410 0.007464860 0.007464850 0.000367730 0.000006900 0.000000000 0.004853760 0.004112350 0.001688940 0.008317000 0.008270510 0.008660720 0.008252510 0.008092780 0.006327840 0.007105150 0.007262940 0.007044950 0.004014730 0.003548160 0.007514090 0.009851690 0.006884560 0.006902010 0.006579790 0.006462940 0.001566450 0.005959710 0.008131330 0.005816680 0.005808360 0.005775250 0.005730500 0.005693860 0.007347210 0.007524010 0.006651230 0.006680950 0.005939480 0.008336890 0.008001390 0.007196190 0.007054190 0.005975340 0.007204760 0.005495150 0.021929010 
28     0.009840930 0.011655200 0.006800490 0.008995370 0.007514580 0.007798280 0.007844260 0.004756570 0.006642470 0.004853760 0.000000000 0.000036270 0.005111490 0.008624450 0.008558680 0.008948890 0.008540680 0.008380950 0.006616010 0.006972680 0.007551110 0.007333120 0.007197950 0.008190330 0.010778320 0.010139860 0.007172730 0.007190180 0.006867960 0.006751110 0.008117520 0.006247880 0.004093190 0.006104850 0.006096530 0.006063420 0.006018670 0.005982030 0.007635380 0.007812180 0.006939400 0.006969120 0.006227650 0.008625060 0.008289560 0.007484360 0.007342360 0.006263510 0.007492930 0.005783320 0.028706040 
31     0.009411980 0.011226250 0.006371540 0.008566420 0.007085630 0.007369330 0.007415310 0.006415210 0.006316040 0.004112350 0.000036270 0.000000000 0.003050910 0.008195500 0.008129730 0.008519940 0.008111730 0.007952000 0.006187060 0.005139160 0.007122160 0.006904170 0.006769000 0.011041640 0.010349370 0.009710910 0.006743780 0.006761230 0.006439010 0.006322160 0.007688570 0.005818930 0.005415710 0.004830300 0.004851540 0.004860720 0.005589720 0.004765180 0.007206430 0.007383230 0.006510450 0.006540170 0.005798700 0.008196110 0.007860610 0.007055410 0.006913410 0.005834560 0.007063980 0.005354370 0.027025900 
10     0.007161470 0.009165110 0.007334720 0.009529600 0.008048810 0.005775920 0.005775910 0.001749440 0.001054710 0.001688940 0.005111490 0.003050910 0.000000000 0.006628060 0.009092910 0.009483120 0.009074910 0.008915180 0.005213260 0.005279250 0.008085340 0.007031190 0.001563850 0.001097280 0.005825150 0.010674090 0.007184320 0.007551450 0.007402190 0.007285340 0.000214310 0.003592150 0.008953730 0.005532660 0.006307860 0.005987700 0.006528920 0.006221500 0.006702250 0.006384410 0.005540430 0.005156490 0.006761880 0.008815440 0.008823790 0.008018590 0.007876590 0.006797740 0.008027160 0.003273480 0.026874130 
46     0.006547500 0.006496910 0.005198980 0.010948880 0.009468090 0.003107720 0.003107710 0.008934870 0.008323900 0.008317000 0.008624450 0.008195500 0.006628060 0.000000000 0.000023260 0.002170560 0.002386800 0.002125290 0.004947830 0.004947590 0.009397180 0.006453170 0.001887130 0.001978010 0.001976190 0.012225390 0.009258260 0.009275710 0.008953490 0.008836640 0.005968340 0.001984360 0.010373010 0.002864460 0.008050040 0.003319500 0.007972180 0.007935540 0.008327720 0.007047620 0.008892910 0.002488290 0.008181160 0.010080780 0.010243070 0.009437870 0.009295870 0.008217020 0.009446440 0.007736830 0.030659550 
4     0.009664980 0.009614390 0.008316460 0.010883110 0.009402320 0.006225200 0.006225190 0.008869100 0.008769930 0.008270510 0.008558680 0.008129730 0.009092910 0.000023260 0.000000000 0.000011000 0.003103300 0.001330460 0.008364850 0.008065070 0.009331410 0.009113420 0.005004610 0.005095490 0.005093670 0.012159620 0.009192490 0.009209940 0.008887720 0.008770870 0.009085820 0.005101840 0.010307240 0.005981940 0.007984270 0.006436980 0.007906410 0.007869770 0.009523120 0.009699920 0.008827140 0.005605770 0.008115390 0.010512800 0.010177300 0.009372100 0.009230100 0.008151250 0.009380670 0.007671060 0.028167770 
40     0.009676510 0.009625920 0.008327990 0.011273320 0.009792530 0.006236730 0.006236720 0.009259310 0.009160140 0.008660720 0.008948890 0.008519940 0.009483120 0.002170560 0.000011000 0.000000000 0.003493510 0.003333780 0.008376380 0.008076600 0.009721620 0.009503630 0.005016140 0.005107020 0.005105200 0.012549830 0.009582700 0.009600150 0.009277930 0.009161080 0.009097350 0.005113370 0.010697450 0.005993470 0.008374480 0.006448510 0.008296620 0.008259980 0.009913330 0.010090130 0.009217350 0.005617300 0.008505600 0.010903010 0.010567510 0.009762310 0.009620310 0.008541460 0.009770880 0.008061270 0.026142180 
41     0.011710670 0.013524940 0.008670230 0.010865110 0.009384320 0.009668020 0.009714000 0.008851100 0.008751930 0.008252510 0.008540680 0.008111730 0.009074910 0.002386800 0.003103300 0.003493510 0.000000000 0.000113500 0.008378310 0.009155620 0.009313410 0.009095420 0.009199710 0.013472350 0.012780080 0.012141620 0.009174490 0.009191940 0.008869720 0.008752870 0.009762170 0.008117620 0.010289240 0.007974590 0.007966270 0.007933160 0.007888410 0.007851770 0.009505120 0.009681920 0.008809140 0.008838860 0.008097390 0.010494800 0.010159300 0.009354100 0.009212100 0.008133250 0.009362670 0.007653060 0.030575780 
29     0.011550940 0.013365210 0.008510500 0.010705380 0.009224590 0.009508290 0.009554270 0.008691370 0.008592200 0.008092780 0.008380950 0.007952000 0.008915180 0.002125290 0.001330460 0.003333780 0.000113500 0.000000000 0.008218580 0.008995890 0.009153680 0.008935690 0.009039980 0.013312620 0.012620350 0.011981890 0.009014760 0.009032210 0.008709990 0.008593140 0.009959550 0.007957890 0.010129510 0.007814860 0.007806540 0.007773430 0.007728680 0.007692040 0.009345390 0.009522190 0.008649410 0.008679130 0.007937660 0.010335070 0.009999570 0.009194370 0.009052370 0.007973520 0.009202940 0.007493330 0.027628820 
18     0.007835010 0.007784420 0.006486490 0.008940440 0.007459650 0.004395230 0.004395220 0.006926430 0.006827260 0.006327840 0.006616010 0.006187060 0.005213260 0.004947830 0.008364850 0.008376380 0.008378310 0.008218580 0.000000000 0.000521860 0.007363820 0.007145830 0.004355400 0.004446280 0.004444460 0.010216950 0.007249820 0.007267270 0.006945050 0.006828200 0.008194610 0.003271870 0.008364570 0.004151970 0.006041600 0.004607010 0.005963740 0.005927100 0.007580450 0.007757250 0.006884470 0.003775800 0.006172720 0.008570130 0.008234630 0.007429430 0.007287430 0.003305180 0.007438000 0.005728390 0.021195850 
20     0.007535230 0.007484640 0.006186710 0.009717750 0.008236960 0.004095450 0.004095440 0.007703740 0.007115050 0.007105150 0.006972680 0.005139160 0.005279250 0.004947590 0.008065070 0.008076600 0.009155620 0.008995890 0.000521860 0.000000000 0.008141130 0.004514520 0.004055620 0.004146500 0.004144680 0.010994260 0.008027130 0.008044580 0.007722360 0.007605510 0.008136830 0.002596610 0.009141880 0.003852190 0.006818910 0.004307230 0.006741050 0.006704410 0.008357760 0.008035350 0.007661780 0.003476020 0.006950030 0.009347440 0.009011940 0.008206740 0.008064740 0.006892820 0.008215310 0.006505700 0.029223780 
48     0.010721100 0.012535370 0.007680660 0.009875540 0.008394750 0.008678450 0.008724430 0.007861530 0.007762360 0.007262940 0.007551110 0.007122160 0.008085340 0.009397180 0.009331410 0.009721620 0.009313410 0.009153680 0.007363820 0.008141130 0.000000000 0.000400470 0.004621990 0.011363090 0.010858870 0.010809850 0.008184920 0.007594010 0.007880150 0.007658820 0.009129710 0.007128050 0.009299670 0.006985020 0.006976700 0.006943590 0.006898840 0.006862200 0.008515550 0.008692350 0.007819570 0.007849290 0.007107820 0.009505230 0.009169730 0.008364530 0.008222530 0.007143680 0.008373100 0.006663490 0.023581540 
8     0.010221570 0.010170980 0.007462670 0.009657550 0.008176760 0.006781790 0.006781780 0.007643540 0.007544370 0.007044950 0.007333120 0.006904170 0.007031190 0.006453170 0.009113420 0.009503630 0.009095420 0.008935690 0.007145830 0.004514520 0.000400470 0.000000000 0.005551880 0.005642760 0.005640940 0.009776800 0.005787600 0.005576950 0.006936000 0.006374730 0.005457130 0.003123750 0.009081680 0.006538530 0.006758710 0.006725600 0.006680850 0.006644210 0.008297560 0.008474360 0.007601580 0.006162360 0.006889830 0.009287240 0.008951740 0.008146540 0.008004540 0.006925690 0.008155110 0.006445500 0.029368220 
9     0.005655530 0.005604940 0.004307010 0.009654400 0.008173610 0.002215750 0.002215740 0.007508370 0.004261320 0.004014730 0.007197950 0.006769000 0.001563850 0.001887130 0.005004610 0.005016140 0.009199710 0.009039980 0.004355400 0.004055620 0.004621990 0.005551880 0.000000000 0.000090900 0.000089080 0.006372250 0.005618260 0.004851150 0.005337940 0.004915960 0.003673960 0.001092390 0.009078530 0.001972490 0.006755560 0.002427530 0.006677700 0.006641060 0.007435750 0.006155650 0.007598430 0.001596320 0.006886680 0.009188810 0.008948590 0.008143390 0.008001390 0.006922540 0.008151960 0.006442350 0.019936560 
33     0.005746410 0.005695820 0.004397890 0.013927040 0.012446250 0.002306630 0.002306620 0.011781010 0.003794750 0.003548160 0.008190330 0.011041640 0.001097280 0.001978010 0.005095490 0.005107020 0.013472350 0.013312620 0.004446280 0.004146500 0.011363090 0.005642760 0.000090900 0.000000000 0.000001940 0.002911250 0.006983980 0.007351110 0.008851170 0.009062230 0.004451650 0.001183270 0.013351170 0.002063370 0.011028200 0.002518410 0.010950340 0.010913700 0.007526630 0.006246530 0.009998040 0.001687200 0.011159320 0.009279690 0.013221230 0.012416030 0.012274030 0.011195180 0.012424600 0.008563560 0.033637710 
47     0.005744590 0.005694000 0.004396070 0.013234770 0.011753980 0.002304810 0.002304800 0.011088740 0.007520990 0.007514090 0.010778320 0.010349370 0.005825150 0.001976190 0.005093670 0.005105200 0.012780080 0.012620350 0.004444460 0.004144680 0.010858870 0.005640940 0.000089080 0.000001940 0.000000000 0.000510740 0.009605650 0.009102740 0.009300880 0.009167550 0.004449830 0.001181450 0.012658900 0.002061550 0.010335930 0.002516590 0.010258070 0.010221430 0.007524810 0.006244710 0.009996220 0.001685380 0.010467050 0.009277870 0.012528960 0.011723760 0.011581760 0.010502910 0.011732330 0.010022720 0.020236940 
5     0.013441870 0.015256140 0.010401430 0.012596310 0.011115520 0.011399220 0.011445200 0.010450280 0.010351110 0.009851690 0.010139860 0.009710910 0.010674090 0.012225390 0.012159620 0.012549830 0.012141620 0.011981890 0.010216950 0.010994260 0.010809850 0.009776800 0.006372250 0.002911250 0.000510740 0.000000000 0.008967190 0.008984640 0.008662420 0.008545570 0.009191800 0.009848820 0.012020440 0.009705790 0.009697470 0.009664360 0.009619610 0.009582970 0.011236320 0.011413120 0.010540340 0.010570060 0.009828590 0.012226000 0.011890500 0.011085300 0.010943300 0.009864450 0.011093870 0.009384260 0.021007380 
26     0.010474740 0.012289010 0.007434300 0.009629180 0.008148390 0.008432090 0.008478070 0.007483150 0.007383980 0.006884560 0.007172730 0.006743780 0.007184320 0.009258260 0.009192490 0.009582700 0.009174490 0.009014760 0.007249820 0.008027130 0.008184920 0.005787600 0.005618260 0.006983980 0.009605650 0.008967190 0.000000000 0.000011310 0.001825230 0.000908610 0.000998090 0.006763120 0.009053310 0.006738660 0.006730340 0.006697230 0.006652480 0.006615840 0.008269190 0.006974710 0.007344570 0.007602930 0.006861460 0.009258870 0.008923370 0.008118170 0.007976170 0.006897320 0.008126740 0.006417130 0.029339850 
12     0.010492190 0.012306460 0.007451750 0.009646630 0.008165840 0.008449540 0.008495520 0.007500600 0.007401430 0.006902010 0.007190180 0.006761230 0.007551450 0.009275710 0.009209940 0.009600150 0.009191940 0.009032210 0.007267270 0.008044580 0.007594010 0.005576950 0.004851150 0.007351110 0.009102740 0.008984640 0.000011310 0.000000000 0.002308320 0.001977640 0.000787440 0.006552470 0.009070760 0.006756110 0.006747790 0.006714680 0.006669930 0.006633290 0.008286640 0.006764060 0.007133920 0.007620380 0.006878910 0.009276320 0.008940820 0.008135620 0.007993620 0.006914770 0.008144190 0.006434580 0.029357300 
43     0.010169970 0.011984240 0.007129530 0.009324410 0.007843620 0.008127320 0.008173300 0.007178380 0.007079210 0.006579790 0.006867960 0.006439010 0.007402190 0.008953490 0.008887720 0.009277930 0.008869720 0.008709990 0.006945050 0.007722360 0.007880150 0.006936000 0.005337940 0.008851170 0.009300880 0.008662420 0.001825230 0.002308320 0.000000000 0.000046450 0.002419090 0.006576920 0.008748540 0.006433890 0.006425570 0.006392460 0.006347710 0.006311070 0.007964420 0.008123110 0.007268440 0.007298160 0.006556690 0.008954100 0.008618600 0.007813400 0.007671400 0.006592550 0.007821970 0.006112360 0.022937610 
22     0.010053120 0.011867390 0.007012680 0.009207560 0.007726770 0.008010470 0.008056450 0.007061530 0.006962360 0.006462940 0.006751110 0.006322160 0.007285340 0.008836640 0.008770870 0.009161080 0.008752870 0.008593140 0.006828200 0.007605510 0.007658820 0.006374730 0.004915960 0.009062230 0.009167550 0.008545570 0.000908610 0.001977640 0.000046450 0.000000000 0.001857820 0.006460070 0.008631690 0.006317040 0.006308720 0.006275610 0.006230860 0.006194220 0.007847570 0.007561840 0.007151590 0.007181310 0.006439840 0.008837250 0.008501750 0.007696550 0.007554550 0.006475700 0.007705120 0.005995510 0.025384810 
32     0.009736740 0.009686150 0.008379090 0.010573970 0.009093180 0.006296960 0.006296950 0.001599710 0.008328770 0.001566450 0.008117520 0.007688570 0.000214310 0.005968340 0.009085820 0.009097350 0.009762170 0.009959550 0.008194610 0.008136830 0.009129710 0.005457130 0.003673960 0.004451650 0.004449830 0.009191800 0.000998090 0.000787440 0.002419090 0.001857820 0.000000000 0.005173600 0.009998100 0.006053700 0.007675130 0.006508740 0.007597270 0.007560630 0.008995920 0.006644240 0.007014100 0.005677530 0.007806250 0.010203660 0.009868160 0.009062960 0.008920960 0.007842110 0.009071530 0.007361920 0.030284640 
3     0.003178250 0.003572680 0.003223480 0.005664740 0.006438160 0.001132220 0.001132210 0.006558300 0.006348400 0.005959710 0.006247880 0.005818930 0.003592150 0.001984360 0.005101840 0.005113370 0.008117620 0.007957890 0.003271870 0.002596610 0.007128050 0.003123750 0.001092390 0.001183270 0.001181450 0.009848820 0.006763120 0.006552470 0.006576920 0.006460070 0.005173600 0.000000000 0.006008890 0.000888660 0.003435880 0.001343700 0.002982210 0.002949820 0.003692470 0.001340790 0.001710650 0.000512490 0.002845710 0.005268730 0.006331130 0.002336490 0.003801620 0.004434690 0.004350940 0.003858150 0.004650410 
35     0.010936130 0.012750400 0.007895690 0.010090570 0.008609780 0.008893480 0.008939460 0.008729920 0.008630750 0.008131330 0.004093190 0.005415710 0.008953730 0.010373010 0.010307240 0.010697450 0.010289240 0.010129510 0.008364570 0.009141880 0.009299670 0.009081680 0.009078530 0.013351170 0.012658900 0.012020440 0.009053310 0.009070760 0.008748540 0.008631690 0.009998100 0.006008890 0.000000000 0.000662430 0.000007490 0.001551160 0.000000740 0.000324180 0.007721820 0.007898620 0.007025840 0.007055560 0.002067540 0.008711500 0.008376000 0.007570800 0.008088420 0.007009570 0.008238990 0.004648960 0.029801240 
50     0.005452100 0.005401510 0.004103580 0.007775920 0.006295130 0.002012320 0.002012310 0.006415270 0.006316100 0.005816680 0.006104850 0.004830300 0.005532660 0.002864460 0.005981940 0.005993470 0.007974590 0.007814860 0.004151970 0.003852190 0.006985020 0.006538530 0.001972490 0.002063370 0.002061550 0.009705790 0.006738660 0.006756110 0.006433890 0.006317040 0.006053700 0.000888660 0.000662430 0.000000000 0.000087580 0.000074130 0.000150290 0.000132400 0.003612150 0.003150860 0.004711190 0.001292370 0.003999440 0.006396850 0.006061350 0.005256150 0.005773770 0.004694920 0.005924340 0.004214730 0.027436600 
19     0.008613160 0.010427430 0.005572720 0.007767600 0.006286810 0.006570510 0.006616490 0.006406950 0.006307780 0.005808360 0.006096530 0.004851540 0.006307860 0.008050040 0.007984270 0.008374480 0.007966270 0.007806540 0.006041600 0.006818910 0.006976700 0.006758710 0.006755560 0.011028200 0.010335930 0.009697470 0.006730340 0.006747790 0.006425570 0.006308720 0.007675130 0.003435880 0.000007490 0.000087580 0.000000000 0.000002420 0.000008130 0.000069910 0.003464730 0.003003440 0.004617540 0.004654380 0.001930570 0.006388530 0.006053030 0.005247830 0.005765450 0.004686600 0.005916020 0.004206410 0.023657310 
25     0.005907140 0.005856550 0.004558620 0.007734490 0.006253700 0.002467360 0.002467350 0.006373840 0.006274670 0.005775250 0.006063420 0.004860720 0.005987700 0.003319500 0.006436980 0.006448510 0.007933160 0.007773430 0.004607010 0.004307230 0.006943590 0.006725600 0.002427530 0.002518410 0.002516590 0.009664360 0.006697230 0.006714680 0.006392460 0.006275610 0.006508740 0.001343700 0.001551160 0.000074130 0.000002420 0.000000000 0.000240470 0.000063670 0.003460380 0.002999090 0.004613190 0.001747410 0.003958010 0.006355420 0.006019920 0.005214720 0.005732340 0.004653490 0.005882910 0.004173300 0.023341650 
49     0.008535300 0.010349570 0.005494860 0.007689740 0.006208950 0.006492650 0.006538630 0.006329090 0.006229920 0.005730500 0.006018670 0.005589720 0.006528920 0.007972180 0.007906410 0.008296620 0.007888410 0.007728680 0.005963740 0.006741050 0.006898840 0.006680850 0.006677700 0.010950340 0.010258070 0.009619610 0.006652480 0.006669930 0.006347710 0.006230860 0.007597270 0.002982210 0.000000740 0.000150290 0.000008130 0.000240470 0.000000000 0.000169740 0.003610030 0.003148740 0.004625010 0.004654730 0.001755140 0.006310670 0.005975170 0.005169970 0.005687590 0.004608740 0.005838160 0.004128550 0.024129810 
6     0.008498660 0.010312930 0.005458220 0.007653100 0.006172310 0.006456010 0.006501990 0.006292450 0.006193280 0.005693860 0.005982030 0.004765180 0.006221500 0.007935540 0.007869770 0.008259980 0.007851770 0.007692040 0.005927100 0.006704410 0.006862200 0.006644210 0.006641060 0.010913700 0.010221430 0.009582970 0.006615840 0.006633290 0.006311070 0.006194220 0.007560630 0.002949820 0.000324180 0.000132400 0.000069910 0.000063670 0.000169740 0.000000000 0.003164420 0.002703130 0.004317230 0.004354070 0.001611360 0.006274030 0.005938530 0.005133330 0.005650950 0.004572100 0.005801520 0.004091910 0.024791790 
24     0.009036000 0.010864770 0.007111570 0.009306450 0.007825660 0.007475580 0.007475570 0.007945800 0.007846630 0.007347210 0.007635380 0.007206430 0.006702250 0.008327720 0.009523120 0.009913330 0.009505120 0.009345390 0.007580450 0.008357760 0.008515550 0.008297560 0.007435750 0.007526630 0.007524810 0.011236320 0.008269190 0.008286640 0.007964420 0.007847570 0.008995920 0.003692470 0.007721820 0.003612150 0.003464730 0.003460380 0.003610030 0.003164420 0.000000000 0.000089710 0.000017700 0.001520500 0.005080480 0.007161300 0.007586720 0.006170700 0.005421820 0.006225450 0.005971140 0.005573570 0.006270610 
13     0.008946530 0.009584670 0.007288370 0.009483250 0.008002460 0.006195480 0.006195470 0.008122600 0.008023430 0.007524010 0.007812180 0.007383230 0.006384410 0.007047620 0.009699920 0.010090130 0.009681920 0.009522190 0.007757250 0.008035350 0.008692350 0.008474360 0.006155650 0.006246530 0.006244710 0.011413120 0.006974710 0.006764060 0.008123110 0.007561840 0.006644240 0.001340790 0.007898620 0.003150860 0.003003440 0.002999090 0.003148740 0.002703130 0.000089710 0.000000000 0.000640980 0.001345960 0.004619190 0.004809620 0.005461640 0.004898810 0.005332350 0.006402250 0.005881670 0.005112280 0.006181140 
30     0.008917850 0.009058100 0.006415590 0.008610470 0.007129680 0.007413380 0.007459360 0.007249820 0.007150650 0.006651230 0.006939400 0.006510450 0.005540430 0.008892910 0.008827140 0.009217350 0.008809140 0.008649410 0.006884470 0.007661780 0.007819570 0.007601580 0.007598430 0.009998040 0.009996220 0.010540340 0.007344570 0.007133920 0.007268440 0.007151590 0.007014100 0.001710650 0.007025840 0.004711190 0.004617540 0.004613190 0.004625010 0.004317230 0.000017700 0.000640980 0.000000000 0.000051740 0.004828830 0.005179480 0.005831500 0.005268670 0.005973090 0.005529470 0.006522410 0.005049280 0.006821880 
15     0.005075930 0.005025340 0.003727410 0.008640190 0.007159400 0.001636150 0.001636140 0.007279540 0.006852330 0.006680950 0.006969120 0.006540170 0.005156490 0.002488290 0.005605770 0.005617300 0.008838860 0.008679130 0.003775800 0.003476020 0.007849290 0.006162360 0.001596320 0.001687200 0.001685380 0.010570060 0.007602930 0.007620380 0.007298160 0.007181310 0.005677530 0.000512490 0.007055560 0.001292370 0.004654380 0.001747410 0.004654730 0.004354070 0.001520500 0.001345960 0.000051740 0.000000000 0.004858550 0.007255960 0.006920460 0.005328190 0.006638040 0.005559190 0.006788610 0.005079000 0.014351990 
14     0.004969460 0.005363890 0.005703840 0.007107640 0.006417930 0.006701630 0.006747610 0.006538070 0.006438900 0.005939480 0.006227650 0.005798700 0.006761880 0.008181160 0.008115390 0.008505600 0.008097390 0.007937660 0.006172720 0.006950030 0.007107820 0.006889830 0.006886680 0.011159320 0.010467050 0.009828590 0.006861460 0.006878910 0.006556690 0.006439840 0.007806250 0.002845710 0.002067540 0.003999440 0.001930570 0.003958010 0.001755140 0.001611360 0.005080480 0.004619190 0.004828830 0.004858550 0.000000000 0.001967270 0.001907970 0.002095910 0.005257950 0.004817720 0.005807270 0.004337530 0.006106740 
17     0.011141690 0.007519480 0.008101250 0.010296130 0.008815340 0.009099040 0.009145020 0.008935480 0.008836310 0.008336890 0.008625060 0.008196110 0.008815440 0.010080780 0.010512800 0.010903010 0.010494800 0.010335070 0.008570130 0.009347440 0.009505230 0.009287240 0.009188810 0.009279690 0.009277870 0.012226000 0.009258870 0.009276320 0.008954100 0.008837250 0.010203660 0.005268730 0.008711500 0.006396850 0.006388530 0.006355420 0.006310670 0.006274030 0.007161300 0.004809620 0.005179480 0.007255960 0.001967270 0.000000000 0.000059480 0.002753310 0.008293980 0.007215130 0.008444550 0.006134990 0.030006800 
16     0.010806190 0.012620460 0.007765750 0.009960630 0.008479840 0.008763540 0.008809520 0.008599980 0.008500810 0.008001390 0.008289560 0.007860610 0.008823790 0.010243070 0.010177300 0.010567510 0.010159300 0.009999570 0.008234630 0.009011940 0.009169730 0.008951740 0.008948590 0.013221230 0.012528960 0.011890500 0.008923370 0.008940820 0.008618600 0.008501750 0.009868160 0.006331130 0.008376000 0.006061350 0.006053030 0.006019920 0.005975170 0.005938530 0.007586720 0.005461640 0.005831500 0.006920460 0.001907970 0.000059480 0.000000000 0.003008910 0.007958480 0.006879630 0.008109050 0.006399440 0.029671300 
7     0.010000990 0.004970610 0.006960550 0.009155430 0.007674640 0.007958340 0.008004320 0.007794780 0.007695610 0.007196190 0.007484360 0.007055410 0.008018590 0.009437870 0.009372100 0.009762310 0.009354100 0.009194370 0.007429430 0.008206740 0.008364530 0.008146540 0.008143390 0.012416030 0.011723760 0.011085300 0.008118170 0.008135620 0.007813400 0.007696550 0.009062960 0.002336490 0.007570800 0.005256150 0.005247830 0.005214720 0.005169970 0.005133330 0.006170700 0.004898810 0.005268670 0.005328190 0.002095910 0.002753310 0.003008910 0.000000000 0.001048120 0.001070850 0.001048660 0.003586120 0.028866100 
44     0.003834080 0.011632960 0.006818550 0.009013430 0.007532640 0.007816340 0.007862320 0.007652780 0.007553610 0.007054190 0.007342360 0.006913410 0.007876590 0.009295870 0.009230100 0.009620310 0.009212100 0.009052370 0.007287430 0.008064740 0.008222530 0.008004540 0.008001390 0.012274030 0.011581760 0.010943300 0.007976170 0.007993620 0.007671400 0.007554550 0.008920960 0.003801620 0.008088420 0.005773770 0.005765450 0.005732340 0.005687590 0.005650950 0.005421820 0.005332350 0.005973090 0.006638040 0.005257950 0.008293980 0.007958480 0.001048120 0.000000000 0.000022770 0.000000560 0.002797220 0.001068690 
42     0.008780140 0.010594410 0.005739700 0.007934580 0.006453790 0.006737490 0.006783470 0.006573930 0.006474760 0.005975340 0.006263510 0.005834560 0.006797740 0.008217020 0.008151250 0.008541460 0.008133250 0.007973520 0.003305180 0.006892820 0.007143680 0.006925690 0.006922540 0.011195180 0.010502910 0.009864450 0.006897320 0.006914770 0.006592550 0.006475700 0.007842110 0.004434690 0.007009570 0.004694920 0.004686600 0.004653490 0.004608740 0.004572100 0.006225450 0.006402250 0.005529470 0.005559190 0.004817720 0.007215130 0.006879630 0.001070850 0.000022770 0.000000000 0.000023310 0.000350100 0.027645250 
34     0.004383400 0.011823830 0.006969120 0.009164000 0.007683210 0.007966910 0.008012890 0.007803350 0.007704180 0.007204760 0.007492930 0.007063980 0.008027160 0.009446440 0.009380670 0.009770880 0.009362670 0.009202940 0.007438000 0.008215310 0.008373100 0.008155110 0.008151960 0.012424600 0.011732330 0.011093870 0.008126740 0.008144190 0.007821970 0.007705120 0.009071530 0.004350940 0.008238990 0.005924340 0.005916020 0.005882910 0.005838160 0.005801520 0.005971140 0.005881670 0.006522410 0.006788610 0.005807270 0.008444550 0.008109050 0.001048660 0.000000560 0.000023310 0.000000000 0.003774960 0.001618010 
23     0.007252170 0.002351090 0.005259510 0.007454390 0.005973600 0.006257300 0.006303280 0.006093740 0.005994570 0.005495150 0.005783320 0.005354370 0.003273480 0.007736830 0.007671060 0.008061270 0.007653060 0.007493330 0.005728390 0.006505700 0.006663490 0.006445500 0.006442350 0.008563560 0.010022720 0.009384260 0.006417130 0.006434580 0.006112360 0.005995510 0.007361920 0.003858150 0.004648960 0.004214730 0.004206410 0.004173300 0.004128550 0.004091910 0.005573570 0.005112280 0.005049280 0.005079000 0.004337530 0.006134990 0.006399440 0.003586120 0.002797220 0.000350100 0.003774960 0.000000000 0.021911000 
0     0.004390610 0.012189490 0.018116900 0.023858910 0.021159940 0.024690400 0.024414220 0.025458020 0.018659850 0.021929010 0.028706040 0.027025900 0.026874130 0.030659550 0.028167770 0.026142180 0.030575780 0.027628820 0.021195850 0.029223780 0.023581540 0.029368220 0.019936560 0.033637710 0.020236940 0.021007380 0.029339850 0.029357300 0.022937610 0.025384810 0.030284640 0.004650410 0.029801240 0.027436600 0.023657310 0.023341650 0.024129810 0.024791790 0.006270610 0.006181140 0.006821880 0.014351990 0.006106740 0.030006800 0.029671300 0.028866100 0.001068690 0.027645250 0.001618010 0.021911000 0.000000000 
