51
1     0.000000000 0.075371964 0.129476855 0.167399340 0.145938630 0.153595467 0.153722798 0.181317616 0.183593969 0.161194068 0.169220017 0.171543301 0.188162281 0.229645665 0.234333798 0.238117653 0.229017108 0.225930745 0.177899463 0.198291150 0.203557494 0.185595521 0.173681223 0.242919450 0.236855350 0.237066274 0.185212780 0.184815385 0.176616498 0.173464427 0.196879547 0.164557846 0.209342301 0.160379465 0.159098905 0.159198054 0.158129241 0.157255018 0.200577047 0.191531145 0.180461012 0.180743161 0.164539846 0.182935785 0.180978126 0.169731259 0.186974120 0.162560474 0.185940016 0.149082104 0.446463754 
2     0.075371964 0.000000000 0.161953046 0.199875531 0.178414820 0.186071658 0.186198989 0.213793807 0.216070160 0.193670259 0.201696208 0.204019491 0.220638471 0.262121855 0.266809989 0.270593843 0.261493299 0.258406935 0.210375653 0.230767341 0.236033684 0.218071711 0.206157413 0.275395640 0.269331540 0.269542465 0.217688971 0.217291576 0.209092689 0.205940618 0.229355738 0.197034036 0.241818491 0.192855655 0.191575095 0.191674244 0.190605431 0.189731209 0.233053238 0.224007335 0.212937203 0.213219351 0.197016036 0.215411976 0.213454316 0.202207449 0.219450310 0.195036664 0.218416206 0.181558295 0.478939944 
11     0.129476855 0.161953046 0.000000000 0.065522250 0.043875688 0.051830571 0.052005418 0.135271528 0.137547881 0.115147980 0.123178413 0.125501696 0.142125820 0.183702480 0.188390613 0.192174468 0.183073924 0.179987560 0.131812928 0.152217567 0.157522091 0.139556935 0.127602182 0.196811118 0.190707583 0.190918508 0.139158770 0.138697808 0.130563087 0.127411016 0.150825226 0.118189512 0.162900712 0.113930959 0.112650399 0.112749547 0.111680735 0.110806512 0.154154365 0.145108462 0.134038330 0.134320478 0.118204508 0.136600448 0.134642788 0.123405440 0.140628830 0.116215183 0.139594725 0.102735917 0.402616428 
38     0.167399340 0.199875531 0.065522250 0.000000000 0.079849983 0.087296415 0.087538923 0.173192854 0.175469206 0.153069306 0.161099738 0.163423022 0.180047145 0.221623806 0.226311939 0.230095794 0.220995249 0.217908885 0.169734253 0.190138893 0.195443416 0.177478261 0.165523507 0.234732443 0.228628909 0.228839833 0.177080095 0.176619133 0.168484412 0.165332342 0.188746552 0.156111578 0.200822778 0.151853025 0.150572465 0.150671614 0.149602801 0.148728579 0.192076432 0.183030529 0.171960396 0.172242545 0.156126575 0.174522514 0.172564855 0.161327507 0.178550896 0.154137250 0.177516792 0.140657984 0.440538258 
37     0.145938630 0.178414820 0.043875688 0.079849983 0.000000000 0.061379912 0.061482447 0.151732143 0.154008496 0.131608595 0.139639028 0.141962311 0.158586435 0.200163095 0.204851228 0.208635083 0.199534539 0.196448175 0.148273543 0.168678182 0.173982706 0.156017550 0.144062797 0.213271733 0.207168198 0.207379123 0.155619385 0.155158423 0.147023702 0.143871631 0.167285841 0.134650868 0.179362068 0.130392315 0.129111755 0.129210903 0.128142091 0.127267868 0.170615721 0.161569818 0.150499686 0.150781834 0.134665865 0.153061804 0.151104144 0.139866796 0.157090186 0.132676539 0.156056081 0.119197273 0.419077547 
21     0.153595467 0.186071658 0.051830571 0.087296415 0.061379912 0.000000000 0.022521516 0.159390140 0.161666493 0.139266592 0.147297024 0.149620308 0.166244432 0.207821092 0.212509225 0.216293080 0.207192535 0.204106172 0.155931540 0.176336179 0.181640703 0.163675547 0.151720794 0.220929729 0.214826195 0.215037120 0.163277382 0.162816420 0.154681699 0.151529628 0.174943838 0.142308124 0.187019324 0.138049571 0.136769011 0.136868159 0.135799347 0.134925124 0.178272977 0.169227074 0.158156942 0.158439090 0.142323120 0.160719060 0.158761400 0.147524052 0.164747442 0.140333795 0.163713337 0.126854529 0.426735040 
45     0.153722798 0.186198989 0.052005418 0.087538923 0.061482447 0.022521516 0.000000000 0.159517471 0.161793824 0.139393923 0.147424355 0.149747639 0.166371763 0.207948423 0.212636556 0.216420411 0.207319866 0.204233503 0.156058871 0.176463510 0.181768034 0.163802878 0.151848125 0.221057060 0.214953526 0.215164451 0.163404713 0.162943750 0.154809030 0.151656959 0.175071169 0.142435455 0.187146654 0.138176902 0.136896342 0.136995490 0.135926678 0.135052455 0.178400308 0.169354405 0.158284273 0.158566421 0.142450451 0.160846391 0.158888731 0.147651383 0.164874773 0.140461126 0.163840668 0.126981860 0.426862371 
39     0.181317616 0.213793807 0.135271528 0.173192854 0.151732143 0.159390140 0.159517471 0.000000000 0.075540195 0.057490808 0.092459263 0.094632877 0.111636292 0.196002981 0.200653325 0.204437179 0.195346142 0.192259778 0.145040046 0.165198499 0.170417184 0.152399087 0.140601123 0.210097344 0.203964841 0.204175765 0.151878929 0.151627909 0.143375152 0.140231151 0.163397008 0.148793205 0.193084953 0.144082194 0.142801634 0.142900783 0.141831970 0.140947028 0.183741318 0.174695416 0.163625283 0.163907432 0.147796845 0.166258706 0.164301047 0.153149929 0.170950385 0.146358044 0.169916280 0.133019799 0.454230510 
27     0.183593969 0.216070160 0.137547881 0.175469206 0.154008496 0.161666493 0.161793824 0.075540195 0.000000000 0.059552593 0.094686972 0.096860585 0.113807334 0.198265508 0.202915852 0.206699706 0.197608669 0.194522305 0.147315873 0.167474327 0.172693507 0.154675410 0.142877446 0.212373667 0.206241164 0.206452088 0.154155252 0.153904232 0.145651475 0.142507474 0.165673331 0.151069558 0.195361306 0.146358547 0.145077987 0.145177135 0.144108323 0.143223381 0.186017671 0.176971768 0.165901636 0.166183784 0.150073198 0.168535059 0.166577400 0.155426282 0.173226737 0.148634396 0.172192633 0.135296152 0.456506863 
36     0.161194068 0.193670259 0.115147980 0.153069306 0.131608595 0.139266592 0.139393923 0.057490808 0.059552593 0.000000000 0.072173334 0.074346947 0.091296880 0.175893477 0.180543821 0.184327676 0.175236638 0.172150274 0.124884517 0.145042971 0.150261626 0.132243528 0.120445565 0.189941786 0.183809282 0.184020207 0.131723371 0.131472351 0.123219594 0.120075592 0.143241450 0.128661713 0.172953461 0.123950702 0.122670142 0.122769291 0.121700478 0.120815537 0.163609827 0.154563924 0.143493792 0.143775940 0.127665353 0.146127215 0.144169555 0.133018437 0.150818893 0.126226552 0.149784789 0.112888307 0.434106962 
28     0.169220017 0.201696208 0.123178413 0.161099738 0.139639028 0.147297024 0.147424355 0.092459263 0.094686972 0.072173334 0.000000000 0.038252990 0.095517183 0.183821558 0.188471902 0.192255757 0.183164719 0.180078355 0.132798984 0.152957437 0.158475170 0.140457073 0.128629372 0.198128664 0.191996160 0.192207085 0.139900874 0.139649853 0.131400270 0.128256269 0.151419611 0.136842557 0.181199444 0.132196685 0.130916125 0.131015273 0.129946461 0.129061519 0.171815117 0.162769214 0.151699082 0.151981230 0.135874485 0.154377039 0.152419380 0.141227569 0.158907740 0.134315398 0.157873635 0.121076467 0.442136323 
31     0.171543301 0.204019491 0.125501696 0.163423022 0.141962311 0.149620308 0.149747639 0.094632877 0.096860585 0.074346947 0.038252990 0.000000000 0.097674612 0.186142754 0.190793098 0.194576953 0.185485915 0.182399551 0.135124459 0.155282913 0.160798454 0.142780356 0.130952655 0.200451947 0.194319444 0.194530368 0.142224157 0.141973137 0.133721891 0.130577889 0.153741232 0.139165840 0.183522727 0.134519968 0.133239408 0.133338557 0.132269744 0.131384803 0.174138400 0.165092498 0.154022365 0.154304514 0.138197769 0.156700323 0.154742664 0.143550853 0.161231023 0.136638682 0.160196919 0.123399751 0.444459607 
10     0.188162281 0.220638471 0.142125820 0.180047145 0.158586435 0.166244432 0.166371763 0.111636292 0.113807334 0.091296880 0.095517183 0.097674612 0.000000000 0.202757747 0.207408091 0.211191946 0.202100908 0.199014544 0.151802155 0.171960608 0.176857054 0.158838957 0.146959163 0.216895505 0.210763001 0.210973926 0.158228248 0.157977228 0.149725994 0.146581992 0.169745301 0.155695870 0.200004645 0.151001886 0.149721326 0.149820475 0.148751662 0.147866721 0.190661010 0.181615108 0.170544975 0.170827124 0.154716537 0.173195549 0.171237890 0.160069621 0.177771415 0.153179074 0.176737311 0.139940143 0.461081706 
46     0.229645665 0.262121855 0.183702480 0.221623806 0.200163095 0.207821092 0.207948423 0.196002981 0.198265508 0.175893477 0.183821558 0.186142754 0.202757747 0.000000000 0.061882011 0.064519214 0.072500360 0.069200998 0.193399589 0.213640943 0.218039095 0.200111877 0.187896142 0.257473661 0.251432875 0.251643800 0.198972344 0.198718209 0.190461991 0.187203021 0.210497251 0.197124308 0.241498275 0.192516756 0.191236196 0.191335345 0.190266532 0.189387238 0.232304358 0.223258455 0.212188323 0.212470471 0.196645503 0.215155055 0.213197395 0.201957223 0.219323382 0.194731041 0.218298246 0.181496765 0.502557717 
4     0.234333798 0.266809989 0.188390613 0.226311939 0.204851228 0.212509225 0.212636556 0.200653325 0.202915852 0.180543821 0.188471902 0.190793098 0.207408091 0.061882011 0.000000000 0.036440324 0.078925325 0.075895774 0.198134675 0.218376030 0.222758692 0.204831474 0.192623756 0.262201275 0.256160489 0.256371414 0.203699958 0.203445823 0.195189605 0.191930635 0.215224865 0.201848348 0.246222315 0.197240796 0.195960236 0.196059385 0.194990572 0.194111279 0.237028398 0.227982496 0.216912363 0.217194512 0.201369543 0.219879095 0.217921435 0.206681263 0.224047422 0.199455081 0.223022287 0.186225174 0.507245851 
40     0.238117653 0.270593843 0.192174468 0.230095794 0.208635083 0.216293080 0.216420411 0.204437179 0.206699706 0.184327676 0.192255757 0.194576953 0.211191946 0.064519214 0.036440324 0.000000000 0.080999440 0.078085204 0.201918530 0.222159884 0.226542546 0.208615328 0.196407611 0.265985130 0.259944344 0.260155268 0.207483813 0.207229678 0.198973460 0.195714489 0.219008720 0.205632203 0.250006170 0.201024651 0.199744091 0.199843239 0.198774427 0.197895133 0.240812253 0.231766350 0.220696218 0.220978366 0.205153398 0.223662949 0.221705290 0.210465118 0.227831277 0.203238936 0.226806141 0.190009028 0.511029705 
41     0.229017108 0.261493299 0.183073924 0.220995249 0.199534539 0.207192535 0.207319866 0.195346142 0.197608669 0.175236638 0.183164719 0.185485915 0.202100908 0.072500360 0.078925325 0.080999440 0.000000000 0.029286667 0.192815053 0.213056407 0.217440204 0.199512986 0.187305738 0.256883257 0.250842471 0.251053396 0.198381940 0.198127805 0.189871587 0.186612617 0.209906847 0.196531658 0.240905625 0.191924106 0.190643546 0.190742695 0.189673882 0.188794589 0.231711708 0.222665806 0.211595673 0.211877822 0.196052853 0.214562405 0.212604745 0.201364573 0.218730732 0.194138391 0.217705597 0.180908484 0.501929161 
29     0.225930745 0.258406935 0.179987560 0.217908885 0.196448175 0.204106172 0.204233503 0.192259778 0.194522305 0.172150274 0.180078355 0.182399551 0.199014544 0.069200998 0.075895774 0.078085204 0.029286667 0.000000000 0.189728689 0.209970044 0.214353840 0.196426622 0.184219374 0.253796893 0.247756107 0.247967032 0.195295576 0.195041441 0.186785223 0.183526253 0.206820483 0.193445294 0.237819261 0.188837743 0.187557182 0.187656331 0.186587518 0.185708225 0.228625345 0.219579442 0.208509310 0.208791458 0.192966489 0.211476041 0.209518382 0.198278209 0.215644369 0.191052027 0.214619233 0.177822120 0.498842797 
18     0.177899463 0.210375653 0.131812928 0.169734253 0.148273543 0.155931540 0.156058871 0.145040046 0.147315873 0.124884517 0.132798984 0.135124459 0.151802155 0.193399589 0.198134675 0.201918530 0.192815053 0.189728689 0.000000000 0.050912115 0.163274909 0.145333054 0.134336393 0.203531069 0.197397260 0.197608124 0.145069177 0.144518431 0.136682802 0.133423674 0.156877689 0.144430332 0.189483475 0.140482395 0.139201835 0.139300984 0.138232171 0.137347230 0.180415379 0.171369476 0.160299344 0.160581492 0.144353714 0.162836984 0.160879324 0.149757592 0.167084959 0.142492618 0.166050855 0.129202994 0.450796070 
20     0.198291150 0.230767341 0.152217567 0.190138893 0.168678182 0.176336179 0.176463510 0.165198499 0.167474327 0.145042971 0.152957437 0.155282913 0.171960608 0.213640943 0.218376030 0.222159884 0.213056407 0.209970044 0.050912115 0.000000000 0.183505468 0.165563613 0.154530499 0.223725175 0.217591366 0.217802230 0.165299736 0.164748990 0.156913361 0.153654233 0.177108248 0.164845351 0.209898494 0.160897415 0.159616855 0.159716003 0.158647191 0.157762249 0.200830398 0.191784496 0.180714363 0.180996512 0.164768734 0.183252004 0.181294344 0.170172611 0.187499979 0.162907638 0.186465875 0.149618014 0.471187758 
48     0.203557494 0.236033684 0.157522091 0.195443416 0.173982706 0.181640703 0.181768034 0.170417184 0.172693507 0.150261626 0.158475170 0.160798454 0.176857054 0.218039095 0.222758692 0.226542546 0.217440204 0.214353840 0.163274909 0.183505468 0.000000000 0.076823493 0.124228396 0.193512000 0.187549910 0.187784135 0.135890108 0.135736806 0.127235520 0.123980781 0.147814476 0.169767829 0.214468517 0.165465758 0.164185198 0.164284346 0.163215534 0.162330592 0.205599178 0.196553276 0.185483143 0.185765292 0.169625978 0.188085085 0.186127425 0.174897742 0.192455999 0.167863658 0.191421894 0.154595810 0.476418044 
8     0.185595521 0.218071711 0.139556935 0.177478261 0.156017550 0.163675547 0.163802878 0.152399087 0.154675410 0.132243528 0.140457073 0.142780356 0.158838957 0.200111877 0.204831474 0.208615328 0.199512986 0.196426622 0.145333054 0.165563613 0.076823493 0.000000000 0.106375809 0.175626537 0.169666788 0.169901013 0.117993664 0.117840362 0.109373927 0.106130032 0.129960830 0.151815319 0.196497858 0.147495099 0.146214539 0.146313687 0.145244874 0.144359933 0.187613408 0.178567506 0.167497373 0.167779522 0.151658356 0.170117463 0.168159804 0.156930120 0.174543680 0.149951339 0.173509576 0.136643299 0.458459374 
9     0.173681223 0.206157413 0.127602182 0.165523507 0.144062797 0.151720794 0.151848125 0.140601123 0.142877446 0.120445565 0.128629372 0.130952655 0.146959163 0.187896142 0.192623756 0.196407611 0.187305738 0.184219374 0.134336393 0.154530499 0.124228396 0.106375809 0.000000000 0.133950001 0.127394079 0.127636859 0.093684217 0.093578155 0.085916025 0.082770591 0.106076395 0.139414169 0.184117735 0.135114976 0.133834416 0.133933565 0.132864752 0.131979811 0.175170110 0.166124207 0.155054075 0.155336223 0.139325427 0.157784534 0.155826875 0.144546398 0.162286488 0.137694147 0.161252384 0.124386107 0.446538890 
33     0.242919450 0.275395640 0.196811118 0.234732443 0.213271733 0.220929729 0.221057060 0.210097344 0.212373667 0.189941786 0.198128664 0.200451947 0.216895505 0.257473661 0.262201275 0.265985130 0.256883257 0.253796893 0.203531069 0.223725175 0.193512000 0.175626537 0.133950001 0.000000000 0.102616494 0.104028290 0.163157806 0.162484532 0.155276139 0.152191159 0.175636978 0.208475487 0.253371891 0.204369132 0.203088572 0.203187721 0.202118908 0.201233967 0.244445370 0.235399467 0.224329335 0.224611483 0.208605947 0.227065054 0.225107394 0.213826917 0.231405979 0.206813638 0.230371875 0.193505598 0.515715815 
47     0.236855350 0.269331540 0.190707583 0.228628909 0.207168198 0.214826195 0.214953526 0.203964841 0.206241164 0.183809282 0.191996160 0.194319444 0.210763001 0.251432875 0.256160489 0.259944344 0.250842471 0.247756107 0.197397260 0.217591366 0.187549910 0.169666788 0.127394079 0.102616494 0.000000000 0.037243179 0.156843253 0.156169980 0.148844004 0.145758271 0.169266404 0.202363108 0.247259512 0.198256753 0.196976193 0.197075342 0.196006529 0.195121588 0.238332991 0.229287088 0.218216956 0.218499104 0.202493568 0.220952675 0.218995015 0.207714539 0.225302034 0.200709692 0.224267929 0.187401653 0.509633854 
5     0.237066274 0.269542465 0.190918508 0.228839833 0.207379123 0.215037120 0.215164451 0.204175765 0.206452088 0.184020207 0.192207085 0.194530368 0.210973926 0.251643800 0.256371414 0.260155268 0.251053396 0.247967032 0.197608124 0.217802230 0.187784135 0.169901013 0.127636859 0.104028290 0.037243179 0.000000000 0.156990627 0.156317354 0.148991437 0.145906456 0.169414866 0.202574033 0.247470437 0.198467678 0.197187118 0.197286267 0.196217454 0.195332512 0.238543915 0.229498013 0.218427880 0.218710029 0.202704492 0.221163599 0.219205940 0.207925463 0.225512958 0.200920617 0.224478854 0.187612578 0.509844779 
26     0.185212780 0.217688971 0.139158770 0.177080095 0.155619385 0.163277382 0.163404713 0.151878929 0.154155252 0.131723371 0.139900874 0.142224157 0.158228248 0.198972344 0.203699958 0.207483813 0.198381940 0.195295576 0.145069177 0.165299736 0.135890108 0.117993664 0.093684217 0.163157806 0.156843253 0.156990627 0.000000000 0.016673668 0.060149721 0.056767577 0.082151477 0.151284968 0.196040817 0.147038058 0.145757498 0.145856646 0.144787834 0.143902892 0.187058674 0.178012772 0.166942639 0.167224788 0.151164779 0.169623886 0.167666226 0.156385750 0.174104165 0.149511824 0.173070061 0.136200230 0.458032226 
12     0.184815385 0.217291576 0.138697808 0.176619133 0.155158423 0.162816420 0.162943750 0.151627909 0.153904232 0.131472351 0.139649853 0.141973137 0.157977228 0.198718209 0.203445823 0.207229678 0.198127805 0.195041441 0.144518431 0.164748990 0.135736806 0.117840362 0.093578155 0.162484532 0.156169980 0.156317354 0.016673668 0.000000000 0.060190773 0.056740224 0.082030661 0.150774038 0.195752261 0.146749502 0.145468942 0.145568091 0.144499278 0.143614337 0.186770119 0.177724216 0.166654084 0.166936232 0.150876224 0.169335331 0.167377671 0.156097194 0.173593235 0.149000894 0.172559131 0.135689300 0.457612965 
43     0.176616498 0.209092689 0.130563087 0.168484412 0.147023702 0.154681699 0.154809030 0.143375152 0.145651475 0.123219594 0.131400270 0.133721891 0.149725994 0.190461991 0.195189605 0.198973460 0.189871587 0.186785223 0.136682802 0.156913361 0.127235520 0.109373927 0.085916025 0.155276139 0.148844004 0.148991437 0.060149721 0.060190773 0.000000000 0.015842269 0.074033447 0.142772179 0.187528028 0.138525269 0.137244709 0.137343858 0.136275045 0.135390104 0.178545886 0.169499983 0.158429851 0.158711999 0.142651991 0.161111098 0.159153438 0.147872961 0.165590201 0.140997860 0.164556097 0.127686266 0.449436544 
22     0.173464427 0.205940618 0.127411016 0.165332342 0.143871631 0.151529628 0.151656959 0.140231151 0.142507474 0.120075592 0.128256269 0.130577889 0.146581992 0.187203021 0.191930635 0.195714489 0.186612617 0.183526253 0.133423674 0.153654233 0.123980781 0.106130032 0.082770591 0.152191159 0.145758271 0.145906456 0.056767577 0.056740224 0.015842269 0.000000000 0.070841133 0.139534561 0.184290410 0.135287651 0.134007091 0.134106240 0.133037427 0.132152486 0.175308268 0.166262365 0.155192233 0.155474381 0.139414373 0.157873480 0.155915820 0.144635343 0.162352583 0.137760242 0.161318479 0.124448648 0.446284473 
32     0.196879547 0.229355738 0.150825226 0.188746552 0.167285841 0.174943838 0.175071169 0.163397008 0.165673331 0.143241450 0.151419611 0.153741232 0.169745301 0.210497251 0.215224865 0.219008720 0.209906847 0.206820483 0.156877689 0.177108248 0.147814476 0.129960830 0.106076395 0.175636978 0.169266404 0.169414866 0.082151477 0.082030661 0.074033447 0.070841133 0.000000000 0.163026700 0.207743632 0.158740873 0.157460313 0.157559462 0.156490649 0.155605708 0.198800407 0.189754504 0.178684372 0.178966520 0.162906511 0.181365618 0.179407959 0.168127482 0.185798555 0.161206214 0.184764451 0.147894620 0.469698993 
3     0.164557846 0.197034036 0.118189512 0.156111578 0.134650868 0.142308124 0.142435455 0.148793205 0.151069558 0.128661713 0.136842557 0.139165840 0.155695870 0.197124308 0.201848348 0.205632203 0.196531658 0.193445294 0.144430332 0.164845351 0.169767829 0.151815319 0.139414169 0.208475487 0.202363108 0.202574033 0.151284968 0.150774038 0.142772179 0.139534561 0.163026700 0.000000000 0.150732132 0.101792562 0.100512002 0.100611151 0.099542338 0.098639287 0.140890366 0.131844463 0.120753780 0.121038004 0.105323572 0.124001353 0.122041217 0.110751971 0.131545125 0.107134998 0.130485595 0.093354250 0.437118182 
35     0.209342301 0.241818491 0.162900712 0.200822778 0.179362068 0.187019324 0.187146654 0.193084953 0.195361306 0.172953461 0.181199444 0.183522727 0.200004645 0.241498275 0.246222315 0.250006170 0.240905625 0.237819261 0.189483475 0.209898494 0.214468517 0.196497858 0.184117735 0.253371891 0.247259512 0.247470437 0.196040817 0.195752261 0.187528028 0.184290410 0.207743632 0.150732132 0.000000000 0.077745703 0.076312923 0.076563561 0.075551359 0.074628928 0.177098893 0.168025535 0.157003412 0.157280950 0.142121269 0.160385865 0.158441521 0.147093710 0.177417685 0.153005926 0.176349030 0.139031289 0.481754094 
50     0.160379465 0.192855655 0.113930959 0.151853025 0.130392315 0.138049571 0.138176902 0.144082194 0.146358547 0.123950702 0.132196685 0.134519968 0.151001886 0.192516756 0.197240796 0.201024651 0.191924106 0.188837743 0.140482395 0.160897415 0.165465758 0.147495099 0.135114976 0.204369132 0.198256753 0.198467678 0.147038058 0.146749502 0.138525269 0.135287651 0.158740873 0.101792562 0.077745703 0.000000000 0.008757989 0.008815286 0.009180874 0.008940958 0.128005156 0.118931798 0.107909675 0.108187212 0.093123201 0.111385137 0.109440793 0.098095641 0.128353281 0.103941522 0.127284626 0.089969228 0.432785567 
19     0.159098905 0.191575095 0.112650399 0.150572465 0.129111755 0.136769011 0.136896342 0.142801634 0.145077987 0.122670142 0.130916125 0.133239408 0.149721326 0.191236196 0.195960236 0.199744091 0.190643546 0.187557182 0.139201835 0.159616855 0.164185198 0.146214539 0.133834416 0.203088572 0.196976193 0.197187118 0.145757498 0.145468942 0.137244709 0.134007091 0.157460313 0.100512002 0.076312923 0.008757989 0.000000000 0.007424023 0.007782953 0.007941319 0.126724596 0.117651238 0.106629115 0.106906652 0.091842641 0.110104577 0.108160233 0.096815081 0.127072721 0.102660962 0.126004066 0.088688667 0.431505007 
25     0.159198054 0.191674244 0.112749547 0.150671614 0.129210903 0.136868159 0.136995490 0.142900783 0.145177135 0.122769291 0.131015273 0.133338557 0.149820475 0.191335345 0.196059385 0.199843239 0.190742695 0.187656331 0.139300984 0.159716003 0.164284346 0.146313687 0.133933565 0.203187721 0.197075342 0.197286267 0.145856646 0.145568091 0.137343858 0.134106240 0.157559462 0.100611151 0.076563561 0.008815286 0.007424023 0.000000000 0.007847429 0.007755368 0.126823745 0.117750387 0.106728263 0.107005801 0.091941791 0.110203728 0.108259383 0.096914231 0.127171870 0.102760111 0.126103214 0.088787816 0.431604156 
49     0.158129241 0.190605431 0.111680735 0.149602801 0.128142091 0.135799347 0.135926678 0.141831970 0.144108323 0.121700478 0.129946461 0.132269744 0.148751662 0.190266532 0.194990572 0.198774427 0.189673882 0.186587518 0.138232171 0.158647191 0.163215534 0.145244874 0.132864752 0.202118908 0.196006529 0.196217454 0.144787834 0.144499278 0.136275045 0.133037427 0.156490649 0.099542338 0.075551359 0.009180874 0.007782953 0.007847429 0.000000000 0.006865736 0.125754932 0.116681574 0.105659451 0.105936988 0.090872979 0.109134915 0.107190571 0.095845419 0.126103057 0.101691298 0.125034402 0.087719003 0.430535343 
6     0.157255018 0.189731209 0.110806512 0.148728579 0.127267868 0.134925124 0.135052455 0.140947028 0.143223381 0.120815537 0.129061519 0.131384803 0.147866721 0.189387238 0.194111279 0.197895133 0.188794589 0.185708225 0.137347230 0.157762249 0.162330592 0.144359933 0.131979811 0.201233967 0.195121588 0.195332512 0.143902892 0.143614337 0.135390104 0.132152486 0.155605708 0.098639287 0.074628928 0.008940958 0.007941319 0.007755368 0.006865736 0.000000000 0.124894524 0.115821166 0.104799043 0.105076580 0.089965511 0.108227447 0.106283103 0.094937951 0.125250708 0.100838949 0.124182052 0.086866654 0.429661121 
24     0.200577047 0.233053238 0.154154365 0.192076432 0.170615721 0.178272977 0.178400308 0.183741318 0.186017671 0.163609827 0.171815117 0.174138400 0.190661010 0.232304358 0.237028398 0.240812253 0.231711708 0.228625345 0.180415379 0.200830398 0.205599178 0.187613408 0.175170110 0.244445370 0.238332991 0.238543915 0.187058674 0.186770119 0.178545886 0.175308268 0.198800407 0.140890366 0.177098893 0.128005156 0.126724596 0.126823745 0.125754932 0.124894524 0.000000000 0.043379871 0.050773213 0.051910868 0.132411325 0.151287928 0.149343424 0.137922210 0.167944800 0.143539914 0.166882379 0.129643023 0.473002673 
13     0.191531145 0.224007335 0.145108462 0.183030529 0.161569818 0.169227074 0.169354405 0.174695416 0.176971768 0.154563924 0.162769214 0.165092498 0.181615108 0.223258455 0.227982496 0.231766350 0.222665806 0.219579442 0.171369476 0.191784496 0.196553276 0.178567506 0.166124207 0.235399467 0.229287088 0.229498013 0.178012772 0.177724216 0.169499983 0.166262365 0.189754504 0.131844463 0.168025535 0.118931798 0.117651238 0.117750387 0.116681574 0.115821166 0.043379871 0.000000000 0.041541282 0.042187531 0.123376365 0.142217443 0.140272939 0.128887250 0.158898897 0.134494012 0.157836476 0.120597120 0.463956771 
30     0.180461012 0.212937203 0.134038330 0.171960396 0.150499686 0.158156942 0.158284273 0.163625283 0.165901636 0.143493792 0.151699082 0.154022365 0.170544975 0.212188323 0.216912363 0.220696218 0.211595673 0.208509310 0.160299344 0.180714363 0.185483143 0.167497373 0.155054075 0.224329335 0.218216956 0.218427880 0.166942639 0.166654084 0.158429851 0.155192233 0.178684372 0.120753780 0.157003412 0.107909675 0.106629115 0.106728263 0.105659451 0.104799043 0.050773213 0.041541282 0.000000000 0.015999932 0.112280096 0.131121174 0.129176669 0.117797873 0.147822519 0.123417634 0.146760098 0.109520742 0.452886638 
15     0.180743161 0.213219351 0.134320478 0.172242545 0.150781834 0.158439090 0.158566421 0.163907432 0.166183784 0.143775940 0.151981230 0.154304514 0.170827124 0.212470471 0.217194512 0.220978366 0.211877822 0.208791458 0.160581492 0.180996512 0.185765292 0.167779522 0.155336223 0.224611483 0.218499104 0.218710029 0.167224788 0.166936232 0.158711999 0.155474381 0.178966520 0.121038004 0.157280950 0.108187212 0.106906652 0.107005801 0.105936988 0.105076580 0.051910868 0.042187531 0.015999932 0.000000000 0.112562244 0.131403322 0.129458818 0.118080022 0.148104668 0.123699782 0.147042247 0.109802891 0.453168787 
14     0.164539846 0.197016036 0.118204508 0.156126575 0.134665865 0.142323120 0.142450451 0.147796845 0.150073198 0.127665353 0.135874485 0.138197769 0.154716537 0.196645503 0.201369543 0.205153398 0.196052853 0.192966489 0.144353714 0.164768734 0.169625978 0.151658356 0.139325427 0.208605947 0.202493568 0.202704492 0.151164779 0.150876224 0.142651991 0.139414373 0.162906511 0.105323572 0.142121269 0.093123201 0.091842641 0.091941791 0.090872979 0.089965511 0.132411325 0.123376365 0.112280096 0.112562244 0.000000000 0.073179071 0.071382185 0.065429947 0.131532145 0.107121162 0.130460810 0.093409465 0.437044643 
17     0.182935785 0.215411976 0.136600448 0.174522514 0.153061804 0.160719060 0.160846391 0.166258706 0.168535059 0.146127215 0.154377039 0.156700323 0.173195549 0.215155055 0.219879095 0.223662949 0.214562405 0.211476041 0.162836984 0.183252004 0.188085085 0.170117463 0.157784534 0.227065054 0.220952675 0.221163599 0.169623886 0.169335331 0.161111098 0.157873480 0.181365618 0.124001353 0.160385865 0.111385137 0.110104577 0.110203728 0.109134915 0.108227447 0.151287928 0.142217443 0.131121174 0.131403322 0.073179071 0.000000000 0.043218234 0.083650207 0.150030202 0.125619220 0.148958868 0.111907523 0.455440582 
16     0.180978126 0.213454316 0.134642788 0.172564855 0.151104144 0.158761400 0.158888731 0.164301047 0.166577400 0.144169555 0.152419380 0.154742664 0.171237890 0.213197395 0.217921435 0.221705290 0.212604745 0.209518382 0.160879324 0.181294344 0.186127425 0.168159804 0.155826875 0.225107394 0.218995015 0.219205940 0.167666226 0.167377671 0.159153438 0.155915820 0.179407959 0.122041217 0.158441521 0.109440793 0.108160233 0.108259383 0.107190571 0.106283103 0.149343424 0.140272939 0.129176669 0.129458818 0.071382185 0.043218234 0.000000000 0.082069338 0.148082785 0.123671803 0.147011450 0.109960106 0.453482922 
7     0.169731259 0.202207449 0.123405440 0.161327507 0.139866796 0.147524052 0.147651383 0.153149929 0.155426282 0.133018437 0.141227569 0.143550853 0.160069621 0.201957223 0.206681263 0.210465118 0.201364573 0.198278209 0.149757592 0.170172611 0.174897742 0.156930120 0.144546398 0.213826917 0.207714539 0.207925463 0.156385750 0.156097194 0.147872961 0.144635343 0.168127482 0.110751971 0.147093710 0.098095641 0.096815081 0.096914231 0.095845419 0.094937951 0.137922210 0.128887250 0.117797873 0.118080022 0.065429947 0.083650207 0.082069338 0.000000000 0.136682703 0.112271720 0.135611368 0.098620888 0.442228842 
44     0.186974120 0.219450310 0.140628830 0.178550896 0.157090186 0.164747442 0.164874773 0.170950385 0.173226737 0.150818893 0.158907740 0.161231023 0.177771415 0.219323382 0.224047422 0.227831277 0.218730732 0.215644369 0.167084959 0.187499979 0.192455999 0.174543680 0.162286488 0.231405979 0.225302034 0.225512958 0.174104165 0.173593235 0.165590201 0.162352583 0.185798555 0.131545125 0.177417685 0.128353281 0.127072721 0.127171870 0.126103057 0.125250708 0.167944800 0.158898897 0.147822519 0.148104668 0.131532145 0.150030202 0.148082785 0.136682703 0.000000000 0.062421062 0.085691655 0.087850285 0.459634117 
42     0.162560474 0.195036664 0.116215183 0.154137250 0.132676539 0.140333795 0.140461126 0.146358044 0.148634396 0.126226552 0.134315398 0.136638682 0.153179074 0.194731041 0.199455081 0.203238936 0.194138391 0.191052027 0.142492618 0.162907638 0.167863658 0.149951339 0.137694147 0.206813638 0.200709692 0.200920617 0.149511824 0.149000894 0.140997860 0.137760242 0.161206214 0.107134998 0.153005926 0.103941522 0.102660962 0.102760111 0.101691298 0.100838949 0.143539914 0.134494012 0.123417634 0.123699782 0.107121162 0.125619220 0.123671803 0.112271720 0.062421062 0.000000000 0.058805245 0.063270508 0.435220470 
34     0.185940016 0.218416206 0.139594725 0.177516792 0.156056081 0.163713337 0.163840668 0.169916280 0.172192633 0.149784789 0.157873635 0.160196919 0.176737311 0.218298246 0.223022287 0.226806141 0.217705597 0.214619233 0.166050855 0.186465875 0.191421894 0.173509576 0.161252384 0.230371875 0.224267929 0.224478854 0.173070061 0.172559131 0.164556097 0.161318479 0.184764451 0.130485595 0.176349030 0.127284626 0.126004066 0.126103214 0.125034402 0.124182052 0.166882379 0.157836476 0.146760098 0.147042247 0.130460810 0.148958868 0.147011450 0.135611368 0.085691655 0.058805245 0.000000000 0.086733307 0.458600012 
23     0.149082104 0.181558295 0.102735917 0.140657984 0.119197273 0.126854529 0.126981860 0.133019799 0.135296152 0.112888307 0.121076467 0.123399751 0.139940143 0.181496765 0.186225174 0.190009028 0.180908484 0.177822120 0.129202994 0.149618014 0.154595810 0.136643299 0.124386107 0.193505598 0.187401653 0.187612578 0.136200230 0.135689300 0.127686266 0.124448648 0.147894620 0.093354250 0.139031289 0.089969228 0.088688667 0.088787816 0.087719003 0.086866654 0.129643023 0.120597120 0.109520742 0.109802891 0.093409465 0.111907523 0.109960106 0.098620888 0.087850285 0.063270508 0.086733307 0.000000000 0.421719182 
0     0.446463754 0.478939944 0.402616428 0.440538258 0.419077547 0.426735040 0.426862371 0.454230510 0.456506863 0.434106962 0.442136323 0.444459607 0.461081706 0.502557717 0.507245851 0.511029705 0.501929161 0.498842797 0.450796070 0.471187758 0.476418044 0.458459374 0.446538890 0.515715815 0.509633854 0.509844779 0.458032226 0.457612965 0.449436544 0.446284473 0.469698993 0.437118182 0.481754094 0.432785567 0.431505007 0.431604156 0.430535343 0.429661121 0.473002673 0.463956771 0.452886638 0.453168787 0.437044643 0.455440582 0.453482922 0.442228842 0.459634117 0.435220470 0.458600012 0.421719182 0.000000000 
