51
12     0.000000000 0.002515759 0.002616154 0.003109620 0.003038257 0.009559314 0.009545496 0.010332348 0.010665848 0.016212603 0.016293211 0.013700124 0.014555919 0.010004769 0.010784328 0.012101421 0.010625193 0.010109607 0.010771245 0.017439207 0.019934657 0.021208032 0.019298624 0.013153511 0.010811007 0.013282860 0.012829829 0.014329100 0.011252345 0.010777097 0.014819521 0.015828367 0.014759457 0.015190096 0.013179648 0.015626984 0.013980852 0.012206450 0.013104058 0.013330943 0.013501031 0.013082553 0.011254115 0.011969903 0.011407639 0.011833811 0.011723028 0.013505917 0.015027279 0.015933768 0.021845583 
2     0.002515759 0.000000000 0.002835889 0.003315340 0.003237711 0.009766375 0.009752556 0.010539408 0.010872909 0.016419663 0.016500271 0.013907184 0.014762979 0.010211829 0.010991389 0.012308482 0.010832253 0.010316668 0.010978305 0.017646267 0.020141718 0.021415092 0.019505684 0.013360571 0.011018067 0.013489920 0.013036890 0.014536160 0.011459405 0.010984157 0.015026582 0.016035427 0.014966517 0.015397157 0.013386708 0.015834044 0.014187912 0.012413511 0.013311118 0.013538004 0.013708092 0.013289614 0.011461175 0.012176964 0.011614700 0.012040871 0.011930088 0.013712977 0.015234340 0.016140828 0.022052643 
9     0.002616154 0.002835889 0.000000000 0.002692720 0.002614560 0.009136906 0.009123088 0.009909939 0.010243440 0.015790195 0.015870802 0.013277715 0.014133511 0.009582361 0.010361920 0.011679013 0.010202784 0.009687199 0.010348837 0.017016799 0.019512249 0.020785623 0.018876216 0.012731103 0.010388599 0.012860451 0.012407421 0.013906692 0.010829937 0.010354689 0.014397113 0.015405958 0.014337049 0.014767688 0.012757240 0.015204575 0.013558443 0.011784042 0.012681650 0.012908535 0.013078623 0.012660145 0.010831707 0.011547495 0.010985231 0.011411402 0.011300620 0.013083509 0.014604871 0.015511359 0.021423174 
21     0.003109620 0.003315340 0.002692720 0.000000000 0.001209629 0.008307075 0.008293256 0.009080108 0.009413609 0.014960364 0.015040971 0.012447884 0.013303679 0.008752529 0.009532089 0.010849182 0.009372953 0.008857368 0.009519005 0.016186968 0.018682418 0.019955792 0.018046384 0.011901271 0.009558767 0.012030620 0.011577590 0.013076861 0.010000105 0.009524858 0.013567282 0.014576127 0.013507218 0.013937857 0.011927408 0.014374744 0.012728612 0.010954211 0.011851819 0.012078704 0.012248792 0.011830314 0.010001875 0.010717664 0.010155400 0.010581571 0.010470788 0.012253677 0.013775040 0.014681528 0.020593343 
17     0.003038257 0.003237711 0.002614560 0.001209629 0.000000000 0.008229989 0.008216170 0.009003022 0.009336523 0.014883278 0.014963885 0.012370798 0.013226593 0.008675443 0.009455003 0.010772096 0.009295867 0.008780282 0.009441919 0.016109882 0.018605332 0.019878706 0.017969298 0.011824185 0.009481681 0.011953534 0.011500504 0.012999775 0.009923019 0.009447772 0.013490196 0.014499041 0.013430132 0.013860771 0.011850322 0.014297658 0.012651526 0.010877125 0.011774733 0.012001618 0.012171706 0.011753228 0.009924789 0.010640578 0.010078314 0.010504485 0.010393702 0.012176591 0.013697954 0.014604442 0.020516257 
10     0.009559314 0.009766375 0.009136906 0.008307075 0.008229989 0.000000000 0.002853432 0.008463771 0.008799285 0.017566659 0.017647267 0.015038412 0.015894399 0.011343249 0.012122793 0.013385653 0.011910486 0.011394900 0.012056538 0.018728564 0.021224043 0.022497389 0.020585475 0.014439280 0.012099684 0.014571537 0.014118506 0.015617494 0.012540738 0.012068109 0.016103478 0.017112323 0.016043414 0.016474053 0.014463605 0.016910940 0.015264808 0.013499189 0.014380822 0.014607707 0.014777795 0.014359317 0.012531082 0.013252392 0.012690128 0.013116299 0.013005517 0.014788571 0.016309444 0.017215932 0.023192168 
1     0.009545496 0.009752556 0.009123088 0.008293256 0.008216170 0.002853432 0.000000000 0.008450165 0.008785680 0.017552841 0.017633449 0.015024594 0.015880581 0.011329431 0.012108975 0.013371835 0.011896667 0.011381082 0.012042720 0.018714746 0.021210225 0.022483570 0.020571657 0.014425461 0.012085865 0.014557718 0.014104688 0.015603675 0.012526920 0.012054290 0.016089660 0.017098505 0.016029595 0.016460235 0.014449786 0.016897122 0.015250990 0.013485370 0.014367003 0.014593889 0.014763976 0.014345499 0.012517264 0.013238574 0.012676310 0.013102481 0.012991699 0.014774753 0.016295626 0.017202114 0.023178350 
15     0.010332348 0.010539408 0.009909939 0.009080108 0.009003022 0.008463771 0.008450165 0.000000000 0.003098124 0.018356898 0.018437505 0.015832419 0.016688406 0.012137256 0.012916800 0.014175840 0.012700672 0.012185087 0.012846724 0.019519270 0.022014749 0.023288095 0.021376181 0.015229986 0.012890390 0.015362242 0.014909212 0.016408199 0.013331444 0.012858815 0.016885311 0.017894156 0.016825246 0.017255886 0.015245437 0.017692773 0.016046641 0.014281021 0.015162654 0.015389540 0.015559627 0.015141150 0.013312915 0.014034763 0.013472499 0.013898670 0.013787887 0.015570942 0.017091814 0.017998303 0.023977613 
3     0.010665848 0.010872909 0.010243440 0.009413609 0.009336523 0.008799285 0.008785680 0.003098124 0.000000000 0.018690398 0.018771006 0.016165920 0.017021907 0.012470757 0.013250300 0.014509340 0.013034173 0.012518587 0.013180225 0.019852771 0.022348250 0.023621595 0.021709682 0.015563486 0.013223890 0.015695743 0.015242713 0.016741700 0.013664945 0.013192315 0.017218811 0.018227657 0.017158747 0.017589386 0.015578938 0.018026273 0.016380141 0.014614522 0.015496155 0.015723040 0.015893128 0.015474650 0.013646416 0.014368263 0.013805999 0.014232171 0.014121388 0.015904442 0.017425315 0.018331803 0.024311114 
16     0.016212603 0.016419663 0.015790195 0.014960364 0.014883278 0.017566659 0.017552841 0.018356898 0.018690398 0.000000000 0.002613889 0.017834364 0.018699914 0.014146653 0.014941353 0.017952432 0.016483951 0.015968366 0.016630017 0.023368346 0.025864227 0.027135582 0.025222004 0.019076595 0.016733937 0.019205790 0.018752857 0.020252115 0.017175680 0.016677639 0.020744189 0.021753034 0.020684125 0.021120495 0.019110047 0.021559125 0.019913007 0.018142339 0.019040527 0.019267371 0.019437474 0.019018996 0.017196610 0.017952276 0.017392140 0.017818312 0.017707529 0.019484320 0.020993985 0.021900473 0.027933670 
30     0.016293211 0.016500271 0.015870802 0.015040971 0.014963885 0.017647267 0.017633449 0.018437505 0.018771006 0.002613889 0.000000000 0.017914971 0.018780521 0.014227261 0.015021960 0.018033040 0.016564558 0.016048973 0.016710625 0.023448954 0.025944835 0.027216189 0.025302611 0.019157203 0.016814545 0.019286398 0.018833464 0.020332722 0.017256288 0.016758246 0.020824796 0.021833642 0.020764732 0.021201103 0.019190654 0.021639732 0.019993614 0.018222947 0.019121134 0.019347978 0.019518081 0.019099604 0.017277217 0.018032884 0.017472748 0.017898919 0.017788136 0.019564927 0.021074592 0.021981080 0.028014277 
26     0.013700124 0.013907184 0.013277715 0.012447884 0.012370798 0.015038412 0.015024594 0.015832419 0.016165920 0.017834364 0.017914971 0.000000000 0.013751315 0.009194031 0.010049547 0.015499631 0.014027142 0.013511557 0.014173209 0.020879255 0.023375113 0.024646467 0.022721204 0.016575796 0.014235362 0.016707214 0.016254107 0.017753665 0.014677230 0.014192797 0.018234355 0.019243200 0.018174290 0.018611931 0.016601482 0.019047241 0.017402377 0.015633973 0.016530513 0.016757356 0.016927460 0.016508982 0.014686595 0.015453517 0.014892975 0.015319146 0.015208363 0.016985560 0.018495225 0.019401713 0.025431852 
25     0.014555919 0.014762979 0.014133511 0.013303679 0.013226593 0.015894399 0.015880581 0.016688406 0.017021907 0.018699914 0.018780521 0.013751315 0.000000000 0.006438584 0.009489287 0.016355846 0.014883357 0.014367772 0.015029424 0.021731784 0.024227642 0.025498996 0.023573733 0.017428325 0.015087891 0.017559743 0.017106636 0.018606194 0.015529759 0.015045326 0.019127020 0.020135865 0.019066956 0.019504596 0.017494148 0.019939907 0.018295042 0.016526638 0.017423178 0.017650022 0.017820125 0.017401648 0.015579261 0.016346182 0.015785640 0.016211811 0.016101029 0.017878226 0.019387891 0.020294379 0.026308899 
22     0.010004769 0.010211829 0.009582361 0.008752529 0.008675443 0.011343249 0.011329431 0.012137256 0.012470757 0.014146653 0.014227261 0.009194031 0.006438584 0.000000000 0.004937476 0.011804564 0.010332075 0.009816490 0.010478142 0.017180502 0.019676360 0.020947714 0.019022451 0.012877043 0.010536609 0.013008462 0.012555355 0.014054912 0.010978477 0.010494044 0.014575870 0.015584716 0.014515806 0.014953446 0.012942998 0.015388757 0.013743892 0.011975489 0.012872028 0.013098872 0.013268975 0.012850498 0.011028111 0.011795032 0.011234490 0.011660662 0.011549879 0.013327076 0.014836741 0.015743229 0.021757749 
14     0.010784328 0.010991389 0.010361920 0.009532089 0.009455003 0.012122793 0.012108975 0.012916800 0.013250300 0.014941353 0.015021960 0.010049547 0.009489287 0.004937476 0.000000000 0.012593825 0.011121336 0.010605751 0.011267402 0.017969218 0.020465076 0.021736431 0.019819414 0.013674006 0.011333572 0.013805424 0.013352317 0.014851875 0.011775440 0.011282760 0.015354736 0.016363582 0.015294672 0.015732312 0.013721864 0.016167623 0.014522758 0.012754355 0.013650895 0.013877738 0.014047842 0.013629364 0.011806977 0.012559953 0.011999411 0.012425582 0.012314799 0.014091996 0.015601661 0.016508149 0.022563338 
19     0.012101421 0.012308482 0.011679013 0.010849182 0.010772096 0.013385653 0.013371835 0.014175840 0.014509340 0.017952432 0.018033040 0.015499631 0.016355846 0.011804564 0.012593825 0.000000000 0.007424390 0.006910680 0.007571628 0.017990276 0.020487749 0.021759221 0.019848365 0.013701837 0.011357839 0.013832256 0.013378444 0.014872751 0.011797270 0.011288313 0.016656201 0.017665046 0.016596136 0.017030020 0.015010867 0.017456716 0.015811599 0.014035578 0.014944527 0.015171595 0.015341613 0.014923136 0.013094000 0.013850170 0.013286545 0.013712716 0.013601934 0.015380663 0.016902355 0.017808631 0.023797774 
6     0.010625193 0.010832253 0.010202784 0.009372953 0.009295867 0.011910486 0.011896667 0.012700672 0.013034173 0.016483951 0.016564558 0.014027142 0.014883357 0.010332075 0.011121336 0.007424390 0.000000000 0.002566258 0.004581800 0.016519310 0.019016782 0.020288254 0.018372150 0.012225623 0.009882169 0.012356586 0.011902774 0.013397081 0.010321600 0.009813633 0.015183741 0.016192586 0.015123677 0.015557560 0.013538408 0.015984256 0.014339140 0.012563119 0.013472068 0.013699135 0.013869154 0.013450676 0.011621541 0.012377252 0.011813627 0.012239798 0.012129016 0.013907745 0.015429437 0.016335713 0.022321443 
13     0.010109607 0.010316668 0.009687199 0.008857368 0.008780282 0.011394900 0.011381082 0.012185087 0.012518587 0.015968366 0.016048973 0.013511557 0.014367772 0.009816490 0.010605751 0.006910680 0.002566258 0.000000000 0.004074838 0.016003724 0.018501197 0.019772669 0.017856565 0.011710037 0.009366584 0.011841000 0.011387189 0.012881496 0.009806014 0.009298048 0.014668156 0.015677001 0.014608092 0.015041975 0.013022822 0.015468671 0.013823554 0.012047533 0.012956483 0.013183550 0.013353569 0.012935091 0.011105955 0.011861667 0.011298042 0.011724213 0.011613430 0.013392160 0.014913852 0.015820128 0.021805858 
28     0.010771245 0.010978305 0.010348837 0.009519005 0.009441919 0.012056538 0.012042720 0.012846724 0.013180225 0.016630017 0.016710625 0.014173209 0.015029424 0.010478142 0.011267402 0.007571628 0.004581800 0.004074838 0.000000000 0.016665686 0.019163158 0.020434631 0.018518527 0.012371999 0.010028545 0.012502962 0.012049151 0.013543458 0.010467976 0.009960010 0.015329808 0.016338653 0.015269743 0.015703627 0.013684474 0.016130323 0.014485206 0.012709185 0.013618134 0.013845202 0.014015220 0.013596743 0.011767607 0.012523319 0.011959693 0.012385865 0.012275082 0.014053812 0.015575504 0.016481780 0.022467495 
7     0.017439207 0.017646267 0.017016799 0.016186968 0.016109882 0.018728564 0.018714746 0.019519270 0.019852771 0.023368346 0.023448954 0.020879255 0.021731784 0.017180502 0.017969218 0.017990276 0.016519310 0.016003724 0.016665686 0.000000000 0.010551366 0.011718678 0.022359373 0.016216784 0.013860875 0.016343874 0.015886636 0.017399616 0.014311508 0.015263171 0.022096072 0.023104918 0.022036008 0.022469564 0.020450412 0.022898367 0.021253212 0.019483590 0.020387942 0.020615010 0.020785028 0.020366550 0.018541324 0.019271755 0.018708129 0.019134301 0.019023518 0.020807782 0.022317569 0.023223845 0.029183230 
20     0.019934657 0.020141718 0.019512249 0.018682418 0.018605332 0.021224043 0.021210225 0.022014749 0.022348250 0.025864227 0.025944835 0.023375113 0.024227642 0.019676360 0.020465076 0.020487749 0.019016782 0.018501197 0.019163158 0.010551366 0.000000000 0.010508683 0.024834401 0.018688038 0.016321247 0.018801389 0.018344411 0.019877221 0.016789114 0.017749758 0.024593104 0.025601950 0.024533040 0.024966596 0.022947444 0.025395399 0.023750244 0.021980622 0.022884974 0.023112042 0.023282060 0.022863582 0.021038356 0.021769439 0.021205814 0.021631985 0.021521203 0.023305467 0.024815253 0.025721529 0.031676591 
11     0.021208032 0.021415092 0.020785623 0.019955792 0.019878706 0.022497389 0.022483570 0.023288095 0.023621595 0.027135582 0.027216189 0.024646467 0.025498996 0.020947714 0.021736431 0.021759221 0.020288254 0.019772669 0.020434631 0.011718678 0.010508683 0.000000000 0.026110871 0.019964507 0.017610259 0.020090018 0.019633040 0.021160700 0.018072593 0.019023983 0.025864897 0.026873742 0.025804832 0.026238389 0.024219236 0.026667191 0.025022037 0.023252415 0.024156767 0.024383834 0.024553853 0.024135375 0.022310149 0.023040579 0.022476954 0.022903125 0.022792343 0.024576606 0.026086393 0.026992669 0.032951329 
29     0.019298624 0.019505684 0.018876216 0.018046384 0.017969298 0.020585475 0.020571657 0.021376181 0.021709682 0.025222004 0.025302611 0.022721204 0.023573733 0.019022451 0.019819414 0.019848365 0.018372150 0.017856565 0.018518527 0.022359373 0.024834401 0.026110871 0.000000000 0.015268148 0.014739698 0.017236506 0.016776568 0.018309888 0.015222001 0.017043821 0.023949562 0.024958408 0.023889498 0.024317911 0.022298758 0.024744645 0.023099490 0.021335012 0.022239364 0.022466431 0.022636450 0.022217972 0.020392746 0.021120274 0.020556649 0.020982820 0.020872038 0.022656302 0.024166179 0.025072455 0.031030761 
23     0.013153511 0.013360571 0.012731103 0.011901271 0.011824185 0.014439280 0.014425461 0.015229986 0.015563486 0.019076595 0.019157203 0.016575796 0.017428325 0.012877043 0.013674006 0.013701837 0.012225623 0.011710037 0.012371999 0.016216784 0.018688038 0.019964507 0.015268148 0.000000000 0.008602021 0.011101455 0.010633698 0.012189336 0.009101980 0.010915002 0.017807685 0.018816530 0.017747621 0.018176033 0.016156881 0.018602768 0.016957613 0.015193135 0.016097487 0.016324554 0.016494573 0.016076095 0.014250869 0.014979315 0.014415689 0.014841861 0.014731078 0.016515342 0.018025219 0.018931495 0.024887359 
5     0.010811007 0.011018067 0.010388599 0.009558767 0.009481681 0.012099684 0.012085865 0.012890390 0.013223890 0.016733937 0.016814545 0.014235362 0.015087891 0.010536609 0.011333572 0.011357839 0.009882169 0.009366584 0.010028545 0.013860875 0.016321247 0.017610259 0.014739698 0.008602021 0.000000000 0.005748838 0.005211277 0.008457337 0.005385593 0.008545126 0.015456628 0.016465474 0.015396564 0.015824977 0.013805824 0.016253780 0.014608625 0.012844146 0.013748498 0.013975566 0.014145584 0.013727106 0.011901880 0.012629189 0.012065564 0.012491735 0.012380952 0.014165216 0.015675093 0.016581369 0.022540691 
4     0.013282860 0.013489920 0.012860451 0.012030620 0.011953534 0.014571537 0.014557718 0.015362242 0.015695743 0.019205790 0.019286398 0.016707214 0.017559743 0.013008462 0.013805424 0.013832256 0.012356586 0.011841000 0.012502962 0.016343874 0.018801389 0.020090018 0.017236506 0.011101455 0.005748838 0.000000000 0.006015026 0.010931861 0.007867208 0.011027287 0.017928481 0.018937326 0.017868417 0.018296829 0.016277677 0.018725632 0.017080477 0.015315999 0.016220351 0.016447418 0.016617437 0.016198959 0.014373733 0.015101042 0.014537416 0.014963588 0.014852805 0.016637069 0.018146946 0.019053222 0.025012544 
27     0.012829829 0.013036890 0.012407421 0.011577590 0.011500504 0.014118506 0.014104688 0.014909212 0.015242713 0.018752857 0.018833464 0.016254107 0.017106636 0.012555355 0.013352317 0.013378444 0.011902774 0.011387189 0.012049151 0.015886636 0.018344411 0.019633040 0.016776568 0.010633698 0.005211277 0.006015026 0.000000000 0.010422002 0.007364367 0.010562906 0.017475548 0.018484393 0.017415484 0.017843896 0.015824744 0.018272699 0.016627544 0.014863066 0.015767418 0.015994485 0.016164504 0.015746026 0.013920800 0.014648108 0.014084483 0.014510654 0.014399872 0.016184136 0.017694013 0.018600289 0.024559610 
8     0.014329100 0.014536160 0.013906692 0.013076861 0.012999775 0.015617494 0.015603675 0.016408199 0.016741700 0.020252115 0.020332722 0.017753665 0.018606194 0.014054912 0.014851875 0.014872751 0.013397081 0.012881496 0.013543458 0.017399616 0.019877221 0.021160700 0.018309888 0.012189336 0.008457337 0.010931861 0.010422002 0.000000000 0.005525291 0.012057210 0.018973492 0.019982338 0.018913428 0.019341841 0.017322688 0.019770644 0.018125489 0.016361010 0.017265362 0.017492430 0.017662448 0.017243970 0.015418744 0.016144370 0.015580745 0.016006916 0.015896134 0.017680398 0.019190185 0.020096461 0.026056563 
18     0.011252345 0.011459405 0.010829937 0.010000105 0.009923019 0.012540738 0.012526920 0.013331444 0.013664945 0.017175680 0.017256288 0.014677230 0.015529759 0.010978477 0.011775440 0.011797270 0.010321600 0.009806014 0.010467976 0.014311508 0.016789114 0.018072593 0.015222001 0.009101980 0.005385593 0.007867208 0.007364367 0.005525291 0.000000000 0.008978702 0.015896737 0.016905583 0.015836673 0.016265086 0.014245933 0.016693888 0.015048734 0.013284255 0.014188607 0.014415675 0.014585693 0.014167215 0.012341989 0.013067615 0.012503990 0.012930161 0.012819379 0.014603643 0.016113429 0.017019705 0.022979808 
24     0.010777097 0.010984157 0.010354689 0.009524858 0.009447772 0.012068109 0.012054290 0.012858815 0.013192315 0.016677639 0.016758246 0.014192797 0.015045326 0.010494044 0.011282760 0.011288313 0.009813633 0.009298048 0.009960010 0.015263171 0.017749758 0.019023983 0.017043821 0.010915002 0.008545126 0.011027287 0.010562906 0.012057210 0.008978702 0.000000000 0.015397883 0.016406729 0.015337819 0.015766232 0.013747079 0.016195034 0.014549880 0.012791403 0.013689753 0.013916821 0.014086839 0.013668361 0.011843135 0.012562800 0.012000701 0.012426872 0.012316089 0.014098828 0.015608705 0.016514981 0.022497690 
40     0.014819521 0.015026582 0.014397113 0.013567282 0.013490196 0.016103478 0.016089660 0.016885311 0.017218811 0.020744189 0.020824796 0.018234355 0.019127020 0.014575870 0.015354736 0.016656201 0.015183741 0.014668156 0.015329808 0.022096072 0.024593104 0.025864897 0.023949562 0.017807685 0.015456628 0.017928481 0.017475548 0.018973492 0.015896737 0.015397883 0.000000000 0.004081867 0.004329198 0.015025394 0.013016933 0.015461461 0.013819104 0.012434914 0.013308561 0.013527859 0.013699130 0.013281794 0.011484396 0.015015712 0.014456494 0.014882666 0.014771883 0.016544614 0.018065003 0.018973032 0.026436481 
43     0.015828367 0.016035427 0.015405958 0.014576127 0.014499041 0.017112323 0.017098505 0.017894156 0.018227657 0.021753034 0.021833642 0.019243200 0.020135865 0.015584716 0.016363582 0.017665046 0.016192586 0.015677001 0.016338653 0.023104918 0.025601950 0.026873742 0.024958408 0.018816530 0.016465474 0.018937326 0.018484393 0.019982338 0.016905583 0.016406729 0.004081867 0.000000000 0.005390619 0.016034686 0.014026175 0.016470386 0.014828029 0.013442352 0.014316427 0.014535725 0.014706996 0.014289659 0.012493590 0.016024557 0.015465340 0.015891511 0.015780728 0.017553460 0.019073848 0.019981877 0.027445326 
49     0.014759457 0.014966517 0.014337049 0.013507218 0.013430132 0.016043414 0.016029595 0.016825246 0.017158747 0.020684125 0.020764732 0.018174290 0.019066956 0.014515806 0.015294672 0.016596136 0.015123677 0.014608092 0.015269743 0.022036008 0.024533040 0.025804832 0.023889498 0.017747621 0.015396564 0.017868417 0.017415484 0.018913428 0.015836673 0.015337819 0.004329198 0.005390619 0.000000000 0.014968931 0.012960537 0.015405274 0.013762356 0.012373903 0.013248847 0.013468145 0.013639416 0.013222080 0.011424094 0.014955507 0.014396289 0.014822460 0.014711678 0.016484518 0.018004906 0.018912935 0.026376416 
48     0.015190096 0.015397157 0.014767688 0.013937857 0.013860771 0.016474053 0.016460235 0.017255886 0.017589386 0.021120495 0.021201103 0.018611931 0.019504596 0.014953446 0.015732312 0.017030020 0.015557560 0.015041975 0.015703627 0.022469564 0.024966596 0.026238389 0.024317911 0.018176033 0.015824977 0.018296829 0.017843896 0.019341841 0.016265086 0.015766232 0.015025394 0.016034686 0.014968931 0.000000000 0.010942226 0.013407483 0.011788814 0.012822957 0.013722154 0.013942488 0.014112534 0.013693855 0.011895414 0.015389679 0.014830461 0.015256633 0.015145850 0.016926178 0.018446566 0.019354595 0.026808885 
31     0.013179648 0.013386708 0.012757240 0.011927408 0.011850322 0.014463605 0.014449786 0.015245437 0.015578938 0.019110047 0.019190654 0.016601482 0.017494148 0.012942998 0.013721864 0.015010867 0.013538408 0.013022822 0.013684474 0.020450412 0.022947444 0.024219236 0.022298758 0.016156881 0.013805824 0.016277677 0.015824744 0.017322688 0.014245933 0.013747079 0.013016933 0.014026175 0.012960537 0.010942226 0.000000000 0.011302919 0.009686684 0.010808757 0.011708751 0.011928017 0.012099172 0.011682173 0.009879600 0.013369853 0.012810635 0.013236806 0.013126024 0.014906275 0.016426663 0.017334692 0.024795213 
47     0.015626984 0.015834044 0.015204575 0.014374744 0.014297658 0.016910940 0.016897122 0.017692773 0.018026273 0.021559125 0.021639732 0.019047241 0.019939907 0.015388757 0.016167623 0.017456716 0.015984256 0.015468671 0.016130323 0.022898367 0.025395399 0.026667191 0.024744645 0.018602768 0.016253780 0.018725632 0.018272699 0.019770644 0.016693888 0.016195034 0.015461461 0.016470386 0.015405274 0.013407483 0.011302919 0.000000000 0.009777281 0.013256885 0.014136123 0.014355265 0.014526419 0.014106591 0.012310768 0.015818924 0.015259706 0.015685877 0.015575095 0.017355422 0.018875811 0.019783840 0.027242310 
50     0.013980852 0.014187912 0.013558443 0.012728612 0.012651526 0.015264808 0.015250990 0.016046641 0.016380141 0.019913007 0.019993614 0.017402377 0.018295042 0.013743892 0.014522758 0.015811599 0.014339140 0.013823554 0.014485206 0.021253212 0.023750244 0.025022037 0.023099490 0.016957613 0.014608625 0.017080477 0.016627544 0.018125489 0.015048734 0.014549880 0.013819104 0.014828029 0.013762356 0.011788814 0.009686684 0.009777281 0.000000000 0.011611140 0.012489289 0.012708430 0.012879585 0.012459757 0.010660855 0.014174585 0.013615367 0.014041539 0.013930756 0.015711084 0.017231472 0.018139501 0.025596811 
35     0.012206450 0.012413511 0.011784042 0.010954211 0.010877125 0.013499189 0.013485370 0.014281021 0.014614522 0.018142339 0.018222947 0.015633973 0.016526638 0.011975489 0.012754355 0.014035578 0.012563119 0.012047533 0.012709185 0.019483590 0.021980622 0.023252415 0.021335012 0.015193135 0.012844146 0.015315999 0.014863066 0.016361010 0.013284255 0.012791403 0.012434914 0.013442352 0.012373903 0.012822957 0.010808757 0.013256885 0.011611140 0.000000000 0.010588453 0.010810920 0.010982169 0.010562226 0.008737897 0.012418620 0.011859650 0.012285821 0.012175038 0.013955227 0.015475616 0.016383645 0.023819716 
46     0.013104058 0.013311118 0.012681650 0.011851819 0.011774733 0.014380822 0.014367003 0.015162654 0.015496155 0.019040527 0.019121134 0.016530513 0.017423178 0.012872028 0.013650895 0.014944527 0.013472068 0.012956483 0.013618134 0.020387942 0.022884974 0.024156767 0.022239364 0.016097487 0.013748498 0.016220351 0.015767418 0.017265362 0.014188607 0.013689753 0.013308561 0.014316427 0.013248847 0.013722154 0.011708751 0.014136123 0.012489289 0.010588453 0.000000000 0.003016228 0.003164989 0.004020784 0.009208591 0.013350994 0.012791776 0.013217947 0.013107165 0.014887601 0.016407989 0.017316019 0.024722731 
32     0.013330943 0.013538004 0.012908535 0.012078704 0.012001618 0.014607707 0.014593889 0.015389540 0.015723040 0.019267371 0.019347978 0.016757356 0.017650022 0.013098872 0.013877738 0.015171595 0.013699135 0.013183550 0.013845202 0.020615010 0.023112042 0.024383834 0.022466431 0.016324554 0.013975566 0.016447418 0.015994485 0.017492430 0.014415675 0.013916821 0.013527859 0.014535725 0.013468145 0.013942488 0.011928017 0.014355265 0.012708430 0.010810920 0.003016228 0.000000000 0.003209198 0.004298133 0.009434092 0.013579917 0.013020700 0.013446871 0.013336088 0.015116525 0.016636913 0.017544942 0.024950171 
45     0.013501031 0.013708092 0.013078623 0.012248792 0.012171706 0.014777795 0.014763976 0.015559627 0.015893128 0.019437474 0.019518081 0.016927460 0.017820125 0.013268975 0.014047842 0.015341613 0.013869154 0.013353569 0.014015220 0.020785028 0.023282060 0.024553853 0.022636450 0.016494573 0.014145584 0.016617437 0.016164504 0.017662448 0.014585693 0.014086839 0.013699130 0.014706996 0.013639416 0.014112534 0.012099172 0.014526419 0.012879585 0.010982169 0.003164989 0.003209198 0.000000000 0.004388009 0.009602172 0.013749936 0.013190718 0.013616889 0.013506107 0.015286543 0.016806931 0.017714961 0.025120224 
36     0.013082553 0.013289614 0.012660145 0.011830314 0.011753228 0.014359317 0.014345499 0.015141150 0.015474650 0.019018996 0.019099604 0.016508982 0.017401648 0.012850498 0.013629364 0.014923136 0.013450676 0.012935091 0.013596743 0.020366550 0.022863582 0.024135375 0.022217972 0.016076095 0.013727106 0.016198959 0.015746026 0.017243970 0.014167215 0.013668361 0.013281794 0.014289659 0.013222080 0.013693855 0.011682173 0.014106591 0.012459757 0.010562226 0.004020784 0.004298133 0.004388009 0.000000000 0.009188030 0.013331458 0.012772240 0.013198412 0.013087629 0.014868065 0.016388454 0.017296483 0.024701746 
37     0.011254115 0.011461175 0.010831707 0.010001875 0.009924789 0.012531082 0.012517264 0.013312915 0.013646416 0.017196610 0.017277217 0.014686595 0.015579261 0.011028111 0.011806977 0.013094000 0.011621541 0.011105955 0.011767607 0.018541324 0.021038356 0.022310149 0.020392746 0.014250869 0.011901880 0.014373733 0.013920800 0.015418744 0.012341989 0.011843135 0.011484396 0.012493590 0.011424094 0.011895414 0.009879600 0.012310768 0.010660855 0.008737897 0.009208591 0.009434092 0.009602172 0.009188030 0.000000000 0.011491208 0.010931990 0.011358161 0.011247379 0.013027706 0.014548095 0.015456124 0.022872063 
33     0.011969903 0.012176964 0.011547495 0.010717664 0.010640578 0.013252392 0.013238574 0.014034763 0.014368263 0.017952276 0.018032884 0.015453517 0.016346182 0.011795032 0.012559953 0.013850170 0.012377252 0.011861667 0.012523319 0.019271755 0.021769439 0.023040579 0.021120274 0.014979315 0.012629189 0.015101042 0.014648108 0.016144370 0.013067615 0.012562800 0.015015712 0.016024557 0.014955507 0.015389679 0.013369853 0.015818924 0.014174585 0.012418620 0.013350994 0.013579917 0.013749936 0.013331458 0.011491208 0.000000000 0.005642632 0.006069767 0.005938254 0.009491354 0.011020397 0.011928263 0.023625665 
39     0.011407639 0.011614700 0.010985231 0.010155400 0.010078314 0.012690128 0.012676310 0.013472499 0.013805999 0.017392140 0.017472748 0.014892975 0.015785640 0.011234490 0.011999411 0.013286545 0.011813627 0.011298042 0.011959693 0.018708129 0.021205814 0.022476954 0.020556649 0.014415689 0.012065564 0.014537416 0.014084483 0.015580745 0.012503990 0.012000701 0.014456494 0.015465340 0.014396289 0.014830461 0.012810635 0.015259706 0.013615367 0.011859650 0.012791776 0.013020700 0.013190718 0.012772240 0.010931990 0.005642632 0.000000000 0.002478117 0.002596415 0.008918076 0.010454897 0.011362635 0.023062942 
34     0.011833811 0.012040871 0.011411402 0.010581571 0.010504485 0.013116299 0.013102481 0.013898670 0.014232171 0.017818312 0.017898919 0.015319146 0.016211811 0.011660662 0.012425582 0.013712716 0.012239798 0.011724213 0.012385865 0.019134301 0.021631985 0.022903125 0.020982820 0.014841861 0.012491735 0.014963588 0.014510654 0.016006916 0.012930161 0.012426872 0.014882666 0.015891511 0.014822460 0.015256633 0.013236806 0.015685877 0.014041539 0.012285821 0.013217947 0.013446871 0.013616889 0.013198412 0.011358161 0.006069767 0.002478117 0.000000000 0.003109630 0.009345040 0.010882406 0.011790144 0.023489114 
44     0.011723028 0.011930088 0.011300620 0.010470788 0.010393702 0.013005517 0.012991699 0.013787887 0.014121388 0.017707529 0.017788136 0.015208363 0.016101029 0.011549879 0.012314799 0.013601934 0.012129016 0.011613430 0.012275082 0.019023518 0.021521203 0.022792343 0.020872038 0.014731078 0.012380952 0.014852805 0.014399872 0.015896134 0.012819379 0.012316089 0.014771883 0.015780728 0.014711678 0.015145850 0.013126024 0.015575095 0.013930756 0.012175038 0.013107165 0.013336088 0.013506107 0.013087629 0.011247379 0.005938254 0.002596415 0.003109630 0.000000000 0.009225688 0.010762675 0.011670413 0.023378331 
41     0.013505917 0.013712977 0.013083509 0.012253677 0.012176591 0.014788571 0.014774753 0.015570942 0.015904442 0.019484320 0.019564927 0.016985560 0.017878226 0.013327076 0.014091996 0.015380663 0.013907745 0.013392160 0.014053812 0.020807782 0.023305467 0.024576606 0.022656302 0.016515342 0.014165216 0.016637069 0.016184136 0.017680398 0.014603643 0.014098828 0.016544614 0.017553460 0.016484518 0.016926178 0.014906275 0.017355422 0.015711084 0.013955227 0.014887601 0.015116525 0.015286543 0.014868065 0.013027706 0.009491354 0.008918076 0.009345040 0.009225688 0.000000000 0.007365583 0.008243916 0.025158346 
38     0.015027279 0.015234340 0.014604871 0.013775040 0.013697954 0.016309444 0.016295626 0.017091814 0.017425315 0.020993985 0.021074592 0.018495225 0.019387891 0.014836741 0.015601661 0.016902355 0.015429437 0.014913852 0.015575504 0.022317569 0.024815253 0.026086393 0.024166179 0.018025219 0.015675093 0.018146946 0.017694013 0.019190185 0.016113429 0.015608705 0.018065003 0.019073848 0.018004906 0.018446566 0.016426663 0.018875811 0.017231472 0.015475616 0.016407989 0.016636913 0.016806931 0.016388454 0.014548095 0.011020397 0.010454897 0.010882406 0.010762675 0.007365583 0.000000000 0.005904543 0.026668289 
42     0.015933768 0.016140828 0.015511359 0.014681528 0.014604442 0.017215932 0.017202114 0.017998303 0.018331803 0.021900473 0.021981080 0.019401713 0.020294379 0.015743229 0.016508149 0.017808631 0.016335713 0.015820128 0.016481780 0.023223845 0.025721529 0.026992669 0.025072455 0.018931495 0.016581369 0.019053222 0.018600289 0.020096461 0.017019705 0.016514981 0.018973032 0.019981877 0.018912935 0.019354595 0.017334692 0.019783840 0.018139501 0.016383645 0.017316019 0.017544942 0.017714961 0.017296483 0.015456124 0.011928263 0.011362635 0.011790144 0.011670413 0.008243916 0.005904543 0.000000000 0.027574777 
0     0.021845583 0.022052643 0.021423174 0.020593343 0.020516257 0.023192168 0.023178350 0.023977613 0.024311114 0.027933670 0.028014277 0.025431852 0.026308899 0.021757749 0.022563338 0.023797774 0.022321443 0.021805858 0.022467495 0.029183230 0.031676591 0.032951329 0.031030761 0.024887359 0.022540691 0.025012544 0.024559610 0.026056563 0.022979808 0.022497690 0.026436481 0.027445326 0.026376416 0.026808885 0.024795213 0.027242310 0.025596811 0.023819716 0.024722731 0.024950171 0.025120224 0.024701746 0.022872063 0.023625665 0.023062942 0.023489114 0.023378331 0.025158346 0.026668289 0.027574777 0.000000000 
