51
12     0.000000000 0.000028350 0.000016170 0.000049640 0.000065600 0.000330440 0.000348350 0.000263750 0.000252240 0.000228220 0.000261270 0.000297670 0.000455030 0.000252980 0.000264000 0.000258230 0.000268200 0.000248120 0.000265070 0.000531390 0.000439150 0.000557940 0.000431910 0.000291030 0.000252550 0.000351790 0.000336930 0.000324870 0.000282740 0.000201700 0.000289630 0.000275870 0.000285020 0.000362410 0.000391280 0.000389330 0.000388580 0.000272950 0.000288480 0.000293540 0.000289760 0.000289600 0.000367560 0.000308040 0.000320100 0.000336490 0.000334360 0.000363060 0.000419630 0.000423080 0.000509230 
2     0.000028350 0.000000000 0.000050890 0.000089550 0.000090280 0.000291250 0.000308910 0.000309230 0.000313360 0.000289340 0.000322390 0.000300470 0.000457830 0.000255780 0.000266800 0.000261030 0.000271000 0.000250920 0.000267870 0.000518200 0.000500270 0.000619060 0.000487770 0.000293830 0.000255350 0.000354590 0.000339730 0.000327670 0.000285540 0.000248530 0.000292430 0.000278670 0.000287820 0.000372550 0.000394080 0.000392130 0.000391380 0.000266930 0.000291280 0.000297550 0.000325270 0.000292400 0.000385770 0.000273890 0.000322900 0.000339290 0.000337160 0.000365860 0.000422430 0.000425880 0.000512030 
9     0.000016170 0.000050890 0.000000000 0.000051560 0.000067520 0.000293920 0.000311580 0.000265670 0.000254160 0.000230140 0.000263190 0.000302470 0.000459830 0.000257780 0.000268800 0.000263030 0.000273000 0.000252920 0.000269870 0.000516370 0.000441070 0.000559860 0.000433830 0.000295830 0.000257350 0.000356590 0.000341730 0.000329670 0.000287540 0.000203620 0.000294430 0.000280670 0.000289820 0.000364330 0.000396080 0.000394130 0.000393380 0.000277750 0.000293280 0.000295460 0.000291680 0.000294400 0.000369480 0.000304400 0.000324900 0.000341290 0.000339160 0.000367860 0.000424430 0.000427880 0.000514030 
21     0.000049640 0.000089550 0.000051560 0.000000000 0.000001290 0.000202700 0.000204630 0.000240630 0.000229120 0.000205100 0.000238150 0.000244980 0.000402340 0.000200290 0.000211310 0.000205540 0.000215510 0.000195430 0.000212380 0.000497030 0.000416030 0.000466320 0.000378790 0.000238340 0.000199860 0.000299100 0.000284240 0.000272180 0.000230050 0.000178580 0.000236940 0.000223180 0.000232330 0.000317060 0.000338590 0.000336640 0.000335890 0.000220260 0.000235790 0.000242060 0.000266640 0.000236910 0.000330280 0.000236920 0.000241210 0.000283800 0.000220240 0.000310370 0.000366940 0.000370390 0.000456540 
17     0.000065600 0.000090280 0.000067520 0.000001290 0.000000000 0.000223270 0.000240930 0.000254470 0.000245080 0.000221060 0.000254110 0.000245710 0.000403070 0.000201020 0.000212040 0.000206270 0.000216240 0.000196160 0.000213110 0.000497760 0.000431990 0.000515210 0.000424750 0.000239070 0.000200590 0.000299830 0.000284970 0.000272910 0.000230780 0.000193770 0.000237670 0.000223910 0.000233060 0.000317790 0.000339320 0.000337370 0.000336620 0.000220990 0.000236520 0.000242790 0.000270510 0.000237640 0.000331010 0.000233750 0.000268140 0.000284530 0.000269130 0.000311100 0.000367670 0.000371120 0.000457270 
10     0.000330440 0.000291250 0.000293920 0.000202700 0.000223270 0.000000000 0.000039890 0.000191250 0.000206990 0.000224150 0.000331030 0.000336730 0.000494090 0.000292040 0.000303060 0.000297290 0.000307260 0.000287180 0.000304130 0.000528350 0.000458900 0.000468820 0.000381290 0.000330090 0.000291610 0.000349350 0.000370960 0.000363930 0.000321800 0.000284790 0.000328690 0.000314930 0.000324080 0.000408810 0.000430340 0.000428390 0.000427640 0.000312010 0.000327540 0.000333810 0.000361530 0.000328660 0.000422030 0.000239420 0.000243710 0.000375550 0.000222740 0.000402120 0.000458690 0.000462140 0.000548290 
1     0.000348350 0.000308910 0.000311580 0.000204630 0.000240930 0.000039890 0.000000000 0.000222170 0.000239440 0.000226080 0.000275220 0.000367650 0.000525010 0.000322960 0.000333980 0.000328210 0.000338180 0.000318100 0.000335050 0.000530280 0.000460830 0.000470750 0.000249570 0.000340020 0.000322530 0.000351280 0.000372890 0.000394850 0.000352720 0.000181440 0.000359610 0.000345850 0.000355000 0.000439730 0.000461260 0.000459310 0.000458560 0.000342930 0.000358460 0.000364730 0.000392450 0.000359580 0.000452950 0.000241350 0.000245640 0.000406470 0.000224670 0.000255740 0.000489610 0.000493060 0.000579210 
15     0.000263750 0.000309230 0.000265670 0.000240630 0.000254470 0.000191250 0.000222170 0.000000000 0.000054260 0.000333990 0.000367040 0.000312720 0.000470080 0.000268030 0.000279050 0.000273280 0.000283250 0.000263170 0.000280120 0.000564770 0.000544920 0.000663710 0.000428020 0.000306080 0.000267600 0.000366840 0.000351980 0.000339920 0.000297790 0.000260780 0.000304680 0.000290920 0.000300070 0.000384800 0.000406330 0.000404380 0.000403630 0.000288000 0.000303530 0.000309800 0.000337520 0.000304650 0.000398020 0.000397940 0.000335150 0.000351540 0.000349410 0.000378110 0.000434680 0.000438130 0.000524280 
3     0.000252240 0.000313360 0.000254160 0.000229120 0.000245080 0.000206990 0.000239440 0.000054260 0.000000000 0.000322480 0.000355530 0.000344740 0.000502100 0.000300050 0.000311070 0.000305300 0.000315270 0.000295190 0.000312140 0.000596790 0.000533410 0.000652200 0.000368800 0.000338100 0.000299620 0.000398860 0.000384000 0.000371940 0.000329810 0.000292800 0.000336700 0.000322940 0.000332090 0.000410390 0.000438350 0.000436400 0.000435650 0.000320020 0.000335550 0.000341820 0.000369540 0.000336670 0.000406900 0.000417570 0.000367170 0.000383560 0.000381430 0.000374970 0.000466700 0.000463740 0.000556300 
16     0.000228220 0.000289340 0.000230140 0.000205100 0.000221060 0.000224150 0.000226080 0.000333990 0.000322480 0.000000000 0.000009540 0.000428620 0.000335660 0.000186300 0.000325950 0.000367400 0.000389090 0.000325590 0.000336210 0.000390580 0.000437010 0.000446930 0.000359400 0.000303600 0.000332390 0.000327460 0.000349070 0.000368720 0.000358280 0.000254380 0.000459310 0.000496470 0.000480580 0.000343690 0.000374600 0.000575710 0.000422930 0.000321130 0.000288320 0.000274820 0.000271040 0.000280490 0.000348840 0.000217530 0.000221820 0.000304400 0.000200850 0.000346210 0.000360400 0.000478380 0.000692710 
30     0.000261270 0.000322390 0.000263190 0.000238150 0.000254110 0.000331030 0.000275220 0.000367040 0.000355530 0.000009540 0.000000000 0.000163310 0.000362330 0.000219350 0.000352620 0.000328660 0.000418380 0.000358640 0.000362880 0.000417250 0.000524880 0.000553810 0.000241430 0.000330270 0.000359060 0.000434340 0.000454320 0.000395390 0.000391330 0.000173300 0.000485980 0.000523140 0.000507250 0.000376740 0.000401270 0.000608760 0.000449600 0.000354180 0.000321370 0.000307870 0.000304090 0.000313540 0.000381890 0.000166060 0.000322200 0.000331070 0.000307730 0.000082560 0.000387070 0.000505050 0.000725760 
26     0.000297670 0.000300470 0.000302470 0.000244980 0.000245710 0.000336730 0.000367650 0.000312720 0.000344740 0.000428620 0.000163310 0.000000000 0.000351900 0.000074480 0.000160870 0.000223260 0.000233230 0.000213150 0.000230100 0.000530010 0.000608210 0.000670340 0.000382140 0.000271320 0.000232840 0.000332080 0.000317220 0.000305160 0.000263030 0.000226020 0.000279400 0.000265640 0.000274790 0.000359520 0.000381050 0.000379100 0.000378350 0.000262720 0.000278250 0.000284520 0.000312240 0.000279370 0.000372740 0.000306770 0.000309870 0.000326260 0.000324130 0.000223270 0.000409400 0.000412850 0.000489520 
25     0.000455030 0.000457830 0.000459830 0.000402340 0.000403070 0.000494090 0.000525010 0.000470080 0.000502100 0.000335660 0.000362330 0.000351900 0.000000000 0.000028370 0.000087930 0.000380620 0.000390590 0.000370510 0.000387460 0.000531300 0.000679830 0.000827700 0.000622620 0.000428680 0.000390200 0.000489440 0.000474580 0.000462520 0.000420390 0.000383380 0.000436760 0.000423000 0.000432150 0.000516880 0.000515320 0.000536460 0.000535710 0.000420080 0.000435610 0.000441880 0.000469600 0.000436730 0.000530100 0.000420390 0.000436250 0.000445120 0.000450280 0.000486930 0.000501120 0.000570210 0.000646880 
22     0.000252980 0.000255780 0.000257780 0.000200290 0.000201020 0.000292040 0.000322960 0.000268030 0.000300050 0.000186300 0.000219350 0.000074480 0.000028370 0.000000000 0.000045660 0.000178570 0.000188540 0.000168460 0.000185410 0.000442830 0.000520370 0.000592850 0.000420570 0.000226630 0.000188150 0.000287390 0.000272530 0.000260470 0.000218340 0.000181330 0.000234710 0.000220950 0.000230100 0.000314830 0.000336360 0.000334410 0.000333660 0.000218030 0.000233560 0.000239830 0.000267550 0.000234680 0.000328050 0.000327970 0.000265180 0.000281570 0.000279440 0.000308140 0.000364710 0.000368160 0.000444830 
14     0.000264000 0.000266800 0.000268800 0.000211310 0.000212040 0.000303060 0.000333980 0.000279050 0.000311070 0.000325950 0.000352620 0.000160870 0.000087930 0.000045660 0.000000000 0.000189590 0.000199560 0.000179480 0.000196430 0.000496340 0.000574540 0.000636670 0.000431590 0.000237650 0.000199170 0.000298410 0.000283550 0.000271490 0.000229360 0.000192350 0.000245730 0.000231970 0.000241120 0.000325850 0.000347380 0.000345430 0.000344680 0.000229050 0.000244580 0.000250850 0.000278570 0.000245700 0.000339070 0.000338990 0.000276200 0.000292590 0.000290460 0.000319160 0.000375730 0.000379180 0.000455850 
19     0.000258230 0.000261030 0.000263030 0.000205540 0.000206270 0.000297290 0.000328210 0.000273280 0.000305300 0.000367400 0.000328660 0.000223260 0.000380620 0.000178570 0.000189590 0.000000000 0.000123290 0.000103210 0.000104390 0.000465860 0.000568770 0.000630900 0.000225430 0.000231880 0.000193400 0.000292640 0.000277780 0.000265720 0.000223590 0.000157300 0.000239960 0.000226200 0.000235350 0.000320080 0.000341610 0.000339660 0.000338910 0.000223280 0.000238810 0.000245080 0.000272800 0.000239930 0.000333300 0.000333220 0.000270430 0.000286820 0.000284690 0.000309180 0.000369960 0.000373410 0.000450080 
6     0.000268200 0.000271000 0.000273000 0.000215510 0.000216240 0.000307260 0.000338180 0.000283250 0.000315270 0.000389090 0.000418380 0.000233230 0.000390590 0.000188540 0.000199560 0.000123290 0.000000000 0.000006420 0.000105330 0.000458750 0.000420140 0.000430060 0.000342530 0.000241850 0.000203370 0.000302610 0.000287750 0.000275690 0.000233560 0.000196550 0.000249930 0.000236170 0.000245320 0.000330050 0.000351580 0.000349630 0.000348880 0.000233250 0.000248780 0.000255050 0.000282770 0.000249900 0.000343270 0.000325530 0.000280400 0.000296790 0.000294660 0.000323360 0.000379930 0.000371700 0.000460050 
13     0.000248120 0.000250920 0.000252920 0.000195430 0.000196160 0.000287180 0.000318100 0.000263170 0.000295190 0.000325590 0.000358640 0.000213150 0.000370510 0.000168460 0.000179480 0.000103210 0.000006420 0.000000000 0.000005460 0.000477270 0.000512450 0.000578960 0.000415710 0.000221770 0.000183290 0.000282530 0.000267670 0.000255610 0.000213480 0.000176470 0.000229850 0.000216090 0.000225240 0.000309970 0.000331500 0.000329550 0.000328800 0.000213170 0.000228700 0.000234970 0.000262690 0.000229820 0.000323190 0.000320170 0.000260320 0.000276710 0.000274580 0.000303280 0.000359850 0.000363300 0.000439970 
28     0.000265070 0.000267870 0.000269870 0.000212380 0.000213110 0.000304130 0.000335050 0.000280120 0.000312140 0.000336210 0.000362880 0.000230100 0.000387460 0.000185410 0.000196430 0.000104390 0.000105330 0.000005460 0.000000000 0.000434670 0.000531550 0.000541470 0.000432660 0.000238720 0.000200240 0.000299480 0.000284620 0.000272560 0.000230430 0.000193420 0.000246800 0.000233040 0.000242190 0.000326920 0.000348450 0.000346500 0.000345750 0.000230120 0.000245650 0.000251920 0.000279640 0.000246770 0.000340140 0.000323760 0.000277270 0.000293660 0.000291530 0.000320230 0.000376800 0.000380250 0.000456920 
7     0.000531390 0.000518200 0.000516370 0.000497030 0.000497760 0.000528350 0.000530280 0.000564770 0.000596790 0.000390580 0.000417250 0.000530010 0.000531300 0.000442830 0.000496340 0.000465860 0.000458750 0.000477270 0.000434670 0.000000000 0.000064530 0.000008640 0.000328500 0.000235380 0.000202790 0.000296560 0.000299730 0.000374200 0.000318310 0.000362530 0.000531450 0.000517690 0.000526840 0.000606410 0.000559980 0.000631150 0.000608310 0.000493600 0.000476590 0.000488780 0.000502600 0.000483700 0.000514390 0.000371310 0.000387170 0.000396040 0.000401200 0.000437850 0.000452040 0.000570020 0.000734630 
20     0.000439150 0.000500270 0.000441070 0.000416030 0.000431990 0.000458900 0.000460830 0.000544920 0.000533410 0.000437010 0.000524880 0.000608210 0.000679830 0.000520370 0.000574540 0.000568770 0.000420140 0.000512450 0.000531550 0.000064530 0.000000000 0.000068010 0.000259050 0.000215850 0.000139760 0.000227110 0.000236700 0.000480980 0.000255280 0.000293080 0.000609650 0.000595890 0.000605040 0.000543380 0.000657910 0.000709350 0.000708600 0.000592970 0.000545400 0.000557150 0.000553370 0.000562820 0.000539890 0.000403100 0.000407390 0.000544570 0.000386420 0.000586380 0.000556810 0.000522830 0.000812830 
11     0.000557940 0.000619060 0.000559860 0.000466320 0.000515210 0.000468820 0.000470750 0.000663710 0.000652200 0.000446930 0.000553810 0.000670340 0.000827700 0.000592850 0.000636670 0.000630900 0.000430060 0.000578960 0.000541470 0.000008640 0.000068010 0.000000000 0.000292550 0.000249350 0.000206270 0.000260610 0.000282220 0.000599770 0.000321790 0.000303000 0.000671780 0.000658020 0.000667170 0.000609890 0.000667830 0.000771480 0.000770730 0.000655100 0.000611910 0.000675940 0.000672160 0.000671750 0.000606400 0.000413020 0.000417310 0.000659380 0.000396340 0.000664180 0.000623320 0.000589340 0.000838540 
29     0.000431910 0.000487770 0.000433830 0.000378790 0.000424750 0.000381290 0.000249570 0.000428020 0.000368800 0.000359400 0.000241430 0.000382140 0.000622620 0.000420570 0.000431590 0.000225430 0.000342530 0.000415710 0.000432660 0.000328500 0.000259050 0.000292550 0.000000000 0.000067000 0.000286110 0.000147140 0.000168750 0.000303250 0.000278540 0.000068130 0.000466700 0.000452940 0.000462090 0.000546820 0.000568350 0.000566400 0.000565650 0.000450020 0.000465550 0.000471820 0.000499540 0.000466670 0.000560040 0.000305450 0.000329780 0.000513560 0.000308810 0.000221950 0.000582100 0.000600150 0.000669880 
23     0.000291030 0.000293830 0.000295830 0.000238340 0.000239070 0.000330090 0.000340020 0.000306080 0.000338100 0.000303600 0.000330270 0.000271320 0.000428680 0.000226630 0.000237650 0.000231880 0.000241850 0.000221770 0.000238720 0.000235380 0.000215850 0.000249350 0.000067000 0.000000000 0.000151020 0.000103940 0.000125550 0.000113320 0.000109770 0.000154220 0.000272760 0.000259000 0.000268150 0.000352880 0.000374410 0.000372460 0.000371710 0.000256080 0.000271610 0.000277880 0.000305600 0.000272730 0.000366100 0.000282290 0.000286580 0.000309060 0.000265610 0.000346190 0.000365060 0.000406210 0.000309110 
5     0.000252550 0.000255350 0.000257350 0.000199860 0.000200590 0.000291610 0.000322530 0.000267600 0.000299620 0.000332390 0.000359060 0.000232840 0.000390200 0.000188150 0.000199170 0.000193400 0.000203370 0.000183290 0.000200240 0.000202790 0.000139760 0.000206270 0.000286110 0.000151020 0.000000000 0.000105880 0.000165180 0.000133000 0.000130130 0.000115740 0.000234280 0.000220520 0.000229670 0.000314400 0.000335930 0.000333980 0.000333230 0.000217600 0.000233130 0.000239400 0.000267120 0.000234250 0.000327620 0.000313120 0.000264750 0.000281140 0.000279010 0.000307710 0.000364280 0.000367730 0.000437460 
4     0.000351790 0.000354590 0.000356590 0.000299100 0.000299830 0.000349350 0.000351280 0.000366840 0.000398860 0.000327460 0.000434340 0.000332080 0.000489440 0.000287390 0.000298410 0.000292640 0.000302610 0.000282530 0.000299480 0.000296560 0.000227110 0.000260610 0.000147140 0.000103940 0.000105880 0.000000000 0.000129510 0.000103450 0.000178990 0.000183530 0.000333520 0.000319760 0.000328910 0.000413640 0.000435170 0.000433220 0.000432470 0.000316840 0.000332370 0.000338640 0.000366360 0.000333490 0.000426860 0.000293550 0.000297840 0.000380380 0.000276870 0.000406950 0.000463520 0.000466970 0.000536700 
27     0.000336930 0.000339730 0.000341730 0.000284240 0.000284970 0.000370960 0.000372890 0.000351980 0.000384000 0.000349070 0.000454320 0.000317220 0.000474580 0.000272530 0.000283550 0.000277780 0.000287750 0.000267670 0.000284620 0.000299730 0.000236700 0.000282220 0.000168750 0.000125550 0.000165180 0.000129510 0.000000000 0.000102560 0.000164130 0.000200120 0.000318660 0.000304900 0.000314050 0.000398780 0.000420310 0.000418360 0.000417610 0.000301980 0.000317510 0.000323780 0.000351500 0.000318630 0.000412000 0.000315160 0.000319450 0.000365520 0.000298480 0.000392090 0.000448660 0.000452110 0.000521840 
8     0.000324870 0.000327670 0.000329670 0.000272180 0.000272910 0.000363930 0.000394850 0.000339920 0.000371940 0.000368720 0.000395390 0.000305160 0.000462520 0.000260470 0.000271490 0.000265720 0.000275690 0.000255610 0.000272560 0.000374200 0.000480980 0.000599770 0.000303250 0.000113320 0.000133000 0.000103450 0.000102560 0.000000000 0.000044810 0.000188060 0.000306600 0.000292840 0.000301990 0.000386720 0.000408250 0.000406300 0.000405550 0.000289920 0.000305450 0.000311720 0.000339440 0.000306570 0.000399940 0.000349450 0.000337070 0.000353460 0.000351330 0.000380030 0.000430180 0.000440050 0.000331110 
18     0.000282740 0.000285540 0.000287540 0.000230050 0.000230780 0.000321800 0.000352720 0.000297790 0.000329810 0.000358280 0.000391330 0.000263030 0.000420390 0.000218340 0.000229360 0.000223590 0.000233560 0.000213480 0.000230430 0.000318310 0.000255280 0.000321790 0.000278540 0.000109770 0.000130130 0.000178990 0.000164130 0.000044810 0.000000000 0.000145930 0.000264470 0.000250710 0.000259860 0.000344590 0.000366120 0.000364170 0.000363420 0.000247790 0.000263320 0.000269590 0.000297310 0.000264440 0.000357810 0.000357730 0.000294940 0.000311330 0.000309200 0.000337900 0.000394470 0.000397920 0.000327560 
24     0.000201700 0.000248530 0.000203620 0.000178580 0.000193770 0.000284790 0.000181440 0.000260780 0.000292800 0.000254380 0.000173300 0.000226020 0.000383380 0.000181330 0.000192350 0.000157300 0.000196550 0.000176470 0.000193420 0.000362530 0.000293080 0.000303000 0.000068130 0.000154220 0.000115740 0.000183530 0.000200120 0.000188060 0.000145930 0.000000000 0.000227460 0.000213700 0.000222850 0.000307580 0.000329110 0.000327160 0.000326410 0.000210780 0.000226310 0.000232580 0.000260300 0.000227430 0.000320800 0.000237320 0.000257930 0.000274320 0.000272190 0.000153820 0.000357460 0.000360910 0.000430640 
40     0.000289630 0.000292430 0.000294430 0.000236940 0.000237670 0.000328690 0.000359610 0.000304680 0.000336700 0.000459310 0.000485980 0.000279400 0.000436760 0.000234710 0.000245730 0.000239960 0.000249930 0.000229850 0.000246800 0.000531450 0.000609650 0.000671780 0.000466700 0.000272760 0.000234280 0.000333520 0.000318660 0.000306600 0.000264470 0.000227460 0.000000000 0.000007600 0.000036650 0.000263400 0.000284930 0.000282980 0.000282230 0.000162060 0.000177590 0.000183860 0.000211580 0.000178710 0.000272080 0.000322400 0.000259610 0.000276000 0.000273870 0.000302570 0.000359140 0.000362590 0.000490960 
43     0.000275870 0.000278670 0.000280670 0.000223180 0.000223910 0.000314930 0.000345850 0.000290920 0.000322940 0.000496470 0.000523140 0.000265640 0.000423000 0.000220950 0.000231970 0.000226200 0.000236170 0.000216090 0.000233040 0.000517690 0.000595890 0.000658020 0.000452940 0.000259000 0.000220520 0.000319760 0.000304900 0.000292840 0.000250710 0.000213700 0.000007600 0.000000000 0.000041950 0.000249640 0.000271170 0.000269220 0.000268470 0.000148300 0.000163830 0.000170100 0.000197820 0.000164950 0.000258320 0.000308640 0.000245850 0.000262240 0.000260110 0.000288810 0.000345380 0.000348830 0.000477200 
49     0.000285020 0.000287820 0.000289820 0.000232330 0.000233060 0.000324080 0.000355000 0.000300070 0.000332090 0.000480580 0.000507250 0.000274790 0.000432150 0.000230100 0.000241120 0.000235350 0.000245320 0.000225240 0.000242190 0.000526840 0.000605040 0.000667170 0.000462090 0.000268150 0.000229670 0.000328910 0.000314050 0.000301990 0.000259860 0.000222850 0.000036650 0.000041950 0.000000000 0.000258790 0.000280320 0.000278370 0.000277620 0.000157450 0.000172980 0.000179250 0.000206970 0.000174100 0.000267470 0.000317790 0.000255000 0.000271390 0.000269260 0.000297960 0.000354530 0.000357980 0.000486350 
48     0.000362410 0.000372550 0.000364330 0.000317060 0.000317790 0.000408810 0.000439730 0.000384800 0.000410390 0.000343690 0.000376740 0.000359520 0.000516880 0.000314830 0.000325850 0.000320080 0.000330050 0.000309970 0.000326920 0.000606410 0.000543380 0.000609890 0.000546820 0.000352880 0.000314400 0.000413640 0.000398780 0.000386720 0.000344590 0.000307580 0.000263400 0.000249640 0.000258790 0.000000000 0.000075680 0.000300080 0.000297780 0.000246720 0.000261730 0.000248230 0.000244450 0.000253900 0.000284450 0.000325860 0.000339730 0.000356120 0.000353990 0.000302910 0.000406010 0.000367040 0.000571080 
31     0.000391280 0.000394080 0.000396080 0.000338590 0.000339320 0.000430340 0.000461260 0.000406330 0.000438350 0.000374600 0.000401270 0.000381050 0.000515320 0.000336360 0.000347380 0.000341610 0.000351580 0.000331500 0.000348450 0.000559980 0.000657910 0.000667830 0.000568350 0.000374410 0.000335930 0.000435170 0.000420310 0.000408250 0.000366120 0.000329110 0.000284930 0.000271170 0.000280320 0.000075680 0.000000000 0.000201500 0.000239110 0.000268250 0.000283780 0.000252480 0.000317770 0.000284900 0.000372030 0.000424050 0.000361260 0.000377650 0.000375520 0.000404220 0.000460790 0.000464240 0.000592610 
47     0.000389330 0.000392130 0.000394130 0.000336640 0.000337370 0.000428390 0.000459310 0.000404380 0.000436400 0.000575710 0.000608760 0.000379100 0.000536460 0.000334410 0.000345430 0.000339660 0.000349630 0.000329550 0.000346500 0.000631150 0.000709350 0.000771480 0.000566400 0.000372460 0.000333980 0.000433220 0.000418360 0.000406300 0.000364170 0.000327160 0.000282980 0.000269220 0.000278370 0.000300080 0.000201500 0.000000000 0.000185490 0.000192290 0.000281830 0.000288100 0.000244590 0.000193110 0.000376320 0.000422100 0.000359310 0.000375700 0.000373570 0.000386030 0.000458840 0.000462290 0.000590660 
50     0.000388580 0.000391380 0.000393380 0.000335890 0.000336620 0.000427640 0.000458560 0.000403630 0.000435650 0.000422930 0.000449600 0.000378350 0.000535710 0.000333660 0.000344680 0.000338910 0.000348880 0.000328800 0.000345750 0.000608310 0.000708600 0.000770730 0.000565650 0.000371710 0.000333230 0.000432470 0.000417610 0.000405550 0.000363420 0.000326410 0.000282230 0.000268470 0.000277620 0.000297780 0.000239110 0.000185490 0.000000000 0.000115470 0.000226400 0.000273350 0.000078080 0.000223940 0.000322250 0.000421350 0.000358560 0.000374950 0.000372820 0.000401520 0.000458090 0.000461540 0.000589910 
35     0.000272950 0.000266930 0.000277750 0.000220260 0.000220990 0.000312010 0.000342930 0.000288000 0.000320020 0.000321130 0.000354180 0.000262720 0.000420080 0.000218030 0.000229050 0.000223280 0.000233250 0.000213170 0.000230120 0.000493600 0.000592970 0.000655100 0.000450020 0.000256080 0.000217600 0.000316840 0.000301980 0.000289920 0.000247790 0.000210780 0.000162060 0.000148300 0.000157450 0.000246720 0.000268250 0.000192290 0.000115470 0.000000000 0.000156730 0.000163000 0.000094850 0.000094240 0.000222970 0.000158700 0.000242930 0.000259320 0.000257190 0.000277780 0.000342460 0.000345910 0.000474280 
46     0.000288480 0.000291280 0.000293280 0.000235790 0.000236520 0.000327540 0.000358460 0.000303530 0.000335550 0.000288320 0.000321370 0.000278250 0.000435610 0.000233560 0.000244580 0.000238810 0.000248780 0.000228700 0.000245650 0.000476590 0.000545400 0.000611910 0.000465550 0.000271610 0.000233130 0.000332370 0.000317510 0.000305450 0.000263320 0.000226310 0.000177590 0.000163830 0.000172980 0.000261730 0.000283780 0.000281830 0.000226400 0.000156730 0.000000000 0.000008330 0.000022780 0.000004280 0.000253770 0.000321250 0.000258460 0.000274850 0.000272720 0.000301420 0.000357990 0.000361440 0.000489810 
32     0.000293540 0.000297550 0.000295460 0.000242060 0.000242790 0.000333810 0.000364730 0.000309800 0.000341820 0.000274820 0.000307870 0.000284520 0.000441880 0.000239830 0.000250850 0.000245080 0.000255050 0.000234970 0.000251920 0.000488780 0.000557150 0.000675940 0.000471820 0.000277880 0.000239400 0.000338640 0.000323780 0.000311720 0.000269590 0.000232580 0.000183860 0.000170100 0.000179250 0.000248230 0.000252480 0.000288100 0.000273350 0.000163000 0.000008330 0.000000000 0.000012480 0.000002670 0.000245260 0.000327520 0.000264730 0.000281120 0.000278990 0.000307690 0.000364260 0.000367710 0.000496080 
45     0.000289760 0.000325270 0.000291680 0.000266640 0.000270510 0.000361530 0.000392450 0.000337520 0.000369540 0.000271040 0.000304090 0.000312240 0.000469600 0.000267550 0.000278570 0.000272800 0.000282770 0.000262690 0.000279640 0.000502600 0.000553370 0.000672160 0.000499540 0.000305600 0.000267120 0.000366360 0.000351500 0.000339440 0.000297310 0.000260300 0.000211580 0.000197820 0.000206970 0.000244450 0.000317770 0.000244590 0.000078080 0.000094850 0.000022780 0.000012480 0.000000000 0.000023270 0.000249600 0.000355240 0.000292450 0.000308840 0.000306710 0.000335410 0.000391980 0.000395430 0.000523800 
36     0.000289600 0.000292400 0.000294400 0.000236910 0.000237640 0.000328660 0.000359580 0.000304650 0.000336670 0.000280490 0.000313540 0.000279370 0.000436730 0.000234680 0.000245700 0.000239930 0.000249900 0.000229820 0.000246770 0.000483700 0.000562820 0.000671750 0.000466670 0.000272730 0.000234250 0.000333490 0.000318630 0.000306570 0.000264440 0.000227430 0.000178710 0.000164950 0.000174100 0.000253900 0.000284900 0.000193110 0.000223940 0.000094240 0.000004280 0.000002670 0.000023270 0.000000000 0.000254890 0.000322370 0.000259580 0.000275970 0.000273840 0.000287980 0.000359110 0.000362560 0.000490930 
37     0.000367560 0.000385770 0.000369480 0.000330280 0.000331010 0.000422030 0.000452950 0.000398020 0.000406900 0.000348840 0.000381890 0.000372740 0.000530100 0.000328050 0.000339070 0.000333300 0.000343270 0.000323190 0.000340140 0.000514390 0.000539890 0.000606400 0.000560040 0.000366100 0.000327620 0.000426860 0.000412000 0.000399940 0.000357810 0.000320800 0.000272080 0.000258320 0.000267470 0.000284450 0.000372030 0.000376320 0.000322250 0.000222970 0.000253770 0.000245260 0.000249600 0.000254890 0.000000000 0.000322370 0.000352950 0.000369340 0.000367210 0.000395910 0.000402520 0.000368540 0.000560200 
33     0.000308040 0.000273890 0.000304400 0.000236920 0.000233750 0.000239420 0.000241350 0.000397940 0.000417570 0.000217530 0.000166060 0.000306770 0.000420390 0.000327970 0.000338990 0.000333220 0.000325530 0.000320170 0.000323760 0.000371310 0.000403100 0.000413020 0.000305450 0.000282290 0.000313120 0.000293550 0.000315160 0.000349450 0.000357730 0.000237320 0.000322400 0.000308640 0.000317790 0.000325860 0.000424050 0.000422100 0.000421350 0.000158700 0.000321250 0.000327520 0.000355240 0.000322370 0.000322370 0.000000000 0.000053130 0.000102750 0.000032160 0.000121480 0.000150590 0.000116610 0.000584220 
39     0.000320100 0.000322900 0.000324900 0.000241210 0.000268140 0.000243710 0.000245640 0.000335150 0.000367170 0.000221820 0.000322200 0.000309870 0.000436250 0.000265180 0.000276200 0.000270430 0.000280400 0.000260320 0.000277270 0.000387170 0.000407390 0.000417310 0.000329780 0.000286580 0.000264750 0.000297840 0.000319450 0.000337070 0.000294940 0.000257930 0.000259610 0.000245850 0.000255000 0.000339730 0.000361260 0.000359310 0.000358560 0.000242930 0.000258460 0.000264730 0.000292450 0.000259580 0.000352950 0.000053130 0.000000000 0.000038240 0.000024330 0.000134140 0.000238550 0.000204570 0.000521430 
34     0.000336490 0.000339290 0.000341290 0.000283800 0.000284530 0.000375550 0.000406470 0.000351540 0.000383560 0.000304400 0.000331070 0.000326260 0.000445120 0.000281570 0.000292590 0.000286820 0.000296790 0.000276710 0.000293660 0.000396040 0.000544570 0.000659380 0.000513560 0.000309060 0.000281140 0.000380380 0.000365520 0.000353460 0.000311330 0.000274320 0.000276000 0.000262240 0.000271390 0.000356120 0.000377650 0.000375700 0.000374950 0.000259320 0.000274850 0.000281120 0.000308840 0.000275970 0.000369340 0.000102750 0.000038240 0.000000000 0.000004680 0.000136040 0.000266800 0.000232820 0.000441980 
44     0.000334360 0.000337160 0.000339160 0.000220240 0.000269130 0.000222740 0.000224670 0.000349410 0.000381430 0.000200850 0.000307730 0.000324130 0.000450280 0.000279440 0.000290460 0.000284690 0.000294660 0.000274580 0.000291530 0.000401200 0.000386420 0.000396340 0.000308810 0.000265610 0.000279010 0.000276870 0.000298480 0.000351330 0.000309200 0.000272190 0.000273870 0.000260110 0.000269260 0.000353990 0.000375520 0.000373570 0.000372820 0.000257190 0.000272720 0.000278990 0.000306710 0.000273840 0.000367210 0.000032160 0.000024330 0.000004680 0.000000000 0.000118380 0.000234570 0.000200590 0.000392100 
41     0.000363060 0.000365860 0.000367860 0.000310370 0.000311100 0.000402120 0.000255740 0.000378110 0.000374970 0.000346210 0.000082560 0.000223270 0.000486930 0.000308140 0.000319160 0.000309180 0.000323360 0.000303280 0.000320230 0.000437850 0.000586380 0.000664180 0.000221950 0.000346190 0.000307710 0.000406950 0.000392090 0.000380030 0.000337900 0.000153820 0.000302570 0.000288810 0.000297960 0.000302910 0.000404220 0.000386030 0.000401520 0.000277780 0.000301420 0.000307690 0.000335410 0.000287980 0.000395910 0.000121480 0.000134140 0.000136040 0.000118380 0.000000000 0.000104750 0.000109770 0.000564390 
38     0.000419630 0.000422430 0.000424430 0.000366940 0.000367670 0.000458690 0.000489610 0.000434680 0.000466700 0.000360400 0.000387070 0.000409400 0.000501120 0.000364710 0.000375730 0.000369960 0.000379930 0.000359850 0.000376800 0.000452040 0.000556810 0.000623320 0.000582100 0.000365060 0.000364280 0.000463520 0.000448660 0.000430180 0.000394470 0.000357460 0.000359140 0.000345380 0.000354530 0.000406010 0.000460790 0.000458840 0.000458090 0.000342460 0.000357990 0.000364260 0.000391980 0.000359110 0.000402520 0.000150590 0.000238550 0.000266800 0.000234570 0.000104750 0.000000000 0.000035610 0.000620960 
42     0.000423080 0.000425880 0.000427880 0.000370390 0.000371120 0.000462140 0.000493060 0.000438130 0.000463740 0.000478380 0.000505050 0.000412850 0.000570210 0.000368160 0.000379180 0.000373410 0.000371700 0.000363300 0.000380250 0.000570020 0.000522830 0.000589340 0.000600150 0.000406210 0.000367730 0.000466970 0.000452110 0.000440050 0.000397920 0.000360910 0.000362590 0.000348830 0.000357980 0.000367040 0.000464240 0.000462290 0.000461540 0.000345910 0.000361440 0.000367710 0.000395430 0.000362560 0.000368540 0.000116610 0.000204570 0.000232820 0.000200590 0.000109770 0.000035610 0.000000000 0.000624410 
0     0.000509230 0.000512030 0.000514030 0.000456540 0.000457270 0.000548290 0.000579210 0.000524280 0.000556300 0.000692710 0.000725760 0.000489520 0.000646880 0.000444830 0.000455850 0.000450080 0.000460050 0.000439970 0.000456920 0.000734630 0.000812830 0.000838540 0.000669880 0.000309110 0.000437460 0.000536700 0.000521840 0.000331110 0.000327560 0.000430640 0.000490960 0.000477200 0.000486350 0.000571080 0.000592610 0.000590660 0.000589910 0.000474280 0.000489810 0.000496080 0.000523800 0.000490930 0.000560200 0.000584220 0.000521430 0.000441980 0.000392100 0.000564390 0.000620960 0.000624410 0.000000000 
