51
19     0.000000000 0.000040380 0.000102720 0.000755400 0.000028310 0.002521100 0.001990910 0.001867760 0.000454910 0.000339590 0.003877400 0.003738160 0.003639060 0.003623420 0.003953310 0.005306330 0.005427560 0.004528880 0.004595810 0.005242160 0.004501160 0.001622010 0.001815800 0.001274770 0.004411150 0.001695190 0.001124050 0.001237980 0.002648150 0.005481370 0.003185980 0.003258770 0.003219040 0.002988050 0.003390940 0.001070670 0.002765030 0.003206060 0.005599140 0.003229450 0.003257840 0.002669520 0.003190680 0.004549640 0.003430040 0.002815340 0.003337220 0.002939720 0.003345400 0.003643660 0.001546190 
20     0.000040380 0.000000000 0.000069160 0.000651410 0.000515450 0.003648790 0.000756680 0.001366070 0.000729900 0.001024210 0.002960980 0.002593050 0.002749820 0.004784630 0.002633960 0.004857070 0.005893090 0.005243480 0.006061370 0.005294870 0.005311190 0.003806240 0.004000030 0.001475060 0.002793320 0.001718770 0.001952030 0.001438270 0.003845670 0.006560070 0.004501760 0.004566650 0.001117800 0.003188340 0.002422110 0.002939870 0.002127640 0.001951270 0.004975270 0.001128210 0.001156600 0.001813630 0.003304550 0.004494470 0.002491150 0.004547930 0.003103150 0.005402270 0.004959460 0.003200960 0.001746480 
10     0.000102720 0.000069160 0.000000000 0.000627480 0.000491520 0.000269510 0.001461270 0.000470530 0.001434490 0.000324760 0.002029970 0.002005170 0.002132520 0.002188970 0.002136300 0.006315240 0.005962090 0.002373680 0.002738960 0.002435010 0.005100170 0.004137060 0.004678740 0.001912080 0.001897780 0.002332500 0.002656620 0.001065950 0.004027880 0.006349050 0.004565710 0.004638500 0.001822390 0.003625360 0.003126700 0.003644460 0.002106810 0.002315330 0.004572140 0.001832800 0.001861190 0.002518220 0.004009140 0.005199060 0.003195740 0.003652390 0.003807740 0.005566070 0.005023410 0.003905550 0.002183500 
2     0.000755400 0.000651410 0.000627480 0.000000000 0.000002360 0.000290980 0.001819790 0.000286980 0.000211570 0.000866580 0.001758790 0.002367460 0.003797410 0.003781770 0.001636150 0.003557430 0.005767650 0.003872530 0.003873270 0.003889770 0.004247130 0.002355770 0.002549560 0.001847480 0.002365930 0.002419270 0.001857810 0.000364130 0.000418030 0.003574030 0.000955860 0.001028650 0.001169480 0.001040760 0.001160820 0.001087640 0.001493700 0.001668630 0.005496140 0.002191320 0.002219710 0.000439400 0.000960560 0.002987670 0.002078100 0.002973690 0.002268380 0.002378070 0.001413560 0.001413540 0.000197510 
25     0.000028310 0.000515450 0.000491520 0.000002360 0.000000000 0.000281810 0.001314720 0.000277810 0.000202400 0.000857410 0.002583340 0.002558540 0.002685890 0.002742340 0.002636610 0.005902030 0.005893990 0.002927050 0.003292330 0.002988380 0.004237960 0.002343790 0.002537580 0.001998310 0.002852850 0.002276810 0.001845830 0.000354960 0.000408860 0.003564860 0.000946690 0.001019480 0.001160310 0.001031590 0.001151650 0.001078470 0.001484530 0.001659460 0.006068600 0.001686250 0.001714640 0.000430230 0.000951390 0.005052510 0.002068930 0.003411040 0.002259210 0.002368900 0.001404390 0.001404370 0.000188340 
9     0.002521100 0.003648790 0.000269510 0.000290980 0.000281810 0.000000000 0.000004060 0.000195800 0.000012330 0.000076630 0.001781840 0.001757040 0.001884390 0.001940840 0.001888170 0.006073430 0.005713960 0.002125550 0.002490830 0.002186880 0.003962000 0.002941840 0.004197250 0.003412850 0.002051350 0.003833270 0.001780070 0.000327590 0.000381490 0.002831940 0.000919320 0.000992110 0.001132940 0.001004220 0.001124280 0.001051100 0.001457160 0.001632090 0.005632890 0.004886220 0.003918250 0.000402860 0.000924020 0.007608210 0.002041560 0.004122210 0.002231840 0.002341530 0.001377020 0.001377000 0.000160970 
7     0.001990910 0.000756680 0.001461270 0.001819790 0.001314720 0.000004060 0.000000000 0.000402030 0.000016170 0.000311170 0.002247940 0.001880010 0.002036780 0.004216160 0.001920920 0.004967680 0.005311790 0.004621450 0.005077340 0.005181070 0.005298100 0.003329870 0.003627650 0.002972830 0.002721100 0.001005730 0.001238990 0.002503340 0.002684660 0.002824080 0.003222490 0.003295280 0.000404760 0.001882660 0.001709070 0.002217650 0.001414600 0.001238230 0.004675130 0.000415170 0.000443560 0.001100590 0.002591510 0.003781430 0.001778110 0.003749960 0.002390110 0.003923330 0.003680190 0.002487920 0.002057300 
16     0.001867760 0.001366070 0.000470530 0.000286980 0.000277810 0.000195800 0.000402030 0.000000000 0.000098610 0.000430070 0.002135280 0.002110480 0.002237830 0.002294280 0.002241610 0.005616130 0.005095830 0.002478990 0.002844270 0.002540320 0.004206590 0.002937840 0.004784050 0.004391420 0.001616630 0.002424320 0.002657580 0.000323590 0.000377490 0.003533490 0.000915320 0.000988110 0.001128940 0.001000220 0.001120280 0.001047100 0.001453160 0.001628090 0.004351620 0.001608070 0.001862150 0.000398860 0.000920020 0.004859440 0.002037560 0.003125140 0.002227840 0.002337530 0.001373020 0.001373000 0.000156970 
4     0.000454910 0.000729900 0.001434490 0.000211570 0.000202400 0.000012330 0.000016170 0.000098610 0.000000000 0.000116740 0.002236440 0.001868510 0.002025280 0.003244840 0.001909420 0.004927750 0.005230720 0.003587990 0.003757320 0.003649320 0.004122580 0.001378740 0.001572530 0.002961330 0.002709600 0.000994230 0.000880780 0.000248180 0.000302080 0.003458080 0.000839910 0.000912700 0.000393260 0.000924810 0.001044870 0.000821840 0.001377750 0.001226730 0.004601360 0.000403670 0.000432060 0.000323450 0.000844610 0.003769930 0.001766610 0.002436760 0.002152430 0.002262120 0.001297610 0.001297590 0.000081560 
5     0.000339590 0.001024210 0.000324760 0.000866580 0.000857410 0.000076630 0.000311170 0.000430070 0.000116740 0.000000000 0.001113440 0.001684870 0.001137670 0.001132120 0.001117560 0.003295460 0.003297210 0.001879330 0.001465040 0.002114710 0.001356940 0.001283840 0.001477630 0.001870230 0.000186710 0.001136600 0.000785880 0.000224480 0.000341350 0.004112970 0.001494800 0.001567590 0.000589010 0.001579700 0.001699760 0.000732500 0.000440460 0.001340840 0.001319970 0.000222870 0.000627810 0.000978340 0.001499500 0.003831680 0.001962360 0.000845400 0.000845370 0.002008600 0.000570810 0.000914580 0.000632110 
26     0.003877400 0.002960980 0.002029970 0.001758790 0.002583340 0.001781840 0.002247940 0.002135280 0.002236440 0.001113440 0.000000000 0.000003770 0.000025290 0.000019740 0.000005180 0.000330860 0.000322110 0.000461450 0.000826730 0.000522780 0.001327120 0.002403190 0.005026430 0.002332770 0.001891980 0.001945700 0.003096800 0.001416080 0.001275110 0.005517950 0.006180080 0.004359140 0.002502820 0.004893530 0.003291890 0.002816960 0.002145730 0.003046110 0.002314810 0.001928140 0.002525780 0.002278450 0.003443190 0.002184780 0.003602430 0.001840240 0.001840210 0.003645420 0.001565650 0.001909420 0.003932310 
12     0.003738160 0.002593050 0.002005170 0.002367460 0.002558540 0.001757040 0.001880010 0.002110480 0.001868510 0.001684870 0.000003770 0.000000000 0.000195490 0.000231730 0.000038860 0.001298430 0.001466830 0.000436650 0.000801930 0.000497980 0.001332240 0.003323200 0.004956240 0.002941440 0.001361070 0.001838830 0.002975640 0.001391280 0.001883780 0.005400630 0.005984030 0.004327160 0.002134890 0.004755920 0.003439200 0.003340710 0.002078670 0.002968360 0.003305320 0.001861080 0.002173690 0.002830720 0.003962670 0.002793450 0.003053950 0.002830750 0.002830720 0.003506180 0.002556160 0.002899930 0.004902800 
22     0.003639060 0.002749820 0.002132520 0.003797410 0.002685890 0.001884390 0.002036780 0.002237830 0.002025280 0.001137670 0.000025290 0.000195490 0.000000000 0.000005670 0.000019660 0.001062520 0.001053770 0.000257020 0.000622300 0.000318350 0.001147160 0.001924010 0.005128980 0.003377030 0.002752160 0.002915590 0.002876540 0.001518630 0.003849200 0.007169890 0.004791630 0.004864420 0.002291660 0.004710610 0.003595970 0.003950370 0.003301500 0.003125130 0.002339040 0.002302070 0.002330460 0.002302680 0.004478410 0.004850750 0.003665010 0.001864470 0.001864440 0.003407080 0.001589880 0.001933650 0.003956540 
1     0.003623420 0.004784630 0.002188970 0.003781770 0.002742340 0.001940840 0.004216160 0.002294280 0.003244840 0.001132120 0.000019740 0.000231730 0.000005670 0.000000000 0.000023860 0.001233600 0.001224850 0.000313470 0.000678750 0.000374800 0.001491680 0.002268530 0.005185430 0.005051900 0.002052990 0.003213810 0.002860900 0.001575080 0.004294150 0.006552690 0.005136150 0.004961030 0.004348090 0.004694970 0.004200310 0.003934730 0.002306740 0.003207120 0.002333490 0.002089150 0.002686790 0.002297130 0.005114730 0.004845200 0.003881760 0.001858920 0.001858890 0.003391440 0.001584330 0.001928100 0.003950990 
23     0.003953310 0.002633960 0.002136300 0.001636150 0.002636610 0.001888170 0.001920920 0.002241610 0.001909420 0.001117560 0.000005180 0.000038860 0.000019660 0.000023860 0.000000000 0.000390880 0.000541040 0.000260820 0.000626100 0.000322150 0.001616150 0.000406380 0.003921470 0.002210130 0.001390140 0.001609400 0.002760500 0.001522410 0.001152470 0.005429700 0.003274000 0.003346790 0.002175800 0.003358900 0.003169250 0.002694320 0.001883350 0.003009270 0.002318930 0.001896400 0.002214600 0.002282570 0.003278700 0.002062140 0.003083020 0.001844360 0.001844330 0.004696210 0.001569770 0.001913540 0.002515650 
6     0.005306330 0.004857070 0.006315240 0.003557430 0.005902030 0.006073430 0.004967680 0.005616130 0.004927750 0.003295460 0.000330860 0.001298430 0.001062520 0.001233600 0.000390880 0.000000000 0.000000490 0.001227000 0.001106310 0.000733460 0.001895430 0.003870570 0.006151010 0.004131410 0.003566750 0.003806320 0.003971120 0.002813420 0.003073750 0.006834340 0.006738190 0.005640990 0.004478120 0.005331940 0.005090530 0.004615600 0.004193970 0.005684850 0.005173710 0.005587390 0.005615780 0.005943020 0.005241830 0.003983420 0.005564670 0.004248540 0.005471850 0.004421910 0.004772100 0.005862540 0.005979840 
13     0.005427560 0.005893090 0.005962090 0.005767650 0.005893990 0.005713960 0.005311790 0.005095830 0.005230720 0.003297210 0.000322110 0.001466830 0.001053770 0.001224850 0.000541040 0.000000490 0.000000000 0.001230990 0.001193430 0.000883620 0.001791410 0.003387120 0.005983000 0.005950360 0.002702340 0.002184190 0.002892860 0.002628060 0.004087710 0.006577350 0.006750020 0.005418540 0.004221130 0.005859220 0.005782930 0.004777230 0.004881810 0.005987820 0.007256020 0.005577080 0.005605470 0.006245990 0.006456590 0.006987240 0.005867640 0.005252940 0.005774820 0.005377320 0.005783000 0.006165510 0.005248160 
28     0.004528880 0.005243480 0.002373680 0.003872530 0.002927050 0.002125550 0.004621450 0.002478990 0.003587990 0.001879330 0.000461450 0.000436650 0.000257020 0.000313470 0.000260820 0.001227000 0.001230990 0.000000000 0.000000740 0.000016080 0.000133520 0.001633130 0.005370140 0.003590740 0.001938610 0.004243050 0.003113420 0.001759790 0.003851600 0.005978170 0.004500750 0.004573540 0.004166550 0.004585650 0.004705710 0.003918250 0.003847740 0.004907400 0.004808270 0.005576940 0.005058950 0.003984290 0.004505450 0.005906820 0.003631490 0.003902310 0.004694400 0.004027840 0.004425870 0.004958430 0.002357360 
29     0.004595810 0.006061370 0.002738960 0.003873270 0.003292330 0.002490830 0.005077340 0.002844270 0.003757320 0.001465040 0.000826730 0.000801930 0.000622300 0.000678750 0.000626100 0.001106310 0.001193430 0.000000740 0.000000000 0.000017900 0.000141280 0.001633870 0.005065120 0.003176450 0.002233050 0.004300500 0.003819100 0.002125070 0.003852340 0.006796060 0.004501490 0.004574280 0.004441880 0.004586390 0.004706450 0.004633270 0.004177600 0.004974330 0.005283370 0.006053930 0.005876840 0.003985030 0.004506190 0.005973750 0.004449380 0.004239450 0.004761330 0.004363830 0.004769510 0.004959170 0.001943070 
18     0.005242160 0.005294870 0.002435010 0.003889770 0.002988380 0.002186880 0.005181070 0.002540320 0.003649320 0.002114710 0.000522780 0.000497980 0.000318350 0.000374800 0.000322150 0.000733460 0.000883620 0.000016080 0.000017900 0.000000000 0.000003370 0.001650370 0.005431470 0.004221750 0.001990000 0.004911260 0.004498000 0.001821120 0.003425470 0.006029560 0.004517990 0.004590780 0.003528300 0.004602890 0.004722950 0.003969640 0.003009490 0.005230760 0.003705170 0.005628330 0.005110340 0.003668810 0.004522690 0.004335140 0.003682880 0.003230600 0.003230570 0.004517330 0.002956010 0.003299780 0.002988370 
14     0.004501160 0.005311190 0.005100170 0.004247130 0.004237960 0.003962000 0.005298100 0.004206590 0.004122580 0.001356940 0.001327120 0.001332240 0.001147160 0.001491680 0.001616150 0.001895430 0.001791410 0.000133520 0.000141280 0.000003370 0.000000000 0.002007730 0.004957020 0.003068350 0.002006320 0.004441020 0.003738640 0.002546090 0.004226200 0.006045880 0.004875350 0.004948140 0.004136100 0.004960250 0.005078050 0.003985960 0.004575540 0.004879680 0.003739350 0.005644650 0.005126660 0.003702990 0.004607920 0.005853860 0.003699200 0.003264780 0.003264750 0.004269180 0.002990190 0.003333960 0.001834970 
3     0.001622010 0.003806240 0.004137060 0.002355770 0.002343790 0.002941840 0.003329870 0.002937840 0.001378740 0.001283840 0.002403190 0.003323200 0.001924010 0.002268530 0.000406380 0.003870570 0.003387120 0.001633130 0.001633870 0.001650370 0.002007730 0.000000000 0.000364610 0.000619850 0.000251620 0.003343960 0.001290740 0.002903550 0.002957450 0.006224770 0.003606600 0.003679390 0.003584750 0.003691500 0.003811560 0.001994500 0.004026200 0.004319370 0.002609720 0.003595160 0.003623550 0.002573360 0.003611300 0.005121430 0.004106930 0.002135150 0.002135120 0.004439130 0.001860560 0.002204330 0.002848250 
27     0.001815800 0.004000030 0.004678740 0.002549560 0.002537580 0.004197250 0.003627650 0.004784050 0.001572530 0.001477630 0.005026430 0.004956240 0.005128980 0.005185430 0.003921470 0.006151010 0.005983000 0.005370140 0.005065120 0.005431470 0.004957020 0.000364610 0.000000000 0.000818810 0.001080960 0.005216630 0.001484530 0.003841840 0.005593280 0.006598990 0.007316310 0.007146480 0.006557520 0.005957650 0.006696440 0.002188290 0.006055210 0.006498070 0.005155480 0.006307240 0.006465250 0.006756240 0.006584960 0.006866060 0.005796030 0.005763190 0.005911390 0.005887570 0.006293250 0.006099260 0.004236930 
21     0.001274770 0.001475060 0.001912080 0.001847480 0.001998310 0.003412850 0.002972830 0.004391420 0.002961330 0.001870230 0.002332770 0.002941440 0.003377030 0.005051900 0.002210130 0.004131410 0.005950360 0.003590740 0.003176450 0.004221750 0.003068350 0.000619850 0.000818810 0.000000000 0.000251810 0.001493200 0.002591530 0.001035990 0.003242120 0.007190910 0.006968760 0.004675130 0.003100980 0.002835660 0.003359120 0.002909650 0.002612640 0.003053670 0.004028640 0.003238120 0.003266510 0.003923540 0.004820060 0.003561650 0.004601060 0.005163490 0.005213060 0.005022570 0.006173440 0.004972420 0.001393800 
24     0.004411150 0.002793320 0.001897780 0.002365930 0.002852850 0.002051350 0.002721100 0.001616630 0.002709600 0.000186710 0.001891980 0.001361070 0.002752160 0.002052990 0.001390140 0.003566750 0.002702340 0.001938610 0.002233050 0.001990000 0.002006320 0.000251620 0.001080960 0.000251810 0.000000000 0.001160880 0.002949290 0.000037830 0.002320810 0.004228440 0.006568190 0.003918390 0.002975980 0.005433060 0.003751010 0.002168520 0.000315430 0.001215810 0.003058540 0.000097840 0.000695480 0.002943100 0.002790480 0.004080100 0.001881760 0.001861010 0.003124760 0.002014320 0.006282260 0.002059260 0.001404860 
17     0.001695190 0.001718770 0.002332500 0.002419270 0.002276810 0.003833270 0.001005730 0.002424320 0.000994230 0.001136600 0.001945700 0.001838830 0.002915590 0.003213810 0.001609400 0.003806320 0.002184190 0.004243050 0.004300500 0.004911260 0.004441020 0.003343960 0.005216630 0.001493200 0.001160880 0.000000000 0.000005700 0.000040370 0.001452500 0.006801910 0.006065980 0.004608690 0.001283570 0.001455080 0.002587880 0.003105640 0.001476250 0.002117040 0.003727430 0.001258660 0.001322370 0.001979400 0.003470320 0.004649020 0.001874040 0.002914720 0.003252830 0.003039100 0.002594310 0.002332420 0.001814220 
11     0.001124050 0.001952030 0.002656620 0.001857810 0.001845830 0.001780070 0.001238990 0.002657580 0.000880780 0.000785880 0.003096800 0.002975640 0.002876540 0.002860900 0.002760500 0.003971120 0.002892860 0.003113420 0.003819100 0.004498000 0.003738640 0.001290740 0.001484530 0.002591530 0.002949290 0.000005700 0.000000000 0.000034670 0.002650150 0.005620320 0.005170890 0.003906310 0.001516830 0.003640250 0.002821140 0.001496540 0.002526670 0.002350300 0.003721730 0.001527240 0.001555630 0.002212660 0.003703580 0.003946640 0.002827040 0.002212340 0.002734220 0.002336720 0.002742400 0.003124910 0.002348880 
8     0.001237980 0.001438270 0.001065950 0.000364130 0.000354960 0.000327590 0.002503340 0.000323590 0.000248180 0.000224480 0.001416080 0.001391280 0.001518630 0.001575080 0.001522410 0.002813420 0.002628060 0.001759790 0.002125070 0.001821120 0.002546090 0.002903550 0.003841840 0.001035990 0.000037830 0.000040370 0.000034670 0.000000000 0.000063100 0.003610520 0.000992350 0.001065140 0.001205970 0.001077250 0.001197310 0.001124130 0.000353200 0.001253580 0.003019470 0.000135610 0.000733250 0.000475890 0.000997050 0.005408760 0.001842690 0.001898780 0.002304870 0.002339410 0.001450050 0.001450030 0.000234000 
15     0.002648150 0.003845670 0.004027880 0.000418030 0.000408860 0.000381490 0.002684660 0.000377490 0.000302080 0.000341350 0.001275110 0.001883780 0.003849200 0.004294150 0.001152470 0.003073750 0.004087710 0.003851600 0.003852340 0.003425470 0.004226200 0.002957450 0.005593280 0.003242120 0.002320810 0.001452500 0.002650150 0.000063100 0.000000000 0.003664420 0.001046250 0.001119040 0.001259870 0.001131150 0.001251210 0.001178030 0.001584090 0.001759020 0.004946100 0.003927070 0.003955460 0.000529790 0.001050950 0.003094130 0.002168490 0.002345810 0.002358770 0.002346550 0.001503950 0.001503930 0.000287900 
31     0.005481370 0.006560070 0.006349050 0.003574030 0.003564860 0.002831940 0.002824080 0.003533490 0.003458080 0.004112970 0.005517950 0.005400630 0.007169890 0.006552690 0.005429700 0.006834340 0.006577350 0.005978170 0.006796060 0.006029560 0.006045880 0.006224770 0.006598990 0.007190910 0.004228440 0.006801910 0.005620320 0.003610520 0.003664420 0.000000000 0.000260540 0.002392160 0.000602550 0.001085040 0.000447290 0.002066110 0.003419450 0.003320360 0.005804070 0.006665070 0.006478020 0.003677450 0.004198610 0.007514650 0.005050560 0.005468890 0.004416330 0.005454040 0.004489530 0.004489510 0.003349680 
41     0.003185980 0.004501760 0.004565710 0.000955860 0.000946690 0.000919320 0.003222490 0.000915320 0.000839910 0.001494800 0.006180080 0.005984030 0.004791630 0.005136150 0.003274000 0.006738190 0.006750020 0.004500750 0.004501490 0.004517990 0.004875350 0.003606600 0.007316310 0.006968760 0.006568190 0.006065980 0.005170890 0.000992350 0.001046250 0.000260540 0.000000000 0.000221350 0.000362180 0.000233460 0.000353520 0.000287260 0.001019020 0.001193950 0.005696180 0.005542640 0.004574670 0.001059280 0.001580440 0.007596300 0.002535900 0.004616550 0.002726180 0.002835870 0.001871360 0.001871340 0.000818710 
35     0.003258770 0.004566650 0.004638500 0.001028650 0.001019480 0.000992110 0.003295280 0.000988110 0.000912700 0.001567590 0.004359140 0.004327160 0.004864420 0.004961030 0.003346790 0.005640990 0.005418540 0.004573540 0.004574280 0.004590780 0.004948140 0.003679390 0.007146480 0.004675130 0.003918390 0.004608690 0.003906310 0.001065140 0.001119040 0.002392160 0.000221350 0.000000000 0.000180710 0.000161690 0.000176700 0.000360050 0.000477600 0.000448360 0.004545470 0.003864560 0.003892950 0.001132070 0.001653230 0.005443750 0.002608690 0.003275670 0.002592790 0.002908660 0.001944150 0.001944130 0.000891500 
47     0.003219040 0.001117800 0.001822390 0.001169480 0.001160310 0.001132940 0.000404760 0.001128940 0.000393260 0.000589010 0.002502820 0.002134890 0.002291660 0.004348090 0.002175800 0.004478120 0.004221130 0.004166550 0.004441880 0.003528300 0.004136100 0.003584750 0.006557520 0.003100980 0.002975980 0.001283570 0.001516830 0.001205970 0.001259870 0.000602550 0.000362180 0.000180710 0.000000000 0.000302520 0.000183640 0.000003440 0.000069250 0.000040010 0.003487740 0.000415710 0.000444100 0.001101130 0.001794060 0.003781970 0.001798830 0.002662730 0.002410830 0.002787110 0.002084980 0.002084960 0.001032330 
50     0.002988050 0.003188340 0.003625360 0.001040760 0.001031590 0.001004220 0.001882660 0.001000220 0.000924810 0.001579700 0.004893530 0.004755920 0.004710610 0.004694970 0.003358900 0.005331940 0.005859220 0.004585650 0.004586390 0.004602890 0.004960250 0.003691500 0.005957650 0.002835660 0.005433060 0.001455080 0.003640250 0.001077250 0.001131150 0.001085040 0.000233460 0.000161690 0.000302520 0.000000000 0.000000100 0.000372160 0.000834420 0.000805180 0.003948620 0.003869390 0.003790870 0.001144180 0.001665340 0.005177690 0.001720720 0.003009610 0.002811080 0.002920770 0.001956260 0.001956240 0.000903610 
30     0.003390940 0.002422110 0.003126700 0.001160820 0.001151650 0.001124280 0.001709070 0.001120280 0.001044870 0.001699760 0.003291890 0.003439200 0.003595970 0.004200310 0.003169250 0.005090530 0.005782930 0.004705710 0.004706450 0.004722950 0.005078050 0.003811560 0.006696440 0.003359120 0.003751010 0.002587880 0.002821140 0.001197310 0.001251210 0.000447290 0.000353520 0.000176700 0.000183640 0.000000100 0.000000000 0.000383100 0.000844770 0.000815530 0.004079880 0.001720020 0.001748410 0.001264240 0.001785400 0.004520770 0.002740860 0.002514950 0.002931140 0.002639330 0.002076320 0.002076300 0.001023670 
32     0.001070670 0.002939870 0.003644460 0.001087640 0.001078470 0.001051100 0.002217650 0.001047100 0.000821840 0.000732500 0.002816960 0.003340710 0.003950370 0.003934730 0.002694320 0.004615600 0.004777230 0.003918250 0.004633270 0.003969640 0.003985960 0.001994500 0.002188290 0.002909650 0.002168520 0.003105640 0.001496540 0.001124130 0.001178030 0.002066110 0.000287260 0.000360050 0.000003440 0.000372160 0.000383100 0.000000000 0.000030260 0.000001020 0.002833600 0.002237780 0.002266170 0.001191060 0.001712220 0.004045840 0.002667680 0.002249370 0.002771250 0.002373750 0.002003140 0.002003120 0.000950490 
43     0.002765030 0.002127640 0.002106810 0.001493700 0.001484530 0.001457160 0.001414600 0.001453160 0.001377750 0.000440460 0.002145730 0.002078670 0.003301500 0.002306740 0.001883350 0.004193970 0.004881810 0.003847740 0.004177600 0.003009490 0.004575540 0.004026200 0.006055210 0.002612640 0.000315430 0.001476250 0.002526670 0.000353200 0.001584090 0.003419450 0.001019020 0.000477600 0.000069250 0.000834420 0.000844770 0.000030260 0.000000000 0.000005750 0.002497730 0.000306870 0.000904510 0.001597120 0.002118280 0.004180520 0.002627140 0.002012440 0.002534320 0.002136820 0.002409200 0.002409180 0.001356550 
46     0.003206060 0.001951270 0.002315330 0.001668630 0.001659460 0.001632090 0.001238230 0.001628090 0.001226730 0.001340840 0.003046110 0.002968360 0.003125130 0.003207120 0.003009270 0.005684850 0.005987820 0.004907400 0.004974330 0.005230760 0.004879680 0.004319370 0.006498070 0.003053670 0.001215810 0.002117040 0.002350300 0.001253580 0.001759020 0.003320360 0.001193950 0.000448360 0.000040010 0.000805180 0.000815530 0.000001020 0.000005750 0.000000000 0.002492360 0.001168100 0.001196490 0.001772050 0.002293210 0.004060400 0.002632300 0.002316580 0.002838460 0.002440960 0.002584130 0.002276730 0.001531480 
49     0.005599140 0.004975270 0.004572140 0.005496140 0.006068600 0.005632890 0.004675130 0.004351620 0.004601360 0.001319970 0.002314810 0.003305320 0.002339040 0.002333490 0.002318930 0.005173710 0.007256020 0.004808270 0.005283370 0.003705170 0.003739350 0.002609720 0.005155480 0.004028640 0.003058540 0.003727430 0.003721730 0.003019470 0.004946100 0.005804070 0.005696180 0.004545470 0.003487740 0.003948620 0.004079880 0.002833600 0.002497730 0.002492360 0.000000000 0.000076020 0.000000940 0.000043120 0.002560820 0.002591190 0.000304700 0.001387650 0.001387620 0.003192000 0.001113060 0.001456830 0.004137460 
38     0.003229450 0.001128210 0.001832800 0.002191320 0.001686250 0.004886220 0.000415170 0.001608070 0.000403670 0.000222870 0.001928140 0.001861080 0.002302070 0.002089150 0.001896400 0.005587390 0.005577080 0.005576940 0.006053930 0.005628330 0.005644650 0.003595160 0.006307240 0.003238120 0.000097840 0.001258660 0.001527240 0.000135610 0.003927070 0.006665070 0.005542640 0.003864560 0.000415710 0.003869390 0.001720020 0.002237780 0.000306870 0.001168100 0.000076020 0.000000000 0.000072610 0.000851620 0.002342540 0.002824820 0.001463370 0.001852230 0.002421240 0.002833740 0.004310710 0.002519050 0.004785610 
42     0.003257840 0.001156600 0.001861190 0.002219710 0.001714640 0.003918250 0.000443560 0.001862150 0.000432060 0.000627810 0.002525780 0.002173690 0.002330460 0.002686790 0.002214600 0.005615780 0.005605470 0.005058950 0.005876840 0.005110340 0.005126660 0.003623550 0.006465250 0.003266510 0.000695480 0.001322370 0.001555630 0.000733250 0.003955460 0.006478020 0.004574670 0.003892950 0.000444100 0.003790870 0.001748410 0.002266170 0.000904510 0.001196490 0.000000940 0.000072610 0.000000000 0.000880010 0.002370930 0.002723780 0.000245880 0.001689300 0.002449630 0.002837330 0.004204640 0.002547440 0.003817640 
37     0.002669520 0.001813630 0.002518220 0.000439400 0.000430230 0.000402860 0.001100590 0.000398860 0.000323450 0.000978340 0.002278450 0.002830720 0.002302680 0.002297130 0.002282570 0.005943020 0.006245990 0.003984290 0.003985030 0.003668810 0.003702990 0.002573360 0.006756240 0.003923540 0.002943100 0.001979400 0.002212660 0.000475890 0.000529790 0.003677450 0.001059280 0.001132070 0.001101130 0.001144180 0.001264240 0.001191060 0.001597120 0.001772050 0.000043120 0.000851620 0.000880010 0.000000000 0.000034950 0.000056370 0.002181520 0.001351290 0.001351260 0.002481490 0.001076700 0.001420470 0.000302250 
45     0.003190680 0.003304550 0.004009140 0.000960560 0.000951390 0.000924020 0.002591510 0.000920020 0.000844610 0.001499500 0.003443190 0.003962670 0.004478410 0.005114730 0.003278700 0.005241830 0.006456590 0.004505450 0.004506190 0.004522690 0.004607920 0.003611300 0.006584960 0.004820060 0.002790480 0.003470320 0.003703580 0.000997050 0.001050950 0.004198610 0.001580440 0.001653230 0.001794060 0.001665340 0.001785400 0.001712220 0.002118280 0.002293210 0.002560820 0.002342540 0.002370930 0.000034950 0.000000000 0.000022760 0.002475520 0.002564150 0.002892960 0.002505200 0.002038140 0.002038120 0.000823410 
39     0.004549640 0.004494470 0.005199060 0.002987670 0.005052510 0.007608210 0.003781430 0.004859440 0.003769930 0.003831680 0.002184780 0.002793450 0.004850750 0.004845200 0.002062140 0.003983420 0.006987240 0.005906820 0.005973750 0.004335140 0.005853860 0.005121430 0.006866060 0.003561650 0.004080100 0.004649020 0.003946640 0.005408760 0.003094130 0.007514650 0.007596300 0.005443750 0.003781970 0.005177690 0.004520770 0.004045840 0.004180520 0.004060400 0.002591190 0.002824820 0.002723780 0.000056370 0.000022760 0.000000000 0.004364480 0.003325340 0.003899330 0.003266390 0.003624770 0.003968540 0.005949800 
48     0.003430040 0.002491150 0.003195740 0.002078100 0.002068930 0.002041560 0.001778110 0.002037560 0.001766610 0.001962360 0.003602430 0.003053950 0.003665010 0.003881760 0.003083020 0.005564670 0.005867640 0.003631490 0.004449380 0.003682880 0.003699200 0.004106930 0.005796030 0.004601060 0.001881760 0.001874040 0.002827040 0.001842690 0.002168490 0.005050560 0.002535900 0.002608690 0.001798830 0.001720720 0.002740860 0.002667680 0.002627140 0.002632300 0.000304700 0.001463370 0.000245880 0.002181520 0.002475520 0.004364480 0.000000000 0.000660320 0.000037240 0.001269640 0.000170070 0.000690080 0.001308910 
44     0.002815340 0.004547930 0.003652390 0.002973690 0.003411040 0.004122210 0.003749960 0.003125140 0.002436760 0.000845400 0.001840240 0.002830750 0.001864470 0.001858920 0.001844360 0.004248540 0.005252940 0.003902310 0.004239450 0.003230600 0.003264780 0.002135150 0.005763190 0.005163490 0.001861010 0.002914720 0.002212340 0.001898780 0.002345810 0.005468890 0.004616550 0.003275670 0.002662730 0.003009610 0.002514950 0.002249370 0.002012440 0.002316580 0.001387650 0.001852230 0.001689300 0.001351290 0.002564150 0.003325340 0.000660320 0.000000000 0.000000030 0.000000740 0.000638430 0.000045680 0.000040010 
33     0.003337220 0.003103150 0.003807740 0.002268380 0.002259210 0.002231840 0.002390110 0.002227840 0.002152430 0.000845370 0.001840210 0.002830720 0.001864440 0.001858890 0.001844330 0.005471850 0.005774820 0.004694400 0.004761330 0.003230570 0.003264750 0.002135120 0.005911390 0.005213060 0.003124760 0.003252830 0.002734220 0.002304870 0.002358770 0.004416330 0.002726180 0.002592790 0.002410830 0.002811080 0.002931140 0.002771250 0.002534320 0.002838460 0.001387620 0.002421240 0.002449630 0.001351260 0.002892960 0.003899330 0.000037240 0.000000030 0.000000000 0.001170170 0.000207270 0.000982170 0.002131230 
34     0.002939720 0.005402270 0.005566070 0.002378070 0.002368900 0.002341530 0.003923330 0.002337530 0.002262120 0.002008600 0.003645420 0.003506180 0.003407080 0.003391440 0.004696210 0.004421910 0.005377320 0.004027840 0.004363830 0.004517330 0.004269180 0.004439130 0.005887570 0.005022570 0.002014320 0.003039100 0.002336720 0.002339410 0.002346550 0.005454040 0.002835870 0.002908660 0.002787110 0.002920770 0.002639330 0.002373750 0.002136820 0.002440960 0.003192000 0.002833740 0.002837330 0.002481490 0.002505200 0.003266390 0.001269640 0.000000740 0.001170170 0.000000000 0.000427850 0.000000000 0.000040750 
40     0.003345400 0.004959460 0.005023410 0.001413560 0.001404390 0.001377020 0.003680190 0.001373020 0.001297610 0.000570810 0.001565650 0.002556160 0.001589880 0.001584330 0.001569770 0.004772100 0.005783000 0.004425870 0.004769510 0.002956010 0.002990190 0.001860560 0.006293250 0.006173440 0.006282260 0.002594310 0.002742400 0.001450050 0.001503950 0.004489530 0.001871360 0.001944150 0.002084980 0.001956260 0.002076320 0.002003140 0.002409200 0.002584130 0.001113060 0.004310710 0.004204640 0.001076700 0.002038140 0.003624770 0.000170070 0.000638430 0.000207270 0.000427850 0.000000000 0.000000020 0.001276410 
36     0.003643660 0.003200960 0.003905550 0.001413540 0.001404370 0.001377000 0.002487920 0.001373000 0.001297590 0.000914580 0.001909420 0.002899930 0.001933650 0.001928100 0.001913540 0.005862540 0.006165510 0.004958430 0.004959170 0.003299780 0.003333960 0.002204330 0.006099260 0.004972420 0.002059260 0.002332420 0.003124910 0.001450030 0.001503930 0.004489510 0.001871340 0.001944130 0.002084960 0.001956240 0.002076300 0.002003120 0.002409180 0.002276730 0.001456830 0.002519050 0.002547440 0.001420470 0.002038120 0.003968540 0.000690080 0.000045680 0.000982170 0.000000000 0.000000020 0.000000000 0.000085690 
0     0.001546190 0.001746480 0.002183500 0.000197510 0.000188340 0.000160970 0.002057300 0.000156970 0.000081560 0.000632110 0.003932310 0.004902800 0.003956540 0.003950990 0.002515650 0.005979840 0.005248160 0.002357360 0.001943070 0.002988370 0.001834970 0.002848250 0.004236930 0.001393800 0.001404860 0.001814220 0.002348880 0.000234000 0.000287900 0.003349680 0.000818710 0.000891500 0.001032330 0.000903610 0.001023670 0.000950490 0.001356550 0.001531480 0.004137460 0.004785610 0.003817640 0.000302250 0.000823410 0.005949800 0.001308910 0.000040010 0.002131230 0.000040750 0.001276410 0.000085690 0.000000000 
