51
19     0.000000000 0.018844202 0.019004780 0.013793488 0.014337679 0.025279027 0.028612987 0.027322131 0.024414896 0.043142266 0.023717194 0.023724326 0.026139367 0.026432709 0.022930222 0.026545222 0.026282378 0.025602135 0.025660217 0.025960401 0.026038616 0.026358837 0.033241750 0.038005130 0.027250466 0.026913660 0.025285723 0.029078920 0.032656294 0.032095645 0.032340860 0.028735522 0.026673648 0.028069702 0.028817429 0.027323899 0.026308184 0.027151967 0.033242945 0.031693454 0.031952315 0.036072381 0.031384057 0.032585546 0.032339959 0.032199232 0.031838988 0.031275825 0.032484422 0.031947423 0.035419844 
20     0.018844202 0.000000000 0.005674322 0.017885509 0.018426039 0.029371989 0.032705949 0.031421568 0.028490226 0.047237597 0.027812525 0.027819657 0.030234698 0.030528040 0.027025553 0.030640553 0.030377709 0.029697466 0.029755547 0.030055732 0.030133947 0.030454167 0.037337081 0.042100461 0.031345797 0.031008991 0.029381054 0.033174251 0.036751625 0.036190692 0.036435906 0.032830568 0.030768694 0.032164748 0.032912475 0.031418945 0.030403230 0.031247013 0.037337992 0.035788500 0.036047362 0.040167427 0.035479103 0.036680592 0.036435006 0.036294278 0.035934034 0.035370871 0.036579469 0.036042469 0.039514545 
10     0.019004780 0.005674322 0.000000000 0.018029897 0.018569702 0.029518309 0.032852269 0.031569472 0.028638130 0.047384968 0.027959895 0.027967027 0.030382068 0.030675410 0.027172923 0.030787923 0.030525079 0.029844836 0.029902918 0.030203102 0.030281317 0.030601538 0.037484451 0.042247831 0.031493167 0.031156361 0.029528424 0.033321621 0.036898995 0.036338062 0.036583276 0.032977938 0.030916065 0.032312119 0.033059846 0.031566315 0.030550600 0.031394383 0.037485362 0.035935870 0.036194732 0.040314798 0.035626473 0.036827962 0.036582376 0.036441648 0.036081405 0.035518242 0.036726839 0.036189840 0.039661915 
2     0.013793488 0.017885509 0.018029897 0.000000000 0.003758865 0.024075725 0.027409685 0.026140106 0.023209478 0.041947584 0.022522511 0.022529643 0.024944685 0.025238026 0.021735540 0.025350539 0.025087696 0.024407453 0.024465534 0.024765718 0.024843933 0.025165895 0.032048808 0.036812188 0.026055783 0.025718457 0.024090520 0.027883717 0.031461091 0.030898333 0.031143547 0.027538209 0.025476335 0.026872389 0.027620116 0.026126586 0.025110871 0.025954654 0.032045634 0.030496142 0.030755004 0.034875069 0.030186745 0.031388234 0.031142647 0.031001920 0.030641676 0.030078513 0.031287110 0.030750111 0.034225015 
25     0.014337679 0.018426039 0.018569702 0.003758865 0.000000000 0.024620192 0.027954153 0.026684573 0.023753946 0.042492051 0.023066979 0.023074111 0.025489152 0.025782494 0.022280007 0.025895007 0.025632163 0.024951920 0.025010002 0.025310186 0.025388401 0.025710363 0.032593276 0.037356656 0.026600251 0.026262925 0.024634988 0.028428184 0.032005559 0.031442800 0.031688014 0.028082677 0.026020803 0.027416857 0.028164584 0.026671054 0.025655339 0.026499121 0.032590101 0.031040609 0.031299471 0.035419537 0.030731212 0.031932702 0.031687115 0.031546387 0.031186144 0.030622981 0.031831578 0.031294579 0.034769483 
9     0.025279027 0.029371989 0.029518309 0.024075725 0.024620192 0.000000000 0.021746661 0.026745320 0.023829937 0.045524294 0.026093907 0.026101039 0.028516080 0.028809422 0.025306935 0.028921935 0.028659091 0.027978848 0.028036930 0.028337114 0.028415329 0.028745728 0.035626408 0.040392021 0.029635064 0.029297854 0.027669917 0.031464246 0.035043685 0.034497353 0.034742567 0.031137286 0.029075412 0.030471466 0.031219193 0.029725696 0.028712956 0.029556739 0.035653592 0.034104100 0.034362962 0.038483028 0.033794703 0.034996193 0.034749493 0.034608765 0.034248522 0.033682101 0.034890698 0.034353699 0.037813462 
7     0.028612987 0.032705949 0.032852269 0.027409685 0.027954153 0.021746661 0.000000000 0.030089723 0.027142055 0.048880552 0.029450602 0.029457734 0.031872775 0.032166117 0.028663630 0.032278630 0.032015786 0.031335543 0.031393624 0.031693809 0.031772024 0.032102632 0.038983311 0.043748925 0.032991968 0.032654757 0.031026820 0.034821150 0.038400589 0.037855905 0.038101119 0.034495837 0.032433963 0.033830017 0.034577744 0.033084248 0.032071689 0.032915472 0.039012280 0.037462788 0.037721650 0.041841716 0.037153391 0.038354881 0.038108063 0.037967336 0.037607092 0.037040789 0.038249386 0.037712387 0.041171131 
16     0.027322131 0.031421568 0.031569472 0.026140106 0.026684573 0.026745320 0.030089723 0.000000000 0.020272673 0.047667680 0.028250381 0.028257513 0.030672554 0.030965896 0.027463409 0.031078408 0.030815565 0.030135322 0.030193403 0.030493587 0.030571802 0.030896698 0.037777377 0.042542991 0.031786034 0.031452005 0.029824068 0.033618215 0.037197497 0.036667839 0.036913053 0.033307456 0.031245582 0.032641636 0.033389363 0.031895867 0.030886685 0.031730515 0.037822688 0.036273196 0.036532058 0.040653089 0.035964765 0.037166254 0.036918594 0.036777867 0.036417623 0.035851202 0.037059800 0.036522800 0.039973666 
4     0.024414896 0.028490226 0.028638130 0.023209478 0.023753946 0.023829937 0.027142055 0.020272673 0.000000000 0.044774790 0.025356439 0.025363571 0.027778612 0.028071954 0.024569467 0.028184467 0.027921623 0.027241380 0.027299462 0.027599646 0.027677861 0.028002883 0.034883562 0.039649176 0.028892219 0.028557717 0.026929780 0.030723927 0.034303208 0.033768873 0.034014088 0.030408490 0.028346617 0.029742671 0.030490398 0.028996901 0.027987719 0.028831549 0.034926801 0.033377309 0.033636171 0.037756237 0.033067912 0.034269402 0.034022708 0.033881980 0.033521736 0.032955315 0.034163913 0.033626913 0.037075935 
5     0.043142266 0.047237597 0.047384968 0.041947584 0.042492051 0.045524294 0.048880552 0.047667680 0.044774790 0.000000000 0.036809845 0.036816977 0.039235520 0.039528861 0.036029618 0.039626664 0.039363820 0.038683577 0.038741658 0.039041843 0.039120058 0.039431966 0.046328200 0.051063229 0.040331696 0.039917532 0.038289595 0.042121716 0.045698842 0.046991500 0.047236715 0.043630986 0.041569112 0.042965166 0.043712893 0.042219794 0.041202536 0.042048087 0.048137461 0.046587969 0.046846831 0.050967425 0.046279101 0.047480590 0.047221529 0.047080801 0.046720557 0.046161316 0.047369913 0.046832914 0.050249862 
26     0.023717194 0.027812525 0.027959895 0.022522511 0.023066979 0.026093907 0.029450602 0.028250381 0.025356439 0.036809845 0.000000000 0.001582411 0.010155317 0.010449401 0.007075752 0.011066903 0.010798315 0.010150063 0.010206428 0.010504595 0.010579477 0.019011778 0.025872398 0.030649903 0.019913094 0.020529852 0.018901914 0.022743903 0.026309188 0.027593062 0.027838276 0.024231522 0.022169649 0.023565703 0.024313430 0.022820836 0.021805103 0.022650654 0.028740585 0.027191093 0.027449955 0.031569852 0.026881528 0.028083017 0.027820418 0.027679690 0.027319447 0.026763044 0.027971642 0.027434642 0.030845260 
12     0.023724326 0.027819657 0.027967027 0.022529643 0.023074111 0.026101039 0.029457734 0.028257513 0.025363571 0.036816977 0.001582411 0.000000000 0.010164043 0.010458392 0.007077467 0.011083179 0.010814592 0.010152066 0.010208432 0.010506599 0.010581480 0.019018910 0.025879530 0.030657034 0.019920226 0.020536983 0.018909046 0.022751035 0.026316320 0.027600194 0.027845408 0.024238654 0.022176781 0.023572835 0.024320562 0.022827968 0.021812235 0.022657786 0.028747717 0.027198225 0.027457087 0.031576984 0.026888660 0.028090149 0.027827550 0.027686822 0.027326579 0.026770176 0.027978774 0.027441774 0.030852392 
22     0.026139367 0.030234698 0.030382068 0.024944685 0.025489152 0.028516080 0.031872775 0.030672554 0.027778612 0.039235520 0.010155317 0.010164043 0.000000000 0.004417227 0.009460327 0.013546025 0.013285370 0.012590868 0.012644800 0.012944277 0.013019102 0.021466692 0.028327312 0.033104817 0.022341103 0.022948074 0.021320137 0.025146886 0.028712171 0.030017437 0.030262651 0.026655897 0.024594023 0.025990077 0.026737804 0.025245211 0.024229477 0.025075029 0.031164960 0.029615468 0.029874330 0.033994227 0.029305902 0.030507392 0.030244792 0.030104065 0.029743821 0.029187419 0.030396016 0.029859017 0.033269359 
1     0.026432709 0.030528040 0.030675410 0.025238026 0.025782494 0.028809422 0.032166117 0.030965896 0.028071954 0.039528861 0.010449401 0.010458392 0.004417227 0.000000000 0.009760977 0.013841259 0.013580604 0.012892527 0.012946459 0.013245936 0.013320761 0.021760034 0.028620654 0.033398159 0.022634445 0.023241416 0.021613479 0.025440228 0.029005513 0.030310778 0.030555992 0.026949239 0.024887365 0.026283419 0.027031146 0.025538553 0.024522819 0.025368370 0.031458302 0.029908810 0.030167672 0.034287568 0.029599244 0.030800733 0.030538134 0.030397407 0.030037163 0.029480761 0.030689358 0.030152359 0.033562700 
23     0.022930222 0.027025553 0.027172923 0.021735540 0.022280007 0.025306935 0.028663630 0.027463409 0.024569467 0.036029618 0.007075752 0.007077467 0.009460327 0.009760977 0.000000000 0.010352876 0.010082179 0.009357021 0.009417627 0.009708786 0.009790599 0.018247443 0.025108063 0.029872857 0.019148759 0.019741899 0.018113962 0.021940712 0.025505996 0.026804756 0.027049970 0.023443216 0.021381343 0.022777397 0.023525124 0.022032530 0.021016797 0.021862348 0.027952279 0.026402787 0.026661649 0.030781546 0.026093222 0.027294711 0.027032112 0.026891384 0.026531141 0.025974738 0.027183336 0.026646336 0.030057288 
6     0.026545222 0.030640553 0.030787923 0.025350539 0.025895007 0.028921935 0.032278630 0.031078408 0.028184467 0.039626664 0.011066903 0.011083179 0.013546025 0.013841259 0.010352876 0.000000000 0.003827821 0.010784050 0.010865209 0.011145617 0.011202387 0.021859229 0.028719849 0.033497354 0.022733640 0.023360171 0.021732234 0.025573212 0.029138496 0.030424373 0.030669587 0.027062833 0.025000959 0.026397013 0.027144740 0.025652147 0.024636414 0.025481965 0.031571896 0.030022404 0.030281266 0.034401163 0.029712838 0.030914328 0.030651728 0.030511001 0.030150757 0.029594355 0.030802952 0.030265953 0.033675213 
13     0.026282378 0.030377709 0.030525079 0.025087696 0.025632163 0.028659091 0.032015786 0.030815565 0.027921623 0.039363820 0.010798315 0.010814592 0.013285370 0.013580604 0.010082179 0.003827821 0.000000000 0.010489458 0.010574130 0.010867744 0.010918480 0.021596385 0.028457005 0.033234510 0.022470796 0.023097328 0.021469391 0.025310368 0.028875653 0.030161529 0.030406743 0.026799989 0.024738116 0.026134170 0.026881897 0.025389303 0.024373570 0.025219121 0.031309052 0.029759560 0.030018422 0.034138319 0.029449995 0.030651484 0.030388885 0.030248157 0.029887914 0.029331511 0.030540109 0.030003109 0.033412369 
28     0.025602135 0.029697466 0.029844836 0.024407453 0.024951920 0.027978848 0.031335543 0.030135322 0.027241380 0.038683577 0.010150063 0.010152066 0.012590868 0.012892527 0.009357021 0.010784050 0.010489458 0.000000000 0.003425379 0.006009832 0.005989711 0.020916142 0.027776762 0.032554267 0.021790553 0.022417085 0.020789148 0.024630125 0.028195410 0.029481286 0.029726500 0.026119746 0.024057873 0.025453927 0.026201654 0.024709060 0.023693327 0.024538878 0.030628809 0.029079318 0.029338179 0.033458076 0.028769752 0.029971241 0.029708642 0.029567914 0.029207671 0.028651269 0.029859866 0.029322866 0.032732126 
29     0.025660217 0.029755547 0.029902918 0.024465534 0.025010002 0.028036930 0.031393624 0.030193403 0.027299462 0.038741658 0.010206428 0.010208432 0.012644800 0.012946459 0.009417627 0.010865209 0.010574130 0.003425379 0.000000000 0.006067292 0.006127453 0.020974224 0.027834844 0.032612349 0.021848635 0.022475166 0.020847229 0.024688207 0.028253491 0.029539367 0.029784582 0.026177828 0.024115954 0.025512008 0.026259735 0.024767142 0.023751408 0.024596960 0.030686891 0.029137399 0.029396261 0.033516158 0.028827833 0.030029322 0.029766723 0.029625996 0.029265752 0.028709350 0.029917947 0.029380948 0.032790208 
18     0.025960401 0.030055732 0.030203102 0.024765718 0.025310186 0.028337114 0.031693809 0.030493587 0.027599646 0.039041843 0.010504595 0.010506599 0.012944277 0.013245936 0.009708786 0.011145617 0.010867744 0.006009832 0.006067292 0.000000000 0.004842515 0.021274408 0.028135028 0.032912533 0.022148819 0.022775350 0.021147413 0.024988391 0.028553675 0.029839552 0.030084766 0.026478012 0.024416138 0.025812192 0.026559919 0.025067326 0.024051593 0.024897144 0.030987075 0.029437583 0.029696445 0.033816342 0.029128017 0.030329507 0.030066907 0.029926180 0.029565936 0.029009534 0.030218131 0.029681132 0.033090392 
14     0.026038616 0.030133947 0.030281317 0.024843933 0.025388401 0.028415329 0.031772024 0.030571802 0.027677861 0.039120058 0.010579477 0.010581480 0.013019102 0.013320761 0.009790599 0.011202387 0.010918480 0.005989711 0.006127453 0.004842515 0.000000000 0.021352623 0.028213243 0.032990748 0.022227034 0.022853565 0.021225628 0.025066606 0.028631890 0.029917767 0.030162981 0.026556227 0.024494353 0.025890407 0.026638134 0.025145541 0.024129808 0.024975359 0.031065290 0.029515798 0.029774660 0.033894557 0.029206232 0.030407722 0.030145122 0.030004395 0.029644151 0.029087749 0.030296346 0.029759347 0.033168607 
3     0.026358837 0.030454167 0.030601538 0.025165895 0.025710363 0.028745728 0.032102632 0.030896698 0.028002883 0.039431966 0.019011778 0.019018910 0.021466692 0.021760034 0.018247443 0.021859229 0.021596385 0.020916142 0.020974224 0.021274408 0.021352623 0.000000000 0.018464651 0.023233503 0.015156871 0.023184388 0.021556451 0.025352957 0.028920908 0.030216768 0.030461982 0.026858208 0.024796334 0.026192389 0.026940115 0.025444632 0.024432362 0.025277913 0.031369316 0.029819824 0.030078686 0.034198583 0.029510258 0.030711748 0.030447019 0.030306292 0.029946048 0.029389720 0.030598318 0.030061318 0.033462587 
27     0.033241750 0.037337081 0.037484451 0.032048808 0.032593276 0.035626408 0.038983311 0.037777377 0.034883562 0.046328200 0.025872398 0.025879530 0.028327312 0.028620654 0.025108063 0.028719849 0.028457005 0.027776762 0.027834844 0.028135028 0.028213243 0.018464651 0.000000000 0.029869046 0.022142802 0.030050310 0.028422372 0.032214487 0.035782143 0.037096717 0.037341931 0.033737744 0.031675870 0.033071924 0.033819651 0.032324581 0.031312311 0.032157862 0.038249202 0.036699710 0.036958572 0.041078469 0.036390145 0.037591634 0.037326906 0.037186178 0.036825935 0.036269606 0.037478204 0.036941204 0.040343787 
21     0.038005130 0.042100461 0.042247831 0.036812188 0.037356656 0.040392021 0.043748925 0.042542991 0.039649176 0.051063229 0.030649903 0.030657034 0.033104817 0.033398159 0.029872857 0.033497354 0.033234510 0.032554267 0.032612349 0.032912533 0.032990748 0.023233503 0.029869046 0.000000000 0.026921723 0.034810466 0.033182529 0.036963140 0.040530369 0.041862794 0.042108008 0.038504234 0.036442361 0.037838415 0.038586142 0.037090658 0.036078422 0.036923974 0.043015902 0.041466410 0.041725272 0.045845169 0.041156845 0.042358334 0.042093606 0.041952878 0.041592635 0.041036306 0.042244903 0.041707904 0.045110704 
24     0.027250466 0.031345797 0.031493167 0.026055783 0.026600251 0.029635064 0.032991968 0.031786034 0.028892219 0.040331696 0.019913094 0.019920226 0.022341103 0.022634445 0.019148759 0.022733640 0.022470796 0.021790553 0.021848635 0.022148819 0.022227034 0.015156871 0.022142802 0.026921723 0.000000000 0.024063320 0.022435383 0.026238936 0.029800214 0.031112064 0.031357279 0.027753092 0.025691218 0.027087272 0.027834999 0.026339928 0.025327659 0.026173210 0.032264639 0.030715147 0.030974009 0.035093906 0.030405582 0.031607071 0.031342291 0.031201564 0.030841320 0.030284992 0.031493589 0.030956590 0.034367837 
17     0.026913660 0.031008991 0.031156361 0.025718457 0.026262925 0.029297854 0.032654757 0.031452005 0.028557717 0.039917532 0.020529852 0.020536983 0.022948074 0.023241416 0.019741899 0.023360171 0.023097328 0.022417085 0.022475166 0.022775350 0.022853565 0.023184388 0.030050310 0.034810466 0.024063320 0.000000000 0.007934215 0.021405693 0.024995284 0.030769521 0.031014735 0.027408194 0.025346320 0.026742374 0.027490101 0.025997687 0.024986883 0.025832387 0.031908233 0.030358741 0.030617603 0.034737500 0.030049176 0.031250665 0.030991539 0.030850811 0.030490568 0.029934242 0.031142839 0.030605840 0.034042410 
11     0.025285723 0.029381054 0.029528424 0.024090520 0.024634988 0.027669917 0.031026820 0.029824068 0.026929780 0.038289595 0.018901914 0.018909046 0.021320137 0.021613479 0.018113962 0.021732234 0.021469391 0.020789148 0.020847229 0.021147413 0.021225628 0.021556451 0.028422372 0.033182529 0.022435383 0.007934215 0.000000000 0.019778432 0.023367039 0.029141584 0.029386798 0.025780257 0.023718383 0.025114437 0.025862164 0.024369750 0.023358946 0.024204450 0.030280296 0.028730804 0.028989666 0.033109563 0.028421239 0.029622728 0.029363602 0.029222874 0.028862631 0.028306305 0.029514902 0.028977903 0.032414473 
8     0.029078920 0.033174251 0.033321621 0.027883717 0.028428184 0.031464246 0.034821150 0.033618215 0.030723927 0.042121716 0.022743903 0.022751035 0.025146886 0.025440228 0.021940712 0.025573212 0.025310368 0.024630125 0.024688207 0.024988391 0.025066606 0.025352957 0.032214487 0.036963140 0.026238936 0.021405693 0.019778432 0.000000000 0.026067578 0.032941227 0.033186441 0.029579900 0.027518026 0.028914080 0.029661807 0.028169393 0.027162000 0.028007504 0.034078408 0.032528916 0.032787778 0.036907675 0.032219351 0.033420840 0.033161353 0.033020625 0.032660381 0.032103982 0.033312579 0.032775580 0.036212067 
15     0.032656294 0.036751625 0.036898995 0.031461091 0.032005559 0.035043685 0.038400589 0.037197497 0.034303208 0.045698842 0.026309188 0.026316320 0.028712171 0.029005513 0.025505996 0.029138496 0.028875653 0.028195410 0.028253491 0.028553675 0.028631890 0.028920908 0.035782143 0.040530369 0.029800214 0.024995284 0.023367039 0.026067578 0.000000000 0.036524821 0.036770035 0.033163494 0.031101620 0.032497674 0.033245401 0.031752987 0.030741860 0.031587364 0.037661744 0.036112252 0.036371114 0.040491011 0.035802686 0.037004175 0.036744890 0.036604162 0.036243919 0.035687519 0.036896116 0.036359117 0.039788468 
31     0.032095645 0.036190692 0.036338062 0.030898333 0.031442800 0.034497353 0.037855905 0.036667839 0.033768873 0.046991500 0.027593062 0.027600194 0.030017437 0.030310778 0.026804756 0.030424373 0.030161529 0.029481286 0.029539367 0.029839552 0.029917767 0.030216768 0.037096717 0.041862794 0.031112064 0.030769521 0.029141584 0.032941227 0.036524821 0.000000000 0.009310168 0.020850160 0.018836487 0.020244401 0.020987010 0.019614140 0.025223102 0.026064470 0.034200287 0.032650671 0.032909533 0.037027500 0.032340067 0.033541556 0.033216856 0.033076128 0.032715885 0.032169597 0.033384047 0.032847048 0.038960103 
41     0.032340860 0.036435906 0.036583276 0.031143547 0.031688014 0.034742567 0.038101119 0.036913053 0.034014088 0.047236715 0.027838276 0.027845408 0.030262651 0.030555992 0.027049970 0.030669587 0.030406743 0.029726500 0.029784582 0.030084766 0.030162981 0.030461982 0.037341931 0.042108008 0.031357279 0.031014735 0.029386798 0.033186441 0.036770035 0.009310168 0.000000000 0.021100163 0.019086542 0.020494421 0.021237029 0.019883368 0.025468880 0.026310248 0.034445501 0.032895885 0.033154747 0.037272714 0.032585281 0.033786770 0.033462070 0.033321342 0.032961099 0.032414811 0.033629261 0.033092262 0.039205317 
35     0.028735522 0.032830568 0.032977938 0.027538209 0.028082677 0.031137286 0.034495837 0.033307456 0.030408490 0.043630986 0.024231522 0.024238654 0.026655897 0.026949239 0.023443216 0.027062833 0.026799989 0.026119746 0.026177828 0.026478012 0.026556227 0.026858208 0.033737744 0.038504234 0.027753092 0.027408194 0.025780257 0.029579900 0.033163494 0.020850160 0.021100163 0.000000000 0.008113563 0.010098621 0.010822209 0.016081124 0.021869206 0.022710025 0.030821198 0.029271582 0.029530444 0.033648113 0.028960680 0.030162170 0.029857370 0.029716642 0.029356399 0.028810256 0.030024707 0.029487707 0.035600943 
47     0.026673648 0.030768694 0.030916065 0.025476335 0.026020803 0.029075412 0.032433963 0.031245582 0.028346617 0.041569112 0.022169649 0.022176781 0.024594023 0.024887365 0.021381343 0.025000959 0.024738116 0.024057873 0.024115954 0.024416138 0.024494353 0.024796334 0.031675870 0.036442361 0.025691218 0.025346320 0.023718383 0.027518026 0.031101620 0.018836487 0.019086542 0.008113563 0.000000000 0.008001316 0.008723637 0.014041009 0.019819814 0.020660633 0.028747668 0.027198052 0.027456914 0.031574582 0.026887150 0.028088639 0.027783108 0.027642381 0.027282137 0.026736726 0.027951176 0.027414177 0.033539069 
50     0.028069702 0.032164748 0.032312119 0.026872389 0.027416857 0.030471466 0.033830017 0.032641636 0.029742671 0.042965166 0.023565703 0.023572835 0.025990077 0.026283419 0.022777397 0.026397013 0.026134170 0.025453927 0.025512008 0.025812192 0.025890407 0.026192389 0.033071924 0.037838415 0.027087272 0.026742374 0.025114437 0.028914080 0.032497674 0.020244401 0.020494421 0.010098621 0.008001316 0.000000000 0.005068350 0.015440535 0.021216312 0.022057131 0.030143722 0.028594106 0.028852968 0.032970637 0.028283204 0.029484693 0.029179163 0.029038435 0.028678191 0.028132780 0.029347230 0.028810231 0.034935124 
30     0.028817429 0.032912475 0.033059846 0.027620116 0.028164584 0.031219193 0.034577744 0.033389363 0.030490398 0.043712893 0.024313430 0.024320562 0.026737804 0.027031146 0.023525124 0.027144740 0.026881897 0.026201654 0.026259735 0.026559919 0.026638134 0.026940115 0.033819651 0.038586142 0.027834999 0.027490101 0.025862164 0.029661807 0.033245401 0.020987010 0.021237029 0.010822209 0.008723637 0.005068350 0.000000000 0.016174503 0.021964039 0.022804858 0.030891449 0.029341833 0.029600695 0.033718364 0.029030931 0.030232420 0.029926890 0.029786162 0.029425918 0.028880507 0.030094957 0.029557958 0.035682851 
32     0.027323899 0.031418945 0.031566315 0.026126586 0.026671054 0.029725696 0.033084248 0.031895867 0.028996901 0.042219794 0.022820836 0.022827968 0.025245211 0.025538553 0.022032530 0.025652147 0.025389303 0.024709060 0.024767142 0.025067326 0.025145541 0.025444632 0.032324581 0.037090658 0.026339928 0.025997687 0.024369750 0.028169393 0.031752987 0.019614140 0.019883368 0.016081124 0.014041009 0.015440535 0.016174503 0.000000000 0.020416071 0.021257439 0.029423696 0.027874080 0.028132942 0.032244042 0.027556609 0.028758098 0.028438868 0.028298141 0.027937897 0.027398158 0.028612608 0.028075609 0.034186483 
43     0.026308184 0.030403230 0.030550600 0.025110871 0.025655339 0.028712956 0.032071689 0.030886685 0.027987719 0.041202536 0.021805103 0.021812235 0.024229477 0.024522819 0.021016797 0.024636414 0.024373570 0.023693327 0.023751408 0.024051593 0.024129808 0.024432362 0.031312311 0.036078422 0.025327659 0.024986883 0.023358946 0.027162000 0.030741860 0.025223102 0.025468880 0.021869206 0.019819814 0.021216312 0.021964039 0.020416071 0.000000000 0.009869003 0.028234576 0.026684960 0.026943822 0.031042987 0.026355554 0.027557044 0.027291255 0.027150527 0.026790283 0.026235058 0.027450874 0.026913874 0.033186089 
46     0.027151967 0.031247013 0.031394383 0.025954654 0.026499121 0.029556739 0.032915472 0.031730515 0.028831549 0.042048087 0.022650654 0.022657786 0.025075029 0.025368370 0.021862348 0.025481965 0.025219121 0.024538878 0.024596960 0.024897144 0.024975359 0.025277913 0.032157862 0.036923974 0.026173210 0.025832387 0.024204450 0.028007504 0.031587364 0.026064470 0.026310248 0.022710025 0.020660633 0.022057131 0.022804858 0.021257439 0.009869003 0.000000000 0.029064542 0.027514927 0.027773788 0.031872954 0.027185521 0.028387010 0.028121221 0.027980494 0.027620250 0.027065025 0.028280840 0.027743841 0.034029514 
49     0.033242945 0.037337992 0.037485362 0.032045634 0.032590101 0.035653592 0.039012280 0.037822688 0.034926801 0.048137461 0.028740585 0.028747717 0.031164960 0.031458302 0.027952279 0.031571896 0.031309052 0.030628809 0.030686891 0.030987075 0.031065290 0.031369316 0.038249202 0.043015902 0.032264639 0.031908233 0.030280296 0.034078408 0.037661744 0.034200287 0.034445501 0.030821198 0.028747668 0.030143722 0.030891449 0.029423696 0.028234576 0.029064542 0.000000000 0.011852904 0.012099901 0.026786854 0.022168400 0.023376553 0.030411779 0.030271940 0.029905293 0.029308761 0.030523115 0.029985811 0.040112160 
38     0.031693454 0.035788500 0.035935870 0.030496142 0.031040609 0.034104100 0.037462788 0.036273196 0.033377309 0.046587969 0.027191093 0.027198225 0.029615468 0.029908810 0.026402787 0.030022404 0.029759560 0.029079318 0.029137399 0.029437583 0.029515798 0.029819824 0.036699710 0.041466410 0.030715147 0.030358741 0.028730804 0.032528916 0.036112252 0.032650671 0.032895885 0.029271582 0.027198052 0.028594106 0.029341833 0.027874080 0.026684960 0.027514927 0.011852904 0.000000000 0.004454663 0.025286978 0.020654121 0.021862273 0.028863775 0.028723936 0.028357289 0.027761062 0.028975111 0.028438111 0.038562668 
42     0.031952315 0.036047362 0.036194732 0.030755004 0.031299471 0.034362962 0.037721650 0.036532058 0.033636171 0.046846831 0.027449955 0.027457087 0.029874330 0.030167672 0.026661649 0.030281266 0.030018422 0.029338179 0.029396261 0.029696445 0.029774660 0.030078686 0.036958572 0.041725272 0.030974009 0.030617603 0.028989666 0.032787778 0.036371114 0.032909533 0.033154747 0.029530444 0.027456914 0.028852968 0.029600695 0.028132942 0.026943822 0.027773788 0.012099901 0.004454663 0.000000000 0.025553232 0.020920375 0.022119827 0.029123993 0.028984155 0.028617508 0.028018778 0.029232827 0.028695828 0.038821530 
37     0.036072381 0.040167427 0.040314798 0.034875069 0.035419537 0.038483028 0.041841716 0.040653089 0.037756237 0.050967425 0.031569852 0.031576984 0.033994227 0.034287568 0.030781546 0.034401163 0.034138319 0.033458076 0.033516158 0.033816342 0.033894557 0.034198583 0.041078469 0.045845169 0.035093906 0.034737500 0.033109563 0.036907675 0.040491011 0.037027500 0.037272714 0.033648113 0.031574582 0.032970637 0.033718364 0.032244042 0.031042987 0.031872954 0.026786854 0.025286978 0.025553232 0.000000000 0.013256065 0.014536489 0.033303994 0.033161954 0.032797157 0.032207962 0.033421225 0.032883921 0.042944267 
45     0.031384057 0.035479103 0.035626473 0.030186745 0.030731212 0.033794703 0.037153391 0.035964765 0.033067912 0.046279101 0.026881528 0.026888660 0.029305902 0.029599244 0.026093222 0.029712838 0.029449995 0.028769752 0.028827833 0.029128017 0.029206232 0.029510258 0.036390145 0.041156845 0.030405582 0.030049176 0.028421239 0.032219351 0.035802686 0.032340067 0.032585281 0.028960680 0.026887150 0.028283204 0.029030931 0.027556609 0.026355554 0.027185521 0.022168400 0.020654121 0.020920375 0.013256065 0.000000000 0.006015020 0.028620547 0.028478508 0.028113710 0.027525222 0.028738485 0.028201181 0.038255942 
39     0.032585546 0.036680592 0.036827962 0.031388234 0.031932702 0.034996193 0.038354881 0.037166254 0.034269402 0.047480590 0.028083017 0.028090149 0.030507392 0.030800733 0.027294711 0.030914328 0.030651484 0.029971241 0.030029322 0.030329507 0.030407722 0.030711748 0.037591634 0.042358334 0.031607071 0.031250665 0.029622728 0.033420840 0.037004175 0.033541556 0.033786770 0.030162170 0.028088639 0.029484693 0.030232420 0.028758098 0.027557044 0.028387010 0.023376553 0.021862273 0.022119827 0.014536489 0.006015020 0.000000000 0.029818175 0.029676136 0.029311338 0.028722144 0.029935407 0.029398103 0.039457432 
48     0.032339959 0.036435006 0.036582376 0.031142647 0.031687115 0.034749493 0.038108063 0.036918594 0.034022708 0.047221529 0.027820418 0.027827550 0.030244792 0.030538134 0.027032112 0.030651728 0.030388885 0.029708642 0.029766723 0.030066907 0.030145122 0.030447019 0.037326906 0.042093606 0.031342291 0.030991539 0.029363602 0.033161353 0.036744890 0.033216856 0.033462070 0.029857370 0.027783108 0.029179163 0.029926890 0.028438868 0.027291255 0.028121221 0.030411779 0.028863775 0.029123993 0.033303994 0.028620547 0.029818175 0.000000000 0.013581925 0.013255639 0.019510155 0.020689283 0.020124394 0.039203058 
44     0.032199232 0.036294278 0.036441648 0.031001920 0.031546387 0.034608765 0.037967336 0.036777867 0.033881980 0.047080801 0.027679690 0.027686822 0.030104065 0.030397407 0.026891384 0.030511001 0.030248157 0.029567914 0.029625996 0.029926180 0.030004395 0.030306292 0.037186178 0.041952878 0.031201564 0.030850811 0.029222874 0.033020625 0.036604162 0.033076128 0.033321342 0.029716642 0.027642381 0.029038435 0.029786162 0.028298141 0.027150527 0.027980494 0.030271940 0.028723936 0.028984155 0.033161954 0.028478508 0.029676136 0.013581925 0.000000000 0.010097196 0.019404101 0.020596391 0.020024375 0.039062331 
33     0.031838988 0.035934034 0.036081405 0.030641676 0.031186144 0.034248522 0.037607092 0.036417623 0.033521736 0.046720557 0.027319447 0.027326579 0.029743821 0.030037163 0.026531141 0.030150757 0.029887914 0.029207671 0.029265752 0.029565936 0.029644151 0.029946048 0.036825935 0.041592635 0.030841320 0.030490568 0.028862631 0.032660381 0.036243919 0.032715885 0.032961099 0.029356399 0.027282137 0.028678191 0.029425918 0.027937897 0.026790283 0.027620250 0.029905293 0.028357289 0.028617508 0.032797157 0.028113710 0.029311338 0.013255639 0.010097196 0.000000000 0.019078974 0.020260446 0.019691833 0.038702087 
34     0.031275825 0.035370871 0.035518242 0.030078513 0.030622981 0.033682101 0.037040789 0.035851202 0.032955315 0.046161316 0.026763044 0.026770176 0.029187419 0.029480761 0.025974738 0.029594355 0.029331511 0.028651269 0.028709350 0.029009534 0.029087749 0.029389720 0.036269606 0.041036306 0.030284992 0.029934242 0.028306305 0.032103982 0.035687519 0.032169597 0.032414811 0.028810256 0.026736726 0.028132780 0.028880507 0.027398158 0.026235058 0.027065025 0.029308761 0.027761062 0.028018778 0.032207962 0.027525222 0.028722144 0.019510155 0.019404101 0.019078974 0.000000000 0.011417424 0.010822579 0.038143032 
40     0.032484422 0.036579469 0.036726839 0.031287110 0.031831578 0.034890698 0.038249386 0.037059800 0.034163913 0.047369913 0.027971642 0.027978774 0.030396016 0.030689358 0.027183336 0.030802952 0.030540109 0.029859866 0.029917947 0.030218131 0.030296346 0.030598318 0.037478204 0.042244903 0.031493589 0.031142839 0.029514902 0.033312579 0.036896116 0.033384047 0.033629261 0.030024707 0.027951176 0.029347230 0.030094957 0.028612608 0.027450874 0.028280840 0.030523115 0.028975111 0.029232827 0.033421225 0.028738485 0.029935407 0.020689283 0.020596391 0.020260446 0.011417424 0.000000000 0.006629047 0.039351630 
36     0.031947423 0.036042469 0.036189840 0.030750111 0.031294579 0.034353699 0.037712387 0.036522800 0.033626913 0.046832914 0.027434642 0.027441774 0.029859017 0.030152359 0.026646336 0.030265953 0.030003109 0.029322866 0.029380948 0.029681132 0.029759347 0.030061318 0.036941204 0.041707904 0.030956590 0.030605840 0.028977903 0.032775580 0.036359117 0.032847048 0.033092262 0.029487707 0.027414177 0.028810231 0.029557958 0.028075609 0.026913874 0.027743841 0.029985811 0.028438111 0.028695828 0.032883921 0.028201181 0.029398103 0.020124394 0.020024375 0.019691833 0.010822579 0.006629047 0.000000000 0.038814630 
0     0.035419844 0.039514545 0.039661915 0.034225015 0.034769483 0.037813462 0.041171131 0.039973666 0.037075935 0.050249862 0.030845260 0.030852392 0.033269359 0.033562700 0.030057288 0.033675213 0.033412369 0.032732126 0.032790208 0.033090392 0.033168607 0.033462587 0.040343787 0.045110704 0.034367837 0.034042410 0.032414473 0.036212067 0.039788468 0.038960103 0.039205317 0.035600943 0.033539069 0.034935124 0.035682851 0.034186483 0.033186089 0.034029514 0.040112160 0.038562668 0.038821530 0.042944267 0.038255942 0.039457432 0.039203058 0.039062331 0.038702087 0.038143032 0.039351630 0.038814630 0.000000000 
