51
1     0.000000000 0.071443927 0.351048651 0.464943514 0.450769365 0.452233143 0.392860227 0.425714922 0.446582497 0.434245582 0.394255606 0.396459981 0.410379850 0.400104385 0.416928014 0.443472897 0.408184798 0.407393333 0.435998456 0.427871978 0.425570466 0.697955767 0.404475192 0.379348966 0.370320042 0.463533967 0.475753782 0.476378279 0.468467632 0.470413187 0.374996626 0.496698512 0.473194284 0.460262394 0.384646905 0.393629104 0.394680842 0.393539429 0.582117136 0.580283670 0.365650578 0.385209231 0.368593017 0.401301761 0.389705183 0.394433853 0.389677028 0.422802301 0.364151146 0.393471454 1.105533141 
3     0.071443927 0.000000000 0.354181592 0.468076454 0.453902306 0.455366084 0.395993167 0.428847862 0.449715437 0.437378523 0.397388547 0.399592922 0.413512791 0.403237325 0.420060954 0.446605837 0.411317738 0.410526274 0.439131396 0.431004919 0.428703407 0.701088708 0.407608133 0.382481906 0.373452983 0.466666908 0.478886723 0.479511219 0.471600572 0.473546128 0.378129566 0.499831452 0.476327225 0.463395335 0.387779846 0.396762045 0.397813782 0.396672370 0.585250077 0.583416610 0.368783518 0.388342172 0.371725958 0.404434702 0.392838123 0.397566794 0.392809969 0.425935242 0.367284087 0.396604394 1.108666082 
2     0.351048651 0.354181592 0.000000000 0.488987054 0.475073694 0.476537473 0.417164556 0.450014170 0.470881745 0.458544830 0.418559936 0.420761556 0.434668288 0.424394945 0.441233571 0.467763457 0.432475357 0.431683893 0.460289358 0.452162881 0.449861369 0.723548915 0.428973806 0.404077940 0.395049016 0.488002756 0.500222571 0.500847068 0.492936420 0.494888112 0.399447296 0.520738708 0.497234480 0.484322246 0.408031853 0.417014052 0.418065789 0.416924377 0.605436984 0.603603518 0.388966958 0.408874009 0.392257795 0.424966539 0.413303552 0.418032223 0.413282372 0.446403179 0.387752024 0.417045679 1.126626150 
41     0.464943514 0.468076454 0.488987054 0.000000000 0.304794242 0.306247389 0.244865533 0.281066045 0.302258672 0.288768494 0.250020092 0.252285117 0.311033360 0.300892873 0.317533168 0.344121283 0.309464319 0.308183353 0.337475955 0.328457787 0.326309415 0.806895410 0.513433833 0.488668822 0.479639899 0.572018443 0.584165784 0.584790280 0.576952125 0.579033600 0.483625420 0.617191817 0.593685076 0.580681863 0.503914954 0.512878993 0.513930730 0.512789318 0.701485819 0.699652353 0.484994299 0.504026612 0.487395642 0.520104386 0.508479494 0.513208165 0.508427214 0.541552487 0.482894573 0.512135197 1.226433932 
24     0.450769365 0.453902306 0.475073694 0.304794242 0.000000000 0.067985887 0.203598680 0.262639788 0.284788376 0.272965386 0.236590207 0.237092892 0.297190920 0.286993558 0.303111543 0.329397860 0.294516427 0.293699546 0.323086075 0.314397686 0.311963372 0.792700064 0.499258474 0.474493463 0.465464540 0.557843084 0.570003692 0.570628189 0.562776767 0.564858241 0.469255878 0.603003020 0.579496279 0.566462348 0.489735900 0.498699939 0.499751677 0.498610265 0.687308405 0.685474939 0.470816885 0.489891021 0.473260051 0.505968795 0.494371207 0.499099877 0.494335170 0.527460443 0.468809288 0.498019901 1.212268307 
43     0.452233143 0.455366084 0.476537473 0.306247389 0.067985887 0.000000000 0.205381411 0.263909647 0.286064642 0.274235245 0.237568661 0.237880166 0.298561695 0.288363111 0.304472131 0.330767412 0.295885979 0.295069098 0.324446662 0.315758273 0.313323960 0.794163842 0.500722252 0.475957242 0.466928318 0.559306863 0.571467471 0.572091967 0.564240545 0.566322020 0.470719657 0.604466799 0.580960058 0.567926126 0.491199679 0.500163718 0.501215455 0.500074043 0.688772184 0.686938717 0.472280664 0.491354799 0.474723829 0.507432573 0.495834985 0.500563656 0.495798948 0.528924221 0.470273066 0.499483680 1.213732085 
10     0.392860227 0.395993167 0.417164556 0.244865533 0.203598680 0.205381411 0.000000000 0.205056535 0.227088489 0.214914453 0.175706434 0.178588251 0.238777161 0.228156027 0.244495873 0.270911055 0.235978857 0.235359333 0.264509062 0.255598299 0.253416285 0.734797800 0.441354870 0.416589860 0.407560936 0.499939481 0.512100089 0.512724585 0.504873163 0.506954638 0.411546458 0.545093882 0.521587141 0.508583929 0.431826762 0.440790801 0.441842539 0.440701126 0.629399267 0.627565801 0.412907747 0.431981882 0.415350912 0.448059656 0.436462068 0.441190739 0.436426031 0.469551304 0.410900149 0.440119190 1.154359168 
19     0.425714922 0.428847862 0.450014170 0.281066045 0.262639788 0.263909647 0.205056535 0.000000000 0.092973376 0.078664533 0.172999628 0.174661590 0.272130856 0.261581110 0.278943557 0.303742634 0.269194199 0.268361439 0.297422230 0.289001264 0.286566950 0.767666947 0.474205370 0.449440360 0.440411436 0.532789980 0.544930110 0.545554607 0.537723663 0.539805137 0.444396958 0.577946960 0.554440218 0.541403891 0.464681298 0.473645337 0.474697075 0.473555663 0.662253803 0.660420337 0.445762283 0.464834509 0.448203539 0.480912283 0.469314695 0.474043365 0.469278658 0.502403931 0.443752776 0.472971817 1.187210336 
34     0.446582497 0.449715437 0.470881745 0.302258672 0.284788376 0.286064642 0.227088489 0.092973376 0.000000000 0.094120605 0.194703094 0.197250393 0.293349443 0.282580784 0.300115234 0.325123482 0.290575047 0.289742287 0.318803078 0.310351818 0.307917505 0.788534522 0.495072945 0.470307935 0.461279011 0.553657556 0.565789657 0.566414154 0.558591238 0.560672713 0.465264533 0.598814535 0.575307794 0.562271466 0.485548873 0.494512912 0.495564650 0.494423238 0.683121378 0.681287912 0.466629858 0.485702084 0.469071114 0.501779858 0.490182270 0.494910940 0.490146233 0.523271506 0.464620351 0.493839392 1.208077911 
16     0.434245582 0.437378523 0.458544830 0.288768494 0.272965386 0.274235245 0.214914453 0.078664533 0.094120605 0.000000000 0.182238417 0.184374994 0.281092130 0.270323165 0.287857616 0.312911916 0.278363481 0.277530721 0.306591512 0.298140252 0.295705939 0.776197607 0.482736030 0.457971020 0.448942096 0.541320641 0.553452743 0.554077239 0.546254323 0.548335798 0.452927618 0.586477620 0.562970879 0.549934552 0.473211959 0.482175998 0.483227735 0.482086323 0.670784464 0.668950997 0.454292944 0.473365169 0.456734199 0.489442943 0.477845355 0.482574026 0.477809318 0.510934591 0.452283436 0.481502477 1.195740997 
5     0.394255606 0.397388547 0.418559936 0.250020092 0.236590207 0.237568661 0.175706434 0.172999628 0.194703094 0.182238417 0.000000000 0.110976953 0.240181669 0.229685676 0.247172098 0.272556397 0.237613178 0.237000569 0.265705479 0.257210206 0.254809534 0.736206060 0.442744483 0.417979472 0.408950549 0.501329093 0.513475693 0.514100190 0.506262775 0.508344250 0.412936070 0.546489262 0.522982520 0.509946193 0.433222283 0.442186322 0.443238059 0.442096647 0.630793148 0.628959682 0.414301628 0.433375763 0.416744794 0.449453538 0.437855949 0.442584620 0.437819913 0.470945185 0.412294031 0.441513071 1.155754548 
15     0.396459981 0.399592922 0.420761556 0.252285117 0.237092892 0.237880166 0.178588251 0.174661590 0.197250393 0.184374994 0.110976953 0.000000000 0.244201275 0.233627868 0.250971313 0.275968926 0.241030727 0.240412622 0.269440370 0.260955632 0.258521318 0.738412423 0.444950846 0.420185836 0.411156912 0.503535457 0.515682057 0.516306554 0.508469139 0.510550614 0.415142434 0.548692436 0.525185695 0.512149368 0.435428414 0.444392453 0.445444191 0.444302778 0.632999280 0.631165813 0.416507760 0.435581895 0.418950925 0.451659669 0.440062081 0.444790751 0.440026044 0.473151317 0.414500162 0.443719203 1.157957722 
30     0.410379850 0.413512791 0.434668288 0.311033360 0.297190920 0.298561695 0.238777161 0.272130856 0.293349443 0.281092130 0.240181669 0.244201275 0.000000000 0.171953441 0.187485996 0.216383849 0.181671177 0.180420110 0.209035013 0.199484718 0.197790483 0.752310730 0.458866935 0.434101924 0.425073001 0.517451545 0.529612173 0.530236670 0.522385228 0.524466702 0.429040455 0.561789650 0.538303346 0.525259339 0.448632356 0.457596395 0.458648133 0.457506721 0.646141585 0.644308119 0.429663151 0.449031439 0.432378565 0.465087309 0.453816899 0.458545570 0.453780862 0.486906135 0.428254980 0.457359439 1.171872371 
37     0.400104385 0.403237325 0.424394945 0.300892873 0.286993558 0.288363111 0.228156027 0.261581110 0.282580784 0.270323165 0.229685676 0.233627868 0.171953441 0.000000000 0.121254820 0.184886701 0.151290950 0.150103539 0.180394446 0.170130184 0.167480536 0.742033874 0.448593612 0.423828602 0.414799678 0.507178223 0.519338851 0.519963348 0.512111905 0.514193380 0.418767132 0.551769468 0.528283165 0.515188678 0.438361590 0.447325629 0.448377366 0.447235954 0.635870819 0.634037353 0.419392384 0.438760672 0.422107799 0.454816542 0.443546132 0.448274803 0.443510096 0.476635368 0.417984214 0.447088673 1.161599027 
35     0.416928014 0.420060954 0.441233571 0.317533168 0.303111543 0.304472131 0.244495873 0.278943557 0.300115234 0.287857616 0.247172098 0.250971313 0.187485996 0.121254820 0.000000000 0.200648285 0.167207446 0.166145193 0.195205593 0.186592230 0.182949850 0.758860281 0.465420019 0.440655009 0.431626085 0.524004630 0.536165258 0.536789755 0.528938312 0.531019787 0.435593539 0.567799362 0.544281051 0.531194769 0.455118178 0.464082217 0.465133955 0.463992543 0.652627408 0.650793941 0.436148973 0.455517261 0.438864387 0.471573131 0.460302721 0.465031392 0.460266684 0.493391957 0.434740802 0.463845262 1.178425434 
14     0.443472897 0.446605837 0.467763457 0.344121283 0.329397860 0.330767412 0.270911055 0.303742634 0.325123482 0.312911916 0.272556397 0.275968926 0.216383849 0.184886701 0.200648285 0.000000000 0.130619196 0.130166048 0.184048908 0.177239830 0.173601538 0.785402386 0.491962124 0.467197114 0.458168190 0.550546735 0.562707363 0.563331859 0.555480417 0.557561892 0.462135644 0.595137980 0.571651677 0.558553641 0.481730102 0.490694141 0.491745878 0.490604466 0.679239331 0.677405865 0.462760896 0.482129184 0.465476310 0.498185054 0.486914644 0.491643315 0.486878608 0.520003880 0.461352725 0.490457185 1.204967539 
38     0.408184798 0.411317738 0.432475357 0.309464319 0.294516427 0.295885979 0.235978857 0.269194199 0.290575047 0.278363481 0.237613178 0.241030727 0.181671177 0.151290950 0.167207446 0.130619196 0.000000000 0.061382863 0.149665778 0.142192772 0.139105278 0.750114287 0.456674025 0.431909015 0.422880091 0.515258636 0.527419264 0.528043760 0.520192318 0.522273793 0.426847545 0.559849881 0.536363577 0.523177994 0.446442002 0.455406041 0.456457779 0.455316367 0.643951232 0.642117765 0.427472797 0.446841085 0.430188211 0.462896955 0.451626545 0.456355216 0.451590508 0.484715781 0.426064626 0.455169086 1.169679440 
12     0.407393333 0.410526274 0.431683893 0.308183353 0.293699546 0.295069098 0.235359333 0.268361439 0.289742287 0.277530721 0.237000569 0.240412622 0.180420110 0.150103539 0.166145193 0.130166048 0.061382863 0.000000000 0.149711558 0.141000096 0.138018838 0.749322822 0.455882560 0.431117550 0.422088626 0.514467171 0.526627799 0.527252296 0.519400853 0.521482328 0.426056081 0.559058416 0.535572113 0.522386529 0.445650538 0.454614577 0.455666314 0.454524902 0.643159767 0.641326301 0.426681332 0.446049620 0.429396747 0.462105490 0.450835080 0.455563751 0.450799044 0.483924316 0.425273162 0.454377621 1.168887975 
31     0.435998456 0.439131396 0.460289358 0.337475955 0.323086075 0.324446662 0.264509062 0.297422230 0.318803078 0.306591512 0.265705479 0.269440370 0.209035013 0.180394446 0.195205593 0.184048908 0.149665778 0.149711558 0.000000000 0.133082385 0.131086957 0.777935375 0.484303508 0.459538498 0.450509574 0.542697629 0.554858257 0.555482753 0.547631311 0.549712786 0.454151368 0.587559918 0.564073614 0.550969817 0.474253733 0.483217772 0.484269509 0.483128097 0.671762962 0.669929496 0.455284527 0.474652815 0.457999942 0.490708685 0.479438275 0.484166946 0.479402239 0.512527511 0.453876357 0.482980816 1.197493441 
32     0.427871978 0.431004919 0.452162881 0.328457787 0.314397686 0.315758273 0.255598299 0.289001264 0.310351818 0.298140252 0.257210206 0.260955632 0.199484718 0.170130184 0.186592230 0.177239830 0.142192772 0.141000096 0.133082385 0.000000000 0.067886131 0.769801789 0.476361528 0.451596517 0.442567594 0.534946138 0.547106766 0.547731263 0.539879820 0.541961295 0.446535048 0.579437624 0.555951320 0.542847523 0.466126949 0.475090988 0.476142726 0.475001313 0.663636178 0.661802712 0.447157744 0.466526031 0.449873158 0.482581902 0.471311492 0.476040162 0.471275455 0.504400728 0.445749573 0.474854032 1.189366963 
21     0.425570466 0.428703407 0.449861369 0.326309415 0.311963372 0.313323960 0.253416285 0.286566950 0.307917505 0.295705939 0.254809534 0.258521318 0.197790483 0.167480536 0.182949850 0.173601538 0.139105278 0.138018838 0.131086957 0.067886131 0.000000000 0.767500277 0.474060015 0.449295005 0.440266081 0.532644626 0.544805254 0.545429750 0.537578308 0.539659783 0.444233535 0.577136111 0.553649808 0.540546011 0.463825437 0.472789476 0.473841213 0.472699801 0.661334666 0.659501200 0.444856231 0.464224519 0.447571645 0.480280389 0.469009979 0.473738650 0.468973943 0.502099215 0.443448060 0.472552520 1.187065451 
28     0.697955767 0.701088708 0.723548915 0.806895410 0.792700064 0.794163842 0.734797800 0.767666947 0.788534522 0.776197607 0.736206060 0.738412423 0.752310730 0.742033874 0.758860281 0.785402386 0.750114287 0.749322822 0.777935375 0.769801789 0.767500277 0.000000000 0.709832557 0.684745945 0.675717021 0.767983094 0.780343249 0.780967746 0.773063876 0.775160451 0.679604404 0.851123000 0.827618772 0.814685698 0.737723200 0.746687239 0.747738976 0.746597564 0.934753336 0.932919870 0.718704692 0.738716589 0.722100375 0.754809119 0.743090229 0.747818900 0.743064583 0.776189856 0.717538701 0.746832355 1.458771701 
33     0.404475192 0.407608133 0.428973806 0.513433833 0.499258474 0.500722252 0.441354870 0.474205370 0.495072945 0.482736030 0.442744483 0.444950846 0.458866935 0.448593612 0.465420019 0.491962124 0.456674025 0.455882560 0.484303508 0.476361528 0.474060015 0.709832557 0.000000000 0.299348233 0.290361357 0.404489949 0.416537209 0.417161705 0.409224212 0.411362326 0.316683025 0.557354536 0.533850308 0.520917234 0.444260262 0.453224301 0.454276038 0.453134626 0.641694233 0.639860766 0.425229200 0.444377379 0.427761166 0.460469909 0.448726668 0.453455338 0.448701022 0.481826294 0.423175140 0.452468794 1.166396417 
47     0.379348966 0.382481906 0.404077940 0.488668822 0.474493463 0.475957242 0.416589860 0.449440360 0.470307935 0.457971020 0.417979472 0.420185836 0.434101924 0.423828602 0.440655009 0.467197114 0.431909015 0.431117550 0.459538498 0.451596517 0.449295005 0.684745945 0.299348233 0.000000000 0.074945466 0.379980786 0.391866880 0.392491376 0.384573137 0.386703762 0.292123612 0.532216300 0.508712072 0.495778998 0.418969029 0.427928343 0.428980081 0.427838669 0.616420410 0.614586943 0.399955377 0.419123827 0.402507613 0.435216357 0.423473115 0.428201786 0.423447469 0.456572742 0.397921587 0.427215242 1.141267571 
46     0.370320042 0.373452983 0.395049016 0.479639899 0.465464540 0.466928318 0.407560936 0.440411436 0.461279011 0.448942096 0.408950549 0.411156912 0.425073001 0.414799678 0.431626085 0.458168190 0.422880091 0.422088626 0.450509574 0.442567594 0.440266081 0.675717021 0.290361357 0.074945466 0.000000000 0.370412815 0.382007510 0.382109040 0.374704597 0.376835221 0.283115530 0.523187376 0.499683149 0.486750075 0.409940105 0.418899420 0.419951157 0.418809745 0.607391486 0.605558020 0.390926454 0.410094903 0.393478690 0.426187433 0.414444192 0.419172862 0.414418546 0.447543819 0.388892664 0.418186318 1.132238647 
48     0.463533967 0.466666908 0.488002756 0.572018443 0.557843084 0.559306863 0.499939481 0.532789980 0.553657556 0.541320641 0.501329093 0.503535457 0.517451545 0.507178223 0.524004630 0.550546735 0.515258636 0.514467171 0.542697629 0.534946138 0.532644626 0.767983094 0.404489949 0.379980786 0.370412815 0.000000000 0.250284713 0.251394232 0.243459494 0.245726497 0.315643104 0.616505069 0.593000842 0.580067768 0.503151039 0.512115078 0.513166815 0.512025403 0.700585009 0.698751543 0.484119977 0.503268156 0.486651942 0.519360686 0.507617444 0.512346115 0.507591799 0.540717071 0.482065916 0.511359571 1.225264129 
6     0.475753782 0.478886723 0.500222571 0.584165784 0.570003692 0.571467471 0.512100089 0.544930110 0.565789657 0.553452743 0.513475693 0.515682057 0.529612173 0.519338851 0.536165258 0.562707363 0.527419264 0.526627799 0.554858257 0.547106766 0.544805254 0.780343249 0.416537209 0.391866880 0.382007510 0.250284713 0.000000000 0.061218268 0.084888345 0.089473674 0.325868477 0.628718107 0.605213880 0.592280806 0.515364077 0.524328116 0.525379853 0.524238441 0.712798047 0.710964581 0.496333015 0.515481194 0.498864980 0.531573724 0.519830482 0.524559153 0.519804836 0.552930109 0.494278954 0.523572609 1.237477474 
13     0.476378279 0.479511219 0.500847068 0.584790280 0.570628189 0.572091967 0.512724585 0.545554607 0.566414154 0.554077239 0.514100190 0.516306554 0.530236670 0.519963348 0.536789755 0.563331859 0.528043760 0.527252296 0.555482753 0.547731263 0.545429750 0.780967746 0.417161705 0.392491376 0.382109040 0.251394232 0.061218268 0.000000000 0.086688775 0.088257896 0.326582122 0.629342604 0.605838376 0.592905302 0.515988573 0.524952612 0.526004350 0.524862937 0.713422544 0.711589077 0.496957511 0.516105691 0.499489477 0.532198221 0.520454979 0.525183649 0.520429333 0.553554606 0.494903451 0.524197105 1.238101971 
8     0.468467632 0.471600572 0.492936420 0.576952125 0.562776767 0.564240545 0.504873163 0.537723663 0.558591238 0.546254323 0.506262775 0.508469139 0.522385228 0.512111905 0.528938312 0.555480417 0.520192318 0.519400853 0.547631311 0.539879820 0.537578308 0.773063876 0.409224212 0.384573137 0.374704597 0.243459494 0.084888345 0.086688775 0.000000000 0.053538492 0.318499865 0.621438734 0.597934506 0.585001432 0.508084703 0.517048742 0.518100480 0.516959067 0.705518674 0.703685207 0.489053641 0.508201821 0.491585607 0.524294351 0.512551109 0.517279779 0.512525463 0.545650736 0.486999581 0.516293235 1.230197793 
7     0.470413187 0.473546128 0.494888112 0.579033600 0.564858241 0.566322020 0.506954638 0.539805137 0.560672713 0.548335798 0.508344250 0.510550614 0.524466702 0.514193380 0.531019787 0.557561892 0.522273793 0.521482328 0.549712786 0.541961295 0.539659783 0.775160451 0.411362326 0.386703762 0.376835221 0.245726497 0.089473674 0.088257896 0.053538492 0.000000000 0.320742108 0.623530063 0.600025835 0.587092761 0.510011720 0.518975759 0.520027497 0.518886085 0.707445691 0.705612225 0.490980659 0.509750675 0.493189863 0.525898607 0.514383950 0.519112620 0.514358304 0.547483576 0.488832422 0.518126076 1.232248840 
29     0.374996626 0.378129566 0.399447296 0.483625420 0.469255878 0.470719657 0.411546458 0.444396958 0.465264533 0.452927618 0.412936070 0.415142434 0.429040455 0.418767132 0.435593539 0.462135644 0.426847545 0.426056081 0.454151368 0.446535048 0.444233535 0.679604404 0.316683025 0.292123612 0.283115530 0.315643104 0.325868477 0.326582122 0.318499865 0.320742108 0.000000000 0.528270918 0.504766691 0.491833617 0.414587922 0.423551961 0.424603699 0.423462286 0.611971297 0.610137830 0.395449437 0.414899649 0.398283435 0.430992179 0.419248938 0.423977608 0.419223292 0.452348564 0.393697409 0.422991064 1.136922756 
50     0.496698512 0.499831452 0.520738708 0.617191817 0.603003020 0.604466799 0.545093882 0.577946960 0.598814535 0.586477620 0.546489262 0.548692436 0.561789650 0.551769468 0.567799362 0.595137980 0.559849881 0.559058416 0.587559918 0.579437624 0.577136111 0.851123000 0.557354536 0.532216300 0.523187376 0.616505069 0.628718107 0.629342604 0.621438734 0.623530063 0.528270918 0.000000000 0.132138795 0.135811716 0.526764648 0.535739943 0.536791681 0.535650268 0.724249643 0.722416177 0.507777153 0.527085060 0.510492168 0.543200912 0.531795729 0.536524400 0.531750469 0.564875742 0.506224587 0.535518241 1.258658304 
44     0.473194284 0.476327225 0.497234480 0.593685076 0.579496279 0.580960058 0.521587141 0.554440218 0.575307794 0.562970879 0.522982520 0.525185695 0.538303346 0.528283165 0.544281051 0.571651677 0.536363577 0.535572113 0.564073614 0.555951320 0.553649808 0.827618772 0.533850308 0.508712072 0.499683149 0.593000842 0.605213880 0.605838376 0.597934506 0.600025835 0.504766691 0.132138795 0.000000000 0.108877251 0.503270105 0.512245400 0.513297138 0.512155725 0.700755100 0.698921634 0.484282610 0.503590517 0.486997625 0.519706369 0.508301186 0.513029857 0.508255926 0.541381199 0.482730044 0.512023698 1.235154077 
39     0.460262394 0.463395335 0.484322246 0.580681863 0.566462348 0.567926126 0.508583929 0.541403891 0.562271466 0.549934552 0.509946193 0.512149368 0.525259339 0.515188678 0.531194769 0.558553641 0.523177994 0.522386529 0.550969817 0.542847523 0.540546011 0.814685698 0.520917234 0.495778998 0.486750075 0.580067768 0.592280806 0.592905302 0.585001432 0.587092761 0.491833617 0.135811716 0.108877251 0.000000000 0.490326074 0.499301369 0.500353106 0.499211694 0.687811069 0.685977603 0.471338579 0.490646486 0.474053594 0.506762338 0.495357155 0.500085825 0.495311895 0.528437168 0.469786013 0.499079667 1.222222187 
20     0.384646905 0.387779846 0.408031853 0.503914954 0.489735900 0.491199679 0.431826762 0.464681298 0.485548873 0.473211959 0.433222283 0.435428414 0.448632356 0.438361590 0.455118178 0.481730102 0.446442002 0.445650538 0.474253733 0.466126949 0.463825437 0.737723200 0.444260262 0.418969029 0.409940105 0.503151039 0.515364077 0.515988573 0.508084703 0.510011720 0.414587922 0.526764648 0.503270105 0.490326074 0.000000000 0.101687101 0.101784318 0.100673577 0.445422941 0.443875431 0.225682026 0.303754847 0.287238297 0.319814173 0.309819662 0.314548332 0.309715720 0.342698432 0.284017576 0.313429712 1.145630117 
18     0.393629104 0.396762045 0.417014052 0.512878993 0.498699939 0.500163718 0.440790801 0.473645337 0.494512912 0.482175998 0.442186322 0.444392453 0.457596395 0.447325629 0.464082217 0.490694141 0.455406041 0.454614577 0.483217772 0.475090988 0.472789476 0.746687239 0.453224301 0.427928343 0.418899420 0.512115078 0.524328116 0.524952612 0.517048742 0.518975759 0.423551961 0.535739943 0.512245400 0.499301369 0.101687101 0.000000000 0.056863567 0.054127748 0.454646540 0.453099029 0.234761595 0.312808799 0.296292249 0.328868124 0.318873613 0.323602284 0.318769671 0.351752383 0.293071527 0.322483663 1.153933570 
25     0.394680842 0.397813782 0.418065789 0.513930730 0.499751677 0.501215455 0.441842539 0.474697075 0.495564650 0.483227735 0.443238059 0.445444191 0.458648133 0.448377366 0.465133955 0.491745878 0.456457779 0.455666314 0.484269509 0.476142726 0.473841213 0.747738976 0.454276038 0.428980081 0.419951157 0.513166815 0.525379853 0.526004350 0.518100480 0.520027497 0.424603699 0.536791681 0.513297138 0.500353106 0.101784318 0.056863567 0.000000000 0.051184009 0.455795806 0.454248296 0.235910861 0.313860536 0.297343986 0.329919862 0.319925351 0.324654021 0.319821409 0.352804121 0.294123265 0.323535401 1.154985308 
17     0.393539429 0.396672370 0.416924377 0.512789318 0.498610265 0.500074043 0.440701126 0.473555663 0.494423238 0.482086323 0.442096647 0.444302778 0.457506721 0.447235954 0.463992543 0.490604466 0.455316367 0.454524902 0.483128097 0.475001313 0.472699801 0.746597564 0.453134626 0.427838669 0.418809745 0.512025403 0.524238441 0.524862937 0.516959067 0.518886085 0.423462286 0.535650268 0.512155725 0.499211694 0.100673577 0.054127748 0.051184009 0.000000000 0.454642965 0.453095454 0.234758020 0.312719124 0.296202574 0.328778449 0.318783939 0.323512609 0.318679997 0.351662709 0.292981853 0.322393988 1.153843895 
23     0.582117136 0.585250077 0.605436984 0.701485819 0.687308405 0.688772184 0.629399267 0.662253803 0.683121378 0.670784464 0.630793148 0.632999280 0.646141585 0.635870819 0.652627408 0.679239331 0.643951232 0.643159767 0.671762962 0.663636178 0.661334666 0.934753336 0.641694233 0.616420410 0.607391486 0.700585009 0.712798047 0.713422544 0.705518674 0.707445691 0.611971297 0.724249643 0.700755100 0.687811069 0.445422941 0.454646540 0.455795806 0.454642965 0.000000000 0.113241540 0.405285292 0.501547165 0.485141243 0.517715426 0.507070432 0.511799103 0.507453239 0.540358170 0.481755095 0.511141924 1.342926356 
27     0.580283670 0.583416610 0.603603518 0.699652353 0.685474939 0.686938717 0.627565801 0.660420337 0.681287912 0.668950997 0.628959682 0.631165813 0.644308119 0.634037353 0.650793941 0.677405865 0.642117765 0.641326301 0.669929496 0.661802712 0.659501200 0.932919870 0.639860766 0.614586943 0.605558020 0.698751543 0.710964581 0.711589077 0.703685207 0.705612225 0.610137830 0.722416177 0.698921634 0.685977603 0.443875431 0.453099029 0.454248296 0.453095454 0.113241540 0.000000000 0.403725540 0.499521611 0.483115689 0.515689873 0.505150757 0.509879428 0.505533564 0.538438495 0.479835420 0.509222249 1.341092890 
22     0.365650578 0.368783518 0.388966958 0.484994299 0.470816885 0.472280664 0.412907747 0.445762283 0.466629858 0.454292944 0.414301628 0.416507760 0.429663151 0.419392384 0.436148973 0.462760896 0.427472797 0.426681332 0.455284527 0.447157744 0.444856231 0.718704692 0.425229200 0.399955377 0.390926454 0.484119977 0.496333015 0.496957511 0.489053641 0.490980659 0.395449437 0.507777153 0.484282610 0.471338579 0.225682026 0.234761595 0.235910861 0.234758020 0.405285292 0.403725540 0.000000000 0.284588473 0.268163234 0.300737417 0.290293394 0.295022065 0.290678794 0.323694281 0.264980650 0.294411039 1.126217966 
9     0.385209231 0.388342172 0.408874009 0.504026612 0.489891021 0.491354799 0.431981882 0.464834509 0.485702084 0.473365169 0.433375763 0.435581895 0.449031439 0.438760672 0.455517261 0.482129184 0.446841085 0.446049620 0.474652815 0.466526031 0.464224519 0.738716589 0.444377379 0.419123827 0.410094903 0.503268156 0.515481194 0.516105691 0.508201821 0.509750675 0.414899649 0.527085060 0.503590517 0.490646486 0.303754847 0.312808799 0.313860536 0.312719124 0.501547165 0.499521611 0.284588473 0.000000000 0.144583548 0.176983637 0.259311631 0.264038944 0.259413450 0.292496286 0.233788842 0.263244031 1.146178517 
40     0.368593017 0.371725958 0.392257795 0.487395642 0.473260051 0.474723829 0.415350912 0.448203539 0.469071114 0.456734199 0.416744794 0.418950925 0.432378565 0.422107799 0.438864387 0.465476310 0.430188211 0.429396747 0.457999942 0.449873158 0.447571645 0.722100375 0.427761166 0.402507613 0.393478690 0.486651942 0.498864980 0.499489477 0.491585607 0.493189863 0.398283435 0.510492168 0.486997625 0.474053594 0.287238297 0.296292249 0.297343986 0.296202574 0.485141243 0.483115689 0.268163234 0.144583548 0.000000000 0.095633779 0.242946980 0.247674293 0.243002356 0.276085232 0.217388794 0.246872641 1.129561536 
45     0.401301761 0.404434702 0.424966539 0.520104386 0.505968795 0.507432573 0.448059656 0.480912283 0.501779858 0.489442943 0.449453538 0.451659669 0.465087309 0.454816542 0.471573131 0.498185054 0.462896955 0.462105490 0.490708685 0.482581902 0.480280389 0.754809119 0.460469909 0.435216357 0.426187433 0.519360686 0.531573724 0.532198221 0.524294351 0.525898607 0.430992179 0.543200912 0.519706369 0.506762338 0.319814173 0.328868124 0.329919862 0.328778449 0.517715426 0.515689873 0.300737417 0.176983637 0.095633779 0.000000000 0.275430461 0.280157774 0.275485837 0.308568672 0.249872235 0.279356122 1.162270280 
42     0.389705183 0.392838123 0.413303552 0.508479494 0.494371207 0.495834985 0.436462068 0.469314695 0.490182270 0.477845355 0.437855949 0.440062081 0.453816899 0.443546132 0.460302721 0.486914644 0.451626545 0.450835080 0.479438275 0.471311492 0.469009979 0.743090229 0.448726668 0.423473115 0.414444192 0.507617444 0.519830482 0.520454979 0.512551109 0.514383950 0.419248938 0.531795729 0.508301186 0.495357155 0.309819662 0.318873613 0.319925351 0.318783939 0.507070432 0.505150757 0.290293394 0.259311631 0.242946980 0.275430461 0.000000000 0.074762114 0.172365952 0.205852133 0.147132148 0.175441794 1.150784815 
4     0.394433853 0.397566794 0.418032223 0.513208165 0.499099877 0.500563656 0.441190739 0.474043365 0.494910940 0.482574026 0.442584620 0.444790751 0.458545570 0.448274803 0.465031392 0.491643315 0.456355216 0.455563751 0.484166946 0.476040162 0.473738650 0.747818900 0.453455338 0.428201786 0.419172862 0.512346115 0.524559153 0.525183649 0.517279779 0.519112620 0.423977608 0.536524400 0.513029857 0.500085825 0.314548332 0.323602284 0.324654021 0.323512609 0.511799103 0.509879428 0.295022065 0.264038944 0.247674293 0.280157774 0.074762114 0.000000000 0.177205137 0.210530006 0.151796191 0.180764808 1.155513486 
11     0.389677028 0.392809969 0.413282372 0.508427214 0.494335170 0.495798948 0.436426031 0.469278658 0.490146233 0.477809318 0.437819913 0.440026044 0.453780862 0.443510096 0.460266684 0.486878608 0.451590508 0.450799044 0.479402239 0.471275455 0.468973943 0.743064583 0.448701022 0.423447469 0.414418546 0.507591799 0.519804836 0.520429333 0.512525463 0.514358304 0.419223292 0.531750469 0.508255926 0.495311895 0.309715720 0.318769671 0.319821409 0.318679997 0.507453239 0.505533564 0.290678794 0.259413450 0.243002356 0.275485837 0.172365952 0.177205137 0.000000000 0.135379233 0.115136773 0.170208939 1.150831014 
26     0.422802301 0.425935242 0.446403179 0.541552487 0.527460443 0.528924221 0.469551304 0.502403931 0.523271506 0.510934591 0.470945185 0.473151317 0.486906135 0.476635368 0.493391957 0.520003880 0.484715781 0.483924316 0.512527511 0.504400728 0.502099215 0.776189856 0.481826294 0.456572742 0.447543819 0.540717071 0.552930109 0.553554606 0.545650736 0.547483576 0.452348564 0.564875742 0.541381199 0.528437168 0.342698432 0.351752383 0.352804121 0.351662709 0.540358170 0.538438495 0.323694281 0.292496286 0.276085232 0.308568672 0.205852133 0.210530006 0.135379233 0.000000000 0.148230151 0.202872597 1.183956287 
36     0.364151146 0.367284087 0.387752024 0.482894573 0.468809288 0.470273066 0.410900149 0.443752776 0.464620351 0.452283436 0.412294031 0.414500162 0.428254980 0.417984214 0.434740802 0.461352725 0.426064626 0.425273162 0.453876357 0.445749573 0.443448060 0.717538701 0.423175140 0.397921587 0.388892664 0.482065916 0.494278954 0.494903451 0.486999581 0.488832422 0.393697409 0.506224587 0.482730044 0.469786013 0.284017576 0.293071527 0.294123265 0.292981853 0.481755095 0.479835420 0.264980650 0.233788842 0.217388794 0.249872235 0.147132148 0.151796191 0.115136773 0.148230151 0.000000000 0.142450559 1.125305132 
49     0.393471454 0.396604394 0.417045679 0.512135197 0.498019901 0.499483680 0.440119190 0.472971817 0.493839392 0.481502477 0.441513071 0.443719203 0.457359439 0.447088673 0.463845262 0.490457185 0.455169086 0.454377621 0.482980816 0.474854032 0.472552520 0.746832355 0.452468794 0.427215242 0.418186318 0.511359571 0.523572609 0.524197105 0.516293235 0.518126076 0.422991064 0.535518241 0.512023698 0.499079667 0.313429712 0.322483663 0.323535401 0.322393988 0.511141924 0.509222249 0.294411039 0.263244031 0.246872641 0.279356122 0.175441794 0.180764808 0.170208939 0.202872597 0.142450559 0.000000000 1.154598786 
0     1.105533141 1.108666082 1.126626150 1.226433932 1.212268307 1.213732085 1.154359168 1.187210336 1.208077911 1.195740997 1.155754548 1.157957722 1.171872371 1.161599027 1.178425434 1.204967539 1.169679440 1.168887975 1.197493441 1.189366963 1.187065451 1.458771701 1.166396417 1.141267571 1.132238647 1.225264129 1.237477474 1.238101971 1.230197793 1.232248840 1.136922756 1.258658304 1.235154077 1.222222187 1.145630117 1.153933570 1.154985308 1.153843895 1.342926356 1.341092890 1.126217966 1.146178517 1.129561536 1.162270280 1.150784815 1.155513486 1.150831014 1.183956287 1.125305132 1.154598786 0.000000000 
