51
36     0.000000000 0.023952252 0.023471251 0.040991193 0.044256394 0.045131469 0.056142973 0.038789718 0.045759406 0.043263163 0.041429156 0.043322179 0.042498750 0.074132831 0.074183332 0.073541926 0.058910302 0.056791764 0.056841330 0.054370595 0.054457038 0.054460190 0.072890320 0.056621923 0.065590358 0.061905070 0.057088823 0.068973909 0.055025281 0.058791446 0.058921343 0.078927602 0.072884803 0.077560653 0.066549970 0.067403668 0.067146383 0.072144230 0.061572080 0.063980015 0.060888715 0.070112883 0.070345725 0.061262708 0.057987190 0.059247506 0.055008391 0.053027172 0.053347453 0.053131692 0.067453699 
37     0.023952252 0.000000000 0.013766665 0.048674029 0.051938163 0.052813053 0.063845109 0.046577238 0.053544525 0.051058756 0.049224748 0.051016593 0.050294342 0.081876456 0.081926957 0.081285551 0.066663556 0.064545018 0.064594583 0.062119531 0.062205973 0.062209126 0.080638083 0.064369686 0.073333443 0.069648155 0.064831908 0.076716994 0.062769393 0.066535559 0.066665456 0.086668594 0.080625796 0.085301646 0.074289621 0.075143372 0.074887376 0.079883934 0.069314275 0.071722210 0.068630910 0.077855249 0.078088091 0.069005793 0.065730275 0.066990591 0.062751476 0.060770257 0.061090538 0.060874777 0.075196784 
41     0.023471251 0.013766665 0.000000000 0.048412844 0.051676979 0.052551869 0.063583925 0.046320266 0.053287554 0.050795794 0.048961787 0.050753632 0.050031381 0.081610564 0.081661065 0.081019659 0.066397663 0.064279125 0.064328691 0.061853638 0.061940081 0.061943233 0.080372190 0.064103793 0.073067551 0.069382263 0.064566015 0.076451102 0.062503501 0.066269667 0.066399563 0.086402702 0.080359903 0.085035753 0.074023728 0.074877479 0.074621483 0.079618042 0.069048382 0.071456317 0.068365018 0.077589357 0.077822198 0.068739900 0.065464382 0.066724698 0.062485584 0.060504365 0.060824645 0.060608885 0.074930892 
24     0.040991193 0.048674029 0.048412844 0.000000000 0.006292291 0.012140882 0.028000330 0.015884514 0.022808598 0.020339046 0.018507260 0.020461779 0.019579212 0.051075026 0.051125528 0.050484135 0.035868773 0.033750236 0.033799801 0.031324800 0.031411243 0.031414395 0.049847176 0.033578779 0.042583391 0.038883636 0.034067388 0.045953541 0.031958740 0.035724905 0.035854802 0.055862047 0.049818832 0.054494682 0.043485360 0.044339057 0.044081773 0.049079619 0.038510544 0.040918479 0.037827179 0.047051346 0.047284188 0.038204957 0.034929439 0.036189755 0.031950641 0.029969422 0.030289702 0.030073942 0.044404573 
3     0.044256394 0.051938163 0.051676979 0.006292291 0.000000000 0.015457607 0.031304740 0.019196193 0.026120276 0.023654059 0.021822272 0.023776791 0.022906305 0.054392992 0.054443493 0.053802100 0.039187397 0.037068859 0.037118425 0.034643662 0.034730105 0.034733257 0.053165800 0.036897403 0.045904123 0.042204369 0.037388121 0.049272402 0.035281692 0.039047858 0.039177755 0.059193246 0.053150448 0.057826298 0.046815615 0.047669312 0.047412028 0.052409874 0.041837725 0.044245660 0.041154360 0.050378527 0.050611369 0.041525020 0.038249501 0.039509818 0.035270703 0.033289484 0.033609765 0.033394004 0.047724993 
27     0.045131469 0.052813053 0.052551869 0.012140882 0.015457607 0.000000000 0.032011390 0.020016492 0.026935532 0.024438432 0.022605187 0.024561165 0.023677011 0.055176517 0.055227018 0.054585626 0.039975197 0.037856659 0.037906225 0.035431462 0.035517905 0.035521057 0.053953600 0.037685203 0.046691923 0.042992169 0.038175921 0.050060202 0.036069492 0.039835658 0.039965555 0.059981046 0.053938248 0.058614098 0.047603415 0.048457112 0.048199828 0.053197674 0.042625525 0.045033460 0.041942160 0.051166327 0.051399169 0.042312820 0.039037302 0.040297618 0.036058503 0.034077284 0.034397565 0.034181804 0.048512793 
6     0.056142973 0.063845109 0.063583925 0.028000330 0.031304740 0.032011390 0.000000000 0.030938081 0.037868459 0.035381130 0.033546713 0.035483692 0.034632111 0.066090991 0.066141492 0.065500100 0.050922888 0.048804350 0.048853916 0.046374091 0.046460533 0.046463686 0.064897711 0.048629315 0.057595867 0.053896112 0.049079865 0.060964301 0.047000444 0.050766610 0.050896506 0.070905932 0.064863133 0.069538983 0.058528300 0.059381998 0.059124713 0.064122560 0.053550410 0.055958345 0.052867045 0.062091213 0.062324055 0.053233203 0.049957685 0.051218001 0.046978253 0.044997041 0.045317321 0.045101560 0.059434248 
17     0.038789718 0.046577238 0.046320266 0.015884514 0.019196193 0.020016492 0.030938081 0.000000000 0.012962906 0.017642887 0.015807709 0.017753798 0.016885667 0.048287052 0.048345102 0.047703710 0.033166611 0.031048073 0.031097638 0.028608180 0.028694622 0.028697775 0.047131510 0.030863113 0.039829555 0.036130001 0.031313753 0.043210807 0.029210515 0.032976681 0.033106577 0.053091364 0.047048566 0.051724416 0.040713733 0.041567430 0.041310146 0.046307992 0.035724548 0.038132483 0.035041183 0.044265351 0.044498193 0.035471713 0.032196195 0.033456511 0.029217397 0.027236178 0.027556458 0.027340697 0.041666017 
5     0.045759406 0.053544525 0.053287554 0.022808598 0.026120276 0.026935532 0.037868459 0.012962906 0.000000000 0.024625697 0.022790518 0.024738247 0.023874114 0.055262276 0.055312777 0.054671385 0.040128460 0.038009922 0.038059488 0.035570030 0.035656472 0.035659625 0.054093359 0.037824962 0.046791498 0.043091944 0.038275696 0.050168590 0.036190489 0.039956654 0.040086551 0.060119559 0.054076760 0.058752611 0.047741928 0.048595625 0.048338340 0.053336187 0.042764037 0.045171972 0.042080673 0.051304840 0.051537682 0.042412798 0.039137280 0.040397596 0.036165209 0.034183990 0.034504270 0.034288510 0.048625240 
43     0.043263163 0.051058756 0.050795794 0.020339046 0.023654059 0.024438432 0.035381130 0.017642887 0.024625697 0.000000000 0.005546874 0.009113698 0.009584207 0.050814436 0.050865608 0.050224202 0.035640572 0.033522034 0.033571600 0.031093138 0.031180356 0.031183509 0.049617251 0.033348854 0.042187527 0.038484446 0.033668198 0.045570738 0.031667386 0.035425725 0.035555622 0.055597603 0.049554805 0.054230655 0.043219972 0.044073670 0.043816385 0.048814232 0.038242082 0.040650017 0.037558717 0.046782885 0.047015727 0.037890638 0.034615120 0.035875436 0.031636466 0.029655247 0.029975527 0.029759767 0.044080406 
15     0.041429156 0.049224748 0.048961787 0.018507260 0.021822272 0.022605187 0.033546713 0.015807709 0.022790518 0.005546874 0.000000000 0.007352273 0.007719816 0.048980019 0.049031191 0.048389785 0.033806155 0.031687617 0.031737183 0.029258721 0.029345939 0.029349092 0.047782834 0.031514437 0.040353110 0.036650029 0.031833781 0.043736321 0.029832969 0.033591308 0.033721205 0.053763186 0.047720388 0.052396238 0.041385555 0.042239253 0.041981968 0.046979815 0.036407665 0.038815600 0.035724300 0.044948468 0.045181310 0.036056221 0.032780703 0.034041019 0.029802049 0.027820830 0.028141110 0.027925350 0.042245989 
2     0.043322179 0.051016593 0.050753632 0.020461779 0.023776791 0.024561165 0.035483692 0.017753798 0.024738247 0.009113698 0.007352273 0.000000000 0.009675508 0.050947427 0.050998600 0.050357194 0.035773911 0.033655373 0.033704939 0.031226477 0.031313695 0.031316848 0.049750590 0.033482193 0.042316269 0.038613187 0.033796939 0.045699479 0.031798383 0.035556722 0.035686619 0.055728600 0.049685802 0.054361652 0.043350969 0.044204666 0.043947381 0.048945228 0.038373078 0.040781013 0.037689714 0.046913881 0.047146723 0.038021584 0.034746066 0.036006382 0.031767412 0.029786193 0.030106473 0.029890712 0.044211351 
14     0.042498750 0.050294342 0.050031381 0.019579212 0.022906305 0.023677011 0.034632111 0.016885667 0.023874114 0.009584207 0.007719816 0.009675508 0.000000000 0.050080706 0.050131878 0.049490472 0.034907786 0.032789248 0.032838814 0.030360352 0.030447570 0.030450723 0.048884466 0.032616069 0.041447703 0.037744621 0.032928373 0.044824133 0.030932258 0.034697742 0.034827639 0.054862476 0.048819677 0.053495527 0.042484844 0.043338542 0.043081257 0.048079104 0.037506954 0.039914889 0.036823589 0.046047757 0.046280599 0.037155459 0.033879941 0.035140257 0.030901287 0.028920068 0.029240349 0.029024588 0.043345227 
20     0.074132831 0.081876456 0.081610564 0.051075026 0.054392992 0.055176517 0.066090991 0.048287052 0.055262276 0.050814436 0.048980019 0.050947427 0.050080706 0.000000000 0.009348647 0.018559408 0.061931587 0.059804078 0.059851206 0.057407375 0.057491803 0.057495004 0.075871658 0.059603287 0.068441769 0.064741946 0.059926227 0.071809533 0.057742455 0.061310610 0.061440507 0.081671996 0.075629198 0.080305048 0.069294365 0.070148062 0.069890778 0.074887249 0.064315099 0.066723034 0.063631734 0.072855902 0.073088744 0.063973397 0.060697270 0.061957586 0.057713437 0.055732218 0.056052499 0.055836738 0.070195613 
26     0.074183332 0.081926957 0.081661065 0.051125528 0.054443493 0.055227018 0.066141492 0.048345102 0.055312777 0.050865608 0.049031191 0.050998600 0.050131878 0.009348647 0.000000000 0.018496153 0.062026830 0.059908292 0.059957857 0.057475932 0.057560360 0.057563562 0.075947747 0.059679376 0.068494191 0.064794368 0.059978649 0.071861955 0.057800104 0.061368259 0.061498156 0.081730065 0.075687267 0.080363117 0.069352434 0.070206132 0.069948847 0.074945318 0.064373168 0.066781103 0.063689803 0.072913971 0.073146813 0.064031046 0.060754919 0.062015235 0.057771087 0.055789868 0.056110148 0.055894387 0.070253262 
13     0.073541926 0.081285551 0.081019659 0.050484135 0.053802100 0.054585626 0.065500100 0.047703710 0.054671385 0.050224202 0.048389785 0.050357194 0.049490472 0.018559408 0.018496153 0.000000000 0.061385311 0.059266773 0.059316338 0.056834413 0.056918841 0.056922043 0.075309266 0.059040895 0.067869367 0.064169544 0.059353825 0.071237131 0.057163826 0.060726293 0.060856190 0.081093858 0.075051059 0.079726909 0.068716226 0.069569924 0.069312639 0.074309111 0.063736961 0.066144896 0.063053596 0.072277764 0.072510606 0.063394312 0.060118185 0.061378501 0.057132457 0.055148275 0.055468556 0.055254696 0.069617240 
21     0.058910302 0.066663556 0.066397663 0.035868773 0.039187397 0.039975197 0.050922888 0.033166611 0.040128460 0.035640572 0.033806155 0.035773911 0.034907786 0.061931587 0.062026830 0.061385311 0.000000000 0.008800945 0.008711867 0.024155026 0.024242602 0.024306844 0.046183751 0.029784173 0.051499775 0.047775784 0.042960065 0.054813605 0.040496342 0.044320948 0.044450845 0.064469416 0.058426618 0.063102468 0.052091785 0.052945483 0.052688198 0.057684669 0.047110250 0.049522658 0.046429155 0.055657795 0.055890637 0.046889622 0.043621281 0.044881598 0.040647964 0.038666745 0.038987026 0.038771265 0.053005261 
25     0.056791764 0.064545018 0.064279125 0.033750236 0.037068859 0.037856659 0.048804350 0.031048073 0.038009922 0.033522034 0.031687617 0.033655373 0.032789248 0.059804078 0.059908292 0.059266773 0.008800945 0.000000000 0.003426559 0.022048050 0.022135625 0.022199867 0.044070143 0.027670291 0.049381237 0.045657246 0.040841527 0.052695067 0.038377804 0.042202410 0.042332307 0.062350878 0.056308080 0.060983930 0.049973247 0.050826945 0.050569660 0.055566131 0.044991712 0.047404120 0.044310617 0.053539258 0.053772099 0.044771084 0.041502743 0.042763060 0.038529426 0.036548207 0.036868488 0.036652727 0.050886723 
1     0.056841330 0.064594583 0.064328691 0.033799801 0.037118425 0.037906225 0.048853916 0.031097638 0.038059488 0.033571600 0.031737183 0.033704939 0.032838814 0.059851206 0.059957857 0.059316338 0.008711867 0.003426559 0.000000000 0.022080148 0.022168464 0.022232707 0.044124126 0.027724548 0.049430803 0.045706812 0.040891093 0.052744633 0.038427370 0.042251976 0.042381873 0.062400444 0.056357646 0.061033496 0.050022813 0.050876510 0.050619226 0.055615697 0.045041278 0.047453686 0.044360182 0.053588823 0.053821665 0.044820650 0.041552309 0.042812625 0.038578992 0.036597773 0.036918054 0.036702293 0.050936289 
7     0.054370595 0.062119531 0.061853638 0.031324800 0.034643662 0.035431462 0.046374091 0.028608180 0.035570030 0.031093138 0.029258721 0.031226477 0.030360352 0.057407375 0.057475932 0.056834413 0.024155026 0.022048050 0.022080148 0.000000000 0.006000742 0.005980712 0.041579891 0.025226335 0.046912095 0.043197088 0.038381369 0.050249633 0.035907167 0.039731773 0.039861670 0.059885025 0.053842227 0.058518077 0.047507394 0.048361091 0.048103807 0.053100278 0.042525859 0.044938267 0.041844763 0.051073404 0.051306246 0.042314693 0.039043148 0.040303464 0.036073036 0.034091817 0.034412097 0.034196336 0.048506031 
10     0.054457038 0.062205973 0.061940081 0.031411243 0.034730105 0.035517905 0.046460533 0.028694622 0.035656472 0.031180356 0.029345939 0.031313695 0.030447570 0.057491803 0.057560360 0.056918841 0.024242602 0.022135625 0.022168464 0.006000742 0.000000000 0.001575646 0.041666862 0.025313305 0.046911972 0.043232798 0.038417079 0.050313608 0.035991038 0.039815645 0.039945542 0.059968896 0.053926098 0.058601948 0.047591265 0.048444963 0.048187678 0.053184149 0.042609730 0.045022138 0.041928635 0.051157275 0.051390117 0.042391474 0.039119167 0.040379483 0.036149817 0.034168598 0.034488878 0.034273118 0.048582812 
18     0.054460190 0.062209126 0.061943233 0.031414395 0.034733257 0.035521057 0.046463686 0.028697775 0.035659625 0.031183509 0.029349092 0.031316848 0.030450723 0.057495004 0.057563562 0.056922043 0.024306844 0.022199867 0.022232707 0.005980712 0.001575646 0.000000000 0.041677137 0.025323580 0.046915173 0.043236000 0.038420281 0.050316809 0.035994240 0.039818846 0.039948743 0.059972098 0.053929299 0.058605149 0.047594466 0.048448164 0.048190879 0.053187351 0.042612931 0.045025339 0.041931836 0.051160477 0.051393319 0.042394676 0.039122368 0.040382684 0.036153019 0.034171800 0.034492080 0.034276319 0.048586014 
42     0.072890320 0.080638083 0.080372190 0.049847176 0.053165800 0.053953600 0.064897711 0.047131510 0.054093359 0.049617251 0.047782834 0.049750590 0.048884466 0.075871658 0.075947747 0.075309266 0.046183751 0.044070143 0.044124126 0.041579891 0.041666862 0.041677137 0.000000000 0.029166436 0.065441149 0.061717158 0.056901439 0.068741679 0.054390792 0.058215399 0.058345295 0.078386070 0.072343272 0.077019122 0.066008439 0.066862136 0.066604851 0.071601323 0.061026903 0.063439312 0.060345808 0.069574449 0.069807291 0.060806868 0.057538804 0.058799121 0.054565211 0.052583992 0.052904272 0.052688511 0.066981876 
32     0.056621923 0.064369686 0.064103793 0.033578779 0.036897403 0.037685203 0.048629315 0.030863113 0.037824962 0.033348854 0.031514437 0.033482193 0.032616069 0.059603287 0.059679376 0.059040895 0.029784173 0.027670291 0.027724548 0.025226335 0.025313305 0.025323580 0.029166436 0.000000000 0.049172032 0.045448041 0.040632322 0.052470532 0.038121298 0.041945904 0.042075801 0.062116575 0.056073777 0.060749627 0.049738944 0.050592641 0.050335357 0.055331828 0.044757409 0.047169817 0.044076313 0.053304954 0.053537796 0.044537373 0.041269310 0.042529626 0.038295716 0.036314497 0.036634777 0.036419016 0.050712382 
31     0.065590358 0.073333443 0.073067551 0.042583391 0.045904123 0.046691923 0.057595867 0.039829555 0.046791498 0.042187527 0.040353110 0.042316269 0.041447703 0.068441769 0.068494191 0.067869367 0.051499775 0.049381237 0.049430803 0.046912095 0.046911972 0.046915173 0.065441149 0.049172032 0.000000000 0.031691359 0.026868206 0.051602775 0.045794973 0.049614461 0.049744358 0.069766360 0.063723562 0.068399412 0.057388729 0.058242426 0.057985142 0.062981613 0.052407407 0.054819815 0.051724042 0.060952683 0.061185525 0.052066913 0.048799109 0.050059425 0.045819829 0.043672312 0.043990543 0.043776831 0.058320208 
38     0.061905070 0.069648155 0.069382263 0.038883636 0.042204369 0.042992169 0.053896112 0.036130001 0.043091944 0.038484446 0.036650029 0.038613187 0.037744621 0.064741946 0.064794368 0.064169544 0.047775784 0.045657246 0.045706812 0.043197088 0.043232798 0.043236000 0.061717158 0.045448041 0.031691359 0.000000000 0.011302912 0.047772215 0.042046177 0.045865665 0.045995562 0.066018022 0.059975223 0.064651073 0.053640390 0.054494088 0.054236803 0.059233274 0.048659069 0.051071477 0.047975704 0.057204345 0.057437187 0.048316503 0.045048699 0.046309015 0.042069419 0.039971202 0.040291481 0.040075722 0.054573125 
40     0.057088823 0.064831908 0.064566015 0.034067388 0.037388121 0.038175921 0.049079865 0.031313753 0.038275696 0.033668198 0.031833781 0.033796939 0.032928373 0.059926227 0.059978649 0.059353825 0.042960065 0.040841527 0.040891093 0.038381369 0.038417079 0.038420281 0.056901439 0.040632322 0.026868206 0.011302912 0.000000000 0.043018624 0.037250878 0.041070365 0.041200262 0.061222722 0.055179924 0.059855774 0.048845091 0.049698788 0.049441504 0.054437975 0.043863769 0.046276177 0.043180404 0.052409045 0.052641887 0.043521204 0.040253400 0.041513716 0.037274120 0.035173760 0.035494008 0.035278280 0.049777826 
22     0.068973909 0.076716994 0.076451102 0.045953541 0.049272402 0.050060202 0.060964301 0.043210807 0.050168590 0.045570738 0.043736321 0.045699479 0.044824133 0.071809533 0.071861955 0.071237131 0.054813605 0.052695067 0.052744633 0.050249633 0.050313608 0.050316809 0.068741679 0.052470532 0.051602775 0.047772215 0.043018624 0.000000000 0.049148332 0.052967820 0.053097717 0.073151896 0.067109097 0.071784947 0.060774264 0.061627962 0.061370677 0.066367148 0.055792943 0.058205351 0.055109578 0.064338219 0.064571061 0.055452373 0.052184866 0.053445182 0.049206159 0.047216907 0.047537187 0.047321426 0.061697708 
30     0.055025281 0.062769393 0.062503501 0.031958740 0.035281692 0.036069492 0.047000444 0.029210515 0.036190489 0.031667386 0.029832969 0.031798383 0.030932258 0.057742455 0.057800104 0.057163826 0.040496342 0.038377804 0.038427370 0.035907167 0.035991038 0.035994240 0.054390792 0.038121298 0.045794973 0.042046177 0.037250878 0.049148332 0.000000000 0.009959684 0.010215890 0.048773166 0.042749994 0.047437167 0.036430752 0.037293042 0.037035757 0.042003953 0.031461114 0.033877110 0.030764518 0.039997270 0.040230112 0.038297002 0.035005311 0.036265627 0.032075230 0.030095909 0.030416202 0.030200429 0.044526439 
19     0.058791446 0.066535559 0.066269667 0.035724905 0.039047858 0.039835658 0.050766610 0.032976681 0.039956654 0.035425725 0.033591308 0.035556722 0.034697742 0.061310610 0.061368259 0.060726293 0.044320948 0.042202410 0.042251976 0.039731773 0.039815645 0.039818846 0.058215399 0.041945904 0.049614461 0.045865665 0.041070365 0.052967820 0.009959684 0.000000000 0.004947328 0.052583157 0.046559985 0.051247159 0.040240743 0.041103033 0.040845748 0.045813944 0.035264866 0.037680861 0.034568269 0.043801022 0.044033864 0.042141260 0.038872411 0.040132727 0.035917709 0.033938388 0.034258681 0.034042908 0.048356207 
28     0.058921343 0.066665456 0.066399563 0.035854802 0.039177755 0.039965555 0.050896506 0.033106577 0.040086551 0.035555622 0.033721205 0.035686619 0.034827639 0.061440507 0.061498156 0.060856190 0.044450845 0.042332307 0.042381873 0.039861670 0.039945542 0.039948743 0.058345295 0.042075801 0.049744358 0.045995562 0.041200262 0.053097717 0.010215890 0.004947328 0.000000000 0.052712389 0.046689217 0.051376391 0.040369975 0.041232265 0.040974980 0.045943176 0.035394098 0.037810093 0.034697501 0.043930254 0.044163095 0.042271156 0.039002308 0.040262624 0.036047606 0.034068285 0.034388577 0.034172805 0.048486104 
39     0.078927602 0.086668594 0.086402702 0.055862047 0.059193246 0.059981046 0.070905932 0.053091364 0.060119559 0.055597603 0.053763186 0.055728600 0.054862476 0.081671996 0.081730065 0.081093858 0.064469416 0.062350878 0.062400444 0.059885025 0.059968896 0.059972098 0.078386070 0.062116575 0.069766360 0.066018022 0.061222722 0.073151896 0.048773166 0.052583157 0.052712389 0.000000000 0.029305311 0.034055121 0.031207543 0.032175408 0.031967810 0.036707881 0.041747249 0.044186629 0.041022201 0.050243914 0.050479402 0.062312217 0.059043369 0.060303685 0.056091501 0.054112180 0.054432472 0.054216700 0.068520440 
35     0.072884803 0.080625796 0.080359903 0.049818832 0.053150448 0.053938248 0.064863133 0.047048566 0.054076760 0.049554805 0.047720388 0.049685802 0.048819677 0.075629198 0.075687267 0.075051059 0.058426618 0.056308080 0.056357646 0.053842227 0.053926098 0.053929299 0.072343272 0.056073777 0.063723562 0.059975223 0.055179924 0.067109097 0.042749994 0.046559985 0.046689217 0.029305311 0.000000000 0.027493533 0.025088190 0.026054709 0.025857295 0.030594854 0.035684972 0.038124352 0.034959924 0.044181637 0.044417124 0.056269554 0.053000714 0.054261031 0.050048838 0.048069516 0.048389809 0.048174036 0.062477783 
8     0.077560653 0.085301646 0.085035753 0.054494682 0.057826298 0.058614098 0.069538983 0.051724416 0.058752611 0.054230655 0.052396238 0.054361652 0.053495527 0.080305048 0.080363117 0.079726909 0.063102468 0.060983930 0.061033496 0.058518077 0.058601948 0.058605149 0.077019122 0.060749627 0.068399412 0.064651073 0.059855774 0.071784947 0.047437167 0.051247159 0.051376391 0.034055121 0.027493533 0.000000000 0.029625948 0.030573099 0.030375685 0.035152335 0.040298713 0.042738093 0.039573665 0.048795378 0.049030865 0.060940378 0.057671539 0.058931855 0.054719662 0.052740341 0.053060633 0.052844861 0.067149513 
34     0.066549970 0.074289621 0.074023728 0.043485360 0.046815615 0.047603415 0.058528300 0.040713733 0.047741928 0.043219972 0.041385555 0.043350969 0.042484844 0.069294365 0.069352434 0.068716226 0.052091785 0.049973247 0.050022813 0.047507394 0.047591265 0.047594466 0.066008439 0.049738944 0.057388729 0.053640390 0.048845091 0.060774264 0.036430752 0.040240743 0.040369975 0.031207543 0.025088190 0.029625948 0.000000000 0.012944144 0.012839368 0.017446504 0.029257217 0.031696597 0.028532169 0.037754473 0.037987549 0.049918596 0.046649757 0.047910073 0.043698588 0.041719267 0.042039559 0.041823786 0.056129126 
16     0.067403668 0.075143372 0.074877479 0.044339057 0.047669312 0.048457112 0.059381998 0.041567430 0.048595625 0.044073670 0.042239253 0.044204666 0.043338542 0.070148062 0.070206132 0.069569924 0.052945483 0.050826945 0.050876510 0.048361091 0.048444963 0.048448164 0.066862136 0.050592641 0.058242426 0.054494088 0.049698788 0.061627962 0.037293042 0.041103033 0.041232265 0.032175408 0.026054709 0.030573099 0.012944144 0.000000000 0.003158218 0.017802694 0.030136920 0.032576300 0.029411872 0.038631032 0.038867251 0.050773291 0.047504452 0.048764768 0.044553282 0.042573961 0.042894254 0.042678481 0.056984040 
33     0.067146383 0.074887376 0.074621483 0.044081773 0.047412028 0.048199828 0.059124713 0.041310146 0.048338340 0.043816385 0.041981968 0.043947381 0.043081257 0.069890778 0.069948847 0.069312639 0.052688198 0.050569660 0.050619226 0.048103807 0.048187678 0.048190879 0.066604851 0.050335357 0.057985142 0.054236803 0.049441504 0.061370677 0.037035757 0.040845748 0.040974980 0.031967810 0.025857295 0.030375685 0.012839368 0.003158218 0.000000000 0.017441477 0.029894389 0.032333769 0.029169341 0.038388502 0.038624721 0.050516006 0.047247167 0.048507483 0.044295998 0.042316676 0.042636969 0.042421196 0.056726755 
4     0.072144230 0.079883934 0.079618042 0.049079619 0.052409874 0.053197674 0.064122560 0.046307992 0.053336187 0.048814232 0.046979815 0.048945228 0.048079104 0.074887249 0.074945318 0.074309111 0.057684669 0.055566131 0.055615697 0.053100278 0.053184149 0.053187351 0.071601323 0.055331828 0.062981613 0.059233274 0.054437975 0.066367148 0.042003953 0.045813944 0.045943176 0.036707881 0.030594854 0.035152335 0.017446504 0.017802694 0.017441477 0.000000000 0.034915041 0.037354421 0.034189993 0.043407935 0.043640279 0.055513853 0.052245014 0.053505330 0.049293845 0.047314523 0.047634816 0.047419043 0.061724770 
12     0.061572080 0.069314275 0.069048382 0.038510544 0.041837725 0.042625525 0.053550410 0.035724548 0.042764037 0.038242082 0.036407665 0.038373078 0.037506954 0.064315099 0.064373168 0.063736961 0.047110250 0.044991712 0.045041278 0.042525859 0.042609730 0.042612931 0.061026903 0.044757409 0.052407407 0.048659069 0.043863769 0.055792943 0.031461114 0.035264866 0.035394098 0.041747249 0.035684972 0.040298713 0.029257217 0.030136920 0.029894389 0.034915041 0.000000000 0.011034433 0.008665790 0.018725056 0.018933239 0.044941203 0.041672364 0.042932681 0.038721717 0.036742396 0.037062688 0.036846915 0.051156134 
11     0.063980015 0.071722210 0.071456317 0.040918479 0.044245660 0.045033460 0.055958345 0.038132483 0.045171972 0.040650017 0.038815600 0.040781013 0.039914889 0.066723034 0.066781103 0.066144896 0.049522658 0.047404120 0.047453686 0.044938267 0.045022138 0.045025339 0.063439312 0.047169817 0.054819815 0.051071477 0.046276177 0.058205351 0.033877110 0.037680861 0.037810093 0.044186629 0.038124352 0.042738093 0.031696597 0.032576300 0.032333769 0.037354421 0.011034433 0.000000000 0.010933823 0.020971677 0.021202827 0.047344694 0.044075855 0.045336171 0.041129652 0.039150331 0.039470623 0.039254850 0.053563099 
9     0.060888715 0.068630910 0.068365018 0.037827179 0.041154360 0.041942160 0.052867045 0.035041183 0.042080673 0.037558717 0.035724300 0.037689714 0.036823589 0.063631734 0.063689803 0.063053596 0.046429155 0.044310617 0.044360182 0.041844763 0.041928635 0.041931836 0.060345808 0.044076313 0.051724042 0.047975704 0.043180404 0.055109578 0.030764518 0.034568269 0.034697501 0.041022201 0.034959924 0.039573665 0.028532169 0.029411872 0.029169341 0.034189993 0.008665790 0.010933823 0.000000000 0.017964226 0.018135742 0.044254727 0.040985888 0.042246204 0.038035241 0.036055919 0.036376212 0.036160439 0.050463631 
29     0.070112883 0.077855249 0.077589357 0.047051346 0.050378527 0.051166327 0.062091213 0.044265351 0.051304840 0.046782885 0.044948468 0.046913881 0.046047757 0.072855902 0.072913971 0.072277764 0.055657795 0.053539258 0.053588823 0.051073404 0.051157275 0.051160477 0.069574449 0.053304954 0.060952683 0.057204345 0.052409045 0.064338219 0.039997270 0.043801022 0.043930254 0.050243914 0.044181637 0.048795378 0.037754473 0.038631032 0.038388502 0.043407935 0.018725056 0.020971677 0.017964226 0.000000000 0.012740636 0.053474450 0.050205611 0.051465927 0.047259408 0.045280087 0.045600380 0.045384607 0.059686829 
23     0.070345725 0.078088091 0.077822198 0.047284188 0.050611369 0.051399169 0.062324055 0.044498193 0.051537682 0.047015727 0.045181310 0.047146723 0.046280599 0.073088744 0.073146813 0.072510606 0.055890637 0.053772099 0.053821665 0.051306246 0.051390117 0.051393319 0.069807291 0.053537796 0.061185525 0.057437187 0.052641887 0.064571061 0.040230112 0.044033864 0.044163095 0.050479402 0.044417124 0.049030865 0.037987549 0.038867251 0.038624721 0.043640279 0.018933239 0.021202827 0.018135742 0.012740636 0.000000000 0.053707292 0.050438453 0.051698769 0.047492250 0.045512929 0.045833222 0.045617449 0.059919671 
45     0.061262708 0.069005793 0.068739900 0.038204957 0.041525020 0.042312820 0.053233203 0.035471713 0.042412798 0.037890638 0.036056221 0.038021584 0.037155459 0.063973397 0.064031046 0.063394312 0.046889622 0.044771084 0.044820650 0.042314693 0.042391474 0.042394676 0.060806868 0.044537373 0.052066913 0.048316503 0.043521204 0.055452373 0.038297002 0.042141260 0.042271156 0.062312217 0.056269554 0.060940378 0.049918596 0.050773291 0.050516006 0.055513853 0.044941203 0.047344694 0.044254727 0.053474450 0.053707292 0.000000000 0.021772043 0.022870133 0.030690144 0.028707612 0.029027988 0.028812132 0.048737597 
46     0.057987190 0.065730275 0.065464382 0.034929439 0.038249501 0.039037302 0.049957685 0.032196195 0.039137280 0.034615120 0.032780703 0.034746066 0.033879941 0.060697270 0.060754919 0.060118185 0.043621281 0.041502743 0.041552309 0.039043148 0.039119167 0.039122368 0.057538804 0.041269310 0.048799109 0.045048699 0.040253400 0.052184866 0.035005311 0.038872411 0.039002308 0.059043369 0.053000714 0.057671539 0.046649757 0.047504452 0.047247167 0.052245014 0.041672364 0.044075855 0.040985888 0.050205611 0.050438453 0.021772043 0.000000000 0.005980231 0.027380091 0.025395296 0.025715672 0.025499816 0.045570956 
49     0.059247506 0.066990591 0.066724698 0.036189755 0.039509818 0.040297618 0.051218001 0.033456511 0.040397596 0.035875436 0.034041019 0.036006382 0.035140257 0.061957586 0.062015235 0.061378501 0.044881598 0.042763060 0.042812625 0.040303464 0.040379483 0.040382684 0.058799121 0.042529626 0.050059425 0.046309015 0.041513716 0.053445182 0.036265627 0.040132727 0.040262624 0.060303685 0.054261031 0.058931855 0.047910073 0.048764768 0.048507483 0.053505330 0.042932681 0.045336171 0.042246204 0.051465927 0.051698769 0.022870133 0.005980231 0.000000000 0.028644124 0.026659329 0.026979705 0.026763849 0.046831272 
48     0.055008391 0.062751476 0.062485584 0.031950641 0.035270703 0.036058503 0.046978253 0.029217397 0.036165209 0.031636466 0.029802049 0.031767412 0.030901287 0.057713437 0.057771087 0.057132457 0.040647964 0.038529426 0.038578992 0.036073036 0.036149817 0.036153019 0.054565211 0.038295716 0.045819829 0.042069419 0.037274120 0.049206159 0.032075230 0.035917709 0.036047606 0.056091501 0.050048838 0.054719662 0.043698588 0.044553282 0.044295998 0.049293845 0.038721717 0.041129652 0.038035241 0.047259408 0.047492250 0.030690144 0.027380091 0.028644124 0.000000000 0.017584247 0.017909002 0.017696997 0.042620633 
47     0.053027172 0.060770257 0.060504365 0.029969422 0.033289484 0.034077284 0.044997041 0.027236178 0.034183990 0.029655247 0.027820830 0.029786193 0.028920068 0.055732218 0.055789868 0.055148275 0.038666745 0.036548207 0.036597773 0.034091817 0.034168598 0.034171800 0.052583992 0.036314497 0.043672312 0.039971202 0.035173760 0.047216907 0.030095909 0.033938388 0.034068285 0.054112180 0.048069516 0.052740341 0.041719267 0.042573961 0.042316676 0.047314523 0.036742396 0.039150331 0.036055919 0.045280087 0.045512929 0.028707612 0.025395296 0.026659329 0.017584247 0.000000000 0.004106300 0.006378964 0.040451104 
50     0.053347453 0.061090538 0.060824645 0.030289702 0.033609765 0.034397565 0.045317321 0.027556458 0.034504270 0.029975527 0.028141110 0.030106473 0.029240349 0.056052499 0.056110148 0.055468556 0.038987026 0.036868488 0.036918054 0.034412097 0.034488878 0.034492080 0.052904272 0.036634777 0.043990543 0.040291481 0.035494008 0.047537187 0.030416202 0.034258681 0.034388577 0.054432472 0.048389809 0.053060633 0.042039559 0.042894254 0.042636969 0.047634816 0.037062688 0.039470623 0.036376212 0.045600380 0.045833222 0.029027988 0.025715672 0.026979705 0.017909002 0.004106300 0.000000000 0.006624310 0.040771422 
44     0.053131692 0.060874777 0.060608885 0.030073942 0.033394004 0.034181804 0.045101560 0.027340697 0.034288510 0.029759767 0.027925350 0.029890712 0.029024588 0.055836738 0.055894387 0.055254696 0.038771265 0.036652727 0.036702293 0.034196336 0.034273118 0.034276319 0.052688511 0.036419016 0.043776831 0.040075722 0.035278280 0.047321426 0.030200429 0.034042908 0.034172805 0.054216700 0.048174036 0.052844861 0.041823786 0.042678481 0.042421196 0.047419043 0.036846915 0.039254850 0.036160439 0.045384607 0.045617449 0.028812132 0.025499816 0.026763849 0.017696997 0.006378964 0.006624310 0.000000000 0.040555624 
0     0.067453699 0.075196784 0.074930892 0.044404573 0.047724993 0.048512793 0.059434248 0.041666017 0.048625240 0.044080406 0.042245989 0.044211351 0.043345227 0.070195613 0.070253262 0.069617240 0.053005261 0.050886723 0.050936289 0.048506031 0.048582812 0.048586014 0.066981876 0.050712382 0.058320208 0.054573125 0.049777826 0.061697708 0.044526439 0.048356207 0.048486104 0.068520440 0.062477783 0.067149513 0.056129126 0.056984040 0.056726755 0.061724770 0.051156134 0.053563099 0.050463631 0.059686829 0.059919671 0.048737597 0.045570956 0.046831272 0.042620633 0.040451104 0.040771422 0.040555624 0.000000000 
