51
36     0.000000000 0.000026010 0.000036990 0.000116030 0.000119320 0.000129250 0.000141260 0.000113260 0.000137030 0.000133400 0.000129570 0.000129380 0.000138370 0.000186180 0.000188320 0.000186920 0.000159890 0.000161470 0.000160900 0.000148050 0.000150910 0.000153180 0.000165800 0.000164190 0.000176910 0.000173860 0.000160120 0.000206070 0.000136930 0.000146150 0.000150250 0.000243510 0.000247310 0.000214300 0.000216120 0.000215590 0.000216030 0.000242650 0.000199170 0.000207090 0.000202530 0.000214920 0.000215170 0.000185620 0.000168650 0.000166350 0.000157000 0.000152880 0.000160200 0.000165670 0.000185960 
37     0.000026010 0.000000000 0.000021380 0.000133160 0.000136450 0.000140050 0.000158390 0.000114260 0.000154160 0.000150530 0.000146700 0.000146510 0.000155500 0.000203310 0.000205450 0.000204050 0.000177020 0.000178600 0.000178030 0.000165180 0.000168040 0.000170310 0.000182930 0.000172750 0.000194040 0.000190990 0.000177250 0.000223200 0.000154060 0.000163280 0.000167380 0.000260640 0.000264440 0.000231430 0.000233250 0.000232720 0.000233160 0.000259780 0.000216300 0.000224220 0.000219660 0.000232050 0.000232300 0.000202750 0.000185780 0.000183480 0.000174130 0.000170010 0.000177330 0.000182800 0.000203090 
41     0.000036990 0.000021380 0.000000000 0.000144140 0.000147430 0.000157360 0.000169370 0.000154300 0.000165140 0.000161510 0.000157680 0.000157490 0.000166480 0.000214290 0.000216430 0.000215030 0.000188000 0.000189580 0.000189010 0.000176160 0.000179020 0.000181290 0.000193910 0.000192300 0.000205020 0.000201970 0.000188230 0.000234180 0.000165040 0.000174260 0.000178360 0.000271620 0.000275420 0.000242410 0.000244230 0.000243700 0.000244140 0.000270760 0.000227280 0.000235200 0.000230640 0.000243030 0.000243280 0.000213730 0.000196760 0.000194460 0.000185110 0.000180990 0.000188310 0.000193780 0.000214070 
24     0.000116030 0.000133160 0.000144140 0.000000000 0.000012530 0.000027430 0.000047790 0.000039830 0.000054040 0.000050410 0.000046580 0.000046390 0.000055380 0.000103190 0.000105330 0.000103930 0.000076900 0.000078480 0.000077910 0.000065060 0.000067920 0.000070190 0.000082810 0.000081200 0.000093920 0.000090870 0.000077130 0.000123080 0.000053940 0.000063160 0.000067260 0.000160520 0.000164320 0.000131310 0.000133130 0.000132600 0.000133040 0.000159660 0.000116180 0.000124100 0.000119540 0.000131930 0.000132180 0.000102630 0.000085660 0.000083360 0.000074010 0.000069890 0.000077210 0.000082680 0.000102970 
3     0.000119320 0.000136450 0.000147430 0.000012530 0.000000000 0.000048970 0.000051080 0.000048170 0.000057330 0.000053700 0.000049870 0.000049680 0.000058670 0.000106480 0.000108620 0.000107220 0.000080190 0.000081770 0.000081200 0.000068350 0.000071210 0.000073480 0.000086100 0.000084490 0.000097210 0.000094160 0.000080420 0.000126370 0.000057230 0.000066450 0.000070550 0.000163810 0.000167610 0.000134600 0.000136420 0.000135890 0.000136330 0.000162950 0.000119470 0.000127390 0.000122830 0.000135220 0.000135470 0.000105920 0.000088950 0.000086650 0.000077300 0.000073180 0.000080500 0.000085970 0.000106260 
27     0.000129250 0.000140050 0.000157360 0.000027430 0.000048970 0.000000000 0.000071490 0.000054880 0.000065320 0.000061690 0.000057860 0.000057670 0.000066660 0.000114470 0.000116610 0.000115210 0.000088180 0.000089760 0.000089190 0.000076340 0.000079200 0.000081470 0.000094090 0.000092480 0.000105200 0.000102150 0.000088410 0.000134360 0.000065220 0.000074440 0.000078540 0.000171800 0.000175600 0.000142590 0.000144410 0.000143880 0.000144320 0.000170940 0.000127460 0.000135380 0.000130820 0.000143210 0.000143460 0.000113910 0.000096940 0.000094640 0.000085290 0.000081170 0.000088490 0.000093960 0.000114250 
6     0.000141260 0.000158390 0.000169370 0.000047790 0.000051080 0.000071490 0.000000000 0.000072820 0.000079270 0.000075640 0.000071810 0.000071620 0.000080610 0.000122910 0.000130560 0.000129160 0.000102130 0.000103710 0.000103140 0.000090290 0.000093150 0.000095420 0.000108040 0.000106430 0.000119150 0.000116100 0.000102360 0.000148310 0.000079170 0.000088390 0.000092490 0.000185750 0.000189550 0.000156540 0.000158360 0.000157830 0.000158270 0.000184890 0.000141410 0.000149330 0.000144770 0.000157160 0.000157410 0.000127860 0.000110890 0.000108590 0.000099240 0.000095120 0.000102440 0.000107910 0.000128200 
17     0.000113260 0.000114260 0.000154300 0.000039830 0.000048170 0.000054880 0.000072820 0.000000000 0.000014090 0.000036720 0.000032890 0.000032700 0.000041690 0.000094340 0.000096480 0.000095080 0.000068050 0.000069630 0.000069060 0.000056210 0.000059070 0.000061340 0.000073960 0.000072350 0.000085070 0.000082020 0.000068280 0.000114230 0.000045090 0.000054310 0.000058410 0.000151670 0.000155470 0.000122460 0.000124280 0.000123750 0.000124190 0.000150810 0.000107330 0.000115250 0.000110690 0.000123080 0.000123330 0.000093780 0.000076810 0.000074510 0.000065160 0.000061040 0.000068360 0.000073830 0.000094120 
5     0.000137030 0.000154160 0.000165140 0.000054040 0.000057330 0.000065320 0.000079270 0.000014090 0.000000000 0.000043170 0.000039340 0.000039150 0.000048140 0.000100790 0.000102930 0.000101530 0.000074500 0.000076080 0.000075510 0.000062660 0.000065520 0.000067790 0.000080410 0.000078800 0.000091520 0.000088470 0.000074730 0.000120680 0.000051540 0.000060760 0.000064860 0.000158120 0.000161920 0.000128910 0.000130730 0.000130200 0.000130640 0.000157260 0.000113780 0.000121700 0.000117140 0.000129530 0.000129780 0.000100230 0.000083260 0.000080960 0.000071610 0.000067490 0.000074810 0.000080280 0.000100570 
43     0.000133400 0.000150530 0.000161510 0.000050410 0.000053700 0.000061690 0.000075640 0.000036720 0.000043170 0.000000000 0.000009290 0.000019060 0.000028710 0.000097160 0.000099300 0.000097900 0.000070870 0.000072450 0.000071880 0.000059030 0.000061890 0.000064160 0.000076780 0.000075170 0.000087890 0.000084840 0.000071100 0.000117050 0.000047910 0.000057130 0.000061230 0.000154490 0.000158290 0.000125280 0.000127100 0.000126570 0.000127010 0.000153630 0.000110150 0.000118070 0.000113510 0.000125900 0.000126150 0.000096600 0.000079630 0.000077330 0.000067980 0.000063860 0.000071180 0.000076650 0.000096940 
15     0.000129570 0.000146700 0.000157680 0.000046580 0.000049870 0.000057860 0.000071810 0.000032890 0.000039340 0.000009290 0.000000000 0.000003370 0.000024880 0.000093330 0.000095470 0.000094070 0.000067040 0.000068620 0.000068050 0.000055200 0.000058060 0.000060330 0.000072950 0.000071340 0.000084060 0.000081010 0.000067270 0.000113220 0.000044080 0.000053300 0.000057400 0.000150660 0.000154460 0.000121450 0.000123270 0.000122740 0.000123180 0.000149800 0.000106320 0.000114240 0.000109680 0.000122070 0.000122320 0.000092770 0.000075800 0.000073500 0.000064150 0.000060030 0.000067350 0.000072820 0.000093110 
2     0.000129380 0.000146510 0.000157490 0.000046390 0.000049680 0.000057670 0.000071620 0.000032700 0.000039150 0.000019060 0.000003370 0.000000000 0.000024690 0.000093140 0.000095280 0.000093880 0.000066850 0.000068430 0.000067860 0.000055010 0.000057870 0.000060140 0.000072760 0.000071150 0.000083870 0.000080820 0.000067080 0.000113030 0.000043890 0.000053110 0.000057210 0.000150470 0.000154270 0.000121260 0.000123080 0.000122550 0.000122990 0.000149610 0.000106130 0.000114050 0.000109490 0.000121880 0.000122130 0.000092580 0.000075610 0.000073310 0.000063960 0.000059840 0.000067160 0.000072630 0.000092920 
14     0.000138370 0.000155500 0.000166480 0.000055380 0.000058670 0.000066660 0.000080610 0.000041690 0.000048140 0.000028710 0.000024880 0.000024690 0.000000000 0.000102130 0.000104270 0.000102870 0.000075840 0.000077420 0.000076850 0.000064000 0.000066860 0.000069130 0.000081750 0.000080140 0.000092860 0.000089810 0.000076070 0.000122020 0.000052880 0.000062100 0.000066200 0.000159460 0.000163260 0.000130250 0.000132070 0.000131540 0.000131980 0.000158600 0.000115120 0.000123040 0.000118480 0.000130870 0.000131120 0.000101570 0.000084600 0.000082300 0.000072950 0.000068830 0.000076150 0.000081620 0.000101910 
20     0.000186180 0.000203310 0.000214290 0.000103190 0.000106480 0.000114470 0.000122910 0.000094340 0.000100790 0.000097160 0.000093330 0.000093140 0.000102130 0.000000000 0.000000900 0.000045010 0.000118130 0.000119710 0.000119140 0.000106290 0.000109150 0.000111420 0.000124040 0.000122430 0.000135150 0.000132100 0.000118360 0.000164310 0.000095170 0.000104390 0.000108490 0.000201750 0.000205550 0.000172540 0.000174360 0.000173830 0.000174270 0.000200890 0.000157410 0.000165330 0.000160770 0.000173160 0.000173410 0.000143860 0.000126890 0.000124590 0.000115240 0.000111120 0.000118440 0.000123910 0.000144200 
26     0.000188320 0.000205450 0.000216430 0.000105330 0.000108620 0.000116610 0.000130560 0.000096480 0.000102930 0.000099300 0.000095470 0.000095280 0.000104270 0.000000900 0.000000000 0.000067240 0.000120270 0.000121850 0.000121280 0.000108430 0.000111290 0.000113560 0.000126180 0.000124570 0.000137290 0.000134240 0.000120500 0.000166450 0.000097310 0.000106530 0.000110630 0.000203890 0.000207690 0.000174680 0.000176500 0.000175970 0.000176410 0.000203030 0.000159550 0.000167470 0.000162910 0.000175300 0.000175550 0.000146000 0.000129030 0.000126730 0.000117380 0.000113260 0.000120580 0.000126050 0.000146340 
13     0.000186920 0.000204050 0.000215030 0.000103930 0.000107220 0.000115210 0.000129160 0.000095080 0.000101530 0.000097900 0.000094070 0.000093880 0.000102870 0.000045010 0.000067240 0.000000000 0.000118870 0.000120450 0.000119880 0.000107030 0.000109890 0.000112160 0.000124780 0.000123170 0.000135890 0.000132840 0.000119100 0.000165050 0.000095910 0.000105130 0.000109230 0.000202490 0.000206290 0.000173280 0.000175100 0.000174570 0.000175010 0.000201630 0.000158150 0.000166070 0.000161510 0.000173900 0.000174150 0.000144600 0.000127630 0.000125330 0.000115980 0.000111860 0.000119180 0.000124650 0.000144940 
21     0.000159890 0.000177020 0.000188000 0.000076900 0.000080190 0.000088180 0.000102130 0.000068050 0.000074500 0.000070870 0.000067040 0.000066850 0.000075840 0.000118130 0.000120270 0.000118870 0.000000000 0.000023780 0.000023210 0.000043100 0.000045960 0.000048230 0.000060510 0.000058900 0.000106740 0.000103690 0.000089950 0.000135900 0.000064800 0.000074020 0.000078120 0.000171380 0.000175180 0.000142170 0.000143990 0.000143460 0.000143900 0.000170520 0.000127040 0.000134960 0.000130400 0.000142790 0.000143040 0.000113490 0.000096520 0.000094220 0.000084870 0.000080750 0.000088070 0.000093540 0.000113830 
25     0.000161470 0.000178600 0.000189580 0.000078480 0.000081770 0.000089760 0.000103710 0.000069630 0.000076080 0.000072450 0.000068620 0.000068430 0.000077420 0.000119710 0.000121850 0.000120450 0.000023780 0.000000000 0.000000100 0.000044680 0.000044760 0.000044410 0.000062090 0.000060480 0.000108320 0.000105270 0.000091530 0.000137480 0.000066380 0.000075600 0.000079700 0.000172960 0.000176760 0.000143750 0.000145570 0.000145040 0.000145480 0.000172100 0.000128620 0.000136540 0.000131980 0.000144370 0.000144620 0.000115070 0.000098100 0.000095800 0.000086450 0.000082330 0.000089650 0.000095120 0.000115410 
1     0.000160900 0.000178030 0.000189010 0.000077910 0.000081200 0.000089190 0.000103140 0.000069060 0.000075510 0.000071880 0.000068050 0.000067860 0.000076850 0.000119140 0.000121280 0.000119880 0.000023210 0.000000100 0.000000000 0.000044110 0.000043910 0.000043560 0.000061520 0.000059910 0.000107750 0.000104700 0.000090960 0.000136910 0.000065810 0.000075030 0.000079130 0.000172390 0.000176190 0.000143180 0.000145000 0.000144470 0.000144910 0.000171530 0.000128050 0.000135970 0.000131410 0.000143800 0.000144050 0.000114500 0.000097530 0.000095230 0.000085880 0.000081760 0.000089080 0.000094550 0.000114840 
7     0.000148050 0.000165180 0.000176160 0.000065060 0.000068350 0.000076340 0.000090290 0.000056210 0.000062660 0.000059030 0.000055200 0.000055010 0.000064000 0.000106290 0.000108430 0.000107030 0.000043100 0.000044680 0.000044110 0.000000000 0.000004800 0.000002760 0.000049010 0.000047400 0.000094900 0.000091850 0.000078110 0.000124060 0.000052960 0.000062180 0.000066280 0.000159540 0.000163340 0.000130330 0.000132150 0.000131620 0.000132060 0.000158680 0.000115200 0.000123120 0.000118560 0.000130950 0.000131200 0.000101650 0.000084680 0.000082380 0.000073030 0.000068910 0.000076230 0.000081700 0.000101990 
10     0.000150910 0.000168040 0.000179020 0.000067920 0.000071210 0.000079200 0.000093150 0.000059070 0.000065520 0.000061890 0.000058060 0.000057870 0.000066860 0.000109150 0.000111290 0.000109890 0.000045960 0.000044760 0.000043910 0.000004800 0.000000000 0.000002970 0.000051870 0.000050260 0.000097760 0.000094710 0.000080970 0.000126920 0.000055820 0.000065040 0.000069140 0.000162400 0.000166200 0.000133190 0.000135010 0.000134480 0.000134920 0.000161540 0.000118060 0.000125980 0.000121420 0.000133810 0.000134060 0.000104510 0.000087540 0.000085240 0.000075890 0.000071770 0.000079090 0.000084560 0.000104850 
18     0.000153180 0.000170310 0.000181290 0.000070190 0.000073480 0.000081470 0.000095420 0.000061340 0.000067790 0.000064160 0.000060330 0.000060140 0.000069130 0.000111420 0.000113560 0.000112160 0.000048230 0.000044410 0.000043560 0.000002760 0.000002970 0.000000000 0.000054140 0.000052530 0.000100030 0.000096980 0.000083240 0.000129190 0.000058090 0.000067310 0.000071410 0.000164670 0.000168470 0.000135460 0.000137280 0.000136750 0.000137190 0.000163810 0.000120330 0.000128250 0.000116370 0.000136080 0.000136330 0.000106780 0.000089810 0.000087510 0.000078160 0.000074040 0.000081360 0.000086830 0.000107120 
42     0.000165800 0.000182930 0.000193910 0.000082810 0.000086100 0.000094090 0.000108040 0.000073960 0.000080410 0.000076780 0.000072950 0.000072760 0.000081750 0.000124040 0.000126180 0.000124780 0.000060510 0.000062090 0.000061520 0.000049010 0.000051870 0.000054140 0.000000000 0.000028130 0.000112650 0.000109600 0.000095860 0.000141810 0.000070710 0.000079930 0.000084030 0.000177290 0.000181090 0.000148080 0.000149900 0.000149370 0.000149810 0.000176430 0.000132950 0.000140870 0.000128320 0.000148700 0.000148950 0.000119400 0.000102430 0.000100130 0.000090780 0.000086660 0.000093980 0.000099450 0.000119740 
32     0.000164190 0.000172750 0.000192300 0.000081200 0.000084490 0.000092480 0.000106430 0.000072350 0.000078800 0.000075170 0.000071340 0.000071150 0.000080140 0.000122430 0.000124570 0.000123170 0.000058900 0.000060480 0.000059910 0.000047400 0.000050260 0.000052530 0.000028130 0.000000000 0.000111040 0.000107990 0.000094250 0.000140200 0.000069100 0.000078320 0.000082420 0.000175680 0.000179480 0.000146470 0.000148290 0.000147760 0.000148200 0.000174820 0.000131340 0.000139260 0.000134700 0.000147090 0.000147340 0.000117790 0.000100820 0.000098520 0.000089170 0.000085050 0.000092370 0.000097840 0.000118130 
31     0.000176910 0.000194040 0.000205020 0.000093920 0.000097210 0.000105200 0.000119150 0.000085070 0.000091520 0.000087890 0.000084060 0.000083870 0.000092860 0.000135150 0.000137290 0.000135890 0.000106740 0.000108320 0.000107750 0.000094900 0.000097760 0.000100030 0.000112650 0.000111040 0.000000000 0.000071250 0.000057510 0.000120400 0.000083780 0.000093000 0.000097100 0.000190360 0.000194160 0.000161150 0.000162970 0.000162440 0.000162880 0.000189500 0.000146020 0.000153940 0.000149380 0.000161770 0.000162020 0.000132470 0.000115500 0.000113200 0.000103850 0.000099730 0.000107050 0.000112520 0.000132810 
38     0.000173860 0.000190990 0.000201970 0.000090870 0.000094160 0.000102150 0.000116100 0.000082020 0.000088470 0.000084840 0.000081010 0.000080820 0.000089810 0.000132100 0.000134240 0.000132840 0.000103690 0.000105270 0.000104700 0.000091850 0.000094710 0.000096980 0.000109600 0.000107990 0.000071250 0.000000000 0.000016900 0.000117350 0.000080730 0.000089950 0.000094050 0.000187310 0.000191110 0.000158100 0.000159920 0.000159390 0.000159830 0.000186450 0.000142970 0.000150890 0.000146330 0.000158720 0.000158970 0.000129420 0.000112450 0.000110150 0.000100800 0.000096680 0.000104000 0.000109470 0.000129760 
40     0.000160120 0.000177250 0.000188230 0.000077130 0.000080420 0.000088410 0.000102360 0.000068280 0.000074730 0.000071100 0.000067270 0.000067080 0.000076070 0.000118360 0.000120500 0.000119100 0.000089950 0.000091530 0.000090960 0.000078110 0.000080970 0.000083240 0.000095860 0.000094250 0.000057510 0.000016900 0.000000000 0.000103610 0.000066990 0.000076210 0.000080310 0.000173570 0.000177370 0.000144360 0.000146180 0.000145650 0.000146090 0.000172710 0.000129230 0.000137150 0.000132590 0.000144980 0.000145230 0.000115680 0.000098710 0.000096410 0.000087060 0.000082940 0.000090260 0.000095730 0.000116020 
22     0.000206070 0.000223200 0.000234180 0.000123080 0.000126370 0.000134360 0.000148310 0.000114230 0.000120680 0.000117050 0.000113220 0.000113030 0.000122020 0.000164310 0.000166450 0.000165050 0.000135900 0.000137480 0.000136910 0.000124060 0.000126920 0.000129190 0.000141810 0.000140200 0.000120400 0.000117350 0.000103610 0.000000000 0.000112940 0.000122160 0.000126260 0.000219520 0.000223320 0.000190310 0.000192130 0.000191600 0.000192040 0.000218660 0.000175180 0.000183100 0.000178540 0.000190930 0.000191180 0.000161630 0.000144660 0.000142360 0.000133010 0.000128890 0.000136210 0.000141680 0.000161970 
30     0.000136930 0.000154060 0.000165040 0.000053940 0.000057230 0.000065220 0.000079170 0.000045090 0.000051540 0.000047910 0.000044080 0.000043890 0.000052880 0.000095170 0.000097310 0.000095910 0.000064800 0.000066380 0.000065810 0.000052960 0.000055820 0.000058090 0.000070710 0.000069100 0.000083780 0.000080730 0.000066990 0.000112940 0.000000000 0.000017600 0.000021700 0.000143100 0.000143070 0.000113890 0.000115710 0.000115180 0.000115620 0.000141850 0.000098760 0.000106680 0.000096650 0.000114510 0.000114760 0.000085210 0.000068240 0.000065940 0.000056590 0.000052470 0.000059790 0.000065260 0.000085550 
19     0.000146150 0.000163280 0.000174260 0.000063160 0.000066450 0.000074440 0.000088390 0.000054310 0.000060760 0.000057130 0.000053300 0.000053110 0.000062100 0.000104390 0.000106530 0.000105130 0.000074020 0.000075600 0.000075030 0.000062180 0.000065040 0.000067310 0.000079930 0.000078320 0.000093000 0.000089950 0.000076210 0.000122160 0.000017600 0.000000000 0.000008220 0.000152320 0.000156120 0.000123110 0.000124930 0.000124400 0.000124840 0.000151460 0.000107980 0.000115900 0.000111340 0.000123730 0.000123980 0.000094430 0.000077460 0.000075160 0.000065810 0.000061690 0.000069010 0.000074480 0.000094770 
28     0.000150250 0.000167380 0.000178360 0.000067260 0.000070550 0.000078540 0.000092490 0.000058410 0.000064860 0.000061230 0.000057400 0.000057210 0.000066200 0.000108490 0.000110630 0.000109230 0.000078120 0.000079700 0.000079130 0.000066280 0.000069140 0.000071410 0.000084030 0.000082420 0.000097100 0.000094050 0.000080310 0.000126260 0.000021700 0.000008220 0.000000000 0.000156420 0.000151630 0.000127210 0.000129030 0.000128500 0.000128940 0.000150410 0.000111110 0.000120000 0.000105210 0.000127830 0.000128080 0.000098530 0.000081560 0.000079260 0.000069910 0.000065790 0.000073110 0.000078580 0.000098870 
39     0.000243510 0.000260640 0.000271620 0.000160520 0.000163810 0.000171800 0.000185750 0.000151670 0.000158120 0.000154490 0.000150660 0.000150470 0.000159460 0.000201750 0.000203890 0.000202490 0.000171380 0.000172960 0.000172390 0.000159540 0.000162400 0.000164670 0.000177290 0.000175680 0.000190360 0.000187310 0.000173570 0.000219520 0.000143100 0.000152320 0.000156420 0.000000000 0.000086580 0.000034030 0.000049370 0.000092680 0.000093120 0.000119740 0.000096500 0.000104420 0.000099860 0.000112250 0.000112500 0.000162930 0.000145960 0.000143660 0.000134310 0.000130190 0.000137510 0.000142980 0.000166690 
35     0.000247310 0.000264440 0.000275420 0.000164320 0.000167610 0.000175600 0.000189550 0.000155470 0.000161920 0.000158290 0.000154460 0.000154270 0.000163260 0.000205550 0.000207690 0.000206290 0.000175180 0.000176760 0.000176190 0.000163340 0.000166200 0.000168470 0.000181090 0.000179480 0.000194160 0.000191110 0.000177370 0.000223320 0.000143070 0.000156120 0.000151630 0.000086580 0.000000000 0.000046480 0.000058130 0.000065460 0.000064230 0.000077320 0.000100300 0.000108220 0.000103660 0.000116050 0.000116300 0.000166730 0.000149760 0.000147460 0.000138110 0.000133990 0.000141310 0.000146780 0.000170490 
8     0.000214300 0.000231430 0.000242410 0.000131310 0.000134600 0.000142590 0.000156540 0.000122460 0.000128910 0.000125280 0.000121450 0.000121260 0.000130250 0.000172540 0.000174680 0.000173280 0.000142170 0.000143750 0.000143180 0.000130330 0.000133190 0.000135460 0.000148080 0.000146470 0.000161150 0.000158100 0.000144360 0.000190310 0.000113890 0.000123110 0.000127210 0.000034030 0.000046480 0.000000000 0.000064000 0.000063470 0.000063910 0.000090530 0.000067290 0.000075210 0.000070650 0.000083040 0.000083290 0.000133720 0.000116750 0.000114450 0.000105100 0.000100980 0.000108300 0.000113770 0.000137480 
34     0.000216120 0.000233250 0.000244230 0.000133130 0.000136420 0.000144410 0.000158360 0.000124280 0.000130730 0.000127100 0.000123270 0.000123080 0.000132070 0.000174360 0.000176500 0.000175100 0.000143990 0.000145570 0.000145000 0.000132150 0.000135010 0.000137280 0.000149900 0.000148290 0.000162970 0.000159920 0.000146180 0.000192130 0.000115710 0.000124930 0.000129030 0.000049370 0.000058130 0.000064000 0.000000000 0.000029950 0.000030220 0.000043310 0.000069110 0.000077030 0.000072470 0.000084860 0.000085110 0.000135540 0.000118570 0.000116270 0.000106920 0.000102800 0.000110120 0.000115590 0.000139300 
16     0.000215590 0.000232720 0.000243700 0.000132600 0.000135890 0.000143880 0.000157830 0.000123750 0.000130200 0.000126570 0.000122740 0.000122550 0.000131540 0.000173830 0.000175970 0.000174570 0.000143460 0.000145040 0.000144470 0.000131620 0.000134480 0.000136750 0.000149370 0.000147760 0.000162440 0.000159390 0.000145650 0.000191600 0.000115180 0.000124400 0.000128500 0.000092680 0.000065460 0.000063470 0.000029950 0.000000000 0.000000100 0.000037640 0.000068580 0.000076500 0.000071940 0.000084330 0.000084580 0.000135010 0.000118040 0.000115740 0.000106390 0.000102270 0.000109590 0.000115060 0.000138770 
33     0.000216030 0.000233160 0.000244140 0.000133040 0.000136330 0.000144320 0.000158270 0.000124190 0.000130640 0.000127010 0.000123180 0.000122990 0.000131980 0.000174270 0.000176410 0.000175010 0.000143900 0.000145480 0.000144910 0.000132060 0.000134920 0.000137190 0.000149810 0.000148200 0.000162880 0.000159830 0.000146090 0.000192040 0.000115620 0.000124840 0.000128940 0.000093120 0.000064230 0.000063910 0.000030220 0.000000100 0.000000000 0.000036410 0.000069020 0.000076940 0.000072380 0.000084770 0.000085020 0.000135450 0.000118480 0.000116180 0.000106830 0.000102710 0.000110030 0.000115500 0.000139210 
4     0.000242650 0.000259780 0.000270760 0.000159660 0.000162950 0.000170940 0.000184890 0.000150810 0.000157260 0.000153630 0.000149800 0.000149610 0.000158600 0.000200890 0.000203030 0.000201630 0.000170520 0.000172100 0.000171530 0.000158680 0.000161540 0.000163810 0.000176430 0.000174820 0.000189500 0.000186450 0.000172710 0.000218660 0.000141850 0.000151460 0.000150410 0.000119740 0.000077320 0.000090530 0.000043310 0.000037640 0.000036410 0.000000000 0.000095640 0.000103560 0.000099000 0.000111390 0.000111640 0.000162070 0.000145100 0.000142800 0.000133450 0.000129330 0.000136650 0.000142120 0.000165830 
12     0.000199170 0.000216300 0.000227280 0.000116180 0.000119470 0.000127460 0.000141410 0.000107330 0.000113780 0.000110150 0.000106320 0.000106130 0.000115120 0.000157410 0.000159550 0.000158150 0.000127040 0.000128620 0.000128050 0.000115200 0.000118060 0.000120330 0.000132950 0.000131340 0.000146020 0.000142970 0.000129230 0.000175180 0.000098760 0.000107980 0.000111110 0.000096500 0.000100300 0.000067290 0.000069110 0.000068580 0.000069020 0.000095640 0.000000000 0.000027860 0.000010820 0.000055190 0.000050390 0.000118590 0.000101620 0.000099320 0.000089970 0.000085850 0.000093170 0.000098640 0.000122350 
11     0.000207090 0.000224220 0.000235200 0.000124100 0.000127390 0.000135380 0.000149330 0.000115250 0.000121700 0.000118070 0.000114240 0.000114050 0.000123040 0.000165330 0.000167470 0.000166070 0.000134960 0.000136540 0.000135970 0.000123120 0.000125980 0.000128250 0.000140870 0.000139260 0.000153940 0.000150890 0.000137150 0.000183100 0.000106680 0.000115900 0.000120000 0.000104420 0.000108220 0.000075210 0.000077030 0.000076500 0.000076940 0.000103560 0.000027860 0.000000000 0.000031220 0.000063110 0.000063360 0.000126510 0.000109540 0.000107240 0.000097890 0.000093770 0.000101090 0.000106560 0.000130270 
9     0.000202530 0.000219660 0.000230640 0.000119540 0.000122830 0.000130820 0.000144770 0.000110690 0.000117140 0.000113510 0.000109680 0.000109490 0.000118480 0.000160770 0.000162910 0.000161510 0.000130400 0.000131980 0.000131410 0.000118560 0.000121420 0.000116370 0.000128320 0.000134700 0.000149380 0.000146330 0.000132590 0.000178540 0.000096650 0.000111340 0.000105210 0.000099860 0.000103660 0.000070650 0.000072470 0.000071940 0.000072380 0.000099000 0.000010820 0.000031220 0.000000000 0.000038920 0.000044490 0.000121950 0.000104980 0.000102680 0.000093330 0.000089210 0.000096530 0.000102000 0.000125710 
29     0.000214920 0.000232050 0.000243030 0.000131930 0.000135220 0.000143210 0.000157160 0.000123080 0.000129530 0.000125900 0.000122070 0.000121880 0.000130870 0.000173160 0.000175300 0.000173900 0.000142790 0.000144370 0.000143800 0.000130950 0.000133810 0.000136080 0.000148700 0.000147090 0.000161770 0.000158720 0.000144980 0.000190930 0.000114510 0.000123730 0.000127830 0.000112250 0.000116050 0.000083040 0.000084860 0.000084330 0.000084770 0.000111390 0.000055190 0.000063110 0.000038920 0.000000000 0.000002170 0.000134340 0.000117370 0.000115070 0.000105720 0.000101600 0.000108920 0.000114390 0.000138100 
23     0.000215170 0.000232300 0.000243280 0.000132180 0.000135470 0.000143460 0.000157410 0.000123330 0.000129780 0.000126150 0.000122320 0.000122130 0.000131120 0.000173410 0.000175550 0.000174150 0.000143040 0.000144620 0.000144050 0.000131200 0.000134060 0.000136330 0.000148950 0.000147340 0.000162020 0.000158970 0.000145230 0.000191180 0.000114760 0.000123980 0.000128080 0.000112500 0.000116300 0.000083290 0.000085110 0.000084580 0.000085020 0.000111640 0.000050390 0.000063360 0.000044490 0.000002170 0.000000000 0.000134590 0.000117620 0.000115320 0.000105970 0.000101850 0.000109170 0.000114640 0.000138350 
45     0.000185620 0.000202750 0.000213730 0.000102630 0.000105920 0.000113910 0.000127860 0.000093780 0.000100230 0.000096600 0.000092770 0.000092580 0.000101570 0.000143860 0.000146000 0.000144600 0.000113490 0.000115070 0.000114500 0.000101650 0.000104510 0.000106780 0.000119400 0.000117790 0.000132470 0.000129420 0.000115680 0.000161630 0.000085210 0.000094430 0.000098530 0.000162930 0.000166730 0.000133720 0.000135540 0.000135010 0.000135450 0.000162070 0.000118590 0.000126510 0.000121950 0.000134340 0.000134590 0.000000000 0.000048530 0.000046230 0.000050350 0.000061940 0.000069260 0.000074730 0.000108800 
46     0.000168650 0.000185780 0.000196760 0.000085660 0.000088950 0.000096940 0.000110890 0.000076810 0.000083260 0.000079630 0.000075800 0.000075610 0.000084600 0.000126890 0.000129030 0.000127630 0.000096520 0.000098100 0.000097530 0.000084680 0.000087540 0.000089810 0.000102430 0.000100820 0.000115500 0.000112450 0.000098710 0.000144660 0.000068240 0.000077460 0.000081560 0.000145960 0.000149760 0.000116750 0.000118570 0.000118040 0.000118480 0.000145100 0.000101620 0.000109540 0.000104980 0.000117370 0.000117620 0.000048530 0.000000000 0.000005830 0.000049090 0.000044970 0.000052290 0.000057760 0.000091830 
49     0.000166350 0.000183480 0.000194460 0.000083360 0.000086650 0.000094640 0.000108590 0.000074510 0.000080960 0.000077330 0.000073500 0.000073310 0.000082300 0.000124590 0.000126730 0.000125330 0.000094220 0.000095800 0.000095230 0.000082380 0.000085240 0.000087510 0.000100130 0.000098520 0.000113200 0.000110150 0.000096410 0.000142360 0.000065940 0.000075160 0.000079260 0.000143660 0.000147460 0.000114450 0.000116270 0.000115740 0.000116180 0.000142800 0.000099320 0.000107240 0.000102680 0.000115070 0.000115320 0.000046230 0.000005830 0.000000000 0.000046790 0.000042670 0.000049990 0.000055460 0.000089530 
48     0.000157000 0.000174130 0.000185110 0.000074010 0.000077300 0.000085290 0.000099240 0.000065160 0.000071610 0.000067980 0.000064150 0.000063960 0.000072950 0.000115240 0.000117380 0.000115980 0.000084870 0.000086450 0.000085880 0.000073030 0.000075890 0.000078160 0.000090780 0.000089170 0.000103850 0.000100800 0.000087060 0.000133010 0.000056590 0.000065810 0.000069910 0.000134310 0.000138110 0.000105100 0.000106920 0.000106390 0.000106830 0.000133450 0.000089970 0.000097890 0.000093330 0.000105720 0.000105970 0.000050350 0.000049090 0.000046790 0.000000000 0.000029200 0.000036520 0.000036760 0.000080180 
47     0.000152880 0.000170010 0.000180990 0.000069890 0.000073180 0.000081170 0.000095120 0.000061040 0.000067490 0.000063860 0.000060030 0.000059840 0.000068830 0.000111120 0.000113260 0.000111860 0.000080750 0.000082330 0.000081760 0.000068910 0.000071770 0.000074040 0.000086660 0.000085050 0.000099730 0.000096680 0.000082940 0.000128890 0.000052470 0.000061690 0.000065790 0.000130190 0.000133990 0.000100980 0.000102800 0.000102270 0.000102710 0.000129330 0.000085850 0.000093770 0.000089210 0.000101600 0.000101850 0.000061940 0.000044970 0.000042670 0.000029200 0.000000000 0.000005260 0.000024830 0.000076060 
50     0.000160200 0.000177330 0.000188310 0.000077210 0.000080500 0.000088490 0.000102440 0.000068360 0.000074810 0.000071180 0.000067350 0.000067160 0.000076150 0.000118440 0.000120580 0.000119180 0.000088070 0.000089650 0.000089080 0.000076230 0.000079090 0.000081360 0.000093980 0.000092370 0.000107050 0.000104000 0.000090260 0.000136210 0.000059790 0.000069010 0.000073110 0.000137510 0.000141310 0.000108300 0.000110120 0.000109590 0.000110030 0.000136650 0.000093170 0.000101090 0.000096530 0.000108920 0.000109170 0.000069260 0.000052290 0.000049990 0.000036520 0.000005260 0.000000000 0.000032150 0.000083380 
44     0.000165670 0.000182800 0.000193780 0.000082680 0.000085970 0.000093960 0.000107910 0.000073830 0.000080280 0.000076650 0.000072820 0.000072630 0.000081620 0.000123910 0.000126050 0.000124650 0.000093540 0.000095120 0.000094550 0.000081700 0.000084560 0.000086830 0.000099450 0.000097840 0.000112520 0.000109470 0.000095730 0.000141680 0.000065260 0.000074480 0.000078580 0.000142980 0.000146780 0.000113770 0.000115590 0.000115060 0.000115500 0.000142120 0.000098640 0.000106560 0.000102000 0.000114390 0.000114640 0.000074730 0.000057760 0.000055460 0.000036760 0.000024830 0.000032150 0.000000000 0.000088850 
0     0.000185960 0.000203090 0.000214070 0.000102970 0.000106260 0.000114250 0.000128200 0.000094120 0.000100570 0.000096940 0.000093110 0.000092920 0.000101910 0.000144200 0.000146340 0.000144940 0.000113830 0.000115410 0.000114840 0.000101990 0.000104850 0.000107120 0.000119740 0.000118130 0.000132810 0.000129760 0.000116020 0.000161970 0.000085550 0.000094770 0.000098870 0.000166690 0.000170490 0.000137480 0.000139300 0.000138770 0.000139210 0.000165830 0.000122350 0.000130270 0.000125710 0.000138100 0.000138350 0.000108800 0.000091830 0.000089530 0.000080180 0.000076060 0.000083380 0.000088850 0.000000000 
