51
13     0.000000000 0.429426707 0.476330453 0.525139344 0.591263762 0.841515398 0.793256900 0.750261103 0.699458933 0.698817592 0.692106821 0.705261389 0.749279383 0.744905796 0.703719887 0.773809771 0.775088020 0.706701734 0.704653007 0.695522889 0.831426377 0.836556984 0.771817602 0.868279888 0.836817742 0.808521668 0.876016481 0.987270960 0.878851181 0.898993438 0.883723769 0.890364702 0.844598708 0.890974695 0.860239840 0.863705386 0.776835250 0.717684715 0.752430592 0.742936044 0.729756570 0.747857361 0.756052934 0.807661077 0.889275653 0.917842211 0.919011539 0.869677449 0.916692765 0.933013568 1.370732826 
6     0.429426707 0.000000000 0.531243463 0.581193053 0.647084504 0.895203633 0.847598240 0.808825530 0.736067647 0.732755329 0.726956007 0.740515485 0.785501674 0.781209748 0.756826640 0.830629319 0.832466902 0.767128468 0.765366596 0.751374550 0.885099521 0.891302296 0.825025366 0.921802294 0.891333646 0.863623945 0.930463937 1.044026129 0.928415157 0.952936419 0.939360890 0.945257428 0.905736754 0.946324834 0.916432518 0.919912044 0.834416761 0.773392824 0.811461031 0.798312122 0.785945092 0.809533953 0.811008438 0.856537757 0.942646842 0.972232858 0.971777750 0.928283478 0.968230240 0.987429134 1.442740230 
8     0.476330453 0.531243463 0.000000000 0.242097711 0.641294698 0.892990038 0.843541681 0.804519161 0.747281219 0.745248557 0.738997351 0.753896229 0.798106614 0.795258148 0.755389272 0.831187371 0.833029040 0.761060902 0.759314541 0.752020326 0.881457622 0.886705393 0.821573822 0.927965008 0.889479007 0.867091250 0.933997643 1.040313227 0.924764920 0.956306957 0.935227099 0.942598733 0.900627466 0.950320404 0.919014023 0.922319288 0.837529884 0.775720183 0.809465037 0.805243523 0.790772658 0.809978655 0.818717124 0.863565575 0.954765922 0.981343561 0.977283434 0.931863549 0.965763354 0.985967459 1.438905191 
1     0.525139344 0.581193053 0.242097711 0.000000000 0.690399843 0.940071182 0.892665352 0.855447125 0.795044397 0.793392435 0.787127893 0.800402766 0.846166778 0.842901315 0.804500127 0.883206146 0.885047816 0.813593444 0.811587699 0.789458052 0.918907639 0.924385652 0.857961070 0.964147783 0.929161493 0.904759859 0.971791000 1.084704723 0.969182553 0.990219565 0.974404054 0.980267495 0.938973005 1.006561070 0.972724601 0.976010376 0.890402744 0.829258683 0.862548312 0.858698148 0.844723716 0.861955252 0.871287548 0.917305036 0.999686751 1.025510217 1.021510210 0.990539484 1.025644245 1.045976254 1.478531150 
15     0.591263762 0.647084504 0.641294698 0.690399843 0.000000000 0.880744834 0.832623824 0.786730351 0.734527132 0.735667992 0.728449655 0.742475271 0.786713523 0.784174502 0.749900189 0.825875136 0.827838969 0.755795347 0.755776598 0.746307793 0.880652156 0.887911783 0.818175595 0.928195745 0.886275595 0.861041320 0.935452862 1.032253594 0.914529171 0.948066847 0.936256992 0.942698223 0.905738679 0.938475536 0.909300485 0.912805980 0.831225856 0.769829199 0.804459616 0.800828031 0.787491978 0.803708699 0.812446178 0.857840600 0.944188399 0.973126731 0.967413295 0.920330226 0.960230723 0.981551661 1.432074710 
2     0.841515398 0.895203633 0.892990038 0.940071182 0.880744834 0.000000000 0.236870834 0.708013075 0.862971694 0.865789584 0.860855588 0.876313714 0.920294983 0.919984682 0.884476396 1.047448025 1.049414112 0.981663071 0.980864141 0.974784884 1.105539329 1.112091240 1.046815899 1.150583862 1.112886636 1.086300739 1.165342453 1.262462961 1.149191315 1.173921876 1.162549389 1.168894711 1.128164751 1.168377954 1.141019892 1.144227414 1.063027228 0.994323423 1.037052014 1.030357207 1.018542345 1.036015247 1.042552049 1.088549595 1.164298649 1.194511712 1.190869118 1.150405109 1.187866821 1.210453045 1.664015747 
4     0.793256900 0.847598240 0.843541681 0.892665352 0.832623824 0.236870834 0.000000000 0.667553697 0.818221859 0.820967483 0.816036506 0.832431902 0.875765786 0.872368673 0.835419374 1.000171249 1.002204697 0.934045934 0.932935012 0.926198030 1.052988754 1.059370947 0.998390095 1.100005859 1.059940714 1.035116197 1.109839445 1.213508836 1.101373758 1.124492017 1.112340840 1.115143453 1.077307786 1.119417259 1.091806161 1.095183360 1.015447700 0.945511566 0.989552740 0.982841236 0.971130195 0.988617720 0.994896928 1.041100269 1.116897358 1.146912492 1.143464947 1.100769888 1.141087517 1.163665596 1.611560782 
10     0.750261103 0.808825530 0.804519161 0.855447125 0.786730351 0.708013075 0.667553697 0.000000000 0.782582751 0.782634483 0.777498403 0.794331901 0.836091205 0.831941942 0.796855319 0.963927209 0.966373316 0.894951236 0.894450726 0.888989367 1.022295955 1.029802362 0.964079560 1.069938366 1.029390905 1.000163817 1.083080492 1.180895657 1.065359632 1.091293371 1.078697988 1.084853301 1.045176672 1.083876612 1.056637563 1.059942827 0.972993417 0.907805358 0.949534248 0.940285778 0.926910749 0.944543394 0.951765929 0.998403732 1.074968916 1.105179156 1.100069403 1.063074136 1.100462370 1.123132871 1.574591141 
12     0.699458933 0.736067647 0.747281219 0.795044397 0.734527132 0.862971694 0.818221859 0.782582751 0.000000000 0.177565757 0.169840608 0.347785416 0.391990164 0.391951831 0.583921909 0.921260326 0.922791987 0.850266705 0.848971788 0.848766429 0.975576854 0.984111122 0.916863116 1.023121059 0.983523340 0.959536850 1.031759182 1.129481651 1.020566695 1.046802434 1.035751920 1.042673343 0.997451996 1.036050836 1.008462782 1.011740845 0.928654935 0.865098247 0.905230837 0.897670492 0.884411084 0.903267557 0.907595703 0.955604925 1.036516443 1.066143524 1.063910609 1.017602738 1.054579531 1.076586199 1.525894954 
7     0.698817592 0.732755329 0.745248557 0.793392435 0.735667992 0.865789584 0.820967483 0.782634483 0.177565757 0.000000000 0.091046927 0.347994529 0.395706260 0.394909206 0.582830026 0.917833558 0.919365218 0.846795545 0.845406321 0.849585206 0.979129102 0.987652790 0.918880650 1.024090659 0.986530722 0.960336056 1.032656207 1.130716778 1.021304204 1.046366618 1.036930890 1.042369596 0.997990153 1.035929569 1.009229729 1.012507793 0.926539351 0.863746428 0.904658317 0.896027679 0.882556397 0.901271505 0.906138130 0.954047250 1.036560669 1.066456668 1.063264675 1.016088958 1.051453748 1.073176383 1.524688077 
9     0.692106821 0.726956007 0.738997351 0.787127893 0.728449655 0.860855588 0.816036506 0.777498403 0.169840608 0.091046927 0.000000000 0.337403538 0.388600890 0.385293743 0.574764606 0.911008513 0.912540174 0.840369843 0.838955426 0.841975874 0.971205495 0.979753193 0.911189809 1.016128780 0.978241000 0.953284133 1.025071654 1.122508025 1.012831170 1.038860045 1.029230421 1.034714207 0.990265710 1.028629450 1.002032071 1.005310134 0.919885084 0.856899587 0.897934747 0.889261842 0.875898906 0.894610334 0.899513176 0.947389759 1.031533777 1.061184165 1.058450050 1.009846862 1.045452338 1.066709332 1.517833991 
11     0.705261389 0.740515485 0.753896229 0.800402766 0.742475271 0.876313714 0.832431902 0.794331901 0.347785416 0.347994529 0.337403538 0.000000000 0.261486906 0.288771294 0.598582535 0.927688720 0.929189702 0.858912957 0.857580880 0.856459377 0.986713708 0.993886071 0.927562381 1.037795268 0.995510386 0.971161731 1.043548274 1.138565329 1.030573351 1.057264431 1.043277456 1.049858078 1.005138695 1.042524922 1.017478502 1.020797089 0.932158731 0.870277931 0.910343016 0.899737897 0.886099916 0.905665343 0.912937051 0.959551670 1.046962393 1.076325587 1.074278303 1.026565433 1.065692989 1.087174794 1.531385300 
5     0.749279383 0.785501674 0.798106614 0.846166778 0.786713523 0.920294983 0.875765786 0.836091205 0.391990164 0.395706260 0.388600890 0.261486906 0.000000000 0.335149968 0.639308715 0.966069494 0.967482480 0.900021608 0.897335090 0.892254689 1.017983287 1.028153344 0.960130342 1.069973594 1.026849127 1.004300399 1.074739269 1.172276909 1.066121014 1.093425557 1.079931323 1.085168838 1.039831079 1.083486308 1.057843783 1.061162369 0.975665602 0.911652755 0.953623335 0.943880354 0.930552424 0.949706106 0.955466666 1.002102077 1.087428152 1.116455425 1.114475653 1.070032921 1.106612773 1.130153166 1.572274323 
14     0.744905796 0.781209748 0.795258148 0.842901315 0.784174502 0.919984682 0.872368673 0.831941942 0.391951831 0.394909206 0.385293743 0.288771294 0.335149968 0.000000000 0.635310554 0.959101942 0.960598788 0.890391901 0.889165715 0.882410378 1.012077518 1.018844659 0.957232619 1.063586689 1.020580754 0.997885147 1.068698567 1.164398197 1.058443070 1.082186446 1.071366378 1.075194996 1.031425302 1.073705248 1.049810469 1.053129056 0.961487529 0.899791004 0.939487740 0.928794398 0.915846495 0.935227362 0.941073554 0.988248689 1.074090889 1.103832122 1.102793931 1.056324420 1.095189898 1.117325286 1.565934145 
3     0.703719887 0.756826640 0.755389272 0.804500127 0.749900189 0.884476396 0.835419374 0.796855319 0.583921909 0.582830026 0.574764606 0.598582535 0.639308715 0.635310554 0.000000000 0.915362817 0.917132540 0.848303902 0.850248824 0.836839886 0.970370808 0.977181126 0.913522140 1.023340696 0.972014256 0.954358698 1.023097602 1.122505553 1.012444268 1.038382279 1.026886546 1.029872562 0.985512823 1.034696280 1.006722808 1.010294789 0.921391594 0.858862127 0.896962861 0.888659787 0.875701453 0.893277657 0.902177734 0.946876019 1.040397936 1.068696268 1.063099614 1.015014745 1.054142297 1.075144736 1.533719872 
44     0.773809771 0.830629319 0.831187371 0.883206146 0.825875136 1.047448025 1.000171249 0.963927209 0.921260326 0.917833558 0.911008513 0.927688720 0.966069494 0.959101942 0.915362817 0.000000000 0.094373674 0.451451858 0.446840575 0.697337549 0.830522489 0.840840779 0.770194688 0.871229893 0.836440920 0.815110891 0.895191048 0.990306183 0.877729779 0.905837799 0.885737417 0.894136668 0.855270686 0.885820397 0.858151595 0.861405189 0.779957238 0.716085677 0.756385186 0.748339207 0.732375440 0.749567034 0.763088894 0.807326779 0.886189982 0.915834706 0.909836035 0.885007954 0.904529462 0.927029917 1.451905707 
20     0.775088020 0.832466902 0.833029040 0.885047816 0.827838969 1.049414112 1.002204697 0.966373316 0.922791987 0.919365218 0.912540174 0.929189702 0.967482480 0.960598788 0.917132540 0.094373674 0.000000000 0.454093240 0.449504145 0.698954968 0.832130749 0.842484326 0.771860656 0.872575424 0.837959929 0.816658311 0.896782852 0.991767031 0.879301999 0.907427815 0.887327433 0.895726685 0.856860702 0.887621940 0.859792109 0.863048501 0.781473649 0.717622802 0.757922310 0.749807438 0.733843737 0.751006409 0.764575278 0.808821872 0.887976995 0.917616001 0.911617330 0.886673542 0.906414755 0.927695213 1.453806436 
23     0.706701734 0.767128468 0.761060902 0.813593444 0.755795347 0.981663071 0.934045934 0.894951236 0.850266705 0.846795545 0.840369843 0.858912957 0.900021608 0.890391901 0.848303902 0.451451858 0.454093240 0.000000000 0.113362805 0.625632058 0.765691396 0.774668861 0.701813805 0.805272890 0.762210465 0.743011788 0.824856222 0.917484973 0.810625152 0.836205034 0.815913548 0.825112093 0.783078496 0.822223425 0.792738851 0.796150771 0.712224217 0.647698820 0.689051182 0.680693932 0.664632127 0.683845595 0.695198396 0.740337540 0.823622884 0.851868258 0.846678151 0.819786269 0.848032084 0.870212838 1.383982822 
45     0.704653007 0.765366596 0.759314541 0.811587699 0.755776598 0.980864141 0.932935012 0.894450726 0.848971788 0.845406321 0.838955426 0.857580880 0.897335090 0.889165715 0.850248824 0.446840575 0.449504145 0.113362805 0.000000000 0.626201956 0.765372900 0.774053627 0.701159274 0.804978120 0.761821254 0.742536545 0.825580832 0.919929803 0.812641489 0.836982225 0.816783981 0.826729075 0.784326605 0.819852572 0.791526936 0.794938856 0.714619828 0.649656645 0.692036394 0.683653186 0.667551012 0.686887125 0.697991037 0.743009259 0.824907918 0.851385262 0.848016232 0.820216721 0.848808768 0.870043747 1.385985012 
48     0.695522889 0.751374550 0.752020326 0.789458052 0.746307793 0.974784884 0.926198030 0.888989367 0.848766429 0.849585206 0.841975874 0.856459377 0.892254689 0.882410378 0.836839886 0.697337549 0.698954968 0.625632058 0.626201956 0.000000000 0.494160025 0.503905250 0.429400338 0.535307267 0.492866704 0.476186077 0.552634089 0.645774553 0.531299947 0.578390679 0.556433624 0.562211484 0.525479613 0.802601589 0.771177982 0.774535026 0.695585885 0.630900558 0.663137391 0.654297012 0.639911499 0.662169867 0.673077761 0.716934926 0.774785589 0.806559455 0.799449362 0.786851598 0.816900237 0.841745716 1.363690096 
27     0.831426377 0.885099521 0.881457622 0.918907639 0.880652156 1.105539329 1.052988754 1.022295955 0.975576854 0.979129102 0.971205495 0.986713708 1.017983287 1.012077518 0.970370808 0.830522489 0.832130749 0.765691396 0.765372900 0.494160025 0.000000000 0.191506692 0.325014059 0.436151684 0.468253081 0.452134640 0.523662752 0.682929826 0.566794749 0.721338130 0.696228993 0.701344992 0.666804666 0.930399770 0.900842304 0.903996090 0.820452208 0.758989176 0.789551023 0.783604338 0.768583661 0.792939858 0.797603676 0.840289797 0.916121352 0.946586108 0.942199836 0.928676903 0.957688327 0.984035719 1.503843643 
33     0.836556984 0.891302296 0.886705393 0.924385652 0.887911783 1.112091240 1.059370947 1.029802362 0.984111122 0.987652790 0.979753193 0.993886071 1.028153344 1.018844659 0.977181126 0.840840779 0.842484326 0.774668861 0.774053627 0.503905250 0.191506692 0.000000000 0.332380845 0.440627477 0.474925025 0.460364527 0.530191167 0.693346160 0.574859195 0.723840973 0.702920387 0.708055198 0.675924765 0.939902058 0.911105824 0.914259610 0.830985447 0.769515559 0.798159125 0.794156059 0.779117799 0.802776084 0.807484797 0.850511467 0.924144645 0.954788007 0.949391926 0.938760629 0.964958616 0.989015130 1.510847891 
41     0.771817602 0.825025366 0.821573822 0.857961070 0.818175595 1.046815899 0.998390095 0.964079560 0.916863116 0.918880650 0.911189809 0.927562381 0.960130342 0.957232619 0.913522140 0.770194688 0.771860656 0.701813805 0.701159274 0.429400338 0.325014059 0.332380845 0.000000000 0.377608202 0.400713634 0.380769903 0.453376918 0.620060900 0.502804187 0.649501758 0.615251384 0.635381823 0.598856023 0.871213809 0.845511192 0.848664978 0.763816265 0.702479088 0.732905225 0.727088559 0.711800040 0.736577429 0.742269881 0.784399101 0.850536467 0.880559162 0.874082523 0.864889581 0.889767660 0.915797620 1.441714065 
32     0.868279888 0.921802294 0.927965008 0.964147783 0.928195745 1.150583862 1.100005859 1.069938366 1.023121059 1.024090659 1.016128780 1.037795268 1.069973594 1.063586689 1.023340696 0.871229893 0.872575424 0.805272890 0.804978120 0.535307267 0.436151684 0.440627477 0.377608202 0.000000000 0.506549309 0.492553124 0.562400332 0.726972522 0.610644710 0.753311721 0.737133873 0.737876407 0.703775946 0.971753645 0.941995984 0.945140296 0.864954275 0.804701971 0.838773879 0.829158551 0.813612711 0.837445337 0.840374984 0.884908338 0.956358506 0.986009775 0.983574298 0.971986415 1.001777733 1.019947455 1.545921532 
38     0.836817742 0.891333646 0.889479007 0.929161493 0.886275595 1.112886636 1.059940714 1.029390905 0.983523340 0.986530722 0.978241000 0.995510386 1.026849127 1.020580754 0.972014256 0.836440920 0.837959929 0.762210465 0.761821254 0.492866704 0.468253081 0.474925025 0.400713634 0.506549309 0.000000000 0.389146478 0.469113810 0.678925162 0.557469911 0.711566340 0.687424070 0.694764212 0.659112266 0.943963363 0.914554888 0.917777941 0.833870044 0.772794475 0.801074022 0.797475988 0.782442734 0.806791637 0.809286810 0.853459085 0.923080890 0.954330595 0.947986569 0.935847057 0.960436338 0.986274431 1.512898856 
47     0.808521668 0.863623945 0.867091250 0.904759859 0.861041320 1.086300739 1.035116197 1.000163817 0.959536850 0.960336056 0.953284133 0.971161731 1.004300399 0.997885147 0.954358698 0.815110891 0.816658311 0.743011788 0.742536545 0.476186077 0.452134640 0.460364527 0.380769903 0.492553124 0.389146478 0.000000000 0.295221591 0.657655164 0.539459551 0.695302422 0.664343513 0.681523516 0.643478294 0.914772401 0.886694781 0.889882653 0.810332923 0.746506808 0.781562764 0.772453025 0.756752918 0.781303945 0.784703716 0.829168318 0.896017182 0.925074107 0.918832462 0.912578250 0.934264893 0.959393607 1.485862941 
26     0.876016481 0.930463937 0.933997643 0.971791000 0.935452862 1.165342453 1.109839445 1.083080492 1.031759182 1.032656207 1.025071654 1.043548274 1.074739269 1.068698567 1.023097602 0.895191048 0.896782852 0.824856222 0.825580832 0.552634089 0.523662752 0.530191167 0.453376918 0.562400332 0.469113810 0.295221591 0.000000000 0.731036803 0.611811700 0.773736799 0.742439064 0.754571488 0.719850344 0.993789118 0.967150363 0.970321122 0.891514745 0.828753474 0.862769127 0.855691153 0.840497167 0.864457410 0.866745976 0.910401539 0.974380117 1.004239468 0.997534041 0.987409758 1.012020163 1.036955126 1.556005517 
21     0.987270960 1.044026129 1.040313227 1.084704723 1.032253594 1.262462961 1.213508836 1.180895657 1.129481651 1.130716778 1.122508025 1.138565329 1.172276909 1.164398197 1.122505553 0.990306183 0.991767031 0.917484973 0.919929803 0.645774553 0.682929826 0.693346160 0.620060900 0.726972522 0.678925162 0.657655164 0.731036803 0.000000000 0.400092499 0.872800480 0.847811516 0.858382293 0.817822061 1.093962713 1.061716286 1.064777556 0.984816792 0.922968721 0.954817806 0.951492397 0.933710033 0.959680696 0.961588798 1.008093576 1.069704490 1.101388334 1.094790485 1.087642580 1.111665034 1.135640688 1.667248904 
24     0.878851181 0.928415157 0.924764920 0.969182553 0.914529171 1.149191315 1.101373758 1.065359632 1.020566695 1.021304204 1.012831170 1.030573351 1.066121014 1.058443070 1.012444268 0.877729779 0.879301999 0.810625152 0.812641489 0.531299947 0.566794749 0.574859195 0.502804187 0.610644710 0.557469911 0.539459551 0.611811700 0.400092499 0.000000000 0.756197814 0.733767147 0.743377428 0.706655578 0.986332927 0.952415847 0.955457778 0.875598676 0.814349888 0.844763400 0.842285655 0.824783087 0.849703010 0.852155499 0.898556024 0.955150654 0.984989180 0.979976969 0.978510044 1.002069788 1.026389216 1.555046569 
43     0.898993438 0.952936419 0.956306957 0.990219565 0.948066847 1.173921876 1.124492017 1.091293371 1.046802434 1.046366618 1.038860045 1.057264431 1.093425557 1.082186446 1.038382279 0.905837799 0.907427815 0.836205034 0.836982225 0.578390679 0.721338130 0.723840973 0.649501758 0.753311721 0.711566340 0.695302422 0.773736799 0.872800480 0.756197814 0.000000000 0.609601849 0.616550462 0.580183995 1.006496999 0.975469110 0.977309028 0.904715835 0.840405907 0.873916267 0.867175678 0.852993946 0.876216835 0.885393306 0.929439539 0.985160710 1.016491537 1.010534727 0.997009091 1.024183215 1.049890964 1.560628641 
30     0.883723769 0.939360890 0.935227099 0.974404054 0.936256992 1.162549389 1.112340840 1.078697988 1.035751920 1.036930890 1.029230421 1.043277456 1.079931323 1.071366378 1.026886546 0.885737417 0.887327433 0.815913548 0.816783981 0.556433624 0.696228993 0.702920387 0.615251384 0.737133873 0.687424070 0.664343513 0.742439064 0.847811516 0.733767147 0.609601849 0.000000000 0.325719179 0.360136572 0.984610281 0.954213330 0.955008036 0.881132140 0.818506854 0.848678765 0.842114117 0.828407119 0.850727062 0.859345484 0.903392240 0.967094961 0.996295162 0.989820513 0.981322609 1.007942235 1.034197237 1.552910405 
46     0.890364702 0.945257428 0.942598733 0.980267495 0.942698223 1.168894711 1.115143453 1.084853301 1.042673343 1.042369596 1.034714207 1.049858078 1.085168838 1.075194996 1.029872562 0.894136668 0.895726685 0.825112093 0.826729075 0.562211484 0.701344992 0.708055198 0.635381823 0.737876407 0.694764212 0.681523516 0.754571488 0.858382293 0.743377428 0.616550462 0.325719179 0.000000000 0.363197203 0.990108353 0.959124498 0.960242685 0.887843095 0.825125932 0.855675368 0.849381570 0.835799253 0.859013998 0.867400197 0.910253165 0.975526440 1.005611249 0.998389358 0.989524313 1.013396605 1.039557832 1.565786449 
34     0.844598708 0.905736754 0.900627466 0.938973005 0.905738679 1.128164751 1.077307786 1.045176672 0.997451996 0.997990153 0.990265710 1.005138695 1.039831079 1.031425302 0.985512823 0.855270686 0.856860702 0.783078496 0.784326605 0.525479613 0.666804666 0.675924765 0.598856023 0.703775946 0.659112266 0.643478294 0.719850344 0.817822061 0.706655578 0.580183995 0.360136572 0.363197203 0.000000000 0.953232231 0.921255376 0.924214607 0.844015910 0.781287662 0.811269236 0.804765861 0.791215067 0.814678650 0.824039715 0.869037529 0.935244770 0.964320808 0.956688039 0.951074606 0.973150535 0.999129665 1.513907587 
16     0.890974695 0.946324834 0.950320404 1.006561070 0.938475536 1.168377954 1.119417259 1.083876612 1.036050836 1.035929569 1.028629450 1.042524922 1.083486308 1.073705248 1.034696280 0.885820397 0.887621940 0.822223425 0.819852572 0.802601589 0.930399770 0.939902058 0.871213809 0.971753645 0.943963363 0.914772401 0.993789118 1.093962713 0.986332927 1.006496999 0.984610281 0.990108353 0.953232231 0.000000000 0.312579918 0.315663220 0.835284672 0.772121600 0.807296974 0.797815361 0.782760517 0.803654459 0.816157781 0.860344148 0.954117600 0.983075337 0.980566445 0.958654561 0.993229167 1.007840550 1.564124489 
17     0.860239840 0.916432518 0.919014023 0.972724601 0.909300485 1.141019892 1.091806161 1.056637563 1.008462782 1.009229729 1.002032071 1.017478502 1.057843783 1.049810469 1.006722808 0.858151595 0.859792109 0.792738851 0.791526936 0.771177982 0.900842304 0.911105824 0.845511192 0.941995984 0.914554888 0.886694781 0.967150363 1.061716286 0.952415847 0.975469110 0.954213330 0.959124498 0.921255376 0.312579918 0.000000000 0.055494142 0.798544606 0.738769877 0.773201941 0.762221706 0.747459744 0.769178551 0.781674492 0.822012003 0.921663816 0.950418847 0.947847168 0.930487888 0.962736272 0.976820478 1.532247932 
19     0.863705386 0.919912044 0.922319288 0.976010376 0.912805980 1.144227414 1.095183360 1.059942827 1.011740845 1.012507793 1.005310134 1.020797089 1.061162369 1.053129056 1.010294789 0.861405189 0.863048501 0.796150771 0.794938856 0.774535026 0.903996090 0.914259610 0.848664978 0.945140296 0.917777941 0.889882653 0.970321122 1.064777556 0.955457778 0.977309028 0.955008036 0.960242685 0.924214607 0.315663220 0.055494142 0.000000000 0.803256984 0.739432732 0.777519126 0.766445886 0.751777941 0.773496748 0.785342556 0.825680067 0.925072963 0.953852879 0.951260666 0.933541389 0.965972433 0.979865321 1.535640438 
40     0.776835250 0.834416761 0.837529884 0.890402744 0.831225856 1.063027228 1.015447700 0.972993417 0.928654935 0.926539351 0.919885084 0.932158731 0.975665602 0.961487529 0.921391594 0.779957238 0.781473649 0.712224217 0.714619828 0.695585885 0.820452208 0.830985447 0.763816265 0.864954275 0.833870044 0.810332923 0.891514745 0.984816792 0.875598676 0.904715835 0.881132140 0.887843095 0.844015910 0.835284672 0.798544606 0.803256984 0.000000000 0.273224659 0.301462594 0.298940030 0.278104510 0.297548517 0.311409767 0.346791928 0.840414252 0.871112659 0.868284034 0.843838846 0.875099064 0.893235743 1.444810329 
39     0.717684715 0.773392824 0.775720183 0.829258683 0.769829199 0.994323423 0.945511566 0.907805358 0.865098247 0.863746428 0.856899587 0.870277931 0.911652755 0.899791004 0.858862127 0.716085677 0.717622802 0.647698820 0.649656645 0.630900558 0.758989176 0.769515559 0.702479088 0.804701971 0.772794475 0.746506808 0.828753474 0.922968721 0.814349888 0.840405907 0.818506854 0.825125932 0.781287662 0.772121600 0.738769877 0.739432732 0.273224659 0.000000000 0.238121935 0.230752560 0.208222805 0.228809909 0.245170849 0.279650836 0.779569373 0.807032202 0.805485548 0.775057281 0.808514583 0.829243294 1.378257596 
36     0.752430592 0.811461031 0.809465037 0.862548312 0.804459616 1.037052014 0.989552740 0.949534248 0.905230837 0.904658317 0.897934747 0.910343016 0.953623335 0.939487740 0.896962861 0.756385186 0.757922310 0.689051182 0.692036394 0.663137391 0.789551023 0.798159125 0.732905225 0.838773879 0.801074022 0.781562764 0.862769127 0.954817806 0.844763400 0.873916267 0.848678765 0.855675368 0.811269236 0.807296974 0.773201941 0.777519126 0.301462594 0.238121935 0.000000000 0.214072598 0.189679945 0.216117531 0.256978977 0.292218846 0.821169761 0.852159591 0.846007485 0.818006613 0.844135132 0.871326274 1.418532605 
35     0.742936044 0.798312122 0.805243523 0.858698148 0.800828031 1.030357207 0.982841236 0.940285778 0.897670492 0.896027679 0.889261842 0.899737897 0.943880354 0.928794398 0.888659787 0.748339207 0.749807438 0.680693932 0.683653186 0.654297012 0.783604338 0.794156059 0.727088559 0.829158551 0.797475988 0.772453025 0.855691153 0.951492397 0.842285655 0.867175678 0.842114117 0.849381570 0.804765861 0.797815361 0.762221706 0.766445886 0.298940030 0.230752560 0.214072598 0.000000000 0.111214913 0.168866171 0.240593049 0.285167755 0.807065646 0.838292757 0.834584562 0.810546785 0.844828790 0.862860401 1.402904933 
31     0.729756570 0.785945092 0.790772658 0.844723716 0.787491978 1.018542345 0.971130195 0.926910749 0.884411084 0.882556397 0.875898906 0.886099916 0.930552424 0.915846495 0.875701453 0.732375440 0.733843737 0.664632127 0.667551012 0.639911499 0.768583661 0.779117799 0.711800040 0.813612711 0.782442734 0.756752918 0.840497167 0.933710033 0.824783087 0.852993946 0.828407119 0.835799253 0.791215067 0.782760517 0.747459744 0.751777941 0.278104510 0.208222805 0.189679945 0.111214913 0.000000000 0.146131860 0.222567142 0.265090159 0.793534309 0.824826835 0.823390452 0.796788998 0.826685110 0.846013535 1.392116831 
28     0.747857361 0.809533953 0.809978655 0.861955252 0.803708699 1.036015247 0.988617720 0.944543394 0.903267557 0.901271505 0.894610334 0.905665343 0.949706106 0.935227362 0.893277657 0.749567034 0.751006409 0.683845595 0.686887125 0.662169867 0.792939858 0.802776084 0.736577429 0.837445337 0.806791637 0.781303945 0.864457410 0.959680696 0.849703010 0.876216835 0.850727062 0.859013998 0.814678650 0.803654459 0.769178551 0.773496748 0.297548517 0.228809909 0.216117531 0.168866171 0.146131860 0.000000000 0.249188497 0.289773505 0.816089645 0.847106387 0.843773579 0.816391564 0.850426969 0.869530059 1.413249841 
25     0.756052934 0.811008438 0.818717124 0.871287548 0.812446178 1.042552049 0.994896928 0.951765929 0.907595703 0.906138130 0.899513176 0.912937051 0.955466666 0.941073554 0.902177734 0.763088894 0.764575278 0.695198396 0.697991037 0.673077761 0.797603676 0.807484797 0.742269881 0.840374984 0.809286810 0.784703716 0.866745976 0.961588798 0.852155499 0.885393306 0.859345484 0.867400197 0.824039715 0.816157781 0.781674492 0.785342556 0.311409767 0.245170849 0.256978977 0.240593049 0.222567142 0.249188497 0.000000000 0.227939283 0.823728971 0.854776509 0.851447102 0.825027974 0.858293123 0.877637387 1.418218827 
49     0.807661077 0.856537757 0.863565575 0.917305036 0.857840600 1.088549595 1.041100269 0.998403732 0.955604925 0.954047250 0.947389759 0.959551670 1.002102077 0.988248689 0.946876019 0.807326779 0.808821872 0.740337540 0.743009259 0.716934926 0.840289797 0.850511467 0.784399101 0.884908338 0.853459085 0.829168318 0.910401539 1.008093576 0.898556024 0.929439539 0.903392240 0.910253165 0.869037529 0.860344148 0.822012003 0.825680067 0.346791928 0.279650836 0.292218846 0.285167755 0.265090159 0.289773505 0.227939283 0.000000000 0.865633200 0.896878406 0.893260711 0.865278629 0.897793584 0.917151467 1.462906046 
18     0.889275653 0.942646842 0.954765922 0.999686751 0.944188399 1.164298649 1.116897358 1.074968916 1.036516443 1.036560669 1.031533777 1.046962393 1.087428152 1.074090889 1.040397936 0.886189982 0.887976995 0.823622884 0.824907918 0.774785589 0.916121352 0.924144645 0.850536467 0.956358506 0.923080890 0.896017182 0.974380117 1.069704490 0.955150654 0.985160710 0.967094961 0.975526440 0.935244770 0.954117600 0.921663816 0.925072963 0.840414252 0.779569373 0.821169761 0.807065646 0.793534309 0.816089645 0.823728971 0.865633200 0.000000000 0.212961911 0.216942583 0.658171957 0.795335273 0.812914797 1.550824296 
42     0.917842211 0.972232858 0.981343561 1.025510217 0.973126731 1.194511712 1.146912492 1.105179156 1.066143524 1.066456668 1.061184165 1.076325587 1.116455425 1.103832122 1.068696268 0.915834706 0.917616001 0.851868258 0.851385262 0.806559455 0.946586108 0.954788007 0.880559162 0.986009775 0.954330595 0.925074107 1.004239468 1.101388334 0.984989180 1.016491537 0.996295162 1.005611249 0.964320808 0.983075337 0.950418847 0.953852879 0.871112659 0.807032202 0.852159591 0.838292757 0.824826835 0.847106387 0.854776509 0.896878406 0.212961911 0.000000000 0.261507638 0.691245166 0.824385002 0.841401338 1.568014173 
29     0.919011539 0.971777750 0.977283434 1.021510210 0.967413295 1.190869118 1.143464947 1.100069403 1.063910609 1.063264675 1.058450050 1.074278303 1.114475653 1.102793931 1.063099614 0.909836035 0.911617330 0.846678151 0.848016232 0.799449362 0.942199836 0.949391926 0.874082523 0.983574298 0.947986569 0.918832462 0.997534041 1.094790485 0.979976969 1.010534727 0.989820513 0.998389358 0.956688039 0.980566445 0.947847168 0.951260666 0.868284034 0.805485548 0.846007485 0.834584562 0.823390452 0.843773579 0.851447102 0.893260711 0.216942583 0.261507638 0.000000000 0.674124691 0.815856528 0.838332730 1.575794667 
22     0.869677449 0.928283478 0.931863549 0.990539484 0.920330226 1.150405109 1.100769888 1.063074136 1.017602738 1.016088958 1.009846862 1.026565433 1.070032921 1.056324420 1.015014745 0.885007954 0.886673542 0.819786269 0.820216721 0.786851598 0.928676903 0.938760629 0.864889581 0.971986415 0.935847057 0.912578250 0.987409758 1.087642580 0.978510044 0.997009091 0.981322609 0.989524313 0.951074606 0.958654561 0.930487888 0.933541389 0.843838846 0.775057281 0.818006613 0.810546785 0.796788998 0.816391564 0.825027974 0.865278629 0.658171957 0.691245166 0.674124691 0.000000000 0.794679351 0.817883210 1.552571027 
50     0.916692765 0.968230240 0.965763354 1.025644245 0.960230723 1.187866821 1.141087517 1.100462370 1.054579531 1.051453748 1.045452338 1.065692989 1.106612773 1.095189898 1.054142297 0.904529462 0.906414755 0.848032084 0.848808768 0.816900237 0.957688327 0.964958616 0.889767660 1.001777733 0.960436338 0.934264893 1.012020163 1.111665034 1.002069788 1.024183215 1.007942235 1.013396605 0.973150535 0.993229167 0.962736272 0.965972433 0.875099064 0.808514583 0.844135132 0.844828790 0.826685110 0.850426969 0.858293123 0.897793584 0.795335273 0.824385002 0.815856528 0.794679351 0.000000000 0.308528943 1.587520746 
37     0.933013568 0.987429134 0.985967459 1.045976254 0.981551661 1.210453045 1.163665596 1.123132871 1.076586199 1.073176383 1.066709332 1.087174794 1.130153166 1.117325286 1.075144736 0.927029917 0.927695213 0.870212838 0.870043747 0.841745716 0.984035719 0.989015130 0.915797620 1.019947455 0.986274431 0.959393607 1.036955126 1.135640688 1.026389216 1.049890964 1.034197237 1.039557832 0.999129665 1.007840550 0.976820478 0.979865321 0.893235743 0.829243294 0.871326274 0.862860401 0.846013535 0.869530059 0.877637387 0.917151467 0.812914797 0.841401338 0.838332730 0.817883210 0.308528943 0.000000000 1.612272247 
0     1.370732826 1.442740230 1.438905191 1.478531150 1.432074710 1.664015747 1.611560782 1.574591141 1.525894954 1.524688077 1.517833991 1.531385300 1.572274323 1.565934145 1.533719872 1.451905707 1.453806436 1.383982822 1.385985012 1.363690096 1.503843643 1.510847891 1.441714065 1.545921532 1.512898856 1.485862941 1.556005517 1.667248904 1.555046569 1.560628641 1.552910405 1.565786449 1.513907587 1.564124489 1.532247932 1.535640438 1.444810329 1.378257596 1.418532605 1.402904933 1.392116831 1.413249841 1.418218827 1.462906046 1.550824296 1.568014173 1.575794667 1.552571027 1.587520746 1.612272247 0.000000000 
