51
13     0.000000000 0.004663060 0.002820010 0.006440090 0.002448360 0.004871220 0.001576010 0.007145540 0.008873730 0.009083420 0.004995230 0.009196260 0.009600610 0.009940930 0.001253190 0.007363030 0.007652190 0.008790710 0.006860190 0.004306150 0.007761390 0.006935390 0.007332600 0.003730650 0.006467830 0.004254150 0.006538060 0.010002780 0.007173170 0.001408450 0.004142570 0.006495760 0.007327800 0.007751360 0.007852520 0.008144870 0.007988760 0.006852100 0.001525740 0.007323730 0.007198290 0.007248030 0.000933150 0.006297130 0.003428420 0.010617990 0.011139770 0.000290850 0.011586240 0.011401010 0.015797160 
6     0.004663060 0.000000000 0.003493030 0.007117600 0.007537280 0.008567570 0.001360150 0.005616110 0.006793880 0.002590020 0.006953350 0.007853530 0.008257880 0.008598200 0.008333050 0.007355710 0.005659710 0.007447980 0.007721140 0.006982870 0.004420220 0.006797810 0.006141030 0.007127090 0.006745160 0.006820500 0.007538740 0.009618200 0.008051810 0.006943790 0.003164970 0.006953850 0.001407530 0.008589080 0.004287200 0.003952770 0.007647250 0.003676540 0.003489540 0.006482910 0.005658390 0.005346860 0.000167950 0.006722810 0.004101440 0.010610150 0.010367080 0.005840370 0.010243510 0.004786640 0.016075780 
8     0.002820010 0.003493030 0.000000000 0.000666710 0.008294610 0.002893110 0.008340470 0.006123150 0.008288330 0.008498020 0.008092930 0.008610860 0.009015210 0.009355530 0.009090380 0.008196700 0.008485860 0.007030890 0.007304050 0.003843760 0.006001570 0.006380720 0.005723940 0.006710000 0.006328070 0.006403410 0.007121650 0.009201110 0.001253830 0.006526700 0.004976240 0.006536760 0.007204820 0.008585030 0.008686190 0.008853460 0.007230160 0.005164440 0.005969580 0.006065820 0.005951210 0.005868520 0.006064510 0.007743370 0.001098670 0.010193060 0.009217440 0.009010890 0.009826420 0.008926580 0.013209880 
1     0.006440090 0.007117600 0.000666710 0.000000000 0.009102550 0.007967740 0.009813600 0.009225110 0.009761460 0.009971150 0.009566060 0.010083990 0.010488340 0.010528420 0.010330980 0.009109990 0.009399150 0.008504020 0.008777180 0.008105610 0.006202560 0.005117910 0.005515120 0.004662970 0.004650350 0.004437800 0.004720580 0.010674240 0.005355690 0.004324990 0.005621430 0.001421100 0.002698060 0.009498320 0.009599480 0.009891830 0.008703290 0.006637570 0.007442710 0.007538950 0.007424340 0.007341650 0.007537640 0.009216500 0.008106380 0.011666190 0.011423120 0.006359740 0.011299550 0.011114320 0.017131820 
15     0.002448360 0.007537280 0.008294610 0.009102550 0.000000000 0.009695620 0.000517320 0.007976730 0.005016020 0.005225710 0.004820620 0.005338550 0.005742900 0.006083220 0.005818070 0.011370320 0.011325000 0.006136340 0.009970180 0.006908110 0.008667700 0.009046850 0.008390070 0.007755770 0.008994200 0.009069540 0.009787780 0.011867240 0.010300850 0.009192830 0.003578440 0.001140060 0.009239380 0.011925170 0.001602050 0.011519590 0.000963080 0.007830570 0.008635710 0.008731950 0.008617340 0.008534650 0.008730640 0.010409500 0.012186200 0.004051640 0.012616120 0.012736310 0.009918400 0.012307320 0.018324820 
2     0.004871220 0.008567570 0.002893110 0.007967740 0.009695620 0.000000000 0.001015250 0.005978950 0.010334020 0.009411180 0.010817610 0.011385970 0.011533410 0.009933790 0.010631100 0.013592450 0.013547130 0.011919150 0.012192310 0.006753790 0.010889830 0.011268980 0.010612200 0.001832950 0.006404100 0.011291670 0.012009910 0.014089370 0.012522980 0.011414960 0.012056090 0.011425020 0.012093080 0.014147300 0.013674690 0.013741720 0.012118420 0.010052700 0.010857840 0.010954080 0.010839470 0.010756780 0.010952770 0.012631630 0.014272940 0.014986190 0.014838250 0.014958440 0.011618630 0.000850920 0.020546950 
4     0.001576010 0.001360150 0.008340470 0.009813600 0.000517320 0.001015250 0.000000000 0.006104930 0.005061880 0.005271570 0.001846560 0.005384410 0.005788760 0.006129080 0.005863930 0.011416180 0.011370860 0.009742880 0.010016040 0.011497380 0.008713560 0.009092710 0.008435930 0.009421990 0.008248370 0.009115400 0.009833640 0.011913100 0.010346710 0.009238690 0.010248630 0.006349620 0.009266390 0.011971030 0.011498420 0.011565450 0.009942150 0.005532860 0.008681570 0.008777810 0.008663200 0.008580510 0.008776500 0.010455360 0.012720070 0.012905050 0.012661980 0.011782560 0.010865980 0.008604940 0.018370680 
10     0.007145540 0.005616110 0.006123150 0.009225110 0.007976730 0.005978950 0.006104930 0.000000000 0.008615130 0.009213370 0.009042010 0.009559940 0.009814520 0.006587050 0.008912210 0.010827690 0.010782370 0.002878870 0.001310830 0.010646190 0.008125070 0.008504220 0.004144120 0.008833500 0.008451570 0.008526910 0.009245150 0.011324610 0.009758220 0.008650200 0.006319170 0.003994280 0.009328320 0.011382540 0.010146250 0.009811820 0.009353660 0.007287940 0.008093080 0.008189320 0.008074710 0.007992020 0.008188010 0.009866870 0.012131580 0.012316560 0.012073490 0.012193680 0.011949920 0.011764690 0.017782190 
12     0.008873730 0.006793880 0.008288330 0.009761460 0.005016020 0.010334020 0.005061880 0.008615130 0.000000000 0.001240670 0.000667060 0.003059790 0.003207230 0.001607610 0.004989930 0.011364040 0.011318720 0.009690740 0.009963900 0.011445240 0.003839590 0.004826080 0.003952800 0.006932210 0.008987920 0.007614390 0.009781500 0.011860960 0.009901980 0.009186550 0.010196490 0.009196610 0.009864670 0.011918890 0.011446280 0.011513310 0.009890010 0.005704440 0.008629430 0.008725670 0.008611060 0.008528370 0.008724360 0.010403220 0.012667930 0.012852910 0.012609840 0.012730030 0.012486270 0.012301040 0.012313380 
7     0.009083420 0.002590020 0.008498020 0.009971150 0.005225710 0.009411180 0.005271570 0.009213370 0.001240670 0.000000000 0.000211480 0.002857350 0.003805470 0.002205850 0.005199620 0.011573730 0.011528410 0.009900430 0.010173590 0.011654930 0.004758680 0.005745170 0.004871890 0.007851300 0.009197610 0.009272950 0.009991190 0.012070650 0.007672140 0.009396240 0.010406180 0.009406300 0.002805220 0.010315490 0.010229210 0.011723000 0.010099700 0.008033980 0.008839120 0.008935360 0.008820750 0.008738060 0.008934050 0.010612910 0.012877620 0.013062600 0.012819530 0.012939720 0.012695960 0.012510730 0.010953970 
9     0.004995230 0.006953350 0.008092930 0.009566060 0.004820620 0.010817610 0.001846560 0.009042010 0.000667060 0.000211480 0.000000000 0.002932920 0.003690820 0.002091200 0.004794530 0.011168640 0.011123320 0.009495340 0.009768500 0.011249840 0.004414600 0.005401090 0.004527810 0.007507220 0.008792520 0.008867860 0.009586100 0.011665560 0.007573700 0.008991150 0.010001090 0.009001210 0.009669270 0.002523240 0.011250880 0.011317910 0.009694610 0.007062360 0.008434030 0.008530270 0.008415660 0.008332970 0.008528960 0.010207820 0.012472530 0.012657510 0.012414440 0.012534630 0.012290870 0.012105640 0.008542750 
11     0.009196260 0.007853530 0.008610860 0.010083990 0.005338550 0.011385970 0.005384410 0.009559940 0.003059790 0.002857350 0.002932920 0.000000000 0.001204950 0.001901330 0.005312460 0.002987280 0.010561680 0.010013270 0.004986940 0.011045390 0.008983950 0.009363100 0.008706320 0.009692380 0.009310450 0.004894810 0.009777300 0.012183490 0.010357930 0.009509080 0.010519020 0.009519140 0.010187200 0.007254560 0.008217670 0.007348070 0.004517170 0.006294390 0.007066770 0.005115650 0.003767320 0.008462730 0.008073510 0.008928150 0.012990460 0.013175440 0.012932370 0.003796550 0.005499720 0.000537110 0.009124780 
5     0.009600610 0.008257880 0.009015210 0.010488340 0.005742900 0.011533410 0.005788760 0.009814520 0.003207230 0.003805470 0.003690820 0.001204950 0.000000000 0.001204300 0.005716810 0.012090920 0.012045600 0.010417620 0.010690780 0.002290600 0.009388300 0.009767450 0.009110670 0.005784400 0.009714800 0.002042250 0.010508380 0.012587840 0.011021450 0.009913430 0.010923370 0.009923490 0.010591550 0.012645770 0.006583690 0.005714090 0.010616890 0.008551170 0.009356310 0.009452550 0.009337940 0.009255250 0.009451240 0.011130100 0.004514360 0.012893790 0.007694900 0.011202370 0.003785560 0.013027920 0.019045420 
14     0.009940930 0.008598200 0.009355530 0.010528420 0.006083220 0.009933790 0.006129080 0.006587050 0.001607610 0.002205850 0.002091200 0.001901330 0.001204300 0.000000000 0.004621660 0.012431240 0.012385920 0.010757940 0.011031100 0.012363620 0.009728620 0.010107770 0.009450990 0.010437050 0.010055120 0.001509120 0.010848700 0.012928160 0.011361770 0.010253750 0.010207520 0.002443170 0.010931870 0.007713920 0.007348160 0.006478560 0.010168270 0.007629520 0.009696630 0.008534130 0.006340810 0.005872790 0.004382740 0.011470420 0.012424370 0.013137620 0.013659400 0.007784640 0.004971990 0.013368240 0.010868310 
3     0.001253190 0.008333050 0.009090380 0.010330980 0.005818070 0.010631100 0.005863930 0.008912210 0.004989930 0.005199620 0.004794530 0.005312460 0.005716810 0.004621660 0.000000000 0.012166090 0.012120770 0.003655460 0.010765950 0.000144340 0.009463470 0.009842620 0.009185840 0.010171900 0.009789970 0.007322010 0.010583550 0.012663010 0.004557440 0.009988600 0.010904830 0.009998660 0.010666720 0.012720940 0.008483040 0.010320320 0.010692060 0.008626340 0.006704720 0.009527720 0.009413110 0.009330420 0.009526410 0.011205270 0.013121680 0.013654960 0.002693470 0.013532080 0.013288320 0.013103090 0.019120590 
44     0.007363030 0.007355710 0.008196700 0.009109990 0.011370320 0.013592450 0.011416180 0.010827690 0.011364040 0.011573730 0.011168640 0.002987280 0.012090920 0.012431240 0.012166090 0.000000000 0.000438240 0.004455920 0.004729080 0.008113480 0.009012740 0.009381080 0.008735110 0.008926140 0.008913520 0.006713960 0.008983750 0.012212280 0.009618860 0.009537870 0.006588260 0.008941450 0.009773490 0.005772850 0.001509720 0.001499750 0.009853770 0.007501650 0.007314650 0.009076990 0.008962380 0.008879690 0.009075680 0.009842480 0.008805110 0.012483000 0.012961160 0.010622910 0.006370840 0.006612520 0.016985840 
20     0.007652190 0.005659710 0.008485860 0.009399150 0.011325000 0.013547130 0.011370860 0.010782370 0.011318720 0.011528410 0.011123320 0.010561680 0.012045600 0.012385920 0.012120770 0.000438240 0.000000000 0.004410600 0.004683760 0.008068160 0.008967420 0.009346570 0.008689790 0.009215300 0.009202680 0.004149780 0.009272910 0.012166960 0.009908020 0.009492550 0.006877420 0.009230610 0.010062650 0.005520360 0.001257230 0.001247260 0.010142930 0.005805650 0.005618650 0.008829280 0.007312250 0.006957700 0.008891250 0.008834870 0.009094270 0.012772160 0.012915840 0.010912070 0.006802430 0.007044110 0.016940520 
23     0.008790710 0.007447980 0.007030890 0.008504020 0.006136340 0.011919150 0.009742880 0.002878870 0.009690740 0.009900430 0.009495340 0.010013270 0.010417620 0.010757940 0.003655460 0.004455920 0.004410600 0.000000000 0.000198320 0.006440180 0.004739330 0.007718590 0.003737430 0.008047870 0.003188220 0.004590430 0.004349410 0.010538980 0.008972590 0.007864570 0.008874510 0.007874630 0.004278180 0.006913830 0.006441220 0.006508250 0.008568030 0.006502310 0.000827580 0.004298610 0.002743150 0.002388600 0.004322150 0.004265770 0.011345950 0.011530930 0.011287860 0.011408050 0.011164290 0.010979060 0.002313580 
45     0.006860190 0.007721140 0.007304050 0.008777180 0.009970180 0.012192310 0.010016040 0.001310830 0.009963900 0.010173590 0.009768500 0.004986940 0.010690780 0.011031100 0.010765950 0.004729080 0.004683760 0.000198320 0.000000000 0.006713340 0.007612600 0.007991750 0.005942760 0.008321030 0.007939100 0.005822760 0.004321010 0.010812140 0.009245750 0.008137730 0.005127840 0.002802950 0.008815850 0.004178400 0.006714380 0.006781410 0.006213630 0.006056030 0.002305740 0.005345970 0.003790510 0.003435960 0.005369510 0.005313130 0.011619110 0.011804090 0.011561020 0.011154830 0.011437450 0.011252220 0.002628660 
48     0.004306150 0.006982870 0.003843760 0.008105610 0.006908110 0.006753790 0.011497380 0.010646190 0.011445240 0.011654930 0.011249840 0.011045390 0.002290600 0.012363620 0.000144340 0.008113480 0.008068160 0.006440180 0.006713340 0.000000000 0.007085120 0.006974860 0.006167220 0.007921760 0.007909140 0.006650580 0.000927080 0.012293480 0.006933930 0.009178660 0.005583880 0.007937070 0.008769110 0.000609120 0.000960340 0.001027370 0.009430070 0.008256810 0.001643310 0.008765040 0.008639600 0.008689340 0.009156880 0.009418780 0.005748230 0.012059300 0.012581080 0.004773980 0.011700260 0.009439220 0.017067040 
27     0.007761390 0.004420220 0.006001570 0.006202560 0.008667700 0.010889830 0.008713560 0.008125070 0.003839590 0.004758680 0.004414600 0.008983950 0.009388300 0.009728620 0.009463470 0.009012740 0.008967420 0.004739330 0.007612600 0.007085120 0.000000000 0.001044080 0.001972810 0.002958870 0.002690860 0.003286200 0.004413780 0.006388200 0.004821810 0.004954330 0.005964270 0.004964390 0.001999260 0.009567590 0.009094980 0.009162010 0.006785310 0.004719590 0.005524730 0.005620970 0.005506360 0.005423670 0.005042890 0.007298520 0.009462120 0.009748210 0.009505140 0.004972060 0.009381570 0.009196340 0.015967240 
33     0.006935390 0.006797810 0.006380720 0.005117910 0.009046850 0.011268980 0.009092710 0.008504220 0.004826080 0.005745170 0.005401090 0.009363100 0.009767450 0.010107770 0.009842620 0.009381080 0.009346570 0.007718590 0.007991750 0.006974860 0.001044080 0.000000000 0.002494760 0.002190640 0.002683720 0.002247230 0.003329130 0.006767350 0.004336420 0.005333480 0.005892520 0.004949370 0.005781410 0.009769410 0.009474130 0.009541160 0.007164460 0.005098740 0.005903880 0.006000120 0.005885510 0.005802820 0.005998810 0.007677670 0.008377470 0.010127360 0.009884290 0.003887410 0.009760720 0.009575490 0.016346390 
41     0.007332600 0.006141030 0.005723940 0.005515120 0.008390070 0.010612200 0.008435930 0.004144120 0.003952800 0.004871890 0.004527810 0.008706320 0.009110670 0.009450990 0.009185840 0.008735110 0.008689790 0.003737430 0.005942760 0.006167220 0.001972810 0.002494760 0.000000000 0.002152620 0.003237530 0.003008570 0.004098520 0.006110570 0.001815270 0.004676700 0.005686640 0.003522240 0.005354820 0.009289960 0.008817350 0.008884380 0.006507680 0.004441960 0.005247100 0.005343340 0.005228730 0.005146040 0.005342030 0.007020890 0.004785330 0.009470580 0.005923590 0.005737680 0.009103940 0.003779110 0.015689610 
32     0.003730650 0.007127090 0.006710000 0.004662970 0.007755770 0.001832950 0.009421990 0.008833500 0.006932210 0.007851300 0.007507220 0.009692380 0.005784400 0.010437050 0.010171900 0.008926140 0.009215300 0.008047870 0.008321030 0.007921760 0.002958870 0.002190640 0.002152620 0.000000000 0.000147940 0.002591410 0.002874190 0.007096630 0.003881480 0.005662760 0.005437580 0.004494430 0.005326470 0.009314470 0.009415630 0.009707980 0.007493740 0.005428020 0.006233160 0.006329400 0.006214790 0.006132100 0.006328090 0.008006950 0.007922530 0.010456640 0.010213570 0.002967870 0.010090000 0.009904770 0.006373610 
38     0.006467830 0.006745160 0.006328070 0.004650350 0.008994200 0.006404100 0.008248370 0.008451570 0.008987920 0.009197610 0.008792520 0.009310450 0.009714800 0.010055120 0.009789970 0.008913520 0.009202680 0.003188220 0.007939100 0.007909140 0.002690860 0.002683720 0.003237530 0.000147940 0.000000000 0.001845250 0.002128030 0.004287720 0.003868860 0.005280830 0.002836290 0.004481810 0.005313850 0.009301850 0.009403010 0.009488510 0.007111810 0.005046090 0.005851230 0.005947470 0.005832860 0.005750170 0.005946160 0.004805300 0.007909910 0.010074710 0.009831640 0.004500730 0.009708070 0.009522840 0.016293740 
47     0.004254150 0.006820500 0.006403410 0.004437800 0.009069540 0.011291670 0.009115400 0.008526910 0.007614390 0.009272950 0.008867860 0.004894810 0.002042250 0.001509120 0.007322010 0.006713960 0.004149780 0.004590430 0.005822760 0.006650580 0.003286200 0.002247230 0.003008570 0.002591410 0.001845250 0.000000000 0.000853180 0.006790040 0.003656310 0.005356170 0.002069140 0.001576980 0.005101300 0.004422670 0.004230270 0.005084000 0.001577870 0.003607530 0.005926570 0.006022810 0.004364210 0.005825510 0.005538530 0.007700360 0.007697360 0.007497460 0.007297150 0.004288180 0.009783410 0.009598180 0.004597420 
26     0.006538060 0.007538740 0.007121650 0.004720580 0.009787780 0.012009910 0.009833640 0.009245150 0.009781500 0.009991190 0.009586100 0.009777300 0.010508380 0.010848700 0.010583550 0.008983750 0.009272910 0.004349410 0.004321010 0.000927080 0.004413780 0.003329130 0.004098520 0.002874190 0.002128030 0.000853180 0.000000000 0.008748820 0.003939090 0.004394930 0.001842050 0.001780650 0.005384080 0.008103520 0.009473240 0.009765590 0.001670840 0.005839670 0.006644810 0.006741050 0.006626440 0.006543750 0.006739740 0.008418600 0.007980140 0.010868290 0.002314320 0.004570960 0.010428280 0.010316420 0.017087320 
21     0.010002780 0.009618200 0.009201110 0.010674240 0.011867240 0.014089370 0.011913100 0.011324610 0.011860960 0.012070650 0.011665560 0.012183490 0.012587840 0.012928160 0.012663010 0.012212280 0.012166960 0.010538980 0.010812140 0.012293480 0.006388200 0.006767350 0.006110570 0.007096630 0.004287720 0.006790040 0.008748820 0.000000000 0.002113040 0.008153870 0.009163810 0.008163930 0.007259130 0.012767130 0.012294520 0.012361550 0.009984850 0.007919130 0.008724270 0.008820510 0.008705900 0.008623210 0.008819200 0.010498060 0.012762770 0.012947750 0.012704680 0.012254860 0.012581110 0.012395880 0.005795860 
24     0.007173170 0.008051810 0.001253830 0.005355690 0.010300850 0.012522980 0.010346710 0.009758220 0.009901980 0.007672140 0.007573700 0.010357930 0.011021450 0.011361770 0.004557440 0.009618860 0.009908020 0.008972590 0.009245750 0.006933930 0.004821810 0.004336420 0.001815270 0.003881480 0.003868860 0.003656310 0.003939090 0.002113040 0.000000000 0.006428740 0.006130300 0.005187150 0.006019190 0.010007190 0.009025940 0.007453540 0.008418460 0.006352740 0.007157880 0.007254120 0.007139510 0.007056820 0.007252810 0.008931670 0.008615250 0.011381360 0.011138290 0.005578250 0.011014720 0.010829490 0.010071220 
43     0.001408450 0.006943790 0.006526700 0.004324990 0.009192830 0.011414960 0.009238690 0.008650200 0.009186550 0.009396240 0.008991150 0.009509080 0.009913430 0.010253750 0.009988600 0.009537870 0.009492550 0.007864570 0.008137730 0.009178660 0.004954330 0.005333480 0.004676700 0.005662760 0.005280830 0.005356170 0.004394930 0.008153870 0.006428740 0.000000000 0.004809920 0.003810040 0.004844140 0.010092720 0.009620110 0.009687140 0.007310440 0.005244720 0.006049860 0.006146100 0.006031490 0.005948800 0.006144790 0.007823650 0.009179430 0.010273340 0.010030270 0.001702560 0.009906700 0.009721470 0.001888370 
30     0.004142570 0.003164970 0.004976240 0.005621430 0.003578440 0.012056090 0.010248630 0.006319170 0.010196490 0.010406180 0.010001090 0.010519020 0.010923370 0.010207520 0.010904830 0.006588260 0.006877420 0.008874510 0.005127840 0.005583880 0.005964270 0.005892520 0.005686640 0.005437580 0.002836290 0.002069140 0.001842050 0.009163810 0.006130300 0.004809920 0.000000000 0.002195640 0.003082600 0.006263210 0.007077750 0.007370100 0.007213990 0.006077330 0.006071060 0.006548960 0.006423520 0.006473260 0.007154730 0.007202700 0.005584650 0.009843220 0.010365000 0.007134350 0.010916640 0.010731410 0.015022390 
46     0.006495760 0.006953850 0.006536760 0.001421100 0.001140060 0.011425020 0.006349620 0.003994280 0.009196610 0.009406300 0.009001210 0.009519140 0.009923490 0.002443170 0.009998660 0.008941450 0.009230610 0.007874630 0.002802950 0.007937070 0.004964390 0.004949370 0.003522240 0.004494430 0.004481810 0.001576980 0.001780650 0.008163930 0.005187150 0.003810040 0.002195640 0.000000000 0.002529520 0.004826370 0.009430940 0.009697200 0.007320500 0.005254780 0.005393780 0.006156160 0.005276000 0.005958860 0.006154850 0.007833710 0.007937840 0.010283400 0.010040330 0.006191200 0.009916760 0.009731530 0.011946520 
34     0.007327800 0.001407530 0.007204820 0.002698060 0.009239380 0.012093080 0.009266390 0.009328320 0.009864670 0.002805220 0.009669270 0.010187200 0.010591550 0.010931870 0.010666720 0.009773490 0.010062650 0.004278180 0.008815850 0.008769110 0.001999260 0.005781410 0.005354820 0.005326470 0.005313850 0.005101300 0.005384080 0.007259130 0.006019190 0.004844140 0.003082600 0.002529520 0.000000000 0.002541890 0.010262980 0.010365260 0.007988560 0.005922840 0.006727980 0.006824220 0.006709610 0.006626920 0.006822910 0.008501770 0.008769880 0.010951460 0.010708390 0.007023240 0.010584820 0.000605720 0.017170490 
16     0.007751360 0.008589080 0.008585030 0.009498320 0.011925170 0.014147300 0.011971030 0.011382540 0.011918890 0.010315490 0.002523240 0.007254560 0.012645770 0.007713920 0.012720940 0.005772850 0.005520360 0.006913830 0.004178400 0.000609120 0.009567590 0.009769410 0.009289960 0.009314470 0.009301850 0.004422670 0.008103520 0.012767130 0.010007190 0.010092720 0.006263210 0.004826370 0.002541890 0.000000000 0.000875440 0.001167790 0.008192040 0.007055380 0.007049110 0.007527010 0.007401570 0.007451310 0.006327680 0.008180750 0.009193440 0.005862360 0.006294380 0.003448650 0.013166420 0.010905380 0.017540690 
17     0.007852520 0.004287200 0.008686190 0.009599480 0.001602050 0.013674690 0.011498420 0.010146250 0.011446280 0.010229210 0.011250880 0.008217670 0.006583690 0.007348160 0.008483040 0.001509720 0.001257230 0.006441220 0.006714380 0.000960340 0.009094980 0.009474130 0.008817350 0.009415630 0.009403010 0.004230270 0.009473240 0.012294520 0.009025940 0.009620110 0.007077750 0.009430940 0.010262980 0.000875440 0.000000000 0.000127930 0.008293200 0.004433140 0.004246140 0.007456770 0.006414990 0.006103460 0.008812300 0.007479410 0.009294600 0.012489990 0.009301030 0.001924160 0.012919830 0.012734600 0.017068080 
19     0.008144870 0.003952770 0.008853460 0.009891830 0.011519590 0.013741720 0.011565450 0.009811820 0.011513310 0.011723000 0.011317910 0.007348070 0.005714090 0.006478560 0.010320320 0.001499750 0.001247260 0.006508250 0.006781410 0.001027370 0.009162010 0.009541160 0.008884380 0.009707980 0.009488510 0.005084000 0.009765590 0.012361550 0.007453540 0.009687140 0.007370100 0.009697200 0.010365260 0.001167790 0.000127930 0.000000000 0.008585550 0.004098710 0.003911710 0.007122340 0.006080560 0.005769030 0.008564550 0.007144980 0.009586950 0.012782340 0.009807900 0.006266400 0.012986860 0.012801630 0.017135110 
40     0.007988760 0.007647250 0.007230160 0.008703290 0.000963080 0.012118420 0.009942150 0.009353660 0.009890010 0.010099700 0.009694610 0.004517170 0.010616890 0.010168270 0.010692060 0.009853770 0.010142930 0.008568030 0.006213630 0.009430070 0.006785310 0.007164460 0.006507680 0.007493740 0.007111810 0.001577870 0.001670840 0.009984850 0.008418460 0.007310440 0.007213990 0.007320500 0.007988560 0.008192040 0.008293200 0.008585550 0.000000000 0.002592710 0.002520520 0.002616760 0.002502150 0.001350250 0.002615450 0.004294310 0.009430840 0.010817100 0.010574030 0.010694220 0.008907810 0.004850760 0.017195830 
39     0.006852100 0.003676540 0.005164440 0.006637570 0.007830570 0.010052700 0.005532860 0.007287940 0.005704440 0.008033980 0.007062360 0.006294390 0.008551170 0.007629520 0.008626340 0.007501650 0.005805650 0.006502310 0.006056030 0.008256810 0.004719590 0.005098740 0.004441960 0.005428020 0.005046090 0.003607530 0.005839670 0.007919130 0.006352740 0.005244720 0.006077330 0.005254780 0.005922840 0.007055380 0.004433140 0.004098710 0.002592710 0.000000000 0.001750260 0.003049900 0.002200270 0.002674080 0.000235160 0.004179540 0.008294180 0.008751380 0.008508310 0.006696730 0.005428830 0.006627980 0.015130110 
36     0.001525740 0.003489540 0.005969580 0.007442710 0.008635710 0.010857840 0.008681570 0.008093080 0.008629430 0.008839120 0.008434030 0.007066770 0.009356310 0.009696630 0.006704720 0.007314650 0.005618650 0.000827580 0.002305740 0.001643310 0.005524730 0.005903880 0.005247100 0.006233160 0.005851230 0.005926570 0.006644810 0.008724270 0.007157880 0.006049860 0.006071060 0.005393780 0.006727980 0.007049110 0.004246140 0.003911710 0.002520520 0.001750260 0.000000000 0.001338320 0.001223710 0.001141020 0.001337010 0.000750830 0.008287910 0.009556520 0.009313450 0.009343240 0.009189880 0.007400360 0.015935250 
35     0.007323730 0.006482910 0.006065820 0.007538950 0.008731950 0.010954080 0.008777810 0.008189320 0.008725670 0.008935360 0.008530270 0.005115650 0.009452550 0.008534130 0.009527720 0.009076990 0.008829280 0.004298610 0.005345970 0.008765040 0.005620970 0.006000120 0.005343340 0.006329400 0.005947470 0.006022810 0.006741050 0.008820510 0.007254120 0.006146100 0.006548960 0.006156160 0.006824220 0.007527010 0.007456770 0.007122340 0.002616760 0.003049900 0.001338320 0.000000000 0.000253180 0.000572300 0.001001550 0.001567100 0.008765810 0.009652760 0.009409690 0.008105070 0.009286120 0.008699850 0.016031490 
31     0.007198290 0.005658390 0.005951210 0.007424340 0.008617340 0.010839470 0.008663200 0.008074710 0.008611060 0.008820750 0.008415660 0.003767320 0.009337940 0.006340810 0.009413110 0.008962380 0.007312250 0.002743150 0.003790510 0.008639600 0.005506360 0.005885510 0.005228730 0.006214790 0.005832860 0.004364210 0.006626440 0.008705900 0.007139510 0.006031490 0.006423520 0.005276000 0.006709610 0.007401570 0.006414990 0.006080560 0.002502150 0.002200270 0.001223710 0.000253180 0.000000000 0.000348650 0.000886940 0.001441660 0.008640370 0.009538150 0.009295080 0.007990440 0.009171510 0.007439510 0.015916880 
28     0.007248030 0.005346860 0.005868520 0.007341650 0.008534650 0.010756780 0.008580510 0.007992020 0.008528370 0.008738060 0.008332970 0.008462730 0.009255250 0.005872790 0.009330420 0.008879690 0.006957700 0.002388600 0.003435960 0.008689340 0.005423670 0.005802820 0.005146040 0.006132100 0.005750170 0.005825510 0.006543750 0.008623210 0.007056820 0.005948800 0.006473260 0.005958860 0.006626920 0.007451310 0.006103460 0.005769030 0.001350250 0.002674080 0.001141020 0.000572300 0.000348650 0.000000000 0.000804250 0.001491400 0.008690110 0.009455460 0.009212390 0.009332580 0.009088820 0.008796320 0.015834190 
25     0.000933150 0.000167950 0.006064510 0.007537640 0.008730640 0.010952770 0.008776500 0.008188010 0.008724360 0.008934050 0.008528960 0.008073510 0.009451240 0.004382740 0.009526410 0.009075680 0.008891250 0.004322150 0.005369510 0.009156880 0.005042890 0.005998810 0.005342030 0.006328090 0.005946160 0.005538530 0.006739740 0.008819200 0.007252810 0.006144790 0.007154730 0.006154850 0.006822910 0.006327680 0.008812300 0.008564550 0.002615450 0.000235160 0.001337010 0.001001550 0.000886940 0.000804250 0.000000000 0.001528340 0.009466470 0.009651450 0.009408380 0.009193720 0.009284810 0.008407100 0.016030180 
49     0.006297130 0.006722810 0.007743370 0.009216500 0.010409500 0.012631630 0.010455360 0.009866870 0.010403220 0.010612910 0.010207820 0.008928150 0.011130100 0.011470420 0.011205270 0.009842480 0.008834870 0.004265770 0.005313130 0.009418780 0.007298520 0.007677670 0.007020890 0.008006950 0.004805300 0.007700360 0.008418600 0.010498060 0.008931670 0.007823650 0.007202700 0.007833710 0.008501770 0.008180750 0.007479410 0.007144980 0.004294310 0.004179540 0.000750830 0.001567100 0.001441660 0.001491400 0.001528340 0.000000000 0.009419550 0.011330310 0.011087240 0.011071890 0.010963670 0.009261740 0.005312490 
18     0.003428420 0.004101440 0.001098670 0.008106380 0.012186200 0.014272940 0.012720070 0.012131580 0.012667930 0.012877620 0.012472530 0.012990460 0.004514360 0.012424370 0.013121680 0.008805110 0.009094270 0.011345950 0.011619110 0.005748230 0.009462120 0.008377470 0.004785330 0.007922530 0.007909910 0.007697360 0.007980140 0.012762770 0.008615250 0.009179430 0.005584650 0.007937840 0.008769880 0.009193440 0.009294600 0.009586950 0.009430840 0.008294180 0.008287910 0.008765810 0.008640370 0.008690110 0.009466470 0.009419550 0.000000000 0.001149320 0.000906250 0.005902320 0.004254620 0.007014110 0.017239240 
42     0.010617990 0.010610150 0.010193060 0.011666190 0.004051640 0.014986190 0.012905050 0.012316560 0.012852910 0.013062600 0.012657510 0.013175440 0.012893790 0.013137620 0.013654960 0.012483000 0.012772160 0.011530930 0.011804090 0.012059300 0.009748210 0.010127360 0.009470580 0.010456640 0.010074710 0.007497460 0.010868290 0.012947750 0.011381360 0.010273340 0.009843220 0.010283400 0.010951460 0.005862360 0.012489990 0.012782340 0.010817100 0.008751380 0.009556520 0.009652760 0.009538150 0.009455460 0.009651450 0.011330310 0.001149320 0.000000000 0.001018050 0.006087300 0.007384320 0.007199090 0.001350620 
29     0.011139770 0.010367080 0.009217440 0.011423120 0.012616120 0.014838250 0.012661980 0.012073490 0.012609840 0.012819530 0.012414440 0.012932370 0.007694900 0.013659400 0.002693470 0.012961160 0.012915840 0.011287860 0.011561020 0.012581080 0.009505140 0.009884290 0.005923590 0.010213570 0.009831640 0.007297150 0.002314320 0.012704680 0.011138290 0.010030270 0.010365000 0.010040330 0.010708390 0.006294380 0.009301030 0.009807900 0.010574030 0.008508310 0.009313450 0.009409690 0.009295080 0.009212390 0.009408380 0.011087240 0.000906250 0.001018050 0.000000000 0.003365520 0.007141250 0.006956020 0.019547190 
22     0.000290850 0.005840370 0.009010890 0.006359740 0.012736310 0.014958440 0.011782560 0.012193680 0.012730030 0.012939720 0.012534630 0.003796550 0.011202370 0.007784640 0.013532080 0.010622910 0.010912070 0.011408050 0.011154830 0.004773980 0.004972060 0.003887410 0.005737680 0.002967870 0.004500730 0.004288180 0.004570960 0.012254860 0.005578250 0.001702560 0.007134350 0.006191200 0.007023240 0.003448650 0.001924160 0.006266400 0.010694220 0.006696730 0.009343240 0.008105070 0.007990440 0.009332580 0.009193720 0.011071890 0.005902320 0.006087300 0.003365520 0.000000000 0.007261440 0.007076210 0.019057040 
50     0.011586240 0.010243510 0.009826420 0.011299550 0.009918400 0.011618630 0.010865980 0.011949920 0.012486270 0.012695960 0.012290870 0.005499720 0.003785560 0.004971990 0.013288320 0.006370840 0.006802430 0.011164290 0.011437450 0.011700260 0.009381570 0.009760720 0.009103940 0.010090000 0.009708070 0.009783410 0.010428280 0.012581110 0.011014720 0.009906700 0.010916640 0.009916760 0.010584820 0.013166420 0.012919830 0.012986860 0.008907810 0.005428830 0.009189880 0.009286120 0.009171510 0.009088820 0.009284810 0.010963670 0.004254620 0.007384320 0.007141250 0.007261440 0.000000000 0.001559110 0.019792090 
37     0.011401010 0.004786640 0.008926580 0.011114320 0.012307320 0.000850920 0.008604940 0.011764690 0.012301040 0.012510730 0.012105640 0.000537110 0.013027920 0.013368240 0.013103090 0.006612520 0.007044110 0.010979060 0.011252220 0.009439220 0.009196340 0.009575490 0.003779110 0.009904770 0.009522840 0.009598180 0.010316420 0.012395880 0.010829490 0.009721470 0.010731410 0.009731530 0.000605720 0.010905380 0.012734600 0.012801630 0.004850760 0.006627980 0.007400360 0.008699850 0.007439510 0.008796320 0.008407100 0.009261740 0.007014110 0.007199090 0.006956020 0.007076210 0.001559110 0.000000000 0.019606860 
0     0.015797160 0.016075780 0.013209880 0.017131820 0.018324820 0.020546950 0.018370680 0.017782190 0.012313380 0.010953970 0.008542750 0.009124780 0.019045420 0.010868310 0.019120590 0.016985840 0.016940520 0.002313580 0.002628660 0.017067040 0.015967240 0.016346390 0.015689610 0.006373610 0.016293740 0.004597420 0.017087320 0.005795860 0.010071220 0.001888370 0.015022390 0.011946520 0.017170490 0.017540690 0.017068080 0.017135110 0.017195830 0.015130110 0.015935250 0.016031490 0.015916880 0.015834190 0.016030180 0.005312490 0.017239240 0.001350620 0.019547190 0.019057040 0.019792090 0.019606860 0.000000000 
