51
16     0.000000000 0.000000290 0.000526390 0.000564830 0.000553780 0.000625880 0.000702330 0.000694790 0.000667060 0.000684190 0.000709480 0.000829790 0.000817410 0.000822320 0.000600880 0.000579530 0.000623600 0.000667270 0.000806340 0.000882510 0.000922160 0.000938640 0.001012730 0.000854530 0.000857870 0.001138980 0.000802570 0.000821110 0.000868290 0.000796740 0.000730980 0.000753200 0.000769960 0.000744210 0.000814670 0.000780460 0.000701440 0.000755650 0.000759880 0.000661620 0.000736440 0.000759030 0.000819570 0.000856670 0.000861180 0.000810410 0.000923370 0.000918820 0.000931650 0.000934540 0.001415130 
6     0.000000290 0.000000000 0.000421100 0.000459540 0.000448490 0.000520590 0.000597040 0.000589500 0.000561770 0.000578900 0.000604190 0.000724500 0.000712120 0.000717030 0.000495590 0.000474240 0.000518310 0.000561980 0.000701050 0.000777220 0.000816870 0.000833350 0.000907440 0.000749240 0.000752580 0.001033690 0.000697280 0.000715820 0.000763000 0.000691450 0.000625690 0.000647910 0.000664670 0.000638920 0.000709380 0.000675170 0.000596150 0.000650360 0.000654590 0.000556330 0.000631150 0.000653740 0.000714280 0.000751380 0.000755890 0.000705120 0.000818080 0.000813530 0.000826360 0.000829250 0.001309840 
2     0.000526390 0.000421100 0.000000000 0.000144280 0.000268210 0.000340310 0.000515300 0.000507760 0.000480030 0.000497160 0.000522450 0.000642760 0.000630380 0.000635290 0.000413850 0.000392500 0.000436570 0.000480240 0.000619310 0.000695480 0.000735130 0.000751610 0.000825700 0.000667500 0.000670840 0.000951950 0.000615540 0.000634080 0.000681260 0.000609710 0.000543950 0.000566170 0.000582930 0.000557180 0.000627640 0.000593430 0.000514410 0.000568620 0.000572850 0.000474590 0.000549410 0.000572000 0.000632540 0.000669640 0.000674150 0.000623380 0.000736340 0.000731790 0.000744620 0.000747510 0.001228100 
9     0.000564830 0.000459540 0.000144280 0.000000000 0.000306650 0.000378750 0.000553740 0.000546200 0.000518470 0.000535600 0.000560890 0.000681200 0.000668820 0.000673730 0.000452290 0.000430940 0.000475010 0.000518680 0.000657750 0.000733920 0.000773570 0.000790050 0.000864140 0.000705940 0.000709280 0.000990390 0.000653980 0.000672520 0.000719700 0.000648150 0.000582390 0.000604610 0.000621370 0.000595620 0.000666080 0.000631870 0.000552850 0.000607060 0.000611290 0.000513030 0.000587850 0.000610440 0.000670980 0.000708080 0.000712590 0.000661820 0.000774780 0.000770230 0.000783060 0.000785950 0.001266540 
1     0.000553780 0.000448490 0.000268210 0.000306650 0.000000000 0.000001170 0.000542690 0.000535150 0.000507420 0.000524550 0.000549840 0.000670150 0.000657770 0.000662680 0.000441240 0.000419890 0.000463960 0.000507630 0.000646700 0.000722870 0.000762520 0.000779000 0.000853090 0.000694890 0.000698230 0.000979340 0.000642930 0.000661470 0.000708650 0.000637100 0.000571340 0.000593560 0.000610320 0.000584570 0.000655030 0.000620820 0.000541800 0.000596010 0.000600240 0.000501980 0.000576800 0.000599390 0.000659930 0.000697030 0.000701540 0.000650770 0.000763730 0.000759180 0.000772010 0.000774900 0.001255490 
13     0.000625880 0.000520590 0.000340310 0.000378750 0.000001170 0.000000000 0.000614790 0.000607250 0.000579520 0.000596650 0.000621940 0.000742250 0.000729870 0.000734780 0.000513340 0.000491990 0.000536060 0.000579730 0.000718800 0.000794970 0.000834620 0.000851100 0.000925190 0.000766990 0.000770330 0.001051440 0.000715030 0.000733570 0.000780750 0.000709200 0.000643440 0.000665660 0.000682420 0.000656670 0.000727130 0.000692920 0.000613900 0.000668110 0.000672340 0.000574080 0.000648900 0.000671490 0.000732030 0.000769130 0.000773640 0.000722870 0.000835830 0.000831280 0.000844110 0.000847000 0.001327590 
15     0.000702330 0.000597040 0.000515300 0.000553740 0.000542690 0.000614790 0.000000000 0.000060820 0.000530490 0.000547620 0.000572910 0.000597460 0.000585080 0.000589990 0.000464310 0.000442960 0.000393230 0.000436900 0.000611190 0.000650180 0.000689830 0.000706310 0.000780400 0.000622200 0.000625540 0.000906650 0.000570240 0.000588780 0.000635960 0.000564410 0.000498650 0.000520870 0.000537630 0.000511880 0.000582340 0.000548130 0.000469110 0.000523320 0.000527550 0.000429290 0.000504110 0.000526700 0.000587240 0.000624340 0.000628850 0.000578080 0.000691040 0.000686490 0.000699320 0.000702210 0.001224680 
7     0.000694790 0.000589500 0.000507760 0.000546200 0.000535150 0.000607250 0.000060820 0.000000000 0.000522950 0.000540080 0.000565370 0.000589920 0.000577540 0.000582450 0.000456770 0.000435420 0.000385690 0.000429360 0.000603650 0.000642640 0.000682290 0.000698770 0.000772860 0.000614660 0.000618000 0.000899110 0.000562700 0.000581240 0.000628420 0.000556870 0.000491110 0.000513330 0.000530090 0.000504340 0.000574800 0.000540590 0.000461570 0.000515780 0.000520010 0.000421750 0.000496570 0.000519160 0.000579700 0.000616800 0.000621310 0.000570540 0.000683500 0.000678950 0.000691780 0.000694670 0.001217140 
11     0.000667060 0.000561770 0.000480030 0.000518470 0.000507420 0.000579520 0.000530490 0.000522950 0.000000000 0.000148590 0.000173680 0.000657950 0.000645570 0.000650480 0.000301840 0.000280490 0.000451760 0.000495430 0.000634500 0.000710670 0.000750320 0.000766800 0.000840890 0.000682690 0.000686030 0.000967140 0.000630730 0.000649270 0.000696450 0.000624900 0.000559140 0.000581360 0.000598120 0.000572370 0.000642830 0.000608620 0.000529600 0.000583810 0.000588040 0.000489780 0.000564600 0.000587190 0.000647730 0.000684830 0.000689340 0.000638570 0.000751530 0.000746980 0.000759810 0.000762700 0.001243290 
8     0.000684190 0.000578900 0.000497160 0.000535600 0.000524550 0.000596650 0.000547620 0.000540080 0.000148590 0.000000000 0.000097610 0.000675080 0.000662700 0.000667610 0.000318970 0.000297620 0.000468890 0.000512560 0.000651630 0.000727800 0.000767450 0.000783930 0.000858020 0.000699820 0.000703160 0.000984270 0.000647860 0.000666400 0.000713580 0.000642030 0.000576270 0.000598490 0.000615250 0.000589500 0.000659960 0.000625750 0.000546730 0.000600940 0.000605170 0.000506910 0.000581730 0.000604320 0.000664860 0.000701960 0.000706470 0.000655700 0.000768660 0.000764110 0.000776940 0.000779830 0.001260420 
14     0.000709480 0.000604190 0.000522450 0.000560890 0.000549840 0.000621940 0.000572910 0.000565370 0.000173680 0.000097610 0.000000000 0.000700370 0.000687990 0.000692900 0.000344260 0.000322910 0.000494180 0.000537850 0.000676920 0.000753090 0.000792740 0.000809220 0.000883310 0.000725110 0.000728450 0.001009560 0.000673150 0.000691690 0.000738870 0.000667320 0.000601560 0.000623780 0.000640540 0.000614790 0.000685250 0.000651040 0.000572020 0.000626230 0.000630460 0.000532200 0.000607020 0.000629610 0.000690150 0.000727250 0.000731760 0.000680990 0.000793950 0.000789400 0.000802230 0.000805120 0.001285710 
4     0.000829790 0.000724500 0.000642760 0.000681200 0.000670150 0.000742250 0.000597460 0.000589920 0.000657950 0.000675080 0.000700370 0.000000000 0.000041860 0.000018640 0.000293910 0.000570420 0.000520690 0.000564360 0.000738650 0.000725560 0.000765210 0.000781690 0.000855780 0.000697580 0.000700920 0.000982030 0.000645620 0.000664160 0.000711340 0.000639790 0.000574030 0.000596250 0.000613010 0.000522620 0.000593080 0.000558870 0.000479850 0.000350780 0.000355010 0.000270010 0.000620810 0.000643400 0.000703940 0.000741040 0.000745550 0.000694780 0.000807740 0.000803190 0.000816020 0.000818910 0.001352140 
5     0.000817410 0.000712120 0.000630380 0.000668820 0.000657770 0.000729870 0.000585080 0.000577540 0.000645570 0.000662700 0.000687990 0.000041860 0.000000000 0.000029730 0.000323690 0.000558040 0.000508310 0.000551980 0.000726270 0.000713180 0.000752830 0.000769310 0.000843400 0.000685200 0.000688540 0.000969650 0.000633240 0.000651780 0.000698960 0.000627410 0.000561650 0.000583870 0.000600630 0.000510240 0.000580700 0.000546490 0.000467470 0.000338400 0.000342630 0.000257630 0.000608430 0.000631020 0.000691560 0.000728660 0.000733170 0.000682400 0.000795360 0.000790810 0.000803640 0.000806530 0.001339760 
10     0.000822320 0.000717030 0.000635290 0.000673730 0.000662680 0.000734780 0.000589990 0.000582450 0.000650480 0.000667610 0.000692900 0.000018640 0.000029730 0.000000000 0.000419740 0.000562950 0.000513220 0.000556890 0.000731180 0.000718090 0.000757740 0.000774220 0.000848310 0.000690110 0.000693450 0.000974560 0.000638150 0.000656690 0.000703870 0.000632320 0.000566560 0.000588780 0.000605540 0.000515150 0.000585610 0.000551400 0.000472380 0.000343310 0.000347540 0.000262540 0.000613340 0.000635930 0.000696470 0.000733570 0.000738080 0.000687310 0.000800270 0.000795720 0.000808550 0.000811440 0.001344670 
12     0.000600880 0.000495590 0.000413850 0.000452290 0.000441240 0.000513340 0.000464310 0.000456770 0.000301840 0.000318970 0.000344260 0.000293910 0.000323690 0.000419740 0.000000000 0.000117650 0.000385580 0.000429250 0.000568320 0.000644490 0.000684140 0.000700620 0.000774710 0.000616510 0.000619850 0.000900960 0.000564550 0.000583090 0.000630270 0.000558720 0.000492960 0.000515180 0.000531940 0.000506190 0.000576650 0.000542440 0.000463420 0.000517630 0.000521860 0.000423600 0.000498420 0.000521010 0.000581550 0.000618650 0.000623160 0.000572390 0.000685350 0.000680800 0.000693630 0.000696520 0.001177110 
3     0.000579530 0.000474240 0.000392500 0.000430940 0.000419890 0.000491990 0.000442960 0.000435420 0.000280490 0.000297620 0.000322910 0.000570420 0.000558040 0.000562950 0.000117650 0.000000000 0.000364230 0.000407900 0.000546970 0.000623140 0.000662790 0.000679270 0.000753360 0.000595160 0.000598500 0.000879610 0.000543200 0.000561740 0.000608920 0.000537370 0.000471610 0.000493830 0.000510590 0.000484840 0.000555300 0.000521090 0.000442070 0.000496280 0.000500510 0.000402250 0.000477070 0.000499660 0.000560200 0.000597300 0.000601810 0.000551040 0.000664000 0.000659450 0.000672280 0.000675170 0.001155760 
48     0.000623600 0.000518310 0.000436570 0.000475010 0.000463960 0.000536060 0.000393230 0.000385690 0.000451760 0.000468890 0.000494180 0.000520690 0.000508310 0.000513220 0.000385580 0.000364230 0.000000000 0.000104210 0.000532460 0.000573410 0.000613060 0.000629540 0.000703630 0.000545430 0.000548770 0.000829880 0.000493470 0.000512010 0.000559190 0.000487640 0.000421880 0.000444100 0.000460860 0.000435110 0.000505570 0.000471360 0.000392340 0.000446550 0.000450780 0.000352520 0.000427340 0.000449930 0.000510470 0.000547570 0.000552080 0.000501310 0.000614270 0.000609720 0.000622550 0.000625440 0.001145950 
34     0.000667270 0.000561980 0.000480240 0.000518680 0.000507630 0.000579730 0.000436900 0.000429360 0.000495430 0.000512560 0.000537850 0.000564360 0.000551980 0.000556890 0.000429250 0.000407900 0.000104210 0.000000000 0.000576130 0.000617080 0.000656730 0.000673210 0.000747300 0.000589100 0.000592440 0.000873550 0.000537140 0.000555680 0.000602860 0.000531310 0.000465550 0.000487770 0.000504530 0.000478780 0.000549240 0.000515030 0.000436010 0.000490220 0.000494450 0.000396190 0.000471010 0.000493600 0.000554140 0.000591240 0.000595750 0.000544980 0.000657940 0.000653390 0.000666220 0.000669110 0.001189620 
23     0.000806340 0.000701050 0.000619310 0.000657750 0.000646700 0.000718800 0.000611190 0.000603650 0.000634500 0.000651630 0.000676920 0.000738650 0.000726270 0.000731180 0.000568320 0.000546970 0.000532460 0.000576130 0.000000000 0.000791370 0.000831020 0.000847500 0.000921590 0.000763390 0.000766730 0.001047840 0.000711430 0.000729970 0.000777150 0.000705600 0.000639840 0.000662060 0.000678820 0.000653070 0.000723530 0.000689320 0.000610300 0.000664510 0.000668740 0.000570480 0.000645300 0.000667890 0.000728430 0.000765530 0.000770040 0.000719270 0.000832230 0.000827680 0.000840510 0.000843400 0.001328690 
46     0.000882510 0.000777220 0.000695480 0.000733920 0.000722870 0.000794970 0.000650180 0.000642640 0.000710670 0.000727800 0.000753090 0.000725560 0.000713180 0.000718090 0.000644490 0.000623140 0.000573410 0.000617080 0.000791370 0.000000000 0.000072590 0.000089070 0.000230060 0.000590540 0.000593880 0.000978710 0.000538580 0.000557120 0.000604300 0.000532750 0.000541950 0.000564170 0.000580930 0.000639980 0.000710440 0.000676230 0.000597210 0.000651420 0.000655650 0.000557390 0.000673530 0.000696120 0.000756660 0.000793760 0.000798270 0.000747500 0.000860460 0.000855910 0.000868740 0.000871630 0.001404860 
22     0.000922160 0.000816870 0.000735130 0.000773570 0.000762520 0.000834620 0.000689830 0.000682290 0.000750320 0.000767450 0.000792740 0.000765210 0.000752830 0.000757740 0.000684140 0.000662790 0.000613060 0.000656730 0.000831020 0.000072590 0.000000000 0.000050140 0.000269710 0.000630190 0.000633530 0.001018360 0.000578230 0.000596770 0.000643950 0.000572400 0.000581600 0.000603820 0.000620580 0.000679630 0.000750090 0.000715880 0.000636860 0.000691070 0.000695300 0.000597040 0.000713180 0.000735770 0.000796310 0.000833410 0.000837920 0.000787150 0.000900110 0.000895560 0.000908390 0.000911280 0.001444510 
25     0.000938640 0.000833350 0.000751610 0.000790050 0.000779000 0.000851100 0.000706310 0.000698770 0.000766800 0.000783930 0.000809220 0.000781690 0.000769310 0.000774220 0.000700620 0.000679270 0.000629540 0.000673210 0.000847500 0.000089070 0.000050140 0.000000000 0.000286190 0.000646670 0.000650010 0.001034840 0.000594710 0.000613250 0.000660430 0.000588880 0.000598080 0.000620300 0.000637060 0.000696110 0.000766570 0.000732360 0.000653340 0.000707550 0.000711780 0.000613520 0.000729660 0.000752250 0.000812790 0.000849890 0.000854400 0.000803630 0.000916590 0.000912040 0.000924870 0.000927760 0.001460990 
45     0.001012730 0.000907440 0.000825700 0.000864140 0.000853090 0.000925190 0.000780400 0.000772860 0.000840890 0.000858020 0.000883310 0.000855780 0.000843400 0.000848310 0.000774710 0.000753360 0.000703630 0.000747300 0.000921590 0.000230060 0.000269710 0.000286190 0.000000000 0.000720760 0.000724100 0.001108930 0.000668800 0.000687340 0.000734520 0.000662970 0.000672170 0.000694390 0.000711150 0.000770200 0.000840660 0.000806450 0.000727430 0.000781640 0.000785870 0.000687610 0.000803750 0.000826340 0.000886880 0.000923980 0.000928490 0.000877720 0.000990680 0.000986130 0.000998960 0.001001850 0.001535080 
21     0.000854530 0.000749240 0.000667500 0.000705940 0.000694890 0.000766990 0.000622200 0.000614660 0.000682690 0.000699820 0.000725110 0.000697580 0.000685200 0.000690110 0.000616510 0.000595160 0.000545430 0.000589100 0.000763390 0.000590540 0.000630190 0.000646670 0.000720760 0.000000000 0.000064450 0.000950730 0.000347780 0.000366320 0.000413500 0.000341950 0.000513970 0.000536190 0.000552950 0.000612000 0.000682460 0.000648250 0.000569230 0.000623440 0.000627670 0.000529410 0.000645550 0.000668140 0.000728680 0.000765780 0.000770290 0.000719520 0.000832480 0.000827930 0.000840760 0.000843650 0.001376880 
29     0.000857870 0.000752580 0.000670840 0.000709280 0.000698230 0.000770330 0.000625540 0.000618000 0.000686030 0.000703160 0.000728450 0.000700920 0.000688540 0.000693450 0.000619850 0.000598500 0.000548770 0.000592440 0.000766730 0.000593880 0.000633530 0.000650010 0.000724100 0.000064450 0.000000000 0.000658980 0.000351120 0.000369660 0.000416840 0.000345290 0.000517310 0.000539530 0.000556290 0.000615340 0.000685800 0.000651590 0.000572570 0.000626780 0.000631010 0.000532750 0.000648890 0.000671480 0.000732020 0.000769120 0.000773630 0.000722860 0.000835820 0.000831270 0.000844100 0.000846990 0.001380220 
20     0.001138980 0.001033690 0.000951950 0.000990390 0.000979340 0.001051440 0.000906650 0.000899110 0.000967140 0.000984270 0.001009560 0.000982030 0.000969650 0.000974560 0.000900960 0.000879610 0.000829880 0.000873550 0.001047840 0.000978710 0.001018360 0.001034840 0.001108930 0.000950730 0.000658980 0.000000000 0.000898770 0.000917310 0.000964490 0.000892940 0.000827180 0.000849400 0.000575340 0.000896450 0.000966910 0.000932700 0.000853680 0.000907890 0.000912120 0.000813860 0.000930000 0.000952590 0.001013130 0.001050230 0.001054740 0.001003970 0.001116930 0.001112380 0.001125210 0.001128100 0.001661330 
33     0.000802570 0.000697280 0.000615540 0.000653980 0.000642930 0.000715030 0.000570240 0.000562700 0.000630730 0.000647860 0.000673150 0.000645620 0.000633240 0.000638150 0.000564550 0.000543200 0.000493470 0.000537140 0.000711430 0.000538580 0.000578230 0.000594710 0.000668800 0.000347780 0.000351120 0.000898770 0.000000000 0.000103320 0.000077320 0.000072310 0.000462010 0.000484230 0.000500990 0.000560040 0.000630500 0.000596290 0.000517270 0.000571480 0.000575710 0.000477450 0.000593590 0.000616180 0.000676720 0.000713820 0.000718330 0.000667560 0.000780520 0.000775970 0.000788800 0.000791690 0.001324920 
39     0.000821110 0.000715820 0.000634080 0.000672520 0.000661470 0.000733570 0.000588780 0.000581240 0.000649270 0.000666400 0.000691690 0.000664160 0.000651780 0.000656690 0.000583090 0.000561740 0.000512010 0.000555680 0.000729970 0.000557120 0.000596770 0.000613250 0.000687340 0.000366320 0.000369660 0.000917310 0.000103320 0.000000000 0.000169040 0.000097490 0.000480550 0.000502770 0.000519530 0.000578580 0.000649040 0.000614830 0.000535810 0.000590020 0.000594250 0.000495990 0.000612130 0.000634720 0.000695260 0.000732360 0.000736870 0.000686100 0.000799060 0.000794510 0.000807340 0.000810230 0.001343460 
35     0.000868290 0.000763000 0.000681260 0.000719700 0.000708650 0.000780750 0.000635960 0.000628420 0.000696450 0.000713580 0.000738870 0.000711340 0.000698960 0.000703870 0.000630270 0.000608920 0.000559190 0.000602860 0.000777150 0.000604300 0.000643950 0.000660430 0.000734520 0.000413500 0.000416840 0.000964490 0.000077320 0.000169040 0.000000000 0.000138030 0.000527730 0.000549950 0.000566710 0.000625760 0.000696220 0.000662010 0.000582990 0.000637200 0.000641430 0.000543170 0.000659310 0.000681900 0.000742440 0.000779540 0.000784050 0.000733280 0.000846240 0.000841690 0.000854520 0.000857410 0.001390640 
37     0.000796740 0.000691450 0.000609710 0.000648150 0.000637100 0.000709200 0.000564410 0.000556870 0.000624900 0.000642030 0.000667320 0.000639790 0.000627410 0.000632320 0.000558720 0.000537370 0.000487640 0.000531310 0.000705600 0.000532750 0.000572400 0.000588880 0.000662970 0.000341950 0.000345290 0.000892940 0.000072310 0.000097490 0.000138030 0.000000000 0.000456180 0.000478400 0.000495160 0.000554210 0.000624670 0.000590460 0.000511440 0.000565650 0.000569880 0.000471620 0.000587760 0.000610350 0.000670890 0.000707990 0.000712500 0.000661730 0.000774690 0.000770140 0.000782970 0.000785860 0.001319090 
32     0.000730980 0.000625690 0.000543950 0.000582390 0.000571340 0.000643440 0.000498650 0.000491110 0.000559140 0.000576270 0.000601560 0.000574030 0.000561650 0.000566560 0.000492960 0.000471610 0.000421880 0.000465550 0.000639840 0.000541950 0.000581600 0.000598080 0.000672170 0.000513970 0.000517310 0.000827180 0.000462010 0.000480550 0.000527730 0.000456180 0.000000000 0.000162040 0.000160850 0.000488450 0.000558910 0.000524700 0.000445680 0.000499890 0.000504120 0.000405860 0.000522000 0.000544590 0.000605130 0.000642230 0.000646740 0.000595970 0.000708930 0.000704380 0.000717210 0.000720100 0.001253330 
28     0.000753200 0.000647910 0.000566170 0.000604610 0.000593560 0.000665660 0.000520870 0.000513330 0.000581360 0.000598490 0.000623780 0.000596250 0.000583870 0.000588780 0.000515180 0.000493830 0.000444100 0.000487770 0.000662060 0.000564170 0.000603820 0.000620300 0.000694390 0.000536190 0.000539530 0.000849400 0.000484230 0.000502770 0.000549950 0.000478400 0.000162040 0.000000000 0.000003640 0.000510670 0.000581130 0.000546920 0.000467900 0.000522110 0.000526340 0.000428080 0.000544220 0.000566810 0.000627350 0.000664450 0.000668960 0.000618190 0.000731150 0.000726600 0.000739430 0.000742320 0.001275550 
41     0.000769960 0.000664670 0.000582930 0.000621370 0.000610320 0.000682420 0.000537630 0.000530090 0.000598120 0.000615250 0.000640540 0.000613010 0.000600630 0.000605540 0.000531940 0.000510590 0.000460860 0.000504530 0.000678820 0.000580930 0.000620580 0.000637060 0.000711150 0.000552950 0.000556290 0.000575340 0.000500990 0.000519530 0.000566710 0.000495160 0.000160850 0.000003640 0.000000000 0.000527430 0.000597890 0.000563680 0.000484660 0.000538870 0.000543100 0.000444840 0.000560980 0.000583570 0.000644110 0.000681210 0.000685720 0.000634950 0.000747910 0.000743360 0.000756190 0.000759080 0.001292310 
40     0.000744210 0.000638920 0.000557180 0.000595620 0.000584570 0.000656670 0.000511880 0.000504340 0.000572370 0.000589500 0.000614790 0.000522620 0.000510240 0.000515150 0.000506190 0.000484840 0.000435110 0.000478780 0.000653070 0.000639980 0.000679630 0.000696110 0.000770200 0.000612000 0.000615340 0.000896450 0.000560040 0.000578580 0.000625760 0.000554210 0.000488450 0.000510670 0.000527430 0.000000000 0.000450200 0.000415990 0.000336970 0.000448480 0.000452710 0.000354450 0.000535230 0.000557820 0.000618360 0.000655460 0.000659970 0.000609200 0.000722160 0.000717610 0.000730440 0.000733330 0.001266560 
42     0.000814670 0.000709380 0.000627640 0.000666080 0.000655030 0.000727130 0.000582340 0.000574800 0.000642830 0.000659960 0.000685250 0.000593080 0.000580700 0.000585610 0.000576650 0.000555300 0.000505570 0.000549240 0.000723530 0.000710440 0.000750090 0.000766570 0.000840660 0.000682460 0.000685800 0.000966910 0.000630500 0.000649040 0.000696220 0.000624670 0.000558910 0.000581130 0.000597890 0.000450200 0.000000000 0.000186770 0.000301390 0.000518940 0.000523170 0.000424910 0.000605690 0.000628280 0.000688820 0.000725920 0.000730430 0.000679660 0.000792620 0.000788070 0.000800900 0.000803790 0.001337020 
24     0.000780460 0.000675170 0.000593430 0.000631870 0.000620820 0.000692920 0.000548130 0.000540590 0.000608620 0.000625750 0.000651040 0.000558870 0.000546490 0.000551400 0.000542440 0.000521090 0.000471360 0.000515030 0.000689320 0.000676230 0.000715880 0.000732360 0.000806450 0.000648250 0.000651590 0.000932700 0.000596290 0.000614830 0.000662010 0.000590460 0.000524700 0.000546920 0.000563680 0.000415990 0.000186770 0.000000000 0.000267180 0.000484730 0.000488960 0.000390700 0.000571480 0.000594070 0.000654610 0.000691710 0.000696220 0.000645450 0.000758410 0.000753860 0.000766690 0.000769580 0.001302810 
19     0.000701440 0.000596150 0.000514410 0.000552850 0.000541800 0.000613900 0.000469110 0.000461570 0.000529600 0.000546730 0.000572020 0.000479850 0.000467470 0.000472380 0.000463420 0.000442070 0.000392340 0.000436010 0.000610300 0.000597210 0.000636860 0.000653340 0.000727430 0.000569230 0.000572570 0.000853680 0.000517270 0.000535810 0.000582990 0.000511440 0.000445680 0.000467900 0.000484660 0.000336970 0.000301390 0.000267180 0.000000000 0.000405710 0.000409940 0.000311680 0.000492460 0.000515050 0.000575590 0.000612690 0.000617200 0.000566430 0.000679390 0.000674840 0.000687670 0.000690560 0.001223790 
26     0.000755650 0.000650360 0.000568620 0.000607060 0.000596010 0.000668110 0.000523320 0.000515780 0.000583810 0.000600940 0.000626230 0.000350780 0.000338400 0.000343310 0.000517630 0.000496280 0.000446550 0.000490220 0.000664510 0.000651420 0.000691070 0.000707550 0.000781640 0.000623440 0.000626780 0.000907890 0.000571480 0.000590020 0.000637200 0.000565650 0.000499890 0.000522110 0.000538870 0.000448480 0.000518940 0.000484730 0.000405710 0.000000000 0.000006190 0.000195870 0.000546670 0.000569260 0.000629800 0.000666900 0.000671410 0.000620640 0.000733600 0.000729050 0.000741880 0.000744770 0.001278000 
36     0.000759880 0.000654590 0.000572850 0.000611290 0.000600240 0.000672340 0.000527550 0.000520010 0.000588040 0.000605170 0.000630460 0.000355010 0.000342630 0.000347540 0.000521860 0.000500510 0.000450780 0.000494450 0.000668740 0.000655650 0.000695300 0.000711780 0.000785870 0.000627670 0.000631010 0.000912120 0.000575710 0.000594250 0.000641430 0.000569880 0.000504120 0.000526340 0.000543100 0.000452710 0.000523170 0.000488960 0.000409940 0.000006190 0.000000000 0.000200100 0.000550900 0.000573490 0.000634030 0.000671130 0.000675640 0.000624870 0.000737830 0.000733280 0.000746110 0.000749000 0.001282230 
17     0.000661620 0.000556330 0.000474590 0.000513030 0.000501980 0.000574080 0.000429290 0.000421750 0.000489780 0.000506910 0.000532200 0.000270010 0.000257630 0.000262540 0.000423600 0.000402250 0.000352520 0.000396190 0.000570480 0.000557390 0.000597040 0.000613520 0.000687610 0.000529410 0.000532750 0.000813860 0.000477450 0.000495990 0.000543170 0.000471620 0.000405860 0.000428080 0.000444840 0.000354450 0.000424910 0.000390700 0.000311680 0.000195870 0.000200100 0.000000000 0.000452640 0.000475230 0.000535770 0.000572870 0.000577380 0.000526610 0.000639570 0.000635020 0.000647850 0.000650740 0.001183970 
43     0.000736440 0.000631150 0.000549410 0.000587850 0.000576800 0.000648900 0.000504110 0.000496570 0.000564600 0.000581730 0.000607020 0.000620810 0.000608430 0.000613340 0.000498420 0.000477070 0.000427340 0.000471010 0.000645300 0.000673530 0.000713180 0.000729660 0.000803750 0.000645550 0.000648890 0.000930000 0.000593590 0.000612130 0.000659310 0.000587760 0.000522000 0.000544220 0.000560980 0.000535230 0.000605690 0.000571480 0.000492460 0.000546670 0.000550900 0.000452640 0.000000000 0.000041290 0.000358770 0.000395870 0.000400380 0.000349610 0.000462570 0.000458020 0.000470850 0.000473740 0.001258790 
49     0.000759030 0.000653740 0.000572000 0.000610440 0.000599390 0.000671490 0.000526700 0.000519160 0.000587190 0.000604320 0.000629610 0.000643400 0.000631020 0.000635930 0.000521010 0.000499660 0.000449930 0.000493600 0.000667890 0.000696120 0.000735770 0.000752250 0.000826340 0.000668140 0.000671480 0.000952590 0.000616180 0.000634720 0.000681900 0.000610350 0.000544590 0.000566810 0.000583570 0.000557820 0.000628280 0.000594070 0.000515050 0.000569260 0.000573490 0.000475230 0.000041290 0.000000000 0.000381360 0.000418460 0.000422970 0.000372200 0.000485160 0.000480610 0.000493440 0.000496330 0.001281380 
27     0.000819570 0.000714280 0.000632540 0.000670980 0.000659930 0.000732030 0.000587240 0.000579700 0.000647730 0.000664860 0.000690150 0.000703940 0.000691560 0.000696470 0.000581550 0.000560200 0.000510470 0.000554140 0.000728430 0.000756660 0.000796310 0.000812790 0.000886880 0.000728680 0.000732020 0.001013130 0.000676720 0.000695260 0.000742440 0.000670890 0.000605130 0.000627350 0.000644110 0.000618360 0.000688820 0.000654610 0.000575590 0.000629800 0.000634030 0.000535770 0.000358770 0.000381360 0.000000000 0.000057350 0.000190370 0.000256080 0.000369040 0.000364490 0.000377320 0.000380210 0.001341920 
47     0.000856670 0.000751380 0.000669640 0.000708080 0.000697030 0.000769130 0.000624340 0.000616800 0.000684830 0.000701960 0.000727250 0.000741040 0.000728660 0.000733570 0.000618650 0.000597300 0.000547570 0.000591240 0.000765530 0.000793760 0.000833410 0.000849890 0.000923980 0.000765780 0.000769120 0.001050230 0.000713820 0.000732360 0.000779540 0.000707990 0.000642230 0.000664450 0.000681210 0.000655460 0.000725920 0.000691710 0.000612690 0.000666900 0.000671130 0.000572870 0.000395870 0.000418460 0.000057350 0.000000000 0.000227470 0.000293180 0.000406140 0.000401590 0.000414420 0.000417310 0.001379020 
18     0.000861180 0.000755890 0.000674150 0.000712590 0.000701540 0.000773640 0.000628850 0.000621310 0.000689340 0.000706470 0.000731760 0.000745550 0.000733170 0.000738080 0.000623160 0.000601810 0.000552080 0.000595750 0.000770040 0.000798270 0.000837920 0.000854400 0.000928490 0.000770290 0.000773630 0.001054740 0.000718330 0.000736870 0.000784050 0.000712500 0.000646740 0.000668960 0.000685720 0.000659970 0.000730430 0.000696220 0.000617200 0.000671410 0.000675640 0.000577380 0.000400380 0.000422970 0.000190370 0.000227470 0.000000000 0.000297690 0.000410650 0.000406100 0.000418930 0.000421820 0.001383530 
31     0.000810410 0.000705120 0.000623380 0.000661820 0.000650770 0.000722870 0.000578080 0.000570540 0.000638570 0.000655700 0.000680990 0.000694780 0.000682400 0.000687310 0.000572390 0.000551040 0.000501310 0.000544980 0.000719270 0.000747500 0.000787150 0.000803630 0.000877720 0.000719520 0.000722860 0.001003970 0.000667560 0.000686100 0.000733280 0.000661730 0.000595970 0.000618190 0.000634950 0.000609200 0.000679660 0.000645450 0.000566430 0.000620640 0.000624870 0.000526610 0.000349610 0.000372200 0.000256080 0.000293180 0.000297690 0.000000000 0.000300180 0.000295630 0.000308460 0.000311350 0.001332760 
44     0.000923370 0.000818080 0.000736340 0.000774780 0.000763730 0.000835830 0.000691040 0.000683500 0.000751530 0.000768660 0.000793950 0.000807740 0.000795360 0.000800270 0.000685350 0.000664000 0.000614270 0.000657940 0.000832230 0.000860460 0.000900110 0.000916590 0.000990680 0.000832480 0.000835820 0.001116930 0.000780520 0.000799060 0.000846240 0.000774690 0.000708930 0.000731150 0.000747910 0.000722160 0.000792620 0.000758410 0.000679390 0.000733600 0.000737830 0.000639570 0.000462570 0.000485160 0.000369040 0.000406140 0.000410650 0.000300180 0.000000000 0.000037030 0.000049860 0.000050740 0.001445720 
38     0.000918820 0.000813530 0.000731790 0.000770230 0.000759180 0.000831280 0.000686490 0.000678950 0.000746980 0.000764110 0.000789400 0.000803190 0.000790810 0.000795720 0.000680800 0.000659450 0.000609720 0.000653390 0.000827680 0.000855910 0.000895560 0.000912040 0.000986130 0.000827930 0.000831270 0.001112380 0.000775970 0.000794510 0.000841690 0.000770140 0.000704380 0.000726600 0.000743360 0.000717610 0.000788070 0.000753860 0.000674840 0.000729050 0.000733280 0.000635020 0.000458020 0.000480610 0.000364490 0.000401590 0.000406100 0.000295630 0.000037030 0.000000000 0.000025410 0.000085640 0.001441170 
50     0.000931650 0.000826360 0.000744620 0.000783060 0.000772010 0.000844110 0.000699320 0.000691780 0.000759810 0.000776940 0.000802230 0.000816020 0.000803640 0.000808550 0.000693630 0.000672280 0.000622550 0.000666220 0.000840510 0.000868740 0.000908390 0.000924870 0.000998960 0.000840760 0.000844100 0.001125210 0.000788800 0.000807340 0.000854520 0.000782970 0.000717210 0.000739430 0.000756190 0.000730440 0.000800900 0.000766690 0.000687670 0.000741880 0.000746110 0.000647850 0.000470850 0.000493440 0.000377320 0.000414420 0.000418930 0.000308460 0.000049860 0.000025410 0.000000000 0.000098470 0.001454000 
30     0.000934540 0.000829250 0.000747510 0.000785950 0.000774900 0.000847000 0.000702210 0.000694670 0.000762700 0.000779830 0.000805120 0.000818910 0.000806530 0.000811440 0.000696520 0.000675170 0.000625440 0.000669110 0.000843400 0.000871630 0.000911280 0.000927760 0.001001850 0.000843650 0.000846990 0.001128100 0.000791690 0.000810230 0.000857410 0.000785860 0.000720100 0.000742320 0.000759080 0.000733330 0.000803790 0.000769580 0.000690560 0.000744770 0.000749000 0.000650740 0.000473740 0.000496330 0.000380210 0.000417310 0.000421820 0.000311350 0.000050740 0.000085640 0.000098470 0.000000000 0.001456890 
0     0.001415130 0.001309840 0.001228100 0.001266540 0.001255490 0.001327590 0.001224680 0.001217140 0.001243290 0.001260420 0.001285710 0.001352140 0.001339760 0.001344670 0.001177110 0.001155760 0.001145950 0.001189620 0.001328690 0.001404860 0.001444510 0.001460990 0.001535080 0.001376880 0.001380220 0.001661330 0.001324920 0.001343460 0.001390640 0.001319090 0.001253330 0.001275550 0.001292310 0.001266560 0.001337020 0.001302810 0.001223790 0.001278000 0.001282230 0.001183970 0.001258790 0.001281380 0.001341920 0.001379020 0.001383530 0.001332760 0.001445720 0.001441170 0.001454000 0.001456890 0.000000000 
