51
16     0.000000000 0.137947723 0.187088948 0.193833345 0.204872323 0.205568151 0.245483583 0.244876504 0.213036219 0.217930809 0.218589836 0.233627211 0.234008336 0.233144595 0.222661457 0.229460183 0.245004866 0.264595089 0.232798121 0.265803148 0.264526395 0.264466382 0.265460306 0.289503594 0.291618734 0.282618427 0.272564190 0.273815228 0.271552983 0.276813954 0.268705881 0.271743166 0.272020635 0.258140886 0.286926611 0.287069847 0.282920426 0.279235455 0.278908837 0.273564531 0.268775663 0.260645514 0.284199806 0.281901388 0.274686751 0.274021994 0.279263769 0.279700572 0.281106308 0.281682514 0.508908733 
6     0.137947723 0.000000000 0.175951545 0.182616889 0.193396514 0.194094832 0.234227842 0.233620763 0.201433358 0.205664376 0.206323402 0.222024350 0.222405475 0.221541734 0.211058596 0.217869979 0.233216499 0.252806723 0.221223918 0.253896716 0.252619964 0.252559950 0.255287940 0.277541465 0.279656604 0.270675179 0.260631961 0.261882999 0.259620755 0.264881726 0.256895619 0.259932905 0.260210373 0.246397845 0.274953535 0.275096771 0.270938286 0.266936631 0.266666006 0.261448870 0.256951535 0.248821386 0.272293083 0.269994665 0.262841832 0.262177075 0.267418850 0.267855653 0.269261389 0.269837594 0.497714533 
2     0.187088948 0.175951545 0.000000000 0.051941459 0.174569670 0.175290928 0.225216069 0.224608991 0.191638083 0.196506392 0.197237821 0.212608789 0.212989914 0.212126173 0.201635081 0.208494598 0.224817294 0.244386911 0.212878041 0.244975426 0.244097188 0.244037175 0.246833707 0.269099932 0.271215071 0.262140556 0.252099315 0.253350353 0.251088109 0.256410292 0.248796639 0.251833925 0.252111394 0.237733562 0.266244464 0.266450190 0.262547049 0.259021526 0.258694907 0.253129865 0.248386759 0.240256610 0.263810903 0.261512484 0.254297847 0.253633090 0.258874866 0.259311668 0.260717405 0.261293610 0.488777275 
9     0.193833345 0.182616889 0.051941459 0.000000000 0.181367263 0.182087640 0.232031262 0.231424183 0.198638310 0.203506619 0.204238049 0.219692984 0.220074109 0.219210368 0.208691675 0.215546311 0.231360338 0.250833646 0.219647794 0.251688661 0.250810424 0.250750410 0.253546942 0.275813366 0.277928506 0.268853991 0.258761534 0.259940708 0.257750328 0.263072511 0.255553830 0.258591116 0.258868585 0.244490752 0.273001655 0.273207381 0.269304240 0.265796796 0.265470177 0.259905135 0.255127647 0.246997498 0.270551791 0.268253372 0.261038736 0.260373979 0.265615754 0.266052556 0.267458293 0.268034498 0.495557629 
1     0.204872323 0.193396514 0.174569670 0.181367263 0.000000000 0.033257595 0.243388811 0.242781733 0.211099761 0.216006391 0.216665417 0.231562624 0.231943748 0.231080008 0.220725875 0.227542690 0.243449003 0.262952740 0.231454249 0.262703967 0.262044950 0.261984937 0.264723187 0.286811353 0.288926493 0.279961885 0.269621883 0.270872921 0.268610676 0.273957018 0.266703469 0.269740755 0.270018223 0.255997722 0.284667502 0.284810738 0.280981435 0.277340716 0.277014098 0.271449056 0.266676655 0.258546506 0.281933666 0.279911155 0.272696518 0.272031762 0.277273537 0.277710339 0.279116076 0.279692281 0.507632149 
13     0.205568151 0.194094832 0.175290928 0.182087640 0.033257595 0.000000000 0.244092970 0.243485891 0.211803919 0.216710550 0.217369576 0.232266782 0.232647907 0.231784166 0.221430034 0.228246848 0.244153162 0.263562668 0.232158407 0.263406159 0.262749108 0.262689095 0.265427345 0.287515512 0.289630651 0.280666044 0.270326041 0.271577080 0.269314835 0.274661177 0.267407628 0.270444914 0.270722382 0.256701881 0.285371661 0.285514897 0.281685594 0.278044875 0.277718257 0.272153214 0.267380814 0.259250665 0.282637825 0.280615314 0.273400677 0.272735920 0.277977695 0.278414498 0.279820234 0.280396440 0.508336308 
15     0.245483583 0.234227842 0.225216069 0.232031262 0.243388811 0.244092970 0.000000000 0.028860008 0.203718616 0.209042700 0.209701726 0.224144891 0.224526015 0.223666005 0.213221236 0.220050083 0.240820746 0.260490915 0.229108667 0.260754782 0.259349918 0.259289905 0.262064072 0.284271959 0.286387099 0.277526627 0.266792220 0.268235710 0.265973465 0.271303112 0.263681048 0.266723648 0.266995803 0.253766427 0.282557036 0.282700272 0.278858268 0.275240614 0.274909093 0.269329145 0.264458198 0.256328049 0.279809974 0.277551494 0.270188630 0.269672100 0.274913876 0.275350678 0.276756415 0.277293766 0.505221004 
7     0.244876504 0.233620763 0.224608991 0.231424183 0.242781733 0.243485891 0.028860008 0.000000000 0.203111538 0.208435621 0.209094648 0.223537812 0.223918937 0.223058926 0.212614158 0.219443004 0.240213667 0.259883836 0.228501589 0.260147704 0.258742839 0.258682826 0.261456994 0.283664881 0.285780020 0.276919548 0.266185141 0.267628631 0.265366387 0.270696033 0.263073970 0.266116569 0.266388724 0.253159348 0.281949958 0.282093194 0.278251189 0.274633536 0.274302014 0.268722066 0.263851119 0.255720970 0.279202895 0.276944415 0.269581551 0.269065022 0.274306797 0.274743599 0.276149336 0.276686687 0.504613925 
11     0.213036219 0.201433358 0.191638083 0.198638310 0.211099761 0.211803919 0.203718616 0.203111538 0.000000000 0.038978744 0.039076705 0.146019352 0.146397656 0.145490930 0.134976156 0.141920957 0.208088435 0.227712965 0.196343824 0.226604554 0.225395213 0.225335199 0.228093778 0.250992560 0.253107700 0.244251660 0.233973616 0.235224654 0.232962410 0.238544310 0.230917784 0.233960642 0.234232538 0.220665614 0.249181935 0.249325171 0.245234193 0.241450449 0.241123831 0.235361420 0.230872668 0.222742519 0.247037416 0.244286226 0.236722295 0.236119000 0.241648607 0.242085410 0.243491147 0.243423551 0.472123099 
8     0.217930809 0.205664376 0.196506392 0.203506619 0.216006391 0.216710550 0.209042700 0.208435621 0.038978744 0.000000000 0.030676400 0.151315958 0.151694261 0.150787536 0.140264760 0.147217562 0.213364165 0.232988695 0.201619554 0.231880284 0.230670943 0.230610930 0.233373690 0.256268291 0.258383430 0.249527391 0.239249346 0.240500384 0.238238140 0.243820040 0.236193514 0.239236372 0.239508269 0.225941344 0.254457665 0.254600902 0.250509923 0.246726180 0.246399561 0.240637150 0.236148399 0.228018250 0.252313146 0.249561956 0.241987955 0.241394730 0.246924338 0.247361140 0.248766877 0.248696210 0.477398829 
14     0.218589836 0.206323402 0.197237821 0.204238049 0.216665417 0.217369576 0.209701726 0.209094648 0.039076705 0.030676400 0.000000000 0.151954374 0.152332678 0.151425952 0.140903177 0.147855979 0.214023191 0.233647722 0.202278581 0.232539310 0.231329969 0.231269956 0.234032716 0.256927317 0.259042456 0.250186417 0.239908372 0.241159411 0.238897166 0.244479067 0.236852540 0.239895398 0.240167295 0.226600370 0.255116692 0.255259928 0.251168949 0.247385206 0.247058587 0.241296176 0.236807425 0.228677276 0.252972172 0.250220982 0.242657051 0.242053756 0.247583364 0.248020166 0.249425903 0.249355236 0.478057855 
4     0.233627211 0.222024350 0.212608789 0.219692984 0.231562624 0.232266782 0.224144891 0.223537812 0.146019352 0.151315958 0.151954374 0.000000000 0.028046901 0.026610848 0.080721533 0.107754501 0.229310973 0.248943732 0.217504268 0.249111266 0.247834513 0.247774500 0.250557778 0.272576969 0.274692108 0.265836069 0.255508805 0.256759843 0.254497599 0.259882395 0.252223947 0.255266805 0.255538702 0.241878398 0.270405821 0.270549058 0.266458079 0.262588066 0.262261447 0.256577065 0.252165485 0.244035336 0.268318048 0.265579043 0.258126087 0.257411816 0.262941424 0.263378227 0.264783963 0.265014947 0.493206882 
5     0.234008336 0.222405475 0.212989914 0.220074109 0.231943748 0.232647907 0.224526015 0.223918937 0.146397656 0.151694261 0.152332678 0.028046901 0.000000000 0.025739622 0.081397164 0.107845042 0.229692097 0.249324857 0.217885392 0.249492391 0.248215638 0.248155625 0.250938903 0.272958093 0.275073233 0.266217193 0.255889930 0.257140968 0.254878724 0.260263520 0.252605072 0.255647930 0.255919826 0.242259522 0.270786946 0.270930182 0.266839204 0.262969190 0.262642572 0.256958190 0.252546610 0.244416461 0.268699172 0.265960167 0.258507212 0.257792941 0.263322549 0.263759351 0.265165088 0.265396071 0.493588007 
10     0.233144595 0.221541734 0.212126173 0.219210368 0.231080008 0.231784166 0.223666005 0.223058926 0.145490930 0.150787536 0.151425952 0.026610848 0.025739622 0.000000000 0.080559922 0.107354188 0.228828357 0.248461116 0.217021652 0.248628650 0.247351897 0.247291884 0.250075162 0.272094353 0.274209492 0.265353453 0.255026189 0.256277227 0.254014983 0.259399779 0.251741331 0.254784189 0.255056086 0.241395782 0.269923205 0.270066442 0.265975463 0.262105450 0.261778831 0.256094449 0.251682869 0.243552720 0.267835432 0.265096427 0.257643471 0.256929200 0.262458808 0.262895611 0.264301347 0.264532331 0.492724266 
12     0.222661457 0.211058596 0.201635081 0.208691675 0.220725875 0.221430034 0.213221236 0.212614158 0.134976156 0.140264760 0.140903177 0.080721533 0.081397164 0.080559922 0.000000000 0.097176681 0.218388850 0.238033082 0.206530876 0.238055483 0.236778730 0.236718717 0.239501995 0.261544185 0.263659325 0.254803285 0.244476022 0.245727060 0.243464815 0.248849612 0.241130818 0.244173676 0.244448631 0.230925962 0.259453386 0.259596622 0.255505644 0.251688094 0.251361475 0.245650106 0.241077288 0.232928531 0.257199972 0.254458392 0.247046901 0.246287590 0.251817198 0.252254001 0.253659737 0.253890721 0.482045563 
3     0.229460183 0.217869979 0.208494598 0.215546311 0.227542690 0.228246848 0.220050083 0.219443004 0.141920957 0.147217562 0.147855979 0.107754501 0.107845042 0.107354188 0.097176681 0.000000000 0.225260092 0.244904324 0.213404632 0.245083736 0.243806983 0.243746970 0.246530248 0.268535898 0.270651038 0.261794998 0.251467735 0.252718773 0.250456529 0.255841325 0.248201783 0.251244641 0.251516537 0.237828682 0.266356106 0.266499342 0.262408364 0.258624620 0.258298002 0.252586632 0.248062155 0.239932006 0.264183025 0.261465571 0.254012615 0.253298344 0.258827952 0.259264755 0.260670491 0.260901475 0.489148706 
48     0.245004866 0.233216499 0.224817294 0.231360338 0.243449003 0.244153162 0.240820746 0.240213667 0.208088435 0.213364165 0.214023191 0.229310973 0.229692097 0.228828357 0.218388850 0.225260092 0.000000000 0.075353736 0.186445373 0.229197320 0.227921189 0.227861175 0.230701120 0.252131394 0.254246534 0.245556827 0.235326940 0.236577979 0.234315734 0.239564336 0.231144940 0.234120433 0.234391059 0.221663160 0.249862519 0.250007557 0.246152574 0.242246669 0.241920051 0.236309265 0.231143331 0.223013182 0.246319032 0.244000125 0.236802644 0.236409744 0.241648611 0.242085413 0.243491150 0.244104162 0.474088853 
34     0.264595089 0.252806723 0.244386911 0.250833646 0.262952740 0.263562668 0.260490915 0.259883836 0.227712965 0.232988695 0.233647722 0.248943732 0.249324857 0.248461116 0.238033082 0.244904324 0.075353736 0.000000000 0.206102499 0.248805474 0.247529343 0.247469330 0.250309274 0.271739548 0.273854016 0.265164309 0.254940872 0.256191910 0.253929665 0.259178267 0.250840926 0.253841382 0.254112008 0.241314181 0.269513540 0.269658578 0.265803595 0.262022936 0.261696318 0.256128269 0.250609700 0.242479551 0.265774261 0.263455354 0.256234246 0.255804579 0.261039119 0.261475921 0.262885985 0.263498997 0.493784866 
23     0.232798121 0.221223918 0.212878041 0.219647794 0.231454249 0.232158407 0.229108667 0.228501589 0.196343824 0.201619554 0.202278581 0.217504268 0.217885392 0.217021652 0.206530876 0.213404632 0.186445373 0.206102499 0.000000000 0.215303939 0.214024587 0.213964574 0.216773245 0.238663516 0.240777983 0.231979869 0.221774114 0.223025152 0.220762907 0.226011509 0.217676340 0.220725091 0.220990347 0.208055791 0.236242568 0.236387606 0.232612468 0.228439542 0.228112923 0.222549206 0.217621492 0.209491343 0.232890463 0.230582099 0.223472552 0.222830345 0.228027125 0.228463927 0.229869664 0.230524763 0.459641440 
46     0.265803148 0.253896716 0.244975426 0.251688661 0.262703967 0.263406159 0.260754782 0.260147704 0.226604554 0.231880284 0.232539310 0.249111266 0.249492391 0.248628650 0.238055483 0.245083736 0.229197320 0.248805474 0.215303939 0.000000000 0.056272614 0.055660868 0.057960826 0.185593072 0.187720776 0.179375157 0.169217855 0.170461599 0.168209293 0.173434085 0.196833613 0.199827191 0.200154738 0.212193418 0.240287289 0.240416504 0.236591743 0.232885432 0.232558814 0.226953005 0.222110888 0.213983930 0.237826031 0.234999212 0.227807786 0.227226082 0.232369914 0.232806717 0.234212453 0.234910667 0.493632518 
22     0.264526395 0.252619964 0.244097188 0.250810424 0.262044950 0.262749108 0.259349918 0.258742839 0.225395213 0.230670943 0.231329969 0.247834513 0.248215638 0.247351897 0.236778730 0.243806983 0.227921189 0.247529343 0.214024587 0.056272614 0.000000000 0.029398315 0.057375360 0.184244638 0.186372342 0.178011228 0.167801792 0.169045536 0.166793230 0.172018022 0.195472317 0.198465895 0.198793442 0.210937052 0.239042701 0.239171916 0.235347155 0.231629066 0.231302447 0.225696638 0.220857561 0.212730602 0.236572703 0.233745885 0.226554458 0.225959814 0.231103647 0.231540449 0.232946186 0.233644399 0.492369441 
25     0.264466382 0.252559950 0.244037175 0.250750410 0.261984937 0.262689095 0.259289905 0.258682826 0.225335199 0.230610930 0.231269956 0.247774500 0.248155625 0.247291884 0.236718717 0.243746970 0.227861175 0.247469330 0.213964574 0.055660868 0.029398315 0.000000000 0.057504126 0.184184625 0.186312329 0.177951215 0.167741779 0.168985522 0.166733217 0.171958009 0.195412304 0.198405881 0.198733428 0.210877039 0.238982687 0.239111903 0.235287142 0.231569053 0.231242434 0.225636625 0.220797547 0.212670589 0.236512690 0.233685871 0.226494445 0.225892329 0.231036162 0.231472964 0.232878701 0.233576914 0.492309428 
45     0.265460306 0.255287940 0.246833707 0.253546942 0.264723187 0.265427345 0.262064072 0.261456994 0.228093778 0.233373690 0.234032716 0.250557778 0.250938903 0.250075162 0.239501995 0.246530248 0.230701120 0.250309274 0.216773245 0.057960826 0.057375360 0.057504126 0.000000000 0.187370127 0.189499014 0.181139032 0.170932644 0.172176387 0.169924082 0.175148874 0.198447206 0.201440784 0.201768331 0.213727009 0.241957675 0.242086891 0.238262129 0.234476713 0.234150095 0.228558298 0.223647517 0.215520559 0.239357997 0.236531178 0.229339751 0.228745107 0.233888940 0.234325743 0.235731479 0.236429693 0.495118099 
21     0.289503594 0.277541465 0.269099932 0.275813366 0.286811353 0.287515512 0.284271959 0.283664881 0.250992560 0.256268291 0.256927317 0.272576969 0.272958093 0.272094353 0.261544185 0.268535898 0.252131394 0.271739548 0.238663516 0.185593072 0.184244638 0.184184625 0.187370127 0.000000000 0.038533286 0.116015902 0.137431914 0.138473210 0.136412848 0.141290488 0.220289627 0.223215522 0.223610752 0.234776874 0.263199633 0.263330694 0.259548333 0.255909372 0.255582754 0.249976945 0.245150463 0.237023505 0.260757875 0.257931436 0.250738974 0.250285117 0.255428950 0.255865752 0.257271489 0.257969702 0.517105217 
29     0.291618734 0.279656604 0.271215071 0.277928506 0.288926493 0.289630651 0.286387099 0.285780020 0.253107700 0.258383430 0.259042456 0.274692108 0.275073233 0.274209492 0.263659325 0.270651038 0.254246534 0.273854016 0.240777983 0.187720776 0.186372342 0.186312329 0.189499014 0.038533286 0.000000000 0.117827372 0.139437213 0.140478197 0.138417835 0.143295475 0.222417331 0.225343226 0.225738455 0.236912526 0.265381341 0.265510556 0.261689828 0.258041224 0.257714606 0.252108797 0.247278167 0.239151208 0.262885579 0.260059140 0.252866678 0.252412821 0.257556653 0.257993456 0.259399192 0.260097406 0.519223990 
20     0.282618427 0.270675179 0.262140556 0.268853991 0.279961885 0.280666044 0.277526627 0.276919548 0.244251660 0.249527391 0.250186417 0.265836069 0.266217193 0.265353453 0.254803285 0.261794998 0.245556827 0.265164309 0.231979869 0.179375157 0.178011228 0.177951215 0.181139032 0.116015902 0.117827372 0.000000000 0.132077269 0.133115692 0.131053119 0.135935010 0.213879514 0.216805409 0.217200639 0.228322569 0.256791384 0.256920599 0.253099871 0.249402385 0.249075766 0.243469957 0.238683694 0.230556736 0.254283324 0.251456506 0.244265079 0.243833512 0.248977345 0.249414147 0.250819884 0.251518097 0.510413480 
33     0.272564190 0.260631961 0.252099315 0.258761534 0.269621883 0.270326041 0.266792220 0.266185141 0.233973616 0.239249346 0.239908372 0.255508805 0.255889930 0.255026189 0.244476022 0.251467735 0.235326940 0.254940872 0.221774114 0.169217855 0.167801792 0.167741779 0.170932644 0.137431914 0.139437213 0.132077269 0.000000000 0.047361225 0.044823045 0.067048781 0.203825962 0.206725142 0.207147086 0.217506870 0.246201927 0.246331142 0.242510414 0.238920427 0.238593809 0.232988000 0.228181833 0.220054874 0.243835036 0.241008217 0.233816791 0.233344706 0.238488539 0.238925342 0.240331078 0.241029292 0.500150242 
39     0.273815228 0.261882999 0.253350353 0.259940708 0.270872921 0.271577080 0.268235710 0.267628631 0.235224654 0.240500384 0.241159411 0.256759843 0.257140968 0.256277227 0.245727060 0.252718773 0.236577979 0.256191910 0.223025152 0.170461599 0.169045536 0.168985522 0.172176387 0.138473210 0.140478197 0.133115692 0.047361225 0.000000000 0.041644561 0.068697520 0.205077000 0.207976180 0.208398125 0.218709023 0.247452965 0.247582180 0.243761452 0.240171465 0.239844847 0.234239038 0.229432871 0.221305912 0.245086074 0.242259255 0.235067829 0.234595745 0.239739577 0.240176380 0.241582116 0.242280330 0.501401280 
35     0.271552983 0.259620755 0.251088109 0.257750328 0.268610676 0.269314835 0.265973465 0.265366387 0.232962410 0.238238140 0.238897166 0.254497599 0.254878724 0.254014983 0.243464815 0.250456529 0.234315734 0.253929665 0.220762907 0.168209293 0.166793230 0.166733217 0.169924082 0.136412848 0.138417835 0.131053119 0.044823045 0.041644561 0.000000000 0.066436454 0.202814755 0.205713936 0.206135880 0.216482425 0.245190721 0.245319936 0.241499208 0.237909221 0.237582602 0.231976793 0.227170626 0.219043667 0.242823829 0.239997011 0.232805584 0.232333500 0.237477333 0.237914135 0.239319872 0.240018085 0.499139035 
37     0.276813954 0.264881726 0.256410292 0.263072511 0.273957018 0.274661177 0.271303112 0.270696033 0.238544310 0.243820040 0.244479067 0.259882395 0.260263520 0.259399779 0.248849612 0.255841325 0.239564336 0.259178267 0.226011509 0.173434085 0.172018022 0.171958009 0.175148874 0.141290488 0.143295475 0.135935010 0.067048781 0.068697520 0.066436454 0.000000000 0.207997088 0.210811264 0.211318212 0.221784515 0.250422784 0.250551999 0.246731272 0.243141284 0.242814666 0.237208857 0.232387164 0.224260205 0.248055893 0.245229074 0.238037648 0.237565564 0.242709396 0.243146199 0.244551935 0.245250149 0.504387637 
32     0.268705881 0.256895619 0.248796639 0.255553830 0.266703469 0.267407628 0.263681048 0.263073970 0.230917784 0.236193514 0.236852540 0.252223947 0.252605072 0.251741331 0.241130818 0.248201783 0.231144940 0.250840926 0.217676340 0.196833613 0.195472317 0.195412304 0.198447206 0.220289627 0.222417331 0.213879514 0.203825962 0.205077000 0.202814755 0.207997088 0.000000000 0.048813843 0.048593776 0.215402599 0.243228855 0.243358070 0.239726491 0.236028583 0.235701964 0.230101815 0.225113012 0.216986053 0.240822708 0.237995890 0.230873081 0.230257246 0.235437208 0.235874011 0.237279747 0.237944557 0.496525792 
28     0.271743166 0.259932905 0.251833925 0.258591116 0.269740755 0.270444914 0.266723648 0.266116569 0.233960642 0.239236372 0.239895398 0.255266805 0.255647930 0.254784189 0.244173676 0.251244641 0.234120433 0.253841382 0.220725091 0.199827191 0.198465895 0.198405881 0.201440784 0.223215522 0.225343226 0.216805409 0.206725142 0.207976180 0.205713936 0.210811264 0.048813843 0.000000000 0.031127123 0.218439044 0.246265301 0.246394516 0.242762936 0.239055400 0.238728781 0.233128633 0.228149457 0.220022499 0.243859154 0.241032335 0.233909526 0.233293692 0.238473654 0.238910456 0.240316193 0.240981003 0.499563976 
41     0.272020635 0.260210373 0.252111394 0.258868585 0.270018223 0.270722382 0.266995803 0.266388724 0.234232538 0.239508269 0.240167295 0.255538702 0.255919826 0.255056086 0.244448631 0.251516537 0.234391059 0.254112008 0.220990347 0.200154738 0.198793442 0.198733428 0.201768331 0.223610752 0.225738455 0.217200639 0.207147086 0.208398125 0.206135880 0.211318212 0.048593776 0.031127123 0.000000000 0.218723781 0.246550038 0.246679253 0.243047673 0.239349765 0.239023146 0.233422998 0.228434194 0.220307236 0.244143891 0.241317072 0.234194263 0.233578428 0.238758391 0.239195193 0.240600930 0.241265740 0.499841444 
40     0.258140886 0.246397845 0.237733562 0.244490752 0.255997722 0.256701881 0.253766427 0.253159348 0.220665614 0.225941344 0.226600370 0.241878398 0.242259522 0.241395782 0.230925962 0.237828682 0.221663160 0.241314181 0.208055791 0.212193418 0.210937052 0.210877039 0.213727009 0.234776874 0.236912526 0.228322569 0.217506870 0.218709023 0.216482425 0.221784515 0.215402599 0.218439044 0.218723781 0.000000000 0.147453082 0.147498139 0.143669774 0.186750503 0.186424135 0.180863355 0.196230419 0.188128767 0.212623043 0.209760105 0.202839588 0.201117088 0.206653889 0.207090692 0.208496428 0.208804841 0.486179513 
42     0.286926611 0.274953535 0.266244464 0.273001655 0.284667502 0.285371661 0.282557036 0.281949958 0.249181935 0.254457665 0.255116692 0.270405821 0.270786946 0.269923205 0.259453386 0.266356106 0.249862519 0.269513540 0.236242568 0.240287289 0.239042701 0.238982687 0.241957675 0.263199633 0.265381341 0.256791384 0.246201927 0.247452965 0.245190721 0.250422784 0.243228855 0.246265301 0.246550038 0.147453082 0.000000000 0.051448519 0.142624013 0.214363863 0.214030746 0.208468117 0.224511050 0.216386116 0.240808742 0.237945805 0.230996739 0.229874107 0.234953686 0.235390489 0.236796225 0.237561860 0.514226128 
24     0.287069847 0.275096771 0.266450190 0.273207381 0.284810738 0.285514897 0.282700272 0.282093194 0.249325171 0.254600902 0.255259928 0.270549058 0.270930182 0.270066442 0.259596622 0.266499342 0.250007557 0.269658578 0.236387606 0.240416504 0.239171916 0.239111903 0.242086891 0.263330694 0.265510556 0.256920599 0.246331142 0.247582180 0.245319936 0.250551999 0.243358070 0.246394516 0.246679253 0.147498139 0.051448519 0.000000000 0.142511912 0.214485795 0.214152677 0.208590048 0.224639898 0.216514964 0.240937590 0.238074652 0.231125587 0.230002955 0.235090560 0.235527362 0.236933099 0.237690708 0.514524274 
19     0.282920426 0.270938286 0.262547049 0.269304240 0.280981435 0.281685594 0.278858268 0.278251189 0.245234193 0.250509923 0.251168949 0.266458079 0.266839204 0.265975463 0.255505644 0.262408364 0.246152574 0.265803595 0.232612468 0.236591743 0.235347155 0.235287142 0.238262129 0.259548333 0.261689828 0.253099871 0.242510414 0.243761452 0.241499208 0.246731272 0.239726491 0.242762936 0.243047673 0.143669774 0.142624013 0.142511912 0.000000000 0.210321168 0.209988051 0.204424918 0.220878032 0.212753097 0.237549628 0.234686691 0.227737625 0.226180962 0.231705520 0.232142323 0.233548059 0.233868715 0.510707499 
26     0.279235455 0.266936631 0.259021526 0.265796796 0.277340716 0.278044875 0.275240614 0.274633536 0.241450449 0.246726180 0.247385206 0.262588066 0.262969190 0.262105450 0.251688094 0.258624620 0.242246669 0.262022936 0.228439542 0.232885432 0.231629066 0.231569053 0.234476713 0.255909372 0.258041224 0.249402385 0.238920427 0.240171465 0.237909221 0.243141284 0.236028583 0.239055400 0.239349765 0.186750503 0.214363863 0.214485795 0.210321168 0.000000000 0.025103485 0.098663594 0.217365874 0.209180994 0.233728326 0.230865388 0.223904739 0.222368779 0.227915978 0.228352781 0.229758517 0.230135255 0.506969076 
36     0.278908837 0.266666006 0.258694907 0.265470177 0.277014098 0.277718257 0.274909093 0.274302014 0.241123831 0.246399561 0.247058587 0.262261447 0.262642572 0.261778831 0.251361475 0.258298002 0.241920051 0.261696318 0.228112923 0.232558814 0.231302447 0.231242434 0.234150095 0.255582754 0.257714606 0.249075766 0.238593809 0.239844847 0.237582602 0.242814666 0.235701964 0.238728781 0.239023146 0.186424135 0.214030746 0.214152677 0.209988051 0.025103485 0.000000000 0.098345184 0.217039255 0.208854376 0.233401707 0.230538770 0.223578121 0.222042160 0.227589360 0.228026162 0.229431899 0.229808636 0.506642457 
17     0.273564531 0.261448870 0.253129865 0.259905135 0.271449056 0.272153214 0.269329145 0.268722066 0.235361420 0.240637150 0.241296176 0.256577065 0.256958190 0.256094449 0.245650106 0.252586632 0.236309265 0.256128269 0.222549206 0.226953005 0.225696638 0.225636625 0.228558298 0.249976945 0.252108797 0.243469957 0.232988000 0.234239038 0.231976793 0.237208857 0.230101815 0.233128633 0.233422998 0.180863355 0.208468117 0.208590048 0.204424918 0.098663594 0.098345184 0.000000000 0.211383405 0.203198526 0.227711797 0.224848860 0.217888211 0.216352250 0.221899450 0.222336252 0.223741989 0.224118726 0.501015250 
43     0.268775663 0.256951535 0.248386759 0.255127647 0.266676655 0.267380814 0.264458198 0.263851119 0.230872668 0.236148399 0.236807425 0.252165485 0.252546610 0.251682869 0.241077288 0.248062155 0.231143331 0.250609700 0.217621492 0.222110888 0.220857561 0.220797547 0.223647517 0.245150463 0.247278167 0.238683694 0.228181833 0.229432871 0.227170626 0.232387164 0.225113012 0.228149457 0.228434194 0.196230419 0.224511050 0.224639898 0.220878032 0.217365874 0.217039255 0.211383405 0.000000000 0.053188000 0.158833943 0.155732864 0.148708101 0.147056851 0.152550650 0.152980781 0.154776611 0.154975818 0.494836027 
49     0.260645514 0.248821386 0.240256610 0.246997498 0.258546506 0.259250665 0.256328049 0.255720970 0.222742519 0.228018250 0.228677276 0.244035336 0.244416461 0.243552720 0.232928531 0.239932006 0.223013182 0.242479551 0.209491343 0.213983930 0.212730602 0.212670589 0.215520559 0.237023505 0.239151208 0.230556736 0.220054874 0.221305912 0.219043667 0.224260205 0.216986053 0.220022499 0.220307236 0.188128767 0.216386116 0.216514964 0.212753097 0.209180994 0.208854376 0.203198526 0.053188000 0.000000000 0.150729616 0.147628537 0.140603774 0.139013887 0.144524647 0.144954778 0.146733647 0.146932854 0.486705878 
27     0.284199806 0.272293083 0.263810903 0.270551791 0.281933666 0.282637825 0.279809974 0.279202895 0.247037416 0.252313146 0.252972172 0.268318048 0.268699172 0.267835432 0.257199972 0.264183025 0.246319032 0.265774261 0.232890463 0.237826031 0.236572703 0.236512690 0.239357997 0.260757875 0.262885579 0.254283324 0.243835036 0.245086074 0.242823829 0.248055893 0.240822708 0.243859154 0.244143891 0.212623043 0.240808742 0.240937590 0.237549628 0.233728326 0.233401707 0.227711797 0.158833943 0.150729616 0.000000000 0.049279049 0.078730627 0.108437366 0.113440463 0.113816070 0.114855283 0.115802919 0.510573101 
47     0.281901388 0.269994665 0.261512484 0.268253372 0.279911155 0.280615314 0.277551494 0.276944415 0.244286226 0.249561956 0.250220982 0.265579043 0.265960167 0.265096427 0.254458392 0.261465571 0.244000125 0.263455354 0.230582099 0.234999212 0.233745885 0.233685871 0.236531178 0.257931436 0.260059140 0.251456506 0.241008217 0.242259255 0.239997011 0.245229074 0.237995890 0.241032335 0.241317072 0.209760105 0.237945805 0.238074652 0.234686691 0.230865388 0.230538770 0.224848860 0.155732864 0.147628537 0.049279049 0.000000000 0.075920157 0.105700536 0.110961951 0.111255204 0.112391215 0.113416626 0.508069960 
18     0.274686751 0.262841832 0.254297847 0.261038736 0.272696518 0.273400677 0.270188630 0.269581551 0.236722295 0.241987955 0.242657051 0.258126087 0.258507212 0.257643471 0.247046901 0.254012615 0.236802644 0.256234246 0.223472552 0.227807786 0.226554458 0.226494445 0.229339751 0.250738974 0.252866678 0.244265079 0.233816791 0.235067829 0.232805584 0.238037648 0.230873081 0.233909526 0.234194263 0.202839588 0.230996739 0.231125587 0.227737625 0.223904739 0.223578121 0.217888211 0.148708101 0.140603774 0.078730627 0.075920157 0.000000000 0.097982318 0.103346981 0.103730984 0.104826206 0.105822429 0.500883643 
31     0.274021994 0.262177075 0.253633090 0.260373979 0.272031762 0.272735920 0.269672100 0.269065022 0.236119000 0.241394730 0.242053756 0.257411816 0.257792941 0.256929200 0.246287590 0.253298344 0.236409744 0.255804579 0.222830345 0.227226082 0.225959814 0.225892329 0.228745107 0.250285117 0.252412821 0.243833512 0.233344706 0.234595745 0.232333500 0.237565564 0.230257246 0.233293692 0.233578428 0.201117088 0.229874107 0.230002955 0.226180962 0.222368779 0.222042160 0.216352250 0.147056851 0.139013887 0.108437366 0.105700536 0.097982318 0.000000000 0.055213314 0.055302380 0.055868346 0.059019245 0.499795449 
44     0.279263769 0.267418850 0.258874866 0.265615754 0.277273537 0.277977695 0.274913876 0.274306797 0.241648607 0.246924338 0.247583364 0.262941424 0.263322549 0.262458808 0.251817198 0.258827952 0.241648611 0.261039119 0.228027125 0.232369914 0.231103647 0.231036162 0.233888940 0.255428950 0.257556653 0.248977345 0.238488539 0.239739577 0.237477333 0.242709396 0.235437208 0.238473654 0.238758391 0.206653889 0.234953686 0.235090560 0.231705520 0.227915978 0.227589360 0.221899450 0.152550650 0.144524647 0.113440463 0.110961951 0.103346981 0.055213314 0.000000000 0.029445710 0.032251767 0.053586485 0.505541278 
38     0.279700572 0.267855653 0.259311668 0.266052556 0.277710339 0.278414498 0.275350678 0.274743599 0.242085410 0.247361140 0.248020166 0.263378227 0.263759351 0.262895611 0.252254001 0.259264755 0.242085413 0.261475921 0.228463927 0.232806717 0.231540449 0.231472964 0.234325743 0.255865752 0.257993456 0.249414147 0.238925342 0.240176380 0.237914135 0.243146199 0.235874011 0.238910456 0.239195193 0.207090692 0.235390489 0.235527362 0.232142323 0.228352781 0.228026162 0.222336252 0.152980781 0.144954778 0.113816070 0.111255204 0.103730984 0.055302380 0.029445710 0.000000000 0.034521687 0.052315782 0.505978081 
50     0.281106308 0.269261389 0.260717405 0.267458293 0.279116076 0.279820234 0.276756415 0.276149336 0.243491147 0.248766877 0.249425903 0.264783963 0.265165088 0.264301347 0.253659737 0.260670491 0.243491150 0.262885985 0.229869664 0.234212453 0.232946186 0.232878701 0.235731479 0.257271489 0.259399192 0.250819884 0.240331078 0.241582116 0.239319872 0.244551935 0.237279747 0.240316193 0.240600930 0.208496428 0.236796225 0.236933099 0.233548059 0.229758517 0.229431899 0.223741989 0.154776611 0.146733647 0.114855283 0.112391215 0.104826206 0.055868346 0.032251767 0.034521687 0.000000000 0.054201953 0.507383817 
30     0.281682514 0.269837594 0.261293610 0.268034498 0.279692281 0.280396440 0.277293766 0.276686687 0.243423551 0.248696210 0.249355236 0.265014947 0.265396071 0.264532331 0.253890721 0.260901475 0.244104162 0.263498997 0.230524763 0.234910667 0.233644399 0.233576914 0.236429693 0.257969702 0.260097406 0.251518097 0.241029292 0.242280330 0.240018085 0.245250149 0.237944557 0.240981003 0.241265740 0.208804841 0.237561860 0.237690708 0.233868715 0.230135255 0.229808636 0.224118726 0.154975818 0.146932854 0.115802919 0.113416626 0.105822429 0.059019245 0.053586485 0.052315782 0.054201953 0.000000000 0.507867916 
0     0.508908733 0.497714533 0.488777275 0.495557629 0.507632149 0.508336308 0.505221004 0.504613925 0.472123099 0.477398829 0.478057855 0.493206882 0.493588007 0.492724266 0.482045563 0.489148706 0.474088853 0.493784866 0.459641440 0.493632518 0.492369441 0.492309428 0.495118099 0.517105217 0.519223990 0.510413480 0.500150242 0.501401280 0.499139035 0.504387637 0.496525792 0.499563976 0.499841444 0.486179513 0.514226128 0.514524274 0.510707499 0.506969076 0.506642457 0.501015250 0.494836027 0.486705878 0.510573101 0.508069960 0.500883643 0.499795449 0.505541278 0.505978081 0.507383817 0.507867916 0.000000000 
