51
1     0.000000000 0.074281780 0.218701265 0.212556185 0.195962906 0.249590668 0.249655267 0.234075740 0.230894196 0.242780316 0.196182425 0.230808482 0.214691176 0.284025736 0.273564244 0.259483716 0.199193757 0.313404147 0.209917091 0.224612868 0.214335862 0.205447266 0.199364486 0.214544459 0.194084341 0.198926650 0.198128495 0.229271680 0.200390993 0.198426747 0.198919111 0.222123854 0.188163102 0.184857675 0.192730518 0.176662205 0.181612741 0.193942663 0.195600773 0.211882676 0.174683931 0.193374050 0.193408654 0.190750055 0.190963716 0.200136675 0.223188332 0.214636031 0.214455224 0.181779903 0.225286695 
2     0.074281780 0.000000000 0.209748404 0.203606530 0.186601611 0.240574150 0.240614449 0.223993250 0.220926050 0.232913098 0.187067347 0.224061915 0.207033695 0.276408560 0.266056677 0.251873773 0.191247964 0.304465229 0.202453648 0.216786328 0.205178078 0.196488054 0.190456615 0.204959318 0.184839799 0.190072451 0.189131268 0.220528786 0.191950435 0.189552783 0.190070976 0.213293417 0.178995718 0.175181023 0.183504352 0.167117740 0.172085713 0.184677051 0.186778163 0.202564265 0.165267835 0.183603553 0.183638157 0.180888945 0.181012785 0.189161486 0.212767867 0.204227184 0.204048054 0.172494886 0.215734719 
49     0.218701265 0.209748404 0.000000000 0.145788058 0.131272436 0.184775265 0.185521353 0.177592328 0.174902307 0.185185247 0.146596781 0.182982607 0.164515297 0.284944023 0.276277060 0.262239978 0.201318132 0.350171322 0.251729845 0.266870552 0.257243309 0.247532084 0.240241565 0.254952207 0.237235648 0.242868693 0.236462783 0.270312357 0.238573427 0.239789219 0.238676025 0.263390410 0.229930172 0.227162437 0.234295260 0.220259162 0.224091970 0.236169288 0.238464994 0.254629226 0.215622236 0.237545708 0.237575836 0.236446919 0.236208218 0.243643621 0.266364201 0.259144326 0.259847638 0.224633247 0.274913814 
28     0.212556185 0.203606530 0.145788058 0.000000000 0.082362506 0.176459988 0.177863706 0.173381143 0.170654793 0.180916544 0.140558697 0.178394261 0.159427477 0.279665794 0.269657109 0.255083357 0.197128677 0.342395710 0.248203632 0.262146229 0.251780342 0.243240677 0.234468299 0.248982500 0.230838811 0.236588666 0.230231464 0.265024439 0.233854814 0.234504871 0.234519262 0.257861157 0.223797268 0.221224141 0.228582771 0.214579872 0.218899541 0.230464955 0.232821955 0.248662856 0.209625845 0.230789526 0.230796986 0.231778990 0.231630191 0.236769037 0.258793714 0.251434508 0.252337319 0.219266031 0.271080349 
47     0.195962906 0.186601611 0.131272436 0.082362506 0.000000000 0.161625308 0.162339307 0.155313205 0.152909976 0.162233938 0.124647882 0.162896363 0.143992743 0.264483371 0.254691540 0.239892656 0.180982690 0.329513396 0.232242609 0.246321451 0.233520379 0.225075570 0.216944478 0.231041284 0.213602251 0.219354679 0.213130404 0.247470193 0.218246447 0.216542922 0.216811872 0.241172491 0.207446678 0.204081024 0.211293438 0.197480665 0.201496683 0.213426281 0.215826988 0.231877198 0.192287599 0.214531296 0.214539657 0.214188782 0.213962305 0.221454994 0.244043590 0.236940648 0.237590398 0.202738764 0.255304431 
36     0.249590668 0.240574150 0.184775265 0.176459988 0.161625308 0.000000000 0.053978915 0.209973556 0.207998800 0.217774645 0.176121668 0.215250608 0.197048840 0.316066297 0.306181534 0.290221253 0.234599652 0.384114416 0.285801011 0.300226642 0.288958209 0.280615939 0.271525638 0.287542111 0.267826169 0.273755293 0.270086814 0.302812420 0.270271986 0.273449584 0.272311772 0.296195482 0.261427628 0.258166711 0.266077214 0.251896422 0.255642426 0.267059556 0.269651398 0.285975503 0.247654174 0.269176107 0.269179786 0.268221230 0.267632623 0.274302061 0.297126847 0.289882787 0.290781943 0.255120003 0.309071451 
8     0.249655267 0.240614449 0.185521353 0.177863706 0.162339307 0.053978915 0.000000000 0.210781089 0.208665357 0.218458220 0.176833749 0.216032747 0.197661325 0.316360099 0.306770336 0.290508797 0.235321269 0.385059433 0.286426871 0.300902527 0.289852091 0.281484102 0.272645462 0.288248685 0.268680573 0.274602772 0.270969983 0.303648702 0.271174957 0.274282867 0.273088451 0.296987631 0.261590467 0.257924826 0.265824615 0.251994268 0.255766546 0.267351422 0.269982239 0.286240560 0.248454761 0.269922907 0.269926585 0.268524447 0.268312624 0.274758805 0.298071915 0.290886566 0.291716638 0.255570690 0.309619880 
23     0.234075740 0.223993250 0.177592328 0.173381143 0.155313205 0.209973556 0.210781089 0.000000000 0.033973577 0.083576911 0.161579265 0.200354778 0.182548329 0.303718702 0.293794003 0.278663088 0.218810563 0.368046595 0.269913232 0.282154673 0.270317971 0.261711866 0.254107978 0.268459315 0.250302125 0.256390612 0.252267388 0.286683200 0.254480059 0.256332711 0.254955369 0.278892074 0.245267577 0.242503967 0.251637310 0.235569668 0.239990266 0.251848256 0.254119160 0.269671810 0.229141157 0.253833037 0.253841097 0.251755216 0.251402017 0.258816854 0.279982713 0.273801197 0.274163621 0.238953410 0.290457291 
37     0.230894196 0.220926050 0.174902307 0.170654793 0.152909976 0.207998800 0.208665357 0.033973577 0.000000000 0.081163261 0.158716058 0.197746262 0.179136270 0.301184597 0.291413982 0.276546973 0.216518997 0.364792986 0.266937830 0.279423360 0.267690452 0.259044301 0.251387781 0.265714372 0.247489085 0.253491406 0.249080469 0.283716844 0.251357615 0.253245773 0.251835994 0.275767565 0.242059641 0.239135727 0.248146006 0.232316342 0.236736482 0.248502690 0.250773594 0.266388251 0.226005752 0.251016001 0.251024155 0.248724676 0.248371478 0.255770461 0.277079123 0.270799153 0.271158694 0.235920780 0.287831543 
24     0.242780316 0.232913098 0.185185247 0.180916544 0.162233938 0.217774645 0.218458220 0.083576911 0.081163261 0.000000000 0.169444171 0.208827635 0.190880140 0.312819041 0.302927249 0.287430385 0.227718734 0.375149957 0.279274090 0.292342309 0.280959006 0.272153801 0.264506135 0.279030440 0.260310785 0.266381290 0.262826029 0.297308784 0.265932333 0.267238381 0.265939755 0.289249573 0.254405748 0.251580170 0.259876144 0.244710639 0.249071343 0.260943830 0.263213649 0.278520973 0.238591330 0.263386451 0.263415928 0.260919572 0.260594892 0.267944099 0.288932029 0.283079175 0.283423410 0.248983294 0.299059899 
29     0.196182425 0.187067347 0.146596781 0.140558697 0.124647882 0.176121668 0.176833749 0.161579265 0.158716058 0.169444171 0.000000000 0.132608320 0.114073023 0.264710216 0.254395605 0.239331892 0.182763894 0.330362024 0.232727818 0.245971467 0.233494659 0.223504398 0.216233978 0.231861041 0.213543833 0.219890819 0.213114525 0.247234361 0.216370223 0.218129383 0.217340631 0.240894260 0.207328848 0.204107593 0.212310622 0.197123061 0.201415141 0.212940883 0.215187780 0.231211137 0.193138656 0.214622569 0.214179329 0.214028084 0.213588352 0.220226590 0.243367599 0.236226680 0.236778736 0.202717021 0.253564825 
22     0.230808482 0.224061915 0.182982607 0.178394261 0.162896363 0.215250608 0.216032747 0.200354778 0.197746262 0.208827635 0.132608320 0.000000000 0.102638875 0.301266583 0.290914075 0.276287116 0.220502345 0.366745748 0.268404736 0.282248044 0.271636962 0.262187608 0.253815986 0.269623504 0.251613210 0.257772702 0.252266923 0.284005109 0.253610968 0.255148875 0.254500860 0.277408249 0.244671113 0.242093225 0.248731149 0.234683243 0.239117560 0.250679664 0.252880662 0.269198631 0.228482413 0.253098459 0.253098760 0.251409478 0.251116269 0.259495211 0.282036483 0.274741536 0.275293917 0.238871049 0.288539342 
20     0.214691176 0.207033695 0.164515297 0.159427477 0.143992743 0.197048840 0.197661325 0.182548329 0.179136270 0.190880140 0.114073023 0.102638875 0.000000000 0.286989158 0.276774679 0.262648118 0.204454576 0.350807486 0.252145217 0.266343626 0.254571739 0.244543132 0.237912785 0.252422403 0.234659391 0.240125344 0.234682687 0.267001856 0.236297114 0.238156311 0.236787340 0.261024021 0.228393445 0.225745900 0.232523492 0.218069327 0.223015215 0.234036646 0.236606537 0.252390565 0.212358294 0.236796171 0.236796472 0.234100132 0.233735648 0.241831857 0.264412597 0.257344871 0.257436966 0.222213566 0.272091406 
39     0.284025736 0.276408560 0.284944023 0.279665794 0.264483371 0.316066297 0.316360099 0.303718702 0.301184597 0.312819041 0.264710216 0.301266583 0.286989158 0.000000000 0.092789664 0.113564917 0.254218276 0.417286849 0.319584842 0.336349654 0.321418745 0.313501726 0.303464427 0.319027143 0.300658563 0.309089285 0.301204343 0.335929856 0.304469724 0.304555802 0.303110056 0.327843317 0.295306268 0.292033285 0.300620145 0.285436853 0.288221062 0.301407770 0.303147869 0.320372463 0.281334788 0.303037094 0.303011669 0.299843021 0.299960964 0.306833285 0.330631251 0.321179357 0.322567353 0.289843696 0.338957350 
27     0.273564244 0.266056677 0.276277060 0.269657109 0.254691540 0.306181534 0.306770336 0.293794003 0.291413982 0.302927249 0.254395605 0.290914075 0.276774679 0.092789664 0.000000000 0.106510655 0.244863921 0.408356526 0.311009063 0.326530156 0.313447301 0.305075243 0.295775792 0.311014810 0.290762088 0.298787417 0.292587515 0.327721870 0.295773665 0.296074926 0.294028903 0.318905295 0.286561040 0.283434081 0.291528841 0.276474910 0.278688612 0.292834849 0.294442021 0.311423354 0.271830020 0.294715585 0.294708563 0.291648813 0.291617509 0.298547460 0.321905923 0.313201141 0.314245585 0.280980752 0.328037196 
34     0.259483716 0.251873773 0.262239978 0.255083357 0.239892656 0.290221253 0.290508797 0.278663088 0.276546973 0.287430385 0.239331892 0.276287116 0.262648118 0.113564917 0.106510655 0.000000000 0.229324328 0.392577031 0.295950875 0.312843663 0.300451025 0.292128433 0.282568865 0.297960294 0.277342130 0.285376322 0.277180187 0.313121078 0.280068492 0.281028485 0.279370515 0.304456778 0.272512379 0.269862820 0.278327242 0.262013497 0.263691188 0.278289293 0.280070642 0.296968936 0.259232293 0.281425898 0.281416736 0.278322865 0.278463260 0.284860003 0.308977759 0.300671855 0.301717315 0.267510454 0.314208444 
50     0.199193757 0.191247964 0.201318132 0.197128677 0.180982690 0.234599652 0.235321269 0.218810563 0.216518997 0.227718734 0.182763894 0.220502345 0.204454576 0.254218276 0.244863921 0.229324328 0.000000000 0.333558266 0.233807975 0.249082953 0.236950297 0.229049981 0.220818473 0.235899470 0.216231959 0.222048586 0.219446935 0.252974690 0.222337245 0.223958152 0.222717132 0.245680025 0.212430424 0.210187218 0.218017384 0.203023696 0.207825325 0.219591656 0.221004825 0.237099741 0.198662873 0.219112357 0.219086932 0.217187768 0.216932482 0.224875355 0.246919287 0.239434320 0.239971086 0.205712857 0.258041737 
11     0.313404147 0.304465229 0.350171322 0.342395710 0.329513396 0.384114416 0.385059433 0.368046595 0.364792986 0.375149957 0.330362024 0.366745748 0.350807486 0.417286849 0.408356526 0.392577031 0.333558266 0.000000000 0.348532347 0.359642415 0.352244294 0.344803358 0.336902827 0.351048735 0.331043407 0.336842264 0.336158994 0.368297476 0.335985624 0.337321857 0.337046708 0.359160247 0.328762751 0.325643732 0.333997153 0.317525463 0.322124130 0.334016133 0.335663029 0.351492330 0.314714187 0.333105375 0.333206952 0.333632129 0.333520346 0.339830347 0.362601470 0.353561548 0.353815536 0.319059228 0.373265829 
21     0.209917091 0.202453648 0.251729845 0.248203632 0.232242609 0.285801011 0.286426871 0.269913232 0.266937830 0.279274090 0.232727818 0.268404736 0.252145217 0.319584842 0.311009063 0.295950875 0.233807975 0.348532347 0.000000000 0.190251579 0.249274486 0.237454010 0.232642219 0.248121149 0.227807585 0.232636093 0.227191953 0.257890487 0.227412724 0.227653436 0.228728302 0.251685191 0.221078443 0.216374976 0.226418077 0.210493392 0.214612334 0.227223235 0.229258167 0.246204153 0.209474665 0.227777585 0.227835742 0.226561357 0.225088745 0.233785866 0.255644945 0.247664032 0.248196427 0.215223027 0.268586915 
42     0.224612868 0.216786328 0.266870552 0.262146229 0.246321451 0.300226642 0.300902527 0.282154673 0.279423360 0.292342309 0.245971467 0.282248044 0.266343626 0.336349654 0.326530156 0.312843663 0.249082953 0.359642415 0.190251579 0.000000000 0.261433079 0.252156977 0.246253765 0.260908344 0.242180750 0.246720643 0.242513184 0.274680344 0.244931792 0.244431478 0.244969277 0.267408689 0.234585215 0.229592837 0.239337265 0.224629845 0.230257342 0.241025533 0.242690209 0.259072925 0.222539518 0.242624774 0.242586566 0.240394224 0.240214174 0.247498455 0.270197733 0.260987365 0.261479245 0.229137113 0.280824839 
15     0.214335862 0.205178078 0.257243309 0.251780342 0.233520379 0.288958209 0.289852091 0.270317971 0.267690452 0.280959006 0.233494659 0.271636962 0.254571739 0.321418745 0.313447301 0.300451025 0.236950297 0.352244294 0.249274486 0.261433079 0.000000000 0.086244952 0.104414170 0.116668477 0.176606856 0.183537458 0.216818623 0.248296862 0.219976144 0.219099749 0.218012140 0.241757057 0.206158430 0.202580159 0.211006166 0.194315087 0.199071566 0.212044726 0.213811441 0.228712477 0.193094014 0.213197890 0.212600077 0.211342955 0.211201047 0.219138625 0.240248488 0.233392123 0.233519491 0.199269131 0.273413450 
9     0.205447266 0.196488054 0.247532084 0.243240677 0.225075570 0.280615939 0.281484102 0.261711866 0.259044301 0.272153801 0.223504398 0.262187608 0.244543132 0.313501726 0.305075243 0.292128433 0.229049981 0.344803358 0.237454010 0.252156977 0.086244952 0.000000000 0.098951026 0.110214919 0.171145756 0.177378181 0.206582978 0.237753737 0.208771410 0.208809809 0.207793494 0.231126139 0.196999902 0.193179330 0.201598978 0.184643992 0.189595266 0.202456755 0.204167251 0.219127276 0.182605870 0.203902189 0.203085710 0.202414266 0.202250749 0.209526901 0.231241852 0.224395810 0.224522237 0.189896222 0.263890809 
25     0.199364486 0.190456615 0.240241565 0.234468299 0.216944478 0.271525638 0.272645462 0.254107978 0.251387781 0.264506135 0.216233978 0.253815986 0.237912785 0.303464427 0.295775792 0.282568865 0.220818473 0.336902827 0.232642219 0.246253765 0.104414170 0.098951026 0.000000000 0.088705736 0.164093985 0.169276788 0.201903495 0.234450834 0.205458174 0.204780542 0.203795867 0.227373507 0.190996671 0.187330379 0.195983492 0.179646147 0.184583732 0.197365984 0.198916064 0.213731941 0.177383137 0.196515324 0.195930313 0.195618728 0.195481756 0.203660130 0.224096355 0.217086981 0.217202019 0.183950429 0.257639940 
12     0.214544459 0.204959318 0.254952207 0.248982500 0.231041284 0.287542111 0.288248685 0.268459315 0.265714372 0.279030440 0.231861041 0.269623504 0.252422403 0.319027143 0.311014810 0.297960294 0.235899470 0.351048735 0.248121149 0.260908344 0.116668477 0.110214919 0.088705736 0.000000000 0.177751009 0.183997369 0.215263048 0.248094406 0.219312967 0.218354581 0.217059142 0.240798543 0.205746934 0.202363085 0.211311353 0.194294755 0.198640672 0.212135952 0.213854364 0.228681666 0.192395947 0.212305579 0.211574610 0.211361428 0.211205853 0.218660923 0.238766265 0.231870249 0.232064224 0.198587336 0.272782863 
14     0.194084341 0.184839799 0.237235648 0.230838811 0.213602251 0.267826169 0.268680573 0.250302125 0.247489085 0.260310785 0.213543833 0.251613210 0.234659391 0.300658563 0.290762088 0.277342130 0.216231959 0.331043407 0.227807585 0.242180750 0.176606856 0.171145756 0.164093985 0.177751009 0.000000000 0.058257355 0.196383997 0.228268025 0.200274053 0.198714021 0.197540816 0.221083462 0.185526878 0.183296749 0.191501291 0.175344416 0.180836630 0.192614954 0.194881402 0.210317422 0.173319093 0.193518716 0.193364199 0.192784002 0.192613089 0.199960450 0.222289003 0.214816871 0.214913808 0.179031469 0.253721827 
18     0.198926650 0.190072451 0.242868693 0.236588666 0.219354679 0.273755293 0.274602772 0.256390612 0.253491406 0.266381290 0.219890819 0.257772702 0.240125344 0.309089285 0.298787417 0.285376322 0.222048586 0.336842264 0.232636093 0.246720643 0.183537458 0.177378181 0.169276788 0.183997369 0.058257355 0.000000000 0.201747810 0.233802302 0.205541901 0.203788911 0.202862381 0.226221665 0.192580248 0.188833489 0.197122526 0.181344239 0.186841377 0.198693235 0.200774948 0.216009143 0.179599441 0.199355481 0.199200964 0.197872800 0.197707059 0.205162304 0.227779247 0.220342111 0.220448782 0.184980288 0.260278852 
4     0.198128495 0.189131268 0.236462783 0.230231464 0.213130404 0.270086814 0.270969983 0.252267388 0.249080469 0.262826029 0.213114525 0.252266923 0.234682687 0.301204343 0.292587515 0.277180187 0.219446935 0.336158994 0.227191953 0.242513184 0.216818623 0.206582978 0.201903495 0.215263048 0.196383997 0.201747810 0.000000000 0.127541326 0.098765683 0.108118762 0.106882334 0.130074506 0.188028527 0.185000155 0.193582779 0.176040247 0.181590563 0.194431704 0.196106088 0.212740684 0.172636351 0.194091322 0.194378624 0.192940370 0.192905609 0.200999067 0.224609370 0.215363104 0.215359461 0.182845260 0.253695981 
26     0.229271680 0.220528786 0.270312357 0.265024439 0.247470193 0.302812420 0.303648702 0.286683200 0.283716844 0.297308784 0.247234361 0.284005109 0.267001856 0.335929856 0.327721870 0.313121078 0.252974690 0.368297476 0.257890487 0.274680344 0.248296862 0.237753737 0.234450834 0.248094406 0.228268025 0.233802302 0.127541326 0.000000000 0.112107254 0.136757979 0.135452741 0.156676652 0.218178362 0.215917628 0.223677045 0.206295181 0.212478010 0.224545020 0.226119268 0.242396879 0.202969719 0.222292856 0.222454085 0.222685361 0.222333486 0.230526935 0.253308652 0.244712981 0.244672611 0.211742600 0.287473603 
44     0.200390993 0.191950435 0.238573427 0.233854814 0.218246447 0.270271986 0.271174957 0.254480059 0.251357615 0.265932333 0.216370223 0.253610968 0.236297114 0.304469724 0.295773665 0.280068492 0.222337245 0.335985624 0.227412724 0.244931792 0.219976144 0.208771410 0.205458174 0.219312967 0.200274053 0.205541901 0.098765683 0.112107254 0.000000000 0.106741187 0.105792906 0.128276729 0.189629391 0.187330601 0.195110497 0.177745341 0.183548333 0.195955918 0.197532228 0.213880837 0.175209312 0.195066599 0.195213699 0.193992952 0.193956442 0.203101749 0.225904029 0.216986741 0.216831508 0.183337267 0.257051171 
33     0.198426747 0.189552783 0.239789219 0.234504871 0.216542922 0.273449584 0.274282867 0.256332711 0.253245773 0.267238381 0.218129383 0.255148875 0.238156311 0.304555802 0.296074926 0.281028485 0.223958152 0.337321857 0.227653436 0.244431478 0.219099749 0.208809809 0.204780542 0.218354581 0.198714021 0.203788911 0.108118762 0.136757979 0.106741187 0.000000000 0.096442019 0.118849232 0.187328694 0.184879328 0.192521876 0.175226276 0.178884784 0.193351440 0.195159372 0.211581381 0.173045627 0.193601884 0.194205245 0.193495340 0.193314259 0.201376632 0.225380162 0.216230822 0.216175254 0.182277091 0.257770499 
40     0.198919111 0.190070976 0.238676025 0.234519262 0.216811872 0.272311772 0.273088451 0.254955369 0.251835994 0.265939755 0.217340631 0.254500860 0.236787340 0.303110056 0.294028903 0.279370515 0.222717132 0.337046708 0.228728302 0.244969277 0.218012140 0.207793494 0.203795867 0.217059142 0.197540816 0.202862381 0.106882334 0.135452741 0.105792906 0.096442019 0.000000000 0.108455535 0.188005640 0.185484320 0.193192687 0.176086554 0.179567888 0.193876383 0.195743749 0.212039847 0.173727417 0.193890565 0.194097022 0.193393976 0.193068535 0.201256042 0.224905366 0.215942012 0.215831932 0.182169966 0.257016197 
13     0.222123854 0.213293417 0.263390410 0.257861157 0.241172491 0.296195482 0.296987631 0.278892074 0.275767565 0.289249573 0.240894260 0.277408249 0.261024021 0.327843317 0.318905295 0.304456778 0.245680025 0.359160247 0.251685191 0.267408689 0.241757057 0.231126139 0.227373507 0.240798543 0.221083462 0.226221665 0.130074506 0.156676652 0.128276729 0.118849232 0.108455535 0.000000000 0.211220967 0.208451678 0.215221177 0.198926104 0.202523231 0.216732673 0.218599481 0.234958227 0.195224404 0.216622912 0.216770012 0.216447368 0.216235562 0.224312926 0.248025363 0.238690104 0.238456604 0.205915168 0.279276404 
5     0.188163102 0.178995718 0.229930172 0.223797268 0.207446678 0.261427628 0.261590467 0.245267577 0.242059641 0.254405748 0.207328848 0.244671113 0.228393445 0.295306268 0.286561040 0.272512379 0.212430424 0.328762751 0.221078443 0.234585215 0.206158430 0.196999902 0.190996671 0.205746934 0.185526878 0.192580248 0.188028527 0.218178362 0.189629391 0.187328694 0.188005640 0.211220967 0.000000000 0.088851244 0.098784412 0.078669703 0.087845409 0.099913339 0.101301737 0.118170451 0.119071037 0.154932602 0.155005416 0.152793722 0.152301297 0.159045467 0.183578524 0.176567268 0.176389553 0.141642070 0.246937554 
7     0.184857675 0.175181023 0.227162437 0.221224141 0.204081024 0.258166711 0.257924826 0.242503967 0.239135727 0.251580170 0.204107593 0.242093225 0.225745900 0.292033285 0.283434081 0.269862820 0.210187218 0.325643732 0.216374976 0.229592837 0.202580159 0.193179330 0.187330379 0.202363085 0.183296749 0.188833489 0.185000155 0.215917628 0.187330601 0.184879328 0.185484320 0.208451678 0.088851244 0.000000000 0.057546872 0.051883019 0.061709386 0.083222183 0.083883462 0.102078698 0.116878194 0.152738633 0.152621406 0.150901543 0.150460254 0.157154718 0.182222152 0.174766673 0.174909155 0.138090568 0.243385893 
38     0.192730518 0.183504352 0.234295260 0.228582771 0.211293438 0.266077214 0.265824615 0.251637310 0.248146006 0.259876144 0.212310622 0.248731149 0.232523492 0.300620145 0.291528841 0.278327242 0.218017384 0.333997153 0.226418077 0.239337265 0.211006166 0.201598978 0.195983492 0.211311353 0.191501291 0.197122526 0.193582779 0.223677045 0.195110497 0.192521876 0.193192687 0.215221177 0.098784412 0.057546872 0.000000000 0.061121524 0.071918838 0.091847529 0.092992343 0.110952131 0.126233157 0.161357572 0.161202428 0.159117301 0.158688832 0.165677546 0.190794631 0.183328557 0.183508600 0.147405628 0.252076190 
17     0.176662205 0.167117740 0.220259162 0.214579872 0.197480665 0.251896422 0.251994268 0.235569668 0.232316342 0.244710639 0.197123061 0.234683243 0.218069327 0.285436853 0.276474910 0.262013497 0.203023696 0.317525463 0.210493392 0.224629845 0.194315087 0.184643992 0.179646147 0.194294755 0.175344416 0.181344239 0.176040247 0.206295181 0.177745341 0.175226276 0.176086554 0.198926104 0.078669703 0.051883019 0.061121524 0.000000000 0.047879195 0.071154308 0.072172283 0.089577783 0.107151236 0.143739410 0.143620756 0.141723174 0.141281343 0.148451010 0.173019309 0.165412069 0.165687621 0.129520516 0.236677246 
35     0.181612741 0.172085713 0.224091970 0.218899541 0.201496683 0.255642426 0.255766546 0.239990266 0.236736482 0.249071343 0.201415141 0.239117560 0.223015215 0.288221062 0.278688612 0.263691188 0.207825325 0.322124130 0.214612334 0.230257342 0.199071566 0.189595266 0.184583732 0.198640672 0.180836630 0.186841377 0.181590563 0.212478010 0.183548333 0.178884784 0.179567888 0.202523231 0.087845409 0.061709386 0.071918838 0.047879195 0.000000000 0.080626467 0.081944995 0.099267373 0.114696017 0.150358520 0.150241293 0.149007212 0.148508167 0.155509395 0.179568386 0.172618555 0.172789495 0.136875120 0.240908615 
19     0.193942663 0.184677051 0.236169288 0.230464955 0.213426281 0.267059556 0.267351422 0.251848256 0.248502690 0.260943830 0.212940883 0.250679664 0.234036646 0.301407770 0.292834849 0.278289293 0.219591656 0.334016133 0.227223235 0.241025533 0.212044726 0.202456755 0.197365984 0.212135952 0.192614954 0.198693235 0.194431704 0.224545020 0.195955918 0.193351440 0.193876383 0.216732673 0.099913339 0.083222183 0.091847529 0.071154308 0.080626467 0.000000000 0.038637486 0.077011079 0.126151120 0.162155030 0.162126080 0.160143715 0.159944053 0.167445479 0.191304243 0.183703948 0.183639855 0.147674579 0.253222848 
10     0.195600773 0.186778163 0.238464994 0.232821955 0.215826988 0.269651398 0.269982239 0.254119160 0.250773594 0.263213649 0.215187780 0.252880662 0.236606537 0.303147869 0.294442021 0.280070642 0.221004825 0.335663029 0.229258167 0.242690209 0.213811441 0.204167251 0.198916064 0.213854364 0.194881402 0.200774948 0.196106088 0.226119268 0.197532228 0.195159372 0.195743749 0.218599481 0.101301737 0.083883462 0.092992343 0.072172283 0.081944995 0.038637486 0.000000000 0.075812910 0.127465008 0.163624455 0.163594235 0.161637855 0.161438193 0.168887557 0.192888475 0.185166803 0.185093465 0.149241891 0.254718665 
6     0.211882676 0.202564265 0.254629226 0.248662856 0.231877198 0.285975503 0.286240560 0.269671810 0.266388251 0.278520973 0.231211137 0.269198631 0.252390565 0.320372463 0.311423354 0.296968936 0.237099741 0.351492330 0.246204153 0.259072925 0.228712477 0.219127276 0.213731941 0.228681666 0.210317422 0.216009143 0.212740684 0.242396879 0.213880837 0.211581381 0.212039847 0.234958227 0.118170451 0.102078698 0.110952131 0.089577783 0.099267373 0.077011079 0.075812910 0.000000000 0.143550420 0.179958951 0.179909939 0.178423821 0.177932022 0.184969096 0.209540552 0.202273596 0.202356091 0.165173720 0.271275263 
48     0.174683931 0.165267835 0.215622236 0.209625845 0.192287599 0.247654174 0.248454761 0.229141157 0.226005752 0.238591330 0.193138656 0.228482413 0.212358294 0.281334788 0.271830020 0.259232293 0.198662873 0.314714187 0.209474665 0.222539518 0.193094014 0.182605870 0.177383137 0.192395947 0.173319093 0.179599441 0.172636351 0.202969719 0.175209312 0.173045627 0.173727417 0.195224404 0.119071037 0.116878194 0.126233157 0.107151236 0.114696017 0.126151120 0.127465008 0.143550420 0.000000000 0.141021783 0.141094656 0.140315506 0.139673999 0.147128966 0.171851798 0.163862404 0.163596461 0.127955456 0.233407750 
46     0.193374050 0.183603553 0.237545708 0.230789526 0.214531296 0.269176107 0.269922907 0.253833037 0.251016001 0.263386451 0.214622569 0.253098459 0.236796171 0.303037094 0.294715585 0.281425898 0.219112357 0.333105375 0.227777585 0.242624774 0.213197890 0.203902189 0.196515324 0.212305579 0.193518716 0.199355481 0.194091322 0.222292856 0.195066599 0.193601884 0.193890565 0.216622912 0.154932602 0.152738633 0.161357572 0.143739410 0.150358520 0.162155030 0.163624455 0.179958951 0.141021783 0.000000000 0.017890303 0.091955194 0.090309801 0.096206431 0.121183105 0.113959643 0.112878057 0.145078783 0.252877917 
41     0.193408654 0.183638157 0.237575836 0.230796986 0.214539657 0.269179786 0.269926585 0.253841097 0.251024155 0.263415928 0.214179329 0.253098760 0.236796472 0.303011669 0.294708563 0.281416736 0.219086932 0.333206952 0.227835742 0.242586566 0.212600077 0.203085710 0.195930313 0.211574610 0.193364199 0.199200964 0.194378624 0.222454085 0.195213699 0.194205245 0.194097022 0.216770012 0.155005416 0.152621406 0.161202428 0.143620756 0.150241293 0.162126080 0.163594235 0.179909939 0.141094656 0.017890303 0.000000000 0.091871830 0.090217260 0.096115821 0.121107258 0.113881463 0.112995859 0.144969246 0.252887681 
43     0.190750055 0.180888945 0.236446919 0.231778990 0.214188782 0.268221230 0.268524447 0.251755216 0.248724676 0.260919572 0.214028084 0.251409478 0.234100132 0.299843021 0.291648813 0.278322865 0.217187768 0.333632129 0.226561357 0.240394224 0.211342955 0.202414266 0.195618728 0.211361428 0.192784002 0.197872800 0.192940370 0.222685361 0.193992952 0.193495340 0.193393976 0.216447368 0.152793722 0.150901543 0.159117301 0.141723174 0.149007212 0.160143715 0.161637855 0.178423821 0.140315506 0.091955194 0.091871830 0.000000000 0.019122493 0.062316727 0.109363159 0.101627025 0.100673481 0.145020388 0.251688661 
45     0.190963716 0.181012785 0.236208218 0.231630191 0.213962305 0.267632623 0.268312624 0.251402017 0.248371478 0.260594892 0.213588352 0.251116269 0.233735648 0.299960964 0.291617509 0.278463260 0.216932482 0.333520346 0.225088745 0.240214174 0.211201047 0.202250749 0.195481756 0.211205853 0.192613089 0.197707059 0.192905609 0.222333486 0.193956442 0.193314259 0.193068535 0.216235562 0.152301297 0.150460254 0.158688832 0.141281343 0.148508167 0.159944053 0.161438193 0.177932022 0.139673999 0.090309801 0.090217260 0.019122493 0.000000000 0.061317298 0.107798151 0.100100064 0.099203257 0.144499257 0.251820256 
32     0.200136675 0.189161486 0.243643621 0.236769037 0.221454994 0.274302061 0.274758805 0.258816854 0.255770461 0.267944099 0.220226590 0.259495211 0.241831857 0.306833285 0.298547460 0.284860003 0.224875355 0.339830347 0.233785866 0.247498455 0.219138625 0.209526901 0.203660130 0.218660923 0.199960450 0.205162304 0.200999067 0.230526935 0.203101749 0.201376632 0.201256042 0.224312926 0.159045467 0.157154718 0.165677546 0.148451010 0.155509395 0.167445479 0.168887557 0.184969096 0.147128966 0.096206431 0.096115821 0.062316727 0.061317298 0.000000000 0.110378635 0.102163139 0.102122208 0.151739519 0.258448317 
16     0.223188332 0.212767867 0.266364201 0.258793714 0.244043590 0.297126847 0.298071915 0.279982713 0.277079123 0.288932029 0.243367599 0.282036483 0.264412597 0.330631251 0.321905923 0.308977759 0.246919287 0.362601470 0.255644945 0.270197733 0.240248488 0.231241852 0.224096355 0.238766265 0.222289003 0.227779247 0.224609370 0.253308652 0.225904029 0.225380162 0.224905366 0.248025363 0.183578524 0.182222152 0.190794631 0.173019309 0.179568386 0.191304243 0.192888475 0.209540552 0.171851798 0.121183105 0.121107258 0.109363159 0.107798151 0.110378635 0.000000000 0.081923946 0.081884780 0.175360239 0.282453075 
31     0.214636031 0.204227184 0.259144326 0.251434508 0.236940648 0.289882787 0.290886566 0.273801197 0.270799153 0.283079175 0.236226680 0.274741536 0.257344871 0.321179357 0.313201141 0.300671855 0.239434320 0.353561548 0.247664032 0.260987365 0.233392123 0.224395810 0.217086981 0.231870249 0.214816871 0.220342111 0.215363104 0.244712981 0.216986741 0.216230822 0.215942012 0.238690104 0.176567268 0.174766673 0.183328557 0.165412069 0.172618555 0.183703948 0.185166803 0.202273596 0.163862404 0.113959643 0.113881463 0.101627025 0.100100064 0.102163139 0.081923946 0.000000000 0.054231232 0.166913365 0.273440453 
3     0.214455224 0.204048054 0.259847638 0.252337319 0.237590398 0.290781943 0.291716638 0.274163621 0.271158694 0.283423410 0.236778736 0.275293917 0.257436966 0.322567353 0.314245585 0.301717315 0.239971086 0.353815536 0.248196427 0.261479245 0.233519491 0.224522237 0.217202019 0.232064224 0.214913808 0.220448782 0.215359461 0.244672611 0.216831508 0.216175254 0.215831932 0.238456604 0.176389553 0.174909155 0.183508600 0.165687621 0.172789495 0.183639855 0.185093465 0.202356091 0.163596461 0.112878057 0.112995859 0.100673481 0.099203257 0.102122208 0.081884780 0.054231232 0.000000000 0.167292734 0.273569564 
30     0.181779903 0.172494886 0.224633247 0.219266031 0.202738764 0.255120003 0.255570690 0.238953410 0.235920780 0.248983294 0.202717021 0.238871049 0.222213566 0.289843696 0.280980752 0.267510454 0.205712857 0.319059228 0.215223027 0.229137113 0.199269131 0.189896222 0.183950429 0.198587336 0.179031469 0.184980288 0.182845260 0.211742600 0.183337267 0.182277091 0.182169966 0.205915168 0.141642070 0.138090568 0.147405628 0.129520516 0.136875120 0.147674579 0.149241891 0.165173720 0.127955456 0.145078783 0.144969246 0.145020388 0.144499257 0.151739519 0.175360239 0.166913365 0.167292734 0.000000000 0.238383931 
0     0.225286695 0.215734719 0.274913814 0.271080349 0.255304431 0.309071451 0.309619880 0.290457291 0.287831543 0.299059899 0.253564825 0.288539342 0.272091406 0.338957350 0.328037196 0.314208444 0.258041737 0.373265829 0.268586915 0.280824839 0.273413450 0.263890809 0.257639940 0.272782863 0.253721827 0.260278852 0.253695981 0.287473603 0.257051171 0.257770499 0.257016197 0.279276404 0.246937554 0.243385893 0.252076190 0.236677246 0.240908615 0.253222848 0.254718665 0.271275263 0.233407750 0.252877917 0.252887681 0.251688661 0.251820256 0.258448317 0.282453075 0.273440453 0.273569564 0.238383931 0.000000000 
