51
13     0.000000000 0.005209310 0.029182122 0.109251773 0.110708282 0.571898694 0.105971830 0.115457636 0.152666036 0.166111692 0.098081589 0.128417040 0.156771962 0.684078607 0.467309094 0.477690473 0.469551703 0.765767978 0.198797466 0.233068177 0.243862934 0.503485182 0.196548049 0.267846380 0.270746355 0.214791712 0.368585611 0.331742858 0.404528404 0.415954222 0.490244843 0.482707406 0.483960554 0.505976187 0.387897610 0.543758470 0.552223117 0.512790324 0.444140823 0.371526184 0.190779094 0.537153431 0.270853087 0.224965806 0.194526714 0.218179106 0.227684712 0.230646486 0.215359089 0.214868154 0.547601418 
1     0.005209310 0.000000000 0.025719290 0.105761048 0.107217556 0.568407969 0.102481104 0.111966911 0.149175310 0.162620967 0.094590864 0.124926618 0.153281237 0.680587882 0.463818369 0.474199748 0.466060978 0.762277253 0.195306741 0.229577451 0.240372209 0.499994456 0.193057324 0.264355654 0.267255630 0.211300987 0.365094886 0.328252133 0.401037678 0.412463497 0.486754117 0.479216681 0.480469829 0.502485462 0.384406885 0.540267745 0.548732392 0.509299598 0.440650098 0.368035459 0.187288369 0.533662706 0.267362361 0.221475080 0.191035988 0.214688380 0.224193987 0.227155761 0.211868364 0.211377429 0.544110693 
5     0.029182122 0.025719290 0.000000000 0.111260805 0.112717314 0.573482302 0.107844681 0.117134829 0.154263876 0.167709532 0.099178508 0.130696082 0.159023168 0.687096776 0.470327366 0.480735511 0.472636002 0.768812276 0.201382517 0.235653227 0.246447985 0.506070977 0.199133100 0.270431430 0.273331406 0.217342770 0.371139682 0.334296929 0.407082475 0.418503526 0.492798913 0.485261477 0.486514625 0.508530258 0.390451681 0.546304498 0.554769145 0.515336351 0.445974688 0.373343742 0.192603476 0.538308324 0.272729168 0.226823907 0.196381834 0.220021223 0.229526829 0.232488603 0.217201206 0.216710271 0.550017972 
15     0.109251773 0.105761048 0.111260805 0.000000000 0.021894220 0.617328852 0.151409708 0.160736315 0.196638183 0.210293579 0.140831401 0.175976320 0.204251389 0.730958569 0.514432402 0.524539107 0.516604473 0.812324971 0.246677804 0.280948514 0.291743272 0.551541900 0.244428387 0.315726717 0.318626693 0.262511278 0.416292824 0.379450071 0.452235616 0.463671747 0.538256210 0.530718774 0.531971922 0.554087063 0.435908150 0.591478735 0.599943382 0.560510589 0.489243630 0.418460009 0.237712916 0.584092003 0.317808491 0.271905930 0.241460911 0.265099924 0.274605531 0.277567305 0.262279908 0.261788973 0.594783766 
18     0.110708282 0.107217556 0.112717314 0.021894220 0.000000000 0.618932528 0.153013384 0.162339991 0.198588270 0.212243666 0.142435077 0.177582494 0.205857564 0.732564744 0.516038577 0.526145282 0.518210648 0.813960509 0.248283978 0.282554688 0.293349446 0.553148074 0.246034561 0.317332891 0.320232867 0.264117453 0.417898998 0.381056245 0.453841791 0.465277921 0.539862385 0.532324949 0.533578096 0.555693238 0.437514324 0.593084909 0.601549556 0.562116763 0.490849804 0.420066184 0.239319090 0.585698178 0.319414666 0.273512105 0.243067086 0.266706099 0.276211706 0.279173479 0.263886083 0.263395148 0.596389941 
12     0.571898694 0.568407969 0.573482302 0.617328852 0.618932528 0.000000000 0.533235104 0.545547550 0.612247662 0.625330853 0.556358965 0.637595491 0.665834130 1.192724004 0.975955048 0.987962802 0.980038639 1.276326076 0.709968628 0.744239338 0.755034096 1.014798525 0.707674553 0.779007197 0.781907173 0.725774981 0.879565609 0.842722856 0.915509034 0.926927692 1.000971637 0.993434201 0.994687349 1.016909810 0.899180402 1.054741458 1.063206062 1.023773743 0.954766247 0.882151589 0.701404495 1.047533045 0.780808969 0.735580283 0.705142832 0.728692964 0.738198571 0.741160345 0.725872948 0.725382013 1.057668844 
11     0.105971830 0.102481104 0.107844681 0.151409708 0.153013384 0.533235104 0.000000000 0.059003409 0.147440011 0.160994328 0.093206391 0.173262511 0.201501150 0.727763272 0.511033008 0.521294098 0.513360397 0.809660149 0.244738665 0.279009375 0.289804133 0.549571714 0.242444014 0.313780386 0.316680362 0.260491012 0.414220667 0.377238387 0.450072309 0.461476399 0.535450042 0.527912606 0.529165754 0.551564868 0.433835460 0.589511171 0.597975818 0.558543025 0.489580207 0.416965568 0.236218474 0.582222674 0.316282980 0.270309272 0.239967620 0.263502032 0.273007639 0.275969412 0.260682016 0.260191081 0.592243046 
16     0.115457636 0.111966911 0.117134829 0.160736315 0.162339991 0.545547550 0.059003409 0.000000000 0.154377122 0.168284115 0.101995566 0.182780223 0.211018862 0.737289913 0.520543951 0.530949488 0.523015787 0.819321669 0.254188246 0.288423941 0.299218905 0.559012608 0.251894393 0.323195039 0.326095014 0.270054515 0.423845201 0.387002448 0.459788627 0.471142543 0.545249551 0.537712115 0.538965263 0.561189403 0.443459995 0.599031112 0.607495759 0.568062966 0.499081171 0.426466532 0.245719438 0.591769087 0.325784868 0.279913647 0.249468584 0.272990089 0.282495696 0.285457469 0.270170073 0.269679138 0.601674886 
9     0.152666036 0.149175310 0.154263876 0.196638183 0.198588270 0.612247662 0.147440011 0.154377122 0.000000000 0.062723914 0.128230505 0.219781275 0.248019914 0.775197196 0.558563692 0.569022697 0.561088996 0.857394120 0.291381234 0.325651944 0.336446702 0.596239008 0.289093543 0.360422809 0.363322784 0.307213527 0.461004846 0.424162093 0.496947639 0.508350869 0.582584273 0.575046837 0.576299985 0.597316507 0.480620172 0.636190757 0.644655404 0.605222611 0.536240182 0.463625542 0.282878449 0.629222016 0.362914566 0.316939442 0.286623977 0.310212258 0.319717865 0.322679639 0.307392242 0.306901307 0.639228640 
6     0.166111692 0.162620967 0.167709532 0.210293579 0.212243666 0.625330853 0.160994328 0.168284115 0.062723914 0.000000000 0.142082212 0.233377634 0.261616273 0.789027685 0.572281723 0.582689713 0.574756012 0.871061136 0.305073577 0.339344287 0.350139045 0.609906479 0.302785885 0.374115151 0.377015127 0.320889325 0.474621774 0.437838010 0.510623555 0.522026786 0.596195156 0.588657719 0.589910867 0.611079940 0.494206944 0.649856727 0.658321374 0.618888581 0.549931687 0.477317047 0.296569953 0.642913521 0.376606071 0.330641152 0.300315845 0.323903763 0.333409370 0.336371144 0.321083747 0.320592812 0.652494746 
3     0.098081589 0.094590864 0.099178508 0.140831401 0.142435077 0.556358965 0.093206391 0.101995566 0.128230505 0.142082212 0.000000000 0.162927371 0.191166010 0.717723921 0.500978231 0.512978681 0.505044980 0.801350862 0.235318226 0.269558345 0.280353103 0.539953385 0.232917636 0.304223408 0.307123384 0.251308595 0.405099280 0.368256527 0.441042705 0.452446795 0.526678707 0.519141271 0.520394419 0.542443481 0.424714606 0.580323857 0.588788504 0.549355710 0.480318521 0.407742546 0.226995453 0.573217044 0.306941632 0.261133900 0.230744598 0.254290598 0.263796204 0.266757978 0.251470582 0.250979647 0.583056771 
7     0.128417040 0.124926618 0.130696082 0.175976320 0.177582494 0.637595491 0.173262511 0.182780223 0.219781275 0.233377634 0.162927371 0.000000000 0.058241436 0.713483501 0.496688284 0.508197484 0.500310302 0.796378993 0.231327578 0.265598289 0.276393046 0.536061109 0.229094803 0.300377017 0.303276993 0.254979424 0.407825935 0.371721029 0.444506574 0.455956208 0.529409179 0.521871743 0.523124891 0.546205723 0.427864646 0.584233366 0.592698012 0.553265219 0.475359067 0.402744427 0.221997334 0.568448924 0.302092770 0.256230466 0.225745474 0.249415408 0.258921015 0.261882788 0.246595392 0.246104457 0.584044352 
10     0.156771962 0.153281237 0.159023168 0.204251389 0.205857564 0.665834130 0.201501150 0.211018862 0.248019914 0.261616273 0.191166010 0.058241436 0.000000000 0.741701062 0.524905845 0.536428036 0.528540854 0.824609544 0.259595647 0.293866357 0.304661115 0.564329178 0.257362871 0.328645086 0.331545062 0.283392958 0.436469379 0.400367262 0.473152808 0.484602442 0.557995315 0.550457879 0.551711027 0.574838216 0.456522547 0.612637799 0.621102446 0.581669653 0.503617513 0.431002873 0.250255780 0.596707370 0.330351216 0.284488912 0.254003920 0.277673854 0.287179461 0.290141234 0.274853838 0.274362903 0.612267564 
8     0.684078607 0.680587882 0.687096776 0.730958569 0.732564744 1.192724004 0.727763272 0.737289913 0.775197196 0.789027685 0.717723921 0.713483501 0.741701062 0.000000000 0.536695792 0.749031141 0.740801665 1.037373224 0.769972239 0.804242949 0.815037707 1.073515570 0.767740017 0.839021678 0.841921654 0.794883309 0.947907124 0.910998885 0.984082469 0.995535494 1.070251940 1.062714504 1.063967652 1.086254955 0.967043351 1.118729654 1.127194301 1.086186599 1.016370287 0.943755648 0.763008554 1.109519140 0.842933095 0.797080644 0.766618434 0.790338572 0.799844179 0.802805952 0.787518556 0.787027621 1.124498419 
17     0.467309094 0.463818369 0.470327366 0.514432402 0.516038577 0.975955048 0.511033008 0.520543951 0.558563692 0.572281723 0.500978231 0.496688284 0.524905845 0.536695792 0.000000000 0.526441205 0.518173708 0.815112388 0.554398914 0.588578452 0.599373210 0.858481244 0.552166693 0.623448353 0.626348329 0.580091155 0.733885257 0.697042558 0.769827991 0.781281016 0.855839809 0.848302373 0.849555521 0.871842824 0.752667532 0.908774046 0.917238693 0.875865678 0.800974715 0.728360075 0.547612981 0.894132940 0.627682051 0.582242234 0.551333065 0.575011210 0.584516817 0.587478590 0.572191194 0.571700259 0.908342524 
2     0.477690473 0.474199748 0.480735511 0.524539107 0.526145282 0.987962802 0.521294098 0.530949488 0.569022697 0.582689713 0.512978681 0.508197484 0.536428036 0.749031141 0.526441205 0.000000000 0.081092959 0.424163412 0.566603699 0.600874409 0.611669167 0.870733693 0.564359343 0.635645830 0.638545806 0.590705194 0.744288390 0.707445637 0.780231815 0.791738596 0.866240349 0.858702913 0.859956061 0.882245934 0.763174331 0.919370701 0.927835348 0.888507964 0.809561346 0.736946707 0.556199613 0.902716752 0.638286893 0.592847076 0.561937351 0.585615496 0.595121103 0.598082876 0.582795480 0.582304545 0.918727434 
14     0.469551703 0.466060978 0.472636002 0.516604473 0.518210648 0.980038639 0.513360397 0.523015787 0.561088996 0.574756012 0.505044980 0.500310302 0.528540854 0.740801665 0.518173708 0.081092959 0.000000000 0.419519249 0.558655913 0.592926623 0.603721381 0.862785907 0.556411557 0.627698045 0.630598020 0.582757408 0.736340604 0.699497851 0.772284030 0.783790810 0.858292563 0.850755127 0.852008275 0.874298148 0.755226545 0.911043629 0.919508276 0.880560178 0.801613560 0.728998921 0.548251827 0.894768966 0.630339107 0.584899290 0.553989565 0.577667710 0.587173317 0.590135090 0.574847694 0.574356759 0.910250207 
4     0.765767978 0.762277253 0.768812276 0.812324971 0.813960509 1.276326076 0.809660149 0.819321669 0.857394120 0.871061136 0.801350862 0.796378993 0.824609544 1.037373224 0.815112388 0.424163412 0.419519249 0.000000000 0.854976146 0.889246856 0.900041614 1.159113448 0.852743613 0.924025585 0.926925561 0.879036275 1.032619472 0.995776719 1.068562897 1.080069677 1.154571431 1.147033995 1.148287142 1.170577015 1.051480491 1.207194238 1.215658885 1.176709457 1.097892428 1.025277789 0.844530695 1.191047834 0.926617975 0.881178157 0.850268432 0.873946577 0.883452184 0.886413958 0.871126561 0.870635626 1.208551836 
47     0.198797466 0.195306741 0.201382517 0.246677804 0.248283978 0.709968628 0.244738665 0.254188246 0.291381234 0.305073577 0.235318226 0.231327578 0.259595647 0.769972239 0.554398914 0.566603699 0.558655913 0.854976146 0.000000000 0.059491138 0.070252539 0.362803302 0.054053721 0.125598081 0.128493713 0.152233370 0.305079788 0.268421387 0.341193866 0.352607509 0.427155036 0.419617600 0.420870748 0.443947386 0.325804139 0.480400650 0.488870613 0.452404055 0.370774750 0.298205220 0.117458126 0.464391316 0.198001782 0.152349979 0.120902769 0.144729129 0.154214681 0.157197287 0.141909891 0.141418956 0.561896089 
34     0.233068177 0.229577451 0.235653227 0.280948514 0.282554688 0.744239338 0.279009375 0.288423941 0.325651944 0.339344287 0.269558345 0.265598289 0.293866357 0.804242949 0.588578452 0.600874409 0.592926623 0.889246856 0.059491138 0.000000000 0.057019569 0.395619192 0.086993992 0.158660305 0.161555937 0.186512378 0.339353210 0.302694809 0.375467288 0.386880932 0.461428458 0.453891022 0.455144170 0.478123646 0.360077561 0.514674071 0.523144035 0.486677477 0.405059750 0.332490179 0.151743084 0.498676316 0.232288464 0.186636662 0.155187779 0.179013477 0.188520513 0.191482287 0.176194891 0.175703956 0.596165946 
21     0.243862934 0.240372209 0.246447985 0.291743272 0.293349446 0.755034096 0.289804133 0.299218905 0.336446702 0.350139045 0.280353103 0.276393046 0.304661115 0.815037707 0.599373210 0.611669167 0.603721381 0.900041614 0.070252539 0.057019569 0.000000000 0.406417207 0.097779113 0.169445426 0.172341058 0.197307135 0.350147968 0.313489566 0.386262046 0.397675689 0.472223216 0.464685780 0.465938927 0.488918404 0.370872318 0.525468829 0.533938792 0.497472235 0.415854508 0.343284937 0.162537842 0.509471073 0.243083222 0.197431420 0.165982536 0.189808887 0.199315271 0.202277045 0.186989648 0.186498713 0.606960703 
27     0.503485182 0.499994456 0.506070977 0.551541900 0.553148074 1.014798525 0.549571714 0.559012608 0.596239008 0.609906479 0.539953385 0.536061109 0.564329178 1.073515570 0.858481244 0.870733693 0.862785907 1.159113448 0.362803302 0.395619192 0.406417207 0.000000000 0.331357312 0.403728259 0.406565897 0.457591474 0.609838872 0.573249853 0.646022333 0.657435976 0.731885047 0.724347610 0.725600758 0.748737657 0.630534149 0.785533098 0.794003062 0.757536504 0.675819874 0.603250298 0.422503203 0.769436435 0.502931509 0.456991314 0.425947965 0.449773733 0.459280878 0.462242652 0.446955256 0.446464321 0.866945060 
29     0.196548049 0.193057324 0.199133100 0.244428387 0.246034561 0.707674553 0.242444014 0.251894393 0.289093543 0.302785885 0.232917636 0.229094803 0.257362871 0.767740017 0.552166693 0.564359343 0.556411557 0.852743613 0.054053721 0.086993992 0.097779113 0.331357312 0.000000000 0.091098970 0.094023836 0.150323000 0.302609826 0.265983910 0.338756390 0.350170033 0.424849380 0.417311944 0.418565091 0.441785796 0.323498482 0.478267155 0.486737118 0.450270561 0.368886170 0.296316599 0.115569504 0.462502736 0.196117048 0.150112011 0.119014253 0.142839788 0.152346933 0.155308707 0.140021311 0.139530376 0.559685491 
26     0.267846380 0.264355654 0.270431430 0.315726717 0.317332891 0.779007197 0.313780386 0.323195039 0.360422809 0.374115151 0.304223408 0.300377017 0.328645086 0.839021678 0.623448353 0.635645830 0.627698045 0.924025585 0.125598081 0.158660305 0.169445426 0.403728259 0.091098970 0.000000000 0.052693052 0.221501020 0.373865377 0.337239462 0.410011941 0.421425585 0.496104932 0.488567496 0.489820643 0.513041348 0.394754034 0.549625812 0.558095775 0.521629218 0.440113954 0.367503868 0.186756773 0.533730519 0.267344992 0.221360024 0.190242064 0.214064485 0.223574878 0.226536652 0.211249255 0.210758320 0.630956726 
20     0.270746355 0.267255630 0.273331406 0.318626693 0.320232867 0.781907173 0.316680362 0.326095014 0.363322784 0.377015127 0.307123384 0.303276993 0.331545062 0.841921654 0.626348329 0.638545806 0.630598020 0.926925561 0.128493713 0.161555937 0.172341058 0.406565897 0.094023836 0.052693052 0.000000000 0.224406535 0.376765353 0.340139438 0.412911917 0.424325561 0.499004907 0.491467471 0.492720619 0.515941323 0.397654010 0.552525788 0.560995751 0.524529193 0.443013930 0.370403843 0.189656749 0.536630495 0.270244968 0.224259999 0.193142040 0.216964650 0.226474854 0.229436628 0.214149231 0.213658296 0.633856702 
38     0.214791712 0.211300987 0.217342770 0.262511278 0.264117453 0.725774981 0.260491012 0.270054515 0.307213527 0.320889325 0.251308595 0.254979424 0.283392958 0.794883309 0.580091155 0.590705194 0.582757408 0.879036275 0.152233370 0.186512378 0.197307135 0.457591474 0.150323000 0.221501020 0.224406535 0.000000000 0.261730469 0.225419526 0.298933847 0.310235131 0.385783671 0.378220662 0.379473809 0.404517266 0.283911384 0.438721842 0.447055591 0.410663888 0.385689047 0.312824060 0.132322866 0.479229861 0.212689009 0.167058607 0.135668301 0.159367895 0.168871277 0.171959532 0.156672136 0.156181201 0.581367970 
31     0.368585611 0.365094886 0.371139682 0.416292824 0.417898998 0.879565609 0.414220667 0.423845201 0.461004846 0.474621774 0.405099280 0.407825935 0.436469379 0.947907124 0.733885257 0.744288390 0.736340604 1.032619472 0.305079788 0.339353210 0.350147968 0.609838872 0.302609826 0.373865377 0.376765353 0.261730469 0.000000000 0.187712484 0.259491223 0.271097364 0.347569176 0.339804905 0.341282594 0.367198864 0.249847621 0.524591639 0.532860563 0.496178973 0.538557024 0.464990141 0.285152616 0.632080247 0.365571500 0.320068828 0.288544942 0.312452297 0.321957404 0.324956942 0.309669545 0.309178610 0.736975829 
28     0.331742858 0.328252133 0.334296929 0.379450071 0.381056245 0.842722856 0.377238387 0.387002448 0.424162093 0.437838010 0.368256527 0.371721029 0.400367262 0.910998885 0.697042558 0.707445637 0.699497851 0.995776719 0.268421387 0.302694809 0.313489566 0.573249853 0.265983910 0.337239462 0.340139438 0.225419526 0.187712484 0.000000000 0.167666247 0.179423598 0.305433299 0.297661535 0.298914683 0.324333026 0.204880346 0.486534602 0.494807457 0.457972426 0.501688584 0.428121701 0.248284176 0.595211807 0.328698722 0.283196051 0.251658915 0.275566270 0.285071377 0.288070914 0.272783518 0.272292583 0.700128880 
44     0.404528404 0.401037678 0.407082475 0.452235616 0.453841791 0.915509034 0.450072309 0.459788627 0.496947639 0.510623555 0.441042705 0.444506574 0.473152808 0.984082469 0.769827991 0.780231815 0.772284030 1.068562897 0.341193866 0.375467288 0.386262046 0.646022333 0.338756390 0.410011941 0.412911917 0.298933847 0.259491223 0.167666247 0.000000000 0.061491359 0.370654428 0.362882665 0.364135812 0.390558375 0.270521588 0.559653123 0.567925978 0.531012383 0.572911079 0.499344196 0.319506671 0.666434302 0.399921217 0.354418546 0.322882653 0.346788764 0.356293871 0.359293409 0.344006012 0.343515077 0.772972362 
24     0.415954222 0.412463497 0.418503526 0.463671747 0.465277921 0.926927692 0.461476399 0.471142543 0.508350869 0.522026786 0.452446795 0.455956208 0.484602442 0.995535494 0.781281016 0.791738596 0.783790810 1.080069677 0.352607509 0.386880932 0.397675689 0.657435976 0.350170033 0.421425585 0.424325561 0.310235131 0.271097364 0.179423598 0.061491359 0.000000000 0.382527814 0.374756051 0.376009198 0.402431761 0.282395218 0.571395367 0.579668222 0.542754627 0.584143470 0.510576588 0.330739063 0.677666694 0.411153623 0.365345192 0.334115058 0.358021170 0.367526277 0.370525814 0.355238418 0.354747483 0.784445915 
39     0.490244843 0.486754117 0.492798913 0.538256210 0.539862385 1.000971637 0.535450042 0.545249551 0.582584273 0.596195156 0.526678707 0.529409179 0.557995315 1.070251940 0.855839809 0.866240349 0.858292563 1.154571431 0.427155036 0.461428458 0.472223216 0.731885047 0.424849380 0.496104932 0.499004907 0.385783671 0.347569176 0.305433299 0.370654428 0.382527814 0.000000000 0.144844775 0.148348695 0.361646650 0.277990339 0.647196160 0.655419799 0.618938489 0.658847076 0.585280193 0.405442668 0.752370299 0.485870893 0.440368221 0.408834995 0.432742350 0.442247457 0.445246994 0.429959598 0.429468663 0.859001696 
42     0.482707406 0.479216681 0.485261477 0.530718774 0.532324949 0.993434201 0.527912606 0.537712115 0.575046837 0.588657719 0.519141271 0.521871743 0.550457879 1.062714504 0.848302373 0.858702913 0.850755127 1.147033995 0.419617600 0.453891022 0.464685780 0.724347610 0.417311944 0.488567496 0.491467471 0.378220662 0.339804905 0.297661535 0.362882665 0.374756051 0.144844775 0.000000000 0.099012658 0.354137715 0.270185937 0.639779943 0.648003582 0.611522272 0.651309640 0.577742757 0.397905232 0.744832863 0.478333457 0.432830785 0.401297559 0.425204914 0.434710021 0.437709558 0.422422162 0.421931227 0.851464260 
48     0.483960554 0.480469829 0.486514625 0.531971922 0.533578096 0.994687349 0.529165754 0.538965263 0.576299985 0.589910867 0.520394419 0.523124891 0.551711027 1.063967652 0.849555521 0.859956061 0.852008275 1.148287142 0.420870748 0.455144170 0.465938927 0.725600758 0.418565091 0.489820643 0.492720619 0.379473809 0.341282594 0.298914683 0.364135812 0.376009198 0.148348695 0.099012658 0.000000000 0.356194872 0.270939673 0.641033091 0.649256730 0.612775420 0.652562788 0.578995905 0.399158380 0.746086011 0.479586604 0.434083933 0.402550706 0.426458061 0.435963168 0.438962706 0.423675309 0.423184374 0.852717408 
41     0.505976187 0.502485462 0.508530258 0.554087063 0.555693238 1.016909810 0.551564868 0.561189403 0.597316507 0.611079940 0.542443481 0.546205723 0.574838216 1.086254955 0.871842824 0.882245934 0.874298148 1.170577015 0.443947386 0.478123646 0.488918404 0.748737657 0.441785796 0.513041348 0.515941323 0.404517266 0.367198864 0.324333026 0.390558375 0.402431761 0.361646650 0.354137715 0.356194872 0.000000000 0.297069406 0.666998684 0.675222323 0.638739894 0.676051007 0.602484124 0.422646599 0.769574230 0.503074824 0.457572152 0.426038926 0.449946281 0.459451388 0.462450925 0.447163529 0.446672594 0.876192302 
33     0.387897610 0.384406885 0.390451681 0.435908150 0.437514324 0.899180402 0.433835460 0.443459995 0.480620172 0.494206944 0.424714606 0.427864646 0.456522547 0.967043351 0.752667532 0.763174331 0.755226545 1.051480491 0.325804139 0.360077561 0.370872318 0.630534149 0.323498482 0.394754034 0.397654010 0.283911384 0.249847621 0.204880346 0.270521588 0.282395218 0.277990339 0.270185937 0.270939673 0.297069406 0.000000000 0.545054272 0.553277911 0.516781600 0.557139917 0.483573034 0.303735509 0.650663140 0.384163302 0.338660630 0.307070906 0.330881417 0.340460996 0.343412388 0.328173137 0.327601452 0.757130521 
37     0.543758470 0.540267745 0.546304498 0.591478735 0.593084909 1.054741458 0.589511171 0.599031112 0.636190757 0.649856727 0.580323857 0.584233366 0.612637799 1.118729654 0.908774046 0.919370701 0.911043629 1.207194238 0.480400650 0.514674071 0.525468829 0.785533098 0.478267155 0.549625812 0.552525788 0.438721842 0.524591639 0.486534602 0.559653123 0.571395367 0.647196160 0.639779943 0.641033091 0.666998684 0.545054272 0.000000000 0.067809715 0.154351819 0.712154259 0.636727530 0.458556642 0.805410248 0.539123695 0.493586716 0.461712475 0.486009881 0.495515375 0.498514912 0.483227516 0.482736581 0.911409587 
22     0.552223117 0.548732392 0.554769145 0.599943382 0.601549556 1.063206062 0.597975818 0.607495759 0.644655404 0.658321374 0.588788504 0.592698012 0.621102446 1.127194301 0.917238693 0.927835348 0.919508276 1.215658885 0.488870613 0.523144035 0.533938792 0.794003062 0.486737118 0.558095775 0.560995751 0.447055591 0.532860563 0.494807457 0.567925978 0.579668222 0.655419799 0.648003582 0.649256730 0.675222323 0.553277911 0.067809715 0.000000000 0.165663906 0.720644108 0.645217379 0.467046491 0.813900097 0.547613544 0.502076565 0.470202324 0.494499731 0.504005224 0.507004762 0.491717365 0.491226430 0.919856857 
32     0.512790324 0.509299598 0.515336351 0.560510589 0.562116763 1.023773743 0.558543025 0.568062966 0.605222611 0.618888581 0.549355710 0.553265219 0.581669653 1.086186599 0.875865678 0.888507964 0.880560178 1.176709457 0.452404055 0.486677477 0.497472235 0.757536504 0.450270561 0.521629218 0.524529193 0.410663888 0.496178973 0.457972426 0.531012383 0.542754627 0.618938489 0.611522272 0.612775420 0.638739894 0.516781600 0.154351819 0.165663906 0.000000000 0.684146540 0.608094029 0.430548923 0.777402529 0.511115976 0.465578997 0.433704756 0.458002162 0.467507656 0.470507193 0.455219797 0.454728862 0.881679387 
23     0.444140823 0.440650098 0.445974688 0.489243630 0.490849804 0.954766247 0.489580207 0.499081171 0.536240182 0.549931687 0.480318521 0.475359067 0.503617513 1.016370287 0.800974715 0.809561346 0.801613560 1.097892428 0.370774750 0.405059750 0.415854508 0.675819874 0.368886170 0.440113954 0.443013930 0.385689047 0.538557024 0.501688584 0.572911079 0.584143470 0.658847076 0.651309640 0.652562788 0.676051007 0.557139917 0.712154259 0.720644108 0.684146540 0.000000000 0.461668310 0.280377480 0.627923100 0.366146991 0.320448119 0.289259623 0.313387056 0.322892326 0.325921235 0.310633733 0.310142863 0.810077151 
35     0.371526184 0.368035459 0.373343742 0.418460009 0.420066184 0.882151589 0.416965568 0.426466532 0.463625542 0.477317047 0.407742546 0.402744427 0.431002873 0.943755648 0.728360075 0.736946707 0.728998921 1.025277789 0.298205220 0.332490179 0.343284937 0.603250298 0.296316599 0.367503868 0.370403843 0.312824060 0.464990141 0.428121701 0.499344196 0.510576588 0.585280193 0.577742757 0.578995905 0.602484124 0.483573034 0.636727530 0.645217379 0.608094029 0.461668310 0.000000000 0.192626741 0.545569259 0.294338872 0.249125123 0.216665956 0.241040111 0.250544995 0.253661916 0.238374502 0.237883618 0.737364335 
30     0.190779094 0.187288369 0.192603476 0.237712916 0.239319090 0.701404495 0.236218474 0.245719438 0.282878449 0.296569953 0.226995453 0.221997334 0.250255780 0.763008554 0.547612981 0.556199613 0.548251827 0.844530695 0.117458126 0.151743084 0.162537842 0.422503203 0.115569504 0.186756773 0.189656749 0.132322866 0.285152616 0.248284176 0.319506671 0.330739063 0.405442668 0.397905232 0.399158380 0.422646599 0.303735509 0.458556642 0.467046491 0.430548923 0.280377480 0.192626741 0.000000000 0.364728471 0.113189509 0.067975285 0.035859165 0.060231984 0.069736922 0.072853835 0.057566377 0.057075538 0.556617241 
19     0.537153431 0.533662706 0.538308324 0.584092003 0.585698178 1.047533045 0.582222674 0.591769087 0.629222016 0.642913521 0.573217044 0.568448924 0.596707370 1.109519140 0.894132940 0.902716752 0.894768966 1.191047834 0.464391316 0.498676316 0.509471073 0.769436435 0.462502736 0.533730519 0.536630495 0.479229861 0.632080247 0.595211807 0.666434302 0.677666694 0.752370299 0.744832863 0.746086011 0.769574230 0.650663140 0.805410248 0.813900097 0.777402529 0.627923100 0.545569259 0.364728471 0.000000000 0.460272045 0.415038942 0.382782161 0.407775884 0.417280824 0.420397733 0.405110275 0.404619436 0.903382187 
50     0.270853087 0.267362361 0.272729168 0.317808491 0.319414666 0.780808969 0.316282980 0.325784868 0.362914566 0.376606071 0.306941632 0.302092770 0.330351216 0.842933095 0.627682051 0.638286893 0.630339107 0.926617975 0.198001782 0.232288464 0.243083222 0.502931509 0.196117048 0.267344992 0.270244968 0.212689009 0.365571500 0.328698722 0.399921217 0.411153623 0.485870893 0.478333457 0.479586604 0.503074824 0.384163302 0.539123695 0.547613544 0.511115976 0.366146991 0.294338872 0.113189509 0.460272045 0.000000000 0.106631092 0.113026391 0.137711624 0.147211379 0.150402072 0.135092834 0.134633763 0.637223895 
36     0.224965806 0.221475080 0.226823907 0.271905930 0.273512105 0.735580283 0.270309272 0.279913647 0.316939442 0.330641152 0.261133900 0.256230466 0.284488912 0.797080644 0.582242234 0.592847076 0.584899290 0.881178157 0.152349979 0.186636662 0.197431420 0.456991314 0.150112011 0.221360024 0.224259999 0.167058607 0.320068828 0.283196051 0.354418546 0.365345192 0.440368221 0.432830785 0.434083933 0.457572152 0.338660630 0.493586716 0.502076565 0.465578997 0.320448119 0.249125123 0.067975285 0.415038942 0.106631092 0.000000000 0.068022053 0.092376645 0.101894478 0.105064553 0.089702399 0.089236049 0.591294716 
25     0.194526714 0.191035988 0.196381834 0.241460911 0.243067086 0.705142832 0.239967620 0.249468584 0.286623977 0.300315845 0.230744598 0.225745474 0.254003920 0.766618434 0.551333065 0.561937351 0.553989565 0.850268432 0.120902769 0.155187779 0.165982536 0.425947965 0.119014253 0.190242064 0.193142040 0.135668301 0.288544942 0.251658915 0.322882653 0.334115058 0.408834995 0.401297559 0.402550706 0.426038926 0.307070906 0.461712475 0.470202324 0.433704756 0.289259623 0.216665956 0.035859165 0.382782161 0.113026391 0.068022053 0.000000000 0.060269004 0.069772358 0.072868287 0.057646014 0.057119038 0.560221606 
46     0.218179106 0.214688380 0.220021223 0.265099924 0.266706099 0.728692964 0.263502032 0.272990089 0.310212258 0.323903763 0.254290598 0.249415408 0.277673854 0.790338572 0.575011210 0.585615496 0.577667710 0.873946577 0.144729129 0.179013477 0.189808887 0.449773733 0.142839788 0.214064485 0.216964650 0.159367895 0.312452297 0.275566270 0.346788764 0.358021170 0.432742350 0.425204914 0.426458061 0.449946281 0.330881417 0.486009881 0.494499731 0.458002162 0.313387056 0.241040111 0.060231984 0.407775884 0.137711624 0.092376645 0.060269004 0.000000000 0.030632788 0.043230914 0.027749288 0.028140303 0.584110757 
40     0.227684712 0.224193987 0.229526829 0.274605531 0.276211706 0.738198571 0.273007639 0.282495696 0.319717865 0.333409370 0.263796204 0.258921015 0.287179461 0.799844179 0.584516817 0.595121103 0.587173317 0.883452184 0.154214681 0.188520513 0.199315271 0.459280878 0.152346933 0.223574878 0.226474854 0.168871277 0.321957404 0.285071377 0.356293871 0.367526277 0.442247457 0.434710021 0.435963168 0.459451388 0.340460996 0.495515375 0.504005224 0.467507656 0.322892326 0.250544995 0.069736922 0.417280824 0.147211379 0.101894478 0.069772358 0.030632788 0.000000000 0.052653585 0.037834684 0.037421236 0.593616364 
49     0.230646486 0.227155761 0.232488603 0.277567305 0.279173479 0.741160345 0.275969412 0.285457469 0.322679639 0.336371144 0.266757978 0.261882788 0.290141234 0.802805952 0.587478590 0.598082876 0.590135090 0.886413958 0.157197287 0.191482287 0.202277045 0.462242652 0.155308707 0.226536652 0.229436628 0.171959532 0.324956942 0.288070914 0.359293409 0.370525814 0.445246994 0.437709558 0.438962706 0.462450925 0.343412388 0.498514912 0.507004762 0.470507193 0.325921235 0.253661916 0.072853835 0.420397733 0.150402072 0.105064553 0.072868287 0.043230914 0.052653585 0.000000000 0.029193323 0.027977777 0.596578137 
45     0.215359089 0.211868364 0.217201206 0.262279908 0.263886083 0.725872948 0.260682016 0.270170073 0.307392242 0.321083747 0.251470582 0.246595392 0.274853838 0.787518556 0.572191194 0.582795480 0.574847694 0.871126561 0.141909891 0.176194891 0.186989648 0.446955256 0.140021311 0.211249255 0.214149231 0.156672136 0.309669545 0.272783518 0.344006012 0.355238418 0.429959598 0.422422162 0.423675309 0.447163529 0.328173137 0.483227516 0.491717365 0.455219797 0.310633733 0.238374502 0.057566377 0.405110275 0.135092834 0.089702399 0.057646014 0.027749288 0.037834684 0.029193323 0.000000000 0.012769051 0.581290741 
43     0.214868154 0.211377429 0.216710271 0.261788973 0.263395148 0.725382013 0.260191081 0.269679138 0.306901307 0.320592812 0.250979647 0.246104457 0.274362903 0.787027621 0.571700259 0.582304545 0.574356759 0.870635626 0.141418956 0.175703956 0.186498713 0.446464321 0.139530376 0.210758320 0.213658296 0.156181201 0.309178610 0.272292583 0.343515077 0.354747483 0.429468663 0.421931227 0.423184374 0.446672594 0.327601452 0.482736581 0.491226430 0.454728862 0.310142863 0.237883618 0.057075538 0.404619436 0.134633763 0.089236049 0.057119038 0.028140303 0.037421236 0.027977777 0.012769051 0.000000000 0.580799806 
0     0.547601418 0.544110693 0.550017972 0.594783766 0.596389941 1.057668844 0.592243046 0.601674886 0.639228640 0.652494746 0.583056771 0.584044352 0.612267564 1.124498419 0.908342524 0.918727434 0.910250207 1.208551836 0.561896089 0.596165946 0.606960703 0.866945060 0.559685491 0.630956726 0.633856702 0.581367970 0.736975829 0.700128880 0.772972362 0.784445915 0.859001696 0.851464260 0.852717408 0.876192302 0.757130521 0.911409587 0.919856857 0.881679387 0.810077151 0.737364335 0.556617241 0.903382187 0.637223895 0.591294716 0.560221606 0.584110757 0.593616364 0.596578137 0.581290741 0.580799806 0.000000000 
