51
13     0.000000000 0.000000790 0.000013900 0.000116700 0.000117400 0.000774070 0.000064550 0.000103650 0.000154410 0.000153170 0.000015850 0.000126960 0.000191190 0.000738750 0.000600360 0.000532760 0.000513340 0.000930070 0.000217630 0.000311730 0.000232240 0.000225510 0.000220600 0.000378590 0.000386860 0.000109080 0.000355690 0.000368610 0.000387060 0.000462240 0.000548820 0.000511270 0.000516680 0.000516570 0.000414480 0.000837000 0.000349880 0.000644480 0.000338100 0.000468420 0.000249980 0.000438280 0.000286980 0.000274660 0.000248940 0.000297960 0.000310750 0.000306090 0.000299890 0.000303360 0.000451480 
1     0.000000790 0.000000000 0.000013990 0.000109530 0.000110230 0.000547440 0.000064640 0.000096480 0.000154500 0.000153260 0.000010130 0.000113380 0.000184020 0.000738840 0.000600450 0.000525590 0.000506170 0.000930160 0.000217720 0.000311820 0.000232330 0.000225600 0.000220690 0.000365010 0.000386950 0.000081660 0.000355780 0.000368700 0.000369410 0.000444590 0.000548910 0.000511360 0.000516770 0.000516660 0.000414570 0.000823420 0.000349970 0.000637930 0.000338190 0.000468510 0.000232330 0.000438370 0.000269330 0.000257010 0.000231290 0.000298050 0.000310840 0.000306180 0.000299980 0.000303450 0.000451570 
5     0.000013900 0.000013990 0.000000000 0.000129630 0.000147120 0.000778490 0.000068970 0.000140330 0.000158830 0.000157590 0.000023870 0.000132990 0.000215670 0.000743170 0.000604780 0.000569440 0.000550020 0.000934490 0.000222050 0.000316150 0.000236660 0.000229930 0.000225020 0.000384530 0.000391280 0.000287720 0.000360110 0.000373030 0.000378220 0.000453400 0.000553240 0.000515690 0.000521100 0.000520990 0.000418900 0.000843030 0.000354300 0.000634100 0.000342520 0.000472840 0.000241140 0.000442700 0.000278140 0.000265820 0.000240100 0.000302380 0.000315170 0.000310510 0.000304310 0.000307780 0.000455900 
15     0.000116700 0.000109530 0.000129630 0.000000000 0.000008770 0.000857660 0.000098990 0.000097710 0.000238000 0.000236760 0.000173170 0.000106000 0.000146220 0.000820800 0.000682410 0.000568460 0.000549040 0.001012120 0.000263740 0.000357840 0.000278350 0.000271620 0.000266710 0.000426220 0.000432970 0.000329410 0.000401800 0.000414720 0.000453700 0.000524500 0.000594930 0.000557380 0.000562790 0.000562680 0.000460590 0.000886630 0.000395990 0.000787240 0.000384210 0.000514530 0.000316310 0.000484390 0.000333380 0.000341300 0.000315580 0.000344070 0.000356860 0.000352200 0.000346000 0.000349470 0.000497590 
18     0.000117400 0.000110230 0.000147120 0.000008770 0.000000000 0.000866750 0.000099690 0.000098410 0.000255490 0.000254250 0.000173870 0.000123490 0.000163710 0.000838290 0.000699900 0.000569160 0.000549740 0.001029610 0.000281230 0.000375330 0.000295840 0.000289110 0.000284200 0.000402070 0.000432930 0.000346900 0.000419290 0.000432210 0.000453950 0.000529130 0.000612420 0.000574870 0.000580280 0.000580170 0.000478080 0.000860480 0.000413480 0.000787490 0.000401700 0.000532020 0.000316870 0.000501880 0.000350870 0.000341550 0.000315830 0.000361560 0.000374350 0.000369690 0.000363490 0.000366960 0.000515080 
12     0.000774070 0.000547440 0.000778490 0.000857660 0.000866750 0.000000000 0.000167330 0.000709310 0.000836980 0.000835740 0.000857230 0.000831640 0.000627590 0.001471200 0.001248960 0.001344810 0.001305990 0.001662520 0.000790490 0.000845310 0.000895850 0.000957960 0.000799680 0.000919440 0.000922720 0.000670130 0.000826510 0.000704330 0.000688740 0.000763920 0.001105120 0.001105480 0.001077150 0.000977770 0.000795090 0.000028800 0.000003470 0.000298700 0.001070550 0.001200870 0.000750660 0.000966560 0.000787660 0.000775340 0.000749620 0.000844110 0.000863670 0.000863840 0.000849620 0.000846420 0.001183930 
11     0.000064550 0.000064640 0.000068970 0.000098990 0.000099690 0.000167330 0.000000000 0.000007340 0.000127460 0.000125250 0.000075940 0.000184940 0.000207400 0.000761680 0.000623290 0.000556690 0.000537270 0.000953000 0.000240560 0.000334660 0.000255170 0.000248440 0.000243530 0.000403040 0.000409790 0.000306230 0.000378620 0.000391540 0.000451820 0.000501320 0.000571750 0.000534200 0.000539610 0.000539500 0.000437410 0.000882980 0.000372810 0.000784210 0.000361030 0.000491350 0.000293130 0.000461210 0.000150540 0.000324130 0.000297350 0.000320890 0.000333680 0.000329020 0.000322820 0.000326290 0.000474410 
16     0.000103650 0.000096480 0.000140330 0.000097710 0.000098410 0.000709310 0.000007340 0.000000000 0.000180890 0.000139060 0.000018800 0.000196440 0.000206120 0.000856900 0.000718510 0.000555410 0.000535990 0.001048220 0.000335780 0.000409630 0.000350390 0.000343660 0.000338750 0.000447900 0.000478760 0.000375230 0.000473840 0.000467650 0.000452060 0.000527240 0.000666970 0.000629420 0.000634830 0.000634720 0.000532630 0.000906310 0.000468030 0.000759540 0.000456250 0.000586570 0.000314980 0.000530880 0.000351980 0.000339660 0.000313940 0.000408430 0.000427990 0.000424240 0.000402470 0.000399950 0.000569630 
9     0.000154410 0.000154500 0.000158830 0.000238000 0.000255490 0.000836980 0.000127460 0.000180890 0.000000000 0.000032080 0.000106610 0.000283820 0.000324040 0.000851540 0.000713150 0.000725150 0.000686330 0.001042860 0.000330420 0.000424520 0.000345030 0.000338300 0.000333390 0.000492900 0.000499650 0.000396090 0.000468480 0.000481400 0.000487920 0.000563100 0.000661610 0.000624060 0.000629470 0.000629360 0.000527270 0.000983760 0.000462670 0.000821460 0.000450890 0.000581210 0.000350840 0.000551070 0.000387840 0.000375520 0.000120960 0.000410750 0.000423540 0.000418880 0.000412680 0.000416150 0.000564270 
6     0.000153170 0.000153260 0.000157590 0.000236760 0.000254250 0.000835740 0.000125250 0.000139060 0.000032080 0.000000000 0.000102720 0.000247510 0.000322800 0.000850300 0.000711910 0.000723910 0.000685090 0.001041620 0.000329180 0.000423280 0.000343790 0.000337060 0.000332150 0.000491660 0.000498410 0.000394850 0.000467240 0.000480160 0.000484030 0.000559210 0.000660370 0.000622820 0.000628230 0.000628120 0.000526030 0.000955070 0.000461430 0.000817570 0.000449650 0.000579970 0.000346950 0.000549830 0.000383950 0.000371630 0.000345910 0.000409510 0.000422300 0.000417640 0.000411440 0.000414910 0.000563030 
3     0.000015850 0.000010130 0.000023870 0.000173170 0.000173870 0.000857230 0.000075940 0.000018800 0.000106610 0.000102720 0.000000000 0.000186840 0.000252700 0.000866140 0.000727750 0.000630870 0.000611450 0.001057460 0.000300430 0.000346680 0.000351930 0.000352900 0.000286820 0.000390780 0.000402820 0.000290990 0.000483080 0.000429920 0.000414330 0.000489510 0.000676210 0.000638660 0.000644070 0.000643960 0.000520680 0.000841210 0.000477270 0.000747870 0.000465490 0.000583830 0.000264020 0.000493150 0.000314250 0.000301930 0.000276210 0.000329150 0.000351910 0.000340770 0.000328310 0.000326620 0.000578870 
7     0.000126960 0.000113380 0.000132990 0.000106000 0.000123490 0.000831640 0.000184940 0.000196440 0.000283820 0.000247510 0.000186840 0.000000000 0.000000030 0.000866620 0.000413830 0.000633270 0.000613850 0.001057940 0.000222510 0.000277330 0.000324170 0.000317440 0.000231700 0.000331810 0.000354740 0.000242930 0.000447620 0.000335350 0.000319760 0.000394940 0.000603250 0.000603200 0.000608610 0.000608500 0.000426110 0.000790220 0.000441810 0.000653300 0.000430030 0.000513400 0.000182680 0.000398580 0.000219680 0.000207360 0.000181640 0.000276130 0.000295690 0.000295860 0.000281640 0.000278440 0.000471480 
10     0.000191190 0.000184020 0.000215670 0.000146220 0.000163710 0.000627590 0.000207400 0.000206120 0.000324040 0.000322800 0.000252700 0.000000030 0.000000000 0.000906840 0.000570490 0.000642950 0.000623530 0.001098160 0.000330310 0.000385130 0.000364390 0.000357660 0.000339500 0.000459260 0.000462540 0.000350730 0.000487840 0.000443150 0.000427560 0.000502740 0.000680970 0.000643420 0.000648830 0.000648720 0.000533910 0.000923400 0.000482030 0.000761100 0.000470250 0.000600570 0.000290480 0.000506380 0.000327480 0.000315160 0.000289440 0.000383930 0.000403490 0.000403660 0.000389440 0.000386240 0.000583630 
8     0.000738750 0.000738840 0.000743170 0.000820800 0.000838290 0.001471200 0.000761680 0.000856900 0.000851540 0.000850300 0.000866140 0.000866620 0.000906840 0.000000000 0.000273190 0.000296270 0.000257450 0.000613980 0.000913220 0.001007320 0.000927830 0.000921100 0.000916190 0.001075700 0.001082450 0.000978890 0.001051280 0.001064200 0.001211780 0.001173980 0.001244410 0.001206860 0.001212270 0.001212160 0.001110070 0.001647750 0.001045470 0.001555070 0.001033690 0.001164010 0.000965790 0.001133870 0.000982860 0.000996790 0.000970010 0.000993550 0.001006340 0.001001680 0.000995480 0.000998950 0.001147070 
17     0.000600360 0.000600450 0.000604780 0.000682410 0.000699900 0.001248960 0.000623290 0.000718510 0.000713150 0.000711910 0.000727750 0.000413830 0.000570490 0.000273190 0.000000000 0.000157880 0.000119060 0.000475590 0.000639830 0.000694650 0.000745190 0.000782710 0.000649020 0.000768780 0.000772060 0.000660250 0.000703800 0.000681260 0.000163760 0.000246780 0.000984290 0.000951620 0.000990290 0.000762410 0.000843430 0.001232920 0.000907080 0.001042430 0.000895300 0.001025620 0.000600000 0.000815900 0.000637000 0.000624680 0.000598960 0.000693450 0.000713010 0.000713180 0.000698960 0.000695760 0.001008680 
2     0.000532760 0.000525590 0.000569440 0.000568460 0.000569160 0.001344810 0.000556690 0.000555410 0.000725150 0.000723910 0.000630870 0.000633270 0.000642950 0.000296270 0.000157880 0.000000000 0.000015010 0.000414190 0.000786830 0.000880930 0.000801440 0.000794710 0.000789800 0.000949310 0.000956060 0.000852500 0.000924890 0.000937810 0.001017080 0.001047590 0.001118020 0.001080470 0.001085880 0.001085770 0.000983680 0.001409100 0.000919080 0.001350620 0.000907300 0.001037620 0.000835700 0.001007480 0.000856470 0.000870400 0.000843620 0.000867160 0.000879950 0.000875290 0.000869090 0.000872560 0.001020680 
14     0.000513340 0.000506170 0.000550020 0.000549040 0.000549740 0.001305990 0.000537270 0.000535990 0.000686330 0.000685090 0.000611450 0.000613850 0.000623530 0.000257450 0.000119060 0.000015010 0.000000000 0.000370950 0.000748010 0.000842110 0.000762620 0.000755890 0.000750980 0.000910490 0.000917240 0.000813680 0.000886070 0.000898990 0.001010390 0.001008770 0.001079200 0.001041650 0.001047060 0.001046950 0.000944860 0.001389810 0.000880260 0.001339680 0.000868480 0.000998800 0.000800580 0.000968660 0.000817650 0.000831580 0.000804800 0.000828340 0.000841130 0.000836470 0.000830270 0.000833740 0.000981860 
4     0.000930070 0.000930160 0.000934490 0.001012120 0.001029610 0.001662520 0.000953000 0.001048220 0.001042860 0.001041620 0.001057460 0.001057940 0.001098160 0.000613980 0.000475590 0.000414190 0.000370950 0.000000000 0.001104540 0.001198640 0.001119150 0.001112420 0.001107510 0.001267020 0.001273770 0.001170210 0.001242600 0.001255520 0.001403100 0.001365300 0.001435730 0.001398180 0.001403590 0.001403480 0.001301390 0.001796420 0.001236790 0.001746290 0.001225010 0.001355330 0.001157110 0.001325190 0.001174180 0.001188110 0.001161330 0.001184870 0.001197660 0.001193000 0.001186800 0.001190270 0.001338390 
47     0.000217630 0.000217720 0.000222050 0.000263740 0.000281230 0.000790490 0.000240560 0.000335780 0.000330420 0.000329180 0.000300430 0.000222510 0.000330310 0.000913220 0.000639830 0.000786830 0.000748010 0.001104540 0.000000000 0.000051550 0.000020690 0.000076740 0.000071830 0.000123380 0.000154240 0.000148790 0.000221180 0.000234100 0.000278610 0.000343880 0.000394820 0.000376760 0.000382170 0.000382060 0.000279970 0.000581790 0.000215370 0.000549080 0.000203590 0.000319150 0.000126820 0.000303770 0.000152760 0.000163450 0.000139910 0.000163450 0.000176240 0.000171580 0.000165380 0.000168850 0.000338490 
34     0.000311730 0.000311820 0.000316150 0.000357840 0.000375330 0.000845310 0.000334660 0.000409630 0.000424520 0.000423280 0.000346680 0.000277330 0.000385130 0.001007320 0.000694650 0.000880930 0.000842110 0.001198640 0.000051550 0.000000000 0.000000790 0.000170840 0.000108510 0.000158110 0.000188970 0.000242000 0.000315280 0.000328200 0.000333430 0.000408610 0.000429550 0.000470860 0.000450970 0.000476160 0.000374070 0.000616520 0.000309470 0.000583810 0.000297690 0.000353880 0.000161550 0.000397870 0.000233350 0.000198180 0.000178070 0.000218600 0.000216480 0.000234460 0.000214460 0.000212860 0.000373220 
21     0.000232240 0.000232330 0.000236660 0.000278350 0.000295840 0.000895850 0.000255170 0.000350390 0.000345030 0.000343790 0.000351930 0.000324170 0.000364390 0.000927830 0.000745190 0.000801440 0.000762620 0.001119150 0.000020690 0.000000790 0.000000000 0.000091350 0.000086440 0.000184170 0.000215030 0.000163400 0.000235790 0.000248710 0.000383970 0.000358490 0.000428920 0.000391370 0.000396780 0.000396670 0.000294580 0.000642580 0.000229980 0.000609870 0.000218200 0.000348520 0.000150300 0.000318380 0.000167370 0.000181300 0.000154520 0.000178060 0.000190850 0.000186190 0.000179990 0.000183460 0.000399280 
27     0.000225510 0.000225600 0.000229930 0.000271620 0.000289110 0.000957960 0.000248440 0.000343660 0.000338300 0.000337060 0.000352900 0.000317440 0.000357660 0.000921100 0.000782710 0.000794710 0.000755890 0.001112420 0.000076740 0.000170840 0.000091350 0.000000000 0.000073270 0.000020890 0.000022880 0.000156670 0.000229060 0.000241980 0.000389560 0.000351760 0.000422190 0.000384640 0.000390050 0.000389940 0.000287850 0.000790730 0.000223250 0.000745080 0.000211470 0.000341790 0.000052900 0.000068740 0.000160640 0.000174570 0.000147790 0.000171330 0.000184120 0.000049400 0.000049200 0.000129040 0.000535310 
29     0.000220600 0.000220690 0.000225020 0.000266710 0.000284200 0.000799680 0.000243530 0.000338750 0.000333390 0.000332150 0.000286820 0.000231700 0.000339500 0.000916190 0.000649020 0.000789800 0.000750980 0.001107510 0.000071830 0.000108510 0.000086440 0.000073270 0.000000000 0.000064160 0.000095020 0.000151760 0.000224150 0.000237070 0.000287800 0.000346850 0.000375760 0.000379730 0.000385140 0.000385030 0.000282940 0.000562730 0.000218340 0.000530020 0.000206560 0.000300090 0.000107760 0.000306740 0.000155730 0.000144390 0.000124280 0.000164810 0.000162690 0.000174550 0.000160670 0.000159070 0.000319430 
26     0.000378590 0.000365010 0.000384530 0.000426220 0.000402070 0.000919440 0.000403040 0.000447900 0.000492900 0.000491660 0.000390780 0.000331810 0.000459260 0.001075700 0.000768780 0.000949310 0.000910490 0.001267020 0.000123380 0.000158110 0.000184170 0.000020890 0.000064160 0.000000000 0.000004790 0.000237810 0.000383660 0.000349800 0.000407560 0.000478450 0.000425360 0.000539240 0.000446780 0.000544540 0.000442450 0.000612330 0.000377850 0.000579620 0.000366070 0.000349690 0.000035070 0.000050910 0.000251680 0.000193990 0.000173880 0.000028110 0.000212290 0.000031570 0.000031370 0.000111210 0.000369030 
20     0.000386860 0.000386950 0.000391280 0.000432970 0.000432930 0.000922720 0.000409790 0.000478760 0.000499650 0.000498410 0.000402820 0.000354740 0.000462540 0.001082450 0.000772060 0.000956060 0.000917240 0.001273770 0.000154240 0.000188970 0.000215030 0.000022880 0.000095020 0.000004790 0.000000000 0.000268670 0.000390410 0.000380660 0.000410840 0.000486020 0.000456220 0.000545990 0.000477640 0.000551290 0.000449200 0.000643190 0.000384600 0.000610480 0.000372820 0.000380550 0.000037060 0.000052900 0.000282540 0.000224850 0.000204740 0.000180050 0.000243150 0.000033560 0.000033360 0.000113200 0.000399890 
38     0.000109080 0.000081660 0.000287720 0.000329410 0.000346900 0.000670130 0.000306230 0.000375230 0.000396090 0.000394850 0.000290990 0.000242930 0.000350730 0.000978890 0.000660250 0.000852500 0.000813680 0.001170210 0.000148790 0.000242000 0.000163400 0.000156670 0.000151760 0.000237810 0.000268670 0.000000000 0.000106290 0.000119210 0.000158250 0.000228990 0.000299420 0.000261870 0.000267280 0.000267170 0.000165080 0.000572820 0.000106020 0.000491790 0.000098840 0.000229160 0.000030940 0.000199020 0.000048010 0.000061940 0.000035160 0.000058700 0.000071490 0.000066830 0.000060630 0.000064100 0.000452920 
31     0.000355690 0.000355780 0.000360110 0.000401800 0.000419290 0.000826510 0.000378620 0.000473840 0.000468480 0.000467240 0.000483080 0.000447620 0.000487840 0.001051280 0.000703800 0.000924890 0.000886070 0.001242600 0.000221180 0.000315280 0.000235790 0.000229060 0.000224150 0.000383660 0.000390410 0.000106290 0.000000000 0.000064040 0.000211620 0.000173820 0.000251570 0.000214020 0.000219430 0.000219320 0.000117230 0.000652110 0.000178410 0.000619400 0.000171230 0.000301550 0.000103330 0.000271410 0.000120400 0.000134330 0.000107550 0.000131090 0.000143880 0.000139220 0.000133020 0.000136490 0.000665490 
28     0.000368610 0.000368700 0.000373030 0.000414720 0.000432210 0.000704330 0.000391540 0.000467650 0.000481400 0.000480160 0.000429920 0.000335350 0.000443150 0.001064200 0.000681260 0.000937810 0.000898990 0.001255520 0.000234100 0.000328200 0.000248710 0.000241980 0.000237070 0.000349800 0.000380660 0.000119210 0.000064040 0.000000000 0.000050530 0.000122440 0.000145960 0.000226940 0.000167380 0.000232240 0.000130150 0.000548490 0.000191330 0.000515780 0.000184150 0.000314470 0.000116250 0.000284330 0.000133320 0.000147250 0.000120470 0.000144010 0.000156800 0.000152140 0.000145940 0.000149410 0.000564910 
44     0.000387060 0.000369410 0.000378220 0.000453700 0.000453950 0.000688740 0.000451820 0.000452060 0.000487920 0.000484030 0.000414330 0.000319760 0.000427560 0.001211780 0.000163760 0.001017080 0.001010390 0.001403100 0.000278610 0.000333430 0.000383970 0.000389560 0.000287800 0.000407560 0.000410840 0.000158250 0.000211620 0.000050530 0.000000000 0.000043180 0.000331200 0.000374520 0.000352620 0.000352790 0.000170110 0.000657250 0.000338910 0.000510400 0.000331730 0.000462050 0.000238780 0.000431910 0.000275780 0.000263460 0.000237740 0.000291590 0.000304380 0.000299720 0.000293520 0.000296990 0.000673670 
24     0.000462240 0.000444590 0.000453400 0.000524500 0.000529130 0.000763920 0.000501320 0.000527240 0.000563100 0.000559210 0.000489510 0.000394940 0.000502740 0.001173980 0.000246780 0.001047590 0.001008770 0.001365300 0.000343880 0.000408610 0.000358490 0.000351760 0.000346850 0.000478450 0.000486020 0.000228990 0.000173820 0.000122440 0.000043180 0.000000000 0.000351090 0.000336720 0.000342130 0.000342020 0.000239930 0.000677140 0.000301110 0.000585580 0.000293930 0.000424250 0.000226030 0.000394110 0.000243100 0.000257030 0.000230250 0.000253790 0.000266580 0.000261920 0.000255720 0.000259190 0.000693560 
39     0.000548820 0.000548910 0.000553240 0.000594930 0.000612420 0.001105120 0.000571750 0.000666970 0.000661610 0.000660370 0.000676210 0.000603250 0.000680970 0.001244410 0.000984290 0.001118020 0.001079200 0.001435730 0.000394820 0.000429550 0.000428920 0.000422190 0.000375760 0.000425360 0.000456220 0.000299420 0.000251570 0.000145960 0.000331200 0.000351090 0.000000000 0.000048410 0.000053820 0.000104880 0.000272980 0.000624050 0.000371540 0.000591340 0.000364360 0.000494680 0.000296460 0.000464540 0.000313530 0.000327460 0.000300680 0.000324220 0.000337010 0.000332350 0.000326150 0.000329620 0.000640470 
42     0.000511270 0.000511360 0.000515690 0.000557380 0.000574870 0.001105480 0.000534200 0.000629420 0.000624060 0.000622820 0.000638660 0.000603200 0.000643420 0.001206860 0.000951620 0.001080470 0.001041650 0.001398180 0.000376760 0.000470860 0.000391370 0.000384640 0.000379730 0.000539240 0.000545990 0.000261870 0.000214020 0.000226940 0.000374520 0.000336720 0.000048410 0.000000000 0.000001650 0.000309980 0.000235430 0.000741590 0.000333990 0.000708880 0.000326810 0.000457130 0.000258910 0.000426990 0.000275980 0.000289910 0.000263130 0.000286670 0.000299460 0.000294800 0.000288600 0.000292070 0.000758010 
48     0.000516680 0.000516770 0.000521100 0.000562790 0.000580280 0.001077150 0.000539610 0.000634830 0.000629470 0.000628230 0.000644070 0.000608610 0.000648830 0.001212270 0.000990290 0.001085880 0.001047060 0.001403590 0.000382170 0.000450970 0.000396780 0.000390050 0.000385140 0.000446780 0.000477640 0.000267280 0.000219430 0.000167380 0.000352620 0.000342130 0.000053820 0.000001650 0.000000000 0.000254120 0.000240840 0.000645470 0.000339400 0.000612760 0.000332220 0.000462540 0.000264320 0.000432400 0.000281390 0.000295320 0.000268540 0.000292080 0.000304870 0.000300210 0.000294010 0.000297480 0.000661890 
41     0.000516570 0.000516660 0.000520990 0.000562680 0.000580170 0.000977770 0.000539500 0.000634720 0.000629360 0.000628120 0.000643960 0.000608500 0.000648720 0.001212160 0.000762410 0.001085770 0.001046950 0.001403480 0.000382060 0.000476160 0.000396670 0.000389940 0.000385030 0.000544540 0.000551290 0.000267170 0.000219320 0.000232240 0.000352790 0.000342020 0.000104880 0.000309980 0.000254120 0.000000000 0.000240730 0.000941570 0.000339290 0.000799430 0.000332110 0.000462430 0.000264210 0.000432290 0.000281280 0.000295210 0.000268430 0.000291970 0.000304760 0.000300100 0.000293900 0.000297370 0.000826370 
33     0.000414480 0.000414570 0.000418900 0.000460590 0.000478080 0.000795090 0.000437410 0.000532630 0.000527270 0.000526030 0.000520680 0.000426110 0.000533910 0.001110070 0.000843430 0.000983680 0.000944860 0.001301390 0.000279970 0.000374070 0.000294580 0.000287850 0.000282940 0.000442450 0.000449200 0.000165080 0.000117230 0.000130150 0.000170110 0.000239930 0.000272980 0.000235430 0.000240840 0.000240730 0.000000000 0.000689260 0.000237200 0.000616750 0.000230020 0.000360340 0.000162120 0.000330200 0.000179190 0.000193120 0.000166340 0.000189880 0.000202670 0.000198010 0.000191810 0.000195280 0.000724280 
37     0.000837000 0.000823420 0.000843030 0.000886630 0.000860480 0.000028800 0.000882980 0.000906310 0.000983760 0.000955070 0.000841210 0.000790220 0.000923400 0.001647750 0.001232920 0.001409100 0.001389810 0.001796420 0.000581790 0.000616520 0.000642580 0.000790730 0.000562730 0.000612330 0.000643190 0.000572820 0.000652110 0.000548490 0.000657250 0.000677140 0.000624050 0.000741590 0.000645470 0.000941570 0.000689260 0.000000000 0.000015120 0.000049990 0.000767700 0.000808100 0.000615770 0.000867880 0.000710090 0.000652400 0.000632290 0.000672820 0.000670700 0.000688680 0.000668680 0.000667080 0.000827440 
22     0.000349880 0.000349970 0.000354300 0.000395990 0.000413480 0.000003470 0.000372810 0.000468030 0.000462670 0.000461430 0.000477270 0.000441810 0.000482030 0.001045470 0.000907080 0.000919080 0.000880260 0.001236790 0.000215370 0.000309470 0.000229980 0.000223250 0.000218340 0.000377850 0.000384600 0.000106020 0.000178410 0.000191330 0.000338910 0.000301110 0.000371540 0.000333990 0.000339400 0.000339290 0.000237200 0.000015120 0.000000000 0.000061270 0.000165420 0.000295740 0.000097520 0.000265600 0.000114590 0.000128520 0.000101740 0.000125280 0.000138070 0.000133410 0.000127210 0.000130680 0.000659680 
32     0.000644480 0.000637930 0.000634100 0.000787240 0.000787490 0.000298700 0.000784210 0.000759540 0.000821460 0.000817570 0.000747870 0.000653300 0.000761100 0.001555070 0.001042430 0.001350620 0.001339680 0.001746290 0.000549080 0.000583810 0.000609870 0.000745080 0.000530020 0.000579620 0.000610480 0.000491790 0.000619400 0.000515780 0.000510400 0.000585580 0.000591340 0.000708880 0.000612760 0.000799430 0.000616750 0.000049990 0.000061270 0.000000000 0.000687250 0.000673030 0.000492540 0.000787430 0.000609320 0.000596340 0.000537220 0.000544090 0.000623890 0.000619880 0.000533750 0.000572930 0.000794730 
23     0.000338100 0.000338190 0.000342520 0.000384210 0.000401700 0.001070550 0.000361030 0.000456250 0.000450890 0.000449650 0.000465490 0.000430030 0.000470250 0.001033690 0.000895300 0.000907300 0.000868480 0.001225010 0.000203590 0.000297690 0.000218200 0.000211470 0.000206560 0.000366070 0.000372820 0.000098840 0.000171230 0.000184150 0.000331730 0.000293930 0.000364360 0.000326810 0.000332220 0.000332110 0.000230020 0.000767700 0.000165420 0.000687250 0.000000000 0.000283020 0.000084800 0.000252880 0.000101870 0.000115800 0.000089080 0.000112560 0.000125350 0.000120690 0.000114490 0.000117960 0.000635530 
35     0.000468420 0.000468510 0.000472840 0.000514530 0.000532020 0.001200870 0.000491350 0.000586570 0.000581210 0.000579970 0.000583830 0.000513400 0.000600570 0.001164010 0.001025620 0.001037620 0.000998800 0.001355330 0.000319150 0.000353880 0.000348520 0.000341790 0.000300090 0.000349690 0.000380550 0.000229160 0.000301550 0.000314470 0.000462050 0.000424250 0.000494680 0.000457130 0.000462540 0.000462430 0.000360340 0.000808100 0.000295740 0.000673030 0.000283020 0.000000000 0.000026320 0.000373340 0.000232190 0.000246120 0.000219400 0.000242880 0.000255670 0.000251010 0.000244810 0.000248280 0.000550620 
30     0.000249980 0.000232330 0.000241140 0.000316310 0.000316870 0.000750660 0.000293130 0.000314980 0.000350840 0.000346950 0.000264020 0.000182680 0.000290480 0.000965790 0.000600000 0.000835700 0.000800580 0.001157110 0.000126820 0.000161550 0.000150300 0.000052900 0.000107760 0.000035070 0.000037060 0.000030940 0.000103330 0.000116250 0.000238780 0.000226030 0.000296460 0.000258910 0.000264320 0.000264210 0.000162120 0.000615770 0.000097520 0.000492540 0.000084800 0.000026320 0.000000000 0.000025460 0.000033970 0.000047900 0.000021180 0.000036150 0.000057450 0.000005940 0.000005740 0.000041290 0.000358290 
19     0.000438280 0.000438370 0.000442700 0.000484390 0.000501880 0.000966560 0.000461210 0.000530880 0.000551070 0.000549830 0.000493150 0.000398580 0.000506380 0.001133870 0.000815900 0.001007480 0.000968660 0.001325190 0.000303770 0.000397870 0.000318380 0.000068740 0.000306740 0.000050910 0.000052900 0.000199020 0.000271410 0.000284330 0.000431910 0.000394110 0.000464540 0.000426990 0.000432400 0.000432290 0.000330200 0.000867880 0.000265600 0.000787430 0.000252880 0.000373340 0.000025460 0.000000000 0.000202050 0.000215980 0.000189260 0.000212740 0.000225530 0.000021960 0.000021760 0.000101600 0.000748080 
50     0.000286980 0.000269330 0.000278140 0.000333380 0.000350870 0.000787660 0.000150540 0.000351980 0.000387840 0.000383950 0.000314250 0.000219680 0.000327480 0.000982860 0.000637000 0.000856470 0.000817650 0.001174180 0.000152760 0.000233350 0.000167370 0.000160640 0.000155730 0.000251680 0.000282540 0.000048010 0.000120400 0.000133320 0.000275780 0.000243100 0.000313530 0.000275980 0.000281390 0.000281280 0.000179190 0.000710090 0.000114590 0.000609320 0.000101870 0.000232190 0.000033970 0.000202050 0.000000000 0.000014230 0.000038250 0.000061250 0.000074040 0.000069380 0.000063180 0.000066650 0.000452610 
36     0.000274660 0.000257010 0.000265820 0.000341300 0.000341550 0.000775340 0.000324130 0.000339660 0.000375520 0.000371630 0.000301930 0.000207360 0.000315160 0.000996790 0.000624680 0.000870400 0.000831580 0.001188110 0.000163450 0.000198180 0.000181300 0.000174570 0.000144390 0.000193990 0.000224850 0.000061940 0.000134330 0.000147250 0.000263460 0.000257030 0.000327460 0.000289910 0.000295320 0.000295210 0.000193120 0.000652400 0.000128520 0.000596340 0.000115800 0.000246120 0.000047900 0.000215980 0.000014230 0.000000000 0.000052180 0.000075180 0.000087970 0.000083310 0.000077110 0.000080580 0.000394920 
25     0.000248940 0.000231290 0.000240100 0.000315580 0.000315830 0.000749620 0.000297350 0.000313940 0.000120960 0.000345910 0.000276210 0.000181640 0.000289440 0.000970010 0.000598960 0.000843620 0.000804800 0.001161330 0.000139910 0.000178070 0.000154520 0.000147790 0.000124280 0.000173880 0.000204740 0.000035160 0.000107550 0.000120470 0.000237740 0.000230250 0.000300680 0.000263130 0.000268540 0.000268430 0.000166340 0.000632290 0.000101740 0.000537220 0.000089080 0.000219400 0.000021180 0.000189260 0.000038250 0.000052180 0.000000000 0.000042960 0.000061730 0.000057070 0.000049790 0.000048100 0.000374810 
46     0.000297960 0.000298050 0.000302380 0.000344070 0.000361560 0.000844110 0.000320890 0.000408430 0.000410750 0.000409510 0.000329150 0.000276130 0.000383930 0.000993550 0.000693450 0.000867160 0.000828340 0.001184870 0.000163450 0.000218600 0.000178060 0.000171330 0.000164810 0.000028110 0.000180050 0.000058700 0.000131090 0.000144010 0.000291590 0.000253790 0.000324220 0.000286670 0.000292080 0.000291970 0.000189880 0.000672820 0.000125280 0.000544090 0.000112560 0.000242880 0.000036150 0.000212740 0.000061250 0.000075180 0.000042960 0.000000000 0.000014090 0.000054730 0.000024720 0.000029080 0.000415340 
40     0.000310750 0.000310840 0.000315170 0.000356860 0.000374350 0.000863670 0.000333680 0.000427990 0.000423540 0.000422300 0.000351910 0.000295690 0.000403490 0.001006340 0.000713010 0.000879950 0.000841130 0.001197660 0.000176240 0.000216480 0.000190850 0.000184120 0.000162690 0.000212290 0.000243150 0.000071490 0.000143880 0.000156800 0.000304380 0.000266580 0.000337010 0.000299460 0.000304870 0.000304760 0.000202670 0.000670700 0.000138070 0.000623890 0.000125350 0.000255670 0.000057450 0.000225530 0.000074040 0.000087970 0.000061730 0.000014090 0.000000000 0.000053460 0.000022600 0.000017160 0.000413220 
49     0.000306090 0.000306180 0.000310510 0.000352200 0.000369690 0.000863840 0.000329020 0.000424240 0.000418880 0.000417640 0.000340770 0.000295860 0.000403660 0.001001680 0.000713180 0.000875290 0.000836470 0.001193000 0.000171580 0.000234460 0.000186190 0.000049400 0.000174550 0.000031570 0.000033560 0.000066830 0.000139220 0.000152140 0.000299720 0.000261920 0.000332350 0.000294800 0.000300210 0.000300100 0.000198010 0.000688680 0.000133410 0.000619880 0.000120690 0.000251010 0.000005940 0.000021960 0.000069380 0.000083310 0.000057070 0.000054730 0.000053460 0.000000000 0.000002220 0.000006110 0.000431200 
45     0.000299890 0.000299980 0.000304310 0.000346000 0.000363490 0.000849620 0.000322820 0.000402470 0.000412680 0.000411440 0.000328310 0.000281640 0.000389440 0.000995480 0.000698960 0.000869090 0.000830270 0.001186800 0.000165380 0.000214460 0.000179990 0.000049200 0.000160670 0.000031370 0.000033360 0.000060630 0.000133020 0.000145940 0.000293520 0.000255720 0.000326150 0.000288600 0.000294010 0.000293900 0.000191810 0.000668680 0.000127210 0.000533750 0.000114490 0.000244810 0.000005740 0.000021760 0.000063180 0.000077110 0.000049790 0.000024720 0.000022600 0.000002220 0.000000000 0.000004430 0.000411200 
43     0.000303360 0.000303450 0.000307780 0.000349470 0.000366960 0.000846420 0.000326290 0.000399950 0.000416150 0.000414910 0.000326620 0.000278440 0.000386240 0.000998950 0.000695760 0.000872560 0.000833740 0.001190270 0.000168850 0.000212860 0.000183460 0.000129040 0.000159070 0.000111210 0.000113200 0.000064100 0.000136490 0.000149410 0.000296990 0.000259190 0.000329620 0.000292070 0.000297480 0.000297370 0.000195280 0.000667080 0.000130680 0.000572930 0.000117960 0.000248280 0.000041290 0.000101600 0.000066650 0.000080580 0.000048100 0.000029080 0.000017160 0.000006110 0.000004430 0.000000000 0.000409600 
0     0.000451480 0.000451570 0.000455900 0.000497590 0.000515080 0.001183930 0.000474410 0.000569630 0.000564270 0.000563030 0.000578870 0.000471480 0.000583630 0.001147070 0.001008680 0.001020680 0.000981860 0.001338390 0.000338490 0.000373220 0.000399280 0.000535310 0.000319430 0.000369030 0.000399890 0.000452920 0.000665490 0.000564910 0.000673670 0.000693560 0.000640470 0.000758010 0.000661890 0.000826370 0.000724280 0.000827440 0.000659680 0.000794730 0.000635530 0.000550620 0.000358290 0.000748080 0.000452610 0.000394920 0.000374810 0.000415340 0.000413220 0.000431200 0.000411200 0.000409600 0.000000000 
