51
3     0.000000000 0.081612017 0.078514431 0.076587501 0.074227627 0.075782745 0.095072087 0.069806349 0.069478672 0.099354051 0.101537399 0.107231341 0.128706675 0.134313474 0.135574118 0.106626373 0.125722917 0.113551522 0.109904558 0.106466636 0.111799523 0.113174295 0.117432370 0.099611022 0.100904877 0.102653794 0.128607569 0.132139365 0.131820353 0.133409200 0.134286858 0.115610273 0.132241950 0.143723629 0.125544296 0.114554983 0.114461655 0.115594002 0.103242708 0.094159625 0.095024253 0.094814134 0.100144933 0.108670343 0.127193000 0.112135265 0.120418620 0.116438628 0.092445657 0.123622544 0.219530744 
1     0.081612017 0.000000000 0.064671083 0.062480058 0.060069109 0.061837571 0.081052792 0.075333243 0.074990702 0.131716595 0.133898436 0.139678459 0.161917184 0.167523984 0.168784628 0.140080718 0.158998261 0.146832721 0.143185756 0.139568231 0.145075380 0.146450151 0.150678167 0.132886878 0.134180733 0.135936583 0.161929862 0.165461658 0.165142647 0.166731493 0.167609151 0.148913054 0.165396001 0.177026409 0.158847077 0.147827319 0.147733990 0.148866338 0.136483341 0.127385821 0.128324459 0.128114339 0.133390395 0.141915805 0.160350178 0.145402001 0.153685356 0.149705364 0.125593241 0.156866768 0.252551995 
6     0.078514431 0.064671083 0.000000000 0.029487286 0.027291160 0.039719201 0.067877051 0.072201347 0.071858806 0.128679483 0.130868467 0.136428897 0.158486478 0.164093277 0.165353921 0.136686859 0.155573874 0.143371163 0.139724198 0.136374701 0.141881767 0.143256539 0.147476228 0.129693266 0.130987121 0.132742970 0.158705484 0.162237279 0.161918268 0.163507114 0.164384773 0.145687592 0.162211876 0.173800947 0.155621615 0.144562100 0.144462462 0.145601119 0.133237253 0.124108752 0.125101698 0.124891579 0.130156608 0.138682018 0.157085182 0.142153106 0.150436461 0.146456469 0.122308377 0.153576806 0.249327328 
9     0.076587501 0.062480058 0.029487286 0.000000000 0.021005714 0.037813929 0.065604911 0.070425355 0.070082814 0.126694640 0.128883623 0.134444054 0.156522373 0.162129173 0.163389817 0.134722755 0.153609769 0.141407058 0.137760094 0.134410597 0.139917663 0.141292434 0.145512123 0.127729161 0.129023016 0.130778866 0.156741379 0.160273175 0.159954163 0.161543010 0.162420668 0.143723487 0.160247771 0.171836842 0.153657510 0.142597995 0.142498357 0.143637015 0.131273148 0.122144648 0.123137594 0.122927475 0.128192503 0.136717913 0.155121077 0.140189002 0.148472356 0.144492364 0.120344272 0.151612701 0.247363223 
5     0.074227627 0.060069109 0.027291160 0.021005714 0.000000000 0.035643093 0.063413625 0.068127586 0.067785045 0.124334056 0.126523040 0.132083471 0.154161790 0.159768590 0.161029233 0.132362172 0.151249186 0.139046475 0.135399510 0.132050013 0.137557079 0.138931851 0.143157762 0.125368578 0.126662433 0.128418282 0.154380796 0.157912591 0.157593580 0.159182427 0.160060085 0.141362904 0.157887188 0.169476259 0.151296927 0.140237412 0.140137774 0.141276431 0.128912565 0.119784064 0.120777011 0.120566891 0.125831920 0.134357330 0.152760494 0.137828418 0.146111773 0.142131781 0.117983689 0.149252118 0.245002640 
10     0.075782745 0.061837571 0.039719201 0.037813929 0.035643093 0.000000000 0.065104597 0.069521634 0.069179093 0.125964728 0.128153711 0.133714142 0.155772038 0.161378838 0.162639482 0.134032337 0.152921774 0.140742622 0.137095657 0.133669012 0.139176078 0.140550850 0.144770539 0.126987577 0.128281432 0.130037281 0.155991044 0.159522840 0.159203828 0.160792675 0.161670333 0.142973152 0.159497436 0.171086507 0.152907175 0.141856411 0.141756773 0.142895430 0.130531564 0.121403063 0.122396010 0.122185890 0.127450919 0.135976329 0.154379493 0.139447417 0.147730772 0.143750780 0.119628977 0.150871117 0.246612888 
11     0.095072087 0.081052792 0.067877051 0.065604911 0.063413625 0.065104597 0.000000000 0.089119989 0.088777448 0.145184887 0.147373871 0.152934302 0.175015082 0.180621882 0.181882526 0.153205024 0.172146349 0.160004130 0.156357166 0.152917395 0.158419038 0.159793809 0.163971471 0.146230536 0.147524391 0.149280241 0.175234003 0.178765799 0.178446788 0.180035634 0.180913292 0.162213687 0.178737971 0.190327042 0.172147710 0.160998147 0.160897842 0.162037166 0.149686965 0.140596850 0.141555544 0.141345425 0.146593837 0.155119248 0.173548147 0.158606952 0.166890307 0.162910315 0.138908750 0.170069466 0.265870242 
2     0.069806349 0.075333243 0.072201347 0.070425355 0.068127586 0.069521634 0.089119989 0.000000000 0.008516162 0.120642901 0.122847653 0.128583073 0.150408512 0.155996345 0.157262647 0.128585956 0.147511920 0.135287276 0.131644394 0.128076207 0.133564561 0.134939333 0.139190013 0.121350192 0.122661266 0.124417115 0.150440737 0.153972532 0.153653521 0.155242367 0.156120026 0.137437609 0.154013585 0.165550964 0.147371632 0.136391710 0.136298382 0.137430729 0.125080760 0.115951538 0.116818615 0.116608496 0.121927779 0.130453190 0.148866869 0.133907863 0.142191218 0.138211226 0.114222371 0.145451646 0.241116817 
12     0.069478672 0.074990702 0.071858806 0.070082814 0.067785045 0.069179093 0.088777448 0.008516162 0.000000000 0.120315040 0.122519977 0.128255397 0.150080836 0.155668668 0.156934970 0.128258280 0.147184244 0.134959600 0.131316718 0.127748531 0.133236885 0.134611656 0.138862337 0.121022516 0.122333589 0.124089439 0.150113060 0.153644856 0.153325845 0.154914691 0.155792349 0.137109932 0.153685909 0.165223288 0.147043955 0.136064033 0.135970705 0.137103053 0.124753084 0.115623861 0.116490938 0.116280819 0.121600103 0.130125513 0.148539192 0.133580187 0.141863542 0.137883550 0.113894694 0.145123970 0.240789141 
7     0.099354051 0.131716595 0.128679483 0.126694640 0.124334056 0.125964728 0.145184887 0.120642901 0.120315040 0.000000000 0.022732783 0.071615397 0.169563453 0.175170253 0.176430896 0.147743572 0.166698834 0.154536613 0.150889648 0.147243240 0.152625351 0.154000123 0.158272479 0.140439753 0.141831649 0.143443357 0.169337140 0.172868936 0.172549925 0.174138771 0.175016429 0.156368887 0.173009562 0.184504749 0.166325416 0.155482059 0.155388731 0.156521079 0.144169785 0.135040562 0.136012054 0.135801935 0.141155464 0.149680875 0.168088282 0.153063931 0.161347286 0.157367294 0.133530565 0.164406763 0.260161666 
4     0.101537399 0.133898436 0.130868467 0.128883623 0.126523040 0.128153711 0.147373871 0.122847653 0.122519977 0.022732783 0.000000000 0.073736423 0.171738873 0.177345672 0.178606316 0.149918991 0.168874254 0.156712032 0.153065068 0.149418659 0.154800771 0.156175542 0.160447899 0.142615173 0.144007069 0.145618777 0.171512560 0.175044356 0.174725344 0.176314191 0.177191849 0.158539569 0.175184982 0.186680168 0.168500836 0.157657479 0.157564151 0.158696498 0.146345204 0.137215982 0.138187474 0.137977355 0.143330884 0.151856294 0.170263701 0.155239351 0.163522705 0.159542713 0.135705985 0.166582182 0.262337085 
8     0.107231341 0.139678459 0.136428897 0.134444054 0.132083471 0.133714142 0.152934302 0.128583073 0.128255397 0.071615397 0.073736423 0.000000000 0.177320861 0.182927660 0.184188304 0.155663004 0.174618266 0.162413220 0.158766255 0.155181991 0.160705225 0.162079996 0.166342201 0.148516723 0.149823156 0.151516607 0.177262014 0.180793809 0.180474798 0.182063644 0.182941302 0.164364265 0.181002703 0.192497889 0.174318557 0.163334045 0.163240717 0.164373065 0.152021771 0.142886760 0.143868592 0.143658473 0.149012002 0.157537413 0.175889916 0.160912758 0.169196112 0.165216121 0.141418515 0.172360751 0.267987979 
42     0.128706675 0.161917184 0.158486478 0.156522373 0.154161790 0.155772038 0.175015082 0.150408512 0.150080836 0.169563453 0.171738873 0.177320861 0.000000000 0.031753199 0.036922473 0.111121021 0.130831768 0.117352938 0.113688584 0.139869796 0.145115475 0.146465007 0.150787214 0.132773148 0.134048391 0.135682195 0.161283356 0.164798397 0.164490685 0.166079531 0.166957190 0.148323051 0.164921505 0.176401630 0.158219039 0.146576249 0.146482921 0.147615269 0.135254056 0.126212552 0.126946300 0.126736181 0.132106404 0.140631599 0.159446732 0.144255939 0.152444128 0.148565412 0.125388146 0.156886112 0.269894221 
40     0.134313474 0.167523984 0.164093277 0.162129173 0.159768590 0.161378838 0.180621882 0.155996345 0.155668668 0.175170253 0.177345672 0.182927660 0.031753199 0.000000000 0.043525574 0.116751725 0.136462472 0.122995635 0.119331281 0.145482237 0.150717512 0.152067043 0.156389250 0.138375184 0.139650427 0.141296577 0.166885392 0.170400434 0.170092722 0.171681568 0.172559226 0.153925088 0.170523542 0.182003667 0.163821075 0.152036220 0.151942892 0.153075239 0.139914647 0.131669305 0.132548050 0.132337931 0.137708154 0.146233348 0.165048482 0.149857689 0.158045878 0.154167161 0.130994945 0.162492911 0.275501020 
14     0.135574118 0.168784628 0.165353921 0.163389817 0.161029233 0.162639482 0.181882526 0.157262647 0.156934970 0.176430896 0.178606316 0.184188304 0.036922473 0.043525574 0.000000000 0.118050125 0.137779422 0.124300592 0.120636238 0.146679507 0.151914510 0.153264042 0.157586249 0.139572183 0.140847426 0.142493575 0.168082391 0.171597432 0.171289720 0.172878567 0.173756225 0.155122086 0.171720541 0.183200665 0.165018074 0.153456177 0.153362849 0.154495196 0.142133984 0.133092479 0.133822535 0.133612416 0.138982639 0.147507834 0.166322967 0.151100153 0.159288343 0.155409626 0.132277472 0.163775438 0.276614030 
43     0.106626373 0.140080718 0.136686859 0.134722755 0.132362172 0.134032337 0.153205024 0.128585956 0.128258280 0.147743572 0.149918991 0.155663004 0.111121021 0.116751725 0.118050125 0.000000000 0.089824658 0.076418964 0.072757171 0.118266842 0.123304500 0.124654031 0.128976238 0.111000981 0.112276224 0.114007178 0.139365303 0.142880344 0.142572632 0.144161478 0.145039136 0.126586602 0.143197664 0.154677789 0.136495197 0.124649481 0.124556153 0.125688500 0.113397068 0.104350255 0.104962580 0.104752461 0.110090899 0.118634211 0.137256720 0.122323597 0.130511786 0.126633069 0.103327855 0.134889614 0.249084533 
35     0.125722917 0.158998261 0.155573874 0.153609769 0.151249186 0.152921774 0.172146349 0.147511920 0.147184244 0.166698834 0.168874254 0.174618266 0.130831768 0.136462472 0.137779422 0.089824658 0.000000000 0.097062896 0.093392401 0.137402187 0.142603905 0.143953437 0.148275644 0.130290914 0.131566157 0.133297111 0.158615362 0.162130404 0.161822692 0.163411538 0.164289196 0.145887302 0.162498364 0.173978488 0.155795897 0.144000149 0.143906821 0.145039169 0.132684455 0.123637886 0.124304582 0.124094463 0.129499980 0.138025448 0.156649012 0.141663098 0.149851287 0.145972571 0.122464412 0.153811999 0.268125044 
15     0.113551522 0.146832721 0.143371163 0.141407058 0.139046475 0.140742622 0.160004130 0.135287276 0.134959600 0.154536613 0.156712032 0.162413220 0.117352938 0.122995635 0.124300592 0.076418964 0.097062896 0.000000000 0.021861793 0.124912565 0.129950223 0.131299754 0.135621961 0.117637232 0.118912475 0.120643429 0.146016151 0.149530912 0.149223200 0.150812047 0.151689705 0.133101471 0.149712533 0.161192658 0.143010066 0.131497380 0.131404052 0.132536400 0.120205257 0.111172227 0.111822669 0.111612550 0.116992051 0.125517519 0.144159020 0.129196991 0.137385181 0.133506464 0.109966290 0.141447834 0.255792304 
26     0.109904558 0.143185756 0.139724198 0.137760094 0.135399510 0.137095657 0.156357166 0.131644394 0.131316718 0.150889648 0.153065068 0.158766255 0.113688584 0.119331281 0.120636238 0.072757171 0.093392401 0.021861793 0.000000000 0.121265881 0.126303538 0.127653069 0.131975277 0.113990547 0.115265790 0.116996744 0.142369186 0.145884228 0.145576516 0.147165362 0.148043020 0.129454507 0.146065569 0.157545693 0.139363102 0.127851529 0.127758201 0.128890548 0.116559406 0.107526376 0.108176818 0.107966699 0.113346200 0.121871668 0.140513169 0.125551140 0.133739329 0.129860613 0.106319326 0.137800869 0.252145339 
34     0.106466636 0.139568231 0.136374701 0.134410597 0.132050013 0.133669012 0.152917395 0.128076207 0.127748531 0.147243240 0.149418659 0.155181991 0.139869796 0.145482237 0.146679507 0.118266842 0.137402187 0.124912565 0.121265881 0.000000000 0.035621649 0.036598925 0.040849667 0.057935498 0.059532784 0.061509449 0.118533176 0.122039484 0.121764896 0.123353164 0.124231400 0.105886448 0.122521435 0.133938742 0.115740715 0.123583359 0.123495575 0.124627923 0.112317016 0.103181682 0.103907562 0.103697442 0.108972883 0.117490358 0.136248689 0.121033013 0.129363109 0.125383117 0.101769984 0.132389454 0.248807363 
50     0.111799523 0.145075380 0.141881767 0.139917663 0.137557079 0.139176078 0.158419038 0.133564561 0.133236885 0.152625351 0.154800771 0.160705225 0.145115475 0.150717512 0.151914510 0.123304500 0.142603905 0.129950223 0.126303538 0.035621649 0.000000000 0.023248379 0.037532805 0.063034093 0.064673633 0.066650298 0.123448083 0.126982811 0.126708222 0.128296490 0.129174727 0.110812932 0.127447919 0.138865226 0.120667199 0.128704838 0.128617054 0.129749401 0.117449888 0.108314554 0.109018142 0.108808023 0.114083464 0.122600938 0.141359269 0.126147704 0.134473690 0.130493698 0.106865387 0.137493694 0.254031852 
39     0.113174295 0.146450151 0.143256539 0.141292434 0.138931851 0.140550850 0.159793809 0.134939333 0.134611656 0.154000123 0.156175542 0.162079996 0.146465007 0.152067043 0.153264042 0.124654031 0.143953437 0.131299754 0.127653069 0.036598925 0.023248379 0.000000000 0.038784948 0.064474275 0.066113815 0.068090480 0.124733530 0.128263961 0.127989372 0.129577640 0.130455877 0.112026254 0.128671317 0.140091080 0.121893052 0.130043771 0.129955986 0.131088334 0.118788821 0.109653487 0.110357075 0.110146956 0.115422396 0.123939871 0.142698202 0.127486637 0.135812623 0.131832631 0.108204320 0.138832627 0.255399802 
27     0.117432370 0.150678167 0.147476228 0.145512123 0.143157762 0.144770539 0.163971471 0.139190013 0.138862337 0.158272479 0.160447899 0.166342201 0.150787214 0.156389250 0.157586249 0.128976238 0.148275644 0.135621961 0.131975277 0.040849667 0.037532805 0.038784948 0.000000000 0.068740278 0.070369665 0.072346331 0.129152242 0.132690130 0.132415542 0.134003810 0.134882046 0.116520251 0.133155239 0.144572546 0.126374518 0.134376576 0.134288792 0.135421140 0.123121626 0.113986292 0.114689881 0.114479762 0.119755202 0.128272677 0.147031008 0.131812282 0.140145428 0.136165436 0.112537125 0.143165433 0.259691922 
23     0.099611022 0.132886878 0.129693266 0.127729161 0.125368578 0.126987577 0.146230536 0.121350192 0.121022516 0.140439753 0.142615173 0.148516723 0.132773148 0.138375184 0.139572183 0.111000981 0.130290914 0.117637232 0.113990547 0.057935498 0.063034093 0.064474275 0.068740278 0.000000000 0.036229683 0.038458269 0.110859197 0.114528232 0.114253644 0.115841912 0.116720148 0.098211543 0.114852828 0.126338967 0.108144056 0.116348403 0.116255433 0.117387780 0.105051261 0.095924161 0.096566419 0.096356300 0.101635856 0.110153331 0.129033655 0.113857069 0.122065263 0.118202943 0.094665363 0.125251158 0.242090278 
49     0.100904877 0.134180733 0.130987121 0.129023016 0.126662433 0.128281432 0.147524391 0.122661266 0.122333589 0.141831649 0.144007069 0.149823156 0.134048391 0.139650427 0.140847426 0.112276224 0.131566157 0.118912475 0.115265790 0.059532784 0.064673633 0.066113815 0.070369665 0.036229683 0.000000000 0.019598367 0.112261317 0.115839398 0.115564809 0.117153077 0.118031314 0.099579585 0.116214572 0.127628763 0.109433852 0.117667901 0.117574931 0.118707279 0.106370760 0.097243660 0.097845729 0.097635610 0.102916188 0.111433662 0.130313987 0.115137400 0.123345594 0.119483274 0.095945694 0.126531490 0.243376653 
31     0.102653794 0.135936583 0.132742970 0.130778866 0.128418282 0.130037281 0.149280241 0.124417115 0.124089439 0.143443357 0.145618777 0.151516607 0.135682195 0.141296577 0.142493575 0.114007178 0.133297111 0.120643429 0.116996744 0.061509449 0.066650298 0.068090480 0.072346331 0.038458269 0.019598367 0.000000000 0.113988745 0.117566826 0.117292237 0.118880505 0.119758742 0.101474709 0.118109697 0.129523887 0.111328976 0.119452357 0.119359387 0.120491734 0.108155215 0.099028115 0.099563362 0.099353242 0.104591072 0.113056274 0.132049491 0.116900442 0.125108636 0.121246316 0.097708921 0.128258357 0.245153048 
24     0.128607569 0.161929862 0.158705484 0.156741379 0.154380796 0.155991044 0.175234003 0.150440737 0.150113060 0.169337140 0.171512560 0.177262014 0.161283356 0.166885392 0.168082391 0.139365303 0.158615362 0.146016151 0.142369186 0.118533176 0.123448083 0.124733530 0.129152242 0.110859197 0.112261317 0.113988745 0.000000000 0.039493034 0.038747094 0.041205788 0.042406197 0.101780162 0.118473072 0.130031108 0.111786297 0.145225897 0.145139551 0.146271898 0.133866786 0.124719115 0.125230638 0.125020519 0.130462882 0.138980357 0.157614288 0.142775156 0.150948101 0.147085780 0.123382416 0.153821415 0.270848128 
37     0.132139365 0.165461658 0.162237279 0.160273175 0.157912591 0.159522840 0.178765799 0.153972532 0.153644856 0.172868936 0.175044356 0.180793809 0.164798397 0.170400434 0.171597432 0.142880344 0.162130404 0.149530912 0.145884228 0.122039484 0.126982811 0.128263961 0.132690130 0.114528232 0.115839398 0.117566826 0.039493034 0.000000000 0.028328055 0.029789528 0.031148689 0.105299618 0.121992020 0.133539296 0.115294485 0.148740659 0.148654312 0.149786660 0.137381548 0.128233877 0.128745400 0.128535280 0.133977644 0.142495118 0.161129049 0.146289918 0.154462863 0.150600542 0.126943421 0.157379436 0.274379924 
47     0.131820353 0.165142647 0.161918268 0.159954163 0.157593580 0.159203828 0.178446788 0.153653521 0.153325845 0.172549925 0.174725344 0.180474798 0.164490685 0.170092722 0.171289720 0.142572632 0.161822692 0.149223200 0.145576516 0.121764896 0.126708222 0.127989372 0.132415542 0.114253644 0.115564809 0.117292237 0.038747094 0.028328055 0.000000000 0.020665930 0.025391636 0.105045554 0.121737957 0.133285232 0.115040421 0.148205794 0.148119447 0.149251795 0.136846683 0.127699012 0.128213607 0.128003488 0.133445852 0.141963326 0.160597257 0.145755053 0.153927998 0.150065677 0.126408556 0.156763845 0.273941365 
32     0.133409200 0.166731493 0.163507114 0.161543010 0.159182427 0.160792675 0.180035634 0.155242367 0.154914691 0.174138771 0.176314191 0.182063644 0.166079531 0.171681568 0.172878567 0.144161478 0.163411538 0.150812047 0.147165362 0.123353164 0.128296490 0.129577640 0.134003810 0.115841912 0.117153077 0.118880505 0.041205788 0.029789528 0.020665930 0.000000000 0.027036818 0.106670107 0.123362510 0.134909785 0.116664975 0.149810135 0.149723789 0.150856137 0.138451024 0.129303354 0.129817949 0.129607830 0.135050193 0.143567668 0.162201599 0.147359395 0.155532339 0.151670019 0.127998217 0.158353280 0.275530212 
22     0.134286858 0.167609151 0.164384773 0.162420668 0.160060085 0.161670333 0.180913292 0.156120026 0.155792349 0.175016429 0.177191849 0.182941302 0.166957190 0.172559226 0.173756225 0.145039136 0.164289196 0.151689705 0.148043020 0.124231400 0.129174727 0.130455877 0.134882046 0.116720148 0.118031314 0.119758742 0.042406197 0.031148689 0.025391636 0.027036818 0.000000000 0.107503401 0.124195804 0.135743079 0.117498269 0.150672298 0.150585952 0.151718300 0.139313187 0.130165517 0.130680112 0.130469993 0.135912356 0.144429831 0.163063762 0.148221558 0.156394502 0.152532182 0.128875875 0.159230349 0.276407870 
30     0.115610273 0.148913054 0.145687592 0.143723487 0.141362904 0.142973152 0.162213687 0.137437609 0.137109932 0.156368887 0.158539569 0.164364265 0.148323051 0.153925088 0.155122086 0.126586602 0.145887302 0.133101471 0.129454507 0.105886448 0.110812932 0.112026254 0.116520251 0.098211543 0.099579585 0.101474709 0.101780162 0.105299618 0.105045554 0.106670107 0.107503401 0.000000000 0.040716033 0.052906574 0.034312042 0.132180288 0.132111702 0.133244049 0.120837175 0.111710075 0.112204604 0.111994485 0.117457020 0.125974495 0.144593609 0.129732408 0.137905353 0.134043033 0.110386402 0.140744344 0.257846391 
45     0.132241950 0.165396001 0.162211876 0.160247771 0.157887188 0.159497436 0.178737971 0.154013585 0.153685909 0.173009562 0.175184982 0.181002703 0.164921505 0.170523542 0.171720541 0.143197664 0.162498364 0.149712533 0.146065569 0.122521435 0.127447919 0.128671317 0.133155239 0.114852828 0.116214572 0.118109697 0.118473072 0.121992020 0.121737957 0.123362510 0.124195804 0.040716033 0.000000000 0.068836995 0.048932434 0.148752266 0.148726106 0.149858454 0.137455428 0.128327443 0.128850118 0.128639999 0.134102535 0.142620009 0.161239123 0.146389412 0.154562356 0.150700036 0.126992773 0.157401032 0.274456888 
21     0.143723629 0.177026409 0.173800947 0.171836842 0.169476259 0.171086507 0.190327042 0.165550964 0.165223288 0.184504749 0.186680168 0.192497889 0.176401630 0.182003667 0.183200665 0.154677789 0.173978488 0.161192658 0.157545693 0.133938742 0.138865226 0.140091080 0.144572546 0.126338967 0.127628763 0.129523887 0.130031108 0.133539296 0.133285232 0.134909785 0.135743079 0.052906574 0.068836995 0.000000000 0.054436834 0.160276385 0.160207799 0.161340147 0.148933272 0.139806172 0.140300701 0.140090582 0.145553117 0.154070592 0.172689706 0.157828506 0.166001450 0.162139130 0.138481018 0.168844939 0.285931315 
19     0.125544296 0.158847077 0.155621615 0.153657510 0.151296927 0.152907175 0.172147710 0.147371632 0.147043955 0.166325416 0.168500836 0.174318557 0.158219039 0.163821075 0.165018074 0.136495197 0.155795897 0.143010066 0.139363102 0.115740715 0.120667199 0.121893052 0.126374518 0.108144056 0.109433852 0.111328976 0.111786297 0.115294485 0.115040421 0.116664975 0.117498269 0.034312042 0.048932434 0.054436834 0.000000000 0.142055266 0.142027072 0.143159420 0.130752545 0.121625445 0.122119974 0.121909855 0.127372390 0.135889865 0.154508979 0.139647779 0.147820723 0.143958403 0.120298426 0.150662347 0.267762742 
44     0.114554983 0.147827319 0.144562100 0.142597995 0.140237412 0.141856411 0.160998147 0.136391710 0.136064033 0.155482059 0.157657479 0.163334045 0.146576249 0.152036220 0.153456177 0.124649481 0.144000149 0.131497380 0.127851529 0.123583359 0.128704838 0.130043771 0.134376576 0.116348403 0.117667901 0.119452357 0.145225897 0.148740659 0.148205794 0.149810135 0.150672298 0.132180288 0.148752266 0.160276385 0.142055266 0.000000000 0.021219949 0.021574988 0.068372792 0.059766341 0.093326543 0.093103498 0.098760392 0.107250621 0.125375529 0.110730647 0.118875672 0.114972958 0.103651911 0.134523443 0.256502134 
17     0.114461655 0.147733990 0.144462462 0.142498357 0.140137774 0.141756773 0.160897842 0.136298382 0.135970705 0.155388731 0.157564151 0.163240717 0.146482921 0.151942892 0.153362849 0.124556153 0.143906821 0.131404052 0.127758201 0.123495575 0.128617054 0.129955986 0.134288792 0.116255433 0.117574931 0.119359387 0.145139551 0.148654312 0.148119447 0.149723789 0.150585952 0.132111702 0.148726106 0.160207799 0.142027072 0.021219949 0.000000000 0.021181018 0.068275812 0.059603228 0.093229512 0.093006468 0.098663361 0.107153590 0.125278498 0.110633617 0.118778642 0.114875928 0.103558583 0.134430115 0.256408806 
16     0.115594002 0.148866338 0.145601119 0.143637015 0.141276431 0.142895430 0.162037166 0.137430729 0.137103053 0.156521079 0.158696498 0.164373065 0.147615269 0.153075239 0.154495196 0.125688500 0.145039169 0.132536400 0.128890548 0.124627923 0.129749401 0.131088334 0.135421140 0.117387780 0.118707279 0.120491734 0.146271898 0.149786660 0.149251795 0.150856137 0.151718300 0.133244049 0.149858454 0.161340147 0.143159420 0.021574988 0.021181018 0.000000000 0.069521787 0.060863719 0.094341294 0.094118250 0.099775143 0.108265372 0.126390280 0.111782269 0.119927294 0.116024580 0.104690931 0.135562463 0.257541154 
13     0.103242708 0.136483341 0.133237253 0.131273148 0.128912565 0.130531564 0.149686965 0.125080760 0.124753084 0.144169785 0.146345204 0.152021771 0.135254056 0.139914647 0.142133984 0.113397068 0.132684455 0.120205257 0.116559406 0.112317016 0.117449888 0.118788821 0.123121626 0.105051261 0.106370760 0.108155215 0.133866786 0.137381548 0.136846683 0.138451024 0.139313187 0.120837175 0.137455428 0.148933272 0.130752545 0.068372792 0.068275812 0.069521787 0.000000000 0.046719420 0.082064207 0.081841163 0.087493397 0.095983626 0.113991901 0.099311550 0.107456575 0.103440386 0.092290091 0.123157684 0.245203344 
20     0.094159625 0.127385821 0.124108752 0.122144648 0.119784064 0.121403063 0.140596850 0.115951538 0.115623861 0.135040562 0.137215982 0.142886760 0.126212552 0.131669305 0.133092479 0.104350255 0.123637886 0.111172227 0.107526376 0.103181682 0.108314554 0.109653487 0.113986292 0.095924161 0.097243660 0.099028115 0.124719115 0.128233877 0.127699012 0.129303354 0.130165517 0.111710075 0.128327443 0.139806172 0.121625445 0.059766341 0.059603228 0.060863719 0.046719420 0.000000000 0.072985643 0.072762598 0.078406447 0.086896675 0.104815440 0.090187434 0.098332459 0.094409664 0.083218781 0.114046408 0.236068333 
36     0.095024253 0.128324459 0.125101698 0.123137594 0.120777011 0.122396010 0.141555544 0.116818615 0.116490938 0.136012054 0.138187474 0.143868592 0.126946300 0.132548050 0.133822535 0.104962580 0.124304582 0.111822669 0.108176818 0.103907562 0.109018142 0.110357075 0.114689881 0.096566419 0.097845729 0.099563362 0.125230638 0.128745400 0.128213607 0.129817949 0.130680112 0.112204604 0.128850118 0.140300701 0.122119974 0.093326543 0.093229512 0.094341294 0.082064207 0.072985643 0.000000000 0.009176506 0.047999312 0.056286502 0.098950496 0.084764913 0.092970754 0.089122066 0.083959605 0.114477460 0.236987521 
33     0.094814134 0.128114339 0.124891579 0.122927475 0.120566891 0.122185890 0.141345425 0.116608496 0.116280819 0.135801935 0.137977355 0.143658473 0.126736181 0.132337931 0.133612416 0.104752461 0.124094463 0.111612550 0.107966699 0.103697442 0.108808023 0.110146956 0.114479762 0.096356300 0.097635610 0.099353242 0.125020519 0.128535280 0.128003488 0.129607830 0.130469993 0.111994485 0.128639999 0.140090582 0.121909855 0.093103498 0.093006468 0.094118250 0.081841163 0.072762598 0.009176506 0.000000000 0.047906553 0.056191543 0.098756297 0.084536206 0.092742047 0.088893359 0.083749486 0.114267340 0.236777402 
41     0.100144933 0.133390395 0.130156608 0.128192503 0.125831920 0.127450919 0.146593837 0.121927779 0.121600103 0.141155464 0.143330884 0.149012002 0.132106404 0.137708154 0.138982639 0.110090899 0.129499980 0.116992051 0.113346200 0.108972883 0.114083464 0.115422396 0.119755202 0.101635856 0.102916188 0.104591072 0.130462882 0.133977644 0.133445852 0.135050193 0.135912356 0.117457020 0.134102535 0.145553117 0.127372390 0.098760392 0.098663361 0.099775143 0.087493397 0.078406447 0.047999312 0.047906553 0.000000000 0.041191142 0.103986986 0.089910415 0.098116256 0.094267568 0.089308557 0.119806219 0.242179763 
46     0.108670343 0.141915805 0.138682018 0.136717913 0.134357330 0.135976329 0.155119248 0.130453190 0.130125513 0.149680875 0.151856294 0.157537413 0.140631599 0.146233348 0.147507834 0.118634211 0.138025448 0.125517519 0.121871668 0.117490358 0.122600938 0.123939871 0.128272677 0.110153331 0.111433662 0.113056274 0.138980357 0.142495118 0.141963326 0.143567668 0.144429831 0.125974495 0.142620009 0.154070592 0.135889865 0.107250621 0.107153590 0.108265372 0.095983626 0.086896675 0.056286502 0.056191543 0.041191142 0.000000000 0.112488657 0.098351974 0.106557815 0.102709127 0.097871638 0.128369333 0.250705173 
38     0.127193000 0.160350178 0.157085182 0.155121077 0.152760494 0.154379493 0.173548147 0.148866869 0.148539192 0.168088282 0.170263701 0.175889916 0.159446732 0.165048482 0.166322967 0.137256720 0.156649012 0.144159020 0.140513169 0.136248689 0.141359269 0.142698202 0.147031008 0.129033655 0.130313987 0.132049491 0.157614288 0.161129049 0.160597257 0.162201599 0.163063762 0.144593609 0.161239123 0.172689706 0.154508979 0.125375529 0.125278498 0.126390280 0.113991901 0.104815440 0.098950496 0.098756297 0.103986986 0.112488657 0.000000000 0.115234023 0.123725570 0.119627975 0.116165102 0.146840407 0.268891062 
25     0.112135265 0.145402001 0.142153106 0.140189002 0.137828418 0.139447417 0.158606952 0.133907863 0.133580187 0.153063931 0.155239351 0.160912758 0.144255939 0.149857689 0.151100153 0.122323597 0.141663098 0.129196991 0.125551140 0.121033013 0.126147704 0.127486637 0.131812282 0.113857069 0.115137400 0.116900442 0.142775156 0.146289918 0.145755053 0.147359395 0.148221558 0.129732408 0.146389412 0.157828506 0.139647779 0.110730647 0.110633617 0.111782269 0.099311550 0.090187434 0.084764913 0.084536206 0.089910415 0.098351974 0.115234023 0.000000000 0.030440393 0.027015903 0.101326096 0.131889137 0.254189348 
48     0.120418620 0.153685356 0.150436461 0.148472356 0.146111773 0.147730772 0.166890307 0.142191218 0.141863542 0.161347286 0.163522705 0.169196112 0.152444128 0.158045878 0.159288343 0.130511786 0.149851287 0.137385181 0.133739329 0.129363109 0.134473690 0.135812623 0.140145428 0.122065263 0.123345594 0.125108636 0.150948101 0.154462863 0.153927998 0.155532339 0.156394502 0.137905353 0.154562356 0.166001450 0.147820723 0.118875672 0.118778642 0.119927294 0.107456575 0.098332459 0.092970754 0.092742047 0.098116256 0.106557815 0.123725570 0.030440393 0.000000000 0.031581805 0.109639944 0.140202985 0.262472703 
18     0.116438628 0.149705364 0.146456469 0.144492364 0.142131781 0.143750780 0.162910315 0.138211226 0.137883550 0.157367294 0.159542713 0.165216121 0.148565412 0.154167161 0.155409626 0.126633069 0.145972571 0.133506464 0.129860613 0.125383117 0.130493698 0.131832631 0.136165436 0.118202943 0.119483274 0.121246316 0.147085780 0.150600542 0.150065677 0.151670019 0.152532182 0.134043033 0.150700036 0.162139130 0.143958403 0.114972958 0.114875928 0.116024580 0.103440386 0.094409664 0.089122066 0.088893359 0.094267568 0.102709127 0.119627975 0.027015903 0.031581805 0.000000000 0.105659952 0.136222993 0.258492711 
28     0.092445657 0.125593241 0.122308377 0.120344272 0.117983689 0.119628977 0.138908750 0.114222371 0.113894694 0.133530565 0.135705985 0.141418515 0.125388146 0.130994945 0.132277472 0.103327855 0.122464412 0.109966290 0.106319326 0.101769984 0.106865387 0.108204320 0.112537125 0.094665363 0.095945694 0.097708921 0.123382416 0.126943421 0.126408556 0.127998217 0.128875875 0.110386402 0.126992773 0.138481018 0.120298426 0.103651911 0.103558583 0.104690931 0.092290091 0.083218781 0.083959605 0.083749486 0.089308557 0.097871638 0.116165102 0.101326096 0.109639944 0.105659952 0.000000000 0.100050948 0.234845227 
29     0.123622544 0.156866768 0.153576806 0.151612701 0.149252118 0.150871117 0.170069466 0.145451646 0.145123970 0.164406763 0.166582182 0.172360751 0.156886112 0.162492911 0.163775438 0.134889614 0.153811999 0.141447834 0.137800869 0.132389454 0.137493694 0.138832627 0.143165433 0.125251158 0.126531490 0.128258357 0.153821415 0.157379436 0.156763845 0.158353280 0.159230349 0.140744344 0.157401032 0.168844939 0.150662347 0.134523443 0.134430115 0.135562463 0.123157684 0.114046408 0.114477460 0.114267340 0.119806219 0.128369333 0.146840407 0.131889137 0.140202985 0.136222993 0.100050948 0.000000000 0.265789075 
0     0.219530744 0.252551995 0.249327328 0.247363223 0.245002640 0.246612888 0.265870242 0.241116817 0.240789141 0.260161666 0.262337085 0.267987979 0.269894221 0.275501020 0.276614030 0.249084533 0.268125044 0.255792304 0.252145339 0.248807363 0.254031852 0.255399802 0.259691922 0.242090278 0.243376653 0.245153048 0.270848128 0.274379924 0.273941365 0.275530212 0.276407870 0.257846391 0.274456888 0.285931315 0.267762742 0.256502134 0.256408806 0.257541154 0.245203344 0.236068333 0.236987521 0.236777402 0.242179763 0.250705173 0.268891062 0.254189348 0.262472703 0.258492711 0.234845227 0.265789075 0.000000000 
