51
4     0.000000000 0.009295776 0.008971966 0.011908273 0.010940707 0.010710372 0.010826238 0.011114122 0.010810616 0.011699112 0.011719402 0.016025571 0.014327854 0.017586791 0.020748873 0.021226016 0.018435738 0.019587593 0.019974673 0.019877954 0.020114399 0.019320485 0.018298524 0.020632216 0.016076801 0.016060728 0.016229634 0.017214207 0.016981767 0.019491688 0.019334667 0.019301650 0.019558815 0.014895218 0.017642554 0.018258814 0.019413353 0.017506015 0.017905419 0.017584837 0.018399425 0.017959384 0.018158621 0.017794847 0.018410027 0.020165918 0.019322463 0.021701809 0.020497119 0.018767597 0.040164084 
6     0.009295776 0.000000000 0.004094112 0.012520831 0.011541773 0.011308549 0.011427447 0.011716692 0.011411627 0.012315572 0.012333137 0.016699690 0.015001973 0.018236784 0.021398866 0.021876009 0.019087752 0.020239413 0.020626493 0.020529774 0.020766219 0.019972305 0.018950344 0.021283829 0.016728609 0.016712535 0.016881442 0.017866221 0.017643833 0.020153755 0.019996733 0.019963716 0.020220881 0.015545059 0.018309605 0.018918717 0.020073255 0.018166000 0.018565404 0.018244821 0.019059039 0.018619031 0.018819079 0.018444727 0.019059907 0.020822658 0.019979202 0.022358548 0.021153858 0.019424337 0.040815040 
5     0.008971966 0.004094112 0.000000000 0.012191184 0.011212126 0.010978902 0.011097800 0.011387045 0.011081980 0.011985926 0.012003491 0.016362807 0.014665090 0.017892800 0.021054883 0.021532025 0.018743768 0.019895429 0.020282509 0.020185790 0.020422236 0.019628321 0.018606360 0.020939846 0.016384625 0.016368552 0.016537458 0.017522238 0.017281257 0.019787535 0.019622057 0.019589039 0.019846829 0.015193651 0.017965622 0.018574733 0.019729272 0.017822016 0.018221420 0.017900838 0.018715055 0.018275047 0.018475096 0.018100744 0.018715923 0.020478675 0.019635219 0.022014565 0.020809875 0.019080353 0.040473933 
8     0.011908273 0.012520831 0.012191184 0.000000000 0.008157697 0.007898263 0.007968637 0.008261873 0.007925903 0.008839725 0.008833914 0.017228298 0.015530581 0.018775217 0.021937333 0.022414476 0.019629101 0.020781329 0.021168409 0.021071690 0.021308136 0.020514222 0.019492260 0.021827468 0.017270164 0.017254091 0.017422997 0.018407570 0.018195296 0.020705218 0.020548196 0.020515179 0.020772344 0.016084293 0.018845939 0.019459340 0.020613879 0.018708822 0.019108227 0.018787644 0.019602232 0.019162191 0.019361429 0.018982869 0.019598048 0.021359398 0.020515942 0.022895288 0.021690598 0.019961076 0.041350247 
12     0.010940707 0.011541773 0.011212126 0.008157697 0.000000000 0.002382017 0.002469735 0.003222211 0.003985072 0.006131756 0.006141181 0.016247060 0.014549342 0.017793729 0.020955845 0.021432988 0.018647612 0.019799841 0.020186921 0.020090202 0.020326647 0.019532733 0.018510772 0.020845980 0.016288676 0.016272602 0.016441509 0.017426082 0.017213808 0.019723729 0.019566708 0.019533691 0.019790856 0.015102805 0.017864451 0.018477852 0.019632391 0.017727334 0.018126739 0.017806156 0.018620744 0.018180703 0.018379940 0.018001380 0.018616560 0.020377909 0.019534454 0.021913800 0.020709110 0.018979588 0.040368759 
13     0.010710372 0.011308549 0.010978902 0.007898263 0.002382017 0.000000000 0.002211843 0.003025129 0.003852221 0.005866717 0.005842793 0.016022532 0.014324814 0.017569200 0.020731317 0.021208460 0.018423084 0.019575313 0.019962393 0.019865674 0.020102119 0.019308205 0.018286244 0.020621452 0.016064148 0.016048074 0.016216981 0.017201554 0.016989280 0.019499201 0.019342180 0.019309162 0.019566328 0.014878277 0.017639923 0.018253324 0.019407863 0.017502806 0.017902210 0.017581628 0.018396216 0.017956175 0.018155412 0.017776852 0.018392032 0.020153381 0.019309926 0.021689272 0.020484581 0.018755060 0.040144231 
9     0.010826238 0.011427447 0.011097800 0.007968637 0.002469735 0.002211843 0.000000000 0.003204024 0.003986124 0.005977143 0.005982367 0.016135897 0.014438179 0.017682481 0.020844598 0.021321741 0.018536365 0.019688594 0.020075674 0.019978955 0.020215400 0.019421486 0.018399525 0.020734732 0.016177429 0.016161355 0.016330262 0.017314835 0.017102561 0.019612482 0.019455461 0.019422443 0.019679608 0.014991557 0.017753204 0.018366605 0.019521144 0.017616087 0.018015491 0.017694909 0.018509497 0.018069456 0.018268693 0.017890133 0.018505313 0.020266662 0.019423206 0.021802552 0.020597862 0.018868341 0.040257511 
7     0.011114122 0.011716692 0.011387045 0.008261873 0.003222211 0.003025129 0.003204024 0.000000000 0.004218278 0.006285127 0.006287285 0.016423708 0.014725990 0.017970376 0.021132493 0.021609636 0.018824260 0.019976489 0.020363569 0.020266850 0.020503295 0.019709381 0.018687420 0.021022627 0.016465324 0.016449250 0.016618157 0.017602730 0.017390456 0.019900377 0.019743356 0.019710338 0.019967503 0.015279452 0.018041099 0.018654500 0.019809039 0.017903982 0.018303386 0.017982804 0.018797392 0.018357351 0.018556588 0.018178028 0.018793208 0.020554557 0.019711101 0.022090447 0.020885757 0.019156236 0.040545406 
2     0.010810616 0.011411627 0.011081980 0.007925903 0.003985072 0.003852221 0.003986124 0.004218278 0.000000000 0.005823553 0.005840674 0.016115451 0.014417733 0.017657196 0.020819313 0.021296456 0.018511080 0.019663308 0.020050389 0.019953670 0.020190115 0.019396201 0.018374240 0.020709447 0.016152143 0.016136070 0.016304977 0.017289550 0.017077276 0.019587197 0.019430176 0.019397158 0.019654323 0.014966272 0.017716906 0.018330307 0.019484846 0.017579789 0.017979193 0.017658611 0.018473199 0.018033158 0.018232395 0.017854573 0.018469753 0.020231102 0.019387647 0.021766993 0.020562303 0.018832781 0.040229876 
11     0.011699112 0.012315572 0.011985926 0.008839725 0.006131756 0.005866717 0.005977143 0.006285127 0.005823553 0.000000000 0.002577801 0.017013108 0.015315390 0.018559692 0.021721809 0.022198952 0.019413576 0.020565804 0.020952885 0.020856166 0.021092611 0.020298697 0.019276736 0.021611943 0.017054639 0.017038566 0.017207473 0.018192046 0.017979772 0.020489693 0.020332672 0.020299654 0.020556819 0.015868768 0.018630414 0.019243816 0.020398355 0.018493298 0.018892702 0.018572120 0.019386708 0.018946667 0.019145904 0.018767344 0.019382524 0.021143873 0.020300417 0.022679763 0.021475073 0.019745551 0.041134722 
10     0.011719402 0.012333137 0.012003491 0.008833914 0.006141181 0.005842793 0.005982367 0.006287285 0.005840674 0.002577801 0.000000000 0.017031770 0.015334053 0.018578355 0.021740472 0.022217614 0.019432239 0.020584467 0.020971547 0.020874829 0.021111274 0.020317360 0.019295399 0.021630606 0.017073302 0.017057229 0.017226135 0.018210708 0.017998434 0.020508356 0.020351334 0.020318317 0.020575482 0.015887431 0.018649077 0.019262478 0.020417017 0.018511961 0.018911365 0.018590782 0.019405370 0.018965330 0.019164567 0.018786007 0.019401186 0.021162536 0.020319080 0.022698426 0.021493736 0.019764214 0.041153385 
1     0.016025571 0.016699690 0.016362807 0.017228298 0.016247060 0.016022532 0.016135897 0.016423708 0.016115451 0.017013108 0.017031770 0.000000000 0.007792985 0.020082511 0.023244644 0.023721787 0.020949531 0.022126536 0.022513616 0.022416897 0.022653342 0.021859428 0.020819108 0.023155967 0.018594064 0.018577991 0.018746897 0.019731684 0.019563671 0.022073592 0.021916571 0.021883553 0.022140718 0.017442194 0.020163793 0.020777194 0.021931733 0.020026676 0.020426080 0.020105498 0.020920086 0.020480045 0.020679282 0.020300158 0.020915337 0.022692016 0.021848561 0.024227907 0.023023216 0.021293695 0.042705491 
3     0.014327854 0.015001973 0.014665090 0.015530581 0.014549342 0.014324814 0.014438179 0.014725990 0.014417733 0.015315390 0.015334053 0.007792985 0.000000000 0.018404800 0.021566934 0.022044077 0.019271820 0.020448825 0.020835905 0.020739186 0.020975631 0.020181717 0.019141397 0.021478256 0.016916353 0.016900280 0.017069186 0.018053973 0.017877864 0.020387785 0.020230764 0.020197747 0.020454912 0.015756387 0.018478466 0.019091868 0.020246406 0.018341350 0.018740754 0.018420171 0.019234759 0.018794719 0.018993956 0.018614831 0.019230011 0.021006690 0.020163234 0.022542580 0.021337890 0.019608368 0.041024972 
28     0.017586791 0.018236784 0.017892800 0.018775217 0.017793729 0.017569200 0.017682481 0.017970376 0.017657196 0.018559692 0.018578355 0.020082511 0.018404800 0.000000000 0.011066452 0.011534292 0.018059575 0.019242964 0.019630045 0.019533326 0.019769771 0.018974483 0.017958511 0.020321277 0.015787567 0.015771494 0.015940400 0.016903717 0.016710960 0.019220137 0.019064632 0.019031614 0.019288779 0.014575835 0.017734059 0.018344648 0.019501119 0.017597017 0.017994417 0.017673834 0.018488423 0.018048382 0.018247619 0.017809818 0.018424998 0.020206930 0.019362695 0.021742041 0.020538373 0.018808485 0.041011407 
37     0.020748873 0.021398866 0.021054883 0.021937333 0.020955845 0.020731317 0.020844598 0.021132493 0.020819313 0.021721809 0.021740472 0.023244644 0.021566934 0.011066452 0.000000000 0.004803983 0.021210817 0.022406537 0.022793617 0.022696898 0.022933343 0.022138055 0.021122813 0.023478354 0.018951886 0.018935813 0.019104720 0.020073220 0.019875683 0.022384394 0.022229173 0.022196156 0.022453321 0.017743172 0.020893116 0.021504466 0.022660937 0.020755482 0.021152883 0.020832300 0.021646888 0.021205313 0.021406084 0.020961340 0.021576055 0.023369971 0.022525737 0.024905083 0.023701414 0.021971526 0.044176307 
43     0.021226016 0.021876009 0.021532025 0.022414476 0.021432988 0.021208460 0.021321741 0.021609636 0.021296456 0.022198952 0.022217614 0.023721787 0.022044077 0.011534292 0.004803983 0.000000000 0.021687370 0.022884348 0.023271428 0.023174710 0.023411155 0.022615867 0.021599366 0.023956165 0.019428439 0.019412366 0.019581272 0.020549772 0.020352209 0.022861102 0.022705881 0.022672864 0.022930029 0.018219881 0.021379251 0.021989840 0.023146311 0.021242209 0.021639609 0.021319026 0.022133615 0.021693574 0.021892811 0.021455010 0.022070190 0.023851964 0.023007729 0.025387075 0.024183407 0.022453519 0.044653450 
29     0.018435738 0.019087752 0.018743768 0.019629101 0.018647612 0.018423084 0.018536365 0.018824260 0.018511080 0.019413576 0.019432239 0.020949531 0.019271820 0.018059575 0.021210817 0.021687370 0.000000000 0.016961762 0.017348842 0.017250422 0.017487919 0.016692148 0.015698949 0.018125368 0.013590010 0.013573937 0.013742843 0.014731473 0.016492921 0.019001003 0.018845618 0.018812601 0.019069766 0.014369037 0.018577961 0.019186416 0.020345167 0.018440199 0.018837983 0.018517400 0.019331989 0.018891948 0.019091185 0.018660155 0.019275335 0.020944402 0.020101817 0.022481163 0.021277630 0.019546907 0.041849402 
41     0.019587593 0.020239413 0.019895429 0.020781329 0.019799841 0.019575313 0.019688594 0.019976489 0.019663308 0.020565804 0.020584467 0.022126536 0.020448825 0.019242964 0.022406537 0.022884348 0.016961762 0.000000000 0.002984160 0.006275709 0.006566082 0.008526569 0.014082894 0.018649110 0.014800939 0.014784866 0.014953772 0.015953135 0.017636049 0.020144154 0.019988778 0.019955761 0.020212926 0.015508176 0.019689251 0.020308281 0.021454561 0.019560451 0.019958116 0.019637533 0.020452121 0.020012080 0.020211317 0.019770597 0.020385776 0.022080164 0.021237612 0.023616958 0.022413899 0.020682702 0.042985982 
18     0.019974673 0.020626493 0.020282509 0.021168409 0.020186921 0.019962393 0.020075674 0.020363569 0.020050389 0.020952885 0.020971547 0.022513616 0.020835905 0.019630045 0.022793617 0.023271428 0.017348842 0.002984160 0.000000000 0.006733304 0.006939428 0.008902285 0.014469823 0.019036191 0.015188019 0.015171946 0.015340852 0.016340215 0.018023129 0.020531234 0.020375858 0.020342841 0.020600006 0.015895256 0.020076331 0.020695361 0.021841641 0.019947531 0.020345196 0.020024613 0.020839201 0.020399160 0.020598397 0.020157677 0.020772857 0.022467244 0.021624692 0.024004038 0.022800979 0.021069782 0.043373063 
48     0.019877954 0.020529774 0.020185790 0.021071690 0.020090202 0.019865674 0.019978955 0.020266850 0.019953670 0.020856166 0.020874829 0.022416897 0.020739186 0.019533326 0.022696898 0.023174710 0.017250422 0.006275709 0.006733304 0.000000000 0.005050743 0.008877764 0.014372792 0.018941268 0.015092288 0.015076214 0.015245121 0.016244483 0.017926411 0.020434515 0.020279140 0.020246122 0.020503287 0.015798537 0.019979612 0.020598642 0.021744923 0.019850812 0.020248477 0.019927894 0.020742482 0.020302442 0.020501679 0.020060958 0.020676138 0.022370525 0.021527973 0.023907319 0.022704260 0.020973063 0.043276344 
46     0.020114399 0.020766219 0.020422236 0.021308136 0.020326647 0.020102119 0.020215400 0.020503295 0.020190115 0.021092611 0.021111274 0.022653342 0.020975631 0.019769771 0.022933343 0.023411155 0.017487919 0.006566082 0.006939428 0.005050743 0.000000000 0.009147381 0.014617730 0.019181257 0.015325358 0.015309285 0.015478191 0.016477554 0.018162856 0.020670960 0.020515585 0.020482567 0.020739732 0.016034982 0.020214283 0.020833313 0.021979593 0.020085483 0.020483148 0.020162565 0.020977153 0.020537112 0.020736349 0.020295629 0.020910808 0.022602379 0.021759377 0.024139173 0.022928961 0.021201735 0.043512789 
39     0.019320485 0.019972305 0.019628321 0.020514222 0.019532733 0.019308205 0.019421486 0.019709381 0.019396201 0.020298697 0.020317360 0.021859428 0.020181717 0.018974483 0.022138055 0.022615867 0.016692148 0.008526569 0.008902285 0.008877764 0.009147381 0.000000000 0.013824165 0.018385639 0.014531909 0.014515836 0.014684742 0.015682372 0.017371609 0.019879714 0.019724338 0.019691321 0.019948486 0.015243736 0.019419683 0.020038554 0.021184835 0.019289781 0.019688297 0.019367714 0.020181945 0.019741904 0.019941141 0.019502310 0.020117489 0.021811876 0.020969325 0.023348671 0.022145612 0.020414415 0.042718603 
42     0.018298524 0.018950344 0.018606360 0.019492260 0.018510772 0.018286244 0.018399525 0.018687420 0.018374240 0.019276736 0.019295399 0.020819108 0.019141397 0.017958511 0.021122813 0.021599366 0.015698949 0.014082894 0.014469823 0.014372792 0.014617730 0.013824165 0.000000000 0.017355819 0.013526930 0.013510857 0.013679763 0.014680112 0.016344834 0.018852971 0.018697596 0.018664578 0.018921743 0.014219231 0.018438241 0.019048428 0.020203552 0.018300599 0.018698263 0.018377681 0.019192269 0.018752228 0.018951465 0.018504549 0.019119728 0.020807822 0.019965270 0.022344616 0.021141557 0.019400306 0.041705158 
44     0.020632216 0.021283829 0.020939846 0.021827468 0.020845980 0.020621452 0.020734732 0.021022627 0.020709447 0.021611943 0.021630606 0.023155967 0.021478256 0.020321277 0.023478354 0.023956165 0.018125368 0.018649110 0.019036191 0.018941268 0.019181257 0.018385639 0.017355819 0.000000000 0.015896794 0.015880721 0.016049627 0.017028130 0.018729187 0.021237325 0.021081949 0.021048932 0.021306097 0.016601948 0.020850120 0.021460307 0.022615430 0.020712477 0.021110141 0.020789559 0.021604147 0.021164106 0.021363343 0.020921910 0.021537089 0.023217218 0.022375684 0.024755030 0.023551496 0.021820774 0.044062560 
17     0.016076801 0.016728609 0.016384625 0.017270164 0.016288676 0.016064148 0.016177429 0.016465324 0.016152143 0.017054639 0.017073302 0.018594064 0.016916353 0.015787567 0.018951886 0.019428439 0.013590010 0.014800939 0.015188019 0.015092288 0.015325358 0.014531909 0.013526930 0.015896794 0.000000000 0.001539701 0.003342303 0.008935690 0.014125780 0.016634031 0.016478646 0.016445628 0.016702793 0.012003467 0.016201537 0.016815911 0.017975832 0.016063894 0.016461559 0.016140976 0.016955564 0.016515524 0.016714761 0.016282937 0.016898116 0.018556551 0.017712515 0.020092342 0.018886607 0.017157437 0.039502846 
38     0.016060728 0.016712535 0.016368552 0.017254091 0.016272602 0.016048074 0.016161355 0.016449250 0.016136070 0.017038566 0.017057229 0.018577991 0.016900280 0.015771494 0.018935813 0.019412366 0.013573937 0.014784866 0.015171946 0.015076214 0.015309285 0.014515836 0.013510857 0.015880721 0.001539701 0.000000000 0.003327534 0.008916030 0.014109706 0.016617958 0.016462572 0.016429555 0.016686720 0.011987394 0.016185464 0.016799837 0.017959759 0.016047821 0.016445486 0.016124903 0.016939491 0.016499450 0.016698687 0.016266863 0.016882043 0.018540477 0.017696441 0.020076268 0.018870534 0.017141364 0.039486773 
30     0.016229634 0.016881442 0.016537458 0.017422997 0.016441509 0.016216981 0.016330262 0.016618157 0.016304977 0.017207473 0.017226135 0.018746897 0.017069186 0.015940400 0.019104720 0.019581272 0.013742843 0.014953772 0.015340852 0.015245121 0.015478191 0.014684742 0.013679763 0.016049627 0.003342303 0.003327534 0.000000000 0.009090228 0.014278613 0.016786864 0.016631479 0.016598462 0.016855627 0.012156300 0.016354370 0.016968744 0.018128665 0.016216728 0.016614392 0.016293809 0.017108398 0.016668357 0.016867594 0.016435770 0.017050949 0.018709384 0.017865348 0.020245175 0.019039440 0.017310270 0.039655679 
35     0.017214207 0.017866221 0.017522238 0.018407570 0.017426082 0.017201554 0.017314835 0.017602730 0.017289550 0.018192046 0.018210708 0.019731684 0.018053973 0.016903717 0.020073220 0.020549772 0.014731473 0.015953135 0.016340215 0.016244483 0.016477554 0.015682372 0.014680112 0.017028130 0.008935690 0.008916030 0.009090228 0.000000000 0.015283406 0.017791657 0.017636272 0.017603255 0.017860420 0.013161093 0.017345938 0.017958557 0.019120233 0.017208295 0.017605959 0.017285377 0.018099965 0.017659924 0.017859161 0.017429662 0.018044841 0.019717615 0.018876729 0.021256075 0.020052367 0.018321171 0.040639786 
22     0.016981767 0.017643833 0.017281257 0.018195296 0.017213808 0.016989280 0.017102561 0.017390456 0.017077276 0.017979772 0.017998434 0.019563671 0.017877864 0.016710960 0.019875683 0.020352209 0.016492921 0.017636049 0.018023129 0.017926411 0.018162856 0.017371609 0.016344834 0.018729187 0.014125780 0.014109706 0.014278613 0.015283406 0.000000000 0.007793793 0.007593884 0.007551540 0.007816137 0.006891294 0.017188666 0.017798853 0.018952110 0.017049901 0.017448688 0.017128105 0.017942693 0.017502652 0.017701889 0.017245080 0.017860260 0.019573892 0.018732357 0.021111703 0.019908170 0.018177448 0.040479303 
36     0.019491688 0.020153755 0.019787535 0.020705218 0.019723729 0.019499201 0.019612482 0.019900377 0.019587197 0.020489693 0.020508356 0.022073592 0.020387785 0.019220137 0.022384394 0.022861102 0.019001003 0.020144154 0.020531234 0.020434515 0.020670960 0.019879714 0.018852971 0.021237325 0.016634031 0.016617958 0.016786864 0.017791657 0.007793793 0.000000000 0.007462200 0.007441955 0.007667042 0.009399910 0.019697722 0.020307909 0.021461167 0.019557740 0.019957744 0.019637161 0.020451749 0.020011709 0.020210946 0.019754137 0.020369316 0.022082929 0.021241395 0.023620741 0.022417207 0.020686485 0.042989224 
27     0.019334667 0.019996733 0.019622057 0.020548196 0.019566708 0.019342180 0.019455461 0.019743356 0.019430176 0.020332672 0.020351334 0.021916571 0.020230764 0.019064632 0.022229173 0.022705881 0.018845618 0.019988778 0.020375858 0.020279140 0.020515585 0.019724338 0.018697596 0.021081949 0.016478646 0.016462572 0.016631479 0.017636272 0.007593884 0.007462200 0.000000000 0.002964705 0.003025978 0.009239843 0.019540218 0.020150405 0.021303662 0.019400315 0.019800239 0.019479657 0.020294245 0.019854204 0.020053441 0.019596632 0.020211812 0.021925444 0.021083909 0.023463255 0.022259722 0.020528999 0.042832628 
34     0.019301650 0.019963716 0.019589039 0.020515179 0.019533691 0.019309162 0.019422443 0.019710338 0.019397158 0.020299654 0.020318317 0.021883553 0.020197747 0.019031614 0.022196156 0.022672864 0.018812601 0.019955761 0.020342841 0.020246122 0.020482567 0.019691321 0.018664578 0.021048932 0.016445628 0.016429555 0.016598462 0.017603255 0.007551540 0.007441955 0.002964705 0.000000000 0.002975791 0.009206069 0.019507200 0.020117387 0.021270645 0.019366523 0.019767222 0.019446640 0.020261228 0.019821187 0.020020424 0.019563615 0.020178795 0.021892426 0.021050892 0.023430238 0.022226704 0.020495982 0.042799611 
15     0.019558815 0.020220881 0.019846829 0.020772344 0.019790856 0.019566328 0.019679608 0.019967503 0.019654323 0.020556819 0.020575482 0.022140718 0.020454912 0.019288779 0.022453321 0.022930029 0.019069766 0.020212926 0.020600006 0.020503287 0.020739732 0.019948486 0.018921743 0.021306097 0.016702793 0.016686720 0.016855627 0.017860420 0.007816137 0.007667042 0.003025978 0.002975791 0.000000000 0.009460373 0.019764365 0.020374552 0.021527810 0.019624463 0.020024387 0.019703805 0.020518393 0.020078352 0.020277589 0.019820780 0.020435960 0.022149591 0.021308057 0.023687403 0.022483869 0.020753147 0.043056776 
23     0.014895218 0.015545059 0.015193651 0.016084293 0.015102805 0.014878277 0.014991557 0.015279452 0.014966272 0.015868768 0.015887431 0.017442194 0.015756387 0.014575835 0.017743172 0.018219881 0.014369037 0.015508176 0.015895256 0.015798537 0.016034982 0.015243736 0.014219231 0.016601948 0.012003467 0.011987394 0.012156300 0.013161093 0.006891294 0.009399910 0.009239843 0.009206069 0.009460373 0.000000000 0.015055421 0.015665608 0.016818866 0.014917327 0.015315443 0.014994860 0.015809448 0.015369408 0.015568645 0.015111836 0.015727015 0.017441362 0.016599828 0.018979174 0.017775640 0.016044918 0.038364830 
20     0.017642554 0.018309605 0.017965622 0.018845939 0.017864451 0.017639923 0.017753204 0.018041099 0.017716906 0.018630414 0.018649077 0.020163793 0.018478466 0.017734059 0.020893116 0.021379251 0.018577961 0.019689251 0.020076331 0.019979612 0.020214283 0.019419683 0.018438241 0.020850120 0.016201537 0.016185464 0.016354370 0.017345938 0.017188666 0.019697722 0.019540218 0.019507200 0.019764365 0.015055421 0.000000000 0.008069140 0.009181985 0.007260109 0.007713566 0.007363121 0.008176156 0.007737815 0.007934175 0.013950256 0.014565436 0.017270015 0.016462021 0.018839744 0.017629480 0.015895090 0.040969601 
40     0.018258814 0.018918717 0.018574733 0.019459340 0.018477852 0.018253324 0.018366605 0.018654500 0.018330307 0.019243816 0.019262478 0.020777194 0.019091868 0.018344648 0.021504466 0.021989840 0.019186416 0.020308281 0.020695361 0.020598642 0.020833313 0.020038554 0.019048428 0.021460307 0.016815911 0.016799837 0.016968744 0.017958557 0.017798853 0.020307909 0.020150405 0.020117387 0.020374552 0.015665608 0.008069140 0.000000000 0.008096880 0.007911447 0.008249409 0.007936409 0.008735887 0.008282515 0.008466710 0.014612077 0.015227256 0.017890575 0.017082581 0.019460304 0.018250040 0.016515650 0.041583273 
24     0.019413353 0.020073255 0.019729272 0.020613879 0.019632391 0.019407863 0.019521144 0.019809039 0.019484846 0.020398355 0.020417017 0.021931733 0.020246406 0.019501119 0.022660937 0.023146311 0.020345167 0.021454561 0.021841641 0.021744923 0.021979593 0.021184835 0.020203552 0.022615430 0.017975832 0.017959759 0.018128665 0.019120233 0.018952110 0.021461167 0.021303662 0.021270645 0.021527810 0.016818866 0.009181985 0.008096880 0.000000000 0.009155962 0.009458831 0.009155267 0.009966869 0.009508823 0.009710522 0.015761589 0.016376769 0.019051481 0.018243487 0.020621211 0.019410946 0.017676556 0.042645901 
31     0.017506015 0.018166000 0.017822016 0.018708822 0.017727334 0.017502806 0.017616087 0.017903982 0.017579789 0.018493298 0.018511961 0.020026676 0.018341350 0.017597017 0.020755482 0.021242209 0.018440199 0.019560451 0.019947531 0.019850812 0.020085483 0.019289781 0.018300599 0.020712477 0.016063894 0.016047821 0.016216728 0.017208295 0.017049901 0.019557740 0.019400315 0.019366523 0.019624463 0.014917327 0.007260109 0.007911447 0.009155962 0.000000000 0.004003092 0.003840664 0.005454372 0.005048149 0.005207635 0.013824491 0.014439671 0.017125491 0.016319818 0.018697541 0.017487277 0.015751143 0.040832355 
19     0.017905419 0.018565404 0.018221420 0.019108227 0.018126739 0.017902210 0.018015491 0.018303386 0.017979193 0.018892702 0.018911365 0.020426080 0.018740754 0.017994417 0.021152883 0.021639609 0.018837983 0.019958116 0.020345196 0.020248477 0.020483148 0.019688297 0.018698263 0.021110141 0.016461559 0.016445486 0.016614392 0.017605959 0.017448688 0.019957744 0.019800239 0.019767222 0.020024387 0.015315443 0.007713566 0.008249409 0.009458831 0.004003092 0.000000000 0.003466773 0.005731569 0.005354524 0.005528656 0.014245984 0.014861163 0.017525082 0.016719410 0.019097133 0.017886869 0.016150734 0.041231888 
14     0.017584837 0.018244821 0.017900838 0.018787644 0.017806156 0.017581628 0.017694909 0.017982804 0.017658611 0.018572120 0.018590782 0.020105498 0.018420171 0.017673834 0.020832300 0.021319026 0.018517400 0.019637533 0.020024613 0.019927894 0.020162565 0.019367714 0.018377681 0.020789559 0.016140976 0.016124903 0.016293809 0.017285377 0.017128105 0.019637161 0.019479657 0.019446640 0.019703805 0.014994860 0.007363121 0.007936409 0.009155267 0.003840664 0.003466773 0.000000000 0.005471004 0.005049322 0.005236437 0.013926655 0.014541835 0.017203935 0.016398263 0.018775986 0.017565722 0.015829587 0.040911306 
49     0.018399425 0.019059039 0.018715055 0.019602232 0.018620744 0.018396216 0.018509497 0.018797392 0.018473199 0.019386708 0.019405370 0.020920086 0.019234759 0.018488423 0.021646888 0.022133615 0.019331989 0.020452121 0.020839201 0.020742482 0.020977153 0.020181945 0.019192269 0.021604147 0.016955564 0.016939491 0.017108398 0.018099965 0.017942693 0.020451749 0.020294245 0.020261228 0.020518393 0.015809448 0.008176156 0.008735887 0.009966869 0.005454372 0.005731569 0.005471004 0.000000000 0.005766422 0.005891490 0.014739989 0.015355169 0.018019088 0.017213415 0.019591139 0.018380874 0.016644740 0.041725894 
21     0.017959384 0.018619031 0.018275047 0.019162191 0.018180703 0.017956175 0.018069456 0.018357351 0.018033158 0.018946667 0.018965330 0.020480045 0.018794719 0.018048382 0.021205313 0.021693574 0.018891948 0.020012080 0.020399160 0.020302442 0.020537112 0.019741904 0.018752228 0.021164106 0.016515524 0.016499450 0.016668357 0.017659924 0.017502652 0.020011709 0.019854204 0.019821187 0.020078352 0.015369408 0.007737815 0.008282515 0.009508823 0.005048149 0.005354524 0.005049322 0.005766422 0.000000000 0.004729026 0.014299949 0.014915128 0.017579047 0.016773374 0.019151098 0.017940834 0.016204699 0.041285853 
45     0.018158621 0.018819079 0.018475096 0.019361429 0.018379940 0.018155412 0.018268693 0.018556588 0.018232395 0.019145904 0.019164567 0.020679282 0.018993956 0.018247619 0.021406084 0.021892811 0.019091185 0.020211317 0.020598397 0.020501679 0.020736349 0.019941141 0.018951465 0.021363343 0.016714761 0.016698687 0.016867594 0.017859161 0.017701889 0.020210946 0.020053441 0.020020424 0.020277589 0.015568645 0.007934175 0.008466710 0.009710522 0.005207635 0.005528656 0.005236437 0.005891490 0.004729026 0.000000000 0.014499186 0.015114365 0.017778284 0.016972612 0.019350335 0.018140071 0.016403936 0.041485090 
50     0.017794847 0.018444727 0.018100744 0.018982869 0.018001380 0.017776852 0.017890133 0.018178028 0.017854573 0.018767344 0.018786007 0.020300158 0.018614831 0.017809818 0.020961340 0.021455010 0.018660155 0.019770597 0.020157677 0.020060958 0.020295629 0.019502310 0.018504549 0.020921910 0.016282937 0.016266863 0.016435770 0.017429662 0.017245080 0.019754137 0.019596632 0.019563615 0.019820780 0.015111836 0.013950256 0.014612077 0.015761589 0.013824491 0.014245984 0.013926655 0.014739989 0.014299949 0.014499186 0.000000000 0.003501653 0.017252974 0.016427733 0.018805456 0.017595433 0.015868583 0.041176577 
32     0.018410027 0.019059907 0.018715923 0.019598048 0.018616560 0.018392032 0.018505313 0.018793208 0.018469753 0.019382524 0.019401186 0.020915337 0.019230011 0.018424998 0.021576055 0.022070190 0.019275335 0.020385776 0.020772857 0.020676138 0.020910808 0.020117489 0.019119728 0.021537089 0.016898116 0.016882043 0.017050949 0.018044841 0.017860260 0.020369316 0.020211812 0.020178795 0.020435960 0.015727015 0.014565436 0.015227256 0.016376769 0.014439671 0.014861163 0.014541835 0.015355169 0.014915128 0.015114365 0.003501653 0.000000000 0.017868154 0.017042912 0.019420635 0.018210613 0.016483763 0.041791757 
47     0.020165918 0.020822658 0.020478675 0.021359398 0.020377909 0.020153381 0.020266662 0.020554557 0.020231102 0.021143873 0.021162536 0.022692016 0.021006690 0.020206930 0.023369971 0.023851964 0.020944402 0.022080164 0.022467244 0.022370525 0.022602379 0.021811876 0.020807822 0.023217218 0.018556551 0.018540477 0.018709384 0.019717615 0.019573892 0.022082929 0.021925444 0.021892426 0.022149591 0.017441362 0.017270015 0.017890575 0.019051481 0.017125491 0.017525082 0.017203935 0.018019088 0.017579047 0.017778284 0.017252974 0.017868154 0.000000000 0.010155529 0.012514516 0.011351777 0.009688226 0.043592401 
26     0.019322463 0.019979202 0.019635219 0.020515942 0.019534454 0.019309926 0.019423206 0.019711101 0.019387647 0.020300417 0.020319080 0.021848561 0.020163234 0.019362695 0.022525737 0.023007729 0.020101817 0.021237612 0.021624692 0.021527973 0.021759377 0.020969325 0.019965270 0.022375684 0.017712515 0.017696441 0.017865348 0.018876729 0.018732357 0.021241395 0.021083909 0.021050892 0.021308057 0.016599828 0.016462021 0.017082581 0.018243487 0.016319818 0.016719410 0.016398263 0.017213415 0.016773374 0.016972612 0.016427733 0.017042912 0.010155529 0.000000000 0.006485472 0.008793757 0.007100446 0.042749722 
25     0.021701809 0.022358548 0.022014565 0.022895288 0.021913800 0.021689272 0.021802552 0.022090447 0.021766993 0.022679763 0.022698426 0.024227907 0.022542580 0.021742041 0.024905083 0.025387075 0.022481163 0.023616958 0.024004038 0.023907319 0.024139173 0.023348671 0.022344616 0.024755030 0.020092342 0.020076268 0.020245175 0.021256075 0.021111703 0.023620741 0.023463255 0.023430238 0.023687403 0.018979174 0.018839744 0.019460304 0.020621211 0.018697541 0.019097133 0.018775986 0.019591139 0.019151098 0.019350335 0.018805456 0.019420635 0.012514516 0.006485472 0.000000000 0.011186623 0.009502342 0.045129068 
33     0.020497119 0.021153858 0.020809875 0.021690598 0.020709110 0.020484581 0.020597862 0.020885757 0.020562303 0.021475073 0.021493736 0.023023216 0.021337890 0.020538373 0.023701414 0.024183407 0.021277630 0.022413899 0.022800979 0.022704260 0.022928961 0.022145612 0.021141557 0.023551496 0.018886607 0.018870534 0.019039440 0.020052367 0.019908170 0.022417207 0.022259722 0.022226704 0.022483869 0.017775640 0.017629480 0.018250040 0.019410946 0.017487277 0.017886869 0.017565722 0.018380874 0.017940834 0.018140071 0.017595433 0.018210613 0.011351777 0.008793757 0.011186623 0.000000000 0.007496224 0.043876566 
16     0.018767597 0.019424337 0.019080353 0.019961076 0.018979588 0.018755060 0.018868341 0.019156236 0.018832781 0.019745551 0.019764214 0.021293695 0.019608368 0.018808485 0.021971526 0.022453519 0.019546907 0.020682702 0.021069782 0.020973063 0.021201735 0.020414415 0.019400306 0.021820774 0.017157437 0.017141364 0.017310270 0.018321171 0.018177448 0.020686485 0.020528999 0.020495982 0.020753147 0.016044918 0.015895090 0.016515650 0.017676556 0.015751143 0.016150734 0.015829587 0.016644740 0.016204699 0.016403936 0.015868583 0.016483763 0.009688226 0.007100446 0.009502342 0.007496224 0.000000000 0.042194079 
0     0.040164084 0.040815040 0.040473933 0.041350247 0.040368759 0.040144231 0.040257511 0.040545406 0.040229876 0.041134722 0.041153385 0.042705491 0.041024972 0.041011407 0.044176307 0.044653450 0.041849402 0.042985982 0.043373063 0.043276344 0.043512789 0.042718603 0.041705158 0.044062560 0.039502846 0.039486773 0.039655679 0.040639786 0.040479303 0.042989224 0.042832628 0.042799611 0.043056776 0.038364830 0.040969601 0.041583273 0.042645901 0.040832355 0.041231888 0.040911306 0.041725894 0.041285853 0.041485090 0.041176577 0.041791757 0.043592401 0.042749722 0.045129068 0.043876566 0.042194079 0.000000000 
