51
4     0.000000000 0.000006190 0.000002250 0.000009400 0.000005490 0.000005480 0.000005410 0.000006100 0.000007460 0.000004990 0.000004740 0.000007210 0.000006870 0.000010100 0.000010880 0.000011030 0.000005890 0.000007500 0.000007630 0.000005750 0.000007100 0.000006360 0.000005650 0.000007650 0.000006030 0.000006200 0.000006700 0.000007540 0.000006060 0.000007790 0.000007070 0.000007140 0.000007400 0.000004190 0.000007050 0.000005580 0.000005720 0.000007150 0.000005880 0.000006330 0.000006240 0.000006780 0.000006810 0.000005920 0.000005890 0.000007750 0.000009360 0.000007950 0.000005590 0.000007770 0.000006700 
6     0.000006190 0.000000000 0.000000370 0.000012610 0.000008700 0.000008690 0.000008620 0.000009310 0.000010670 0.000008200 0.000007950 0.000010420 0.000010080 0.000013310 0.000014090 0.000014240 0.000009100 0.000010710 0.000010840 0.000008960 0.000010310 0.000009570 0.000008860 0.000010860 0.000009240 0.000009410 0.000009910 0.000010750 0.000009270 0.000011000 0.000010280 0.000010350 0.000010610 0.000007400 0.000010260 0.000008790 0.000008930 0.000010360 0.000009090 0.000009540 0.000009450 0.000009990 0.000010020 0.000009130 0.000009100 0.000010960 0.000012570 0.000011160 0.000008800 0.000010980 0.000009910 
5     0.000002250 0.000000370 0.000000000 0.000008670 0.000004760 0.000004750 0.000004680 0.000005370 0.000006730 0.000004260 0.000004010 0.000006480 0.000006140 0.000009370 0.000010150 0.000010300 0.000005160 0.000006770 0.000006900 0.000005020 0.000006370 0.000005630 0.000004920 0.000006920 0.000005300 0.000005470 0.000005970 0.000006810 0.000005330 0.000007060 0.000006340 0.000006410 0.000006670 0.000003460 0.000006320 0.000004850 0.000004990 0.000006420 0.000005150 0.000005600 0.000005510 0.000006050 0.000006080 0.000005190 0.000005160 0.000007020 0.000008630 0.000007220 0.000004860 0.000007040 0.000005970 
8     0.000009400 0.000012610 0.000008670 0.000000000 0.000005790 0.000005780 0.000005710 0.000006400 0.000007760 0.000005290 0.000005040 0.000013210 0.000012870 0.000016100 0.000016880 0.000017030 0.000011890 0.000013500 0.000013630 0.000011750 0.000013100 0.000012360 0.000011650 0.000013650 0.000012030 0.000012200 0.000012700 0.000013540 0.000012060 0.000013790 0.000013070 0.000013140 0.000013400 0.000010190 0.000013050 0.000011580 0.000011720 0.000013150 0.000011880 0.000012330 0.000012240 0.000012780 0.000012810 0.000011920 0.000011890 0.000013750 0.000015360 0.000013950 0.000011590 0.000013770 0.000012700 
12     0.000005490 0.000008700 0.000004760 0.000005790 0.000000000 0.000000650 0.000000460 0.000001150 0.000003570 0.000001140 0.000000890 0.000009300 0.000008960 0.000012190 0.000012970 0.000013120 0.000007980 0.000009590 0.000009720 0.000007840 0.000009190 0.000008450 0.000007740 0.000009740 0.000008120 0.000008290 0.000008790 0.000009630 0.000008150 0.000009880 0.000009160 0.000009230 0.000009490 0.000006280 0.000009140 0.000007670 0.000007810 0.000009240 0.000007970 0.000008420 0.000008330 0.000008870 0.000008900 0.000008010 0.000007980 0.000009840 0.000011450 0.000010040 0.000007680 0.000009860 0.000008790 
13     0.000005480 0.000008690 0.000004750 0.000005780 0.000000650 0.000000000 0.000000570 0.000001260 0.000003560 0.000001130 0.000000880 0.000009290 0.000008950 0.000012180 0.000012960 0.000013110 0.000007970 0.000009580 0.000009710 0.000007830 0.000009180 0.000008440 0.000007730 0.000009730 0.000008110 0.000008280 0.000008780 0.000009620 0.000008140 0.000009870 0.000009150 0.000009220 0.000009480 0.000006270 0.000009130 0.000007660 0.000007800 0.000009230 0.000007960 0.000008410 0.000008320 0.000008860 0.000008890 0.000008000 0.000007970 0.000009830 0.000011440 0.000010030 0.000007670 0.000009850 0.000008780 
9     0.000005410 0.000008620 0.000004680 0.000005710 0.000000460 0.000000570 0.000000000 0.000001070 0.000003340 0.000001060 0.000000810 0.000009220 0.000008880 0.000012110 0.000012890 0.000013040 0.000007900 0.000009510 0.000009640 0.000007760 0.000009110 0.000008370 0.000007660 0.000009660 0.000008040 0.000008210 0.000008710 0.000009550 0.000008070 0.000009800 0.000009080 0.000009150 0.000009410 0.000006200 0.000009060 0.000007590 0.000007730 0.000009160 0.000007890 0.000008340 0.000008250 0.000008790 0.000008820 0.000007930 0.000007900 0.000009760 0.000011370 0.000009960 0.000007600 0.000009780 0.000008710 
7     0.000006100 0.000009310 0.000005370 0.000006400 0.000001150 0.000001260 0.000001070 0.000000000 0.000004180 0.000001750 0.000001500 0.000009910 0.000009570 0.000012800 0.000013580 0.000013730 0.000008590 0.000010200 0.000010330 0.000008450 0.000009800 0.000009060 0.000008350 0.000010350 0.000008730 0.000008900 0.000009400 0.000010240 0.000008760 0.000010490 0.000009770 0.000009840 0.000010100 0.000006890 0.000009750 0.000008280 0.000008420 0.000009850 0.000008580 0.000009030 0.000008940 0.000009480 0.000009510 0.000008620 0.000008590 0.000010450 0.000012060 0.000010650 0.000008290 0.000010470 0.000009400 
2     0.000007460 0.000010670 0.000006730 0.000007760 0.000003570 0.000003560 0.000003340 0.000004180 0.000000000 0.000003110 0.000002860 0.000011270 0.000010930 0.000014160 0.000014940 0.000015090 0.000009950 0.000011560 0.000011690 0.000009810 0.000011160 0.000010420 0.000009710 0.000011710 0.000010090 0.000010260 0.000010760 0.000011600 0.000010120 0.000011850 0.000011130 0.000011200 0.000011460 0.000008250 0.000011110 0.000009640 0.000009780 0.000011210 0.000009940 0.000010390 0.000010300 0.000010840 0.000010870 0.000009980 0.000009950 0.000011810 0.000013420 0.000012010 0.000009650 0.000011830 0.000010760 
11     0.000004990 0.000008200 0.000004260 0.000005290 0.000001140 0.000001130 0.000001060 0.000001750 0.000003110 0.000000000 0.000000370 0.000008800 0.000008460 0.000011690 0.000012470 0.000012620 0.000007480 0.000009090 0.000009220 0.000007340 0.000008690 0.000007950 0.000007240 0.000009240 0.000007620 0.000007790 0.000008290 0.000009130 0.000007650 0.000009380 0.000008660 0.000008730 0.000008990 0.000005780 0.000008640 0.000007170 0.000007310 0.000008740 0.000007470 0.000007920 0.000007830 0.000008370 0.000008400 0.000007510 0.000007480 0.000009340 0.000010950 0.000009540 0.000007180 0.000009360 0.000008290 
10     0.000004740 0.000007950 0.000004010 0.000005040 0.000000890 0.000000880 0.000000810 0.000001500 0.000002860 0.000000370 0.000000000 0.000008550 0.000008210 0.000011440 0.000012220 0.000012370 0.000007230 0.000008840 0.000008970 0.000007090 0.000008440 0.000007700 0.000006990 0.000008990 0.000007370 0.000007540 0.000008040 0.000008880 0.000007400 0.000009130 0.000008410 0.000008480 0.000008740 0.000005530 0.000008390 0.000006920 0.000007060 0.000008490 0.000007220 0.000007670 0.000007580 0.000008120 0.000008150 0.000007260 0.000007230 0.000009090 0.000010700 0.000009290 0.000006930 0.000009110 0.000008040 
1     0.000007210 0.000010420 0.000006480 0.000013210 0.000009300 0.000009290 0.000009220 0.000009910 0.000011270 0.000008800 0.000008550 0.000000000 0.000000000 0.000011970 0.000012750 0.000012900 0.000007760 0.000009370 0.000009500 0.000007620 0.000008970 0.000008230 0.000007520 0.000009520 0.000007900 0.000008070 0.000008570 0.000009410 0.000007930 0.000009660 0.000008940 0.000009010 0.000009270 0.000006060 0.000008920 0.000007450 0.000007590 0.000009020 0.000007750 0.000008200 0.000008110 0.000008650 0.000008680 0.000007790 0.000007760 0.000009620 0.000011230 0.000009820 0.000007460 0.000009640 0.000008570 
3     0.000006870 0.000010080 0.000006140 0.000012870 0.000008960 0.000008950 0.000008880 0.000009570 0.000010930 0.000008460 0.000008210 0.000000000 0.000000000 0.000011630 0.000012410 0.000012560 0.000007420 0.000009030 0.000009160 0.000007280 0.000008630 0.000007890 0.000007180 0.000009180 0.000007560 0.000007730 0.000008230 0.000009070 0.000007590 0.000009320 0.000008600 0.000008670 0.000008930 0.000005720 0.000008580 0.000007110 0.000007250 0.000008680 0.000007410 0.000007860 0.000007770 0.000008310 0.000008340 0.000007450 0.000007420 0.000009280 0.000010890 0.000009480 0.000007120 0.000009300 0.000008230 
28     0.000010100 0.000013310 0.000009370 0.000016100 0.000012190 0.000012180 0.000012110 0.000012800 0.000014160 0.000011690 0.000011440 0.000011970 0.000011630 0.000000000 0.000001540 0.000001690 0.000008450 0.000010060 0.000010190 0.000008310 0.000009660 0.000008920 0.000008210 0.000010210 0.000008590 0.000008760 0.000009260 0.000010100 0.000008840 0.000010570 0.000009850 0.000009920 0.000010180 0.000006970 0.000009830 0.000008360 0.000008500 0.000009930 0.000008660 0.000009110 0.000009020 0.000009560 0.000009590 0.000008700 0.000008670 0.000010310 0.000011920 0.000010510 0.000008150 0.000010330 0.000011320 
37     0.000010880 0.000014090 0.000010150 0.000016880 0.000012970 0.000012960 0.000012890 0.000013580 0.000014940 0.000012470 0.000012220 0.000012750 0.000012410 0.000001540 0.000000000 0.000000010 0.000009230 0.000010840 0.000010970 0.000009090 0.000010440 0.000009700 0.000008990 0.000010990 0.000009370 0.000009540 0.000010040 0.000010880 0.000009620 0.000011350 0.000010630 0.000010700 0.000010960 0.000007750 0.000010610 0.000009140 0.000009280 0.000010710 0.000009440 0.000009890 0.000009800 0.000010340 0.000010370 0.000009480 0.000009450 0.000011090 0.000012700 0.000011290 0.000008930 0.000011110 0.000012100 
43     0.000011030 0.000014240 0.000010300 0.000017030 0.000013120 0.000013110 0.000013040 0.000013730 0.000015090 0.000012620 0.000012370 0.000012900 0.000012560 0.000001690 0.000000010 0.000000000 0.000009380 0.000010990 0.000011120 0.000009240 0.000010590 0.000009850 0.000009140 0.000011140 0.000009520 0.000009690 0.000010190 0.000011030 0.000009770 0.000011500 0.000010780 0.000010850 0.000011110 0.000007900 0.000010760 0.000009290 0.000009430 0.000010860 0.000009590 0.000010040 0.000009950 0.000010490 0.000010520 0.000009630 0.000009600 0.000011240 0.000012850 0.000011440 0.000009080 0.000011260 0.000012250 
29     0.000005890 0.000009100 0.000005160 0.000011890 0.000007980 0.000007970 0.000007900 0.000008590 0.000009950 0.000007480 0.000007230 0.000007760 0.000007420 0.000008450 0.000009230 0.000009380 0.000000000 0.000004330 0.000004460 0.000002580 0.000003930 0.000003190 0.000002480 0.000004480 0.000004040 0.000004210 0.000004710 0.000005550 0.000004630 0.000006360 0.000005640 0.000005710 0.000005970 0.000002760 0.000005620 0.000004150 0.000004290 0.000005720 0.000004450 0.000004900 0.000004810 0.000005350 0.000005380 0.000004490 0.000004460 0.000006100 0.000007710 0.000006300 0.000003940 0.000006120 0.000007110 
41     0.000007500 0.000010710 0.000006770 0.000013500 0.000009590 0.000009580 0.000009510 0.000010200 0.000011560 0.000009090 0.000008840 0.000009370 0.000009030 0.000010060 0.000010840 0.000010990 0.000004330 0.000000000 0.000000370 0.000002070 0.000003420 0.000002780 0.000002350 0.000006010 0.000005650 0.000005820 0.000006320 0.000007160 0.000006240 0.000007970 0.000007250 0.000007320 0.000007580 0.000004370 0.000007230 0.000005760 0.000005900 0.000007330 0.000006060 0.000006510 0.000006420 0.000006960 0.000006990 0.000006100 0.000006070 0.000007710 0.000009320 0.000007910 0.000005550 0.000007730 0.000008720 
18     0.000007630 0.000010840 0.000006900 0.000013630 0.000009720 0.000009710 0.000009640 0.000010330 0.000011690 0.000009220 0.000008970 0.000009500 0.000009160 0.000010190 0.000010970 0.000011120 0.000004460 0.000000370 0.000000000 0.000002200 0.000003550 0.000002910 0.000002480 0.000006140 0.000005780 0.000005950 0.000006450 0.000007290 0.000006370 0.000008100 0.000007380 0.000007450 0.000007710 0.000004500 0.000007360 0.000005890 0.000006030 0.000007460 0.000006190 0.000006640 0.000006550 0.000007090 0.000007120 0.000006230 0.000006200 0.000007840 0.000009450 0.000008040 0.000005680 0.000007860 0.000008850 
48     0.000005750 0.000008960 0.000005020 0.000011750 0.000007840 0.000007830 0.000007760 0.000008450 0.000009810 0.000007340 0.000007090 0.000007620 0.000007280 0.000008310 0.000009090 0.000009240 0.000002580 0.000002070 0.000002200 0.000000000 0.000000440 0.000000000 0.000000600 0.000004260 0.000003900 0.000004070 0.000004570 0.000005410 0.000004490 0.000006220 0.000005500 0.000005570 0.000005830 0.000002620 0.000005480 0.000004010 0.000004150 0.000005580 0.000004310 0.000004760 0.000004670 0.000005210 0.000005240 0.000004350 0.000004320 0.000005960 0.000007570 0.000006160 0.000003800 0.000005980 0.000006970 
46     0.000007100 0.000010310 0.000006370 0.000013100 0.000009190 0.000009180 0.000009110 0.000009800 0.000011160 0.000008690 0.000008440 0.000008970 0.000008630 0.000009660 0.000010440 0.000010590 0.000003930 0.000003420 0.000003550 0.000000440 0.000000000 0.000002380 0.000001950 0.000005610 0.000005250 0.000005420 0.000005920 0.000006760 0.000005840 0.000007570 0.000006850 0.000006920 0.000007180 0.000003970 0.000006830 0.000005360 0.000005500 0.000006930 0.000005660 0.000006110 0.000006020 0.000006560 0.000006590 0.000005700 0.000005670 0.000007310 0.000008920 0.000007510 0.000005150 0.000007330 0.000008320 
39     0.000006360 0.000009570 0.000005630 0.000012360 0.000008450 0.000008440 0.000008370 0.000009060 0.000010420 0.000007950 0.000007700 0.000008230 0.000007890 0.000008920 0.000009700 0.000009850 0.000003190 0.000002780 0.000002910 0.000000000 0.000002380 0.000000000 0.000001210 0.000004870 0.000004510 0.000004680 0.000005180 0.000006020 0.000005100 0.000006830 0.000006110 0.000006180 0.000006440 0.000003230 0.000006090 0.000004620 0.000004760 0.000006190 0.000004920 0.000005370 0.000005280 0.000005820 0.000005850 0.000004960 0.000004930 0.000006570 0.000008180 0.000006770 0.000004410 0.000006590 0.000007580 
42     0.000005650 0.000008860 0.000004920 0.000011650 0.000007740 0.000007730 0.000007660 0.000008350 0.000009710 0.000007240 0.000006990 0.000007520 0.000007180 0.000008210 0.000008990 0.000009140 0.000002480 0.000002350 0.000002480 0.000000600 0.000001950 0.000001210 0.000000000 0.000004160 0.000003800 0.000000030 0.000000060 0.000000630 0.000004390 0.000006120 0.000005400 0.000005470 0.000005730 0.000002520 0.000005380 0.000003910 0.000004050 0.000005480 0.000004210 0.000004660 0.000004570 0.000005110 0.000005140 0.000004250 0.000004220 0.000005860 0.000007470 0.000006060 0.000003700 0.000005880 0.000006870 
44     0.000007650 0.000010860 0.000006920 0.000013650 0.000009740 0.000009730 0.000009660 0.000010350 0.000011710 0.000009240 0.000008990 0.000009520 0.000009180 0.000010210 0.000010990 0.000011140 0.000004480 0.000006010 0.000006140 0.000004260 0.000005610 0.000004870 0.000004160 0.000000000 0.000005800 0.000005970 0.000006470 0.000007310 0.000006390 0.000008120 0.000007400 0.000007470 0.000007730 0.000004520 0.000007380 0.000005910 0.000006050 0.000007480 0.000006210 0.000006660 0.000006570 0.000007110 0.000007140 0.000006250 0.000006220 0.000007860 0.000009470 0.000008060 0.000005700 0.000007880 0.000008870 
17     0.000006030 0.000009240 0.000005300 0.000012030 0.000008120 0.000008110 0.000008040 0.000008730 0.000010090 0.000007620 0.000007370 0.000007900 0.000007560 0.000008590 0.000009370 0.000009520 0.000004040 0.000005650 0.000005780 0.000003900 0.000005250 0.000004510 0.000003800 0.000005800 0.000000000 0.000000070 0.000000690 0.000004330 0.000004770 0.000006500 0.000005780 0.000005850 0.000006110 0.000002900 0.000005760 0.000004290 0.000004430 0.000005860 0.000004590 0.000005040 0.000004950 0.000005490 0.000005520 0.000004630 0.000004600 0.000006240 0.000007850 0.000006440 0.000004080 0.000006260 0.000007250 
38     0.000006200 0.000009410 0.000005470 0.000012200 0.000008290 0.000008280 0.000008210 0.000008900 0.000010260 0.000007790 0.000007540 0.000008070 0.000007730 0.000008760 0.000009540 0.000009690 0.000004210 0.000005820 0.000005950 0.000004070 0.000005420 0.000004680 0.000000030 0.000005970 0.000000070 0.000000000 0.000000030 0.000000600 0.000004940 0.000006670 0.000005950 0.000006020 0.000006280 0.000003070 0.000005930 0.000004460 0.000004600 0.000006030 0.000004760 0.000005210 0.000005120 0.000005660 0.000005690 0.000004800 0.000004770 0.000006410 0.000008020 0.000006610 0.000004250 0.000006430 0.000007420 
30     0.000006700 0.000009910 0.000005970 0.000012700 0.000008790 0.000008780 0.000008710 0.000009400 0.000010760 0.000008290 0.000008040 0.000008570 0.000008230 0.000009260 0.000010040 0.000010190 0.000004710 0.000006320 0.000006450 0.000004570 0.000005920 0.000005180 0.000000060 0.000006470 0.000000690 0.000000030 0.000000000 0.000000630 0.000005440 0.000007170 0.000006450 0.000006520 0.000006780 0.000003570 0.000006430 0.000004960 0.000005100 0.000006530 0.000005260 0.000005710 0.000005620 0.000006160 0.000006190 0.000005300 0.000005270 0.000006910 0.000008520 0.000007110 0.000004750 0.000006930 0.000007920 
35     0.000007540 0.000010750 0.000006810 0.000013540 0.000009630 0.000009620 0.000009550 0.000010240 0.000011600 0.000009130 0.000008880 0.000009410 0.000009070 0.000010100 0.000010880 0.000011030 0.000005550 0.000007160 0.000007290 0.000005410 0.000006760 0.000006020 0.000000630 0.000007310 0.000004330 0.000000600 0.000000630 0.000000000 0.000006280 0.000008010 0.000007290 0.000007360 0.000007620 0.000004410 0.000007270 0.000005800 0.000005940 0.000007370 0.000006100 0.000006550 0.000006460 0.000007000 0.000007030 0.000006140 0.000006110 0.000007750 0.000009360 0.000007950 0.000005590 0.000007770 0.000008760 
22     0.000006060 0.000009270 0.000005330 0.000012060 0.000008150 0.000008140 0.000008070 0.000008760 0.000010120 0.000007650 0.000007400 0.000007930 0.000007590 0.000008840 0.000009620 0.000009770 0.000004630 0.000006240 0.000006370 0.000004490 0.000005840 0.000005100 0.000004390 0.000006390 0.000004770 0.000004940 0.000005440 0.000006280 0.000000000 0.000004710 0.000003990 0.000004060 0.000004320 0.000002190 0.000005790 0.000004320 0.000004460 0.000005890 0.000004620 0.000005070 0.000004980 0.000005520 0.000005550 0.000004660 0.000004630 0.000006490 0.000008100 0.000006690 0.000004330 0.000006510 0.000007280 
36     0.000007790 0.000011000 0.000007060 0.000013790 0.000009880 0.000009870 0.000009800 0.000010490 0.000011850 0.000009380 0.000009130 0.000009660 0.000009320 0.000010570 0.000011350 0.000011500 0.000006360 0.000007970 0.000008100 0.000006220 0.000007570 0.000006830 0.000006120 0.000008120 0.000006500 0.000006670 0.000007170 0.000008010 0.000004710 0.000000000 0.000001300 0.000001370 0.000001630 0.000003920 0.000007520 0.000006050 0.000006190 0.000007620 0.000006350 0.000006800 0.000006710 0.000007250 0.000007280 0.000006390 0.000006360 0.000008220 0.000009830 0.000008420 0.000006060 0.000008240 0.000009010 
27     0.000007070 0.000010280 0.000006340 0.000013070 0.000009160 0.000009150 0.000009080 0.000009770 0.000011130 0.000008660 0.000008410 0.000008940 0.000008600 0.000009850 0.000010630 0.000010780 0.000005640 0.000007250 0.000007380 0.000005500 0.000006850 0.000006110 0.000005400 0.000007400 0.000005780 0.000005950 0.000006450 0.000007290 0.000003990 0.000001300 0.000000000 0.000000250 0.000000510 0.000003200 0.000006800 0.000005330 0.000005470 0.000006900 0.000005630 0.000006080 0.000005990 0.000006530 0.000006560 0.000005670 0.000005640 0.000007500 0.000009110 0.000007700 0.000005340 0.000007520 0.000008290 
34     0.000007140 0.000010350 0.000006410 0.000013140 0.000009230 0.000009220 0.000009150 0.000009840 0.000011200 0.000008730 0.000008480 0.000009010 0.000008670 0.000009920 0.000010700 0.000010850 0.000005710 0.000007320 0.000007450 0.000005570 0.000006920 0.000006180 0.000005470 0.000007470 0.000005850 0.000006020 0.000006520 0.000007360 0.000004060 0.000001370 0.000000250 0.000000000 0.000000320 0.000003270 0.000006870 0.000005400 0.000005540 0.000006970 0.000005700 0.000006150 0.000006060 0.000006600 0.000006630 0.000005740 0.000005710 0.000007570 0.000009180 0.000007770 0.000005410 0.000007590 0.000008360 
15     0.000007400 0.000010610 0.000006670 0.000013400 0.000009490 0.000009480 0.000009410 0.000010100 0.000011460 0.000008990 0.000008740 0.000009270 0.000008930 0.000010180 0.000010960 0.000011110 0.000005970 0.000007580 0.000007710 0.000005830 0.000007180 0.000006440 0.000005730 0.000007730 0.000006110 0.000006280 0.000006780 0.000007620 0.000004320 0.000001630 0.000000510 0.000000320 0.000000000 0.000003530 0.000007130 0.000005660 0.000005800 0.000007230 0.000005960 0.000006410 0.000006320 0.000006860 0.000006890 0.000006000 0.000005970 0.000007830 0.000009440 0.000008030 0.000005670 0.000007850 0.000008620 
23     0.000004190 0.000007400 0.000003460 0.000010190 0.000006280 0.000006270 0.000006200 0.000006890 0.000008250 0.000005780 0.000005530 0.000006060 0.000005720 0.000006970 0.000007750 0.000007900 0.000002760 0.000004370 0.000004500 0.000002620 0.000003970 0.000003230 0.000002520 0.000004520 0.000002900 0.000003070 0.000003570 0.000004410 0.000002190 0.000003920 0.000003200 0.000003270 0.000003530 0.000000000 0.000003920 0.000002450 0.000002590 0.000004020 0.000002750 0.000003200 0.000003110 0.000003650 0.000003680 0.000002790 0.000002760 0.000004620 0.000006230 0.000004820 0.000002460 0.000004640 0.000005410 
20     0.000007050 0.000010260 0.000006320 0.000013050 0.000009140 0.000009130 0.000009060 0.000009750 0.000011110 0.000008640 0.000008390 0.000008920 0.000008580 0.000009830 0.000010610 0.000010760 0.000005620 0.000007230 0.000007360 0.000005480 0.000006830 0.000006090 0.000005380 0.000007380 0.000005760 0.000005930 0.000006430 0.000007270 0.000005790 0.000007520 0.000006800 0.000006870 0.000007130 0.000003920 0.000000000 0.000002170 0.000001030 0.000003740 0.000002470 0.000002920 0.000000510 0.000000530 0.000003400 0.000004410 0.000004380 0.000007480 0.000009090 0.000007680 0.000005320 0.000007500 0.000008270 
40     0.000005580 0.000008790 0.000004850 0.000011580 0.000007670 0.000007660 0.000007590 0.000008280 0.000009640 0.000007170 0.000006920 0.000007450 0.000007110 0.000008360 0.000009140 0.000009290 0.000004150 0.000005760 0.000005890 0.000004010 0.000005360 0.000004620 0.000003910 0.000005910 0.000004290 0.000004460 0.000004960 0.000005800 0.000004320 0.000006050 0.000005330 0.000005400 0.000005660 0.000002450 0.000002170 0.000000000 0.000000640 0.000001790 0.000000520 0.000000970 0.000000880 0.000001420 0.000001450 0.000002940 0.000002910 0.000006010 0.000007620 0.000006210 0.000003850 0.000006030 0.000006800 
24     0.000005720 0.000008930 0.000004990 0.000011720 0.000007810 0.000007800 0.000007730 0.000008420 0.000009780 0.000007310 0.000007060 0.000007590 0.000007250 0.000008500 0.000009280 0.000009430 0.000004290 0.000005900 0.000006030 0.000004150 0.000005500 0.000004760 0.000004050 0.000006050 0.000004430 0.000004600 0.000005100 0.000005940 0.000004460 0.000006190 0.000005470 0.000005540 0.000005800 0.000002590 0.000001030 0.000000640 0.000000000 0.000002210 0.000000940 0.000001390 0.000001300 0.000001840 0.000001870 0.000003080 0.000003050 0.000006150 0.000007760 0.000006350 0.000003990 0.000006170 0.000006940 
31     0.000007150 0.000010360 0.000006420 0.000013150 0.000009240 0.000009230 0.000009160 0.000009850 0.000011210 0.000008740 0.000008490 0.000009020 0.000008680 0.000009930 0.000010710 0.000010860 0.000005720 0.000007330 0.000007460 0.000005580 0.000006930 0.000006190 0.000005480 0.000007480 0.000005860 0.000006030 0.000006530 0.000007370 0.000005890 0.000007620 0.000006900 0.000006970 0.000007230 0.000004020 0.000003740 0.000001790 0.000002210 0.000000000 0.000001200 0.000001900 0.000001810 0.000002550 0.000002580 0.000004510 0.000004480 0.000007580 0.000009190 0.000007780 0.000005420 0.000007600 0.000008370 
19     0.000005880 0.000009090 0.000005150 0.000011880 0.000007970 0.000007960 0.000007890 0.000008580 0.000009940 0.000007470 0.000007220 0.000007750 0.000007410 0.000008660 0.000009440 0.000009590 0.000004450 0.000006060 0.000006190 0.000004310 0.000005660 0.000004920 0.000004210 0.000006210 0.000004590 0.000004760 0.000005260 0.000006100 0.000004620 0.000006350 0.000005630 0.000005700 0.000005960 0.000002750 0.000002470 0.000000520 0.000000940 0.000001200 0.000000000 0.000000590 0.000000540 0.000001280 0.000001310 0.000003240 0.000003210 0.000006310 0.000007920 0.000006510 0.000004150 0.000006330 0.000007100 
14     0.000006330 0.000009540 0.000005600 0.000012330 0.000008420 0.000008410 0.000008340 0.000009030 0.000010390 0.000007920 0.000007670 0.000008200 0.000007860 0.000009110 0.000009890 0.000010040 0.000004900 0.000006510 0.000006640 0.000004760 0.000006110 0.000005370 0.000004660 0.000006660 0.000005040 0.000005210 0.000005710 0.000006550 0.000005070 0.000006800 0.000006080 0.000006150 0.000006410 0.000003200 0.000002920 0.000000970 0.000001390 0.000001900 0.000000590 0.000000000 0.000000990 0.000001730 0.000001760 0.000003690 0.000003660 0.000006760 0.000008370 0.000006960 0.000004600 0.000006780 0.000007550 
49     0.000006240 0.000009450 0.000005510 0.000012240 0.000008330 0.000008320 0.000008250 0.000008940 0.000010300 0.000007830 0.000007580 0.000008110 0.000007770 0.000009020 0.000009800 0.000009950 0.000004810 0.000006420 0.000006550 0.000004670 0.000006020 0.000005280 0.000004570 0.000006570 0.000004950 0.000005120 0.000005620 0.000006460 0.000004980 0.000006710 0.000005990 0.000006060 0.000006320 0.000003110 0.000000510 0.000000880 0.000001300 0.000001810 0.000000540 0.000000990 0.000000000 0.000000020 0.000001670 0.000003600 0.000003570 0.000006670 0.000008280 0.000006870 0.000004510 0.000006690 0.000007460 
21     0.000006780 0.000009990 0.000006050 0.000012780 0.000008870 0.000008860 0.000008790 0.000009480 0.000010840 0.000008370 0.000008120 0.000008650 0.000008310 0.000009560 0.000010340 0.000010490 0.000005350 0.000006960 0.000007090 0.000005210 0.000006560 0.000005820 0.000005110 0.000007110 0.000005490 0.000005660 0.000006160 0.000007000 0.000005520 0.000007250 0.000006530 0.000006600 0.000006860 0.000003650 0.000000530 0.000001420 0.000001840 0.000002550 0.000001280 0.000001730 0.000000020 0.000000000 0.000002190 0.000004140 0.000004110 0.000007210 0.000008820 0.000007410 0.000005050 0.000007230 0.000008000 
45     0.000006810 0.000010020 0.000006080 0.000012810 0.000008900 0.000008890 0.000008820 0.000009510 0.000010870 0.000008400 0.000008150 0.000008680 0.000008340 0.000009590 0.000010370 0.000010520 0.000005380 0.000006990 0.000007120 0.000005240 0.000006590 0.000005850 0.000005140 0.000007140 0.000005520 0.000005690 0.000006190 0.000007030 0.000005550 0.000007280 0.000006560 0.000006630 0.000006890 0.000003680 0.000003400 0.000001450 0.000001870 0.000002580 0.000001310 0.000001760 0.000001670 0.000002190 0.000000000 0.000004170 0.000004140 0.000007240 0.000008850 0.000007440 0.000005080 0.000007260 0.000008030 
50     0.000005920 0.000009130 0.000005190 0.000011920 0.000008010 0.000008000 0.000007930 0.000008620 0.000009980 0.000007510 0.000007260 0.000007790 0.000007450 0.000008700 0.000009480 0.000009630 0.000004490 0.000006100 0.000006230 0.000004350 0.000005700 0.000004960 0.000004250 0.000006250 0.000004630 0.000004800 0.000005300 0.000006140 0.000004660 0.000006390 0.000005670 0.000005740 0.000006000 0.000002790 0.000004410 0.000002940 0.000003080 0.000004510 0.000003240 0.000003690 0.000003600 0.000004140 0.000004170 0.000000000 0.000000360 0.000006350 0.000007960 0.000006550 0.000004190 0.000006370 0.000007140 
32     0.000005890 0.000009100 0.000005160 0.000011890 0.000007980 0.000007970 0.000007900 0.000008590 0.000009950 0.000007480 0.000007230 0.000007760 0.000007420 0.000008670 0.000009450 0.000009600 0.000004460 0.000006070 0.000006200 0.000004320 0.000005670 0.000004930 0.000004220 0.000006220 0.000004600 0.000004770 0.000005270 0.000006110 0.000004630 0.000006360 0.000005640 0.000005710 0.000005970 0.000002760 0.000004380 0.000002910 0.000003050 0.000004480 0.000003210 0.000003660 0.000003570 0.000004110 0.000004140 0.000000360 0.000000000 0.000006320 0.000007930 0.000006520 0.000004160 0.000006340 0.000007110 
47     0.000007750 0.000010960 0.000007020 0.000013750 0.000009840 0.000009830 0.000009760 0.000010450 0.000011810 0.000009340 0.000009090 0.000009620 0.000009280 0.000010310 0.000011090 0.000011240 0.000006100 0.000007710 0.000007840 0.000005960 0.000007310 0.000006570 0.000005860 0.000007860 0.000006240 0.000006410 0.000006910 0.000007750 0.000006490 0.000008220 0.000007500 0.000007570 0.000007830 0.000004620 0.000007480 0.000006010 0.000006150 0.000007580 0.000006310 0.000006760 0.000006670 0.000007210 0.000007240 0.000006350 0.000006320 0.000000000 0.000001690 0.000000280 0.000002300 0.000000100 0.000008970 
26     0.000009360 0.000012570 0.000008630 0.000015360 0.000011450 0.000011440 0.000011370 0.000012060 0.000013420 0.000010950 0.000010700 0.000011230 0.000010890 0.000011920 0.000012700 0.000012850 0.000007710 0.000009320 0.000009450 0.000007570 0.000008920 0.000008180 0.000007470 0.000009470 0.000007850 0.000008020 0.000008520 0.000009360 0.000008100 0.000009830 0.000009110 0.000009180 0.000009440 0.000006230 0.000009090 0.000007620 0.000007760 0.000009190 0.000007920 0.000008370 0.000008280 0.000008820 0.000008850 0.000007960 0.000007930 0.000001690 0.000000000 0.000001770 0.000003910 0.000001610 0.000010580 
25     0.000007950 0.000011160 0.000007220 0.000013950 0.000010040 0.000010030 0.000009960 0.000010650 0.000012010 0.000009540 0.000009290 0.000009820 0.000009480 0.000010510 0.000011290 0.000011440 0.000006300 0.000007910 0.000008040 0.000006160 0.000007510 0.000006770 0.000006060 0.000008060 0.000006440 0.000006610 0.000007110 0.000007950 0.000006690 0.000008420 0.000007700 0.000007770 0.000008030 0.000004820 0.000007680 0.000006210 0.000006350 0.000007780 0.000006510 0.000006960 0.000006870 0.000007410 0.000007440 0.000006550 0.000006520 0.000000280 0.000001770 0.000000000 0.000002500 0.000000200 0.000009170 
33     0.000005590 0.000008800 0.000004860 0.000011590 0.000007680 0.000007670 0.000007600 0.000008290 0.000009650 0.000007180 0.000006930 0.000007460 0.000007120 0.000008150 0.000008930 0.000009080 0.000003940 0.000005550 0.000005680 0.000003800 0.000005150 0.000004410 0.000003700 0.000005700 0.000004080 0.000004250 0.000004750 0.000005590 0.000004330 0.000006060 0.000005340 0.000005410 0.000005670 0.000002460 0.000005320 0.000003850 0.000003990 0.000005420 0.000004150 0.000004600 0.000004510 0.000005050 0.000005080 0.000004190 0.000004160 0.000002300 0.000003910 0.000002500 0.000000000 0.000002320 0.000006810 
16     0.000007770 0.000010980 0.000007040 0.000013770 0.000009860 0.000009850 0.000009780 0.000010470 0.000011830 0.000009360 0.000009110 0.000009640 0.000009300 0.000010330 0.000011110 0.000011260 0.000006120 0.000007730 0.000007860 0.000005980 0.000007330 0.000006590 0.000005880 0.000007880 0.000006260 0.000006430 0.000006930 0.000007770 0.000006510 0.000008240 0.000007520 0.000007590 0.000007850 0.000004640 0.000007500 0.000006030 0.000006170 0.000007600 0.000006330 0.000006780 0.000006690 0.000007230 0.000007260 0.000006370 0.000006340 0.000000100 0.000001610 0.000000200 0.000002320 0.000000000 0.000008990 
0     0.000006700 0.000009910 0.000005970 0.000012700 0.000008790 0.000008780 0.000008710 0.000009400 0.000010760 0.000008290 0.000008040 0.000008570 0.000008230 0.000011320 0.000012100 0.000012250 0.000007110 0.000008720 0.000008850 0.000006970 0.000008320 0.000007580 0.000006870 0.000008870 0.000007250 0.000007420 0.000007920 0.000008760 0.000007280 0.000009010 0.000008290 0.000008360 0.000008620 0.000005410 0.000008270 0.000006800 0.000006940 0.000008370 0.000007100 0.000007550 0.000007460 0.000008000 0.000008030 0.000007140 0.000007110 0.000008970 0.000010580 0.000009170 0.000006810 0.000008990 0.000000000 
