51
24     0.000000000 0.438309382 0.435202392 0.413231017 0.381248808 0.380420651 0.387880507 0.396591836 0.380687116 0.378991091 0.505140316 0.506398196 0.516661266 0.519010705 0.450206755 0.451059243 0.478204552 0.500472463 0.534827285 0.413557207 0.390056730 0.475657386 0.439200163 0.435708751 0.456690622 0.490675352 0.412385671 0.478811536 0.492035377 0.446252518 0.447032273 0.406802197 0.420460173 0.440603908 0.439480966 0.460903546 0.471238241 0.481596993 0.517119247 0.465439671 0.405513438 0.400974109 0.424355639 0.449631545 0.455222095 0.413552093 0.472111223 0.473916065 0.481311466 0.446459975 0.886970658 
27     0.438309382 0.000000000 0.094330368 0.346224746 0.314218183 0.313390026 0.320878991 0.329630140 0.316781918 0.315058829 0.438970621 0.440266215 0.450796326 0.452964008 0.438521963 0.439374451 0.471310134 0.493560642 0.527915655 0.406445856 0.382862570 0.469594518 0.433137296 0.429645883 0.450627754 0.484595818 0.406123463 0.472550274 0.484932859 0.493731660 0.494511416 0.454366749 0.468010820 0.488178694 0.487055753 0.508478333 0.518802793 0.528764779 0.564271021 0.507665306 0.446497308 0.441469562 0.464851092 0.490126997 0.495717548 0.454047545 0.512596525 0.514401367 0.521277577 0.490727250 0.931003689 
17     0.435202392 0.094330368 0.000000000 0.343170795 0.311164232 0.310336076 0.317825040 0.326576189 0.313727967 0.312004878 0.435842089 0.437137683 0.447667794 0.449835476 0.435414973 0.436267461 0.468203144 0.490453652 0.524808665 0.403338866 0.379755580 0.466487528 0.430030306 0.426538893 0.447520764 0.481488827 0.403016472 0.469443284 0.481825869 0.490624670 0.491404426 0.451259759 0.464903830 0.485071704 0.483948762 0.505371342 0.515695803 0.525657788 0.561164031 0.504558316 0.443390318 0.438362572 0.461744102 0.487020007 0.492610558 0.450940555 0.509489535 0.511294377 0.518170586 0.487620260 0.927896699 
19     0.413231017 0.346224746 0.343170795 0.000000000 0.104532711 0.101866682 0.121528175 0.156680813 0.250056427 0.248376180 0.415062199 0.416356414 0.426401614 0.429154389 0.412920390 0.413772878 0.445516945 0.467809748 0.502164761 0.380584452 0.357112739 0.442765653 0.406308431 0.402817018 0.423798889 0.457791330 0.379323589 0.445676891 0.458063258 0.466967802 0.467747558 0.427602891 0.441260867 0.461414836 0.460291895 0.481714475 0.492038935 0.502014825 0.537521068 0.481638483 0.420041642 0.414941162 0.438322692 0.463598597 0.469189148 0.427519145 0.486068125 0.487872967 0.494814928 0.465663803 0.905819520 
5     0.381248808 0.314218183 0.311164232 0.104532711 0.000000000 0.046763011 0.090537530 0.124530320 0.218079262 0.216399016 0.383067508 0.384361723 0.394406923 0.397159698 0.380938181 0.381790669 0.413534737 0.435827540 0.470182552 0.348602243 0.325130531 0.410783445 0.374326222 0.370834810 0.391816681 0.425809122 0.347341381 0.413694682 0.426081049 0.434985594 0.435765349 0.395620682 0.409278658 0.429432628 0.428309686 0.449732266 0.460056727 0.470032617 0.505538859 0.449656274 0.388059434 0.382958954 0.406340484 0.431616389 0.437206939 0.395536937 0.454085917 0.455890758 0.462832719 0.433681595 0.873837312 
10     0.380420651 0.313390026 0.310336076 0.101866682 0.046763011 0.000000000 0.089313816 0.123747204 0.217251105 0.215570859 0.382239352 0.383533567 0.393578767 0.396331542 0.380110025 0.380962513 0.412706580 0.434999383 0.469354395 0.347774086 0.324302374 0.409955288 0.373498066 0.370006653 0.390988524 0.424980965 0.346513224 0.412866526 0.425252893 0.434157437 0.434937193 0.394792526 0.408450501 0.428604471 0.427481529 0.448904109 0.459228570 0.469204460 0.504710702 0.448828118 0.387231277 0.382130797 0.405512327 0.430788232 0.436378782 0.394708780 0.453257760 0.455062602 0.462004562 0.432853438 0.873009155 
15     0.387880507 0.320878991 0.317825040 0.121528175 0.090537530 0.089313816 0.000000000 0.130263378 0.224720679 0.223040433 0.389752077 0.391046292 0.401091492 0.403844267 0.387569880 0.388422368 0.420166435 0.442459238 0.476814251 0.355233942 0.331762229 0.417415144 0.380957921 0.377466509 0.398448379 0.432440821 0.353973080 0.420326381 0.432712748 0.441617293 0.442397048 0.402252381 0.415910357 0.436064327 0.434941385 0.456363965 0.466688425 0.476664315 0.512170558 0.456287973 0.394691132 0.389590652 0.412972182 0.438248088 0.443838638 0.402168636 0.460717616 0.462522457 0.469464418 0.440313293 0.880469010 
25     0.396591836 0.329630140 0.326576189 0.156680813 0.124530320 0.123747204 0.130263378 0.000000000 0.233343004 0.231662758 0.398447917 0.399742132 0.409787332 0.412540107 0.396253638 0.397106126 0.428850193 0.451142996 0.485498009 0.363917699 0.340445987 0.426098901 0.389641679 0.386150266 0.407132137 0.441124578 0.362656837 0.429010139 0.441396506 0.450328622 0.451108378 0.410963711 0.424621686 0.444775656 0.443652714 0.465075294 0.475399755 0.485375645 0.520881887 0.464999303 0.403402462 0.398301982 0.421683512 0.446959417 0.452549967 0.410879965 0.469428945 0.471233787 0.478175747 0.449024623 0.889180340 
3     0.380687116 0.316781918 0.313727967 0.250056427 0.218079262 0.217251105 0.224720679 0.233343004 0.000000000 0.041715094 0.384977433 0.386271648 0.396336696 0.398790700 0.380508562 0.381361050 0.412946289 0.435239092 0.469594105 0.348043633 0.324547026 0.410211300 0.373754077 0.370262665 0.391244535 0.425212599 0.346744858 0.413079953 0.425466320 0.435059966 0.435839722 0.395446229 0.409104204 0.429258174 0.428135232 0.449557812 0.459882273 0.469858163 0.505364405 0.449233235 0.387590273 0.382489793 0.405871323 0.431147228 0.436737778 0.395067776 0.453616756 0.455421597 0.462363426 0.433866569 0.873773779 
23     0.378991091 0.315058829 0.312004878 0.248376180 0.216399016 0.215570859 0.223040433 0.231662758 0.041715094 0.000000000 0.383187086 0.384481301 0.394559599 0.397000354 0.378800651 0.379653139 0.411288437 0.433581240 0.467936253 0.346385782 0.322889175 0.408553448 0.372096225 0.368604813 0.389586684 0.423554747 0.345087006 0.411422101 0.423808468 0.433363941 0.434143696 0.393750203 0.407408179 0.427562149 0.426439207 0.447861787 0.458186248 0.468162138 0.503668380 0.447537210 0.385894247 0.380793767 0.404175297 0.429451203 0.435041753 0.393371751 0.451920730 0.453725572 0.460667400 0.432170544 0.872077753 
29     0.505140316 0.438970621 0.435842089 0.415062199 0.383067508 0.382239352 0.389752077 0.398447917 0.384977433 0.383187086 0.000000000 0.116353246 0.276387949 0.279159822 0.501569718 0.502422206 0.534469796 0.556720493 0.591075316 0.469348129 0.445847224 0.531685732 0.495228510 0.491737097 0.512718968 0.546687032 0.468386834 0.534571951 0.546958318 0.557639860 0.558419615 0.518461331 0.532119307 0.552273277 0.551150335 0.572572915 0.582897376 0.592873265 0.628379508 0.572739902 0.510616883 0.505589137 0.528970667 0.554246572 0.559837122 0.518167120 0.576716100 0.578520942 0.586142740 0.556848825 0.997222636 
26     0.506398196 0.440266215 0.437137683 0.416356414 0.384361723 0.383533567 0.391046292 0.399742132 0.386271648 0.384481301 0.116353246 0.000000000 0.277802426 0.280294668 0.502641017 0.503493505 0.535698065 0.557948763 0.592303586 0.470576398 0.447075493 0.532914191 0.496456968 0.492965556 0.513947426 0.547915490 0.469615292 0.535800220 0.548186587 0.558899739 0.559679494 0.519721210 0.533379186 0.553533156 0.552410214 0.573832794 0.584157254 0.594133144 0.629639387 0.573999780 0.511876762 0.506849016 0.530230546 0.555506451 0.561097001 0.519426999 0.577975979 0.579780821 0.587402619 0.558226024 0.998545383 
16     0.516661266 0.450796326 0.447667794 0.426401614 0.394406923 0.393578767 0.401091492 0.409787332 0.396336696 0.394559599 0.276387949 0.277802426 0.000000000 0.270854242 0.512876690 0.513729178 0.545898015 0.568148712 0.602503535 0.480776347 0.457275443 0.543138140 0.506680918 0.503189505 0.524171376 0.558139440 0.479839242 0.546024170 0.558410537 0.569162808 0.569942564 0.529984279 0.543642255 0.563796225 0.562673283 0.584095863 0.594420324 0.604396214 0.639902456 0.584262850 0.522139831 0.517112085 0.540493615 0.565769520 0.571360071 0.529690068 0.588239048 0.590043890 0.597665688 0.568489094 1.008808452 
21     0.519010705 0.452964008 0.449835476 0.429154389 0.397159698 0.396331542 0.403844267 0.412540107 0.398790700 0.397000354 0.279159822 0.280294668 0.270854242 0.000000000 0.515236491 0.516088979 0.548057991 0.570308688 0.604663511 0.482936323 0.459435419 0.545294651 0.508837428 0.505346016 0.526327886 0.560295950 0.481995752 0.548180680 0.560567047 0.571380633 0.572160388 0.532202104 0.545860080 0.566014050 0.564891108 0.586313688 0.596638149 0.606614038 0.642120281 0.586480675 0.524357656 0.519329910 0.542711440 0.567987345 0.573577895 0.531907893 0.590456873 0.592261715 0.599883513 0.570719129 1.011232027 
12     0.450206755 0.438521963 0.435414973 0.412920390 0.380938181 0.380110025 0.387569880 0.396253638 0.380508562 0.378800651 0.501569718 0.502641017 0.512876690 0.515236491 0.000000000 0.049236054 0.430357910 0.452466231 0.486826670 0.366082673 0.342866935 0.428878367 0.392347814 0.388856401 0.409809966 0.443760216 0.365595744 0.431687602 0.444080378 0.504417209 0.505196965 0.465420792 0.479064864 0.499232738 0.498109796 0.519532376 0.529856837 0.539770709 0.575276951 0.520811364 0.457560165 0.452530743 0.475912273 0.501188178 0.506778729 0.465108726 0.523657706 0.525462548 0.532097105 0.503042189 0.944465320 
9     0.451059243 0.439374451 0.436267461 0.413772878 0.381790669 0.380962513 0.388422368 0.397106126 0.381361050 0.379653139 0.502422206 0.503493505 0.513729178 0.516088979 0.049236054 0.000000000 0.431210398 0.453318719 0.487679158 0.366935161 0.343719423 0.429730855 0.393200302 0.389708889 0.410662454 0.444612704 0.366448232 0.432540091 0.444932866 0.505269698 0.506049453 0.466273280 0.479917352 0.500085226 0.498962284 0.520384864 0.530709325 0.540623197 0.576129439 0.521663852 0.458412654 0.453383231 0.476764761 0.502040666 0.507631217 0.465961214 0.524510194 0.526315036 0.532949593 0.503894677 0.945317808 
13     0.478204552 0.471310134 0.468203144 0.445516945 0.413534737 0.412706580 0.420166435 0.428850193 0.412946289 0.411288437 0.534469796 0.535698065 0.545898015 0.548057991 0.430357910 0.431210398 0.000000000 0.187109601 0.223140100 0.282066391 0.258942493 0.425216877 0.388689538 0.385198126 0.406189485 0.440051777 0.361708055 0.428847016 0.442170629 0.531168753 0.531948509 0.492043918 0.505687989 0.525901060 0.524778119 0.546200699 0.556479963 0.566393835 0.601900077 0.548213934 0.485747576 0.480454804 0.503836334 0.528953409 0.534543959 0.492873957 0.551581767 0.553386609 0.560222664 0.528814451 0.971321533 
8     0.500472463 0.493560642 0.490453652 0.467809748 0.435827540 0.434999383 0.442459238 0.451142996 0.435239092 0.433581240 0.556720493 0.557948763 0.568148712 0.570308688 0.452466231 0.453318719 0.187109601 0.000000000 0.196292479 0.303517858 0.280339123 0.447573185 0.411045846 0.407554433 0.428545793 0.462408084 0.384070511 0.451202053 0.464525666 0.553436664 0.554216419 0.514311829 0.527955900 0.548168971 0.547046029 0.568468609 0.578747873 0.588661745 0.624167988 0.570481844 0.508015486 0.502722715 0.526104244 0.551221320 0.556811870 0.515141868 0.573849678 0.575654519 0.582490574 0.551082361 0.993589443 
2     0.534827285 0.527915655 0.524808665 0.502164761 0.470182552 0.469354395 0.476814251 0.485498009 0.469594105 0.467936253 0.591075316 0.592303586 0.602503535 0.604663511 0.486826670 0.487679158 0.223140100 0.196292479 0.000000000 0.337738235 0.314881211 0.481921517 0.445394178 0.441902765 0.462894125 0.496756417 0.418421204 0.485550385 0.498873998 0.587791487 0.588571242 0.548666652 0.562310723 0.582523794 0.581400852 0.602823432 0.613102696 0.623016568 0.658522810 0.604836667 0.542370309 0.537077537 0.560459067 0.585576142 0.591166693 0.549496690 0.608204500 0.610009342 0.616845397 0.585437184 1.027944266 
1     0.413557207 0.406445856 0.403338866 0.380584452 0.348602243 0.347774086 0.355233942 0.363917699 0.348043633 0.346385782 0.469348129 0.470576398 0.480776347 0.482936323 0.366082673 0.366935161 0.282066391 0.303517858 0.337738235 0.000000000 0.178614635 0.360779732 0.324248951 0.320757539 0.341783468 0.375830863 0.297692975 0.364868211 0.378191823 0.466530922 0.467310678 0.427406087 0.441050158 0.461263229 0.460140287 0.481562867 0.491842131 0.501756003 0.537262246 0.483126406 0.421039140 0.415746368 0.439127898 0.464244973 0.469835524 0.428165521 0.486873331 0.488678173 0.495606942 0.464333268 0.906700009 
18     0.390056730 0.382862570 0.379755580 0.357112739 0.325130531 0.324302374 0.331762229 0.340445987 0.324547026 0.322889175 0.445847224 0.447075493 0.457275443 0.459435419 0.342866935 0.343719423 0.258942493 0.280339123 0.314881211 0.178614635 0.000000000 0.337031855 0.300501075 0.297009662 0.318035591 0.351901325 0.273796190 0.340830685 0.354154297 0.443094149 0.443873905 0.403969314 0.417613385 0.437826456 0.436703514 0.458126094 0.468405358 0.478319231 0.513825473 0.459703371 0.397546547 0.392253776 0.415635306 0.440752381 0.446342931 0.404672929 0.463380739 0.465185580 0.472114349 0.440826938 0.883190856 
22     0.475657386 0.469594518 0.466487528 0.442765653 0.410783445 0.409955288 0.417415144 0.426098901 0.410211300 0.408553448 0.531685732 0.532914191 0.543138140 0.545294651 0.428878367 0.429730855 0.425216877 0.447573185 0.481921517 0.360779732 0.337031855 0.000000000 0.114654561 0.111626676 0.162618207 0.208534483 0.223472123 0.324170560 0.337470442 0.529136831 0.529916587 0.490140414 0.503784485 0.523952360 0.522829418 0.544251998 0.554576458 0.564490331 0.599996573 0.545834015 0.483649430 0.478293913 0.501675443 0.526792518 0.532383068 0.490713066 0.549420876 0.551225718 0.558051784 0.527242086 0.969734710 
14     0.439200163 0.433137296 0.430030306 0.406308431 0.374326222 0.373498066 0.380957921 0.389641679 0.373754077 0.372096225 0.495228510 0.496456968 0.506680918 0.508837428 0.392347814 0.393200302 0.388689538 0.411045846 0.445394178 0.324248951 0.300501075 0.114654561 0.000000000 0.032293941 0.123148937 0.166870015 0.187977397 0.287577593 0.301015776 0.492679609 0.493459364 0.453683192 0.467327263 0.487495137 0.486372195 0.507794775 0.518119236 0.528033108 0.563539351 0.509376793 0.447192208 0.441836691 0.465218221 0.490335296 0.495925846 0.454255844 0.512963654 0.514768495 0.521594562 0.490784864 0.933277488 
4     0.435708751 0.429645883 0.426538893 0.402817018 0.370834810 0.370006653 0.377466509 0.386150266 0.370262665 0.368604813 0.491737097 0.492965556 0.503189505 0.505346016 0.388856401 0.389708889 0.385198126 0.407554433 0.441902765 0.320757539 0.297009662 0.111626676 0.032293941 0.000000000 0.120606479 0.165117206 0.184232204 0.284047292 0.297485475 0.489188196 0.489967952 0.450191779 0.463835850 0.484003725 0.482880783 0.504303363 0.514627823 0.524541696 0.560047938 0.505885380 0.443700795 0.438345278 0.461726808 0.486843883 0.492434433 0.450764431 0.509472241 0.511277083 0.518103149 0.487293451 0.929786075 
6     0.456690622 0.450627754 0.447520764 0.423798889 0.391816681 0.390988524 0.398448379 0.407132137 0.391244535 0.389586684 0.512718968 0.513947426 0.524171376 0.526327886 0.409809966 0.410662454 0.406189485 0.428545793 0.462894125 0.341783468 0.318035591 0.162618207 0.123148937 0.120606479 0.000000000 0.183663157 0.206237812 0.305251342 0.318601821 0.510170067 0.510949823 0.471173650 0.484817721 0.504985595 0.503862653 0.525285234 0.535609694 0.545523567 0.581029809 0.526867251 0.464682666 0.459327149 0.482708679 0.507825754 0.513416304 0.471746302 0.530454112 0.532258953 0.539085020 0.508275322 0.950767946 
28     0.490675352 0.484595818 0.481488827 0.457791330 0.425809122 0.424980965 0.432440821 0.441124578 0.425212599 0.423554747 0.546687032 0.547915490 0.558139440 0.560295950 0.443760216 0.444612704 0.440051777 0.462408084 0.496756417 0.375830863 0.351901325 0.208534483 0.166870015 0.165117206 0.183663157 0.000000000 0.240896114 0.339088681 0.352300859 0.544154797 0.544934552 0.505158380 0.518802451 0.538970325 0.537847383 0.559269964 0.569594424 0.579508296 0.615014539 0.560851981 0.498667396 0.493311879 0.516693409 0.541810484 0.547401034 0.505731032 0.564438842 0.566243683 0.573069750 0.542260052 0.984752676 
20     0.412385671 0.406123463 0.403016472 0.379323589 0.347341381 0.346513224 0.353973080 0.362656837 0.346744858 0.345087006 0.468386834 0.469615292 0.479839242 0.481995752 0.365595744 0.366448232 0.361708055 0.384070511 0.418421204 0.297692975 0.273796190 0.223472123 0.187977397 0.184232204 0.206237812 0.240896114 0.000000000 0.259683359 0.273426072 0.465817828 0.466597583 0.426821411 0.440465482 0.460633356 0.459510414 0.480932994 0.491257455 0.501171327 0.536677570 0.482515012 0.420330427 0.414974910 0.438356440 0.463473515 0.469064065 0.427394063 0.486101873 0.487906714 0.494732781 0.463923083 0.906415707 
11     0.478811536 0.472550274 0.469443284 0.445676891 0.413694682 0.412866526 0.420326381 0.429010139 0.413079953 0.411422101 0.534571951 0.535800220 0.546024170 0.548180680 0.431687602 0.432540091 0.428847016 0.451202053 0.485550385 0.364868211 0.340830685 0.324170560 0.287577593 0.284047292 0.305251342 0.339088681 0.259683359 0.000000000 0.095969718 0.532398220 0.533177976 0.493401803 0.507045874 0.527213749 0.526090807 0.547513387 0.557837847 0.567751720 0.603257962 0.548893432 0.486708847 0.481353330 0.504734860 0.529851935 0.535442486 0.493772483 0.552480293 0.554285135 0.561111201 0.530503497 0.972806341 
7     0.492035377 0.484932859 0.481825869 0.458063258 0.426081049 0.425252893 0.432712748 0.441396506 0.425466320 0.423808468 0.546958318 0.548186587 0.558410537 0.560567047 0.444080378 0.444932866 0.442170629 0.464525666 0.498873998 0.378191823 0.354154297 0.337470442 0.301015776 0.297485475 0.318601821 0.352300859 0.273426072 0.095969718 0.000000000 0.545587305 0.546367061 0.506590888 0.520234959 0.540402834 0.539279892 0.560702472 0.571026932 0.580940805 0.616447047 0.562082517 0.499894152 0.494542784 0.517924314 0.543041389 0.548631939 0.506961937 0.565669747 0.567474588 0.574296505 0.543692582 0.985937377 
36     0.446252518 0.493731660 0.490624670 0.466967802 0.434985594 0.434157437 0.441617293 0.450328622 0.435059966 0.433363941 0.557639860 0.558899739 0.569162808 0.571380633 0.504417209 0.505269698 0.531168753 0.553436664 0.587791487 0.466530922 0.443094149 0.529136831 0.492679609 0.489188196 0.510170067 0.544154797 0.465817828 0.532398220 0.545587305 0.000000000 0.075893884 0.277596261 0.291301958 0.309949150 0.308897429 0.330252388 0.340773417 0.351218040 0.386826708 0.468677661 0.406974190 0.402633568 0.426015097 0.451106222 0.456810338 0.415140336 0.473736146 0.475540987 0.483216643 0.473596375 0.918267016 
42     0.447032273 0.494511416 0.491404426 0.467747558 0.435765349 0.434937193 0.442397048 0.451108378 0.435839722 0.434143696 0.558419615 0.559679494 0.569942564 0.572160388 0.505196965 0.506049453 0.531948509 0.554216419 0.588571242 0.467310678 0.443873905 0.529916587 0.493459364 0.489967952 0.510949823 0.544934552 0.466597583 0.533177976 0.546367061 0.075893884 0.000000000 0.278345608 0.292051306 0.310698498 0.309646777 0.331001736 0.341522765 0.351967588 0.387576256 0.469457416 0.407753946 0.403413323 0.426794853 0.451885978 0.457590093 0.415920091 0.474515901 0.476320743 0.483996399 0.474376131 0.919046772 
50     0.406802197 0.454366749 0.451259759 0.427602891 0.395620682 0.394792526 0.402252381 0.410963711 0.395446229 0.393750203 0.518461331 0.519721210 0.529984279 0.532202104 0.465420792 0.466273280 0.492043918 0.514311829 0.548666652 0.427406087 0.403969314 0.490140414 0.453683192 0.450191779 0.471173650 0.505158380 0.426821411 0.493401803 0.506590888 0.277596261 0.278345608 0.000000000 0.117434650 0.215318010 0.214196235 0.236153066 0.245134505 0.285823176 0.321141673 0.429123627 0.367332579 0.362991956 0.386373486 0.411464611 0.417168727 0.375498724 0.434094535 0.435899376 0.443575032 0.434368638 0.879070185 
48     0.420460173 0.468010820 0.464903830 0.441260867 0.409278658 0.408450501 0.415910357 0.424621686 0.409104204 0.407408179 0.532119307 0.533379186 0.543642255 0.545860080 0.479064864 0.479917352 0.505687989 0.527955900 0.562310723 0.441050158 0.417613385 0.503784485 0.467327263 0.463835850 0.484817721 0.518802451 0.440465482 0.507045874 0.520234959 0.291301958 0.292051306 0.117434650 0.000000000 0.227333615 0.226100073 0.247934729 0.256962196 0.299267316 0.334586372 0.442743865 0.381032230 0.376691607 0.400073137 0.425164262 0.430868377 0.389198375 0.447794185 0.449599027 0.457255611 0.448026614 0.892728161 
44     0.440603908 0.488178694 0.485071704 0.461414836 0.429432628 0.428604471 0.436064327 0.444775656 0.429258174 0.427562149 0.552273277 0.553533156 0.563796225 0.566014050 0.499232738 0.500085226 0.525901060 0.548168971 0.582523794 0.461263229 0.437826456 0.523952360 0.487495137 0.484003725 0.504985595 0.538970325 0.460633356 0.527213749 0.540402834 0.309949150 0.310698498 0.215318010 0.227333615 0.000000000 0.053231833 0.114928360 0.179034506 0.318218892 0.353663425 0.462929457 0.401131581 0.396790958 0.420172488 0.445263613 0.450967729 0.409297726 0.467893537 0.469698378 0.477374034 0.468233200 0.912882130 
41     0.439480966 0.487055753 0.483948762 0.460291895 0.428309686 0.427481529 0.434941385 0.443652714 0.428135232 0.426439207 0.551150335 0.552410214 0.562673283 0.564891108 0.498109796 0.498962284 0.524778119 0.547046029 0.581400852 0.460140287 0.436703514 0.522829418 0.486372195 0.482880783 0.503862653 0.537847383 0.459510414 0.526090807 0.539279892 0.308897429 0.309646777 0.214196235 0.226100073 0.053231833 0.000000000 0.115262517 0.178549473 0.316978826 0.352423359 0.461806515 0.400008640 0.395668017 0.419049546 0.444140671 0.449844787 0.408174785 0.466770595 0.468575436 0.476251092 0.467110258 0.911759189 
46     0.460903546 0.508478333 0.505371342 0.481714475 0.449732266 0.448904109 0.456363965 0.465075294 0.449557812 0.447861787 0.572572915 0.573832794 0.584095863 0.586313688 0.519532376 0.520384864 0.546200699 0.568468609 0.602823432 0.481562867 0.458126094 0.544251998 0.507794775 0.504303363 0.525285234 0.559269964 0.480932994 0.547513387 0.560702472 0.330252388 0.331001736 0.236153066 0.247934729 0.114928360 0.115262517 0.000000000 0.199418355 0.338432206 0.373746835 0.483229095 0.421431220 0.417090597 0.440472127 0.465563252 0.471267367 0.429597365 0.488193175 0.489998017 0.497673673 0.488532838 0.933181769 
43     0.471238241 0.518802793 0.515695803 0.492038935 0.460056727 0.459228570 0.466688425 0.475399755 0.459882273 0.458186248 0.582897376 0.584157254 0.594420324 0.596638149 0.529856837 0.530709325 0.556479963 0.578747873 0.613102696 0.491842131 0.468405358 0.554576458 0.518119236 0.514627823 0.535609694 0.569594424 0.491257455 0.557837847 0.571026932 0.340773417 0.341522765 0.245134505 0.256962196 0.179034506 0.178549473 0.199418355 0.000000000 0.348278074 0.383603440 0.493561972 0.431764096 0.427423474 0.450805003 0.475896128 0.481600244 0.439930242 0.498526052 0.500330893 0.508006549 0.498812102 0.943506229 
35     0.481596993 0.528764779 0.525657788 0.502014825 0.470032617 0.469204460 0.476664315 0.485375645 0.469858163 0.468162138 0.592873265 0.594133144 0.604396214 0.606614038 0.539770709 0.540623197 0.566393835 0.588661745 0.623016568 0.501756003 0.478319231 0.564490331 0.528033108 0.524541696 0.545523567 0.579508296 0.501171327 0.567751720 0.580940805 0.351218040 0.351967588 0.285823176 0.299267316 0.318218892 0.316978826 0.338432206 0.348278074 0.000000000 0.254645416 0.503575791 0.441734986 0.437394363 0.460775893 0.485867018 0.491571133 0.449901131 0.508496941 0.510301783 0.517958367 0.508720224 0.953606544 
31     0.517119247 0.564271021 0.561164031 0.537521068 0.505538859 0.504710702 0.512170558 0.520881887 0.505364405 0.503668380 0.628379508 0.629639387 0.639902456 0.642120281 0.575276951 0.576129439 0.601900077 0.624167988 0.658522810 0.537262246 0.513825473 0.599996573 0.563539351 0.560047938 0.581029809 0.615014539 0.536677570 0.603257962 0.616447047 0.386826708 0.387576256 0.321141673 0.334586372 0.353663425 0.352423359 0.373746835 0.383603440 0.254645416 0.000000000 0.539076990 0.477264109 0.472923486 0.496305016 0.521396141 0.527100256 0.485430254 0.544026064 0.545830906 0.553487491 0.544232243 0.989102209 
49     0.465439671 0.507665306 0.504558316 0.481638483 0.449656274 0.448828118 0.456287973 0.464999303 0.449233235 0.447537210 0.572739902 0.573999780 0.584262850 0.586480675 0.520811364 0.521663852 0.548213934 0.570481844 0.604836667 0.483126406 0.459703371 0.545834015 0.509376793 0.505885380 0.526867251 0.560851981 0.482515012 0.548893432 0.562082517 0.468677661 0.469457416 0.429123627 0.442743865 0.462929457 0.461806515 0.483229095 0.493561972 0.503575791 0.539076990 0.000000000 0.406557337 0.401931506 0.425313035 0.450303897 0.456008012 0.414338010 0.473099473 0.474904314 0.481335978 0.492841412 0.936633046 
47     0.405513438 0.446497308 0.443390318 0.420041642 0.388059434 0.387231277 0.394691132 0.403402462 0.387590273 0.385894247 0.510616883 0.511876762 0.522139831 0.524357656 0.457560165 0.458412654 0.485747576 0.508015486 0.542370309 0.421039140 0.397546547 0.483649430 0.447192208 0.443700795 0.464682666 0.498667396 0.420330427 0.486708847 0.499894152 0.406974190 0.407753946 0.367332579 0.381032230 0.401131581 0.400008640 0.421431220 0.431764096 0.441734986 0.477264109 0.406557337 0.000000000 0.179009750 0.202463350 0.227955446 0.233727980 0.191835235 0.249676464 0.251560834 0.297642728 0.432356546 0.875647901 
32     0.400974109 0.441469562 0.438362572 0.414941162 0.382958954 0.382130797 0.389590652 0.398301982 0.382489793 0.380793767 0.505589137 0.506849016 0.517112085 0.519329910 0.452530743 0.453383231 0.480454804 0.502722715 0.537077537 0.415746368 0.392253776 0.478293913 0.441836691 0.438345278 0.459327149 0.493311879 0.414974910 0.481353330 0.494542784 0.402633568 0.403413323 0.362991956 0.376691607 0.396790958 0.395668017 0.417090597 0.427423474 0.437394363 0.472923486 0.401931506 0.179009750 0.000000000 0.092974058 0.152170170 0.157869386 0.115728540 0.196992849 0.198865889 0.294396327 0.427852103 0.870796687 
38     0.424355639 0.464851092 0.461744102 0.438322692 0.406340484 0.405512327 0.412972182 0.421683512 0.405871323 0.404175297 0.528970667 0.530230546 0.540493615 0.542711440 0.475912273 0.476764761 0.503836334 0.526104244 0.560459067 0.439127898 0.415635306 0.501675443 0.465218221 0.461726808 0.482708679 0.516693409 0.438356440 0.504734860 0.517924314 0.426015097 0.426794853 0.386373486 0.400073137 0.420172488 0.419049546 0.440472127 0.450805003 0.460775893 0.496305016 0.425313035 0.202463350 0.092974058 0.000000000 0.174805863 0.180491242 0.138626607 0.219847591 0.221720631 0.317858774 0.451233633 0.894178217 
45     0.449631545 0.490126997 0.487020007 0.463598597 0.431616389 0.430788232 0.438248088 0.446959417 0.431147228 0.429451203 0.554246572 0.555506451 0.565769520 0.567987345 0.501188178 0.502040666 0.528953409 0.551221320 0.585576142 0.464244973 0.440752381 0.526792518 0.490335296 0.486843883 0.507825754 0.541810484 0.463473515 0.529851935 0.543041389 0.451106222 0.451885978 0.411464611 0.425164262 0.445263613 0.444140671 0.465563252 0.475896128 0.485867018 0.521396141 0.450303897 0.227955446 0.152170170 0.174805863 0.000000000 0.076669976 0.148788705 0.246108873 0.247993507 0.343029480 0.476413906 0.919374819 
30     0.455222095 0.495717548 0.492610558 0.469189148 0.437206939 0.436378782 0.443838638 0.452549967 0.436737778 0.435041753 0.559837122 0.561097001 0.571360071 0.573577895 0.506778729 0.507631217 0.534543959 0.556811870 0.591166693 0.469835524 0.446342931 0.532383068 0.495925846 0.492434433 0.513416304 0.547401034 0.469064065 0.535442486 0.548631939 0.456810338 0.457590093 0.417168727 0.430868377 0.450967729 0.449844787 0.471267367 0.481600244 0.491571133 0.527100256 0.456008012 0.233727980 0.157869386 0.180491242 0.076669976 0.000000000 0.154487353 0.251557412 0.253442046 0.348834648 0.481939670 0.925028922 
33     0.413552093 0.454047545 0.450940555 0.427519145 0.395536937 0.394708780 0.402168636 0.410879965 0.395067776 0.393371751 0.518167120 0.519426999 0.529690068 0.531907893 0.465108726 0.465961214 0.492873957 0.515141868 0.549496690 0.428165521 0.404672929 0.490713066 0.454255844 0.450764431 0.471746302 0.505731032 0.427394063 0.493772483 0.506961937 0.415140336 0.415920091 0.375498724 0.389198375 0.409297726 0.408174785 0.429597365 0.439930242 0.449901131 0.485430254 0.414338010 0.191835235 0.115728540 0.138626607 0.148788705 0.154487353 0.000000000 0.210221089 0.212095346 0.307578816 0.440269667 0.883358920 
37     0.472111223 0.512596525 0.509489535 0.486068125 0.454085917 0.453257760 0.460717616 0.469428945 0.453616756 0.451920730 0.576716100 0.577975979 0.588239048 0.590456873 0.523657706 0.524510194 0.551581767 0.573849678 0.608204500 0.486873331 0.463380739 0.549420876 0.512963654 0.509472241 0.530454112 0.564438842 0.486101873 0.552480293 0.565669747 0.473736146 0.474515901 0.434094535 0.447794185 0.467893537 0.466770595 0.488193175 0.498526052 0.508496941 0.544026064 0.473099473 0.249676464 0.196992849 0.219847591 0.246108873 0.251557412 0.210221089 0.000000000 0.061452002 0.364899730 0.498985622 0.941930206 
34     0.473916065 0.514401367 0.511294377 0.487872967 0.455890758 0.455062602 0.462522457 0.471233787 0.455421597 0.453725572 0.578520942 0.579780821 0.590043890 0.592261715 0.525462548 0.526315036 0.553386609 0.575654519 0.610009342 0.488678173 0.465185580 0.551225718 0.514768495 0.511277083 0.532258953 0.566243683 0.487906714 0.554285135 0.567474588 0.475540987 0.476320743 0.435899376 0.449599027 0.469698378 0.468575436 0.489998017 0.500330893 0.510301783 0.545830906 0.474904314 0.251560834 0.198865889 0.221720631 0.247993507 0.253442046 0.212095346 0.061452002 0.000000000 0.366725314 0.500790463 0.943735048 
39     0.481311466 0.521277577 0.518170586 0.494814928 0.462832719 0.462004562 0.469464418 0.478175747 0.462363426 0.460667400 0.586142740 0.587402619 0.597665688 0.599883513 0.532097105 0.532949593 0.560222664 0.582490574 0.616845397 0.495606942 0.472114349 0.558051784 0.521594562 0.518103149 0.539085020 0.573069750 0.494732781 0.561111201 0.574296505 0.483216643 0.483996399 0.443575032 0.457255611 0.477374034 0.476251092 0.497673673 0.508006549 0.517958367 0.553487491 0.481335978 0.297642728 0.294396327 0.317858774 0.343029480 0.348834648 0.307578816 0.364899730 0.366725314 0.000000000 0.507750237 0.950532594 
40     0.446459975 0.490727250 0.487620260 0.465663803 0.433681595 0.432853438 0.440313293 0.449024623 0.433866569 0.432170544 0.556848825 0.558226024 0.568489094 0.570719129 0.503042189 0.503894677 0.528814451 0.551082361 0.585437184 0.464333268 0.440826938 0.527242086 0.490784864 0.487293451 0.508275322 0.542260052 0.463923083 0.530503497 0.543692582 0.473596375 0.474376131 0.434368638 0.448026614 0.468233200 0.467110258 0.488532838 0.498812102 0.508720224 0.544232243 0.492841412 0.432356546 0.427852103 0.451233633 0.476413906 0.481939670 0.440269667 0.498985622 0.500790463 0.507750237 0.000000000 0.915085204 
0     0.886970658 0.931003689 0.927896699 0.905819520 0.873837312 0.873009155 0.880469010 0.889180340 0.873773779 0.872077753 0.997222636 0.998545383 1.008808452 1.011232027 0.944465320 0.945317808 0.971321533 0.993589443 1.027944266 0.906700009 0.883190856 0.969734710 0.933277488 0.929786075 0.950767946 0.984752676 0.906415707 0.972806341 0.985937377 0.918267016 0.919046772 0.879070185 0.892728161 0.912882130 0.911759189 0.933181769 0.943506229 0.953606544 0.989102209 0.936633046 0.875647901 0.870796687 0.894178217 0.919374819 0.925028922 0.883358920 0.941930206 0.943735048 0.950532594 0.915085204 0.000000000 
