51
24     0.000000000 0.024053140 0.028615910 0.010236090 0.033618510 0.016416710 0.019012820 0.009350590 0.021259440 0.022915160 0.008999320 0.013351190 0.008993640 0.010380980 0.007603710 0.021121060 0.026682420 0.025303750 0.026160660 0.024303450 0.025266010 0.027017620 0.026120110 0.022174110 0.029409930 0.018338840 0.014187320 0.026980620 0.014027830 0.025233490 0.026905510 0.016357210 0.015553600 0.018783670 0.018767100 0.014314480 0.003078360 0.016911870 0.015224960 0.001140210 0.031148460 0.023899720 0.023460360 0.039602220 0.027064850 0.018205170 0.021368250 0.044746910 0.002829000 0.004963830 0.025049760 
27     0.024053140 0.000000000 0.000105690 0.000718040 0.006607980 0.000745480 0.009941670 0.000543070 0.008117600 0.007238500 0.002012160 0.000816380 0.014717340 0.008362710 0.027295210 0.027171860 0.024025450 0.032978210 0.018163420 0.007847210 0.009843610 0.029832800 0.029866230 0.027860460 0.029058820 0.029504670 0.019831080 0.034655080 0.029373750 0.033019250 0.036233340 0.025838760 0.040087220 0.036132220 0.038855630 0.036107400 0.032592580 0.045718300 0.029820490 0.017187490 0.035349380 0.041320160 0.042568320 0.044973920 0.034850610 0.025990930 0.039913170 0.040348710 0.024006880 0.021977150 0.024313190 
17     0.028615910 0.000105690 0.000000000 0.000612350 0.006663130 0.000639790 0.009996820 0.000437380 0.008011910 0.007293650 0.001906470 0.000710690 0.011771400 0.018030320 0.027350360 0.027227010 0.023919760 0.032522880 0.034859830 0.010282050 0.009737920 0.029727110 0.034560170 0.029393240 0.028953130 0.029398980 0.028364660 0.034199750 0.029428900 0.032563920 0.036288490 0.025383430 0.039631890 0.036187370 0.038400300 0.036162550 0.032647730 0.045773450 0.029365160 0.039356050 0.034708880 0.040679660 0.041927820 0.044333420 0.034395280 0.025535600 0.039272670 0.039708210 0.023551550 0.021521820 0.024368340 
19     0.010236090 0.000718040 0.000612350 0.000000000 0.001002130 0.000141340 0.002417710 0.000769970 0.008623520 0.003253590 0.002518100 0.001322320 0.022180800 0.018641950 0.023750820 0.023627470 0.024532070 0.043436410 0.022439230 0.010894360 0.010350230 0.030339420 0.035172480 0.035018590 0.029565440 0.030011290 0.024106890 0.033677550 0.025829360 0.035994620 0.032688950 0.038347310 0.037129040 0.032587830 0.036477740 0.032563010 0.029048190 0.042173910 0.042329040 0.028853570 0.041204780 0.047175560 0.048423720 0.050829320 0.047359160 0.038499480 0.045768570 0.046204110 0.023652790 0.010614560 0.020768800 
5     0.033618510 0.006607980 0.006663130 0.001002130 0.000000000 0.000086190 0.003676140 0.003919750 0.012468050 0.004039780 0.014816940 0.013621160 0.022966990 0.020177290 0.024537010 0.024413660 0.033744790 0.044222600 0.042089880 0.023193200 0.022649070 0.042638260 0.041808190 0.039171000 0.039205000 0.035996640 0.033403680 0.034463740 0.026615550 0.036780810 0.033475140 0.037361330 0.037915230 0.033374020 0.037263930 0.033349200 0.029834380 0.042960100 0.041343060 0.029002070 0.033055300 0.039026080 0.040274240 0.042679840 0.041904170 0.037513500 0.037619090 0.038054630 0.024438980 0.023809080 0.021554990 
10     0.016416710 0.000745480 0.000639790 0.000141340 0.000086190 0.000000000 0.003730240 0.000797410 0.008650960 0.003178990 0.002545540 0.001349760 0.007790770 0.018669390 0.023676220 0.023552870 0.024559510 0.037318060 0.038005470 0.010921800 0.010377670 0.030366860 0.035199920 0.034188420 0.029592880 0.030038730 0.026032130 0.033602950 0.025754760 0.035920020 0.032614350 0.029619260 0.028815650 0.032045720 0.032029150 0.032488410 0.016340410 0.040082620 0.033953330 0.018852330 0.033420530 0.037161770 0.036722410 0.043045070 0.039190460 0.030330780 0.034630300 0.038419860 0.016091050 0.018225880 0.020694200 
15     0.019012820 0.009941670 0.009996820 0.002417710 0.003676140 0.003730240 0.000000000 0.003643040 0.015801740 0.007373470 0.023504280 0.008355470 0.026300680 0.021504550 0.027870700 0.027747350 0.042980160 0.047274130 0.045423570 0.030798740 0.030920840 0.052433130 0.044170600 0.042504690 0.045089060 0.037286810 0.038114240 0.037797430 0.029949240 0.038399190 0.036808830 0.040446530 0.041248920 0.036707710 0.040597620 0.036682890 0.033168070 0.046293790 0.042390080 0.030329330 0.034345470 0.040316250 0.041564410 0.043970010 0.043194340 0.039021280 0.038909260 0.039344800 0.027772670 0.027142770 0.024888680 
25     0.009350590 0.000543070 0.000437380 0.000769970 0.003919750 0.000797410 0.003643040 0.000000000 0.008448550 0.006020390 0.002343130 0.001147350 0.024947600 0.018466980 0.026517620 0.026394270 0.024357100 0.036807650 0.032987530 0.010719390 0.010175260 0.030164450 0.034997510 0.033678010 0.029390470 0.029836320 0.028802000 0.036444350 0.028596160 0.036848690 0.035455750 0.029668200 0.039895840 0.035354630 0.039244540 0.035329810 0.031814990 0.044940710 0.033649930 0.039756910 0.030261580 0.036232360 0.037480520 0.039886120 0.038680050 0.029820370 0.034825370 0.035260910 0.026419590 0.009729060 0.023535600 
3     0.021259440 0.008117600 0.008011910 0.008623520 0.012468050 0.008650960 0.015801740 0.008448550 0.000000000 0.000126650 0.009917660 0.008721880 0.023594070 0.016786690 0.033595800 0.033472450 0.026545080 0.025166410 0.036952970 0.018293920 0.017749790 0.037738980 0.032480940 0.022036770 0.029272590 0.035175210 0.023150330 0.026843280 0.035674340 0.025207450 0.033015910 0.018026960 0.032275420 0.036664330 0.031043830 0.033014300 0.034326700 0.040475680 0.022008690 0.032476740 0.031122420 0.034115750 0.036186550 0.039576180 0.027038810 0.018179130 0.036797660 0.037233200 0.016195080 0.014165350 0.030613780 
23     0.022915160 0.007238500 0.007293650 0.003253590 0.004039780 0.003178990 0.007373470 0.006020390 0.000126650 0.000000000 0.020801110 0.026227250 0.023597510 0.018442410 0.025167530 0.025044180 0.028200800 0.026822130 0.038608690 0.025821830 0.026784390 0.049154220 0.034136660 0.023692490 0.030928310 0.034007900 0.024806050 0.028499000 0.027246070 0.026863170 0.034105660 0.019682680 0.033931140 0.034004540 0.032699550 0.033979720 0.030464900 0.043590620 0.023664410 0.036236320 0.031066560 0.035771470 0.037842270 0.040691100 0.028694530 0.019834850 0.035630350 0.036065890 0.017850800 0.015821070 0.022185510 
29     0.008999320 0.002012160 0.001906470 0.002518100 0.014816940 0.002545540 0.023504280 0.002343130 0.009917660 0.020801110 0.000000000 0.000508260 0.000066600 0.005673430 0.038410940 0.038287590 0.025826190 0.027901380 0.030588080 0.012188480 0.011644350 0.031445040 0.030547530 0.024771740 0.030859560 0.022766260 0.018614740 0.029578250 0.018455250 0.034413560 0.047349070 0.022201870 0.021398260 0.024628330 0.024611760 0.027702160 0.008923020 0.032665230 0.026535940 0.011434940 0.040328530 0.029744380 0.029305020 0.048782290 0.036244920 0.027385240 0.027212910 0.048959180 0.008673660 0.010808490 0.035428920 
26     0.013351190 0.000816380 0.000710690 0.001322320 0.013621160 0.001349760 0.008355470 0.001147350 0.008721880 0.026227250 0.000508260 0.000000000 0.003326330 0.006044410 0.043837080 0.043713730 0.024630410 0.036754780 0.038781750 0.010992700 0.010448570 0.030437760 0.035270820 0.033625140 0.029663780 0.030109630 0.026808410 0.038431650 0.026648920 0.043266960 0.052775210 0.030395540 0.029591930 0.032822000 0.032805430 0.035895830 0.017116690 0.040858900 0.034729610 0.019628610 0.047681040 0.037938050 0.037498690 0.057305580 0.045098320 0.036238640 0.035406580 0.052680370 0.016867330 0.019002160 0.040855060 
16     0.008993640 0.014717340 0.011771400 0.022180800 0.022966990 0.007790770 0.026300680 0.024947600 0.023594070 0.023597510 0.000066600 0.003326330 0.000000000 0.010089250 0.039290100 0.039646220 0.032588280 0.031209610 0.030582400 0.030007170 0.030946530 0.031439360 0.030541850 0.028079970 0.035315790 0.022760580 0.018609060 0.032886480 0.018449570 0.037721790 0.039503530 0.022196190 0.021392580 0.024622650 0.024606080 0.027696480 0.008917340 0.032659550 0.026530260 0.011429260 0.040667220 0.029738700 0.029299340 0.050291760 0.039553150 0.030693470 0.027207230 0.045666550 0.008667980 0.010802810 0.038225320 
21     0.010380980 0.008362710 0.018030320 0.018641950 0.020177290 0.018669390 0.021504550 0.018466980 0.016786690 0.018442410 0.005673430 0.006044410 0.010089250 0.000000000 0.041443780 0.041799900 0.015738530 0.014359860 0.026146420 0.013359560 0.014322120 0.033593040 0.021674390 0.011230220 0.018466040 0.024914260 0.012343780 0.016036730 0.020603250 0.020872040 0.040664510 0.013691550 0.022779920 0.026009990 0.025993420 0.028678890 0.010304680 0.034046890 0.017673280 0.012816600 0.026787010 0.029780340 0.030686680 0.035240770 0.022703400 0.013843720 0.028594570 0.053473790 0.010055320 0.009829940 0.038732130 
12     0.007603710 0.027295210 0.027350360 0.023750820 0.024537010 0.023676220 0.027870700 0.026517620 0.033595800 0.025167530 0.038410940 0.043837080 0.039290100 0.041443780 0.000000000 0.000005460 0.017174320 0.021069290 0.018936570 0.004311740 0.006133460 0.039912260 0.018435760 0.006369580 0.003386790 0.018568830 0.011408120 0.011310430 0.003462240 0.031938960 0.028633290 0.035215370 0.033073380 0.028532170 0.032422080 0.028507350 0.024992530 0.038118250 0.040124440 0.037303980 0.035233360 0.039228890 0.043259120 0.045664720 0.044889050 0.039231930 0.040603970 0.041039510 0.019470770 0.009673880 0.015968260 
9     0.021121060 0.027171860 0.027227010 0.023627470 0.024413660 0.023552870 0.027747350 0.026394270 0.033472450 0.025044180 0.038287590 0.043713730 0.039646220 0.041799900 0.000005460 0.000000000 0.017050970 0.020945940 0.018813220 0.004188390 0.006010110 0.041834140 0.018312410 0.012320200 0.009337410 0.020655810 0.011284770 0.011187080 0.003338890 0.031815610 0.028509940 0.035405750 0.032950030 0.028408820 0.032298730 0.028384000 0.024869180 0.037994900 0.040314820 0.037660100 0.035423740 0.039419270 0.042664570 0.045070170 0.044294500 0.039422310 0.040009420 0.040444960 0.019347420 0.018099000 0.015844910 
13     0.026682420 0.024025450 0.023919760 0.024532070 0.033744790 0.024559510 0.042980160 0.024357100 0.026545080 0.028200800 0.025826190 0.024630410 0.032588280 0.015738530 0.017174320 0.017050970 0.000000000 0.001781470 0.000032680 0.002602530 0.003541090 0.047457030 0.021326980 0.014920370 0.022101930 0.026078560 0.016033930 0.019726880 0.017293500 0.030630430 0.044423910 0.023449940 0.037698400 0.042087310 0.036466810 0.038437280 0.039749680 0.053908870 0.027431670 0.034590620 0.036545400 0.039538730 0.041609530 0.044999160 0.032461790 0.023602110 0.056584000 0.057019540 0.021618060 0.019588330 0.031758880 
8     0.025303750 0.032978210 0.032522880 0.043436410 0.044222600 0.037318060 0.047274130 0.036807650 0.025166410 0.026822130 0.027901380 0.036754780 0.031209610 0.014359860 0.021069290 0.020945940 0.001781470 0.000000000 0.002204740 0.001223860 0.002240020 0.032973190 0.019558310 0.013541700 0.020333260 0.024309890 0.014655260 0.018348210 0.021188470 0.029251760 0.046709290 0.022071270 0.036319730 0.040708640 0.035088140 0.037058610 0.038371010 0.057080960 0.026053000 0.025367430 0.035166730 0.038160060 0.040230860 0.043620490 0.031083120 0.022223440 0.055631760 0.051776630 0.020239390 0.018209660 0.035653850 
2     0.026160660 0.018163420 0.034859830 0.022439230 0.042089880 0.038005470 0.045423570 0.032987530 0.036952970 0.038608690 0.030588080 0.038781750 0.030582400 0.026146420 0.018936570 0.018813220 0.000032680 0.002204740 0.000000000 0.013010420 0.000390630 0.027783480 0.026885970 0.025328260 0.032564080 0.019104700 0.014953180 0.026903940 0.014793690 0.041038320 0.046186160 0.033857830 0.038559600 0.041789670 0.041773100 0.044863500 0.026084360 0.049826570 0.037839560 0.028596280 0.046953290 0.046905720 0.046466360 0.055407050 0.042869680 0.034010000 0.044374250 0.054446860 0.025835000 0.027969830 0.033521130 
1     0.024303450 0.007847210 0.010282050 0.010894360 0.023193200 0.010921800 0.030798740 0.010719390 0.018293920 0.025821830 0.012188480 0.010992700 0.030007170 0.013359560 0.004311740 0.004188390 0.002602530 0.001223860 0.013010420 0.000000000 0.000420930 0.033819320 0.012530490 0.012541400 0.013305440 0.017282070 0.013654960 0.012279110 0.004430920 0.028251460 0.031561330 0.021070970 0.035319430 0.031460210 0.034087840 0.031435390 0.027920570 0.041046290 0.025052700 0.008332510 0.034166430 0.037159760 0.039230560 0.042620190 0.030082820 0.021223140 0.045602800 0.046038340 0.019239090 0.017209360 0.018896300 
18     0.025266010 0.009843610 0.009737920 0.010350230 0.022649070 0.010377670 0.030920840 0.010175260 0.017749790 0.026784390 0.011644350 0.010448570 0.030946530 0.014322120 0.006133460 0.006010110 0.003541090 0.002240020 0.000390630 0.000420930 0.000000000 0.028147610 0.012950040 0.013503960 0.013724990 0.017701620 0.014617520 0.014100830 0.006252640 0.029214020 0.033383050 0.022033530 0.036281990 0.033281930 0.035050400 0.033257110 0.026448490 0.042868010 0.026015260 0.028497390 0.029211170 0.038122320 0.040193120 0.043582750 0.031045380 0.022185700 0.043782430 0.044217970 0.020201650 0.018171920 0.020718020 
22     0.027017620 0.029832800 0.029727110 0.030339420 0.042638260 0.030366860 0.052433130 0.030164450 0.037738980 0.049154220 0.031445040 0.030437760 0.031439360 0.033593040 0.039912260 0.041834140 0.047457030 0.032973190 0.027783480 0.033819320 0.028147610 0.000000000 0.002555520 0.004007960 0.001136680 0.000328230 0.001362970 0.038184770 0.013771930 0.063758430 0.065948320 0.040220170 0.039416560 0.042646630 0.042630060 0.045720460 0.026941320 0.050683530 0.044554240 0.029453240 0.055092020 0.047762680 0.047323320 0.064716560 0.063940890 0.059767830 0.045231210 0.060091350 0.026691960 0.028826790 0.059555370 
14     0.026120110 0.029866230 0.034560170 0.035172480 0.041808190 0.035199920 0.044170600 0.034997510 0.032480940 0.034136660 0.030547530 0.035270820 0.030541850 0.021674390 0.018435760 0.018312410 0.021326980 0.019558310 0.026885970 0.012530490 0.012950040 0.002555520 0.000000000 0.000030770 0.005522990 0.005161290 0.006196030 0.018298720 0.012874420 0.036566290 0.045904470 0.029385800 0.038519050 0.041749120 0.041732550 0.044373140 0.026043810 0.049786020 0.033367530 0.028555730 0.042481260 0.045474590 0.046425810 0.050935020 0.038397650 0.029537970 0.044333700 0.051828820 0.025794450 0.025524190 0.033239440 
4     0.022174110 0.027860460 0.029393240 0.035018590 0.039171000 0.034188420 0.042504690 0.033678010 0.022036770 0.023692490 0.024771740 0.033625140 0.028079970 0.011230220 0.006369580 0.012320200 0.014920370 0.013541700 0.025328260 0.012541400 0.013503960 0.004007960 0.000030770 0.000000000 0.003004050 0.005007400 0.004161600 0.007854550 0.018096230 0.026122120 0.043267280 0.018941630 0.033190090 0.037579000 0.031958500 0.033928970 0.035241370 0.052752240 0.022923360 0.035495270 0.032037090 0.035030420 0.037101220 0.040490850 0.027953480 0.019093800 0.051079660 0.051515200 0.017109750 0.015080020 0.030602250 
6     0.029409930 0.029058820 0.028953130 0.029565440 0.039205000 0.029592880 0.045089060 0.029390470 0.029272590 0.030928310 0.030859560 0.029663780 0.035315790 0.018466040 0.003386790 0.009337410 0.022101930 0.020333260 0.032564080 0.013305440 0.013724990 0.001136680 0.005522990 0.003004050 0.000000000 0.000808550 0.000588990 0.015090370 0.020680600 0.033357940 0.045851650 0.026177450 0.040425910 0.044814820 0.039194320 0.041164790 0.042210890 0.055336610 0.030159180 0.042731090 0.039272910 0.042266240 0.044337040 0.047726670 0.035189300 0.026329620 0.058639410 0.059074950 0.024345570 0.022315840 0.033186620 
28     0.018338840 0.029504670 0.029398980 0.030011290 0.035996640 0.030038730 0.037286810 0.029836320 0.035175210 0.034007900 0.022766260 0.030109630 0.022760580 0.024914260 0.018568830 0.020655810 0.026078560 0.024309890 0.019104700 0.017282070 0.017701620 0.000328230 0.005161290 0.005007400 0.000808550 0.000000000 0.001034840 0.024442970 0.005093150 0.059492900 0.058610800 0.031541390 0.030737780 0.033967850 0.033951280 0.037041680 0.018262540 0.042004750 0.035875460 0.020774460 0.039945700 0.039083900 0.038644540 0.049570240 0.048794570 0.044621510 0.036552430 0.044945030 0.018013180 0.020148010 0.053635500 
20     0.014187320 0.019831080 0.028364660 0.024106890 0.033403680 0.026032130 0.038114240 0.028802000 0.023150330 0.024806050 0.018614740 0.026808410 0.018609060 0.012343780 0.011408120 0.011284770 0.016033930 0.014655260 0.014953180 0.013654960 0.014617520 0.001362970 0.006196030 0.004161600 0.000588990 0.001034840 0.000000000 0.003357540 0.001017790 0.027235680 0.038876830 0.020055190 0.026586260 0.029816330 0.029799760 0.032890160 0.014111020 0.037853230 0.024036920 0.016622940 0.033150650 0.034932380 0.034493020 0.041604410 0.029067040 0.020207360 0.032400910 0.046844650 0.013861660 0.015996490 0.026211800 
11     0.026980620 0.034655080 0.034199750 0.033677550 0.034463740 0.033602950 0.037797430 0.036444350 0.026843280 0.028499000 0.029578250 0.038431650 0.032886480 0.016036730 0.011310430 0.011187080 0.019726880 0.018348210 0.026903940 0.012279110 0.014100830 0.038184770 0.018298720 0.007854550 0.015090370 0.024442970 0.003357540 0.000000000 0.000580830 0.030928630 0.038560020 0.023748140 0.037996600 0.038458900 0.036765010 0.038434080 0.034919260 0.048044980 0.027729870 0.040301780 0.036843600 0.039836930 0.041907730 0.045297360 0.032759990 0.023900310 0.051774240 0.052209780 0.021916260 0.019886530 0.025894990 
7     0.014027830 0.029373750 0.029428900 0.025829360 0.026615550 0.025754760 0.029949240 0.028596160 0.035674340 0.027246070 0.018455250 0.026648920 0.018449570 0.020603250 0.003462240 0.003338890 0.017293500 0.021188470 0.014793690 0.004430920 0.006252640 0.013771930 0.012874420 0.018096230 0.020680600 0.005093150 0.001017790 0.000580830 0.000000000 0.034017500 0.030711830 0.027230380 0.026426770 0.029656840 0.029640270 0.030585890 0.013951530 0.037693740 0.031564450 0.016463450 0.051822170 0.034772890 0.034333530 0.061446710 0.050870950 0.042011270 0.032241420 0.048440340 0.013702170 0.015837000 0.018046800 
36     0.025233490 0.033019250 0.032563920 0.035994620 0.036780810 0.035920020 0.038399190 0.036848690 0.025207450 0.026863170 0.034413560 0.043266960 0.037721790 0.020872040 0.031938960 0.031815610 0.030630430 0.029251760 0.041038320 0.028251460 0.029214020 0.063758430 0.036566290 0.026122120 0.033357940 0.059492900 0.027235680 0.030928630 0.034017500 0.000000000 0.000150560 0.010644650 0.024893110 0.018398410 0.021366990 0.017185820 0.022018530 0.005148450 0.014626380 0.019696460 0.029580120 0.032779780 0.034850580 0.035384750 0.025702840 0.016843160 0.041308150 0.034882700 0.014859110 0.013490300 0.028956940 
42     0.026905510 0.036233340 0.036288490 0.032688950 0.033475140 0.032614350 0.036808830 0.035455750 0.033015910 0.034105660 0.047349070 0.052775210 0.039503530 0.040664510 0.028633290 0.028509940 0.044423910 0.046709290 0.046186160 0.031561330 0.033383050 0.065948320 0.045904470 0.043267280 0.045851650 0.058610800 0.038876830 0.038560020 0.030711830 0.000150560 0.000000000 0.023319540 0.026793710 0.009263320 0.009870520 0.001088190 0.009136200 0.031218110 0.035379860 0.018632380 0.028516040 0.044466880 0.034669790 0.034320670 0.036168890 0.032417050 0.040244070 0.033818620 0.023866680 0.027905360 0.025651270 
50     0.016357210 0.025838760 0.025383430 0.038347310 0.037361330 0.029619260 0.040446530 0.029668200 0.018026960 0.019682680 0.022201870 0.030395540 0.022196190 0.013691550 0.035215370 0.035405750 0.023449940 0.022071270 0.033857830 0.021070970 0.022033530 0.040220170 0.029385800 0.018941630 0.026177450 0.031541390 0.020055190 0.023748140 0.027230380 0.010644650 0.023319540 0.000000000 0.001516450 0.013894600 0.010814510 0.008815290 0.015504980 0.016601360 0.006862710 0.018789290 0.022605960 0.025599290 0.027670090 0.031059720 0.018522350 0.009662670 0.034567260 0.038369850 0.007678620 0.006309810 0.036193440 
48     0.015553600 0.040087220 0.039631890 0.037129040 0.037915230 0.028815650 0.041248920 0.039895840 0.032275420 0.033931140 0.021398260 0.029591930 0.021392580 0.022779920 0.033073380 0.032950030 0.037698400 0.036319730 0.038559600 0.035319430 0.036281990 0.039416560 0.038519050 0.033190090 0.040425910 0.030737780 0.026586260 0.037996600 0.026426770 0.024893110 0.026793710 0.001516450 0.000000000 0.014869670 0.012582300 0.010583080 0.009658530 0.018369150 0.018754440 0.017985680 0.030731600 0.036295120 0.035855760 0.044232680 0.032770810 0.023911130 0.033763650 0.039607470 0.015224400 0.017359230 0.030091360 
44     0.018783670 0.036132220 0.036187370 0.032587830 0.033374020 0.032045720 0.036707710 0.035354630 0.036664330 0.034004540 0.024628330 0.032822000 0.024622650 0.026009990 0.028532170 0.028408820 0.042087310 0.040708640 0.041789670 0.031460210 0.033281930 0.042646630 0.041749120 0.037579000 0.044814820 0.033967850 0.029816330 0.038458900 0.029656840 0.018398410 0.009263320 0.013894600 0.014869670 0.000000000 0.000016570 0.003336620 0.000127140 0.029996060 0.012016510 0.021215750 0.024956240 0.039525190 0.039085830 0.040952820 0.037159720 0.028300040 0.036993720 0.040450770 0.018454470 0.020589300 0.025550150 
41     0.018767100 0.038855630 0.038400300 0.036477740 0.037263930 0.032029150 0.040597620 0.039244540 0.031043830 0.032699550 0.024611760 0.032805430 0.024606080 0.025993420 0.032422080 0.032298730 0.036466810 0.035088140 0.041773100 0.034087840 0.035050400 0.042630060 0.041732550 0.031958500 0.039194320 0.033951280 0.029799760 0.036765010 0.029640270 0.021366990 0.009870520 0.010814510 0.012582300 0.000016570 0.000000000 0.000068870 0.000734340 0.025528160 0.019879580 0.021199180 0.021067560 0.038616160 0.039069260 0.043144990 0.031539220 0.022679540 0.036977150 0.038519780 0.018437900 0.019326680 0.029440060 
46     0.014314480 0.036107400 0.036162550 0.032563010 0.033349200 0.032488410 0.036682890 0.035329810 0.033014300 0.033979720 0.027702160 0.035895830 0.027696480 0.028678890 0.028507350 0.028384000 0.038437280 0.037058610 0.044863500 0.031435390 0.033257110 0.045720460 0.044373140 0.033928970 0.041164790 0.037041680 0.032890160 0.038434080 0.030585890 0.017185820 0.001088190 0.008815290 0.010583080 0.003336620 0.000068870 0.000000000 0.004291040 0.021625220 0.021850050 0.024051940 0.032706200 0.040586630 0.040089350 0.039740230 0.033509690 0.024650010 0.040067550 0.039238180 0.021528300 0.021297150 0.025525330 
43     0.003078360 0.032592580 0.032647730 0.029048190 0.029834380 0.016340410 0.033168070 0.031814990 0.034326700 0.030464900 0.008923020 0.017116690 0.008917340 0.010304680 0.024992530 0.024869180 0.039749680 0.038371010 0.026084360 0.027920570 0.026448490 0.026941320 0.026043810 0.035241370 0.042210890 0.018262540 0.014111020 0.034919260 0.013951530 0.022018530 0.009136200 0.015504980 0.009658530 0.000127140 0.000734340 0.004291040 0.000000000 0.026736730 0.018524910 0.005510440 0.026466180 0.023819880 0.023380520 0.047359460 0.034822090 0.025962410 0.021288410 0.044556540 0.002749160 0.004883990 0.022010510 
35     0.016911870 0.045718300 0.045773450 0.042173910 0.042960100 0.040082620 0.046293790 0.044940710 0.040475680 0.043590620 0.032665230 0.040858900 0.032659550 0.034046890 0.038118250 0.037994900 0.053908870 0.057080960 0.049826570 0.041046290 0.042868010 0.050683530 0.049786020 0.052752240 0.055336610 0.042004750 0.037853230 0.048044980 0.037693740 0.005148450 0.031218110 0.016601360 0.018369150 0.029996060 0.025528160 0.021625220 0.026736730 0.000000000 0.004734150 0.029252650 0.022273550 0.044778800 0.046026960 0.048432560 0.047656890 0.043483830 0.043371810 0.043807350 0.019087860 0.026785280 0.035136230 
31     0.015224960 0.029820490 0.029365160 0.042329040 0.041343060 0.033953330 0.042390080 0.033649930 0.022008690 0.023664410 0.026535940 0.034729610 0.026530260 0.017673280 0.040124440 0.040314820 0.027431670 0.026053000 0.037839560 0.025052700 0.026015260 0.044554240 0.033367530 0.022923360 0.030159180 0.035875460 0.024036920 0.027729870 0.031564450 0.014626380 0.035379860 0.006862710 0.018754440 0.012016510 0.019879580 0.021850050 0.018524910 0.004734150 0.000000000 0.023123360 0.017075780 0.029581020 0.031651820 0.035041450 0.022504080 0.013644400 0.038901330 0.044678150 0.011660350 0.010291540 0.043520340 
49     0.001140210 0.017187490 0.039356050 0.028853570 0.029002070 0.018852330 0.030329330 0.039756910 0.032476740 0.036236320 0.011434940 0.019628610 0.011429260 0.012816600 0.037303980 0.037660100 0.034590620 0.025367430 0.028596280 0.008332510 0.028497390 0.029453240 0.028555730 0.035495270 0.042731090 0.020774460 0.016622940 0.040301780 0.016463450 0.019696460 0.018632380 0.018789290 0.017985680 0.021215750 0.021199180 0.024051940 0.005510440 0.029252650 0.023123360 0.000000000 0.022330630 0.024836040 0.025857480 0.036918130 0.036627110 0.027767430 0.023765370 0.031175140 0.005226120 0.000628210 0.025043430 
47     0.031148460 0.035349380 0.034708880 0.041204780 0.033055300 0.033420530 0.034345470 0.030261580 0.031122420 0.031066560 0.040328530 0.047681040 0.040667220 0.026787010 0.035233360 0.035423740 0.036545400 0.035166730 0.046953290 0.034166430 0.029211170 0.055092020 0.042481260 0.032037090 0.039272910 0.039945700 0.033150650 0.036843600 0.051822170 0.029580120 0.028516040 0.022605960 0.030731600 0.024956240 0.021067560 0.032706200 0.026466180 0.022273550 0.017075780 0.022330630 0.000000000 0.013580950 0.002773650 0.002056880 0.022419110 0.000244260 0.010274130 0.014680800 0.003314330 0.006933060 0.055810240 
32     0.023899720 0.041320160 0.040679660 0.047175560 0.039026080 0.037161770 0.040316250 0.036232360 0.034115750 0.035771470 0.029744380 0.037938050 0.029738700 0.029780340 0.039228890 0.039419270 0.039538730 0.038160060 0.046905720 0.037159760 0.038122320 0.047762680 0.045474590 0.035030420 0.042266240 0.039083900 0.034932380 0.039836930 0.034772890 0.032779780 0.044466880 0.025599290 0.036295120 0.039525190 0.038616160 0.040586630 0.023819880 0.044778800 0.029581020 0.024836040 0.013580950 0.000000000 0.000121660 0.005897910 0.007054980 0.009114120 0.002650670 0.003666160 0.021095540 0.006251420 0.044404480 
38     0.023460360 0.042568320 0.041927820 0.048423720 0.040274240 0.036722410 0.041564410 0.037480520 0.036186550 0.037842270 0.029305020 0.037498690 0.029299340 0.030686680 0.043259120 0.042664570 0.041609530 0.040230860 0.046466360 0.039230560 0.040193120 0.047323320 0.046425810 0.037101220 0.044337040 0.038644540 0.034493020 0.041907730 0.034333530 0.034850580 0.034669790 0.027670090 0.035855760 0.039085830 0.039069260 0.040089350 0.023380520 0.046026960 0.031651820 0.025857480 0.002773650 0.000121660 0.000000000 0.003807460 0.012766860 0.009820860 0.002211310 0.008075010 0.020656180 0.023325550 0.048813330 
45     0.039602220 0.044973920 0.044333420 0.050829320 0.042679840 0.043045070 0.043970010 0.039886120 0.039576180 0.040691100 0.048782290 0.057305580 0.050291760 0.035240770 0.045664720 0.045070170 0.044999160 0.043620490 0.055407050 0.042620190 0.043582750 0.064716560 0.050935020 0.040490850 0.047726670 0.049570240 0.041604410 0.045297360 0.061446710 0.035384750 0.034320670 0.031059720 0.044232680 0.040952820 0.043144990 0.039740230 0.047359460 0.048432560 0.035041450 0.036918130 0.002056880 0.005897910 0.003807460 0.000000000 0.000374000 0.001817720 0.013651510 0.013862190 0.012237820 0.008516880 0.057221940 
30     0.027064850 0.034850610 0.034395280 0.047359160 0.041904170 0.039190460 0.043194340 0.038680050 0.027038810 0.028694530 0.036244920 0.045098320 0.039553150 0.022703400 0.044889050 0.044294500 0.032461790 0.031083120 0.042869680 0.030082820 0.031045380 0.063940890 0.038397650 0.027953480 0.035189300 0.048794570 0.029067040 0.032759990 0.050870950 0.025702840 0.036168890 0.018522350 0.032770810 0.037159720 0.031539220 0.033509690 0.034822090 0.047656890 0.022504080 0.036627110 0.022419110 0.007054980 0.012766860 0.000374000 0.000000000 0.007912260 0.017982110 0.013723500 0.015141430 0.015321660 0.054461820 
33     0.018205170 0.025990930 0.025535600 0.038499480 0.037513500 0.030330780 0.039021280 0.029820370 0.018179130 0.019834850 0.027385240 0.036238640 0.030693470 0.013843720 0.039231930 0.039422310 0.023602110 0.022223440 0.034010000 0.021223140 0.022185700 0.059767830 0.029537970 0.019093800 0.026329620 0.044621510 0.020207360 0.023900310 0.042011270 0.016843160 0.032417050 0.009662670 0.023911130 0.028300040 0.022679540 0.024650010 0.025962410 0.043483830 0.013644400 0.027767430 0.000244260 0.009114120 0.009820860 0.001817720 0.007912260 0.000000000 0.014534500 0.012543320 0.006281750 0.006461980 0.053281640 
37     0.021368250 0.039913170 0.039272670 0.045768570 0.037619090 0.034630300 0.038909260 0.034825370 0.036797660 0.035630350 0.027212910 0.035406580 0.027207230 0.028594570 0.040603970 0.040009420 0.056584000 0.055631760 0.044374250 0.045602800 0.043782430 0.045231210 0.044333700 0.051079660 0.058639410 0.036552430 0.032400910 0.051774240 0.032241420 0.041308150 0.040244070 0.034567260 0.033763650 0.036993720 0.036977150 0.040067550 0.021288410 0.043371810 0.038901330 0.023765370 0.010274130 0.002650670 0.002211310 0.013651510 0.017982110 0.014534500 0.000000000 0.000242900 0.018564070 0.023138920 0.047638390 
34     0.044746910 0.040348710 0.039708210 0.046204110 0.038054630 0.038419860 0.039344800 0.035260910 0.037233200 0.036065890 0.048959180 0.052680370 0.045666550 0.053473790 0.041039510 0.040444960 0.057019540 0.051776630 0.054446860 0.046038340 0.044217970 0.060091350 0.051828820 0.051515200 0.059074950 0.044945030 0.046844650 0.052209780 0.048440340 0.034882700 0.033818620 0.038369850 0.039607470 0.040450770 0.038519780 0.039238180 0.044556540 0.043807350 0.044678150 0.031175140 0.014680800 0.003666160 0.008075010 0.013862190 0.013723500 0.012543320 0.000242900 0.000000000 0.027127210 0.024603680 0.043379780 
39     0.002829000 0.024006880 0.023551550 0.023652790 0.024438980 0.016091050 0.027772670 0.026419590 0.016195080 0.017850800 0.008673660 0.016867330 0.008667980 0.010055320 0.019470770 0.019347420 0.021618060 0.020239390 0.025835000 0.019239090 0.020201650 0.026691960 0.025794450 0.017109750 0.024345570 0.018013180 0.013861660 0.021916260 0.013702170 0.014859110 0.023866680 0.007678620 0.015224400 0.018454470 0.018437900 0.021528300 0.002749160 0.019087860 0.011660350 0.005226120 0.003314330 0.021095540 0.020656180 0.012237820 0.015141430 0.006281750 0.018564070 0.027127210 0.000000000 0.004477930 0.016488750 
40     0.004963830 0.021977150 0.021521820 0.010614560 0.023809080 0.018225880 0.027142770 0.009729060 0.014165350 0.015821070 0.010808490 0.019002160 0.010802810 0.009829940 0.009673880 0.018099000 0.019588330 0.018209660 0.027969830 0.017209360 0.018171920 0.028826790 0.025524190 0.015080020 0.022315840 0.020148010 0.015996490 0.019886530 0.015837000 0.013490300 0.027905360 0.006309810 0.017359230 0.020589300 0.019326680 0.021297150 0.004883990 0.026785280 0.010291540 0.000628210 0.006933060 0.006251420 0.023325550 0.008516880 0.015321660 0.006461980 0.023138920 0.024603680 0.004477930 0.000000000 0.015069810 
0     0.025049760 0.024313190 0.024368340 0.020768800 0.021554990 0.020694200 0.024888680 0.023535600 0.030613780 0.022185510 0.035428920 0.040855060 0.038225320 0.038732130 0.015968260 0.015844910 0.031758880 0.035653850 0.033521130 0.018896300 0.020718020 0.059555370 0.033239440 0.030602250 0.033186620 0.053635500 0.026211800 0.025894990 0.018046800 0.028956940 0.025651270 0.036193440 0.030091360 0.025550150 0.029440060 0.025525330 0.022010510 0.035136230 0.043520340 0.025043430 0.055810240 0.044404480 0.048813330 0.057221940 0.054461820 0.053281640 0.047638390 0.043379780 0.016488750 0.015069810 0.000000000 
