51
39     0.000000000 0.053272095 0.131414512 0.136794282 0.133061948 0.126434921 0.339477849 0.318739649 0.308131772 0.352251270 0.292583503 0.294324053 0.514753803 0.426403449 0.420524814 0.418346493 0.469226510 0.432970603 0.440005780 0.444802318 0.407770815 0.456490353 0.458657070 0.456468345 0.450689232 0.450784424 0.448292065 0.450310818 0.451180723 0.403418099 0.428790252 0.437793681 0.474689160 0.448834302 0.470494212 0.507500067 0.519249549 0.525250713 0.524289143 0.523227076 0.604093693 0.602589854 0.552303746 0.554874974 0.574587092 0.563969085 0.566714049 0.566771522 0.558674728 0.577708548 0.999056691 
29     0.053272095 0.000000000 0.131745505 0.136090714 0.131978386 0.126017299 0.337887750 0.317149550 0.306541674 0.350460045 0.290792278 0.292700608 0.512967349 0.424639108 0.418760474 0.416582152 0.467462169 0.431206263 0.438241440 0.443037977 0.406006475 0.454726012 0.456909860 0.454721135 0.448942022 0.449037214 0.446544855 0.448563608 0.449416383 0.401647195 0.427019348 0.436022777 0.472918256 0.447063398 0.468729871 0.505735726 0.517485209 0.523486372 0.522524802 0.521462735 0.602329352 0.600825514 0.550539405 0.553110634 0.572822751 0.562204744 0.564949709 0.565007181 0.556910387 0.575944207 0.997292350 
12     0.131414512 0.131745505 0.000000000 0.105877445 0.103540167 0.098257748 0.337713806 0.316965135 0.306376842 0.349716201 0.290750295 0.291792435 0.513011358 0.424469902 0.418677102 0.416498781 0.467378798 0.431157475 0.438192652 0.442989190 0.405977415 0.454696953 0.456925209 0.454733907 0.448954794 0.449049986 0.446557627 0.448576380 0.449495710 0.401683661 0.427047910 0.436051340 0.472946819 0.447091960 0.468842320 0.505848176 0.517597658 0.523598821 0.522637251 0.521575184 0.602441801 0.600937963 0.550651854 0.553223083 0.572935200 0.562317194 0.565062158 0.565119630 0.557022837 0.576056656 0.997404799 
2     0.136794282 0.136090714 0.105877445 0.000000000 0.078708290 0.104575778 0.343265751 0.322517080 0.311917894 0.355042701 0.297022703 0.297109242 0.519338798 0.430690271 0.424897471 0.422719150 0.473599167 0.437377844 0.444413021 0.449209558 0.412197784 0.460917322 0.463145578 0.460948079 0.455168965 0.455264158 0.452771799 0.454790551 0.455709882 0.407924568 0.433262082 0.442265511 0.479160991 0.453306132 0.474829226 0.511835082 0.523584564 0.529585727 0.528624157 0.527562090 0.608592282 0.607088443 0.556802335 0.559373563 0.579085680 0.568467674 0.571212638 0.571270111 0.563173317 0.582207137 0.999431969 
28     0.133061948 0.131978386 0.103540167 0.078708290 0.000000000 0.098056658 0.338357981 0.317616907 0.307028614 0.350432863 0.292424526 0.293521288 0.514147013 0.425621260 0.420046209 0.417867888 0.468530156 0.432526582 0.439561759 0.444358296 0.407346522 0.456066059 0.458060864 0.455869562 0.450090449 0.450185641 0.447693282 0.449712035 0.450631365 0.403052767 0.428417017 0.437420446 0.474315925 0.448461066 0.470135393 0.507141248 0.518890731 0.524891894 0.523930324 0.522868257 0.603734874 0.602231035 0.551944927 0.554516155 0.574228273 0.563452848 0.566355230 0.566412703 0.558315909 0.577349729 0.998697872 
11     0.126434921 0.126017299 0.098257748 0.104575778 0.098056658 0.000000000 0.331017069 0.310277088 0.299669212 0.342372881 0.284465717 0.285434041 0.506645794 0.418120041 0.412544990 0.410366669 0.461028937 0.425025363 0.432060540 0.436857077 0.399845303 0.448564840 0.450559646 0.448368343 0.442589230 0.442684422 0.440192063 0.442210816 0.443130146 0.395551548 0.420915798 0.429919227 0.466814706 0.440959848 0.462634174 0.499640030 0.511389512 0.517390675 0.516429105 0.515367038 0.596233655 0.594729817 0.544443708 0.547014937 0.566727054 0.555951630 0.558854012 0.558911484 0.550814691 0.569848510 0.991196653 
20     0.339477849 0.337887750 0.337713806 0.343265751 0.338357981 0.331017069 0.000000000 0.186424720 0.209300525 0.349889458 0.292286609 0.294971822 0.535680991 0.446925675 0.441310455 0.439117350 0.489794402 0.453629042 0.460786608 0.465583146 0.427675417 0.476394955 0.478572362 0.476581502 0.470802389 0.470897581 0.468405223 0.470423975 0.471427597 0.424725868 0.449974934 0.458978363 0.495818734 0.469915529 0.491313905 0.527998584 0.539485642 0.545597393 0.544837630 0.543775564 0.625388804 0.623884965 0.573707008 0.575875692 0.595990354 0.585214930 0.587826725 0.587884198 0.579787404 0.598774027 1.019721157 
25     0.318739649 0.317149550 0.316965135 0.322517080 0.317616907 0.310277088 0.186424720 0.000000000 0.191428247 0.328515844 0.271379302 0.273602046 0.514806262 0.426028438 0.420413217 0.418220113 0.468897165 0.432636576 0.439889371 0.444685908 0.406791942 0.455511479 0.457626315 0.455650771 0.449871658 0.449966850 0.447467168 0.449485921 0.450514560 0.403824705 0.429073771 0.438077200 0.474917571 0.449014366 0.470424487 0.507109165 0.518706811 0.524707974 0.523948212 0.522886145 0.604499385 0.602995546 0.552817590 0.555061418 0.575100935 0.564325511 0.566937307 0.566994779 0.558897985 0.577884608 0.998831738 
33     0.308131772 0.306541674 0.306376842 0.311917894 0.307028614 0.299669212 0.209300525 0.191428247 0.000000000 0.317109940 0.259323119 0.262042956 0.503578061 0.415286582 0.409671362 0.407478257 0.458155309 0.422055704 0.429147515 0.433944053 0.396036324 0.444755862 0.447012119 0.444988174 0.439209061 0.439304253 0.436811895 0.438830647 0.439834269 0.393132540 0.418314806 0.427318235 0.464158606 0.438322201 0.459514144 0.496253168 0.507740227 0.513851977 0.513092215 0.512030148 0.593660417 0.592156579 0.541978622 0.544235223 0.564261967 0.553486543 0.556098339 0.556155811 0.548059017 0.567045640 0.987758330 
1     0.352251270 0.350460045 0.349716201 0.355042701 0.350432863 0.342372881 0.349889458 0.328515844 0.317109940 0.000000000 0.264274233 0.268869154 0.543301407 0.454382884 0.448806982 0.446613878 0.497290929 0.461223125 0.468222402 0.473018939 0.435340820 0.484417908 0.486617560 0.484704728 0.478925615 0.479020807 0.476528448 0.478547201 0.479525368 0.431841143 0.457628308 0.466630632 0.503103602 0.477605520 0.498566041 0.535351642 0.546915141 0.553105682 0.552144112 0.551082045 0.632743180 0.631239342 0.581061385 0.583593090 0.603344730 0.592569306 0.595181102 0.595238574 0.587141781 0.606128403 1.027064607 
38     0.292583503 0.290792278 0.290750295 0.297022703 0.292424526 0.284465717 0.292286609 0.271379302 0.259323119 0.264274233 0.000000000 0.212587252 0.486687142 0.397686781 0.391854066 0.389660961 0.440555761 0.404270208 0.411327797 0.416124334 0.378378590 0.427098128 0.429850448 0.427695142 0.421916028 0.422011221 0.419518862 0.421537614 0.422502379 0.374543692 0.400419159 0.409422589 0.446203218 0.420359755 0.441656997 0.478423031 0.490100059 0.496177070 0.495215501 0.494153434 0.575793687 0.574289849 0.524111892 0.526664811 0.546395238 0.535777231 0.538231609 0.538289082 0.530192288 0.549061431 0.970131174 
3     0.294324053 0.292700608 0.291792435 0.297109242 0.293521288 0.285434041 0.294971822 0.273602046 0.262042956 0.268869154 0.212587252 0.000000000 0.486020014 0.396897297 0.391186970 0.388993865 0.439888665 0.403593271 0.410660187 0.415456725 0.377252731 0.426329819 0.428662888 0.426716637 0.420937524 0.421032716 0.418540357 0.420559110 0.421533632 0.373812391 0.399466075 0.408478059 0.445288599 0.419362430 0.439821528 0.476798656 0.488548139 0.494549302 0.493587732 0.492525665 0.573730707 0.572226868 0.522210560 0.524821451 0.544546853 0.533928846 0.536545599 0.536603071 0.528506277 0.547420692 0.968685456 
27     0.514753803 0.512967349 0.513011358 0.519338798 0.514147013 0.506645794 0.535680991 0.514806262 0.503578061 0.543301407 0.486687142 0.486020014 0.000000000 0.482573666 0.477653141 0.475460037 0.526109562 0.490745886 0.497499870 0.502296407 0.466362462 0.514516912 0.513138284 0.511408698 0.505629585 0.505724777 0.503347895 0.505366648 0.506384359 0.458428673 0.484750339 0.494078002 0.530939018 0.504684315 0.527161458 0.563583808 0.575095956 0.581032872 0.580071302 0.579009235 0.661401488 0.659897650 0.609719693 0.612416099 0.632003039 0.621265137 0.623593192 0.623650664 0.615745637 0.634945257 1.054101287 
21     0.426403449 0.424639108 0.424469902 0.430690271 0.425621260 0.418120041 0.446925675 0.426028438 0.415286582 0.454382884 0.397686781 0.396897297 0.482573666 0.000000000 0.247706148 0.245547839 0.299154554 0.264321597 0.270549350 0.275234856 0.307138826 0.358071094 0.400100750 0.398735964 0.392956851 0.393052043 0.390758920 0.392777673 0.392799671 0.347028499 0.370701167 0.379647755 0.416581168 0.390824380 0.421561160 0.459069188 0.470386472 0.476123942 0.475527878 0.474465811 0.556662979 0.555164237 0.505043145 0.507782552 0.527333048 0.516584487 0.519023797 0.519081269 0.511029657 0.530203150 0.951656071 
14     0.420524814 0.418760474 0.418677102 0.424897471 0.420046209 0.412544990 0.441310455 0.420413217 0.409671362 0.448806982 0.391854066 0.391186970 0.477653141 0.247706148 0.000000000 0.041233208 0.180501259 0.205441597 0.211404522 0.216439619 0.302975222 0.353538927 0.394894673 0.393783771 0.388004658 0.388099850 0.385854081 0.387872834 0.387872506 0.341390462 0.365066349 0.374030610 0.410946350 0.385142844 0.416000579 0.453332589 0.464649873 0.470387343 0.469791279 0.468729212 0.550983395 0.549485391 0.499367125 0.502106532 0.521657028 0.511050182 0.513358624 0.513416097 0.505364485 0.524537977 0.944896973 
7     0.418346493 0.416582152 0.416498781 0.422719150 0.417867888 0.410366669 0.439117350 0.418220113 0.407478257 0.446613878 0.389660961 0.388993865 0.475460037 0.245547839 0.041233208 0.000000000 0.177716731 0.203200282 0.209171909 0.214207006 0.300782118 0.351345822 0.392701569 0.391590667 0.385811554 0.385906746 0.383660976 0.385679729 0.385679401 0.339197358 0.362873244 0.371837505 0.408753246 0.382949740 0.413807475 0.451139485 0.462456769 0.468194239 0.467598175 0.466536108 0.548790291 0.547292286 0.497174021 0.499913428 0.519463924 0.508857077 0.511165520 0.511222992 0.503171381 0.522344873 0.942703869 
6     0.469226510 0.467462169 0.467378798 0.473599167 0.468530156 0.461028937 0.489794402 0.468897165 0.458155309 0.497290929 0.440555761 0.439888665 0.526109562 0.299154554 0.180501259 0.177716731 0.000000000 0.250391008 0.257187902 0.262434164 0.352834304 0.401935349 0.443838175 0.442796874 0.437017761 0.437112953 0.434867184 0.436885937 0.436885609 0.390062600 0.413835280 0.422796888 0.459715282 0.433911776 0.464747930 0.502079981 0.513397265 0.519134735 0.518538671 0.517476604 0.599715618 0.598217613 0.548087190 0.550826597 0.570346580 0.559628532 0.562092357 0.562149829 0.554098217 0.573271710 0.993690516 
5     0.432970603 0.431206263 0.431157475 0.437377844 0.432526582 0.425025363 0.453629042 0.432636576 0.422055704 0.461223125 0.404270208 0.403593271 0.490745886 0.264321597 0.205441597 0.203200282 0.250391008 0.000000000 0.160141587 0.164885233 0.316940887 0.366103442 0.408167448 0.406873665 0.401094552 0.401189744 0.398980087 0.400998840 0.400985359 0.353851104 0.377762597 0.386760522 0.423698917 0.398148029 0.428762545 0.466100643 0.477417927 0.483155397 0.482559333 0.481497266 0.563704427 0.562205686 0.512084594 0.514824001 0.534374497 0.523767651 0.525973870 0.526022414 0.518022119 0.537195612 0.958912927 
37     0.440005780 0.438241440 0.438192652 0.444413021 0.439561759 0.432060540 0.460786608 0.439889371 0.429147515 0.468222402 0.411327797 0.410660187 0.497499870 0.270549350 0.211404522 0.209171909 0.257187902 0.160141587 0.000000000 0.069402502 0.323611167 0.372705669 0.414916430 0.413615437 0.407836324 0.407931516 0.405724518 0.407748972 0.407778491 0.360909452 0.384716251 0.393670958 0.430609353 0.405058465 0.435584034 0.472922132 0.484239416 0.489976886 0.489380822 0.488318755 0.570514584 0.569015843 0.518849123 0.521476019 0.541139026 0.530467426 0.532885333 0.532942805 0.524891194 0.544064686 0.965746015 
18     0.444802318 0.443037977 0.442989190 0.449209558 0.444358296 0.436857077 0.465583146 0.444685908 0.433944053 0.473018939 0.416124334 0.415456725 0.502296407 0.275234856 0.216439619 0.214207006 0.262434164 0.164885233 0.069402502 0.000000000 0.328422857 0.377531334 0.419683847 0.418406355 0.412627242 0.412722434 0.410515437 0.412539890 0.412569410 0.365705990 0.389512789 0.398467496 0.435405891 0.409855002 0.440380572 0.477718669 0.489035953 0.494773423 0.494177359 0.493115292 0.575311122 0.573812380 0.523645660 0.526272557 0.545935563 0.535263963 0.537681870 0.537739343 0.529687731 0.548861223 0.970542552 
35     0.407770815 0.406006475 0.405977415 0.412197784 0.407346522 0.399845303 0.427675417 0.406791942 0.396036324 0.435340820 0.378378590 0.377252731 0.466362462 0.307138826 0.302975222 0.300782118 0.352834304 0.316940887 0.323611167 0.328422857 0.000000000 0.254847947 0.383590912 0.381659186 0.375880073 0.375975265 0.373604423 0.375623175 0.375560776 0.329686083 0.353665014 0.362167232 0.399031904 0.373408692 0.403786855 0.440983779 0.452087180 0.457861830 0.457290928 0.456228861 0.538654440 0.537155698 0.487023990 0.489792698 0.509324509 0.498717663 0.500689640 0.500747113 0.493026701 0.512196810 0.933724837 
19     0.456490353 0.454726012 0.454696953 0.460917322 0.456066059 0.448564840 0.476394955 0.455511479 0.444755862 0.484417908 0.427098128 0.426329819 0.514516912 0.358071094 0.353538927 0.351345822 0.401935349 0.366103442 0.372705669 0.377531334 0.254847947 0.000000000 0.433152542 0.430419892 0.424640779 0.424735971 0.422178076 0.424196828 0.424308059 0.378201628 0.402485782 0.411150824 0.447800419 0.422134615 0.451757086 0.489465385 0.500479093 0.506261912 0.505772534 0.504710467 0.586755153 0.585227308 0.535512474 0.538304270 0.557836081 0.547229235 0.549351039 0.549408511 0.541598466 0.560768575 0.982453509 
22     0.458657070 0.456909860 0.456925209 0.463145578 0.458060864 0.450559646 0.478572362 0.457626315 0.447012119 0.486617560 0.429850448 0.428662888 0.513138284 0.400100750 0.394894673 0.392701569 0.443838175 0.408167448 0.414916430 0.419683847 0.383590912 0.433152542 0.000000000 0.271432259 0.265376962 0.265490824 0.263527763 0.265442439 0.274119972 0.354225751 0.381188319 0.390667130 0.427758099 0.402195104 0.450824550 0.487077780 0.498552875 0.504152640 0.503218598 0.502150169 0.585664091 0.584160253 0.533572136 0.536208534 0.555754030 0.544423618 0.547828724 0.547886197 0.539920972 0.559179259 0.981214730 
8     0.456468345 0.454721135 0.454733907 0.460948079 0.455869562 0.448368343 0.476581502 0.455650771 0.444988174 0.484704728 0.427695142 0.426716637 0.511408698 0.398735964 0.393783771 0.391590667 0.442796874 0.406873665 0.413615437 0.418406355 0.381659186 0.430419892 0.271432259 0.000000000 0.071864948 0.071070135 0.169718519 0.171583907 0.270224128 0.351952706 0.378762027 0.388668018 0.425423391 0.399685429 0.449218105 0.485797734 0.497528517 0.503146652 0.502395870 0.501333803 0.583997805 0.582493967 0.531963649 0.534665592 0.554250103 0.542803869 0.545457243 0.545514715 0.538220051 0.557505706 0.979459437 
34     0.450689232 0.448942022 0.448954794 0.455168965 0.450090449 0.442589230 0.470802389 0.449871658 0.439209061 0.478925615 0.421916028 0.420937524 0.505629585 0.392956851 0.388004658 0.385811554 0.437017761 0.401094552 0.407836324 0.412627242 0.375880073 0.424640779 0.265376962 0.071864948 0.000000000 0.047083746 0.164496997 0.166331471 0.264641614 0.346173593 0.372982913 0.382888905 0.419644278 0.393906315 0.443438992 0.480018621 0.491749404 0.497367539 0.496616756 0.495554690 0.578218692 0.576714854 0.526184536 0.528886479 0.548470990 0.537024755 0.539735201 0.539792673 0.532437038 0.551726593 0.973680324 
10     0.450784424 0.449037214 0.449049986 0.455264158 0.450185641 0.442684422 0.470897581 0.449966850 0.439304253 0.479020807 0.422011221 0.421032716 0.505724777 0.393052043 0.388099850 0.385906746 0.437112953 0.401189744 0.407931516 0.412722434 0.375975265 0.424735971 0.265490824 0.071070135 0.047083746 0.000000000 0.164478297 0.166384561 0.264778220 0.346268785 0.373078106 0.382984097 0.419739470 0.394001508 0.443534184 0.480113813 0.491844596 0.497462731 0.496711949 0.495649882 0.578313884 0.576810046 0.526279728 0.528981671 0.548566182 0.537119948 0.539751679 0.539809152 0.532536130 0.551821785 0.973775516 
4     0.448292065 0.446544855 0.446557627 0.452771799 0.447693282 0.440192063 0.468405223 0.447467168 0.436811895 0.476528448 0.419518862 0.418540357 0.503347895 0.390758920 0.385854081 0.383660976 0.434867184 0.398980087 0.405724518 0.410515437 0.373604423 0.422178076 0.263527763 0.169718519 0.164496997 0.164478297 0.000000000 0.076636019 0.263598985 0.343865372 0.370656013 0.380562005 0.417317378 0.391579415 0.441044408 0.477624037 0.489354821 0.494972955 0.494222173 0.493160106 0.575758442 0.574254604 0.523726883 0.526425717 0.546010228 0.534419898 0.537340274 0.537397746 0.529843617 0.549151636 0.971320785 
13     0.450310818 0.448563608 0.448576380 0.454790551 0.449712035 0.442210816 0.470423975 0.449485921 0.438830647 0.478547201 0.421537614 0.420559110 0.505366648 0.392777673 0.387872834 0.385679729 0.436885937 0.400998840 0.407748972 0.412539890 0.375623175 0.424196828 0.265442439 0.171583907 0.166331471 0.166384561 0.076636019 0.000000000 0.265640735 0.345877576 0.372667279 0.382573271 0.419328643 0.393590681 0.443063161 0.479642790 0.491373573 0.496991708 0.496240926 0.495178859 0.577777195 0.576273357 0.525745636 0.528444470 0.548028981 0.536438651 0.539359027 0.539416499 0.531862370 0.551170389 0.973339538 
26     0.451180723 0.449416383 0.449495710 0.455709882 0.450631365 0.443130146 0.471427597 0.450514560 0.439834269 0.479525368 0.422502379 0.421533632 0.506384359 0.392799671 0.387872506 0.385679401 0.436885609 0.400985359 0.407778491 0.412569410 0.375560776 0.424308059 0.274119972 0.270224128 0.264641614 0.264778220 0.263598985 0.265640735 0.000000000 0.345769788 0.373410020 0.382950696 0.419614715 0.394295122 0.443741814 0.480322016 0.492052799 0.497670934 0.496920151 0.495858085 0.578400326 0.576896488 0.526369278 0.529068112 0.548652624 0.536895393 0.540299371 0.540356843 0.532649703 0.551908227 0.973334634 
23     0.403418099 0.401647195 0.401683661 0.407924568 0.403052767 0.395551548 0.424725868 0.403824705 0.393132540 0.431841143 0.374543692 0.373812391 0.458428673 0.347028499 0.341390462 0.339197358 0.390062600 0.353851104 0.360909452 0.365705990 0.329686083 0.378201628 0.354225751 0.351952706 0.346173593 0.346268785 0.343865372 0.345877576 0.345769788 0.000000000 0.299749164 0.308173307 0.345082736 0.319358798 0.397740359 0.433947845 0.445753615 0.451199051 0.450419160 0.449357093 0.531112124 0.529608285 0.478539901 0.481294544 0.500826355 0.490190193 0.493249383 0.493306855 0.484766175 0.504305285 0.926622809 
17     0.428790252 0.427019348 0.427047910 0.433262082 0.428417017 0.420915798 0.449974934 0.429073771 0.418314806 0.457628308 0.400419159 0.399466075 0.484750339 0.370701167 0.365066349 0.362873244 0.413835280 0.377762597 0.384716251 0.389512789 0.353665014 0.402485782 0.381188319 0.378762027 0.372982913 0.373078106 0.370656013 0.372667279 0.373410020 0.299749164 0.000000000 0.178273110 0.218183888 0.257937636 0.424267499 0.460510833 0.472226004 0.477405323 0.476891549 0.475829482 0.558013545 0.556509707 0.505949687 0.508202226 0.527741376 0.517596870 0.520567558 0.520625031 0.512390021 0.531564044 0.952943631 
30     0.437793681 0.436022777 0.436051340 0.442265511 0.437420446 0.429919227 0.458978363 0.438077200 0.427318235 0.466630632 0.409422589 0.408478059 0.494078002 0.379647755 0.374030610 0.371837505 0.422796888 0.386760522 0.393670958 0.398467496 0.362167232 0.411150824 0.390667130 0.388668018 0.382888905 0.382984097 0.380562005 0.382573271 0.382950696 0.308173307 0.178273110 0.000000000 0.181231091 0.268319319 0.433681528 0.469934867 0.481652980 0.485900462 0.486318525 0.485256458 0.567693607 0.566189769 0.515662559 0.518414094 0.537945905 0.527309743 0.530188301 0.530245774 0.522010764 0.541184787 0.962413364 
31     0.474689160 0.472918256 0.472946819 0.479160991 0.474315925 0.466814706 0.495818734 0.474917571 0.464158606 0.503103602 0.446203218 0.445288599 0.530939018 0.416581168 0.410946350 0.408753246 0.459715282 0.423698917 0.430609353 0.435405891 0.399031904 0.447800419 0.427758099 0.425423391 0.419644278 0.419739470 0.417317378 0.419328643 0.419614715 0.345082736 0.218183888 0.181231091 0.000000000 0.306082640 0.470436782 0.506714952 0.518433065 0.522890540 0.523098610 0.522036543 0.604078079 0.602574240 0.551975892 0.554727427 0.574164136 0.563549343 0.566681278 0.566738750 0.558503741 0.577677764 0.999193449 
15     0.448834302 0.447063398 0.447091960 0.453306132 0.448461066 0.440959848 0.469915529 0.449014366 0.438322201 0.477605520 0.420359755 0.419362430 0.504684315 0.390824380 0.385142844 0.382949740 0.433911776 0.398148029 0.405058465 0.409855002 0.373408692 0.422134615 0.402195104 0.399685429 0.393906315 0.394001508 0.391579415 0.393590681 0.394295122 0.319358798 0.257937636 0.268319319 0.306082640 0.000000000 0.443661865 0.480232000 0.491930344 0.497109663 0.496595889 0.495533822 0.577474241 0.575970403 0.525246542 0.528158096 0.547529888 0.536925492 0.539742456 0.539799929 0.531575097 0.550627487 0.972826769 
40     0.470494212 0.468729871 0.468842320 0.474829226 0.470135393 0.462634174 0.491313905 0.470424487 0.459514144 0.498566041 0.441656997 0.439821528 0.527161458 0.421561160 0.416000579 0.413807475 0.464747930 0.428762545 0.435584034 0.440380572 0.403786855 0.451757086 0.450824550 0.449218105 0.443438992 0.443534184 0.441044408 0.443063161 0.443741814 0.397740359 0.424267499 0.433681528 0.470436782 0.443661865 0.000000000 0.392895768 0.404785724 0.410879239 0.409379590 0.408317523 0.520264256 0.518760418 0.468763910 0.471630529 0.491059649 0.480611832 0.483418247 0.483475720 0.475021039 0.494348514 0.910563457 
9     0.507500067 0.505735726 0.505848176 0.511835082 0.507141248 0.499640030 0.527998584 0.507109165 0.496253168 0.535351642 0.478423031 0.476798656 0.563583808 0.459069188 0.453332589 0.451139485 0.502079981 0.466100643 0.472922132 0.477718669 0.440983779 0.489465385 0.487077780 0.485797734 0.480018621 0.480113813 0.477624037 0.479642790 0.480322016 0.433947845 0.460510833 0.469934867 0.506714952 0.480232000 0.392895768 0.000000000 0.302607871 0.309445027 0.307533963 0.306478201 0.557863548 0.556359710 0.506305927 0.509159271 0.528588391 0.517038090 0.520882070 0.520939542 0.512410684 0.531837747 0.948560704 
24     0.519249549 0.517485209 0.517597658 0.523584564 0.518890731 0.511389512 0.539485642 0.518706811 0.507740227 0.546915141 0.490100059 0.488548139 0.575095956 0.470386472 0.464649873 0.462456769 0.513397265 0.477417927 0.484239416 0.489035953 0.452087180 0.500479093 0.498552875 0.497528517 0.491749404 0.491844596 0.489354821 0.491373573 0.492052799 0.445753615 0.472226004 0.481652980 0.518433065 0.491930344 0.404785724 0.302607871 0.000000000 0.141762592 0.170759886 0.168875287 0.569481722 0.567977884 0.517902917 0.520753310 0.540188638 0.529577441 0.532511552 0.532569025 0.523785176 0.543467229 0.959940956 
36     0.525250713 0.523486372 0.523598821 0.529585727 0.524891894 0.517390675 0.545597393 0.524707974 0.513851977 0.553105682 0.496177070 0.494549302 0.581032872 0.476123942 0.470387343 0.468194239 0.519134735 0.483155397 0.489976886 0.494773423 0.457861830 0.506261912 0.504152640 0.503146652 0.497367539 0.497462731 0.494972955 0.496991708 0.497670934 0.451199051 0.477405323 0.485900462 0.522890540 0.497109663 0.410879239 0.309445027 0.141762592 0.000000000 0.175217706 0.172895384 0.575443247 0.573939409 0.523885667 0.526739011 0.546168132 0.535556846 0.538473871 0.538531343 0.529830631 0.549429548 0.965858564 
32     0.524289143 0.522524802 0.522637251 0.528624157 0.523930324 0.516429105 0.544837630 0.523948212 0.513092215 0.552144112 0.495215501 0.493587732 0.580071302 0.475527878 0.469791279 0.467598175 0.518538671 0.482559333 0.489380822 0.494177359 0.457290928 0.505772534 0.503218598 0.502395870 0.496616756 0.496711949 0.494222173 0.496240926 0.496920151 0.450419160 0.476891549 0.486318525 0.523098610 0.496595889 0.409379590 0.307533963 0.170759886 0.175217706 0.000000000 0.071947564 0.574194291 0.572690452 0.522636711 0.525490055 0.544919175 0.534307889 0.537224914 0.537282386 0.528625351 0.548180591 0.964607581 
16     0.523227076 0.521462735 0.521575184 0.527562090 0.522868257 0.515367038 0.543775564 0.522886145 0.512030148 0.551082045 0.494153434 0.492525665 0.579009235 0.474465811 0.468729212 0.466536108 0.517476604 0.481497266 0.488318755 0.493115292 0.456228861 0.504710467 0.502150169 0.501333803 0.495554690 0.495649882 0.493160106 0.495178859 0.495858085 0.449357093 0.475829482 0.485256458 0.522036543 0.495533822 0.408317523 0.306478201 0.168875287 0.172895384 0.071947564 0.000000000 0.573132224 0.571628385 0.521574644 0.524427988 0.543857108 0.533245822 0.536162847 0.536220319 0.527563284 0.547118524 0.963545514 
46     0.604093693 0.602329352 0.602441801 0.608592282 0.603734874 0.596233655 0.625388804 0.604499385 0.593660417 0.632743180 0.575793687 0.573730707 0.661401488 0.556662979 0.550983395 0.548790291 0.599715618 0.563704427 0.570514584 0.575311122 0.538654440 0.586755153 0.585664091 0.583997805 0.578218692 0.578313884 0.575758442 0.577777195 0.578400326 0.531112124 0.558013545 0.567693607 0.604078079 0.577474241 0.520264256 0.557863548 0.569481722 0.575443247 0.574194291 0.573132224 0.000000000 0.093310198 0.375097349 0.378280175 0.397939917 0.389600037 0.466208727 0.466266200 0.457002849 0.475316971 1.045932471 
49     0.602589854 0.600825514 0.600937963 0.607088443 0.602231035 0.594729817 0.623884965 0.602995546 0.592156579 0.631239342 0.574289849 0.572226868 0.659897650 0.555164237 0.549485391 0.547292286 0.598217613 0.562205686 0.569015843 0.573812380 0.537155698 0.585227308 0.584160253 0.582493967 0.576714854 0.576810046 0.574254604 0.576273357 0.576896488 0.529608285 0.556509707 0.566189769 0.602574240 0.575970403 0.518760418 0.556359710 0.567977884 0.573939409 0.572690452 0.571628385 0.093310198 0.000000000 0.373374511 0.376557337 0.396217079 0.387877199 0.464703103 0.464760576 0.455445696 0.473811346 1.045136385 
42     0.552303746 0.550539405 0.550651854 0.556802335 0.551944927 0.544443708 0.573707008 0.552817590 0.541978622 0.581061385 0.524111892 0.522210560 0.609719693 0.505043145 0.499367125 0.497174021 0.548087190 0.512084594 0.518849123 0.523645660 0.487023990 0.535512474 0.533572136 0.531963649 0.526184536 0.526279728 0.523726883 0.525745636 0.526369278 0.478539901 0.505949687 0.515662559 0.551975892 0.525246542 0.468763910 0.506305927 0.517902917 0.523885667 0.522636711 0.521574644 0.375097349 0.373374511 0.000000000 0.170092253 0.187655984 0.187459253 0.415319082 0.415376554 0.406544398 0.426109115 0.996127749 
43     0.554874974 0.553110634 0.553223083 0.559373563 0.554516155 0.547014937 0.575875692 0.555061418 0.544235223 0.583593090 0.526664811 0.524821451 0.612416099 0.507782552 0.502106532 0.499913428 0.550826597 0.514824001 0.521476019 0.526272557 0.489792698 0.538304270 0.536208534 0.534665592 0.528886479 0.528981671 0.526425717 0.528444470 0.529068112 0.481294544 0.508202226 0.518414094 0.554727427 0.528158096 0.471630529 0.509159271 0.520753310 0.526739011 0.525490055 0.524427988 0.378280175 0.376557337 0.170092253 0.000000000 0.182641589 0.188197757 0.418797367 0.418854840 0.409973717 0.429587401 0.999024184 
47     0.574587092 0.572822751 0.572935200 0.579085680 0.574228273 0.566727054 0.595990354 0.575100935 0.564261967 0.603344730 0.546395238 0.544546853 0.632003039 0.527333048 0.521657028 0.519463924 0.570346580 0.534374497 0.541139026 0.545935563 0.509324509 0.557836081 0.555754030 0.554250103 0.548470990 0.548566182 0.546010228 0.548028981 0.548652624 0.500826355 0.527741376 0.537945905 0.574164136 0.547529888 0.491059649 0.528588391 0.540188638 0.546168132 0.544919175 0.543857108 0.397939917 0.396217079 0.187655984 0.182641589 0.000000000 0.208578562 0.437974216 0.438031689 0.429199533 0.448764250 1.018408203 
41     0.563969085 0.562204744 0.562317194 0.568467674 0.563452848 0.555951630 0.585214930 0.564325511 0.553486543 0.592569306 0.535777231 0.533928846 0.621265137 0.516584487 0.511050182 0.508857077 0.559628532 0.523767651 0.530467426 0.535263963 0.498717663 0.547229235 0.544423618 0.542803869 0.537024755 0.537119948 0.534419898 0.536438651 0.536895393 0.490190193 0.517596870 0.527309743 0.563549343 0.536925492 0.480611832 0.517038090 0.529577441 0.535556846 0.534307889 0.533245822 0.389600037 0.387877199 0.187459253 0.188197757 0.208578562 0.000000000 0.429273369 0.429330842 0.420505850 0.440063403 1.008077598 
50     0.566714049 0.564949709 0.565062158 0.571212638 0.566355230 0.558854012 0.587826725 0.566937307 0.556098339 0.595181102 0.538231609 0.536545599 0.623593192 0.519023797 0.513358624 0.511165520 0.562092357 0.525973870 0.532885333 0.537681870 0.500689640 0.549351039 0.547828724 0.545457243 0.539735201 0.539751679 0.537340274 0.539359027 0.540299371 0.493249383 0.520567558 0.530188301 0.566681278 0.539742456 0.483418247 0.520882070 0.532511552 0.538473871 0.537224914 0.536162847 0.466208727 0.464703103 0.415319082 0.418797367 0.437974216 0.429273369 0.000000000 0.075286190 0.203997589 0.230676998 1.010475994 
44     0.566771522 0.565007181 0.565119630 0.571270111 0.566412703 0.558911484 0.587884198 0.566994779 0.556155811 0.595238574 0.538289082 0.536603071 0.623650664 0.519081269 0.513416097 0.511222992 0.562149829 0.526022414 0.532942805 0.537739343 0.500747113 0.549408511 0.547886197 0.545514715 0.539792673 0.539809152 0.537397746 0.539416499 0.540356843 0.493306855 0.520625031 0.530245774 0.566738750 0.539799929 0.483475720 0.520939542 0.532569025 0.538531343 0.537282386 0.536220319 0.466266200 0.464760576 0.415376554 0.418854840 0.438031689 0.429330842 0.075286190 0.000000000 0.204297457 0.230698177 1.010533467 
45     0.558674728 0.556910387 0.557022837 0.563173317 0.558315909 0.550814691 0.579787404 0.558897985 0.548059017 0.587141781 0.530192288 0.528506277 0.615745637 0.511029657 0.505364485 0.503171381 0.554098217 0.518022119 0.524891194 0.529687731 0.493026701 0.541598466 0.539920972 0.538220051 0.532437038 0.532536130 0.529843617 0.531862370 0.532649703 0.484766175 0.512390021 0.522010764 0.558503741 0.531575097 0.475021039 0.512410684 0.523785176 0.529830631 0.528625351 0.527563284 0.457002849 0.455445696 0.406544398 0.409973717 0.429199533 0.420505850 0.203997589 0.204297457 0.000000000 0.225301120 1.002201119 
48     0.577708548 0.575944207 0.576056656 0.582207137 0.577349729 0.569848510 0.598774027 0.577884608 0.567045640 0.606128403 0.549061431 0.547420692 0.634945257 0.530203150 0.524537977 0.522344873 0.573271710 0.537195612 0.544064686 0.548861223 0.512196810 0.560768575 0.559179259 0.557505706 0.551726593 0.551821785 0.549151636 0.551170389 0.551908227 0.504305285 0.531564044 0.541184787 0.577677764 0.550627487 0.494348514 0.531837747 0.543467229 0.549429548 0.548180591 0.547118524 0.475316971 0.473811346 0.426109115 0.429587401 0.448764250 0.440063403 0.230676998 0.230698177 0.225301120 0.000000000 1.020190707 
0     0.999056691 0.997292350 0.997404799 0.999431969 0.998697872 0.991196653 1.019721157 0.998831738 0.987758330 1.027064607 0.970131174 0.968685456 1.054101287 0.951656071 0.944896973 0.942703869 0.993690516 0.958912927 0.965746015 0.970542552 0.933724837 0.982453509 0.981214730 0.979459437 0.973680324 0.973775516 0.971320785 0.973339538 0.973334634 0.926622809 0.952943631 0.962413364 0.999193449 0.972826769 0.910563457 0.948560704 0.959940956 0.965858564 0.964607581 0.963545514 1.045932471 1.045136385 0.996127749 0.999024184 1.018408203 1.008077598 1.010475994 1.010533467 1.002201119 1.020190707 0.000000000 
