51
39     0.000000000 0.000013620 0.000049700 0.000074230 0.000064920 0.000042940 0.000094060 0.000094740 0.000117100 0.000156230 0.000097600 0.000128030 0.000276490 0.000187560 0.000140180 0.000138130 0.000155700 0.000177360 0.000166550 0.000142200 0.000150160 0.000175280 0.000111170 0.000114980 0.000116790 0.000116160 0.000135960 0.000132240 0.000139610 0.000127390 0.000115220 0.000124310 0.000167570 0.000114650 0.000103140 0.000121820 0.000150090 0.000181450 0.000165450 0.000164460 0.000251690 0.000249560 0.000140960 0.000143410 0.000151900 0.000149760 0.000154600 0.000156170 0.000182390 0.000151620 0.000210320 
29     0.000013620 0.000000000 0.000042870 0.000048210 0.000038900 0.000042240 0.000093010 0.000093690 0.000116050 0.000164280 0.000096550 0.000126980 0.000275440 0.000186510 0.000139130 0.000137080 0.000154650 0.000176310 0.000165500 0.000141150 0.000149110 0.000174230 0.000110120 0.000113930 0.000115740 0.000115110 0.000134910 0.000131190 0.000138560 0.000126340 0.000114170 0.000123260 0.000166520 0.000113600 0.000102090 0.000120770 0.000149040 0.000180400 0.000164400 0.000163410 0.000250640 0.000248510 0.000139910 0.000142360 0.000150850 0.000148710 0.000153550 0.000155120 0.000181340 0.000150570 0.000209270 
12     0.000049700 0.000042870 0.000000000 0.000038700 0.000037880 0.000025100 0.000078930 0.000079610 0.000101970 0.000156780 0.000082470 0.000112900 0.000261360 0.000172430 0.000125050 0.000123000 0.000140570 0.000162230 0.000151420 0.000127070 0.000135030 0.000160150 0.000096040 0.000099850 0.000101660 0.000101030 0.000120830 0.000117110 0.000124480 0.000112260 0.000100090 0.000109180 0.000152440 0.000099520 0.000088010 0.000106690 0.000134960 0.000166320 0.000150320 0.000149330 0.000236560 0.000234430 0.000125830 0.000128280 0.000136770 0.000134630 0.000139470 0.000141040 0.000167260 0.000136490 0.000195190 
2     0.000074230 0.000048210 0.000038700 0.000000000 0.000008260 0.000026440 0.000067030 0.000067710 0.000090070 0.000144880 0.000070570 0.000101000 0.000249460 0.000160530 0.000113150 0.000111100 0.000128670 0.000150330 0.000139520 0.000115170 0.000123130 0.000148250 0.000084140 0.000087950 0.000089760 0.000089130 0.000108930 0.000105210 0.000112580 0.000100360 0.000088190 0.000097280 0.000140540 0.000087620 0.000076110 0.000094790 0.000123060 0.000154420 0.000138420 0.000137430 0.000224660 0.000222530 0.000113930 0.000116380 0.000124870 0.000122730 0.000127570 0.000129140 0.000155360 0.000124590 0.000183290 
28     0.000064920 0.000038900 0.000037880 0.000008260 0.000000000 0.000025620 0.000066210 0.000066890 0.000089250 0.000144060 0.000069750 0.000100180 0.000248640 0.000159710 0.000112330 0.000110280 0.000127850 0.000149510 0.000138700 0.000114350 0.000122310 0.000147430 0.000083320 0.000087130 0.000088940 0.000088310 0.000108110 0.000104390 0.000111760 0.000099540 0.000087370 0.000096460 0.000139720 0.000086800 0.000075290 0.000093970 0.000122240 0.000153600 0.000137600 0.000136610 0.000223840 0.000221710 0.000113110 0.000115560 0.000124050 0.000121910 0.000126750 0.000128320 0.000154540 0.000123770 0.000182470 
11     0.000042940 0.000042240 0.000025100 0.000026440 0.000025620 0.000000000 0.000066670 0.000067350 0.000089710 0.000144520 0.000070210 0.000100640 0.000249100 0.000160170 0.000112790 0.000110740 0.000128310 0.000149970 0.000139160 0.000114810 0.000122770 0.000147890 0.000083780 0.000087590 0.000089400 0.000088770 0.000108570 0.000104850 0.000112220 0.000100000 0.000087830 0.000096920 0.000140180 0.000087260 0.000075750 0.000094430 0.000122700 0.000154060 0.000138060 0.000137070 0.000224300 0.000222170 0.000113570 0.000116020 0.000124510 0.000122370 0.000127210 0.000128780 0.000155000 0.000124230 0.000182930 
20     0.000094060 0.000093010 0.000078930 0.000067030 0.000066210 0.000066670 0.000000000 0.000035760 0.000085880 0.000153030 0.000078720 0.000109150 0.000257610 0.000168680 0.000121300 0.000119250 0.000136820 0.000158480 0.000147670 0.000123320 0.000131280 0.000156400 0.000092290 0.000096100 0.000097910 0.000097280 0.000117080 0.000113360 0.000120730 0.000108510 0.000096340 0.000105430 0.000148690 0.000095770 0.000084260 0.000102940 0.000131210 0.000162570 0.000146570 0.000145580 0.000232810 0.000230680 0.000122080 0.000124530 0.000133020 0.000130880 0.000135720 0.000137290 0.000163510 0.000132740 0.000191440 
25     0.000094740 0.000093690 0.000079610 0.000067710 0.000066890 0.000067350 0.000035760 0.000000000 0.000071430 0.000137540 0.000079400 0.000109830 0.000258290 0.000169360 0.000121980 0.000119930 0.000137500 0.000159160 0.000148350 0.000124000 0.000131960 0.000157080 0.000092970 0.000096780 0.000098590 0.000097960 0.000117760 0.000114040 0.000121410 0.000109190 0.000097020 0.000106110 0.000149370 0.000096450 0.000084940 0.000103620 0.000131890 0.000163250 0.000147250 0.000146260 0.000233490 0.000231360 0.000122760 0.000125210 0.000133700 0.000131560 0.000136400 0.000137970 0.000164190 0.000133420 0.000192120 
33     0.000117100 0.000116050 0.000101970 0.000090070 0.000089250 0.000089710 0.000085880 0.000071430 0.000000000 0.000153070 0.000101760 0.000126050 0.000280650 0.000191720 0.000144340 0.000142290 0.000159860 0.000181520 0.000170710 0.000146360 0.000154320 0.000179440 0.000115330 0.000119140 0.000120950 0.000120320 0.000140120 0.000136400 0.000143770 0.000131550 0.000119380 0.000128470 0.000171730 0.000118810 0.000107300 0.000125980 0.000154250 0.000185610 0.000169610 0.000168620 0.000255850 0.000253720 0.000145120 0.000147570 0.000156060 0.000153920 0.000158760 0.000160330 0.000186550 0.000155780 0.000214480 
1     0.000156230 0.000164280 0.000156780 0.000144880 0.000144060 0.000144520 0.000153030 0.000137540 0.000153070 0.000000000 0.000102250 0.000129680 0.000325380 0.000236450 0.000189070 0.000187020 0.000204590 0.000226250 0.000215440 0.000191090 0.000199050 0.000224170 0.000160060 0.000163870 0.000165680 0.000165050 0.000184850 0.000181130 0.000188500 0.000176280 0.000164110 0.000173200 0.000216460 0.000163540 0.000152030 0.000170710 0.000198980 0.000230340 0.000214340 0.000213350 0.000300580 0.000298450 0.000189850 0.000192300 0.000200790 0.000198650 0.000203490 0.000205060 0.000231280 0.000200510 0.000259210 
38     0.000097600 0.000096550 0.000082470 0.000070570 0.000069750 0.000070210 0.000078720 0.000079400 0.000101760 0.000102250 0.000000000 0.000058370 0.000251070 0.000162140 0.000114760 0.000112710 0.000130280 0.000151940 0.000141130 0.000116780 0.000124740 0.000149860 0.000085750 0.000089560 0.000091370 0.000090740 0.000110540 0.000106820 0.000114190 0.000101970 0.000089800 0.000098890 0.000142150 0.000089230 0.000077720 0.000096400 0.000124670 0.000156030 0.000140030 0.000139040 0.000226270 0.000224140 0.000115540 0.000117990 0.000126480 0.000124340 0.000129180 0.000130750 0.000156970 0.000126200 0.000184900 
3     0.000128030 0.000126980 0.000112900 0.000101000 0.000100180 0.000100640 0.000109150 0.000109830 0.000126050 0.000129680 0.000058370 0.000000000 0.000281500 0.000192150 0.000145190 0.000143140 0.000160710 0.000182370 0.000171560 0.000147210 0.000155170 0.000180290 0.000116180 0.000119990 0.000121800 0.000121170 0.000140970 0.000137250 0.000144620 0.000132400 0.000120230 0.000129320 0.000172580 0.000119660 0.000108150 0.000126830 0.000155100 0.000186460 0.000170460 0.000169470 0.000256700 0.000254570 0.000145970 0.000148420 0.000156910 0.000154770 0.000159610 0.000161180 0.000187400 0.000156630 0.000215330 
27     0.000276490 0.000275440 0.000261360 0.000249460 0.000248640 0.000249100 0.000257610 0.000258290 0.000280650 0.000325380 0.000251070 0.000281500 0.000000000 0.000250350 0.000239730 0.000242950 0.000268030 0.000228380 0.000237190 0.000251310 0.000226660 0.000230750 0.000237600 0.000241410 0.000243220 0.000242590 0.000262390 0.000258670 0.000266040 0.000229890 0.000241650 0.000250740 0.000277320 0.000241080 0.000215470 0.000234150 0.000262420 0.000293780 0.000277780 0.000276790 0.000363540 0.000361410 0.000252810 0.000255260 0.000263750 0.000261610 0.000266450 0.000268020 0.000294240 0.000263470 0.000146710 
21     0.000187560 0.000186510 0.000172430 0.000160530 0.000159710 0.000160170 0.000168680 0.000169360 0.000191720 0.000236450 0.000162140 0.000192150 0.000250350 0.000000000 0.000101780 0.000099730 0.000117300 0.000127450 0.000128150 0.000103800 0.000183870 0.000187960 0.000148670 0.000152480 0.000154290 0.000153660 0.000173460 0.000169740 0.000177110 0.000164890 0.000152720 0.000161810 0.000205070 0.000152150 0.000123160 0.000141840 0.000170110 0.000201470 0.000185470 0.000184480 0.000275090 0.000272960 0.000164360 0.000166810 0.000175300 0.000173160 0.000178000 0.000179570 0.000205790 0.000175020 0.000233720 
14     0.000140180 0.000139130 0.000125050 0.000113150 0.000112330 0.000112790 0.000121300 0.000121980 0.000144340 0.000189070 0.000114760 0.000145190 0.000239730 0.000101780 0.000000000 0.000000270 0.000055700 0.000080890 0.000074490 0.000050140 0.000141720 0.000166840 0.000101290 0.000105100 0.000106910 0.000106280 0.000126080 0.000122360 0.000129730 0.000117510 0.000105340 0.000114430 0.000157690 0.000104770 0.000075780 0.000094460 0.000122730 0.000154090 0.000138090 0.000137100 0.000227710 0.000225580 0.000116980 0.000119430 0.000127920 0.000125780 0.000130620 0.000132190 0.000158410 0.000127640 0.000186340 
7     0.000138130 0.000137080 0.000123000 0.000111100 0.000110280 0.000110740 0.000119250 0.000119930 0.000142290 0.000187020 0.000112710 0.000143140 0.000242950 0.000099730 0.000000270 0.000000000 0.000053650 0.000083250 0.000072440 0.000048090 0.000139670 0.000164790 0.000099240 0.000103050 0.000104860 0.000104230 0.000124030 0.000120310 0.000127680 0.000115460 0.000103290 0.000112380 0.000155640 0.000102720 0.000073730 0.000092410 0.000120680 0.000152040 0.000136040 0.000135050 0.000225660 0.000223530 0.000114930 0.000117380 0.000125870 0.000123730 0.000128570 0.000130140 0.000156360 0.000125590 0.000184290 
6     0.000155700 0.000154650 0.000140570 0.000128670 0.000127850 0.000128310 0.000136820 0.000137500 0.000159860 0.000204590 0.000130280 0.000160710 0.000268030 0.000117300 0.000055700 0.000053650 0.000000000 0.000100820 0.000090010 0.000065660 0.000157240 0.000182360 0.000116810 0.000120620 0.000122430 0.000121800 0.000141600 0.000137880 0.000145250 0.000133030 0.000120860 0.000129950 0.000173210 0.000120290 0.000091300 0.000109980 0.000138250 0.000169610 0.000153610 0.000152620 0.000243230 0.000241100 0.000132500 0.000134950 0.000143440 0.000141300 0.000146140 0.000147710 0.000173930 0.000143160 0.000201860 
5     0.000177360 0.000176310 0.000162230 0.000150330 0.000149510 0.000149970 0.000158480 0.000159160 0.000181520 0.000226250 0.000151940 0.000182370 0.000228380 0.000127450 0.000080890 0.000083250 0.000100820 0.000000000 0.000078350 0.000028990 0.000161900 0.000165990 0.000138470 0.000142280 0.000144090 0.000143460 0.000163260 0.000159540 0.000166910 0.000154690 0.000142520 0.000151610 0.000194870 0.000141950 0.000112960 0.000131640 0.000159910 0.000191270 0.000175270 0.000174280 0.000264890 0.000262760 0.000154160 0.000156610 0.000165100 0.000162960 0.000167800 0.000169370 0.000195590 0.000164820 0.000223520 
37     0.000166550 0.000165500 0.000151420 0.000139520 0.000138700 0.000139160 0.000147670 0.000148350 0.000170710 0.000215440 0.000141130 0.000171560 0.000237190 0.000128150 0.000074490 0.000072440 0.000090010 0.000078350 0.000000000 0.000014680 0.000168090 0.000174800 0.000127660 0.000131470 0.000133280 0.000132650 0.000152450 0.000148730 0.000156100 0.000143880 0.000131710 0.000140800 0.000184060 0.000131140 0.000102150 0.000120830 0.000149100 0.000180460 0.000164460 0.000163470 0.000254080 0.000251950 0.000143350 0.000145800 0.000154290 0.000152150 0.000156990 0.000158560 0.000184780 0.000154010 0.000212710 
18     0.000142200 0.000141150 0.000127070 0.000115170 0.000114350 0.000114810 0.000123320 0.000124000 0.000146360 0.000191090 0.000116780 0.000147210 0.000251310 0.000103800 0.000050140 0.000048090 0.000065660 0.000028990 0.000014680 0.000000000 0.000143740 0.000168860 0.000103310 0.000107120 0.000108930 0.000108300 0.000128100 0.000124380 0.000131750 0.000119530 0.000107360 0.000116450 0.000159710 0.000106790 0.000077800 0.000096480 0.000124750 0.000156110 0.000140110 0.000139120 0.000229730 0.000227600 0.000119000 0.000121450 0.000129940 0.000127800 0.000132640 0.000134210 0.000160430 0.000129660 0.000188360 
35     0.000150160 0.000149110 0.000135030 0.000123130 0.000122310 0.000122770 0.000131280 0.000131960 0.000154320 0.000199050 0.000124740 0.000155170 0.000226660 0.000183870 0.000141720 0.000139670 0.000157240 0.000161900 0.000168090 0.000143740 0.000000000 0.000009960 0.000112710 0.000116520 0.000118330 0.000117700 0.000137500 0.000133780 0.000141150 0.000128930 0.000116760 0.000125850 0.000169110 0.000116190 0.000104680 0.000123360 0.000151630 0.000182990 0.000166990 0.000166000 0.000253230 0.000251100 0.000142500 0.000144950 0.000153440 0.000151300 0.000156140 0.000157710 0.000183930 0.000153160 0.000211860 
19     0.000175280 0.000174230 0.000160150 0.000148250 0.000147430 0.000147890 0.000156400 0.000157080 0.000179440 0.000224170 0.000149860 0.000180290 0.000230750 0.000187960 0.000166840 0.000164790 0.000182360 0.000165990 0.000174800 0.000168860 0.000009960 0.000000000 0.000137830 0.000141640 0.000143450 0.000142820 0.000162620 0.000158900 0.000166270 0.000138840 0.000141880 0.000150970 0.000186270 0.000141310 0.000129800 0.000148480 0.000176750 0.000208110 0.000192110 0.000191120 0.000278350 0.000276220 0.000167620 0.000170070 0.000178560 0.000176420 0.000181260 0.000182830 0.000209050 0.000178280 0.000236980 
22     0.000111170 0.000110120 0.000096040 0.000084140 0.000083320 0.000083780 0.000092290 0.000092970 0.000115330 0.000160060 0.000085750 0.000116180 0.000237600 0.000148670 0.000101290 0.000099240 0.000116810 0.000138470 0.000127660 0.000103310 0.000112710 0.000137830 0.000000000 0.000059530 0.000061340 0.000060710 0.000080510 0.000076790 0.000084160 0.000077940 0.000065770 0.000074860 0.000118120 0.000065200 0.000064250 0.000082930 0.000111200 0.000142560 0.000126560 0.000125570 0.000212800 0.000210670 0.000102070 0.000104520 0.000113010 0.000110870 0.000115710 0.000117280 0.000143500 0.000112730 0.000171430 
8     0.000114980 0.000113930 0.000099850 0.000087950 0.000087130 0.000087590 0.000096100 0.000096780 0.000119140 0.000163870 0.000089560 0.000119990 0.000241410 0.000152480 0.000105100 0.000103050 0.000120620 0.000142280 0.000131470 0.000107120 0.000116520 0.000141640 0.000059530 0.000000000 0.000003490 0.000002860 0.000041320 0.000037600 0.000084170 0.000081750 0.000069580 0.000078670 0.000121930 0.000069010 0.000068060 0.000086740 0.000115010 0.000146370 0.000130370 0.000129380 0.000216610 0.000214480 0.000105880 0.000108330 0.000116820 0.000114680 0.000119520 0.000121090 0.000147310 0.000116540 0.000175240 
34     0.000116790 0.000115740 0.000101660 0.000089760 0.000088940 0.000089400 0.000097910 0.000098590 0.000120950 0.000165680 0.000091370 0.000121800 0.000243220 0.000154290 0.000106910 0.000104860 0.000122430 0.000144090 0.000133280 0.000108930 0.000118330 0.000143450 0.000061340 0.000003490 0.000000000 0.000003190 0.000043130 0.000039410 0.000085980 0.000083560 0.000071390 0.000080480 0.000123740 0.000070820 0.000069870 0.000088550 0.000116820 0.000148180 0.000132180 0.000131190 0.000218420 0.000216290 0.000107690 0.000110140 0.000118630 0.000116490 0.000121330 0.000122900 0.000149120 0.000118350 0.000177050 
10     0.000116160 0.000115110 0.000101030 0.000089130 0.000088310 0.000088770 0.000097280 0.000097960 0.000120320 0.000165050 0.000090740 0.000121170 0.000242590 0.000153660 0.000106280 0.000104230 0.000121800 0.000143460 0.000132650 0.000108300 0.000117700 0.000142820 0.000060710 0.000002860 0.000003190 0.000000000 0.000042500 0.000038780 0.000085350 0.000082930 0.000070760 0.000079850 0.000123110 0.000070190 0.000069240 0.000087920 0.000116190 0.000147550 0.000131550 0.000130560 0.000217790 0.000215660 0.000107060 0.000109510 0.000118000 0.000115860 0.000120700 0.000122270 0.000148490 0.000117720 0.000176420 
4     0.000135960 0.000134910 0.000120830 0.000108930 0.000108110 0.000108570 0.000117080 0.000117760 0.000140120 0.000184850 0.000110540 0.000140970 0.000262390 0.000173460 0.000126080 0.000124030 0.000141600 0.000163260 0.000152450 0.000128100 0.000137500 0.000162620 0.000080510 0.000041320 0.000043130 0.000042500 0.000000000 0.000001060 0.000105150 0.000102730 0.000090560 0.000099650 0.000142910 0.000089990 0.000089040 0.000107720 0.000135990 0.000167350 0.000151350 0.000150360 0.000237590 0.000235460 0.000126860 0.000129310 0.000137800 0.000135660 0.000140500 0.000142070 0.000168290 0.000137520 0.000196220 
13     0.000132240 0.000131190 0.000117110 0.000105210 0.000104390 0.000104850 0.000113360 0.000114040 0.000136400 0.000181130 0.000106820 0.000137250 0.000258670 0.000169740 0.000122360 0.000120310 0.000137880 0.000159540 0.000148730 0.000124380 0.000133780 0.000158900 0.000076790 0.000037600 0.000039410 0.000038780 0.000001060 0.000000000 0.000101430 0.000099010 0.000086840 0.000095930 0.000139190 0.000086270 0.000085320 0.000104000 0.000132270 0.000163630 0.000147630 0.000146640 0.000233870 0.000231740 0.000123140 0.000125590 0.000134080 0.000131940 0.000136780 0.000138350 0.000164570 0.000133800 0.000192500 
26     0.000139610 0.000138560 0.000124480 0.000112580 0.000111760 0.000112220 0.000120730 0.000121410 0.000143770 0.000188500 0.000114190 0.000144620 0.000266040 0.000177110 0.000129730 0.000127680 0.000145250 0.000166910 0.000156100 0.000131750 0.000141150 0.000166270 0.000084160 0.000084170 0.000085980 0.000085350 0.000105150 0.000101430 0.000000000 0.000106380 0.000094210 0.000103300 0.000146560 0.000093640 0.000092690 0.000111370 0.000139640 0.000171000 0.000155000 0.000154010 0.000241240 0.000239110 0.000130510 0.000132960 0.000141450 0.000139310 0.000144150 0.000145720 0.000171940 0.000141170 0.000199870 
23     0.000127390 0.000126340 0.000112260 0.000100360 0.000099540 0.000100000 0.000108510 0.000109190 0.000131550 0.000176280 0.000101970 0.000132400 0.000229890 0.000164890 0.000117510 0.000115460 0.000133030 0.000154690 0.000143880 0.000119530 0.000128930 0.000138840 0.000077940 0.000081750 0.000083560 0.000082930 0.000102730 0.000099010 0.000106380 0.000000000 0.000077730 0.000086820 0.000130080 0.000077160 0.000080470 0.000099150 0.000127420 0.000158780 0.000142780 0.000141790 0.000229020 0.000226890 0.000118290 0.000120740 0.000129230 0.000127090 0.000131930 0.000133500 0.000159720 0.000128950 0.000187650 
17     0.000115220 0.000114170 0.000100090 0.000088190 0.000087370 0.000087830 0.000096340 0.000097020 0.000119380 0.000164110 0.000089800 0.000120230 0.000241650 0.000152720 0.000105340 0.000103290 0.000120860 0.000142520 0.000131710 0.000107360 0.000116760 0.000141880 0.000065770 0.000069580 0.000071390 0.000070760 0.000090560 0.000086840 0.000094210 0.000077730 0.000000000 0.000000000 0.000074270 0.000059030 0.000068300 0.000086980 0.000115250 0.000146610 0.000130610 0.000129620 0.000216850 0.000214720 0.000106120 0.000108570 0.000117060 0.000114920 0.000119760 0.000121330 0.000147550 0.000116780 0.000175480 
30     0.000124310 0.000123260 0.000109180 0.000097280 0.000096460 0.000096920 0.000105430 0.000106110 0.000128470 0.000173200 0.000098890 0.000129320 0.000250740 0.000161810 0.000114430 0.000112380 0.000129950 0.000151610 0.000140800 0.000116450 0.000125850 0.000150970 0.000074860 0.000078670 0.000080480 0.000079850 0.000099650 0.000095930 0.000103300 0.000086820 0.000000000 0.000000000 0.000062850 0.000068120 0.000077390 0.000096070 0.000124340 0.000155700 0.000139700 0.000138710 0.000225940 0.000223810 0.000115210 0.000117660 0.000126150 0.000124010 0.000128850 0.000130420 0.000156640 0.000125870 0.000184570 
31     0.000167570 0.000166520 0.000152440 0.000140540 0.000139720 0.000140180 0.000148690 0.000149370 0.000171730 0.000216460 0.000142150 0.000172580 0.000277320 0.000205070 0.000157690 0.000155640 0.000173210 0.000194870 0.000184060 0.000159710 0.000169110 0.000186270 0.000118120 0.000121930 0.000123740 0.000123110 0.000142910 0.000139190 0.000146560 0.000130080 0.000074270 0.000062850 0.000000000 0.000111380 0.000120650 0.000139330 0.000167600 0.000198960 0.000182960 0.000181970 0.000269200 0.000267070 0.000158470 0.000160920 0.000169410 0.000167270 0.000172110 0.000173680 0.000199900 0.000169130 0.000227830 
15     0.000114650 0.000113600 0.000099520 0.000087620 0.000086800 0.000087260 0.000095770 0.000096450 0.000118810 0.000163540 0.000089230 0.000119660 0.000241080 0.000152150 0.000104770 0.000102720 0.000120290 0.000141950 0.000131140 0.000106790 0.000116190 0.000141310 0.000065200 0.000069010 0.000070820 0.000070190 0.000089990 0.000086270 0.000093640 0.000077160 0.000059030 0.000068120 0.000111380 0.000000000 0.000067730 0.000086410 0.000114680 0.000146040 0.000130040 0.000129050 0.000216280 0.000214150 0.000105550 0.000108000 0.000116490 0.000114350 0.000119190 0.000120760 0.000146980 0.000116210 0.000174910 
40     0.000103140 0.000102090 0.000088010 0.000076110 0.000075290 0.000075750 0.000084260 0.000084940 0.000107300 0.000152030 0.000077720 0.000108150 0.000215470 0.000123160 0.000075780 0.000073730 0.000091300 0.000112960 0.000102150 0.000077800 0.000104680 0.000129800 0.000064250 0.000068060 0.000069870 0.000069240 0.000089040 0.000085320 0.000092690 0.000080470 0.000068300 0.000077390 0.000120650 0.000067730 0.000000000 0.000045860 0.000074130 0.000105490 0.000089490 0.000088500 0.000190670 0.000188540 0.000079940 0.000082390 0.000090880 0.000088740 0.000093580 0.000095150 0.000121370 0.000090600 0.000149300 
9     0.000121820 0.000120770 0.000106690 0.000094790 0.000093970 0.000094430 0.000102940 0.000103620 0.000125980 0.000170710 0.000096400 0.000126830 0.000234150 0.000141840 0.000094460 0.000092410 0.000109980 0.000131640 0.000120830 0.000096480 0.000123360 0.000148480 0.000082930 0.000086740 0.000088550 0.000087920 0.000107720 0.000104000 0.000111370 0.000099150 0.000086980 0.000096070 0.000139330 0.000086410 0.000045860 0.000000000 0.000077910 0.000109270 0.000093270 0.000089940 0.000209350 0.000207220 0.000098620 0.000101070 0.000109560 0.000107420 0.000112260 0.000113830 0.000140050 0.000109280 0.000167980 
24     0.000150090 0.000149040 0.000134960 0.000123060 0.000122240 0.000122700 0.000131210 0.000131890 0.000154250 0.000198980 0.000124670 0.000155100 0.000262420 0.000170110 0.000122730 0.000120680 0.000138250 0.000159910 0.000149100 0.000124750 0.000151630 0.000176750 0.000111200 0.000115010 0.000116820 0.000116190 0.000135990 0.000132270 0.000139640 0.000127420 0.000115250 0.000124340 0.000167600 0.000114680 0.000074130 0.000077910 0.000000000 0.000012130 0.000031140 0.000013410 0.000237620 0.000235490 0.000126890 0.000129340 0.000137830 0.000135690 0.000140530 0.000142100 0.000168320 0.000137550 0.000196250 
36     0.000181450 0.000180400 0.000166320 0.000154420 0.000153600 0.000154060 0.000162570 0.000163250 0.000185610 0.000230340 0.000156030 0.000186460 0.000293780 0.000201470 0.000154090 0.000152040 0.000169610 0.000191270 0.000180460 0.000156110 0.000182990 0.000208110 0.000142560 0.000146370 0.000148180 0.000147550 0.000167350 0.000163630 0.000171000 0.000158780 0.000146610 0.000155700 0.000198960 0.000146040 0.000105490 0.000109270 0.000012130 0.000000000 0.000062620 0.000061630 0.000268980 0.000266850 0.000158250 0.000160700 0.000169190 0.000167050 0.000171890 0.000173460 0.000199680 0.000168910 0.000227610 
32     0.000165450 0.000164400 0.000150320 0.000138420 0.000137600 0.000138060 0.000146570 0.000147250 0.000169610 0.000214340 0.000140030 0.000170460 0.000277780 0.000185470 0.000138090 0.000136040 0.000153610 0.000175270 0.000164460 0.000140110 0.000166990 0.000192110 0.000126560 0.000130370 0.000132180 0.000131550 0.000151350 0.000147630 0.000155000 0.000142780 0.000130610 0.000139700 0.000182960 0.000130040 0.000089490 0.000093270 0.000031140 0.000062620 0.000000000 0.000000270 0.000252980 0.000250850 0.000142250 0.000144700 0.000153190 0.000151050 0.000155890 0.000157460 0.000183680 0.000152910 0.000211610 
16     0.000164460 0.000163410 0.000149330 0.000137430 0.000136610 0.000137070 0.000145580 0.000146260 0.000168620 0.000213350 0.000139040 0.000169470 0.000276790 0.000184480 0.000137100 0.000135050 0.000152620 0.000174280 0.000163470 0.000139120 0.000166000 0.000191120 0.000125570 0.000129380 0.000131190 0.000130560 0.000150360 0.000146640 0.000154010 0.000141790 0.000129620 0.000138710 0.000181970 0.000129050 0.000088500 0.000089940 0.000013410 0.000061630 0.000000270 0.000000000 0.000251990 0.000249860 0.000141260 0.000143710 0.000152200 0.000150060 0.000154900 0.000156470 0.000182690 0.000151920 0.000210620 
46     0.000251690 0.000250640 0.000236560 0.000224660 0.000223840 0.000224300 0.000232810 0.000233490 0.000255850 0.000300580 0.000226270 0.000256700 0.000363540 0.000275090 0.000227710 0.000225660 0.000243230 0.000264890 0.000254080 0.000229730 0.000253230 0.000278350 0.000212800 0.000216610 0.000218420 0.000217790 0.000237590 0.000233870 0.000241240 0.000229020 0.000216850 0.000225940 0.000269200 0.000216280 0.000190670 0.000209350 0.000237620 0.000268980 0.000252980 0.000251990 0.000000000 0.000004910 0.000157310 0.000159760 0.000168250 0.000166110 0.000187730 0.000189300 0.000215520 0.000184750 0.000297370 
49     0.000249560 0.000248510 0.000234430 0.000222530 0.000221710 0.000222170 0.000230680 0.000231360 0.000253720 0.000298450 0.000224140 0.000254570 0.000361410 0.000272960 0.000225580 0.000223530 0.000241100 0.000262760 0.000251950 0.000227600 0.000251100 0.000276220 0.000210670 0.000214480 0.000216290 0.000215660 0.000235460 0.000231740 0.000239110 0.000226890 0.000214720 0.000223810 0.000267070 0.000214150 0.000188540 0.000207220 0.000235490 0.000266850 0.000250850 0.000249860 0.000004910 0.000000000 0.000155180 0.000000630 0.000166120 0.000163980 0.000185600 0.000187170 0.000213390 0.000182620 0.000295240 
42     0.000140960 0.000139910 0.000125830 0.000113930 0.000113110 0.000113570 0.000122080 0.000122760 0.000145120 0.000189850 0.000115540 0.000145970 0.000252810 0.000164360 0.000116980 0.000114930 0.000132500 0.000154160 0.000143350 0.000119000 0.000142500 0.000167620 0.000102070 0.000105880 0.000107690 0.000107060 0.000126860 0.000123140 0.000130510 0.000118290 0.000106120 0.000115210 0.000158470 0.000105550 0.000079940 0.000098620 0.000126890 0.000158250 0.000142250 0.000141260 0.000157310 0.000155180 0.000000000 0.000040730 0.000049220 0.000037590 0.000077000 0.000078570 0.000104790 0.000074020 0.000186640 
43     0.000143410 0.000142360 0.000128280 0.000116380 0.000115560 0.000116020 0.000124530 0.000125210 0.000147570 0.000192300 0.000117990 0.000148420 0.000255260 0.000166810 0.000119430 0.000117380 0.000134950 0.000156610 0.000145800 0.000121450 0.000144950 0.000170070 0.000104520 0.000108330 0.000110140 0.000109510 0.000129310 0.000125590 0.000132960 0.000120740 0.000108570 0.000117660 0.000160920 0.000108000 0.000082390 0.000101070 0.000129340 0.000160700 0.000144700 0.000143710 0.000159760 0.000000630 0.000040730 0.000000000 0.000047850 0.000046350 0.000079450 0.000081020 0.000107240 0.000076470 0.000189090 
47     0.000151900 0.000150850 0.000136770 0.000124870 0.000124050 0.000124510 0.000133020 0.000133700 0.000156060 0.000200790 0.000126480 0.000156910 0.000263750 0.000175300 0.000127920 0.000125870 0.000143440 0.000165100 0.000154290 0.000129940 0.000153440 0.000178560 0.000113010 0.000116820 0.000118630 0.000118000 0.000137800 0.000134080 0.000141450 0.000129230 0.000117060 0.000126150 0.000169410 0.000116490 0.000090880 0.000109560 0.000137830 0.000169190 0.000153190 0.000152200 0.000168250 0.000166120 0.000049220 0.000047850 0.000000000 0.000054840 0.000087940 0.000089510 0.000115730 0.000084960 0.000197580 
41     0.000149760 0.000148710 0.000134630 0.000122730 0.000121910 0.000122370 0.000130880 0.000131560 0.000153920 0.000198650 0.000124340 0.000154770 0.000261610 0.000173160 0.000125780 0.000123730 0.000141300 0.000162960 0.000152150 0.000127800 0.000151300 0.000176420 0.000110870 0.000114680 0.000116490 0.000115860 0.000135660 0.000131940 0.000139310 0.000127090 0.000114920 0.000124010 0.000167270 0.000114350 0.000088740 0.000107420 0.000135690 0.000167050 0.000151050 0.000150060 0.000166110 0.000163980 0.000037590 0.000046350 0.000054840 0.000000000 0.000085800 0.000087370 0.000113590 0.000082820 0.000195440 
50     0.000154600 0.000153550 0.000139470 0.000127570 0.000126750 0.000127210 0.000135720 0.000136400 0.000158760 0.000203490 0.000129180 0.000159610 0.000266450 0.000178000 0.000130620 0.000128570 0.000146140 0.000167800 0.000156990 0.000132640 0.000156140 0.000181260 0.000115710 0.000119520 0.000121330 0.000120700 0.000140500 0.000136780 0.000144150 0.000131930 0.000119760 0.000128850 0.000172110 0.000119190 0.000093580 0.000112260 0.000140530 0.000171890 0.000155890 0.000154900 0.000187730 0.000185600 0.000077000 0.000079450 0.000087940 0.000085800 0.000000000 0.000002910 0.000008610 0.000027260 0.000200280 
44     0.000156170 0.000155120 0.000141040 0.000129140 0.000128320 0.000128780 0.000137290 0.000137970 0.000160330 0.000205060 0.000130750 0.000161180 0.000268020 0.000179570 0.000132190 0.000130140 0.000147710 0.000169370 0.000158560 0.000134210 0.000157710 0.000182830 0.000117280 0.000121090 0.000122900 0.000122270 0.000142070 0.000138350 0.000145720 0.000133500 0.000121330 0.000130420 0.000173680 0.000120760 0.000095150 0.000113830 0.000142100 0.000173460 0.000157460 0.000156470 0.000189300 0.000187170 0.000078570 0.000081020 0.000089510 0.000087370 0.000002910 0.000000000 0.000016670 0.000028830 0.000201850 
45     0.000182390 0.000181340 0.000167260 0.000155360 0.000154540 0.000155000 0.000163510 0.000164190 0.000186550 0.000231280 0.000156970 0.000187400 0.000294240 0.000205790 0.000158410 0.000156360 0.000173930 0.000195590 0.000184780 0.000160430 0.000183930 0.000209050 0.000143500 0.000147310 0.000149120 0.000148490 0.000168290 0.000164570 0.000171940 0.000159720 0.000147550 0.000156640 0.000199900 0.000146980 0.000121370 0.000140050 0.000168320 0.000199680 0.000183680 0.000182690 0.000215520 0.000213390 0.000104790 0.000107240 0.000115730 0.000113590 0.000008610 0.000016670 0.000000000 0.000000020 0.000228070 
48     0.000151620 0.000150570 0.000136490 0.000124590 0.000123770 0.000124230 0.000132740 0.000133420 0.000155780 0.000200510 0.000126200 0.000156630 0.000263470 0.000175020 0.000127640 0.000125590 0.000143160 0.000164820 0.000154010 0.000129660 0.000153160 0.000178280 0.000112730 0.000116540 0.000118350 0.000117720 0.000137520 0.000133800 0.000141170 0.000128950 0.000116780 0.000125870 0.000169130 0.000116210 0.000090600 0.000109280 0.000137550 0.000168910 0.000152910 0.000151920 0.000184750 0.000182620 0.000074020 0.000076470 0.000084960 0.000082820 0.000027260 0.000028830 0.000000020 0.000000000 0.000197300 
0     0.000210320 0.000209270 0.000195190 0.000183290 0.000182470 0.000182930 0.000191440 0.000192120 0.000214480 0.000259210 0.000184900 0.000215330 0.000146710 0.000233720 0.000186340 0.000184290 0.000201860 0.000223520 0.000212710 0.000188360 0.000211860 0.000236980 0.000171430 0.000175240 0.000177050 0.000176420 0.000196220 0.000192500 0.000199870 0.000187650 0.000175480 0.000184570 0.000227830 0.000174910 0.000149300 0.000167980 0.000196250 0.000227610 0.000211610 0.000210620 0.000297370 0.000295240 0.000186640 0.000189090 0.000197580 0.000195440 0.000200280 0.000201850 0.000228070 0.000197300 0.000000000 
