51
24     0.000000000 0.003995069 0.004734286 0.004723854 0.004124158 0.004745890 0.004979181 0.003750078 0.005228546 0.005287166 0.005259864 0.005244031 0.005264138 0.004791104 0.004858310 0.004132384 0.005481722 0.005311107 0.005281497 0.005188456 0.005028462 0.004828628 0.005656731 0.005038399 0.004932703 0.004978507 0.005078855 0.005071647 0.004971657 0.005315175 0.005308328 0.004678033 0.004763274 0.004635728 0.004386635 0.004384482 0.004453827 0.004669391 0.004680410 0.004692902 0.004438136 0.004468572 0.004497681 0.004710916 0.004755489 0.004874479 0.005062141 0.005062909 0.004824557 0.004587438 0.008177797 
26     0.003995069 0.000000000 0.002512670 0.002496327 0.003006211 0.003955620 0.004188860 0.002951883 0.004445048 0.004503667 0.004476366 0.004460533 0.004480639 0.004010219 0.004077424 0.003341139 0.004703231 0.004532869 0.004503005 0.004412049 0.004253616 0.004054247 0.004885212 0.004251753 0.004146320 0.004192125 0.004292845 0.004285637 0.004185647 0.004548273 0.004542064 0.003912003 0.003997244 0.003869698 0.003619696 0.003617543 0.003686888 0.003902453 0.003913471 0.003925963 0.003670882 0.003701318 0.003727867 0.003942204 0.003986777 0.004105768 0.004292881 0.004293649 0.004055298 0.003819530 0.007400046 
13     0.004734286 0.002512670 0.000000000 0.000906992 0.003737616 0.004699802 0.004933041 0.003696169 0.005191185 0.005249804 0.005222503 0.005206670 0.005226777 0.004756356 0.004823562 0.004086763 0.005438382 0.005268020 0.005238156 0.005148557 0.004989199 0.004790746 0.005634155 0.004997285 0.004891853 0.004937658 0.005038378 0.005031170 0.004931180 0.005284462 0.005276131 0.004645589 0.004730555 0.004603117 0.004351949 0.004349797 0.004419141 0.004634706 0.004645725 0.004658217 0.004403451 0.004433887 0.004457412 0.004674677 0.004719250 0.004838241 0.005025288 0.005026056 0.004787705 0.004551937 0.008138224 
20     0.004723854 0.002496327 0.000906992 0.000000000 0.003727225 0.004687998 0.004921238 0.003684043 0.005179426 0.005238045 0.005210744 0.005194911 0.005215018 0.004744597 0.004811802 0.004075004 0.005427113 0.005256751 0.005226887 0.005137288 0.004977792 0.004779477 0.005622886 0.004986016 0.004880584 0.004926389 0.005027109 0.005019901 0.004919911 0.005272925 0.005264595 0.004634052 0.004719019 0.004591581 0.004340413 0.004338260 0.004407605 0.004623170 0.004634188 0.004646680 0.004391914 0.004422350 0.004445876 0.004663141 0.004707714 0.004826704 0.005013752 0.005014520 0.004776168 0.004540401 0.008126688 
19     0.004124158 0.003006211 0.003737616 0.003727225 0.000000000 0.004135875 0.004369235 0.003127186 0.004607799 0.004666418 0.004639117 0.004623284 0.004643390 0.004173089 0.004240294 0.003505984 0.004859305 0.004688944 0.004659080 0.004567061 0.004408705 0.004208985 0.005052644 0.004414698 0.004309001 0.004354806 0.004455339 0.004448131 0.004348140 0.004700251 0.004692401 0.004062340 0.004147581 0.004020035 0.003768961 0.003766808 0.003836153 0.004051718 0.004062737 0.004075229 0.003820148 0.003850584 0.003880008 0.004092797 0.004137371 0.004256361 0.004441597 0.004442365 0.004204013 0.003969692 0.007559375 
22     0.004745890 0.003955620 0.004699802 0.004687998 0.004135875 0.000000000 0.001952947 0.003523983 0.005077208 0.005135827 0.005108526 0.005092693 0.005112799 0.004643209 0.004710415 0.003967315 0.005311258 0.005140643 0.005111032 0.005017895 0.004858508 0.004658402 0.005497098 0.004865778 0.004760286 0.004801916 0.004903142 0.004894586 0.004795944 0.005167414 0.005161492 0.004531270 0.004616512 0.004488966 0.004237032 0.004234879 0.004304224 0.004519788 0.004530807 0.004543299 0.004288533 0.004318969 0.004348128 0.004558395 0.004602968 0.004721959 0.004909451 0.004910218 0.004672024 0.004438958 0.008029736 
29     0.004979181 0.004188860 0.004933041 0.004921238 0.004369235 0.001952947 0.000000000 0.003756806 0.005310232 0.005368851 0.005341550 0.005325717 0.005345824 0.004876234 0.004943439 0.004200340 0.005544282 0.005373667 0.005344057 0.005250920 0.005091533 0.004891427 0.005730113 0.005098803 0.004993311 0.005034940 0.005136166 0.005127610 0.005028968 0.005400439 0.005394517 0.004764295 0.004849536 0.004721991 0.004470057 0.004467904 0.004537248 0.004752813 0.004763832 0.004776324 0.004521558 0.004551994 0.004581152 0.004791420 0.004835993 0.004954983 0.005142475 0.005143243 0.004905049 0.004671983 0.008262760 
9     0.003750078 0.002951883 0.003696169 0.003684043 0.003127186 0.003523983 0.003756806 0.000000000 0.004090804 0.004149423 0.004122122 0.004106289 0.004126396 0.003656806 0.003724011 0.002999767 0.004333227 0.004162612 0.004133002 0.004040578 0.003881845 0.003681915 0.004514341 0.003884888 0.003779324 0.003820953 0.003921674 0.003910793 0.003814475 0.004173990 0.004167629 0.003537563 0.003622805 0.003495259 0.003244836 0.003242683 0.003312028 0.003527592 0.003538611 0.003551103 0.003296022 0.003326458 0.003355829 0.003574498 0.003619071 0.003738061 0.003923451 0.003924219 0.003686024 0.003449887 0.007036351 
14     0.005228546 0.004445048 0.005191185 0.005179426 0.004607799 0.005077208 0.005310232 0.004090804 0.000000000 0.000692508 0.001292954 0.001286703 0.001322510 0.002815533 0.002882088 0.003562952 0.005446366 0.005276005 0.005246141 0.005153156 0.004997408 0.004797234 0.005647466 0.005019933 0.004913104 0.004958539 0.005059782 0.005052861 0.004952584 0.005300704 0.005289591 0.004660887 0.004746129 0.004618583 0.004365277 0.004363124 0.004432468 0.004649572 0.004660591 0.004673083 0.004411227 0.004441663 0.004478069 0.004684601 0.004729174 0.004848165 0.005036873 0.005037640 0.004799231 0.004563330 0.008158560 
10     0.005287166 0.004503667 0.005249804 0.005238045 0.004666418 0.005135827 0.005368851 0.004149423 0.000692508 0.000000000 0.001339069 0.001349568 0.001381178 0.002873815 0.002940370 0.003621571 0.005504985 0.005334624 0.005304760 0.005211775 0.005056028 0.004855853 0.005706085 0.005078552 0.004971723 0.005017158 0.005118401 0.005111480 0.005011203 0.005359323 0.005348211 0.004719507 0.004804748 0.004677202 0.004423896 0.004421743 0.004491087 0.004708191 0.004719210 0.004731702 0.004469253 0.004499689 0.004536688 0.004743220 0.004787794 0.004906784 0.005095492 0.005096260 0.004857851 0.004621949 0.008217179 
17     0.005259864 0.004476366 0.005222503 0.005210744 0.004639117 0.005108526 0.005341550 0.004122122 0.001292954 0.001339069 0.000000000 0.000577236 0.000636471 0.002849354 0.002917024 0.003594423 0.005468998 0.005298997 0.005268812 0.005176914 0.005025695 0.004825520 0.005676007 0.005048371 0.004941542 0.004986977 0.005088220 0.005081299 0.004981022 0.005331622 0.005320510 0.004691806 0.004777047 0.004649502 0.004396195 0.004394042 0.004463387 0.004680491 0.004691509 0.004704001 0.004442085 0.004472521 0.004508988 0.004715520 0.004760093 0.004879083 0.005067791 0.005068559 0.004830150 0.004594249 0.008189526 
3     0.005244031 0.004460533 0.005206670 0.005194911 0.004623284 0.005092693 0.005325717 0.004106289 0.001286703 0.001349568 0.000577236 0.000000000 0.000593738 0.002833940 0.002900450 0.003578590 0.005453165 0.005283164 0.005252979 0.005161081 0.005009862 0.004809687 0.005660174 0.005032538 0.004925709 0.004971144 0.005072387 0.005065466 0.004965189 0.005315789 0.005304677 0.004675973 0.004761214 0.004633669 0.004380362 0.004378209 0.004447554 0.004664657 0.004675676 0.004688168 0.004426313 0.004456749 0.004493155 0.004699687 0.004744260 0.004863250 0.005051958 0.005052726 0.004814317 0.004578415 0.008173693 
8     0.005264138 0.004480639 0.005226777 0.005215018 0.004643390 0.005112799 0.005345824 0.004126396 0.001322510 0.001381178 0.000636471 0.000593738 0.000000000 0.002852071 0.002918931 0.003598697 0.005473272 0.005303270 0.005273086 0.005181188 0.005029969 0.004829794 0.005680281 0.005052645 0.004945815 0.004991251 0.005092494 0.005085573 0.004985295 0.005335896 0.005324784 0.004696080 0.004781321 0.004653776 0.004400469 0.004398316 0.004467660 0.004684764 0.004695783 0.004708275 0.004446162 0.004476598 0.004513261 0.004719793 0.004764367 0.004883357 0.005072065 0.005072833 0.004834424 0.004598522 0.008193800 
4     0.004791104 0.004010219 0.004756356 0.004744597 0.004173089 0.004643209 0.004876234 0.003656806 0.002815533 0.002873815 0.002849354 0.002833940 0.002852071 0.000000000 0.000759469 0.003130031 0.005011861 0.004841500 0.004811636 0.004718651 0.004563371 0.004363196 0.005213038 0.004585616 0.004478786 0.004524221 0.004625465 0.004618543 0.004518266 0.004866354 0.004855242 0.004226538 0.004311779 0.004184234 0.003930927 0.003928774 0.003998119 0.004215222 0.004226241 0.004238733 0.003978748 0.004009184 0.004043720 0.004248290 0.004292863 0.004411854 0.004602523 0.004603291 0.004364882 0.004128980 0.007724190 
25     0.004858310 0.004077424 0.004823562 0.004811802 0.004240294 0.004710415 0.004943439 0.003724011 0.002882088 0.002940370 0.002917024 0.002900450 0.002918931 0.000759469 0.000000000 0.003197237 0.005079067 0.004908705 0.004878841 0.004785857 0.004630576 0.004430401 0.005280244 0.004652821 0.004545992 0.004591427 0.004692670 0.004685749 0.004585472 0.004933559 0.004922447 0.004293743 0.004378984 0.004251439 0.003998132 0.003995979 0.004065324 0.004282428 0.004293446 0.004305938 0.004045953 0.004076389 0.004110925 0.004315495 0.004360069 0.004479059 0.004669728 0.004670496 0.004432087 0.004196186 0.007791396 
18     0.004132384 0.003341139 0.004086763 0.004075004 0.003505984 0.003967315 0.004200340 0.002999767 0.003562952 0.003621571 0.003594423 0.003578590 0.003598697 0.003130031 0.003197237 0.000000000 0.004348698 0.004178336 0.004148472 0.004055488 0.003899938 0.003699764 0.004545223 0.003920783 0.003813943 0.003859378 0.003960632 0.003953711 0.003853434 0.004201970 0.004191593 0.003562051 0.003647292 0.003519746 0.003267721 0.003265568 0.003334912 0.003552016 0.003563035 0.003575527 0.003320277 0.003350713 0.003380486 0.003590945 0.003635519 0.003754509 0.003938015 0.003938783 0.003700374 0.003464545 0.007059757 
28     0.005481722 0.004703231 0.005438382 0.005427113 0.004859305 0.005311258 0.005544282 0.004333227 0.005446366 0.005504985 0.005468998 0.005453165 0.005473272 0.005011861 0.005079067 0.004348698 0.000000000 0.001086529 0.001021430 0.001448585 0.003926363 0.003726672 0.005086071 0.004451386 0.004345176 0.004391728 0.004493550 0.004485061 0.004386322 0.005437311 0.005430765 0.004800455 0.004885696 0.004758151 0.004502384 0.004500231 0.004569575 0.004784926 0.004795945 0.004808437 0.004553454 0.004583890 0.004613720 0.004840764 0.004885337 0.005004327 0.005183640 0.005184408 0.004946057 0.004704757 0.008292442 
12     0.005311107 0.004532869 0.005268020 0.005256751 0.004688944 0.005140643 0.005373667 0.004162612 0.005276005 0.005334624 0.005298997 0.005283164 0.005303270 0.004841500 0.004908705 0.004178336 0.001086529 0.000000000 0.000843995 0.001283577 0.003758529 0.003558839 0.004914639 0.004281741 0.004175531 0.004222084 0.004323905 0.004315416 0.004216678 0.005266950 0.005260404 0.004630094 0.004715335 0.004587790 0.004332023 0.004329870 0.004399214 0.004614565 0.004625584 0.004638076 0.004383092 0.004413528 0.004443358 0.004670402 0.004714976 0.004833966 0.005013279 0.005014047 0.004775696 0.004534396 0.008122081 
27     0.005281497 0.004503005 0.005238156 0.005226887 0.004659080 0.005111032 0.005344057 0.004133002 0.005246141 0.005304760 0.005268812 0.005252979 0.005273086 0.004811636 0.004878841 0.004148472 0.001021430 0.000843995 0.000000000 0.001233940 0.003726072 0.003526381 0.004885846 0.004251160 0.004144951 0.004191503 0.004293324 0.004284835 0.004186097 0.005237086 0.005230540 0.004600230 0.004685471 0.004557925 0.004302158 0.004300005 0.004369350 0.004584701 0.004595719 0.004608211 0.004353228 0.004383664 0.004413494 0.004640538 0.004685111 0.004804102 0.004983415 0.004984183 0.004745831 0.004504532 0.008092217 
1     0.005188456 0.004412049 0.005148557 0.005137288 0.004567061 0.005017895 0.005250920 0.004040578 0.005153156 0.005211775 0.005176914 0.005161081 0.005181188 0.004718651 0.004785857 0.004055488 0.001448585 0.001283577 0.001233940 0.000000000 0.003633718 0.003434028 0.004789602 0.004157071 0.004050861 0.004097414 0.004199235 0.004190746 0.004092008 0.005144101 0.005137555 0.004507245 0.004592486 0.004464941 0.004209174 0.004207021 0.004276365 0.004491716 0.004502735 0.004515227 0.004260244 0.004290680 0.004320510 0.004547554 0.004592127 0.004711117 0.004890430 0.004891198 0.004652847 0.004411547 0.007999232 
7     0.005028462 0.004253616 0.004989199 0.004977792 0.004408705 0.004858508 0.005091533 0.003881845 0.004997408 0.005056028 0.005025695 0.005009862 0.005029969 0.004563371 0.004630576 0.003899938 0.003926363 0.003758529 0.003726072 0.003633718 0.000000000 0.001577742 0.004641100 0.003998841 0.003892272 0.003940384 0.004041002 0.004032512 0.003933774 0.004989768 0.004983149 0.004352839 0.004438081 0.004310535 0.004054949 0.004052796 0.004122140 0.004337491 0.004348510 0.004361002 0.004106019 0.004136455 0.004166285 0.004393497 0.004438071 0.004557061 0.004736110 0.004736878 0.004498527 0.004255134 0.007843804 
11     0.004828628 0.004054247 0.004790746 0.004779477 0.004208985 0.004658402 0.004891427 0.003681915 0.004797234 0.004855853 0.004825520 0.004809687 0.004829794 0.004363196 0.004430401 0.003699764 0.003726672 0.003558839 0.003526381 0.003434028 0.001577742 0.000000000 0.004440793 0.003798652 0.003692083 0.003740195 0.003840813 0.003832323 0.003733585 0.004789593 0.004782975 0.004152665 0.004237906 0.004110360 0.003854774 0.003852621 0.003921966 0.004137316 0.004148335 0.004160827 0.003905844 0.003936280 0.003966110 0.004193323 0.004237896 0.004356886 0.004535935 0.004536703 0.004298352 0.004055939 0.007643630 
6     0.005656731 0.004885212 0.005634155 0.005622886 0.005052644 0.005497098 0.005730113 0.004514341 0.005647466 0.005706085 0.005676007 0.005660174 0.005680281 0.005213038 0.005280244 0.004545223 0.005086071 0.004914639 0.004885846 0.004789602 0.004641100 0.004440793 0.000000000 0.004667257 0.004566653 0.004612901 0.004711948 0.004705512 0.004605183 0.005618110 0.005613408 0.004983355 0.005068596 0.004941050 0.004680907 0.004678754 0.004748099 0.004965467 0.004976486 0.004988978 0.004733994 0.004764430 0.004794260 0.005018387 0.005062960 0.005181950 0.005363951 0.005364719 0.005126367 0.004887648 0.008475109 
2     0.005038399 0.004251753 0.004997285 0.004986016 0.004414698 0.004865778 0.005098803 0.003884888 0.005019933 0.005078552 0.005048371 0.005032538 0.005052645 0.004585616 0.004652821 0.003920783 0.004451386 0.004281741 0.004251160 0.004157071 0.003998841 0.003798652 0.004667257 0.000000000 0.002015433 0.002054389 0.002570458 0.002563607 0.002451744 0.005004377 0.004989893 0.004359533 0.004444775 0.004317229 0.004061798 0.004059645 0.004128990 0.004346969 0.004357988 0.004370480 0.004115497 0.004145933 0.004175763 0.004397348 0.004441921 0.004560911 0.004746525 0.004747293 0.004508942 0.004266988 0.007837863 
21     0.004932703 0.004146320 0.004891853 0.004880584 0.004309001 0.004760286 0.004993311 0.003779324 0.004913104 0.004971723 0.004941542 0.004925709 0.004945815 0.004478786 0.004545992 0.003813943 0.004345176 0.004175531 0.004144951 0.004050861 0.003892272 0.003692083 0.004566653 0.002015433 0.000000000 0.001380188 0.002459550 0.002447851 0.002340913 0.004898958 0.004884573 0.004254214 0.004339455 0.004211909 0.003956478 0.003954325 0.004023670 0.004241649 0.004252668 0.004265160 0.004010177 0.004040613 0.004070443 0.004292028 0.004336601 0.004455592 0.004641206 0.004641973 0.004403622 0.004162442 0.007743128 
16     0.004978507 0.004192125 0.004937658 0.004926389 0.004354806 0.004801916 0.005034940 0.003820953 0.004958539 0.005017158 0.004986977 0.004971144 0.004991251 0.004524221 0.004591427 0.003859378 0.004391728 0.004222084 0.004191503 0.004097414 0.003940384 0.003740195 0.004612901 0.002054389 0.001380188 0.000000000 0.002499377 0.002489889 0.002383538 0.004944669 0.004929872 0.004299513 0.004384754 0.004257208 0.004002189 0.004000036 0.004069380 0.004287360 0.004298379 0.004310871 0.004055887 0.004086323 0.004116153 0.004337738 0.004382312 0.004501302 0.004686916 0.004687684 0.004449333 0.004208075 0.007786136 
15     0.005078855 0.004292845 0.005038378 0.005027109 0.004455339 0.004903142 0.005136166 0.003921674 0.005059782 0.005118401 0.005088220 0.005072387 0.005092494 0.004625465 0.004692670 0.003960632 0.004493550 0.004323905 0.004293324 0.004199235 0.004041002 0.003840813 0.004711948 0.002570458 0.002459550 0.002499377 0.000000000 0.002071243 0.001961113 0.005044992 0.005030096 0.004399737 0.004484978 0.004357432 0.004100962 0.004098809 0.004168154 0.004387584 0.004398602 0.004411094 0.004156111 0.004186547 0.004216377 0.004437962 0.004482536 0.004601526 0.004787140 0.004787908 0.004549556 0.004308697 0.007886895 
5     0.005071647 0.004285637 0.005031170 0.005019901 0.004448131 0.004894586 0.005127610 0.003910793 0.005052861 0.005111480 0.005081299 0.005065466 0.005085573 0.004618543 0.004685749 0.003953711 0.004485061 0.004315416 0.004284835 0.004190746 0.004032512 0.003832323 0.004705512 0.002563607 0.002447851 0.002489889 0.002071243 0.000000000 0.001644731 0.005031357 0.005020553 0.004390194 0.004475435 0.004347890 0.004085372 0.004083219 0.004152563 0.004373081 0.004384100 0.004396592 0.004141089 0.004171525 0.004201571 0.004428085 0.004472659 0.004591649 0.004773171 0.004773939 0.004535588 0.004294728 0.007877249 
23     0.004971657 0.004185647 0.004931180 0.004919911 0.004348140 0.004795944 0.005028968 0.003814475 0.004952584 0.005011203 0.004981022 0.004965189 0.004985295 0.004518266 0.004585472 0.003853434 0.004386322 0.004216678 0.004186097 0.004092008 0.003933774 0.003733585 0.004605183 0.002451744 0.002340913 0.002383538 0.001961113 0.001644731 0.000000000 0.004937793 0.004922897 0.004292538 0.004377780 0.004250234 0.003993483 0.003991330 0.004060675 0.004280385 0.004291404 0.004303896 0.004048913 0.004079349 0.004109179 0.004330764 0.004375337 0.004494328 0.004679942 0.004680710 0.004442358 0.004201498 0.007779697 
32     0.005315175 0.004548273 0.005284462 0.005272925 0.004700251 0.005167414 0.005400439 0.004173990 0.005300704 0.005359323 0.005331622 0.005315789 0.005335896 0.004866354 0.004933559 0.004201970 0.005437311 0.005266950 0.005237086 0.005144101 0.004989768 0.004789593 0.005618110 0.005004377 0.004898958 0.004944669 0.005044992 0.005031357 0.004937793 0.000000000 0.004533338 0.003908522 0.003992203 0.003866394 0.003610634 0.003608481 0.003677826 0.003893244 0.003904263 0.003916755 0.003661857 0.003692653 0.003723348 0.003948746 0.003993319 0.004112860 0.004282275 0.004284206 0.004045996 0.003813133 0.008088092 
44     0.005308328 0.004542064 0.005276131 0.005264595 0.004692401 0.005161492 0.005394517 0.004167629 0.005289591 0.005348211 0.005320510 0.005304677 0.005324784 0.004855242 0.004922447 0.004191593 0.005430765 0.005260404 0.005230540 0.005137555 0.004983149 0.004782975 0.005613408 0.004989893 0.004884573 0.004929872 0.005030096 0.005020553 0.004922897 0.004533338 0.000000000 0.002917732 0.003005335 0.002877581 0.003420412 0.003418259 0.003487603 0.003703061 0.003714079 0.003726571 0.003470542 0.003501406 0.003533902 0.003742622 0.003787196 0.003905590 0.004101836 0.004102422 0.003863392 0.003627443 0.008068290 
36     0.004678033 0.003912003 0.004645589 0.004634052 0.004062340 0.004531270 0.004764295 0.003537563 0.004660887 0.004719507 0.004691806 0.004675973 0.004696080 0.004226538 0.004293743 0.003562051 0.004800455 0.004630094 0.004600230 0.004507245 0.004352839 0.004152665 0.004983355 0.004359533 0.004254214 0.004299513 0.004399737 0.004390194 0.004292538 0.003908522 0.002917732 0.000000000 0.001180529 0.001045867 0.002793370 0.002791217 0.002860562 0.003075635 0.003086654 0.003099146 0.002843133 0.002873997 0.002906493 0.003109718 0.003154291 0.003272686 0.003469837 0.003470423 0.003231560 0.002996468 0.007452983 
48     0.004763274 0.003997244 0.004730555 0.004719019 0.004147581 0.004616512 0.004849536 0.003622805 0.004746129 0.004804748 0.004777047 0.004761214 0.004781321 0.004311779 0.004378984 0.003647292 0.004885696 0.004715335 0.004685471 0.004592486 0.004438081 0.004237906 0.005068596 0.004444775 0.004339455 0.004384754 0.004484978 0.004475435 0.004377780 0.003992203 0.003005335 0.001180529 0.000000000 0.000984101 0.002878292 0.002876140 0.002945484 0.003160558 0.003171577 0.003184069 0.002928056 0.002958920 0.002991416 0.003194500 0.003239073 0.003357468 0.003554391 0.003554976 0.003316113 0.003081022 0.007538224 
40     0.004635728 0.003869698 0.004603117 0.004591581 0.004020035 0.004488966 0.004721991 0.003495259 0.004618583 0.004677202 0.004649502 0.004633669 0.004653776 0.004184234 0.004251439 0.003519746 0.004758151 0.004587790 0.004557925 0.004464941 0.004310535 0.004110360 0.004941050 0.004317229 0.004211909 0.004257208 0.004357432 0.004347890 0.004250234 0.003866394 0.002877581 0.001045867 0.000984101 0.000000000 0.002750282 0.002748129 0.002817474 0.003032547 0.003043566 0.003056058 0.002800045 0.002830909 0.002863405 0.003066629 0.003111203 0.003229597 0.003426749 0.003427335 0.003188472 0.002953380 0.007410678 
31     0.004386635 0.003619696 0.004351949 0.004340413 0.003768961 0.004237032 0.004470057 0.003244836 0.004365277 0.004423896 0.004396195 0.004380362 0.004400469 0.003930927 0.003998132 0.003267721 0.004502384 0.004332023 0.004302158 0.004209174 0.004054949 0.003854774 0.004680907 0.004061798 0.003956478 0.004002189 0.004100962 0.004085372 0.003993483 0.003610634 0.003420412 0.002793370 0.002878292 0.002750282 0.000000000 0.000374537 0.000535582 0.001505957 0.001518374 0.001532672 0.001341404 0.001369718 0.001402871 0.002677173 0.002721851 0.002839610 0.003027766 0.003029663 0.002791432 0.002551505 0.007151138 
37     0.004384482 0.003617543 0.004349797 0.004338260 0.003766808 0.004234879 0.004467904 0.003242683 0.004363124 0.004421743 0.004394042 0.004378209 0.004398316 0.003928774 0.003995979 0.003265568 0.004500231 0.004329870 0.004300005 0.004207021 0.004052796 0.003852621 0.004678754 0.004059645 0.003954325 0.004000036 0.004098809 0.004083219 0.003991330 0.003608481 0.003418259 0.002791217 0.002876140 0.002748129 0.000374537 0.000000000 0.000548445 0.001504759 0.001515773 0.001529864 0.001340411 0.001367357 0.001402680 0.002675020 0.002719698 0.002837457 0.003025613 0.003027510 0.002789279 0.002549352 0.007148985 
41     0.004453827 0.003686888 0.004419141 0.004407605 0.003836153 0.004304224 0.004537248 0.003312028 0.004432468 0.004491087 0.004463387 0.004447554 0.004467660 0.003998119 0.004065324 0.003334912 0.004569575 0.004399214 0.004369350 0.004276365 0.004122140 0.003921966 0.004748099 0.004128990 0.004023670 0.004069380 0.004168154 0.004152563 0.004060675 0.003677826 0.003487603 0.002860562 0.002945484 0.002817474 0.000535582 0.000548445 0.000000000 0.001572553 0.001584991 0.001599095 0.001410370 0.001437211 0.001472125 0.002744364 0.002789043 0.002906801 0.003094957 0.003096854 0.002858624 0.002618696 0.007218330 
43     0.004669391 0.003902453 0.004634706 0.004623170 0.004051718 0.004519788 0.004752813 0.003527592 0.004649572 0.004708191 0.004680491 0.004664657 0.004684764 0.004215222 0.004282428 0.003552016 0.004784926 0.004614565 0.004584701 0.004491716 0.004337491 0.004137316 0.004965467 0.004346969 0.004241649 0.004287360 0.004387584 0.004373081 0.004280385 0.003893244 0.003703061 0.003075635 0.003160558 0.003032547 0.001505957 0.001504759 0.001572553 0.000000000 0.000596406 0.000643964 0.001616690 0.001646450 0.001678810 0.002959617 0.003004295 0.003122054 0.003307916 0.003309813 0.003071583 0.002831827 0.007434037 
38     0.004680410 0.003913471 0.004645725 0.004634188 0.004062737 0.004530807 0.004763832 0.003538611 0.004660591 0.004719210 0.004691509 0.004675676 0.004695783 0.004226241 0.004293446 0.003563035 0.004795945 0.004625584 0.004595719 0.004502735 0.004348510 0.004148335 0.004976486 0.004357988 0.004252668 0.004298379 0.004398602 0.004384100 0.004291404 0.003904263 0.003714079 0.003086654 0.003171577 0.003043566 0.001518374 0.001515773 0.001584991 0.000596406 0.000000000 0.000680331 0.001627533 0.001658102 0.001690485 0.002970636 0.003015314 0.003133073 0.003318935 0.003320832 0.003082602 0.002842846 0.007445056 
42     0.004692902 0.003925963 0.004658217 0.004646680 0.004075229 0.004543299 0.004776324 0.003551103 0.004673083 0.004731702 0.004704001 0.004688168 0.004708275 0.004238733 0.004305938 0.003575527 0.004808437 0.004638076 0.004608211 0.004515227 0.004361002 0.004160827 0.004988978 0.004370480 0.004265160 0.004310871 0.004411094 0.004396592 0.004303896 0.003916755 0.003726571 0.003099146 0.003184069 0.003056058 0.001532672 0.001529864 0.001599095 0.000643964 0.000680331 0.000000000 0.001637108 0.001666869 0.001698870 0.002983128 0.003027806 0.003145565 0.003331427 0.003333324 0.003095094 0.002855338 0.007457548 
35     0.004438136 0.003670882 0.004403451 0.004391914 0.003820148 0.004288533 0.004521558 0.003296022 0.004411227 0.004469253 0.004442085 0.004426313 0.004446162 0.003978748 0.004045953 0.003320277 0.004553454 0.004383092 0.004353228 0.004260244 0.004106019 0.003905844 0.004733994 0.004115497 0.004010177 0.004055887 0.004156111 0.004141089 0.004048913 0.003661857 0.003470542 0.002843133 0.002928056 0.002800045 0.001341404 0.001340411 0.001410370 0.001616690 0.001627533 0.001637108 0.000000000 0.000468344 0.000790185 0.002729940 0.002774618 0.002892377 0.003077874 0.003079771 0.002841540 0.002601619 0.007202726 
50     0.004468572 0.003701318 0.004433887 0.004422350 0.003850584 0.004318969 0.004551994 0.003326458 0.004441663 0.004499689 0.004472521 0.004456749 0.004476598 0.004009184 0.004076389 0.003350713 0.004583890 0.004413528 0.004383664 0.004290680 0.004136455 0.003936280 0.004764430 0.004145933 0.004040613 0.004086323 0.004186547 0.004171525 0.004079349 0.003692653 0.003501406 0.002873997 0.002958920 0.002830909 0.001369718 0.001367357 0.001437211 0.001646450 0.001658102 0.001666869 0.000468344 0.000000000 0.000813858 0.002759840 0.002804518 0.002922277 0.003107773 0.003109671 0.002871440 0.002631519 0.007233162 
45     0.004497681 0.003727867 0.004457412 0.004445876 0.003880008 0.004348128 0.004581152 0.003355829 0.004478069 0.004536688 0.004508988 0.004493155 0.004513261 0.004043720 0.004110925 0.003380486 0.004613720 0.004443358 0.004413494 0.004320510 0.004166285 0.003966110 0.004794260 0.004175763 0.004070443 0.004116153 0.004216377 0.004201571 0.004109179 0.003723348 0.003533902 0.002906493 0.002991416 0.002863405 0.001402871 0.001402680 0.001472125 0.001678810 0.001690485 0.001698870 0.000790185 0.000813858 0.000000000 0.002791138 0.002835816 0.002953575 0.003134916 0.003136813 0.002898582 0.002658661 0.007262831 
47     0.004710916 0.003942204 0.004674677 0.004663141 0.004092797 0.004558395 0.004791420 0.003574498 0.004684601 0.004743220 0.004715520 0.004699687 0.004719793 0.004248290 0.004315495 0.003590945 0.004840764 0.004670402 0.004640538 0.004547554 0.004393497 0.004193323 0.005018387 0.004397348 0.004292028 0.004337738 0.004437962 0.004428085 0.004330764 0.003948746 0.003742622 0.003109718 0.003194500 0.003066629 0.002677173 0.002675020 0.002744364 0.002959617 0.002970636 0.002983128 0.002729940 0.002759840 0.002791138 0.000000000 0.000529055 0.001117257 0.003203712 0.003204270 0.002967874 0.002732553 0.007480715 
33     0.004755489 0.003986777 0.004719250 0.004707714 0.004137371 0.004602968 0.004835993 0.003619071 0.004729174 0.004787794 0.004760093 0.004744260 0.004764367 0.004292863 0.004360069 0.003635519 0.004885337 0.004714976 0.004685111 0.004592127 0.004438071 0.004237896 0.005062960 0.004441921 0.004336601 0.004382312 0.004482536 0.004472659 0.004375337 0.003993319 0.003787196 0.003154291 0.003239073 0.003111203 0.002721851 0.002719698 0.002789043 0.003004295 0.003015314 0.003027806 0.002774618 0.002804518 0.002835816 0.000529055 0.000000000 0.001154451 0.003248286 0.003248843 0.003012447 0.002777126 0.007525288 
49     0.004874479 0.004105768 0.004838241 0.004826704 0.004256361 0.004721959 0.004954983 0.003738061 0.004848165 0.004906784 0.004879083 0.004863250 0.004883357 0.004411854 0.004479059 0.003754509 0.005004327 0.004833966 0.004804102 0.004711117 0.004557061 0.004356886 0.005181950 0.004560911 0.004455592 0.004501302 0.004601526 0.004591649 0.004494328 0.004112860 0.003905590 0.003272686 0.003357468 0.003229597 0.002839610 0.002837457 0.002906801 0.003122054 0.003133073 0.003145565 0.002892377 0.002922277 0.002953575 0.001117257 0.001154451 0.000000000 0.003366821 0.003367379 0.003130983 0.002895662 0.007644279 
30     0.005062141 0.004292881 0.005025288 0.005013752 0.004441597 0.004909451 0.005142475 0.003923451 0.005036873 0.005095492 0.005067791 0.005051958 0.005072065 0.004602523 0.004669728 0.003938015 0.005183640 0.005013279 0.004983415 0.004890430 0.004736110 0.004535935 0.005363951 0.004746525 0.004641206 0.004686916 0.004787140 0.004773171 0.004679942 0.004282275 0.004101836 0.003469837 0.003554391 0.003426749 0.003027766 0.003025613 0.003094957 0.003307916 0.003318935 0.003331427 0.003077874 0.003107773 0.003134916 0.003203712 0.003248286 0.003366821 0.000000000 0.000795978 0.001693598 0.002320610 0.007829534 
46     0.005062909 0.004293649 0.005026056 0.005014520 0.004442365 0.004910218 0.005143243 0.003924219 0.005037640 0.005096260 0.005068559 0.005052726 0.005072833 0.004603291 0.004670496 0.003938783 0.005184408 0.005014047 0.004984183 0.004891198 0.004736878 0.004536703 0.005364719 0.004747293 0.004641973 0.004687684 0.004787908 0.004773939 0.004680710 0.004284206 0.004102422 0.003470423 0.003554976 0.003427335 0.003029663 0.003027510 0.003096854 0.003309813 0.003320832 0.003333324 0.003079771 0.003109671 0.003136813 0.003204270 0.003248843 0.003367379 0.000795978 0.000000000 0.001684697 0.002322824 0.007830343 
34     0.004824557 0.004055298 0.004787705 0.004776168 0.004204013 0.004672024 0.004905049 0.003686024 0.004799231 0.004857851 0.004830150 0.004814317 0.004834424 0.004364882 0.004432087 0.003700374 0.004946057 0.004775696 0.004745831 0.004652847 0.004498527 0.004298352 0.005126367 0.004508942 0.004403622 0.004449333 0.004549556 0.004535588 0.004442358 0.004045996 0.003863392 0.003231560 0.003316113 0.003188472 0.002791432 0.002789279 0.002858624 0.003071583 0.003082602 0.003095094 0.002841540 0.002871440 0.002898582 0.002967874 0.003012447 0.003130983 0.001693598 0.001684697 0.000000000 0.002079540 0.007592107 
39     0.004587438 0.003819530 0.004551937 0.004540401 0.003969692 0.004438958 0.004671983 0.003449887 0.004563330 0.004621949 0.004594249 0.004578415 0.004598522 0.004128980 0.004196186 0.003464545 0.004704757 0.004534396 0.004504532 0.004411547 0.004255134 0.004055939 0.004887648 0.004266988 0.004162442 0.004208075 0.004308697 0.004294728 0.004201498 0.003813133 0.003627443 0.002996468 0.003081022 0.002953380 0.002551505 0.002549352 0.002618696 0.002831827 0.002842846 0.002855338 0.002601619 0.002631519 0.002658661 0.002732553 0.002777126 0.002895662 0.002320610 0.002322824 0.002079540 0.000000000 0.007356009 
0     0.008177797 0.007400046 0.008138224 0.008126688 0.007559375 0.008029736 0.008262760 0.007036351 0.008158560 0.008217179 0.008189526 0.008173693 0.008193800 0.007724190 0.007791396 0.007059757 0.008292442 0.008122081 0.008092217 0.007999232 0.007843804 0.007643630 0.008475109 0.007837863 0.007743128 0.007786136 0.007886895 0.007877249 0.007779697 0.008088092 0.008068290 0.007452983 0.007538224 0.007410678 0.007151138 0.007148985 0.007218330 0.007434037 0.007445056 0.007457548 0.007202726 0.007233162 0.007262831 0.007480715 0.007525288 0.007644279 0.007829534 0.007830343 0.007592107 0.007356009 0.000000000 
