51
25     0.000000000 0.000013610 0.000032080 0.000037240 0.000027210 0.000012950 0.000049780 0.000040270 0.000046840 0.000041590 0.000046590 0.000046590 0.000040500 0.000041650 0.000044200 0.000049570 0.000043090 0.000051400 0.000046440 0.000049320 0.000045030 0.000042300 0.000049610 0.000048610 0.000042920 0.000023160 0.000032930 0.000038310 0.000043080 0.000027550 0.000039700 0.000038640 0.000031430 0.000034710 0.000049780 0.000035540 0.000034290 0.000032360 0.000026900 0.000021820 0.000033960 0.000031600 0.000028800 0.000032670 0.000056650 0.000048970 0.000056180 0.000031840 0.000033690 0.000045580 0.000092790 
33     0.000013610 0.000000000 0.000021690 0.000026850 0.000016820 0.000002560 0.000050990 0.000041480 0.000048050 0.000042800 0.000047800 0.000047800 0.000041710 0.000042860 0.000045410 0.000050780 0.000044300 0.000052610 0.000047650 0.000050530 0.000046240 0.000043510 0.000050820 0.000049820 0.000044130 0.000024370 0.000034140 0.000039520 0.000044290 0.000028760 0.000040910 0.000039850 0.000032640 0.000035920 0.000050990 0.000036750 0.000035500 0.000033570 0.000028110 0.000023030 0.000035170 0.000032810 0.000030010 0.000033880 0.000057860 0.000050180 0.000057390 0.000033050 0.000034900 0.000046790 0.000094000 
17     0.000032080 0.000021690 0.000000000 0.000043100 0.000033070 0.000000440 0.000069460 0.000059950 0.000066520 0.000061270 0.000066270 0.000066270 0.000060180 0.000061330 0.000063880 0.000069250 0.000062770 0.000071080 0.000066120 0.000069000 0.000064710 0.000061980 0.000069290 0.000068290 0.000062600 0.000042840 0.000052610 0.000057990 0.000062760 0.000047230 0.000059380 0.000058320 0.000051110 0.000054390 0.000069460 0.000055220 0.000053970 0.000052040 0.000046580 0.000041500 0.000053640 0.000051280 0.000048480 0.000052350 0.000076330 0.000068650 0.000075860 0.000051520 0.000053370 0.000065260 0.000112470 
19     0.000037240 0.000026850 0.000043100 0.000000000 0.000006580 0.000024990 0.000074620 0.000065110 0.000071680 0.000066430 0.000071430 0.000071430 0.000065340 0.000066490 0.000069040 0.000074410 0.000067930 0.000076240 0.000071280 0.000074160 0.000069870 0.000067140 0.000074450 0.000073450 0.000067760 0.000048000 0.000057770 0.000063150 0.000067920 0.000052390 0.000064540 0.000063480 0.000056270 0.000059550 0.000074620 0.000060380 0.000059130 0.000057200 0.000051740 0.000046660 0.000058800 0.000056440 0.000053640 0.000057510 0.000081490 0.000073810 0.000081020 0.000056680 0.000058530 0.000070420 0.000117630 
20     0.000027210 0.000016820 0.000033070 0.000006580 0.000000000 0.000014960 0.000064590 0.000055080 0.000061650 0.000056400 0.000061400 0.000061400 0.000055310 0.000056460 0.000059010 0.000064380 0.000057900 0.000066210 0.000061250 0.000064130 0.000059840 0.000057110 0.000064420 0.000063420 0.000057730 0.000037970 0.000047740 0.000053120 0.000057890 0.000042360 0.000054510 0.000053450 0.000046240 0.000049520 0.000064590 0.000050350 0.000049100 0.000047170 0.000041710 0.000036630 0.000048770 0.000046410 0.000043610 0.000047480 0.000071460 0.000063780 0.000070990 0.000046650 0.000048500 0.000060390 0.000107600 
4     0.000012950 0.000002560 0.000000440 0.000024990 0.000014960 0.000000000 0.000050330 0.000040820 0.000047390 0.000042140 0.000047140 0.000047140 0.000041050 0.000042200 0.000044750 0.000050120 0.000043640 0.000051950 0.000046990 0.000049870 0.000045580 0.000042850 0.000050160 0.000049160 0.000043470 0.000023710 0.000033480 0.000038860 0.000043630 0.000028100 0.000040250 0.000039190 0.000031980 0.000035260 0.000050330 0.000036090 0.000034840 0.000032910 0.000027450 0.000022370 0.000034510 0.000032150 0.000029350 0.000033220 0.000057200 0.000049520 0.000056730 0.000032390 0.000034240 0.000046130 0.000093340 
13     0.000049780 0.000050990 0.000069460 0.000074620 0.000064590 0.000050330 0.000000000 0.000029950 0.000036520 0.000031270 0.000036270 0.000036270 0.000030180 0.000031330 0.000034360 0.000039730 0.000033190 0.000041500 0.000036540 0.000039420 0.000035130 0.000032400 0.000039710 0.000048010 0.000042320 0.000057960 0.000067730 0.000073110 0.000077880 0.000062350 0.000074500 0.000073440 0.000066230 0.000069510 0.000084580 0.000070340 0.000069090 0.000067160 0.000039280 0.000034200 0.000046340 0.000043980 0.000041180 0.000045050 0.000069030 0.000061350 0.000068560 0.000044220 0.000046070 0.000080720 0.000109710 
7     0.000040270 0.000041480 0.000059950 0.000065110 0.000055080 0.000040820 0.000029950 0.000000000 0.000013810 0.000009560 0.000018320 0.000018320 0.000009130 0.000010280 0.000024850 0.000030220 0.000023680 0.000031990 0.000027030 0.000029910 0.000025620 0.000022890 0.000030200 0.000038500 0.000032810 0.000048450 0.000058220 0.000063600 0.000068370 0.000052840 0.000064990 0.000063930 0.000056720 0.000060000 0.000075070 0.000060830 0.000059580 0.000057650 0.000029770 0.000024690 0.000036830 0.000034470 0.000031670 0.000035540 0.000059520 0.000051840 0.000059050 0.000034710 0.000036560 0.000071210 0.000100200 
24     0.000046840 0.000048050 0.000066520 0.000071680 0.000061650 0.000047390 0.000036520 0.000013810 0.000000000 0.000009510 0.000024890 0.000024890 0.000015700 0.000016850 0.000031420 0.000036790 0.000030250 0.000038560 0.000033600 0.000036480 0.000032190 0.000029460 0.000036770 0.000045070 0.000039380 0.000055020 0.000064790 0.000070170 0.000074940 0.000059410 0.000071560 0.000070500 0.000063290 0.000066570 0.000081640 0.000067400 0.000066150 0.000064220 0.000036340 0.000031260 0.000043400 0.000041040 0.000038240 0.000042110 0.000066090 0.000058410 0.000065620 0.000041280 0.000043130 0.000077780 0.000106770 
38     0.000041590 0.000042800 0.000061270 0.000066430 0.000056400 0.000042140 0.000031270 0.000009560 0.000009510 0.000000000 0.000019640 0.000019640 0.000010450 0.000011600 0.000026170 0.000031540 0.000025000 0.000033310 0.000028350 0.000031230 0.000026940 0.000024210 0.000031520 0.000039820 0.000034130 0.000049770 0.000059540 0.000064920 0.000069690 0.000054160 0.000066310 0.000065250 0.000058040 0.000061320 0.000076390 0.000062150 0.000060900 0.000058970 0.000031090 0.000026010 0.000038150 0.000035790 0.000032990 0.000036860 0.000060840 0.000053160 0.000060370 0.000036030 0.000037880 0.000072530 0.000101520 
31     0.000046590 0.000047800 0.000066270 0.000071430 0.000061400 0.000047140 0.000036270 0.000018320 0.000024890 0.000019640 0.000000000 0.000000560 0.000018550 0.000019700 0.000031170 0.000036540 0.000030000 0.000038310 0.000033350 0.000036230 0.000031940 0.000029210 0.000036520 0.000044820 0.000039130 0.000054770 0.000064540 0.000069920 0.000074690 0.000059160 0.000071310 0.000070250 0.000063040 0.000066320 0.000081390 0.000067150 0.000065900 0.000063970 0.000036090 0.000031010 0.000043150 0.000040790 0.000037990 0.000041860 0.000065840 0.000058160 0.000065370 0.000041030 0.000042880 0.000077530 0.000106520 
1     0.000046590 0.000047800 0.000066270 0.000071430 0.000061400 0.000047140 0.000036270 0.000018320 0.000024890 0.000019640 0.000000560 0.000000000 0.000018550 0.000019700 0.000031170 0.000036540 0.000030000 0.000038310 0.000033350 0.000036230 0.000031940 0.000029210 0.000036520 0.000044820 0.000039130 0.000054770 0.000064540 0.000069920 0.000074690 0.000059160 0.000071310 0.000070250 0.000063040 0.000066320 0.000081390 0.000067150 0.000065900 0.000063970 0.000036090 0.000031010 0.000043150 0.000040790 0.000037990 0.000041860 0.000065840 0.000058160 0.000065370 0.000041030 0.000042880 0.000077530 0.000106520 
14     0.000040500 0.000041710 0.000060180 0.000065340 0.000055310 0.000041050 0.000030180 0.000009130 0.000015700 0.000010450 0.000018550 0.000018550 0.000000000 0.000005670 0.000025080 0.000030450 0.000023910 0.000032220 0.000027260 0.000030140 0.000025850 0.000023120 0.000030430 0.000038730 0.000033040 0.000048680 0.000058450 0.000063830 0.000068600 0.000053070 0.000065220 0.000064160 0.000056950 0.000060230 0.000075300 0.000061060 0.000059810 0.000057880 0.000030000 0.000024920 0.000037060 0.000034700 0.000031900 0.000035770 0.000059750 0.000052070 0.000059280 0.000034940 0.000036790 0.000071440 0.000100430 
2     0.000041650 0.000042860 0.000061330 0.000066490 0.000056460 0.000042200 0.000031330 0.000010280 0.000016850 0.000011600 0.000019700 0.000019700 0.000005670 0.000000000 0.000026230 0.000031600 0.000025060 0.000033370 0.000028410 0.000031290 0.000027000 0.000024270 0.000031580 0.000039880 0.000034190 0.000049830 0.000059600 0.000064980 0.000069750 0.000054220 0.000066370 0.000065310 0.000058100 0.000061380 0.000076450 0.000062210 0.000060960 0.000059030 0.000031150 0.000026070 0.000038210 0.000035850 0.000033050 0.000036920 0.000060900 0.000053220 0.000060430 0.000036090 0.000037940 0.000072590 0.000101580 
22     0.000044200 0.000045410 0.000063880 0.000069040 0.000059010 0.000044750 0.000034360 0.000024850 0.000031420 0.000026170 0.000031170 0.000031170 0.000025080 0.000026230 0.000000000 0.000016070 0.000027670 0.000035980 0.000031020 0.000033900 0.000029610 0.000026880 0.000034190 0.000042430 0.000036740 0.000052380 0.000062150 0.000067530 0.000072300 0.000056770 0.000068920 0.000067860 0.000060650 0.000063930 0.000079000 0.000064760 0.000063510 0.000061580 0.000033700 0.000028620 0.000040760 0.000038400 0.000035600 0.000039470 0.000063450 0.000055770 0.000062980 0.000038640 0.000040490 0.000075140 0.000104130 
30     0.000049570 0.000050780 0.000069250 0.000074410 0.000064380 0.000050120 0.000039730 0.000030220 0.000036790 0.000031540 0.000036540 0.000036540 0.000030450 0.000031600 0.000016070 0.000000000 0.000033040 0.000041350 0.000036390 0.000039270 0.000034980 0.000032250 0.000039560 0.000047800 0.000042110 0.000057750 0.000067520 0.000072900 0.000077670 0.000062140 0.000074290 0.000073230 0.000066020 0.000069300 0.000084370 0.000070130 0.000068880 0.000066950 0.000039070 0.000033990 0.000046130 0.000043770 0.000040970 0.000044840 0.000068820 0.000061140 0.000068350 0.000044010 0.000045860 0.000080510 0.000109500 
37     0.000043090 0.000044300 0.000062770 0.000067930 0.000057900 0.000043640 0.000033190 0.000023680 0.000030250 0.000025000 0.000030000 0.000030000 0.000023910 0.000025060 0.000027670 0.000033040 0.000000000 0.000010590 0.000009330 0.000012710 0.000008420 0.000006950 0.000014260 0.000041320 0.000035630 0.000051270 0.000061040 0.000066420 0.000071190 0.000055660 0.000067810 0.000066750 0.000059540 0.000062820 0.000077890 0.000063650 0.000062400 0.000060470 0.000032590 0.000027510 0.000039650 0.000037290 0.000034490 0.000038360 0.000062340 0.000054660 0.000061870 0.000037530 0.000039380 0.000074030 0.000103020 
34     0.000051400 0.000052610 0.000071080 0.000076240 0.000066210 0.000051950 0.000041500 0.000031990 0.000038560 0.000033310 0.000038310 0.000038310 0.000032220 0.000033370 0.000035980 0.000041350 0.000010590 0.000000000 0.000017640 0.000021020 0.000016730 0.000015260 0.000022570 0.000049630 0.000043940 0.000059580 0.000069350 0.000074730 0.000079500 0.000063970 0.000076120 0.000075060 0.000067850 0.000071130 0.000086200 0.000071960 0.000070710 0.000068780 0.000040900 0.000035820 0.000047960 0.000045600 0.000042800 0.000046670 0.000070650 0.000062970 0.000070180 0.000045840 0.000047690 0.000082340 0.000111330 
29     0.000046440 0.000047650 0.000066120 0.000071280 0.000061250 0.000046990 0.000036540 0.000027030 0.000033600 0.000028350 0.000033350 0.000033350 0.000027260 0.000028410 0.000031020 0.000036390 0.000009330 0.000017640 0.000000000 0.000001870 0.000011770 0.000010300 0.000017610 0.000044670 0.000038980 0.000054620 0.000064390 0.000069770 0.000074540 0.000059010 0.000071160 0.000070100 0.000062890 0.000066170 0.000081240 0.000067000 0.000065750 0.000063820 0.000035940 0.000030860 0.000043000 0.000040640 0.000037840 0.000041710 0.000065690 0.000058010 0.000065220 0.000040880 0.000042730 0.000077380 0.000106370 
3     0.000049320 0.000050530 0.000069000 0.000074160 0.000064130 0.000049870 0.000039420 0.000029910 0.000036480 0.000031230 0.000036230 0.000036230 0.000030140 0.000031290 0.000033900 0.000039270 0.000012710 0.000021020 0.000001870 0.000000000 0.000009930 0.000013180 0.000020490 0.000047550 0.000041860 0.000057500 0.000067270 0.000072650 0.000077420 0.000061890 0.000074040 0.000072980 0.000065770 0.000069050 0.000084120 0.000069880 0.000068630 0.000066700 0.000038820 0.000033740 0.000045880 0.000043520 0.000040720 0.000044590 0.000068570 0.000060890 0.000068100 0.000043760 0.000045610 0.000080260 0.000109250 
6     0.000045030 0.000046240 0.000064710 0.000069870 0.000059840 0.000045580 0.000035130 0.000025620 0.000032190 0.000026940 0.000031940 0.000031940 0.000025850 0.000027000 0.000029610 0.000034980 0.000008420 0.000016730 0.000011770 0.000009930 0.000000000 0.000008890 0.000016200 0.000043260 0.000037570 0.000053210 0.000062980 0.000068360 0.000073130 0.000057600 0.000069750 0.000068690 0.000061480 0.000064760 0.000079830 0.000065590 0.000064340 0.000062410 0.000034530 0.000029450 0.000041590 0.000039230 0.000036430 0.000040300 0.000064280 0.000056600 0.000063810 0.000039470 0.000041320 0.000075970 0.000104960 
35     0.000042300 0.000043510 0.000061980 0.000067140 0.000057110 0.000042850 0.000032400 0.000022890 0.000029460 0.000024210 0.000029210 0.000029210 0.000023120 0.000024270 0.000026880 0.000032250 0.000006950 0.000015260 0.000010300 0.000013180 0.000008890 0.000000000 0.000013470 0.000040530 0.000034840 0.000050480 0.000060250 0.000065630 0.000070400 0.000054870 0.000067020 0.000065960 0.000058750 0.000062030 0.000077100 0.000062860 0.000061610 0.000059680 0.000031800 0.000026720 0.000038860 0.000036500 0.000033700 0.000037570 0.000061550 0.000053870 0.000061080 0.000036740 0.000038590 0.000073240 0.000102230 
10     0.000049610 0.000050820 0.000069290 0.000074450 0.000064420 0.000050160 0.000039710 0.000030200 0.000036770 0.000031520 0.000036520 0.000036520 0.000030430 0.000031580 0.000034190 0.000039560 0.000014260 0.000022570 0.000017610 0.000020490 0.000016200 0.000013470 0.000000000 0.000047840 0.000042150 0.000057790 0.000067560 0.000072940 0.000077710 0.000062180 0.000074330 0.000073270 0.000066060 0.000069340 0.000084410 0.000070170 0.000068920 0.000066990 0.000039110 0.000034030 0.000046170 0.000043810 0.000041010 0.000044880 0.000068860 0.000061180 0.000068390 0.000044050 0.000045900 0.000080550 0.000109540 
21     0.000048610 0.000049820 0.000068290 0.000073450 0.000063420 0.000049160 0.000048010 0.000038500 0.000045070 0.000039820 0.000044820 0.000044820 0.000038730 0.000039880 0.000042430 0.000047800 0.000041320 0.000049630 0.000044670 0.000047550 0.000043260 0.000040530 0.000047840 0.000000000 0.000021410 0.000056790 0.000066560 0.000071940 0.000076710 0.000061180 0.000073330 0.000072270 0.000065060 0.000068340 0.000083410 0.000069170 0.000067920 0.000065990 0.000038110 0.000033030 0.000045170 0.000042810 0.000040010 0.000043880 0.000067860 0.000060180 0.000067390 0.000043050 0.000044900 0.000079550 0.000108540 
23     0.000042920 0.000044130 0.000062600 0.000067760 0.000057730 0.000043470 0.000042320 0.000032810 0.000039380 0.000034130 0.000039130 0.000039130 0.000033040 0.000034190 0.000036740 0.000042110 0.000035630 0.000043940 0.000038980 0.000041860 0.000037570 0.000034840 0.000042150 0.000021410 0.000000000 0.000051100 0.000060870 0.000066250 0.000071020 0.000055490 0.000067640 0.000066580 0.000059370 0.000062650 0.000077720 0.000063480 0.000062230 0.000060300 0.000032420 0.000027340 0.000039480 0.000037120 0.000034320 0.000038190 0.000062170 0.000054490 0.000061700 0.000037360 0.000039210 0.000073860 0.000102850 
28     0.000023160 0.000024370 0.000042840 0.000048000 0.000037970 0.000023710 0.000057960 0.000048450 0.000055020 0.000049770 0.000054770 0.000054770 0.000048680 0.000049830 0.000052380 0.000057750 0.000051270 0.000059580 0.000054620 0.000057500 0.000053210 0.000050480 0.000057790 0.000056790 0.000051100 0.000000000 0.000015770 0.000036050 0.000040820 0.000025290 0.000040700 0.000039640 0.000032430 0.000035710 0.000050780 0.000036540 0.000035290 0.000033360 0.000035080 0.000030000 0.000042140 0.000039780 0.000036980 0.000040850 0.000064830 0.000057150 0.000064360 0.000040020 0.000041870 0.000054100 0.000100970 
36     0.000032930 0.000034140 0.000052610 0.000057770 0.000047740 0.000033480 0.000067730 0.000058220 0.000064790 0.000059540 0.000064540 0.000064540 0.000058450 0.000059600 0.000062150 0.000067520 0.000061040 0.000069350 0.000064390 0.000067270 0.000062980 0.000060250 0.000067560 0.000066560 0.000060870 0.000015770 0.000000000 0.000045820 0.000050590 0.000035060 0.000050470 0.000049410 0.000042200 0.000045480 0.000060550 0.000046310 0.000045060 0.000043130 0.000044850 0.000039770 0.000051910 0.000049550 0.000046750 0.000050620 0.000074600 0.000066920 0.000074130 0.000049790 0.000051640 0.000063870 0.000110740 
5     0.000038310 0.000039520 0.000057990 0.000063150 0.000053120 0.000038860 0.000073110 0.000063600 0.000070170 0.000064920 0.000069920 0.000069920 0.000063830 0.000064980 0.000067530 0.000072900 0.000066420 0.000074730 0.000069770 0.000072650 0.000068360 0.000065630 0.000072940 0.000071940 0.000066250 0.000036050 0.000045820 0.000000000 0.000033870 0.000000130 0.000055850 0.000054790 0.000047580 0.000050860 0.000065930 0.000051690 0.000050440 0.000048510 0.000050230 0.000045150 0.000057290 0.000054930 0.000052130 0.000056000 0.000079980 0.000072300 0.000079510 0.000055170 0.000057020 0.000069250 0.000116120 
32     0.000043080 0.000044290 0.000062760 0.000067920 0.000057890 0.000043630 0.000077880 0.000068370 0.000074940 0.000069690 0.000074690 0.000074690 0.000068600 0.000069750 0.000072300 0.000077670 0.000071190 0.000079500 0.000074540 0.000077420 0.000073130 0.000070400 0.000077710 0.000076710 0.000071020 0.000040820 0.000050590 0.000033870 0.000000000 0.000022610 0.000060620 0.000059560 0.000052350 0.000055630 0.000070700 0.000056460 0.000055210 0.000053280 0.000055000 0.000049920 0.000062060 0.000059700 0.000056900 0.000060770 0.000084750 0.000077070 0.000084280 0.000059940 0.000061790 0.000074020 0.000120890 
8     0.000027550 0.000028760 0.000047230 0.000052390 0.000042360 0.000028100 0.000062350 0.000052840 0.000059410 0.000054160 0.000059160 0.000059160 0.000053070 0.000054220 0.000056770 0.000062140 0.000055660 0.000063970 0.000059010 0.000061890 0.000057600 0.000054870 0.000062180 0.000061180 0.000055490 0.000025290 0.000035060 0.000000130 0.000022610 0.000000000 0.000045090 0.000044030 0.000036820 0.000040100 0.000055170 0.000040930 0.000039680 0.000037750 0.000039470 0.000034390 0.000046530 0.000044170 0.000041370 0.000045240 0.000069220 0.000061540 0.000068750 0.000044410 0.000046260 0.000058490 0.000105360 
12     0.000039700 0.000040910 0.000059380 0.000064540 0.000054510 0.000040250 0.000074500 0.000064990 0.000071560 0.000066310 0.000071310 0.000071310 0.000065220 0.000066370 0.000068920 0.000074290 0.000067810 0.000076120 0.000071160 0.000074040 0.000069750 0.000067020 0.000074330 0.000073330 0.000067640 0.000040700 0.000050470 0.000055850 0.000060620 0.000045090 0.000000000 0.000002960 0.000038590 0.000034850 0.000056940 0.000035680 0.000034430 0.000036780 0.000051620 0.000046540 0.000058680 0.000056320 0.000053520 0.000057390 0.000081370 0.000073690 0.000080900 0.000056560 0.000058410 0.000070640 0.000117510 
26     0.000038640 0.000039850 0.000058320 0.000063480 0.000053450 0.000039190 0.000073440 0.000063930 0.000070500 0.000065250 0.000070250 0.000070250 0.000064160 0.000065310 0.000067860 0.000073230 0.000066750 0.000075060 0.000070100 0.000072980 0.000068690 0.000065960 0.000073270 0.000072270 0.000066580 0.000039640 0.000049410 0.000054790 0.000059560 0.000044030 0.000002960 0.000000000 0.000037530 0.000033790 0.000055880 0.000034620 0.000033370 0.000038460 0.000050560 0.000045480 0.000057620 0.000055260 0.000052460 0.000056330 0.000080310 0.000072630 0.000079840 0.000055500 0.000057350 0.000069580 0.000116450 
27     0.000031430 0.000032640 0.000051110 0.000056270 0.000046240 0.000031980 0.000066230 0.000056720 0.000063290 0.000058040 0.000063040 0.000063040 0.000056950 0.000058100 0.000060650 0.000066020 0.000059540 0.000067850 0.000062890 0.000065770 0.000061480 0.000058750 0.000066060 0.000065060 0.000059370 0.000032430 0.000042200 0.000047580 0.000052350 0.000036820 0.000038590 0.000037530 0.000000000 0.000033600 0.000028670 0.000034430 0.000033180 0.000011250 0.000043350 0.000038270 0.000050410 0.000048050 0.000045250 0.000049120 0.000073100 0.000065420 0.000072630 0.000048290 0.000050140 0.000062370 0.000109240 
15     0.000034710 0.000035920 0.000054390 0.000059550 0.000049520 0.000035260 0.000069510 0.000060000 0.000066570 0.000061320 0.000066320 0.000066320 0.000060230 0.000061380 0.000063930 0.000069300 0.000062820 0.000071130 0.000066170 0.000069050 0.000064760 0.000062030 0.000069340 0.000068340 0.000062650 0.000035710 0.000045480 0.000050860 0.000055630 0.000040100 0.000034850 0.000033790 0.000033600 0.000000000 0.000047650 0.000002670 0.000010120 0.000034530 0.000046630 0.000041550 0.000053690 0.000051330 0.000048530 0.000052400 0.000076380 0.000068700 0.000075910 0.000051570 0.000053420 0.000065650 0.000112520 
16     0.000049780 0.000050990 0.000069460 0.000074620 0.000064590 0.000050330 0.000084580 0.000075070 0.000081640 0.000076390 0.000081390 0.000081390 0.000075300 0.000076450 0.000079000 0.000084370 0.000077890 0.000086200 0.000081240 0.000084120 0.000079830 0.000077100 0.000084410 0.000083410 0.000077720 0.000050780 0.000060550 0.000065930 0.000070700 0.000055170 0.000056940 0.000055880 0.000028670 0.000047650 0.000000000 0.000026220 0.000051530 0.000012370 0.000061700 0.000056620 0.000068760 0.000066400 0.000063600 0.000067470 0.000091450 0.000083770 0.000090980 0.000066640 0.000068490 0.000080720 0.000127590 
11     0.000035540 0.000036750 0.000055220 0.000060380 0.000050350 0.000036090 0.000070340 0.000060830 0.000067400 0.000062150 0.000067150 0.000067150 0.000061060 0.000062210 0.000064760 0.000070130 0.000063650 0.000071960 0.000067000 0.000069880 0.000065590 0.000062860 0.000070170 0.000069170 0.000063480 0.000036540 0.000046310 0.000051690 0.000056460 0.000040930 0.000035680 0.000034620 0.000034430 0.000002670 0.000026220 0.000000000 0.000010950 0.000035360 0.000047460 0.000042380 0.000054520 0.000052160 0.000049360 0.000053230 0.000077210 0.000069530 0.000076740 0.000052400 0.000054250 0.000066480 0.000113350 
9     0.000034290 0.000035500 0.000053970 0.000059130 0.000049100 0.000034840 0.000069090 0.000059580 0.000066150 0.000060900 0.000065900 0.000065900 0.000059810 0.000060960 0.000063510 0.000068880 0.000062400 0.000070710 0.000065750 0.000068630 0.000064340 0.000061610 0.000068920 0.000067920 0.000062230 0.000035290 0.000045060 0.000050440 0.000055210 0.000039680 0.000034430 0.000033370 0.000033180 0.000010120 0.000051530 0.000010950 0.000000000 0.000034110 0.000046210 0.000041130 0.000053270 0.000050910 0.000048110 0.000051980 0.000075960 0.000068280 0.000075490 0.000051150 0.000053000 0.000065230 0.000112100 
18     0.000032360 0.000033570 0.000052040 0.000057200 0.000047170 0.000032910 0.000067160 0.000057650 0.000064220 0.000058970 0.000063970 0.000063970 0.000057880 0.000059030 0.000061580 0.000066950 0.000060470 0.000068780 0.000063820 0.000066700 0.000062410 0.000059680 0.000066990 0.000065990 0.000060300 0.000033360 0.000043130 0.000048510 0.000053280 0.000037750 0.000036780 0.000038460 0.000011250 0.000034530 0.000012370 0.000035360 0.000034110 0.000000000 0.000044280 0.000039200 0.000051340 0.000048980 0.000046180 0.000050050 0.000074030 0.000066350 0.000073560 0.000049220 0.000051070 0.000063300 0.000110170 
48     0.000026900 0.000028110 0.000046580 0.000051740 0.000041710 0.000027450 0.000039280 0.000029770 0.000036340 0.000031090 0.000036090 0.000036090 0.000030000 0.000031150 0.000033700 0.000039070 0.000032590 0.000040900 0.000035940 0.000038820 0.000034530 0.000031800 0.000039110 0.000038110 0.000032420 0.000035080 0.000044850 0.000050230 0.000055000 0.000039470 0.000051620 0.000050560 0.000043350 0.000046630 0.000061700 0.000047460 0.000046210 0.000044280 0.000000000 0.000000010 0.000020100 0.000017740 0.000014940 0.000018810 0.000042790 0.000035110 0.000042320 0.000017980 0.000019830 0.000057840 0.000086830 
50     0.000021820 0.000023030 0.000041500 0.000046660 0.000036630 0.000022370 0.000034200 0.000024690 0.000031260 0.000026010 0.000031010 0.000031010 0.000024920 0.000026070 0.000028620 0.000033990 0.000027510 0.000035820 0.000030860 0.000033740 0.000029450 0.000026720 0.000034030 0.000033030 0.000027340 0.000030000 0.000039770 0.000045150 0.000049920 0.000034390 0.000046540 0.000045480 0.000038270 0.000041550 0.000056620 0.000042380 0.000041130 0.000039200 0.000000010 0.000000000 0.000015020 0.000012660 0.000009860 0.000013730 0.000037710 0.000030030 0.000037240 0.000012900 0.000014750 0.000052760 0.000081750 
39     0.000033960 0.000035170 0.000053640 0.000058800 0.000048770 0.000034510 0.000046340 0.000036830 0.000043400 0.000038150 0.000043150 0.000043150 0.000037060 0.000038210 0.000040760 0.000046130 0.000039650 0.000047960 0.000043000 0.000045880 0.000041590 0.000038860 0.000046170 0.000045170 0.000039480 0.000042140 0.000051910 0.000057290 0.000062060 0.000046530 0.000058680 0.000057620 0.000050410 0.000053690 0.000068760 0.000054520 0.000053270 0.000051340 0.000020100 0.000015020 0.000000000 0.000008260 0.000021180 0.000025050 0.000049030 0.000041350 0.000048560 0.000024220 0.000026070 0.000064900 0.000093890 
46     0.000031600 0.000032810 0.000051280 0.000056440 0.000046410 0.000032150 0.000043980 0.000034470 0.000041040 0.000035790 0.000040790 0.000040790 0.000034700 0.000035850 0.000038400 0.000043770 0.000037290 0.000045600 0.000040640 0.000043520 0.000039230 0.000036500 0.000043810 0.000042810 0.000037120 0.000039780 0.000049550 0.000054930 0.000059700 0.000044170 0.000056320 0.000055260 0.000048050 0.000051330 0.000066400 0.000052160 0.000050910 0.000048980 0.000017740 0.000012660 0.000008260 0.000000000 0.000018820 0.000022690 0.000046670 0.000038990 0.000046200 0.000021860 0.000023710 0.000062540 0.000091530 
49     0.000028800 0.000030010 0.000048480 0.000053640 0.000043610 0.000029350 0.000041180 0.000031670 0.000038240 0.000032990 0.000037990 0.000037990 0.000031900 0.000033050 0.000035600 0.000040970 0.000034490 0.000042800 0.000037840 0.000040720 0.000036430 0.000033700 0.000041010 0.000040010 0.000034320 0.000036980 0.000046750 0.000052130 0.000056900 0.000041370 0.000053520 0.000052460 0.000045250 0.000048530 0.000063600 0.000049360 0.000048110 0.000046180 0.000014940 0.000009860 0.000021180 0.000018820 0.000000000 0.000004010 0.000034870 0.000027190 0.000034400 0.000012080 0.000013930 0.000059740 0.000088730 
42     0.000032670 0.000033880 0.000052350 0.000057510 0.000047480 0.000033220 0.000045050 0.000035540 0.000042110 0.000036860 0.000041860 0.000041860 0.000035770 0.000036920 0.000039470 0.000044840 0.000038360 0.000046670 0.000041710 0.000044590 0.000040300 0.000037570 0.000044880 0.000043880 0.000038190 0.000040850 0.000050620 0.000056000 0.000060770 0.000045240 0.000057390 0.000056330 0.000049120 0.000052400 0.000067470 0.000053230 0.000051980 0.000050050 0.000018810 0.000013730 0.000025050 0.000022690 0.000004010 0.000000000 0.000038740 0.000031060 0.000038270 0.000015950 0.000017800 0.000063610 0.000092600 
47     0.000056650 0.000057860 0.000076330 0.000081490 0.000071460 0.000057200 0.000069030 0.000059520 0.000066090 0.000060840 0.000065840 0.000065840 0.000059750 0.000060900 0.000063450 0.000068820 0.000062340 0.000070650 0.000065690 0.000068570 0.000064280 0.000061550 0.000068860 0.000067860 0.000062170 0.000064830 0.000074600 0.000079980 0.000084750 0.000069220 0.000081370 0.000080310 0.000073100 0.000076380 0.000091450 0.000077210 0.000075960 0.000074030 0.000042790 0.000037710 0.000049030 0.000046670 0.000034870 0.000038740 0.000000000 0.000013980 0.000002750 0.000039930 0.000041780 0.000087590 0.000116580 
44     0.000048970 0.000050180 0.000068650 0.000073810 0.000063780 0.000049520 0.000061350 0.000051840 0.000058410 0.000053160 0.000058160 0.000058160 0.000052070 0.000053220 0.000055770 0.000061140 0.000054660 0.000062970 0.000058010 0.000060890 0.000056600 0.000053870 0.000061180 0.000060180 0.000054490 0.000057150 0.000066920 0.000072300 0.000077070 0.000061540 0.000073690 0.000072630 0.000065420 0.000068700 0.000083770 0.000069530 0.000068280 0.000066350 0.000035110 0.000030030 0.000041350 0.000038990 0.000027190 0.000031060 0.000013980 0.000000000 0.000023610 0.000032250 0.000034100 0.000079910 0.000108900 
45     0.000056180 0.000057390 0.000075860 0.000081020 0.000070990 0.000056730 0.000068560 0.000059050 0.000065620 0.000060370 0.000065370 0.000065370 0.000059280 0.000060430 0.000062980 0.000068350 0.000061870 0.000070180 0.000065220 0.000068100 0.000063810 0.000061080 0.000068390 0.000067390 0.000061700 0.000064360 0.000074130 0.000079510 0.000084280 0.000068750 0.000080900 0.000079840 0.000072630 0.000075910 0.000090980 0.000076740 0.000075490 0.000073560 0.000042320 0.000037240 0.000048560 0.000046200 0.000034400 0.000038270 0.000002750 0.000023610 0.000000000 0.000039460 0.000041310 0.000087120 0.000116110 
41     0.000031840 0.000033050 0.000051520 0.000056680 0.000046650 0.000032390 0.000044220 0.000034710 0.000041280 0.000036030 0.000041030 0.000041030 0.000034940 0.000036090 0.000038640 0.000044010 0.000037530 0.000045840 0.000040880 0.000043760 0.000039470 0.000036740 0.000044050 0.000043050 0.000037360 0.000040020 0.000049790 0.000055170 0.000059940 0.000044410 0.000056560 0.000055500 0.000048290 0.000051570 0.000066640 0.000052400 0.000051150 0.000049220 0.000017980 0.000012900 0.000024220 0.000021860 0.000012080 0.000015950 0.000039930 0.000032250 0.000039460 0.000000000 0.000010430 0.000062780 0.000091770 
40     0.000033690 0.000034900 0.000053370 0.000058530 0.000048500 0.000034240 0.000046070 0.000036560 0.000043130 0.000037880 0.000042880 0.000042880 0.000036790 0.000037940 0.000040490 0.000045860 0.000039380 0.000047690 0.000042730 0.000045610 0.000041320 0.000038590 0.000045900 0.000044900 0.000039210 0.000041870 0.000051640 0.000057020 0.000061790 0.000046260 0.000058410 0.000057350 0.000050140 0.000053420 0.000068490 0.000054250 0.000053000 0.000051070 0.000019830 0.000014750 0.000026070 0.000023710 0.000013930 0.000017800 0.000041780 0.000034100 0.000041310 0.000010430 0.000000000 0.000064630 0.000093620 
43     0.000045580 0.000046790 0.000065260 0.000070420 0.000060390 0.000046130 0.000080720 0.000071210 0.000077780 0.000072530 0.000077530 0.000077530 0.000071440 0.000072590 0.000075140 0.000080510 0.000074030 0.000082340 0.000077380 0.000080260 0.000075970 0.000073240 0.000080550 0.000079550 0.000073860 0.000054100 0.000063870 0.000069250 0.000074020 0.000058490 0.000070640 0.000069580 0.000062370 0.000065650 0.000080720 0.000066480 0.000065230 0.000063300 0.000057840 0.000052760 0.000064900 0.000062540 0.000059740 0.000063610 0.000087590 0.000079910 0.000087120 0.000062780 0.000064630 0.000000000 0.000123730 
0     0.000092790 0.000094000 0.000112470 0.000117630 0.000107600 0.000093340 0.000109710 0.000100200 0.000106770 0.000101520 0.000106520 0.000106520 0.000100430 0.000101580 0.000104130 0.000109500 0.000103020 0.000111330 0.000106370 0.000109250 0.000104960 0.000102230 0.000109540 0.000108540 0.000102850 0.000100970 0.000110740 0.000116120 0.000120890 0.000105360 0.000117510 0.000116450 0.000109240 0.000112520 0.000127590 0.000113350 0.000112100 0.000110170 0.000086830 0.000081750 0.000093890 0.000091530 0.000088730 0.000092600 0.000116580 0.000108900 0.000116110 0.000091770 0.000093620 0.000123730 0.000000000 
