51
11     0.000000000 0.272969382 0.284349406 0.564695437 0.602422174 0.603659440 0.561913971 0.559120971 0.747433161 0.691072353 0.688154779 0.597939958 0.583683635 0.712674562 0.543417467 0.544990694 0.569627652 0.539224994 0.832067640 0.802469105 0.659404545 0.701983683 0.626536254 0.646946960 0.658260419 0.694009980 0.705941802 0.661812778 0.717550675 0.744413450 0.770390211 0.700482557 0.644312015 0.710724499 0.703725552 0.644098186 0.676875666 0.875816324 0.867262996 0.870367122 0.716717842 0.698762263 0.686132445 0.675117329 0.689687827 0.693836106 0.805115963 0.665240834 0.752987718 0.653710991 0.987659409 
17     0.272969382 0.000000000 0.068918406 0.562711433 0.600438171 0.601675436 0.559929968 0.557136968 0.745325775 0.688964967 0.686047393 0.595832572 0.581576640 0.709997795 0.541447627 0.543020854 0.567661631 0.537258973 0.829918219 0.800319684 0.657172371 0.699740779 0.624299532 0.644710237 0.656024136 0.691777805 0.703709627 0.659580603 0.715318500 0.742181275 0.768158036 0.698250383 0.642079840 0.708492324 0.701493377 0.641866012 0.674643492 0.873584149 0.865030821 0.868134948 0.713567430 0.695611851 0.682729364 0.671457662 0.686028160 0.691514305 0.802794162 0.662919033 0.750665917 0.651389190 0.985466361 
37     0.284349406 0.068918406 0.000000000 0.568045925 0.605772662 0.607009928 0.565264459 0.562471459 0.750666994 0.694306187 0.691388612 0.601173791 0.586917859 0.715339014 0.546788846 0.548362073 0.573002851 0.542600192 0.835243059 0.805644524 0.662511456 0.705079864 0.629638617 0.650049322 0.661363221 0.697116890 0.709048712 0.664919689 0.720657585 0.747520361 0.773497121 0.703589468 0.647418925 0.713831410 0.706832462 0.647205097 0.679982577 0.878923234 0.870369906 0.873474033 0.718858827 0.700903248 0.688020761 0.676675221 0.691245719 0.696739243 0.808019100 0.668114782 0.755861666 0.656496485 0.990816777 
30     0.564695437 0.562711433 0.568045925 0.000000000 0.089837936 0.091364252 0.049206540 0.046838632 0.395596561 0.339283922 0.336402862 0.246179400 0.231443745 0.360506121 0.192900173 0.194473400 0.220272909 0.189813318 0.485547165 0.455833891 0.312504644 0.354783904 0.279336475 0.299747180 0.311060640 0.347569233 0.359501056 0.315376170 0.371114066 0.397901932 0.423949464 0.354038055 0.297867512 0.364279997 0.357281049 0.297641431 0.330418911 0.530290505 0.520815604 0.523919730 0.369410255 0.351454676 0.338813010 0.329053948 0.343624446 0.346553902 0.457833759 0.317958630 0.405705514 0.306428787 0.641027709 
14     0.602422174 0.600438171 0.605772662 0.089837936 0.000000000 0.082517057 0.059458839 0.057461634 0.433322910 0.377010272 0.374129212 0.283905749 0.269202385 0.398232470 0.230614953 0.232188180 0.257996820 0.227537229 0.523286082 0.493572808 0.350243561 0.392522821 0.317075392 0.337486097 0.348799556 0.385308150 0.397239972 0.353115086 0.408852983 0.435640849 0.461688381 0.391776971 0.335606429 0.402018913 0.395019966 0.335380347 0.368157827 0.568029421 0.558554520 0.561658647 0.407149172 0.389193593 0.376551927 0.366792864 0.381363362 0.384292819 0.495572676 0.355697547 0.443444431 0.344167703 0.678766626 
26     0.603659440 0.601675436 0.607009928 0.091364252 0.082517057 0.000000000 0.062760842 0.059664214 0.434559778 0.378247140 0.375366080 0.285142617 0.270406962 0.399469338 0.231860952 0.233434179 0.259233688 0.228774097 0.524511065 0.494797791 0.351468543 0.393747803 0.318300374 0.338711080 0.350024539 0.386533133 0.398464955 0.354340069 0.410077966 0.436865831 0.462913364 0.393001954 0.336831412 0.403243896 0.396244948 0.336605330 0.369382810 0.569254404 0.559779503 0.562883630 0.408374155 0.390418576 0.377776910 0.368017847 0.382588345 0.385517802 0.496797659 0.356922530 0.444669414 0.345392686 0.679991609 
39     0.561913971 0.559929968 0.565264459 0.049206540 0.059458839 0.062760842 0.000000000 0.012292167 0.392814310 0.336501671 0.333620612 0.243397149 0.228693785 0.357723870 0.190115484 0.191688711 0.217488220 0.187028629 0.482765597 0.453052323 0.309723075 0.352002335 0.276554906 0.296965612 0.308279071 0.344787665 0.356719487 0.312594601 0.368332498 0.395120363 0.421167896 0.351256486 0.295085944 0.361498428 0.354499480 0.294859862 0.327637342 0.527508936 0.518034035 0.521138161 0.366628687 0.348673107 0.336031441 0.326272379 0.340842877 0.343772333 0.455052191 0.315177062 0.402923946 0.303647218 0.638246141 
31     0.559120971 0.557136968 0.562471459 0.046838632 0.057461634 0.059664214 0.012292167 0.000000000 0.390021310 0.333708671 0.330827611 0.240604148 0.225900785 0.354930869 0.187322484 0.188895711 0.214695220 0.184235629 0.479972596 0.450259322 0.306930075 0.349209335 0.273761906 0.294172611 0.305486071 0.341994664 0.353926486 0.309801601 0.365539497 0.392327363 0.418374895 0.348463486 0.292292943 0.358705428 0.351706480 0.292066862 0.324844342 0.524715936 0.515241035 0.518345161 0.363835686 0.345880107 0.333238441 0.323479379 0.338049877 0.340979333 0.452259190 0.312384061 0.400130945 0.300854218 0.635453140 
2     0.747433161 0.745325775 0.750666994 0.395596561 0.433322910 0.434559778 0.392814310 0.390021310 0.000000000 0.237616108 0.247888989 0.236203314 0.363617902 0.492702297 0.360239960 0.361813223 0.385844796 0.355371682 0.667763217 0.637943740 0.494146792 0.536454027 0.461007372 0.481417303 0.492716663 0.529136099 0.541067921 0.496943035 0.552680932 0.579066049 0.605516330 0.535754310 0.479583768 0.545996252 0.538997305 0.479387586 0.512165066 0.712532517 0.702531859 0.705635986 0.551778883 0.533823496 0.521176155 0.511417092 0.525987590 0.528923466 0.640206490 0.500331361 0.588086007 0.488801517 0.821080876 
40     0.691072353 0.688964967 0.694306187 0.339283922 0.377010272 0.378247140 0.336501671 0.333708671 0.237616108 0.000000000 0.194662954 0.177574305 0.307135667 0.436692599 0.303729569 0.305302831 0.329363313 0.298861081 0.611393488 0.581574011 0.437777064 0.480084298 0.404637643 0.425047575 0.436346935 0.472766371 0.484698193 0.440573307 0.496311204 0.522696321 0.549146601 0.479384582 0.423214040 0.489626524 0.482627576 0.423017858 0.455795338 0.656162788 0.646162131 0.649266257 0.495409155 0.477453768 0.464806426 0.455047364 0.469617862 0.472553738 0.583836762 0.443961633 0.531716279 0.432431789 0.764711147 
16     0.688154779 0.686047393 0.691388612 0.336402862 0.374129212 0.375366080 0.333620612 0.330827611 0.247888989 0.194662954 0.000000000 0.177402174 0.304424319 0.433991032 0.300841425 0.302414688 0.326489376 0.295986353 0.608500150 0.578680673 0.435010931 0.477343034 0.401895605 0.422306310 0.433619770 0.469985744 0.481917567 0.437792681 0.493530578 0.519915695 0.546365975 0.476603956 0.420433413 0.486845898 0.479846950 0.420206533 0.452984013 0.653351463 0.643381505 0.646485631 0.492539974 0.474584394 0.461942728 0.452183666 0.466754164 0.469668566 0.580951590 0.441076461 0.528831107 0.429546617 0.761817810 
20     0.597939958 0.595832572 0.601173791 0.246179400 0.283905749 0.285142617 0.243397149 0.240604148 0.236203314 0.177574305 0.177402174 0.000000000 0.213728547 0.343137087 0.210471479 0.212044742 0.236105556 0.205598500 0.518426123 0.488606646 0.345076891 0.387428602 0.311981173 0.332391878 0.343705338 0.379796978 0.391728800 0.347603915 0.403341811 0.429209390 0.456187458 0.386440550 0.330263752 0.396682476 0.389683528 0.330005226 0.362782706 0.562526156 0.553229443 0.556333570 0.402370580 0.384415001 0.371773335 0.362014272 0.376584770 0.379499172 0.490782196 0.350907067 0.438661713 0.339377223 0.671651694 
22     0.583683635 0.581576640 0.586917859 0.231443745 0.269202385 0.270406962 0.228693785 0.225900785 0.363617902 0.307135667 0.304424319 0.213728547 0.000000000 0.317052369 0.196379738 0.197953001 0.222308077 0.191992575 0.503880760 0.473962411 0.330961164 0.373279193 0.297831764 0.318242469 0.329555929 0.366045190 0.377977012 0.333852126 0.389590023 0.416347484 0.442425421 0.372716437 0.316545895 0.382958379 0.375959431 0.316319014 0.349096494 0.548958879 0.539493986 0.542598113 0.388235763 0.370280184 0.357641267 0.347882204 0.362452702 0.365364350 0.476647379 0.336772250 0.424526896 0.325242406 0.659159638 
25     0.712674562 0.709997795 0.715339014 0.360506121 0.398232470 0.399469338 0.357723870 0.354930869 0.492702297 0.436692599 0.433991032 0.343137087 0.317052369 0.000000000 0.325942921 0.327516183 0.352454974 0.322178866 0.633455451 0.604092861 0.460902136 0.503195417 0.427747988 0.448158693 0.459472153 0.495697873 0.507629695 0.463504809 0.519242706 0.546000168 0.572078104 0.502390687 0.446220144 0.512632629 0.505633681 0.445993264 0.478770744 0.678633128 0.669168236 0.672272362 0.517830820 0.499875240 0.487236323 0.477477261 0.492047759 0.494949046 0.606237402 0.466362273 0.554116920 0.454832430 0.789343729 
7     0.543417467 0.541447627 0.546788846 0.192900173 0.230614953 0.231860952 0.190115484 0.187322484 0.360239960 0.303729569 0.300841425 0.210471479 0.196379738 0.325942921 0.000000000 0.027400106 0.161982232 0.131664415 0.465553982 0.435487995 0.292634644 0.334915220 0.259467791 0.279878496 0.291191956 0.327524011 0.339455834 0.295306624 0.351044521 0.377917023 0.403904242 0.334107236 0.277936694 0.344349178 0.337350231 0.277599998 0.310451639 0.510352568 0.500887675 0.503991802 0.349497444 0.331541865 0.318733619 0.308974556 0.323545054 0.326628139 0.437909214 0.298034085 0.385788731 0.286504241 0.620979243 
8     0.544990694 0.543020854 0.548362073 0.194473400 0.232188180 0.233434179 0.191688711 0.188895711 0.361813223 0.305302831 0.302414688 0.212044742 0.197953001 0.327516183 0.027400106 0.000000000 0.163552070 0.133234253 0.467127209 0.437061223 0.294207872 0.336488447 0.261041018 0.281451724 0.292765183 0.329097239 0.341029061 0.296879852 0.352617748 0.379490251 0.405477470 0.335680464 0.279509921 0.345922406 0.338923458 0.279173226 0.312024867 0.511925795 0.502460902 0.505565029 0.351070672 0.333115092 0.320268961 0.310509898 0.325080396 0.328201367 0.439482441 0.299607312 0.387361959 0.288077469 0.622552470 
32     0.569627652 0.567661631 0.573002851 0.220272909 0.257996820 0.259233688 0.217488220 0.214695220 0.385844796 0.329363313 0.326489376 0.236105556 0.222308077 0.352454974 0.161982232 0.163552070 0.000000000 0.123215397 0.492426483 0.462615847 0.319547247 0.361827823 0.286380394 0.306791099 0.318104558 0.353795829 0.365727651 0.321552427 0.377290324 0.404162826 0.430176060 0.360377579 0.304207036 0.370619521 0.363620573 0.303710463 0.336626620 0.536572437 0.527165270 0.530269396 0.375924887 0.357969308 0.345278551 0.335519488 0.350089986 0.353056235 0.464336657 0.324461528 0.412216174 0.312931685 0.647508544 
35     0.539224994 0.537258973 0.542600192 0.189813318 0.227537229 0.228774097 0.187028629 0.184235629 0.355371682 0.298861081 0.295986353 0.205598500 0.191992575 0.322178866 0.131664415 0.133234253 0.123215397 0.000000000 0.461347666 0.431382846 0.288980189 0.331329084 0.255881655 0.276292360 0.287605820 0.323312151 0.335243973 0.291065367 0.346803264 0.373675766 0.399692382 0.329843052 0.273672455 0.340084994 0.333086046 0.273004003 0.306152388 0.506130791 0.496623848 0.499727974 0.345330932 0.327375353 0.314684595 0.304925532 0.319496030 0.322462279 0.433742702 0.293867573 0.381622219 0.282337729 0.616894620 
4     0.832067640 0.829918219 0.835243059 0.485547165 0.523286082 0.524511065 0.482765597 0.479972596 0.667763217 0.611393488 0.608500150 0.518426123 0.503880760 0.633455451 0.465553982 0.467127209 0.492426483 0.461347666 0.000000000 0.311002042 0.533386685 0.576227930 0.500780501 0.521184261 0.532504666 0.567300763 0.579232585 0.535113133 0.590851030 0.617725180 0.643565224 0.574653860 0.518483317 0.584895802 0.577896854 0.518753126 0.551145390 0.751143649 0.741516694 0.744620821 0.604312085 0.586356506 0.571868145 0.562058665 0.576629163 0.581859968 0.693139708 0.553200989 0.640947873 0.541671146 0.875548348 
13     0.802469105 0.800319684 0.805644524 0.455833891 0.493572808 0.494797791 0.453052323 0.450259322 0.637943740 0.581574011 0.578680673 0.488606646 0.473962411 0.604092861 0.435487995 0.437061223 0.462615847 0.431382846 0.311002042 0.000000000 0.503993138 0.546628263 0.471180834 0.491584594 0.502904999 0.538423692 0.550355514 0.506236062 0.561973958 0.588848109 0.614688153 0.544805745 0.488635203 0.555047687 0.548048740 0.488905012 0.521297275 0.721295534 0.711668242 0.714772369 0.574501413 0.556545834 0.541904831 0.532095351 0.546665849 0.552102565 0.663382304 0.523443585 0.611190470 0.511913742 0.845853061 
6     0.659404545 0.657172371 0.662511456 0.312504644 0.350243561 0.351468543 0.309723075 0.306930075 0.494146792 0.437777064 0.435010931 0.345076891 0.330961164 0.460902136 0.292634644 0.294207872 0.319547247 0.288980189 0.533386685 0.503993138 0.000000000 0.239363018 0.164014288 0.184444746 0.195581878 0.278325230 0.290292931 0.246562106 0.302335881 0.329372039 0.354578880 0.286123596 0.229855857 0.296295197 0.289296249 0.229900979 0.262229160 0.462293450 0.453547023 0.456651150 0.432223810 0.414268230 0.401645408 0.391850988 0.406421486 0.409391897 0.520627855 0.380711838 0.468413786 0.369181995 0.700578976 
36     0.701983683 0.699740779 0.705079864 0.354783904 0.392522821 0.393747803 0.352002335 0.349209335 0.536454027 0.480084298 0.477343034 0.387428602 0.373279193 0.503195417 0.334915220 0.336488447 0.361827823 0.331329084 0.576227930 0.546628263 0.239363018 0.000000000 0.137115821 0.157617281 0.169352809 0.322339842 0.334307543 0.290216355 0.345945652 0.373210949 0.398184370 0.328919365 0.272696483 0.339135823 0.332136875 0.273263882 0.305592064 0.505526601 0.497075843 0.500179969 0.474703168 0.456747588 0.444124766 0.434330346 0.448900844 0.452108972 0.563306359 0.423434807 0.511136754 0.411904963 0.742804226 
34     0.626536254 0.624299532 0.629638617 0.279336475 0.317075392 0.318300374 0.276554906 0.273761906 0.461007372 0.404637643 0.401895605 0.311981173 0.297831764 0.427747988 0.259467791 0.261041018 0.286380394 0.255881655 0.500780501 0.471180834 0.164014288 0.137115821 0.000000000 0.048813864 0.092687371 0.246977598 0.258945298 0.214854110 0.270583408 0.297848704 0.322822125 0.253557088 0.197334206 0.263773545 0.256774598 0.197901638 0.230229819 0.430164356 0.421713565 0.424817692 0.399255739 0.381300160 0.368677337 0.358882918 0.373453415 0.376661543 0.487858930 0.347987378 0.435689325 0.336457534 0.667356797 
10     0.646946960 0.644710237 0.650049322 0.299747180 0.337486097 0.338711080 0.296965612 0.294172611 0.481417303 0.425047575 0.422306310 0.332391878 0.318242469 0.448158693 0.279878496 0.281451724 0.306791099 0.276292360 0.521184261 0.491584594 0.184444746 0.157617281 0.048813864 0.000000000 0.113019153 0.267368472 0.279336172 0.235279320 0.291008617 0.318273914 0.343212999 0.273947962 0.217725080 0.284164420 0.277165472 0.218292512 0.250620693 0.450555230 0.442104439 0.445208566 0.419659275 0.401703696 0.389080874 0.379286454 0.393856952 0.397065079 0.508262467 0.368390914 0.456092862 0.356861071 0.687760557 
38     0.658260419 0.656024136 0.661363221 0.311060640 0.348799556 0.350024539 0.308279071 0.305486071 0.492716663 0.436346935 0.433619770 0.343705338 0.329555929 0.459472153 0.291191956 0.292765183 0.318104558 0.287605820 0.532504666 0.502904999 0.195581878 0.169352809 0.092687371 0.113019153 0.000000000 0.278753334 0.290721035 0.246629847 0.302359144 0.329624441 0.354597862 0.285332857 0.229109975 0.295549315 0.288550367 0.229656089 0.261984270 0.461918807 0.453468049 0.456572175 0.430979904 0.413024324 0.400401502 0.390607082 0.405177580 0.408385707 0.519583095 0.379711543 0.467413490 0.368181699 0.699080962 
3     0.694009980 0.691777805 0.697116890 0.347569233 0.385308150 0.386533133 0.344787665 0.341994664 0.529136099 0.472766371 0.469985744 0.379796978 0.366045190 0.495697873 0.327524011 0.329097239 0.353795829 0.323312151 0.567300763 0.538423692 0.278325230 0.322339842 0.246977598 0.267368472 0.278753334 0.000000000 0.104557721 0.137705633 0.194616415 0.221421963 0.248918813 0.238343722 0.182380397 0.248455526 0.241455798 0.183188220 0.215374308 0.413997539 0.404531331 0.407631677 0.466113869 0.448158290 0.435535467 0.425741048 0.440311546 0.443519697 0.554665204 0.414811912 0.502472921 0.403282068 0.733943018 
33     0.705941802 0.703709627 0.709048712 0.359501056 0.397239972 0.398464955 0.356719487 0.353926486 0.541067921 0.484698193 0.481917567 0.391728800 0.377977012 0.507629695 0.339455834 0.341029061 0.365727651 0.335243973 0.579232585 0.550355514 0.290292931 0.334307543 0.258945298 0.279336172 0.290721035 0.104557721 0.000000000 0.149886104 0.206189228 0.233081638 0.260406657 0.250069519 0.194106194 0.260181323 0.253181595 0.194827825 0.227013914 0.425637145 0.416176565 0.419204570 0.478045691 0.460090112 0.447467290 0.437672870 0.452243368 0.455451519 0.566597026 0.426743734 0.514360237 0.415213891 0.745874840 
21     0.661812778 0.659580603 0.664919689 0.315376170 0.353115086 0.354340069 0.312594601 0.309801601 0.496943035 0.440573307 0.437792681 0.347603915 0.333852126 0.463504809 0.295306624 0.296879852 0.321552427 0.291065367 0.535113133 0.506236062 0.246562106 0.290216355 0.214854110 0.235279320 0.246629847 0.137705633 0.149886104 0.000000000 0.095691385 0.123468116 0.217444900 0.206771374 0.150813372 0.216871335 0.209871606 0.151382070 0.183550073 0.382262425 0.372487952 0.375515958 0.433927292 0.415971713 0.403348891 0.393554471 0.408124969 0.411333120 0.522486298 0.382620615 0.470281592 0.371090772 0.701759410 
15     0.717550675 0.715318500 0.720657585 0.371114066 0.408852983 0.410077966 0.368332498 0.365539497 0.552680932 0.496311204 0.493530578 0.403341811 0.389590023 0.519242706 0.351044521 0.352617748 0.377290324 0.346803264 0.590851030 0.561973958 0.302335881 0.345945652 0.270583408 0.291008617 0.302359144 0.194616415 0.206189228 0.095691385 0.000000000 0.124465981 0.272313650 0.262288636 0.206330634 0.272388597 0.265388869 0.206918715 0.239086718 0.437807105 0.428022157 0.431050163 0.489665189 0.471709610 0.459086787 0.449292368 0.463862866 0.467071017 0.578224195 0.438358512 0.526019489 0.426828668 0.757497307 
1     0.744413450 0.742181275 0.747520361 0.397901932 0.435640849 0.436865831 0.395120363 0.392327363 0.579066049 0.522696321 0.519915695 0.429209390 0.416347484 0.546000168 0.377917023 0.379490251 0.404162826 0.373675766 0.617725180 0.588848109 0.329372039 0.373210949 0.297848704 0.318273914 0.329624441 0.221421963 0.233081638 0.123468116 0.124465981 0.000000000 0.299549803 0.289525734 0.233567733 0.299625695 0.292625967 0.234155814 0.266323816 0.465044204 0.455312899 0.458340905 0.516607000 0.498651421 0.486028598 0.476234179 0.490804677 0.494012828 0.605166006 0.465300323 0.552961300 0.453770479 0.784439118 
19     0.770390211 0.768158036 0.773497121 0.423949464 0.461688381 0.462913364 0.421167896 0.418374895 0.605516330 0.549146601 0.546365975 0.456187458 0.442425421 0.572078104 0.403904242 0.405477470 0.430176060 0.399692382 0.643565224 0.614688153 0.354578880 0.398184370 0.322822125 0.343212999 0.354597862 0.248918813 0.260406657 0.217444900 0.272313650 0.299549803 0.000000000 0.315865848 0.259825180 0.325977652 0.318977924 0.260734614 0.292920703 0.491406433 0.481201894 0.484229900 0.542241675 0.524286095 0.511663273 0.501845959 0.516439351 0.519742465 0.630868142 0.491034680 0.578717825 0.479504836 0.810263506 
27     0.700482557 0.698250383 0.703589468 0.354038055 0.391776971 0.393001954 0.351256486 0.348463486 0.535754310 0.479384582 0.476603956 0.386440550 0.372716437 0.502390687 0.334107236 0.335680464 0.360377579 0.329843052 0.574653860 0.544805745 0.286123596 0.328919365 0.253557088 0.273947962 0.285332857 0.238343722 0.250069519 0.206771374 0.262288636 0.289525734 0.315865848 0.000000000 0.145858545 0.211831851 0.204835137 0.161927193 0.194108453 0.393742656 0.397081828 0.400308204 0.472319448 0.454363869 0.441741046 0.431946627 0.446517125 0.450176541 0.561421068 0.421476887 0.509170880 0.409947043 0.740360979 
5     0.644312015 0.642079840 0.647418925 0.297867512 0.335606429 0.336831412 0.295085944 0.292292943 0.479583768 0.423214040 0.420433413 0.330263752 0.316545895 0.446220144 0.277936694 0.279509921 0.304207036 0.273672455 0.518483317 0.488635203 0.229855857 0.272696483 0.197334206 0.217725080 0.229109975 0.182380397 0.194106194 0.150813372 0.206330634 0.233567733 0.259825180 0.145858545 0.000000000 0.155971071 0.148981100 0.105724678 0.137905938 0.337069018 0.341186279 0.344259130 0.416148906 0.398193327 0.385570504 0.375776084 0.390346582 0.394005999 0.505250526 0.365306344 0.453000337 0.353776501 0.684190436 
18     0.710724499 0.708492324 0.713831410 0.364279997 0.402018913 0.403243896 0.361498428 0.358705428 0.545996252 0.489626524 0.486845898 0.396682476 0.382958379 0.512632629 0.344349178 0.345922406 0.370619521 0.340084994 0.584895802 0.555047687 0.296295197 0.339135823 0.263773545 0.284164420 0.295549315 0.248455526 0.260181323 0.216871335 0.272388597 0.299625695 0.325977652 0.211831851 0.155971071 0.000000000 0.120977389 0.171884444 0.204065704 0.403739203 0.407643573 0.410716424 0.482561390 0.464605811 0.451982988 0.442188569 0.456759067 0.460418483 0.571663010 0.431718829 0.519412821 0.420188985 0.750602921 
12     0.703725552 0.701493377 0.706832462 0.357281049 0.395019966 0.396244948 0.354499480 0.351706480 0.538997305 0.482627576 0.479846950 0.389683528 0.375959431 0.505633681 0.337350231 0.338923458 0.363620573 0.333086046 0.577896854 0.548048740 0.289296249 0.332136875 0.256774598 0.277165472 0.288550367 0.241455798 0.253181595 0.209871606 0.265388869 0.292625967 0.318977924 0.204835137 0.148981100 0.120977389 0.000000000 0.164894255 0.197075514 0.396711487 0.400661164 0.403734015 0.475562443 0.457606863 0.444984041 0.435189621 0.449760119 0.453419535 0.564664062 0.424719881 0.512413874 0.413190037 0.743603973 
24     0.644098186 0.641866012 0.647205097 0.297641431 0.335380347 0.336605330 0.294859862 0.292066862 0.479387586 0.423017858 0.420206533 0.330005226 0.316319014 0.445993264 0.277599998 0.279173226 0.303710463 0.273004003 0.518753126 0.488905012 0.229900979 0.273263882 0.197901638 0.218292512 0.229656089 0.183188220 0.194827825 0.151382070 0.206918715 0.234155814 0.260734614 0.161927193 0.105724678 0.171884444 0.164894255 0.000000000 0.052697196 0.296049868 0.340137747 0.343275508 0.416113152 0.398157573 0.385534750 0.375740330 0.390310828 0.393970245 0.505214772 0.365270590 0.452964583 0.353740747 0.684211113 
29     0.676875666 0.674643492 0.679982577 0.330418911 0.368157827 0.369382810 0.327637342 0.324844342 0.512165066 0.455795338 0.452984013 0.362782706 0.349096494 0.478770744 0.310451639 0.312024867 0.336626620 0.306152388 0.551145390 0.521297275 0.262229160 0.305592064 0.230229819 0.250620693 0.261984270 0.215374308 0.227013914 0.183550073 0.239086718 0.266323816 0.292920703 0.194108453 0.137905938 0.204065704 0.197075514 0.052697196 0.000000000 0.327317069 0.372242094 0.375379856 0.448839207 0.430883628 0.418260806 0.408466386 0.423036884 0.426696300 0.537940827 0.397996646 0.485690639 0.386466802 0.716789861 
23     0.875816324 0.873584149 0.878923234 0.530290505 0.568029421 0.569254404 0.527508936 0.524715936 0.712532517 0.656162788 0.653351463 0.562526156 0.548958879 0.678633128 0.510352568 0.511925795 0.536572437 0.506130791 0.751143649 0.721295534 0.462293450 0.505526601 0.430164356 0.450555230 0.461918807 0.413997539 0.425637145 0.382262425 0.437807105 0.465044204 0.491406433 0.393742656 0.337069018 0.403739203 0.396711487 0.296049868 0.327317069 0.000000000 0.573026671 0.576164432 0.648768239 0.630812660 0.618189837 0.608395418 0.622965916 0.626625332 0.737869859 0.597925678 0.685619670 0.586395834 0.916720477 
28     0.867262996 0.865030821 0.870369906 0.520815604 0.558554520 0.559779503 0.518034035 0.515241035 0.702531859 0.646162131 0.643381505 0.553229443 0.539493986 0.669168236 0.500887675 0.502460902 0.527165270 0.496623848 0.741516694 0.711668242 0.453547023 0.497075843 0.421713565 0.442104439 0.453468049 0.404531331 0.416176565 0.372487952 0.428022157 0.455312899 0.481201894 0.397081828 0.341186279 0.407643573 0.400661164 0.340137747 0.372242094 0.573026671 0.000000000 0.095262260 0.639224239 0.621268660 0.608645837 0.598851418 0.613421916 0.617081332 0.728257133 0.588380471 0.676074464 0.576850627 0.907209291 
9     0.870367122 0.868134948 0.873474033 0.523919730 0.561658647 0.562883630 0.521138161 0.518345161 0.705635986 0.649266257 0.646485631 0.556333570 0.542598113 0.672272362 0.503991802 0.505565029 0.530269396 0.499727974 0.744620821 0.714772369 0.456651150 0.500179969 0.424817692 0.445208566 0.456572175 0.407631677 0.419204570 0.375515958 0.431050163 0.458340905 0.484229900 0.400308204 0.344259130 0.410716424 0.403734015 0.343275508 0.375379856 0.576164432 0.095262260 0.000000000 0.642328366 0.624372787 0.611749964 0.601955544 0.616526042 0.620185459 0.731361260 0.591484597 0.679178590 0.579954754 0.910313417 
41     0.716717842 0.713567430 0.718858827 0.369410255 0.407149172 0.408374155 0.366628687 0.363835686 0.551778883 0.495409155 0.492539974 0.402370580 0.388235763 0.517830820 0.349497444 0.351070672 0.375924887 0.345330932 0.604312085 0.574501413 0.432223810 0.474703168 0.399255739 0.419659275 0.430979904 0.466113869 0.478045691 0.433927292 0.489665189 0.516607000 0.542241675 0.472319448 0.416148906 0.482561390 0.475562443 0.416113152 0.448839207 0.648768239 0.639224239 0.642328366 0.000000000 0.080842733 0.168726142 0.158809846 0.174381365 0.341177860 0.452454680 0.313619037 0.401400347 0.302169799 0.746481368 
42     0.698762263 0.695611851 0.700903248 0.351454676 0.389193593 0.390418576 0.348673107 0.345880107 0.533823496 0.477453768 0.474584394 0.384415001 0.370280184 0.499875240 0.331541865 0.333115092 0.357969308 0.327375353 0.586356506 0.556545834 0.414268230 0.456747588 0.381300160 0.401703696 0.413024324 0.448158290 0.460090112 0.415971713 0.471709610 0.498651421 0.524286095 0.454363869 0.398193327 0.464605811 0.457606863 0.398157573 0.430883628 0.630812660 0.621268660 0.624372787 0.080842733 0.000000000 0.149193278 0.139245176 0.154908478 0.323203799 0.434480618 0.295644975 0.383426286 0.284195738 0.728525788 
43     0.686132445 0.682729364 0.688020761 0.338813010 0.376551927 0.377776910 0.336031441 0.333238441 0.521176155 0.464806426 0.461942728 0.371773335 0.357641267 0.487236323 0.318733619 0.320268961 0.345278551 0.314684595 0.571868145 0.541904831 0.401645408 0.444124766 0.368677337 0.389080874 0.400401502 0.435535467 0.447467290 0.403348891 0.459086787 0.486028598 0.511663273 0.441741046 0.385570504 0.451982988 0.444984041 0.385534750 0.418260806 0.618189837 0.608645837 0.611749964 0.168726142 0.149193278 0.000000000 0.039029293 0.054407720 0.311283833 0.422560652 0.283696828 0.371512612 0.272282064 0.715950818 
46     0.675117329 0.671457662 0.676675221 0.329053948 0.366792864 0.368017847 0.326272379 0.323479379 0.511417092 0.455047364 0.452183666 0.362014272 0.347882204 0.477477261 0.308974556 0.310509898 0.335519488 0.304925532 0.562058665 0.532095351 0.391850988 0.434330346 0.358882918 0.379286454 0.390607082 0.425741048 0.437672870 0.393554471 0.449292368 0.476234179 0.501845959 0.431946627 0.375776084 0.442188569 0.435189621 0.375740330 0.408466386 0.608395418 0.598851418 0.601955544 0.158809846 0.139245176 0.039029293 0.000000000 0.035510465 0.301898182 0.413175001 0.274311219 0.362126960 0.262896412 0.706191756 
50     0.689687827 0.686028160 0.691245719 0.343624446 0.381363362 0.382588345 0.340842877 0.338049877 0.525987590 0.469617862 0.466754164 0.376584770 0.362452702 0.492047759 0.323545054 0.325080396 0.350089986 0.319496030 0.576629163 0.546665849 0.406421486 0.448900844 0.373453415 0.393856952 0.405177580 0.440311546 0.452243368 0.408124969 0.463862866 0.490804677 0.516439351 0.446517125 0.390346582 0.456759067 0.449760119 0.390310828 0.423036884 0.622965916 0.613421916 0.616526042 0.174381365 0.154908478 0.054407720 0.035510465 0.000000000 0.316274976 0.427551795 0.288688014 0.376503755 0.277273207 0.720762254 
49     0.693836106 0.691514305 0.696739243 0.346553902 0.384292819 0.385517802 0.343772333 0.340979333 0.528923466 0.472553738 0.469668566 0.379499172 0.365364350 0.494949046 0.326628139 0.328201367 0.353056235 0.322462279 0.581859968 0.552102565 0.409391897 0.452108972 0.376661543 0.397065079 0.408385707 0.443519697 0.455451519 0.411333120 0.467071017 0.494012828 0.519742465 0.450176541 0.394005999 0.460418483 0.453419535 0.393970245 0.426696300 0.626625332 0.617081332 0.620185459 0.341177860 0.323203799 0.311283833 0.301898182 0.316274976 0.000000000 0.217964128 0.135908919 0.223376700 0.124305471 0.724019529 
45     0.805115963 0.802794162 0.808019100 0.457833759 0.495572676 0.496797659 0.455052191 0.452259190 0.640206490 0.583836762 0.580951590 0.490782196 0.476647379 0.606237402 0.437909214 0.439482441 0.464336657 0.433742702 0.693139708 0.663382304 0.520627855 0.563306359 0.487858930 0.508262467 0.519583095 0.554665204 0.566597026 0.522486298 0.578224195 0.605166006 0.630868142 0.561421068 0.505250526 0.571663010 0.564664062 0.505214772 0.537940827 0.737869859 0.728257133 0.731361260 0.452454680 0.434480618 0.422560652 0.413175001 0.427551795 0.217964128 0.000000000 0.247148342 0.334459266 0.235126522 0.835297921 
47     0.665240834 0.662919033 0.668114782 0.317958630 0.355697547 0.356922530 0.315177062 0.312384061 0.500331361 0.443961633 0.441076461 0.350907067 0.336772250 0.466362273 0.298034085 0.299607312 0.324461528 0.293867573 0.553200989 0.523443585 0.380711838 0.423434807 0.347987378 0.368390914 0.379711543 0.414811912 0.426743734 0.382620615 0.438358512 0.465300323 0.491034680 0.421476887 0.365306344 0.431718829 0.424719881 0.365270590 0.397996646 0.597925678 0.588380471 0.591484597 0.313619037 0.295644975 0.283696828 0.274311219 0.288688014 0.135908919 0.247148342 0.000000000 0.111327853 0.039930711 0.695363152 
44     0.752987718 0.750665917 0.755861666 0.405705514 0.443444431 0.444669414 0.402923946 0.400130945 0.588086007 0.531716279 0.528831107 0.438661713 0.424526896 0.554116920 0.385788731 0.387361959 0.412216174 0.381622219 0.640947873 0.611190470 0.468413786 0.511136754 0.435689325 0.456092862 0.467413490 0.502472921 0.514360237 0.470281592 0.526019489 0.552961300 0.578717825 0.509170880 0.453000337 0.519412821 0.512413874 0.452964583 0.485690639 0.685619670 0.676074464 0.679178590 0.401400347 0.383426286 0.371512612 0.362126960 0.376503755 0.223376700 0.334459266 0.111327853 0.000000000 0.128166754 0.783115002 
48     0.653710991 0.651389190 0.656496485 0.306428787 0.344167703 0.345392686 0.303647218 0.300854218 0.488801517 0.432431789 0.429546617 0.339377223 0.325242406 0.454832430 0.286504241 0.288077469 0.312931685 0.282337729 0.541671146 0.511913742 0.369181995 0.411904963 0.336457534 0.356861071 0.368181699 0.403282068 0.415213891 0.371090772 0.426828668 0.453770479 0.479504836 0.409947043 0.353776501 0.420188985 0.413190037 0.353740747 0.386466802 0.586395834 0.576850627 0.579954754 0.302169799 0.284195738 0.272282064 0.262896412 0.277273207 0.124305471 0.235126522 0.039930711 0.128166754 0.000000000 0.683833309 
0     0.987659409 0.985466361 0.990816777 0.641027709 0.678766626 0.679991609 0.638246141 0.635453140 0.821080876 0.764711147 0.761817810 0.671651694 0.659159638 0.789343729 0.620979243 0.622552470 0.647508544 0.616894620 0.875548348 0.845853061 0.700578976 0.742804226 0.667356797 0.687760557 0.699080962 0.733943018 0.745874840 0.701759410 0.757497307 0.784439118 0.810263506 0.740360979 0.684190436 0.750602921 0.743603973 0.684211113 0.716789861 0.916720477 0.907209291 0.910313417 0.746481368 0.728525788 0.715950818 0.706191756 0.720762254 0.724019529 0.835297921 0.695363152 0.783115002 0.683833309 0.000000000 
