51
26     0.000000000 0.363575692 0.303807019 0.471836132 0.479566708 0.462308047 0.497732974 0.488305803 0.500308628 0.449683654 0.454605709 0.454001550 0.480425248 0.475769334 0.428994503 0.447414323 0.457529080 0.594624295 0.622457687 0.660185365 0.600455088 0.659286462 0.650008737 0.596442908 0.554351067 0.672120902 0.656045418 0.683362755 0.619594500 0.621145533 0.678394555 0.636682766 0.637644328 0.645814883 0.648957893 0.651238719 0.643185807 0.774573510 0.681899430 0.685648385 0.685037811 0.707083189 0.688876525 0.648796417 0.651736033 0.645755171 0.669832105 0.670465892 0.636404683 0.691950912 1.267059774 
9     0.363575692 0.000000000 0.233110382 0.475678234 0.483414389 0.466423596 0.501601020 0.492143657 0.504470315 0.453491952 0.458414006 0.457809848 0.484236992 0.479577631 0.432778564 0.451223366 0.461431759 0.598637072 0.626470426 0.664198104 0.604467826 0.663299201 0.654021476 0.600455646 0.558363806 0.676100011 0.660024527 0.687341864 0.624479833 0.626030865 0.683001352 0.640924922 0.641886484 0.650057039 0.653200049 0.655480876 0.647427963 0.778838208 0.686170668 0.689919623 0.689309049 0.711354427 0.693147764 0.653038573 0.655978189 0.649997327 0.674074261 0.674708048 0.640646840 0.696193068 1.271235832 
8     0.303807019 0.233110382 0.000000000 0.412814822 0.420550976 0.403288882 0.438466305 0.429008943 0.441530578 0.389700466 0.394622520 0.394018362 0.420149624 0.415484472 0.369435044 0.387485327 0.397781833 0.536071633 0.563172933 0.600900612 0.541174232 0.599657251 0.590379526 0.537162052 0.495018437 0.613085151 0.597009667 0.624327004 0.561438562 0.562989594 0.619960081 0.577883651 0.578845213 0.587015768 0.590158778 0.592439605 0.584386692 0.715796937 0.623129397 0.626878352 0.626267778 0.648313156 0.630106493 0.589997302 0.592936918 0.586956057 0.611032990 0.611666778 0.577605569 0.633151797 1.208524433 
23     0.471836132 0.475678234 0.412814822 0.000000000 0.144266149 0.236131061 0.269628047 0.259982748 0.364337660 0.376380352 0.381703229 0.380950763 0.407268886 0.402448010 0.355079279 0.374011920 0.384699476 0.573850435 0.601008996 0.638736675 0.579123915 0.637955290 0.628677565 0.575111735 0.532915818 0.650928663 0.634858080 0.662175418 0.599528924 0.601079956 0.658097231 0.616051242 0.617012805 0.625183359 0.628326370 0.630607196 0.622554283 0.753820407 0.660986191 0.664735146 0.664124572 0.686169950 0.667961986 0.627814319 0.630753935 0.624773073 0.648850235 0.649484023 0.615441397 0.670987625 1.246923138 
19     0.479566708 0.483414389 0.420550976 0.144266149 0.000000000 0.243629794 0.276151270 0.267438259 0.371947784 0.384130242 0.389453119 0.388700653 0.415018776 0.410197900 0.362808652 0.381721748 0.392449367 0.581584204 0.608742765 0.646470444 0.586857685 0.645689060 0.636411335 0.582845505 0.540649587 0.658662433 0.642591850 0.669909187 0.607262693 0.608813726 0.665831001 0.623785012 0.624746574 0.632917129 0.636060139 0.638340966 0.630288053 0.761554176 0.668719961 0.672468916 0.671858342 0.693903720 0.675695756 0.635548088 0.638487704 0.632506843 0.656584005 0.657217793 0.623175166 0.678721395 1.254656907 
2     0.462308047 0.466423596 0.403288882 0.236131061 0.243629794 0.000000000 0.168756007 0.157561682 0.354756352 0.367215362 0.372293976 0.371541510 0.398029254 0.393208378 0.346418486 0.364840039 0.375531325 0.564594989 0.591753550 0.629481229 0.569868470 0.628699844 0.619422119 0.565856290 0.523660372 0.641673218 0.625602635 0.652919972 0.590188427 0.591739459 0.648756734 0.606710745 0.607672308 0.615842862 0.618985873 0.621266699 0.613213786 0.744479910 0.651645694 0.655394649 0.654784075 0.676829453 0.658621489 0.618473822 0.621413438 0.615432576 0.639509738 0.640143526 0.606100900 0.661647128 1.237638585 
22     0.497732974 0.501601020 0.438466305 0.269628047 0.276151270 0.168756007 0.000000000 0.156673002 0.391003470 0.401982203 0.407047650 0.406295184 0.432796095 0.427975220 0.381131726 0.399606880 0.410312768 0.599441214 0.626656521 0.664384199 0.604771440 0.663602815 0.654325090 0.600759260 0.558563343 0.676576188 0.660505605 0.687822942 0.625157107 0.626708139 0.683725414 0.641679425 0.642640988 0.650811542 0.653954553 0.656235379 0.648182466 0.779448590 0.686614374 0.690363329 0.689752755 0.711798133 0.693590169 0.653442502 0.656382118 0.650401256 0.674478418 0.675112206 0.641069580 0.696615808 1.272300806 
12     0.488305803 0.492143657 0.429008943 0.259982748 0.267438259 0.157561682 0.156673002 0.000000000 0.380994273 0.392716310 0.397794924 0.397042458 0.423530202 0.418709327 0.371865833 0.390340987 0.401046875 0.590008463 0.617223770 0.654951448 0.595338689 0.654170064 0.644892339 0.591326509 0.549130592 0.667143437 0.651072854 0.678390191 0.615785432 0.617336464 0.674353739 0.632307750 0.633269312 0.641439867 0.644582878 0.646863704 0.638810791 0.770076915 0.677242699 0.680991654 0.680381080 0.702426458 0.684218494 0.644070827 0.647010443 0.641029581 0.665106743 0.665740531 0.631697905 0.687244133 1.262929131 
15     0.500308628 0.504470315 0.441530578 0.364337660 0.371947784 0.354756352 0.391003470 0.380994273 0.000000000 0.404088418 0.409438686 0.408686221 0.435143862 0.430518121 0.382839709 0.402026202 0.412499059 0.601533362 0.628545597 0.666273275 0.606583974 0.665380890 0.656103164 0.602571794 0.560357733 0.678649791 0.662579208 0.689896545 0.627398246 0.628949279 0.685977892 0.643931903 0.644893466 0.653064020 0.656207031 0.658487857 0.650434944 0.781724666 0.689058427 0.692807382 0.692196808 0.714242186 0.696034222 0.655925031 0.658864647 0.652883785 0.676960719 0.677594506 0.643533298 0.699079526 1.274772351 
3     0.449683654 0.453491952 0.389700466 0.376380352 0.384130242 0.367215362 0.401982203 0.392716310 0.404088418 0.000000000 0.145834563 0.145681729 0.183646824 0.179872887 0.208524996 0.227291605 0.236368993 0.549314647 0.575367525 0.613095204 0.553546041 0.612377416 0.603099691 0.549533861 0.507009701 0.625335762 0.609265179 0.636582516 0.573685774 0.575236807 0.632306986 0.589228493 0.590190055 0.598101004 0.601244014 0.603463907 0.595471928 0.727769686 0.635395591 0.639144546 0.638533972 0.660579350 0.642371386 0.602271270 0.605210886 0.599230024 0.623306958 0.623940745 0.589879537 0.645425765 1.221890170 
20     0.454605709 0.458414006 0.394622520 0.381703229 0.389453119 0.372293976 0.407047650 0.397794924 0.409438686 0.145834563 0.000000000 0.089228008 0.188930238 0.182553883 0.211999690 0.231290673 0.240155734 0.554503579 0.580470197 0.618197876 0.558472555 0.617480089 0.608202363 0.554514113 0.512003366 0.630551506 0.614480923 0.641798261 0.579320656 0.580871688 0.637941868 0.595892216 0.596853778 0.605024333 0.608167344 0.610448170 0.602395257 0.733397760 0.641024578 0.644773533 0.644162959 0.666208337 0.648000373 0.607900257 0.610839873 0.604859011 0.628935945 0.629569732 0.595508524 0.651054752 1.227233251 
14     0.454001550 0.457809848 0.394018362 0.380950763 0.388700653 0.371541510 0.406295184 0.397042458 0.408686221 0.145681729 0.089228008 0.000000000 0.187770362 0.181151532 0.212740134 0.231063111 0.239498042 0.553822064 0.579793536 0.617521215 0.557795894 0.616803427 0.607525702 0.553837451 0.511326704 0.629869991 0.613799408 0.641116745 0.578676794 0.580227826 0.637298006 0.595248354 0.596209917 0.604380471 0.607523482 0.609804308 0.601751395 0.732753899 0.640380716 0.644129671 0.643519097 0.665564475 0.647356511 0.607256395 0.610196011 0.604215150 0.628292083 0.628925871 0.594864662 0.650410890 1.226564941 
10     0.480425248 0.484236992 0.420149624 0.407268886 0.415018776 0.398029254 0.432796095 0.423530202 0.435143862 0.183646824 0.188930238 0.187770362 0.000000000 0.088869649 0.239162567 0.259356157 0.267457836 0.580682563 0.606701430 0.644429109 0.584909104 0.643740479 0.634462753 0.580896924 0.538372763 0.656703678 0.640633095 0.667950432 0.605469089 0.607020121 0.664090300 0.622040649 0.623002211 0.631172766 0.634315776 0.636596603 0.628543690 0.759546193 0.667173010 0.670921965 0.670311391 0.692356769 0.674148805 0.634048690 0.636988306 0.631007444 0.655084377 0.655718165 0.621656956 0.677203184 1.253327010 
17     0.475769334 0.479577631 0.415484472 0.402448010 0.410197900 0.393208378 0.427975220 0.418709327 0.430518121 0.179872887 0.182553883 0.181151532 0.088869649 0.000000000 0.234704977 0.254419393 0.262730299 0.575992927 0.602011794 0.639739473 0.580219468 0.639050843 0.629773117 0.576207288 0.533683128 0.652014042 0.635943459 0.663260797 0.600779453 0.602330485 0.659400665 0.617351013 0.618312575 0.626483130 0.629626141 0.631906967 0.623854054 0.754856557 0.662483374 0.666232330 0.665621755 0.687667133 0.669459169 0.629359054 0.632298670 0.626317808 0.650394741 0.651028529 0.616967320 0.672513549 1.248637375 
6     0.428994503 0.432778564 0.369435044 0.355079279 0.362808652 0.346418486 0.381131726 0.371865833 0.382839709 0.208524996 0.211999690 0.212740134 0.239162567 0.234704977 0.000000000 0.209162981 0.217024083 0.529763436 0.556337449 0.594065128 0.534545123 0.593376498 0.584098773 0.530532943 0.487816012 0.606097711 0.590027128 0.617344465 0.555191716 0.556742748 0.613865739 0.571819750 0.572781312 0.580951867 0.584094877 0.586375704 0.578322791 0.709612513 0.616946274 0.620695229 0.620084655 0.642130033 0.623922068 0.583812878 0.586752494 0.580771632 0.604848565 0.605482353 0.571421144 0.626967373 1.202820881 
25     0.447414323 0.451223366 0.387485327 0.374011920 0.381721748 0.364840039 0.399606880 0.390340987 0.402026202 0.227291605 0.231290673 0.231063111 0.259356157 0.254419393 0.209162981 0.000000000 0.190485717 0.547333448 0.573694631 0.611422310 0.551873148 0.610704523 0.601426797 0.547860968 0.505354685 0.623667722 0.607597139 0.634914476 0.573101086 0.574652118 0.631730854 0.589684865 0.590646427 0.598816982 0.601959992 0.604240819 0.596187906 0.727477628 0.634811388 0.638560344 0.637949769 0.659995147 0.641787183 0.601677993 0.604617609 0.598636747 0.622713680 0.623347468 0.589286259 0.644832488 1.220584335 
24     0.457529080 0.461431759 0.397781833 0.384699476 0.392449367 0.375531325 0.410312768 0.401046875 0.412499059 0.236368993 0.240155734 0.239498042 0.267457836 0.262730299 0.217024083 0.190485717 0.000000000 0.556347380 0.583003313 0.620730992 0.561210987 0.620042362 0.610764637 0.557198807 0.514692525 0.633011956 0.616941373 0.644258710 0.582472967 0.584023999 0.641094179 0.599048189 0.600009752 0.608180306 0.611323317 0.613604143 0.605551230 0.736545508 0.644170785 0.647919740 0.647309166 0.669354544 0.651150508 0.611041318 0.613980933 0.608000072 0.632077005 0.632710793 0.598649584 0.654195812 1.230264697 
1     0.594624295 0.598637072 0.536071633 0.573850435 0.581584204 0.564594989 0.599441214 0.590008463 0.601533362 0.549314647 0.554503579 0.553822064 0.580682563 0.575992927 0.529763436 0.547333448 0.556347380 0.000000000 0.558553372 0.596050430 0.537299864 0.596152922 0.586904151 0.533048312 0.491157162 0.610084201 0.593757741 0.621070040 0.605668712 0.607219745 0.664178921 0.621559674 0.622521237 0.631039219 0.634182230 0.636463056 0.628406807 0.759242875 0.666667241 0.670416196 0.669805622 0.691851000 0.673781038 0.633449454 0.636592430 0.630611568 0.654688501 0.655322289 0.621434452 0.676807308 1.244985237 
16     0.622457687 0.626470426 0.563172933 0.601008996 0.608742765 0.591753550 0.626656521 0.617223770 0.628545597 0.575367525 0.580470197 0.579793536 0.606701430 0.602011794 0.556337449 0.573694631 0.583003313 0.558553372 0.000000000 0.194048670 0.430730321 0.489096637 0.479756317 0.426719156 0.384612450 0.604385434 0.588485550 0.615775759 0.629806749 0.631357782 0.688484537 0.646348935 0.647310498 0.655577473 0.658720484 0.661001310 0.652485062 0.784338708 0.691198151 0.694947106 0.694336532 0.716381910 0.698758923 0.658242522 0.661563066 0.655582205 0.679659138 0.680292926 0.646405089 0.701777945 1.277397109 
27     0.660185365 0.664198104 0.600900612 0.638736675 0.646470444 0.629481229 0.664384199 0.654951448 0.666273275 0.613095204 0.618197876 0.617521215 0.644429109 0.639739473 0.594065128 0.611422310 0.620730992 0.596050430 0.194048670 0.000000000 0.468408549 0.526774865 0.517434546 0.464398766 0.422202408 0.641875511 0.625975626 0.653265836 0.667436876 0.668987908 0.726114664 0.683979062 0.684940624 0.693207599 0.696350610 0.698631436 0.689995710 0.821968834 0.728875328 0.732624283 0.732013709 0.754059087 0.736389049 0.695872648 0.699193193 0.693212331 0.717289264 0.717923052 0.684035215 0.739408072 1.315027236 
18     0.600455088 0.604467826 0.541174232 0.579123915 0.586857685 0.569868470 0.604771440 0.595338689 0.606583974 0.553546041 0.558472555 0.557795894 0.584909104 0.580219468 0.534545123 0.551873148 0.561210987 0.537299864 0.430730321 0.468408549 0.000000000 0.357380182 0.347816709 0.315808188 0.320878978 0.583171500 0.567330714 0.594620924 0.607541799 0.609092831 0.666219587 0.624364035 0.625325597 0.633592573 0.636735583 0.639016410 0.630773851 0.762197584 0.669127779 0.672876734 0.672266160 0.694311538 0.676445446 0.635846233 0.639249589 0.633268727 0.657345661 0.657979448 0.624091611 0.679464468 1.255490338 
5     0.659286462 0.663299201 0.599657251 0.637955290 0.645689060 0.628699844 0.663602815 0.654170064 0.665380890 0.612377416 0.617480089 0.616803427 0.643740479 0.639050843 0.593376498 0.610704523 0.620042362 0.596152922 0.489096637 0.526774865 0.357380182 0.000000000 0.155605055 0.373227336 0.380581412 0.642425822 0.626576268 0.653866478 0.665898365 0.667449397 0.724576153 0.682720601 0.683682163 0.691949139 0.695092149 0.697372976 0.689140393 0.820554151 0.727484345 0.731233300 0.730622726 0.752668104 0.734802012 0.694202799 0.697606155 0.691625293 0.715702227 0.716336014 0.682448177 0.737821034 1.314018118 
13     0.650008737 0.654021476 0.590379526 0.628677565 0.636411335 0.619422119 0.654325090 0.644892339 0.656103164 0.603099691 0.608202363 0.607525702 0.634462753 0.629773117 0.584098773 0.601426797 0.610764637 0.586904151 0.479756317 0.517434546 0.347816709 0.155605055 0.000000000 0.363507962 0.371136601 0.633186720 0.617337165 0.644627375 0.656620640 0.658171672 0.715298428 0.673442875 0.674404438 0.682671413 0.685814424 0.688095250 0.679862668 0.811276425 0.718206620 0.721955575 0.721345001 0.743390379 0.725524286 0.684925074 0.688328430 0.682347568 0.706424501 0.707058289 0.673170452 0.728543309 1.304740393 
28     0.596442908 0.600455646 0.537162052 0.575111735 0.582845505 0.565856290 0.600759260 0.591326509 0.602571794 0.549533861 0.554514113 0.553837451 0.580896924 0.576207288 0.530532943 0.547860968 0.557198807 0.533048312 0.426719156 0.464398766 0.315808188 0.373227336 0.363507962 0.000000000 0.317829058 0.579495234 0.563634461 0.590924671 0.603737688 0.605288721 0.662415476 0.620568626 0.621530189 0.629797164 0.632940175 0.635221001 0.626988419 0.758402176 0.665332371 0.669081326 0.668470752 0.690516130 0.672650037 0.632050824 0.635454181 0.629473319 0.653550252 0.654184040 0.620296203 0.675669060 1.251542666 
21     0.554351067 0.558363806 0.495018437 0.532915818 0.540649587 0.523660372 0.558563343 0.549130592 0.560357733 0.507009701 0.512003366 0.511326704 0.538372763 0.533683128 0.487816012 0.505354685 0.514692525 0.491157162 0.384612450 0.422202408 0.320878978 0.380581412 0.371136601 0.317829058 0.000000000 0.537486086 0.521452701 0.548742910 0.561095739 0.562646771 0.619773526 0.577904273 0.578865835 0.587132811 0.590275821 0.592556647 0.584314089 0.715737822 0.622775134 0.626524089 0.625913515 0.647958893 0.629999385 0.589224206 0.592803529 0.586822667 0.610899600 0.611533388 0.577645551 0.633018407 1.209075944 
7     0.672120902 0.676100011 0.613085151 0.650928663 0.658662433 0.641673218 0.676576188 0.667143437 0.678649791 0.625335762 0.630551506 0.629869991 0.656703678 0.652014042 0.606097711 0.623667722 0.633011956 0.610084201 0.604385434 0.641875511 0.583171500 0.642425822 0.633186720 0.579495234 0.537486086 0.000000000 0.347428371 0.375186240 0.681380103 0.682931135 0.739890311 0.697449006 0.698410569 0.706677115 0.709820126 0.712100952 0.703986629 0.835642632 0.742775551 0.746524506 0.745913932 0.767959310 0.749792498 0.709657026 0.712596642 0.706615780 0.730692713 0.731326501 0.696731621 0.752811521 1.326659501 
4     0.656045418 0.660024527 0.597009667 0.634858080 0.642591850 0.625602635 0.660505605 0.651072854 0.662579208 0.609265179 0.614480923 0.613799408 0.640633095 0.635943459 0.590027128 0.607597139 0.616941373 0.593757741 0.588485550 0.625975626 0.567330714 0.626576268 0.617337165 0.563634461 0.521452701 0.347428371 0.000000000 0.216559436 0.666114678 0.667665711 0.724624887 0.682183582 0.683145145 0.691411691 0.694554702 0.696835528 0.688721205 0.820377208 0.727510127 0.731259082 0.730648508 0.752693886 0.734527074 0.694391602 0.697331218 0.691350356 0.715427289 0.716061077 0.681760660 0.737546096 1.311087691 
11     0.683362755 0.687341864 0.624327004 0.662175418 0.669909187 0.652919972 0.687822942 0.678390191 0.689896545 0.636582516 0.641798261 0.641116745 0.667950432 0.663260797 0.617344465 0.634914476 0.644258710 0.621070040 0.615775759 0.653265836 0.594620924 0.653866478 0.644627375 0.590924671 0.548742910 0.375186240 0.216559436 0.000000000 0.693432016 0.694983048 0.751942224 0.709500919 0.710462482 0.718729028 0.721872039 0.724152865 0.716038542 0.847694545 0.754827464 0.758576419 0.757965845 0.780011223 0.761844412 0.721708939 0.724648555 0.718667693 0.742744627 0.743378414 0.709077997 0.764863434 1.338405028 
33     0.619594500 0.624479833 0.561438562 0.599528924 0.607262693 0.590188427 0.625157107 0.615785432 0.627398246 0.573685774 0.579320656 0.578676794 0.605469089 0.600779453 0.555191716 0.573101086 0.582472967 0.605668712 0.629806749 0.667436876 0.607541799 0.665898365 0.656620640 0.603737688 0.561095739 0.681380103 0.666114678 0.693432016 0.000000000 0.070104065 0.312830267 0.453299908 0.454261470 0.462404801 0.465547812 0.467828638 0.460248877 0.596115829 0.498310676 0.501959119 0.501517782 0.523520360 0.505405222 0.465243809 0.468178719 0.462180838 0.485698007 0.486331795 0.452615506 0.507797509 1.230690884 
43     0.621145533 0.626030865 0.562989594 0.601079956 0.608813726 0.591739459 0.626708139 0.617336464 0.628949279 0.575236807 0.580871688 0.580227826 0.607020121 0.602330485 0.556742748 0.574652118 0.584023999 0.607219745 0.631357782 0.668987908 0.609092831 0.667449397 0.658171672 0.605288721 0.562646771 0.682931135 0.667665711 0.694983048 0.070104065 0.000000000 0.314539420 0.454852091 0.455813653 0.463956984 0.467099995 0.469380821 0.461801061 0.597668012 0.500023951 0.503672394 0.503231057 0.525233635 0.507118497 0.466957084 0.469891994 0.463894113 0.487411282 0.488045070 0.454328781 0.509510784 1.232215533 
42     0.678394555 0.683001352 0.619960081 0.658097231 0.665831001 0.648756734 0.683725414 0.674353739 0.685977892 0.632306986 0.637941868 0.637298006 0.664090300 0.659400665 0.613865739 0.631730854 0.641094179 0.664178921 0.688484537 0.726114664 0.666219587 0.724576153 0.715298428 0.662415476 0.619773526 0.739890311 0.724624887 0.751942224 0.312830267 0.314539420 0.000000000 0.513077751 0.514039314 0.522169169 0.525312180 0.527593006 0.520013246 0.655438592 0.557351478 0.560999921 0.560558585 0.582561162 0.564846831 0.524438770 0.527373679 0.521375798 0.544859443 0.545493231 0.511776942 0.566958945 1.289359417 
45     0.636682766 0.640924922 0.577883651 0.616051242 0.623785012 0.606710745 0.641679425 0.632307750 0.643931903 0.589228493 0.595892216 0.595248354 0.622040649 0.617351013 0.571819750 0.589684865 0.599048189 0.621559674 0.646348935 0.683979062 0.624364035 0.682720601 0.673442875 0.620568626 0.577904273 0.697449006 0.682183582 0.709500919 0.453299908 0.454852091 0.513077751 0.000000000 0.074443523 0.285113667 0.287850661 0.290266396 0.282335713 0.591514261 0.503387597 0.507033758 0.506592422 0.528617575 0.509278906 0.468674595 0.471556394 0.465530437 0.489256048 0.489889835 0.456364302 0.511508180 1.247012273 
31     0.637644328 0.641886484 0.578845213 0.617012805 0.624746574 0.607672308 0.642640988 0.633269312 0.644893466 0.590190055 0.596853778 0.596209917 0.623002211 0.618312575 0.572781312 0.590646427 0.600009752 0.622521237 0.647310498 0.684940624 0.625325597 0.683682163 0.674404438 0.621530189 0.578865835 0.698410569 0.683145145 0.710462482 0.454261470 0.455813653 0.514039314 0.074443523 0.000000000 0.286459408 0.289093024 0.291452927 0.283671187 0.592475824 0.504349159 0.507995320 0.507553984 0.529579137 0.510240468 0.469636158 0.472517956 0.466491999 0.490217610 0.490851398 0.457325865 0.512469742 1.247973835 
29     0.645814883 0.650057039 0.587015768 0.625183359 0.632917129 0.615842862 0.650811542 0.641439867 0.653064020 0.598101004 0.605024333 0.604380471 0.631172766 0.626483130 0.580951867 0.598816982 0.608180306 0.631039219 0.655577473 0.693207599 0.633592573 0.691949139 0.682671413 0.629797164 0.587132811 0.706677115 0.691411691 0.718729028 0.462404801 0.463956984 0.522169169 0.285113667 0.286459408 0.000000000 0.130868116 0.136280656 0.127681781 0.601061592 0.512467441 0.516113602 0.515672265 0.537697418 0.518375392 0.477564897 0.480435201 0.474409244 0.498258338 0.498892126 0.465213481 0.520341464 1.256144389 
30     0.648957893 0.653200049 0.590158778 0.628326370 0.636060139 0.618985873 0.653954553 0.644582878 0.656207031 0.601244014 0.608167344 0.607523482 0.634315776 0.629626141 0.584094877 0.601959992 0.611323317 0.634182230 0.658720484 0.696350610 0.636735583 0.695092149 0.685814424 0.632940175 0.590275821 0.709820126 0.694554702 0.721872039 0.465547812 0.467099995 0.525312180 0.287850661 0.289093024 0.130868116 0.000000000 0.113450709 0.103340207 0.604204603 0.515618194 0.519264355 0.518823019 0.540848172 0.521526145 0.480715650 0.483585955 0.477559998 0.501409092 0.502042879 0.468364234 0.523492218 1.259287400 
35     0.651238719 0.655480876 0.592439605 0.630607196 0.638340966 0.621266699 0.656235379 0.646863704 0.658487857 0.603463907 0.610448170 0.609804308 0.636596603 0.631906967 0.586375704 0.604240819 0.613604143 0.636463056 0.661001310 0.698631436 0.639016410 0.697372976 0.688095250 0.635221001 0.592556647 0.712100952 0.696835528 0.724152865 0.467828638 0.469380821 0.527593006 0.290266396 0.291452927 0.136280656 0.113450709 0.000000000 0.103497471 0.606485429 0.517899020 0.521545181 0.521103845 0.543128998 0.523806972 0.482996476 0.485866781 0.479840824 0.503689918 0.504323706 0.470645061 0.525773044 1.261568226 
32     0.643185807 0.647427963 0.584386692 0.622554283 0.630288053 0.613213786 0.648182466 0.638810791 0.650434944 0.595471928 0.602395257 0.601751395 0.628543690 0.623854054 0.578322791 0.596187906 0.605551230 0.628406807 0.652485062 0.689995710 0.630773851 0.689140393 0.679862668 0.626988419 0.584314089 0.703986629 0.688721205 0.716038542 0.460248877 0.461801061 0.520013246 0.282335713 0.283671187 0.127681781 0.103340207 0.103497471 0.000000000 0.598940260 0.510319260 0.513965421 0.513524085 0.535549238 0.516227211 0.475416716 0.478287020 0.472261063 0.496110158 0.496743945 0.463065300 0.518193283 1.253745577 
46     0.774573510 0.778838208 0.715796937 0.753820407 0.761554176 0.744479910 0.779448590 0.770076915 0.781724666 0.727769686 0.733397760 0.732753899 0.759546193 0.754856557 0.709612513 0.727477628 0.736545508 0.759242875 0.784338708 0.821968834 0.762197584 0.820554151 0.811276425 0.758402176 0.715737822 0.835642632 0.820377208 0.847694545 0.596115829 0.597668012 0.655438592 0.591514261 0.592475824 0.601061592 0.604204603 0.606485429 0.598940260 0.000000000 0.643455633 0.647304347 0.646863011 0.668867850 0.650269045 0.608746465 0.611341578 0.605330739 0.628926054 0.629559842 0.595868888 0.651211597 1.385531089 
49     0.681899430 0.686170668 0.623129397 0.660986191 0.668719961 0.651645694 0.686614374 0.677242699 0.689058427 0.635395591 0.641024578 0.640380716 0.667173010 0.662483374 0.616946274 0.634811388 0.644170785 0.666667241 0.691198151 0.728875328 0.669127779 0.727484345 0.718206620 0.665332371 0.622775134 0.742775551 0.727510127 0.754827464 0.498310676 0.500023951 0.557351478 0.503387597 0.504349159 0.512467441 0.515618194 0.517899020 0.510319260 0.643455633 0.000000000 0.189503151 0.189553658 0.208402495 0.406612283 0.426920765 0.430273068 0.424136310 0.447552956 0.448187453 0.414030005 0.469657435 1.292349648 
50     0.685648385 0.689919623 0.626878352 0.664735146 0.672468916 0.655394649 0.690363329 0.680991654 0.692807382 0.639144546 0.644773533 0.644129671 0.670921965 0.666232330 0.620695229 0.638560344 0.647919740 0.670416196 0.694947106 0.732624283 0.672876734 0.731233300 0.721955575 0.669081326 0.626524089 0.746524506 0.731259082 0.758576419 0.501959119 0.503672394 0.560999921 0.507033758 0.507995320 0.516113602 0.519264355 0.521545181 0.513965421 0.647304347 0.189503151 0.000000000 0.075087586 0.148274554 0.410770745 0.430443931 0.433812263 0.427675504 0.451006043 0.451640540 0.417483092 0.473110522 1.296054626 
36     0.685037811 0.689309049 0.626267778 0.664124572 0.671858342 0.654784075 0.689752755 0.680381080 0.692196808 0.638533972 0.644162959 0.643519097 0.670311391 0.665621755 0.620084655 0.637949769 0.647309166 0.669805622 0.694336532 0.732013709 0.672266160 0.730622726 0.721345001 0.668470752 0.625913515 0.745913932 0.730648508 0.757965845 0.501517782 0.503231057 0.560558585 0.506592422 0.507553984 0.515672265 0.518823019 0.521103845 0.513524085 0.646863011 0.189553658 0.075087586 0.000000000 0.147204810 0.409529986 0.429132168 0.432500500 0.426363741 0.450802382 0.451436878 0.417279431 0.472906861 1.295444052 
47     0.707083189 0.711354427 0.648313156 0.686169950 0.693903720 0.676829453 0.711798133 0.702426458 0.714242186 0.660579350 0.666208337 0.665564475 0.692356769 0.687667133 0.642130033 0.659995147 0.669354544 0.691851000 0.716381910 0.754059087 0.694311538 0.752668104 0.743390379 0.690516130 0.647958893 0.767959310 0.752693886 0.780011223 0.523520360 0.525233635 0.582561162 0.528617575 0.529579137 0.537697418 0.540848172 0.543128998 0.535549238 0.668867850 0.208402495 0.148274554 0.147204810 0.000000000 0.431903958 0.451199254 0.454567587 0.448430828 0.472737195 0.473371692 0.439214244 0.494841674 1.317489430 
40     0.688876525 0.693147764 0.630106493 0.667961986 0.675695756 0.658621489 0.693590169 0.684218494 0.696034222 0.642371386 0.648000373 0.647356511 0.674148805 0.669459169 0.623922068 0.641787183 0.651150508 0.673781038 0.698758923 0.736389049 0.676445446 0.734802012 0.725524286 0.672650037 0.629999385 0.749792498 0.734527074 0.761844412 0.505405222 0.507118497 0.564846831 0.509278906 0.510240468 0.518375392 0.521526145 0.523806972 0.516227211 0.650269045 0.406612283 0.410770745 0.409529986 0.431903958 0.000000000 0.436050189 0.438482904 0.432316959 0.457289631 0.457924128 0.423204354 0.478696815 1.299529383 
34     0.648796417 0.653038573 0.589997302 0.627814319 0.635548088 0.618473822 0.653442502 0.644070827 0.655925031 0.602271270 0.607900257 0.607256395 0.634048690 0.629359054 0.583812878 0.601677993 0.611041318 0.633449454 0.658242522 0.695872648 0.635846233 0.694202799 0.684925074 0.632050824 0.589224206 0.709657026 0.694391602 0.721708939 0.465243809 0.466957084 0.524438770 0.468674595 0.469636158 0.477564897 0.480715650 0.482996476 0.475416716 0.608746465 0.426920765 0.430443931 0.429132168 0.451199254 0.436050189 0.000000000 0.233597933 0.228317879 0.324101792 0.324873662 0.291955918 0.346203076 1.258977189 
39     0.651736033 0.655978189 0.592936918 0.630753935 0.638487704 0.621413438 0.656382118 0.647010443 0.658864647 0.605210886 0.610839873 0.610196011 0.636988306 0.632298670 0.586752494 0.604617609 0.613980933 0.636592430 0.661563066 0.699193193 0.639249589 0.697606155 0.688328430 0.635454181 0.592803529 0.712596642 0.697331218 0.724648555 0.468178719 0.469891994 0.527373679 0.471556394 0.472517956 0.480435201 0.483585955 0.485866781 0.478287020 0.611341578 0.430273068 0.433812263 0.432500500 0.454567587 0.438482904 0.233597933 0.000000000 0.110967304 0.326196235 0.326886487 0.292975540 0.348130904 1.261912545 
44     0.645755171 0.649997327 0.586956057 0.624773073 0.632506843 0.615432576 0.650401256 0.641029581 0.652883785 0.599230024 0.604859011 0.604215150 0.631007444 0.626317808 0.580771632 0.598636747 0.608000072 0.630611568 0.655582205 0.693212331 0.633268727 0.691625293 0.682347568 0.629473319 0.586822667 0.706615780 0.691350356 0.718667693 0.462180838 0.463894113 0.521375798 0.465530437 0.466491999 0.474409244 0.477559998 0.479840824 0.472261063 0.605330739 0.424136310 0.427675504 0.426363741 0.448430828 0.432316959 0.228317879 0.110967304 0.000000000 0.320908888 0.321599140 0.287697346 0.342826227 1.255931683 
37     0.669832105 0.674074261 0.611032990 0.648850235 0.656584005 0.639509738 0.674478418 0.665106743 0.676960719 0.623306958 0.628935945 0.628292083 0.655084377 0.650394741 0.604848565 0.622713680 0.632077005 0.654688501 0.679659138 0.717289264 0.657345661 0.715702227 0.706424501 0.653550252 0.610899600 0.730692713 0.715427289 0.742744627 0.485698007 0.487411282 0.544859443 0.489256048 0.490217610 0.498258338 0.501409092 0.503689918 0.496110158 0.628926054 0.447552956 0.451006043 0.450802382 0.472737195 0.457289631 0.324101792 0.326196235 0.320908888 0.000000000 0.067542106 0.192797226 0.251311577 1.280039171 
48     0.670465892 0.674708048 0.611666778 0.649484023 0.657217793 0.640143526 0.675112206 0.665740531 0.677594506 0.623940745 0.629569732 0.628925871 0.655718165 0.651028529 0.605482353 0.623347468 0.632710793 0.655322289 0.680292926 0.717923052 0.657979448 0.716336014 0.707058289 0.654184040 0.611533388 0.731326501 0.716061077 0.743378414 0.486331795 0.488045070 0.545493231 0.489889835 0.490851398 0.498892126 0.502042879 0.504323706 0.496743945 0.629559842 0.448187453 0.451640540 0.451436878 0.473371692 0.457924128 0.324873662 0.326886487 0.321599140 0.067542106 0.000000000 0.193274242 0.251516079 1.280672959 
38     0.636404683 0.640646840 0.577605569 0.615441397 0.623175166 0.606100900 0.641069580 0.631697905 0.643533298 0.589879537 0.595508524 0.594864662 0.621656956 0.616967320 0.571421144 0.589286259 0.598649584 0.621434452 0.646405089 0.684035215 0.624091611 0.682448177 0.673170452 0.620296203 0.577645551 0.696731621 0.681760660 0.709077997 0.452615506 0.454328781 0.511776942 0.456364302 0.457325865 0.465213481 0.468364234 0.470645061 0.463065300 0.595868888 0.414030005 0.417483092 0.417279431 0.439214244 0.423204354 0.291955918 0.292975540 0.287697346 0.192797226 0.193274242 0.000000000 0.215735642 1.246708068 
41     0.691950912 0.696193068 0.633151797 0.670987625 0.678721395 0.661647128 0.696615808 0.687244133 0.699079526 0.645425765 0.651054752 0.650410890 0.677203184 0.672513549 0.626967373 0.644832488 0.654195812 0.676807308 0.701777945 0.739408072 0.679464468 0.737821034 0.728543309 0.675669060 0.633018407 0.752811521 0.737546096 0.764863434 0.507797509 0.509510784 0.566958945 0.511508180 0.512469742 0.520341464 0.523492218 0.525773044 0.518193283 0.651211597 0.469657435 0.473110522 0.472906861 0.494841674 0.478696815 0.346203076 0.348130904 0.342826227 0.251311577 0.251516079 0.215735642 0.000000000 1.302157978 
0     1.267059774 1.271235832 1.208524433 1.246923138 1.254656907 1.237638585 1.272300806 1.262929131 1.274772351 1.221890170 1.227233251 1.226564941 1.253327010 1.248637375 1.202820881 1.220584335 1.230264697 1.244985237 1.277397109 1.315027236 1.255490338 1.314018118 1.304740393 1.251542666 1.209075944 1.326659501 1.311087691 1.338405028 1.230690884 1.232215533 1.289359417 1.247012273 1.247973835 1.256144389 1.259287400 1.261568226 1.253745577 1.385531089 1.292349648 1.296054626 1.295444052 1.317489430 1.299529383 1.258977189 1.261912545 1.255931683 1.280039171 1.280672959 1.246708068 1.302157978 0.000000000 
