51
26     0.000000000 0.007010800 0.000881040 0.024077660 0.048644270 0.017023500 0.020578550 0.017663540 0.013971240 0.026253180 0.048599380 0.007438470 0.017401120 0.022534770 0.019270800 0.029410680 0.036458010 0.019187940 0.048575750 0.047418410 0.057250680 0.063025510 0.063081960 0.034207780 0.045429940 0.059365710 0.059427410 0.069217900 0.065314260 0.035424130 0.054958990 0.036527820 0.071238860 0.078045560 0.085967090 0.068795150 0.073460470 0.048445040 0.064793890 0.065167310 0.064810370 0.064793920 0.062990370 0.077782650 0.061714050 0.071169870 0.099433990 0.093099760 0.087630610 0.074000290 0.044624280 
9     0.007010800 0.000000000 0.002792170 0.046894650 0.055504460 0.029386600 0.063738540 0.059223790 0.004844980 0.049070170 0.049104310 0.049143080 0.049846710 0.048848720 0.026130990 0.049050030 0.048985900 0.026048130 0.039449490 0.097786270 0.064110870 0.066449850 0.063806570 0.025081520 0.063020040 0.048679940 0.050301150 0.060091640 0.088131250 0.086248840 0.045832730 0.072616360 0.084415080 0.076380790 0.078479050 0.083128740 0.086324570 0.058588430 0.055667630 0.056041050 0.055684110 0.055667660 0.061288000 0.084642840 0.107408290 0.108496050 0.106294180 0.099959950 0.112252580 0.116182830 0.042462430 
8     0.000881040 0.002792170 0.000000000 0.027977780 0.041202650 0.020923620 0.050811480 0.040306920 0.006609730 0.030153300 0.044145030 0.041025940 0.051388340 0.048611090 0.029842210 0.050814780 0.050750650 0.027920270 0.041214240 0.082032510 0.067822090 0.068214600 0.065571320 0.026846270 0.053556980 0.051906950 0.052065900 0.061856390 0.069214380 0.067331970 0.047597480 0.074381110 0.073299670 0.079877530 0.080243800 0.072695270 0.078506620 0.054561140 0.057432380 0.057805800 0.057448860 0.057432410 0.056868200 0.088354060 0.086800730 0.096070120 0.098725970 0.097481790 0.082602930 0.061796320 0.044227180 
23     0.024077660 0.046894650 0.027977780 0.000000000 0.001974620 0.005887950 0.023127690 0.014732400 0.013941510 0.036843420 0.057639570 0.055620760 0.052947300 0.057135430 0.043664660 0.038221460 0.030347710 0.052385410 0.093937900 0.090277660 0.082024250 0.100748980 0.097509440 0.081164400 0.065289690 0.100784640 0.073109820 0.073102330 0.076282080 0.074399670 0.089390870 0.066324710 0.065747470 0.083517020 0.075990850 0.074716210 0.071676050 0.073942260 0.098410220 0.088397890 0.105896190 0.088186270 0.073958190 0.077363980 0.104911340 0.110799390 0.102307100 0.107530170 0.097812890 0.096916140 0.129440210 
19     0.048644270 0.055504460 0.041202650 0.001974620 0.000000000 0.003564090 0.029349070 0.016224360 0.028200370 0.055325180 0.045799440 0.047983950 0.048451140 0.047456670 0.034175890 0.026577100 0.031414920 0.061322550 0.089018970 0.085358730 0.084383670 0.087323300 0.105216570 0.073527590 0.060370760 0.092292230 0.090459040 0.090451550 0.093946550 0.096784090 0.090194080 0.083673930 0.083096690 0.078598090 0.071071920 0.069797280 0.066757120 0.069023330 0.087696350 0.088668100 0.102309650 0.109248150 0.071711930 0.094713200 0.110504860 0.111592620 0.097388170 0.102611240 0.092893960 0.091997210 0.153136390 
2     0.017023500 0.029386600 0.020923620 0.005887950 0.003564090 0.000000000 0.000034820 0.001066080 0.012891910 0.009798070 0.020247140 0.025552520 0.015593050 0.015247410 0.008058030 0.009710320 0.020206730 0.034508420 0.074565570 0.104649580 0.035678660 0.079042260 0.079098710 0.074006250 0.071832360 0.101126990 0.020484000 0.020476510 0.065175500 0.056033040 0.059297670 0.013698890 0.013121650 0.081959220 0.084979870 0.072708810 0.084959010 0.067744990 0.070842690 0.035772070 0.075029180 0.081132110 0.060295660 0.024738160 0.110983520 0.112071280 0.084709320 0.085301050 0.107552100 0.086800450 0.065233190 
22     0.020578550 0.063738540 0.050811480 0.023127690 0.029349070 0.000034820 0.000000000 0.000968470 0.025317840 0.051816130 0.053513480 0.057530600 0.037978230 0.043111880 0.048782470 0.049987790 0.057035120 0.075929130 0.100615630 0.102837960 0.077696720 0.106832740 0.109966420 0.082111990 0.080339200 0.101095190 0.062502060 0.062494570 0.118730280 0.056001240 0.086909710 0.055716950 0.055139710 0.102078750 0.119123360 0.096349100 0.096341840 0.108469430 0.086379010 0.077790130 0.096046550 0.103401660 0.100370350 0.066756220 0.099987820 0.109257210 0.109315590 0.102604610 0.087725750 0.066919140 0.015006600 
12     0.017663540 0.059223790 0.040306920 0.014732400 0.016224360 0.001066080 0.000968470 0.000000000 0.024966500 0.038089620 0.042530110 0.045782370 0.035063220 0.040196870 0.040603920 0.046728910 0.047010520 0.028068230 0.087822090 0.101467600 0.079162720 0.080786020 0.105081930 0.062613440 0.071052930 0.096618690 0.098006440 0.098408060 0.085979520 0.053086230 0.081020590 0.054189920 0.093519120 0.094706960 0.087180790 0.085906150 0.082865990 0.077339580 0.085120820 0.084275860 0.094788360 0.100515410 0.079646640 0.120307300 0.108303280 0.109391040 0.108057400 0.101346420 0.086467560 0.065660950 0.027065090 
15     0.013971240 0.004844980 0.006609730 0.013941510 0.028200370 0.012891910 0.025317840 0.024966500 0.000000000 0.005692020 0.016141090 0.025705600 0.011487000 0.011141360 0.005782480 0.005604270 0.016100680 0.028428100 0.041722070 0.097330650 0.031572610 0.068722430 0.066079150 0.027354100 0.055317580 0.052512030 0.016377950 0.016370460 0.063538240 0.062985770 0.048105310 0.009592840 0.009015600 0.062072190 0.055234380 0.064032680 0.055389580 0.043198290 0.057940210 0.031666020 0.057956690 0.054632900 0.057976250 0.020632110 0.086083580 0.075632550 0.054963830 0.055555560 0.061506820 0.040700210 0.044735010 
3     0.026253180 0.049070170 0.030153300 0.036843420 0.055325180 0.009798070 0.051816130 0.038089620 0.005692020 0.000000000 0.003991700 0.003786750 0.000526560 0.005696040 0.000348240 0.000174370 0.002949360 0.054560930 0.078902690 0.095706990 0.026153670 0.090344360 0.099990020 0.067345750 0.062664820 0.058181810 0.010959010 0.010951520 0.078457600 0.054976120 0.054034460 0.004173900 0.003596660 0.089604340 0.084103350 0.081938490 0.089742410 0.094776440 0.086094020 0.026247080 0.065504190 0.075137730 0.076133710 0.015213170 0.090096470 0.095323730 0.104731860 0.101735360 0.094626620 0.076965140 0.064176270 
20     0.048599380 0.049104310 0.044145030 0.057639570 0.045799440 0.020247140 0.053513480 0.042530110 0.016141090 0.003991700 0.000000000 0.000046120 0.001552220 0.000554230 0.010801650 0.000770460 0.000706330 0.072687430 0.075067150 0.092215550 0.036602740 0.093051850 0.107461100 0.058571070 0.058297990 0.059984000 0.021408080 0.021400590 0.079369360 0.073345880 0.064483530 0.014622970 0.014045730 0.077903310 0.071065500 0.079863800 0.071220700 0.059029410 0.074049880 0.036696150 0.075953260 0.076939920 0.073807370 0.025662240 0.091898660 0.096636100 0.070794950 0.071386680 0.093637730 0.076259730 0.082546030 
14     0.007438470 0.049143080 0.041025940 0.055620760 0.047983950 0.025552520 0.057530600 0.045782370 0.025705600 0.003786750 0.000046120 0.000000000 0.001590990 0.000593000 0.014525010 0.000809230 0.000745100 0.061466910 0.073048340 0.091675440 0.056888150 0.087826370 0.103050950 0.056552260 0.056279180 0.061802660 0.041693490 0.041686000 0.078365620 0.061912670 0.073592320 0.034908380 0.034331140 0.076899570 0.070061760 0.078860060 0.068130780 0.043115350 0.073046140 0.056981560 0.078420630 0.078758580 0.072803630 0.045947650 0.093529530 0.094617290 0.069791210 0.070382940 0.092633990 0.076723730 0.071112820 
10     0.017401120 0.049846710 0.051388340 0.052947300 0.048451140 0.015593050 0.037978230 0.035063220 0.011487000 0.000526560 0.001552220 0.001590990 0.000000000 0.000373150 0.006147560 0.001512860 0.001448730 0.064479760 0.074716750 0.093525920 0.031948650 0.100558120 0.105067290 0.058220670 0.057947590 0.071513840 0.016753990 0.016746500 0.093623210 0.031470250 0.059829440 0.009968880 0.009391640 0.095399320 0.097435380 0.096827160 0.095409350 0.095665170 0.099426050 0.032042060 0.071299170 0.088469760 0.085756800 0.021008150 0.095197940 0.096285700 0.100450520 0.098676800 0.093896110 0.091988550 0.040670400 
17     0.022534770 0.048848720 0.048611090 0.057135430 0.047456670 0.015247410 0.043111880 0.040196870 0.011141360 0.005696040 0.000554230 0.000593000 0.000373150 0.000000000 0.005801920 0.000514870 0.000450740 0.064369460 0.073034990 0.081669630 0.031603010 0.102097660 0.106193490 0.066964840 0.066691760 0.072347650 0.016408350 0.016400860 0.081386280 0.036603900 0.059483800 0.009623240 0.009046000 0.079920230 0.073082420 0.081880720 0.073237620 0.061046330 0.076066800 0.031696420 0.070953530 0.083162840 0.075824290 0.020662510 0.103942110 0.105029870 0.072811870 0.073403600 0.095654650 0.079744390 0.045804050 
6     0.019270800 0.026130990 0.029842210 0.043664660 0.034175890 0.008058030 0.048782470 0.040603920 0.005782480 0.000348240 0.010801650 0.014525010 0.006147560 0.005801920 0.000000000 0.000178270 0.001042260 0.031949080 0.071309960 0.087070410 0.026244130 0.075786650 0.075843100 0.059271390 0.058998310 0.080681890 0.011049470 0.011041980 0.032286610 0.031709690 0.054124920 0.004264360 0.003687120 0.060584260 0.053746450 0.062544750 0.053901650 0.041710360 0.056730830 0.026337540 0.065594650 0.063826870 0.056488320 0.015303630 0.095191200 0.091245940 0.053475900 0.054067630 0.076318680 0.060408420 0.062929490 
25     0.029410680 0.049050030 0.050814780 0.038221460 0.026577100 0.009710320 0.049987790 0.046728910 0.005604270 0.000174370 0.000770460 0.000809230 0.001512860 0.000514870 0.000178270 0.000000000 0.000387990 0.064987440 0.078561070 0.085147800 0.026065920 0.093876100 0.097009780 0.062064990 0.060159830 0.072724940 0.010871260 0.010863770 0.067916840 0.043479810 0.053946710 0.004086150 0.003508910 0.066450790 0.059612980 0.068411280 0.059768180 0.047576890 0.062597360 0.026159330 0.065416440 0.069693400 0.062354850 0.015125420 0.087031180 0.096300570 0.059342430 0.059934160 0.082004820 0.061198210 0.052679960 
24     0.036458010 0.048985900 0.050750650 0.030347710 0.031414920 0.020206730 0.057035120 0.047010520 0.016100680 0.002949360 0.000706330 0.000745100 0.001448730 0.000450740 0.001042260 0.000387990 0.000000000 0.072569020 0.074276490 0.092952130 0.036562330 0.095332160 0.107689750 0.057780410 0.057507330 0.070590430 0.021367670 0.021360180 0.084230290 0.050527140 0.064443120 0.014582560 0.014005320 0.087779830 0.087855980 0.086581340 0.083541180 0.085807390 0.098502640 0.036655740 0.075912850 0.087546350 0.085316540 0.025621830 0.094757680 0.095195500 0.089681050 0.089367990 0.093009740 0.078008620 0.059727290 
1     0.019187940 0.026048130 0.027920270 0.052385410 0.061322550 0.034508420 0.075929130 0.028068230 0.028428100 0.054560930 0.072687430 0.061466910 0.064479760 0.064369460 0.031949080 0.064987440 0.072569020 0.000000000 0.015539510 0.051061440 0.040333000 0.042539870 0.039896590 0.001171540 0.022585910 0.017647430 0.024688510 0.073210980 0.069483760 0.074607020 0.060726490 0.052391350 0.066370240 0.068008200 0.068049800 0.067668580 0.071012150 0.063136800 0.079250750 0.079624170 0.079267230 0.079250780 0.050794560 0.072540650 0.060235700 0.061323460 0.065488280 0.063714560 0.065079990 0.085592390 0.066045550 
16     0.048575750 0.039449490 0.041214240 0.093937900 0.089018970 0.074565570 0.100615630 0.087822090 0.041722070 0.078902690 0.075067150 0.073048340 0.074716750 0.073034990 0.071309960 0.078561070 0.074276490 0.015539510 0.000000000 0.000787930 0.016005440 0.005954970 0.006011420 0.014465470 0.017613970 0.003772200 0.041386470 0.050304840 0.101069100 0.085775890 0.082709820 0.086418250 0.094707570 0.108852340 0.103055390 0.101780750 0.098740590 0.101006800 0.092544720 0.092918140 0.092561200 0.092544750 0.089111630 0.110857720 0.098552770 0.099640530 0.103805350 0.102031630 0.103397060 0.114339170 0.079339520 
27     0.047418410 0.097786270 0.082032510 0.090277660 0.085358730 0.104649580 0.102837960 0.101467600 0.097330650 0.095706990 0.092215550 0.091675440 0.093525920 0.081669630 0.087070410 0.085147800 0.092952130 0.051061440 0.000787930 0.000000000 0.019545270 0.029073850 0.027057540 0.063009490 0.036568210 0.100798710 0.041854120 0.050772490 0.109703740 0.102324690 0.118517310 0.095481930 0.114851040 0.106921320 0.099395150 0.098120510 0.095080350 0.097346560 0.107631720 0.110808210 0.109129380 0.142329140 0.107539050 0.129666890 0.103525860 0.112981680 0.122614520 0.120840800 0.121217190 0.115812100 0.133439570 
18     0.057250680 0.064110870 0.067822090 0.082024250 0.084383670 0.035678660 0.077696720 0.079162720 0.031572610 0.026153670 0.036602740 0.056888150 0.031948650 0.031603010 0.026244130 0.026065920 0.036562330 0.040333000 0.016005440 0.019545270 0.000000000 0.020482130 0.018846670 0.001511600 0.003469530 0.023533530 0.014819040 0.021711220 0.097458400 0.077392080 0.067037990 0.026514010 0.025936770 0.107345340 0.110403690 0.109144360 0.107082250 0.066523070 0.083764270 0.048587190 0.080716980 0.091901660 0.075002300 0.037553280 0.107570660 0.097119630 0.098102700 0.108933500 0.105637200 0.064593680 0.067668420 
5     0.063025510 0.066449850 0.068214600 0.100748980 0.087323300 0.079042260 0.106832740 0.080786020 0.068722430 0.090344360 0.093051850 0.087826370 0.100558120 0.102097660 0.075786650 0.093876100 0.095332160 0.042539870 0.005954970 0.029073850 0.020482130 0.000000000 0.000188030 0.023428340 0.022090660 0.054125010 0.069671470 0.058761270 0.106034690 0.104209050 0.100942330 0.102522780 0.114737780 0.102158770 0.104600730 0.096429120 0.096421860 0.083283350 0.101574830 0.102546580 0.104969300 0.108964340 0.085590410 0.116509090 0.100067840 0.107892140 0.122972330 0.122659270 0.105917160 0.111083350 0.106339880 
13     0.063081960 0.063806570 0.065571320 0.097509440 0.105216570 0.079098710 0.109966420 0.105081930 0.066079150 0.099990020 0.107461100 0.103050950 0.105067290 0.106193490 0.075843100 0.097009780 0.107689750 0.039896590 0.006011420 0.027057540 0.018846670 0.000188030 0.000000000 0.018469480 0.022147110 0.082599970 0.067655160 0.075947700 0.105003120 0.106727660 0.097702790 0.104581500 0.113706210 0.103527560 0.103569160 0.099562800 0.099555540 0.108027540 0.116901800 0.107846320 0.108102980 0.112098020 0.090487490 0.116300290 0.103201520 0.106860570 0.134053010 0.130890530 0.109050840 0.121603970 0.103696600 
28     0.034207780 0.025081520 0.026846270 0.081164400 0.073527590 0.074006250 0.082111990 0.062613440 0.027354100 0.067345750 0.058571070 0.056552260 0.058220670 0.066964840 0.059271390 0.062064990 0.057780410 0.001171540 0.014465470 0.063009490 0.001511600 0.023428340 0.018469480 0.000000000 0.003711520 0.067768600 0.040023400 0.033853280 0.098671100 0.080528210 0.068341850 0.060336940 0.074315830 0.092356260 0.095540450 0.090695590 0.090688330 0.078665130 0.058753880 0.057908920 0.068421420 0.075776530 0.072615550 0.094361640 0.082056690 0.083144450 0.081690460 0.074979480 0.060100620 0.039294010 0.064971550 
21     0.045429940 0.063020040 0.053556980 0.065289690 0.060370760 0.071832360 0.080339200 0.071052930 0.055317580 0.062664820 0.058297990 0.056279180 0.057947590 0.066691760 0.058998310 0.060159830 0.057507330 0.022585910 0.017613970 0.036568210 0.003469530 0.022090660 0.022147110 0.003711520 0.000000000 0.046442420 0.037727930 0.036655610 0.077070290 0.062707220 0.064844610 0.056203120 0.070182010 0.081933350 0.074407180 0.073132540 0.070092380 0.069281770 0.063655760 0.062810800 0.073323300 0.080678410 0.071588830 0.094088560 0.076511560 0.066060530 0.086592340 0.079881360 0.065002500 0.044195890 0.090577310 
7     0.059365710 0.048679940 0.051906950 0.100784640 0.092292230 0.101126990 0.101095190 0.096618690 0.052512030 0.058181810 0.059984000 0.061802660 0.071513840 0.072347650 0.080681890 0.072724940 0.070590430 0.017647430 0.003772200 0.100798710 0.023533530 0.054125010 0.082599970 0.067768600 0.046442420 0.000000000 0.002396880 0.012187370 0.070401980 0.070281720 0.005199060 0.031982690 0.054840730 0.037479110 0.037845380 0.042495070 0.052517530 0.052354500 0.015033960 0.015407380 0.015050440 0.015033990 0.020654330 0.115365580 0.097003750 0.086552720 0.111362370 0.111879060 0.081979520 0.081698800 0.007781640 
4     0.059427410 0.050301150 0.052065900 0.073109820 0.090459040 0.020484000 0.062502060 0.098006440 0.016377950 0.010959010 0.021408080 0.041693490 0.016753990 0.016408350 0.011049470 0.010871260 0.021367670 0.024688510 0.041386470 0.041854120 0.014819040 0.069671470 0.067655160 0.040023400 0.037727930 0.002396880 0.000000000 0.000007590 0.091719350 0.085950920 0.005260760 0.011319350 0.010742110 0.037540810 0.037907080 0.042556770 0.052579230 0.052416200 0.015095660 0.015469080 0.015112140 0.015095690 0.020716030 0.022358620 0.094531880 0.095839880 0.097377960 0.119481930 0.100381200 0.063868940 0.007843340 
11     0.069217900 0.060091640 0.061856390 0.073102330 0.090451550 0.020476510 0.062494570 0.098408060 0.016370460 0.010951520 0.021400590 0.041686000 0.016746500 0.016400860 0.011041980 0.010863770 0.021360180 0.073210980 0.050304840 0.050772490 0.021711220 0.058761270 0.075947700 0.033853280 0.036655610 0.012187370 0.000007590 0.000000000 0.090563540 0.079780800 0.015051250 0.011311860 0.010734620 0.047331300 0.047697570 0.052347260 0.062369720 0.059628210 0.024886150 0.025259570 0.024902630 0.024886180 0.030506520 0.022351130 0.091449100 0.100718490 0.091207840 0.113311810 0.097298420 0.057698820 0.017633830 
33     0.065314260 0.088131250 0.069214380 0.076282080 0.093946550 0.065175500 0.118730280 0.085979520 0.063538240 0.078457600 0.079369360 0.078365620 0.093623210 0.081386280 0.032286610 0.067916840 0.084230290 0.069483760 0.101069100 0.109703740 0.097458400 0.106034690 0.105003120 0.098671100 0.077070290 0.070401980 0.091719350 0.090563540 0.000000000 0.000159430 0.001837080 0.023050280 0.047802680 0.039374270 0.032536460 0.037894980 0.032691660 0.020395370 0.020865050 0.045553340 0.058690520 0.036083570 0.010318020 0.056711320 0.063544830 0.064632590 0.041242190 0.041833920 0.064084970 0.043579680 0.089833510 
43     0.035424130 0.086248840 0.067331970 0.074399670 0.096784090 0.056033040 0.056001240 0.053086230 0.062985770 0.054976120 0.073345880 0.061912670 0.031470250 0.036603900 0.031709690 0.043479810 0.050527140 0.074607020 0.085775890 0.102324690 0.077392080 0.104209050 0.106727660 0.080528210 0.062707220 0.070281720 0.085950920 0.079780800 0.000159430 0.000000000 0.008764760 0.022930020 0.055341460 0.038821800 0.031983990 0.040782290 0.032139190 0.019842900 0.043944650 0.059489680 0.048920240 0.034201160 0.019973080 0.072159070 0.061581950 0.062669710 0.040689720 0.041281450 0.063532500 0.032796940 0.042330770 
42     0.054958990 0.045832730 0.047597480 0.089390870 0.090194080 0.059297670 0.086909710 0.081020590 0.048105310 0.054034460 0.064483530 0.073592320 0.059829440 0.059483800 0.054124920 0.053946710 0.064443120 0.060726490 0.082709820 0.118517310 0.067037990 0.100942330 0.097702790 0.068341850 0.064844610 0.005199060 0.005260760 0.015051250 0.001837080 0.008764760 0.000000000 0.027482550 0.049217120 0.032978970 0.027763160 0.033214010 0.027918360 0.015088660 0.010533820 0.010907240 0.010550300 0.010533850 0.004440190 0.050833490 0.057903980 0.058991740 0.036468890 0.037060620 0.059311670 0.013159270 0.003374920 
45     0.036527820 0.072616360 0.074381110 0.066324710 0.083673930 0.013698890 0.055716950 0.054189920 0.009592840 0.004173900 0.014622970 0.034908380 0.009968880 0.009623240 0.004264360 0.004086150 0.014582560 0.052391350 0.086418250 0.095481930 0.026514010 0.102522780 0.104581500 0.060336940 0.056203120 0.031982690 0.011319350 0.011311860 0.023050280 0.022930020 0.027482550 0.000000000 0.000594320 0.011994060 0.019912250 0.008129890 0.022532120 0.020633540 0.016969390 0.017342810 0.016985870 0.016969420 0.022590000 0.012351270 0.043584300 0.046653890 0.064893440 0.057718880 0.071341240 0.063815110 0.030158550 
31     0.071238860 0.084415080 0.073299670 0.065747470 0.083096690 0.013121650 0.055139710 0.093519120 0.009015600 0.003596660 0.014045730 0.034331140 0.009391640 0.009046000 0.003687120 0.003508910 0.014005320 0.066370240 0.094707570 0.114851040 0.025936770 0.114737780 0.113706210 0.074315830 0.070182010 0.054840730 0.010742110 0.010734620 0.047802680 0.055341460 0.049217120 0.000594320 0.000000000 0.025520070 0.027673130 0.017856040 0.032258270 0.020351890 0.039827430 0.022807940 0.038546610 0.039321250 0.045448040 0.011774030 0.040693340 0.043762930 0.059913420 0.054827920 0.052222520 0.058200140 0.053016590 
29     0.078045560 0.076380790 0.079877530 0.083517020 0.078598090 0.081959220 0.102078750 0.094706960 0.062072190 0.089604340 0.077903310 0.076899570 0.095399320 0.079920230 0.060584260 0.066450790 0.087779830 0.068008200 0.108852340 0.106921320 0.107345340 0.102158770 0.103527560 0.092356260 0.081933350 0.037479110 0.037540810 0.047331300 0.039374270 0.038821800 0.032978970 0.011994060 0.025520070 0.000000000 0.000940850 0.003331090 0.007840160 0.019034320 0.022465810 0.022839230 0.022482290 0.022465840 0.028086420 0.043582940 0.059417230 0.060504990 0.039776140 0.040367870 0.062618920 0.046708660 0.035654970 
30     0.085967090 0.078479050 0.080243800 0.075990850 0.071071920 0.084979870 0.119123360 0.087180790 0.055234380 0.084103350 0.071065500 0.070061760 0.097435380 0.073082420 0.053746450 0.059612980 0.087855980 0.068049800 0.103055390 0.099395150 0.110403690 0.104600730 0.103569160 0.095540450 0.074407180 0.037845380 0.037907080 0.047697570 0.032536460 0.031983990 0.027763160 0.019912250 0.027673130 0.000940850 0.000000000 0.000707880 0.000155200 0.012196510 0.022832080 0.023205500 0.022848560 0.022832110 0.028452690 0.074906370 0.062601420 0.063689180 0.032938330 0.033530060 0.055781110 0.039870850 0.036021240 
35     0.068795150 0.083128740 0.072695270 0.074716210 0.069797280 0.072708810 0.096349100 0.085906150 0.064032680 0.081938490 0.079863800 0.078860060 0.096827160 0.081880720 0.062544750 0.068411280 0.086581340 0.067668580 0.101780750 0.098120510 0.109144360 0.096429120 0.099562800 0.090695590 0.073132540 0.042495070 0.042556770 0.052347260 0.037894980 0.040782290 0.033214010 0.008129890 0.017856040 0.003331090 0.000707880 0.000000000 0.002528780 0.009161650 0.027481770 0.027855190 0.027498250 0.027481800 0.033102380 0.075196650 0.062621380 0.065682710 0.041736630 0.042328360 0.062229820 0.048669150 0.040670930 
32     0.073460470 0.086324570 0.078506620 0.071676050 0.066757120 0.084959010 0.096341840 0.082865990 0.055389580 0.089742410 0.071220700 0.068130780 0.095409350 0.073237620 0.053901650 0.059768180 0.083541180 0.071012150 0.098740590 0.095080350 0.107082250 0.096421860 0.099555540 0.090688330 0.070092380 0.052517530 0.052579230 0.062369720 0.032691660 0.032139190 0.027918360 0.022532120 0.032258270 0.007840160 0.000155200 0.002528780 0.000000000 0.011412210 0.036348460 0.037877650 0.037520710 0.037504260 0.036105950 0.069392220 0.060554810 0.070741260 0.033093530 0.033685260 0.055936310 0.040026050 0.050693390 
46     0.048445040 0.058588430 0.054561140 0.073942260 0.069023330 0.067744990 0.108469430 0.077339580 0.043198290 0.094776440 0.059029410 0.043115350 0.095665170 0.061046330 0.041710360 0.047576890 0.085807390 0.063136800 0.101006800 0.097346560 0.066523070 0.083283350 0.108027540 0.078665130 0.069281770 0.052354500 0.052416200 0.059628210 0.020395370 0.019842900 0.015088660 0.020633540 0.020351890 0.019034320 0.012196510 0.009161650 0.011412210 0.000000000 0.024157170 0.033237260 0.027940950 0.031253210 0.009499690 0.046753410 0.025954910 0.035410730 0.020902240 0.021493970 0.042731260 0.011817650 0.050530360 
49     0.064793890 0.055667630 0.057432380 0.098410220 0.087696350 0.070842690 0.086379010 0.085120820 0.057940210 0.086094020 0.074049880 0.073046140 0.099426050 0.076066800 0.056730830 0.062597360 0.098502640 0.079250750 0.092544720 0.107631720 0.083764270 0.101574830 0.116901800 0.058753880 0.063655760 0.015033960 0.015095660 0.024886150 0.020865050 0.043944650 0.010533820 0.016969390 0.039827430 0.022465810 0.022832080 0.027481770 0.036348460 0.024157170 0.000000000 0.000373420 0.000016480 0.000000030 0.000271090 0.045619820 0.011283440 0.020739260 0.034413150 0.035004880 0.039983460 0.018618360 0.013209820 
50     0.065167310 0.056041050 0.057805800 0.088397890 0.088668100 0.035772070 0.077790130 0.084275860 0.031666020 0.026247080 0.036696150 0.056981560 0.032042060 0.031696420 0.026337540 0.026159330 0.036655740 0.079624170 0.092918140 0.110808210 0.048587190 0.102546580 0.107846320 0.057908920 0.062810800 0.015407380 0.015469080 0.025259570 0.045553340 0.059489680 0.010907240 0.017342810 0.022807940 0.022839230 0.023205500 0.027855190 0.037877650 0.033237260 0.000373420 0.000000000 0.000389900 0.000373450 0.004123310 0.017563650 0.014459930 0.023915750 0.050290130 0.064754160 0.042599230 0.021794850 0.013583240 
36     0.064810370 0.055684110 0.057448860 0.105896190 0.102309650 0.075029180 0.096046550 0.094788360 0.057956690 0.065504190 0.075953260 0.078420630 0.071299170 0.070953530 0.065594650 0.065416440 0.075912850 0.079267230 0.092561200 0.109129380 0.080716980 0.104969300 0.108102980 0.068421420 0.073323300 0.015050440 0.015112140 0.024902630 0.058690520 0.048920240 0.010550300 0.016985870 0.038546610 0.022482290 0.022848560 0.027498250 0.037520710 0.027940950 0.000016480 0.000389900 0.000000000 0.000016450 0.005657750 0.045144430 0.012781100 0.022236920 0.045508160 0.059972190 0.037817260 0.019537680 0.013226300 
47     0.064793920 0.055667660 0.057432410 0.088186270 0.109248150 0.081132110 0.103401660 0.100515410 0.054632900 0.075137730 0.076939920 0.078758580 0.088469760 0.083162840 0.063826870 0.069693400 0.087546350 0.079250780 0.092544750 0.142329140 0.091901660 0.108964340 0.112098020 0.075776530 0.080678410 0.015033990 0.015095690 0.024886180 0.036083570 0.034201160 0.010533850 0.016969420 0.039321250 0.022465840 0.022832110 0.027481800 0.037504260 0.031253210 0.000000030 0.000373450 0.000016450 0.000000000 0.005641300 0.047980740 0.003096280 0.062383230 0.008140930 0.042100920 0.003576960 0.030722360 0.013209850 
40     0.062990370 0.061288000 0.056868200 0.073958190 0.071711930 0.060295660 0.100370350 0.079646640 0.057976250 0.076133710 0.073807370 0.072803630 0.085756800 0.075824290 0.056488320 0.062354850 0.085316540 0.050794560 0.089111630 0.107539050 0.075002300 0.085590410 0.090487490 0.072615550 0.071588830 0.020654330 0.020716030 0.030506520 0.010318020 0.019973080 0.004440190 0.022590000 0.045448040 0.028086420 0.028452690 0.033102380 0.036105950 0.009499690 0.000271090 0.004123310 0.005657750 0.005641300 0.000000000 0.042742590 0.011190770 0.020646590 0.034170640 0.034762370 0.034774390 0.018543530 0.018830190 
34     0.077782650 0.084642840 0.088354060 0.077363980 0.094713200 0.024738160 0.066756220 0.120307300 0.020632110 0.015213170 0.025662240 0.045947650 0.021008150 0.020662510 0.015303630 0.015125420 0.025621830 0.072540650 0.110857720 0.129666890 0.037553280 0.116509090 0.116300290 0.094361640 0.094088560 0.115365580 0.022358620 0.022351130 0.056711320 0.072159070 0.050833490 0.012351270 0.011774030 0.043582940 0.074906370 0.075196650 0.069392220 0.046753410 0.045619820 0.017563650 0.045144430 0.047980740 0.042742590 0.000000000 0.015622280 0.000043780 0.019162140 0.019160010 0.008910910 0.003083390 0.102736900 
39     0.061714050 0.107408290 0.086800730 0.104911340 0.110504860 0.110983520 0.099987820 0.108303280 0.086083580 0.090096470 0.091898660 0.093529530 0.095197940 0.103942110 0.095191200 0.087031180 0.094757680 0.060235700 0.098552770 0.103525860 0.107570660 0.100067840 0.103201520 0.082056690 0.076511560 0.097003750 0.094531880 0.091449100 0.063544830 0.061581950 0.057903980 0.043584300 0.040693340 0.059417230 0.062601420 0.062621380 0.060554810 0.025954910 0.011283440 0.014459930 0.012781100 0.003096280 0.011190770 0.015622280 0.000000000 0.000173580 0.005222790 0.034079620 0.000909200 0.019463820 0.110535030 
44     0.071169870 0.108496050 0.096070120 0.110799390 0.111592620 0.112071280 0.109257210 0.109391040 0.075632550 0.095323730 0.096636100 0.094617290 0.096285700 0.105029870 0.091245940 0.096300570 0.095195500 0.061323460 0.099640530 0.112981680 0.097119630 0.107892140 0.106860570 0.083144450 0.066060530 0.086552720 0.095839880 0.100718490 0.064632590 0.062669710 0.058991740 0.046653890 0.043762930 0.060504990 0.063689180 0.065682710 0.070741260 0.035410730 0.020739260 0.023915750 0.022236920 0.062383230 0.020646590 0.000043780 0.000173580 0.000000000 0.019205920 0.019203790 0.022552860 0.003127170 0.154675790 
37     0.099433990 0.106294180 0.098725970 0.102307100 0.097388170 0.084709320 0.109315590 0.108057400 0.054963830 0.104731860 0.070794950 0.069791210 0.100450520 0.072811870 0.053475900 0.059342430 0.089681050 0.065488280 0.103805350 0.122614520 0.098102700 0.122972330 0.134053010 0.081690460 0.086592340 0.111362370 0.097377960 0.091207840 0.041242190 0.040689720 0.036468890 0.064893440 0.059913420 0.039776140 0.032938330 0.041736630 0.033093530 0.020902240 0.034413150 0.050290130 0.045508160 0.008140930 0.034170640 0.019162140 0.005222790 0.019205920 0.000000000 0.000002130 0.001694870 0.003439800 0.115318180 
48     0.093099760 0.099959950 0.097481790 0.107530170 0.102611240 0.085301050 0.102604610 0.101346420 0.055555560 0.101735360 0.071386680 0.070382940 0.098676800 0.073403600 0.054067630 0.059934160 0.089367990 0.063714560 0.102031630 0.120840800 0.108933500 0.122659270 0.130890530 0.074979480 0.079881360 0.111879060 0.119481930 0.113311810 0.041833920 0.041281450 0.037060620 0.057718880 0.054827920 0.040367870 0.033530060 0.042328360 0.033685260 0.021493970 0.035004880 0.064754160 0.059972190 0.042100920 0.034762370 0.019160010 0.034079620 0.019203790 0.000002130 0.000000000 0.001398280 0.004302800 0.173124500 
38     0.087630610 0.112252580 0.082602930 0.097812890 0.092893960 0.107552100 0.087725750 0.086467560 0.061506820 0.094626620 0.093637730 0.092633990 0.093896110 0.095654650 0.076318680 0.082004820 0.093009740 0.065079990 0.103397060 0.121217190 0.105637200 0.105917160 0.109050840 0.060100620 0.065002500 0.081979520 0.100381200 0.097298420 0.064084970 0.063532500 0.059311670 0.071341240 0.052222520 0.062618920 0.055781110 0.062229820 0.055936310 0.042731260 0.039983460 0.042599230 0.037817260 0.003576960 0.034774390 0.008910910 0.000909200 0.022552860 0.001694870 0.001398280 0.000000000 0.002129780 0.097941690 
41     0.074000290 0.116182830 0.061796320 0.096916140 0.091997210 0.086800450 0.066919140 0.065660950 0.040700210 0.076965140 0.076259730 0.076723730 0.091988550 0.079744390 0.060408420 0.061198210 0.078008620 0.085592390 0.114339170 0.115812100 0.064593680 0.111083350 0.121603970 0.039294010 0.044195890 0.081698800 0.063868940 0.057698820 0.043579680 0.032796940 0.013159270 0.063815110 0.058200140 0.046708660 0.039870850 0.048669150 0.040026050 0.011817650 0.018618360 0.021794850 0.019537680 0.030722360 0.018543530 0.003083390 0.019463820 0.003127170 0.003439800 0.004302800 0.002129780 0.000000000 0.096034130 
0     0.044624280 0.042462430 0.044227180 0.129440210 0.153136390 0.065233190 0.015006600 0.027065090 0.044735010 0.064176270 0.082546030 0.071112820 0.040670400 0.045804050 0.062929490 0.052679960 0.059727290 0.066045550 0.079339520 0.133439570 0.067668420 0.106339880 0.103696600 0.064971550 0.090577310 0.007781640 0.007843340 0.017633830 0.089833510 0.042330770 0.003374920 0.030158550 0.053016590 0.035654970 0.036021240 0.040670930 0.050693390 0.050530360 0.013209820 0.013583240 0.013226300 0.013209850 0.018830190 0.102736900 0.110535030 0.154675790 0.115318180 0.173124500 0.097941690 0.096034130 0.000000000 
