51
12     0.000000000 0.197255644 0.261458941 0.572033827 0.634945147 0.571246587 0.593681828 1.008754914 1.021493776 0.990758460 0.997074854 1.034838164 0.979030607 1.037785909 1.020473966 0.979046986 0.963687364 0.918168357 0.973994699 0.890704882 1.118146543 1.124600441 0.915614463 0.921310621 1.170894071 1.137607619 1.124666497 0.876539015 1.145065027 1.118626670 0.991236592 0.904049375 0.905982972 0.868642302 0.900298992 1.136693520 1.142296496 1.027428078 1.124538527 1.017521737 1.056771925 1.064533183 1.086166900 1.087492143 0.880266855 1.032899855 1.007523154 1.081612506 1.034290558 0.911414455 2.457589601 
1     0.197255644 0.000000000 0.239428116 0.587853967 0.650653989 0.587066727 0.609501968 1.023940983 1.036679846 1.005944530 1.012260924 1.050024233 0.994216676 1.052971978 1.035660035 0.994233056 0.978873433 0.933354426 0.989180768 0.905890951 1.133332612 1.139786510 0.931040303 0.936736461 1.185692059 1.152430864 1.139489741 0.891963006 1.160489019 1.134050661 1.006660583 0.919473367 0.921406963 0.884066293 0.915722983 1.152313156 1.157916133 1.043047715 1.140158163 1.033141373 1.072391561 1.080152820 1.101786536 1.103046667 0.895886491 1.048519491 1.023142791 1.097232142 1.049910195 0.927034092 2.473209238 
25     0.261458941 0.239428116 0.000000000 0.649426963 0.712278201 0.648803579 0.671238820 1.087338367 1.100077230 1.069341914 1.075658308 1.113421618 1.057614061 1.116369362 1.099057420 1.057630440 1.042270818 0.996751810 1.052578153 0.969288336 1.196729996 1.203183894 0.994197917 0.999894074 1.249477524 1.216191073 1.203249950 0.955122468 1.223648481 1.197210124 1.069820045 0.982632829 0.984566425 0.947225756 0.978882446 1.215276973 1.220879950 1.106011532 1.203121980 1.096105190 1.135355379 1.143116637 1.164750353 1.166075597 0.958850308 1.111483308 1.086106608 1.160195959 1.112874012 0.989997909 2.536173055 
7     0.572033827 0.587853967 0.649426963 0.000000000 0.386443221 0.318266262 0.340900818 1.068770812 1.081509675 1.050774359 1.057090753 1.094714437 1.038906880 1.097568051 1.080256108 1.038923260 1.023563637 0.978044630 1.033970954 0.950570842 1.178022816 1.184476714 0.975235940 0.980996515 1.230590232 1.197303780 1.184362658 0.936045301 1.204124400 1.177686042 1.050929250 0.963742033 0.965675630 0.928334960 0.959991650 1.194909417 1.200512394 1.085938570 1.182931826 1.075377689 1.114908230 1.122747762 1.144874781 1.146625753 0.938858018 1.091001590 1.065624890 1.139934784 1.092392294 0.970184771 2.510593439 
23     0.634945147 0.650653989 0.712278201 0.386443221 0.000000000 0.330374556 0.356615091 1.131529542 1.144268405 1.113533089 1.119849483 1.157473167 1.101665610 1.160183005 1.142871062 1.101681990 1.086322367 1.040803360 1.096426930 1.013026818 1.240475933 1.246929831 1.037994670 1.043755245 1.293442397 1.260155946 1.246332335 0.999079779 1.267158878 1.240720521 1.113963728 1.026776512 1.028710108 0.991369439 1.023026128 1.258811091 1.264414067 1.149840243 1.246833499 1.139279362 1.178809903 1.186649436 1.208776454 1.210527426 1.002759691 1.154903263 1.129526563 1.203836458 1.156293967 1.034086444 2.574104387 
35     0.571246587 0.587066727 0.648803579 0.318266262 0.330374556 0.000000000 0.162455618 1.065488675 1.078227537 1.047492221 1.053808616 1.091432300 1.035624743 1.094142137 1.076830195 1.035641122 1.020281500 0.974762493 1.030386063 0.946985950 1.174435066 1.180888964 0.971953803 0.977714378 1.227401530 1.194115078 1.180291468 0.933038912 1.201157393 1.174719035 1.047922861 0.960735645 0.962669241 0.925328571 0.956985261 1.192770223 1.198373200 1.083799376 1.180792632 1.073238495 1.112769036 1.120608568 1.142735587 1.144486559 0.936718824 1.088862396 1.063485696 1.137795590 1.090253100 0.968045577 2.508063520 
31     0.593681828 0.609501968 0.671238820 0.340900818 0.356615091 0.162455618 0.000000000 1.085782546 1.098521409 1.067786093 1.074289456 1.112545858 1.056323111 1.114840505 1.097528562 1.056754680 1.041395057 0.995460860 1.051499620 0.968099508 1.195495074 1.201948972 0.993013810 0.998950632 1.248706082 1.215419630 1.201596020 0.954328219 1.222446700 1.196008343 1.069212168 0.982024952 0.983958548 0.946617879 0.978274569 1.214252376 1.219855353 1.105281529 1.202274784 1.094720648 1.134251189 1.142090721 1.164217740 1.165968711 0.958200977 1.110344549 1.084967848 1.159277743 1.111735253 0.989527729 2.527127747 
5     1.008754914 1.023940983 1.087338367 1.068770812 1.131529542 1.065488675 1.085782546 0.000000000 0.158436517 0.223280819 0.306727831 0.649830826 0.589932213 0.650616921 0.632926091 0.591904283 0.575324393 0.529103479 0.678120413 0.591862559 0.900249318 0.906761418 0.701808618 0.702382120 1.113900837 1.080885251 1.067639184 0.865970074 1.134790028 1.108155604 0.979929557 0.890617777 0.892612521 0.858020282 0.889334843 1.253411522 1.259014499 1.144783009 1.241954260 1.135335456 1.174986520 1.182886647 1.203807211 1.205953909 0.995962858 1.149801743 1.124065521 1.198530319 1.149508442 1.029034442 2.577599184 
30     1.021493776 1.036679846 1.100077230 1.081509675 1.144268405 1.078227537 1.098521409 0.158436517 0.000000000 0.240384439 0.318462337 0.661301742 0.601890411 0.662869676 0.645178846 0.604171456 0.586802443 0.540363710 0.690030180 0.603637809 0.912104775 0.918616875 0.713571378 0.714232221 1.125976853 1.092961267 1.079715200 0.878708937 1.147528891 1.120894467 0.992668420 0.903356640 0.905351383 0.870759144 0.902073706 1.266220672 1.271823649 1.157592160 1.254763410 1.148144606 1.187795670 1.195695798 1.217040282 1.219615786 1.008894672 1.162733558 1.136997335 1.211462134 1.162440257 1.041966257 2.590048738 
9     0.990758460 1.005944530 1.069341914 1.050774359 1.113533089 1.047492221 1.067786093 0.223280819 0.240384439 0.000000000 0.283125114 0.630989875 0.570472629 0.631448300 0.613757470 0.573149917 0.557377401 0.511200886 0.659199181 0.573044707 0.882001305 0.888513405 0.683230592 0.683693125 1.093902642 1.060738457 1.047823993 0.848200137 1.117126650 1.090688292 0.961755211 0.873079167 0.875073910 0.840262664 0.871577225 1.235485356 1.241088333 1.126856844 1.224028094 1.117409290 1.157060354 1.164960482 1.186304966 1.188880470 0.978159356 1.131998242 1.106262019 1.180726818 1.131704941 1.011230941 2.559313422 
4     0.997074854 1.012260924 1.075658308 1.057090753 1.119849483 1.053808616 1.074289456 0.306727831 0.318462337 0.283125114 0.000000000 0.636699981 0.579251517 0.639269225 0.621578396 0.580699399 0.563315078 0.516876341 0.666616050 0.580366071 0.887263410 0.893775510 0.687913804 0.689360920 1.101762916 1.068747329 1.055501262 0.854610129 1.123675794 1.097237437 0.968721085 0.879628311 0.881623055 0.846811809 0.878126370 1.241801750 1.247404727 1.133173238 1.230344488 1.123725684 1.163376748 1.171276876 1.192621360 1.195196864 0.984475750 1.138314636 1.112578413 1.187043212 1.138021335 1.017547335 2.565629816 
2     1.034838164 1.050024233 1.113421618 1.094714437 1.157473167 1.091432300 1.112545858 0.649830826 0.661301742 0.630989875 0.636699981 0.000000000 0.603734259 0.660412685 0.642515785 0.605497699 0.593973808 0.548945905 0.704263504 0.618526117 0.924552579 0.931064679 0.727218754 0.729042875 1.137967321 1.104951735 1.091553117 0.891190011 1.160980333 1.134541976 1.005287113 0.916362649 0.918357392 0.883345780 0.914660341 1.279976487 1.285579463 1.170846162 1.268017412 1.161286955 1.201049672 1.208949800 1.229624169 1.232418959 1.021847256 1.175686141 1.149949919 1.224236467 1.175389081 1.054981361 2.599872286 
20     0.979030607 0.994216676 1.057614061 1.038906880 1.101665610 1.035624743 1.056323111 0.589932213 0.601890411 0.570472629 0.579251517 0.603734259 0.000000000 0.432424721 0.416290602 0.396921801 0.507182764 0.459228339 0.643937933 0.557733725 0.868700446 0.875212546 0.668881771 0.671784377 1.083564252 1.050548666 1.037013174 0.835297456 1.104988534 1.078550176 0.949392863 0.860391283 0.862386026 0.827353981 0.858668542 1.224049011 1.229651988 1.115063361 1.212234612 1.105354835 1.145266872 1.153166999 1.174807786 1.177432425 0.966548596 1.120387482 1.094651259 1.168937807 1.120090421 0.999682701 2.546972940 
14     1.037785909 1.052971978 1.116369362 1.097568051 1.160183005 1.094142137 1.114840505 0.650616921 0.662869676 0.631448300 0.639269225 0.660412685 0.432424721 0.000000000 0.181343490 0.455272155 0.567535223 0.519129219 0.703888630 0.616866592 0.928167525 0.934679625 0.731294950 0.731932541 1.142831694 1.109816107 1.096511783 0.894603594 1.164294671 1.137856314 1.008452284 0.919697421 0.921692164 0.886660118 0.917974680 1.282806430 1.288409406 1.173758167 1.270929418 1.164014072 1.203938911 1.211861805 1.233678081 1.236302720 1.025391325 1.179257777 1.153521555 1.227808102 1.178660651 1.058552996 2.606262215 
17     1.020473966 1.035660035 1.099057420 1.080256108 1.142871062 1.076830195 1.097528562 0.632926091 0.645178846 0.613757470 0.621578396 0.642515785 0.416290602 0.181343490 0.000000000 0.438059533 0.550374211 0.502310819 0.686585030 0.599520965 0.910851268 0.917363368 0.713909947 0.714620599 1.125519751 1.092504164 1.079107333 0.877291651 1.146982729 1.120544371 0.991140341 0.902385478 0.904380221 0.869348176 0.900662737 1.265494487 1.271097464 1.156446225 1.253617475 1.146702129 1.186626968 1.194549863 1.216366138 1.218990777 1.008079382 1.161945835 1.136209612 1.210496160 1.161348708 1.041241054 2.588950273 
11     0.979046986 0.994233056 1.057630440 1.038923260 1.101681990 1.035641122 1.056754680 0.591904283 0.604171456 0.573149917 0.580699399 0.605497699 0.396921801 0.455272155 0.438059533 0.000000000 0.506993239 0.460028626 0.644347059 0.557849671 0.868237842 0.874749942 0.668938855 0.669759491 1.083403273 1.050387687 1.036990856 0.836161655 1.105099523 1.078661166 0.950242362 0.861240782 0.863235526 0.828203480 0.859518041 1.223983414 1.229586391 1.115030461 1.212201712 1.105315704 1.145233972 1.153134099 1.174774886 1.177399525 0.966515697 1.120354582 1.094618360 1.168904907 1.119886052 0.999470712 2.547123365 
32     0.963687364 0.978873433 1.042270818 1.023563637 1.086322367 1.020281500 1.041395057 0.575324393 0.586802443 0.557377401 0.563315078 0.593973808 0.507182764 0.567535223 0.550374211 0.506993239 0.000000000 0.275817167 0.635970029 0.552310671 0.856196469 0.862708569 0.654673428 0.654996966 1.067670097 1.034654510 1.021394830 0.820650972 1.089972574 1.063534217 0.935057078 0.846096495 0.848091238 0.813076531 0.844101725 1.208236165 1.213839141 1.098918533 1.196089783 1.088575531 1.128868062 1.136974695 1.158938414 1.161702512 0.950709351 1.104065515 1.078468189 1.152597905 1.103907351 0.984156886 2.531616954 
19     0.918168357 0.933354426 0.996751810 0.978044630 1.040803360 0.974762493 0.995460860 0.529103479 0.540363710 0.511200886 0.516876341 0.548945905 0.459228339 0.519129219 0.502310819 0.460028626 0.275817167 0.000000000 0.589364360 0.504467963 0.809344871 0.815856971 0.608734788 0.609518007 1.021954588 0.988939001 0.975679321 0.774801716 1.043658413 1.017220055 0.888742917 0.799917001 0.801911744 0.766897037 0.797656953 1.163674194 1.169277171 1.054544196 1.151715447 1.044898878 1.084747707 1.092647834 1.114157908 1.116913260 0.906029431 1.059868317 1.034132094 1.108418642 1.059571256 0.939163536 2.486193290 
18     0.973994699 0.989180768 1.052578153 1.033970954 1.096426930 1.030386063 1.051499620 0.678120413 0.690030180 0.659199181 0.666616050 0.704263504 0.643937933 0.703888630 0.686585030 0.644347059 0.635970029 0.589364360 0.000000000 0.453672720 0.872744855 0.879256955 0.672730982 0.676858032 1.080263814 1.047248228 1.034070161 0.832445795 1.101910723 1.075472366 0.946328495 0.857313473 0.859308216 0.824276170 0.855597451 1.219768740 1.225371717 1.111092841 1.208264313 1.101102508 1.140785909 1.148686037 1.170491585 1.172861639 0.962424915 1.116374236 1.090021898 1.164441035 1.115935720 0.995783179 2.542629024 
6     0.890704882 0.905890951 0.969288336 0.950570842 1.013026818 0.946985950 0.968099508 0.591862559 0.603637809 0.573044707 0.580366071 0.618526117 0.557733725 0.616866592 0.599520965 0.557849671 0.552310671 0.504467963 0.453672720 0.000000000 0.785695067 0.792207167 0.588457593 0.591856165 0.997802866 0.964787280 0.951555478 0.749163367 1.018614831 0.992176473 0.862548631 0.774229611 0.776224355 0.740720077 0.772041358 1.136212964 1.141815941 1.027405777 1.124577249 1.017546732 1.057230133 1.065130260 1.086740643 1.089110697 0.878474197 1.032713734 1.006820399 1.081242655 1.032680034 0.912223585 2.459651731 
26     1.118146543 1.133332612 1.196729996 1.178022816 1.240475933 1.174435066 1.195495074 0.900249318 0.912104775 0.882001305 0.887263410 0.924552579 0.868700446 0.928167525 0.910851268 0.868237842 0.856196469 0.809344871 0.872744855 0.785695067 0.000000000 0.160485631 0.752271388 0.755730765 1.220558461 1.187542874 1.174761627 0.972193512 1.242065038 1.215626681 1.086775958 0.997338916 0.999360485 0.963829381 0.995268675 1.362058725 1.367661702 1.253096390 1.350038511 1.243113341 1.282796576 1.290696703 1.311998435 1.314619287 1.104662616 1.258324364 1.232883055 1.307052940 1.259232401 1.137869645 2.686869855 
3     1.124600441 1.139786510 1.203183894 1.184476714 1.246929831 1.180888964 1.201948972 0.906761418 0.918616875 0.888513405 0.893775510 0.931064679 0.875212546 0.934679625 0.917363368 0.874749942 0.862708569 0.815856971 0.879256955 0.792207167 0.160485631 0.000000000 0.758679198 0.762102654 1.227012359 1.193996772 1.181215526 0.978647410 1.248518936 1.222080579 1.093229856 1.003792814 1.005814383 0.970283279 1.001722573 1.368512623 1.374115600 1.259550288 1.356492409 1.249567239 1.289250474 1.297150601 1.318452333 1.321073186 1.111116514 1.264778262 1.239336953 1.313506838 1.265686299 1.144323543 2.693323753 
27     0.915614463 0.931040303 0.994197917 0.975235940 1.037994670 0.971953803 0.993013810 0.701808618 0.713571378 0.683230592 0.687913804 0.727218754 0.668881771 0.731294950 0.713909947 0.668938855 0.654673428 0.608734788 0.672730982 0.588457593 0.752271388 0.758679198 0.000000000 0.495111856 1.019275944 0.986328362 0.973196807 0.771281871 1.040366480 1.013928123 0.885766350 0.796935004 0.798929748 0.763425470 0.794864764 1.159274393 1.164877370 1.049404795 1.143803674 1.039985788 1.079608305 1.087508432 1.108694690 1.111315542 0.900758822 1.054522806 1.029122268 1.103251382 1.055430843 0.933586309 2.484672847 
28     0.921310621 0.936736461 0.999894074 0.980996515 1.043755245 0.977714378 0.998950632 0.702382120 0.714232221 0.683693125 0.689360920 0.729042875 0.671784377 0.731932541 0.714620599 0.669759491 0.654996966 0.609518007 0.676858032 0.591856165 0.755730765 0.762102654 0.495111856 0.000000000 1.024657087 0.991709505 0.978769300 0.776754432 1.045850616 1.019412259 0.891191980 0.802370245 0.804364989 0.768902329 0.800300005 1.166515783 1.172118760 1.056646184 1.153133828 1.047227177 1.086849695 1.094749822 1.115452781 1.118054753 0.908077638 1.061477978 1.036036669 1.110206554 1.062386015 0.940825399 2.487409987 
13     1.170894071 1.185692059 1.249477524 1.230590232 1.293442397 1.227401530 1.248706082 1.113900837 1.125976853 1.093902642 1.101762916 1.137967321 1.083564252 1.142831694 1.125519751 1.083403273 1.067670097 1.021954588 1.080263814 0.997802866 1.220558461 1.227012359 1.019275944 1.024657087 0.000000000 0.202005681 0.475642272 1.026681653 1.296361732 1.269923375 1.142415994 1.052901860 1.054896603 1.019378928 1.051005921 1.416765121 1.422368098 1.307378398 1.405116691 1.297947261 1.337486121 1.345386248 1.367619646 1.369947708 1.158894348 1.312824165 1.287382855 1.361552740 1.313821835 1.192023516 2.739337670 
15     1.137607619 1.152430864 1.216191073 1.197303780 1.260155946 1.194115078 1.215419630 1.080885251 1.092961267 1.060738457 1.068747329 1.104951735 1.050548666 1.109816107 1.092504164 1.050387687 1.034654510 0.988939001 1.047248228 0.964787280 1.187542874 1.193996772 0.986328362 0.991709505 0.202005681 0.000000000 0.448092072 0.993638000 1.263128952 1.236690595 1.109166207 1.019556336 1.021637420 0.986033404 1.017746738 1.383009090 1.388612067 1.273894099 1.371632392 1.264061247 1.303443114 1.311343241 1.334135347 1.336463409 1.125410049 1.279339865 1.253898556 1.328068441 1.280337536 1.158539216 2.705997295 
10     1.124666497 1.139489741 1.203249950 1.184362658 1.246332335 1.180291468 1.201596020 1.067639184 1.079715200 1.047823993 1.055501262 1.091553117 1.037013174 1.096511783 1.079107333 1.036990856 1.021394830 0.975679321 1.034070161 0.951555478 1.174761627 1.181215526 0.973196807 0.978769300 0.475642272 0.448092072 0.000000000 0.980460121 1.250118551 1.223680193 1.096164668 1.005673632 1.007668375 0.972094684 1.003755745 1.369752445 1.375355422 1.260167268 1.358104015 1.250934585 1.290473445 1.298373572 1.320326689 1.322062692 1.111967019 1.265896836 1.240455526 1.314625411 1.266894506 1.145096187 2.693074916 
24     0.876539015 0.891963006 0.955122468 0.936045301 0.999079779 0.933038912 0.954328219 0.865970074 0.878708937 0.848200137 0.854610129 0.891190011 0.835297456 0.894603594 0.877291651 0.836161655 0.820650972 0.774801716 0.832445795 0.749163367 0.972193512 0.978647410 0.771281871 0.776754432 1.026681653 0.993638000 0.980460121 0.000000000 0.809464525 0.782915352 0.656291608 0.569901761 0.572205062 0.534522282 0.566561557 1.119824525 1.125427502 1.010566547 1.108210642 1.000997033 1.040321090 1.048221217 1.069442612 1.072084500 0.861873278 1.015583651 0.990331498 1.064459081 1.016104153 0.895459034 2.439175746 
8     1.145065027 1.160489019 1.223648481 1.204124400 1.267158878 1.201157393 1.222446700 1.134790028 1.147528891 1.117126650 1.123675794 1.160980333 1.104988534 1.164294671 1.146982729 1.105099523 1.089972574 1.043658413 1.101910723 1.018614831 1.242065038 1.248518936 1.040366480 1.045850616 1.296361732 1.263128952 1.250118551 0.809464525 0.000000000 0.257778495 0.773994402 0.705174889 0.707327907 0.667601782 0.699811041 1.386535393 1.392138370 1.277170258 1.374738908 1.267649692 1.306973274 1.314873401 1.337049637 1.339281540 1.128825997 1.282618699 1.257382936 1.331510519 1.283155591 1.162551754 2.705811520 
16     1.118626670 1.134050661 1.197210124 1.177686042 1.240720521 1.174719035 1.196008343 1.108155604 1.120894467 1.090688292 1.097237437 1.134541976 1.078550176 1.137856314 1.120544371 1.078661166 1.063534217 1.017220055 1.075472366 0.992176473 1.215626681 1.222080579 1.013928123 1.019412259 1.269923375 1.236690595 1.223680193 0.782915352 0.257778495 0.000000000 0.747423507 0.678271721 0.680455117 0.640728992 0.672938345 1.360097035 1.365700012 1.250731901 1.348300550 1.241211334 1.280534916 1.288435044 1.310611280 1.312843182 1.102387640 1.256180341 1.230944579 1.305072161 1.256717234 1.136113397 2.679373163 
33     0.991236592 1.006660583 1.069820045 1.050929250 1.113963728 1.047922861 1.069212168 0.979929557 0.992668420 0.961755211 0.968721085 1.005287113 0.949392863 1.008452284 0.991140341 0.950242362 0.935057078 0.888742917 0.946328495 0.862548631 1.086775958 1.093229856 0.885766350 0.891191980 1.142415994 1.109166207 1.096164668 0.656291608 0.773994402 0.747423507 0.000000000 0.549177555 0.551639766 0.512460477 0.546096653 1.233860795 1.239463771 1.124626597 1.222134590 1.115045374 1.154341012 1.162241139 1.184605563 1.186835217 0.975709973 1.129136523 1.103900761 1.178028343 1.129673416 1.009375802 2.552463694 
29     0.904049375 0.919473367 0.982632829 0.963742033 1.026776512 0.960735645 0.982024952 0.890617777 0.903356640 0.873079167 0.879628311 0.916362649 0.860391283 0.919697421 0.902385478 0.861240782 0.846096495 0.799917001 0.857313473 0.774229611 0.997338916 1.003792814 0.796935004 0.802370245 1.052901860 1.019556336 1.005673632 0.569901761 0.705174889 0.678271721 0.549177555 0.000000000 0.091782544 0.175875587 0.207026108 1.145039790 1.150642766 1.035805592 1.133313585 1.026224369 1.065547951 1.073448078 1.095822187 1.098051841 0.887118246 1.039523185 1.015098882 1.089289496 1.040934569 0.920559612 2.463792911 
22     0.905982972 0.921406963 0.984566425 0.965675630 1.028710108 0.962669241 0.983958548 0.892612521 0.905351383 0.875073910 0.881623055 0.918357392 0.862386026 0.921692164 0.904380221 0.863235526 0.848091238 0.801911744 0.859308216 0.776224355 0.999360485 1.005814383 0.798929748 0.804364989 1.054896603 1.021637420 1.007668375 0.572205062 0.707327907 0.680455117 0.551639766 0.091782544 0.000000000 0.178658763 0.209219897 1.146624202 1.152227179 1.037390004 1.134897997 1.027808781 1.067132363 1.075032491 1.097160364 1.099636253 0.888517468 1.040857841 1.016498104 1.090688718 1.042333791 0.921561721 2.465568245 
21     0.868642302 0.884066293 0.947225756 0.928334960 0.991369439 0.925328571 0.946617879 0.858020282 0.870759144 0.840262664 0.846811809 0.883345780 0.827353981 0.886660118 0.869348176 0.828203480 0.813076531 0.766897037 0.824276170 0.740720077 0.963829381 0.970283279 0.763425470 0.768902329 1.019378928 0.986033404 0.972094684 0.534522282 0.667601782 0.640728992 0.512460477 0.175875587 0.178658763 0.000000000 0.136582239 1.111752181 1.117355157 1.002517983 1.100025976 0.992936760 1.032260342 1.040160469 1.062496949 1.064726603 0.853793008 1.006760666 0.982286294 1.056413876 1.008058949 0.887344553 2.429729655 
34     0.900298992 0.915722983 0.978882446 0.959991650 1.023026128 0.956985261 0.978274569 0.889334843 0.902073706 0.871577225 0.878126370 0.914660341 0.858668542 0.917974680 0.900662737 0.859518041 0.844101725 0.797656953 0.855597451 0.772041358 0.995268675 1.001722573 0.794864764 0.800300005 1.051005921 1.017746738 1.003755745 0.566561557 0.699811041 0.672938345 0.546096653 0.207026108 0.209219897 0.136582239 0.000000000 1.143315270 1.148918247 1.034081073 1.131589066 1.024499850 1.063823432 1.071723559 1.094118837 1.096348491 0.885285747 1.037739256 1.013267399 1.087428364 1.039127249 0.918875643 2.461386344 
46     1.136693520 1.152313156 1.215276973 1.194909417 1.258811091 1.192770223 1.214252376 1.253411522 1.266220672 1.235485356 1.241801750 1.279976487 1.224049011 1.282806430 1.265494487 1.223983414 1.208236165 1.163674194 1.219768740 1.136212964 1.362058725 1.368512623 1.159274393 1.166515783 1.416765121 1.383009090 1.369752445 1.119824525 1.386535393 1.360097035 1.233860795 1.145039790 1.146624202 1.111752181 1.143315270 0.000000000 0.183913139 0.649621380 0.743891642 0.636844209 0.675199898 0.681171143 1.024159643 1.026868328 0.816611407 0.970294121 0.945016045 1.018426506 0.971989951 0.848308136 2.672246893 
42     1.142296496 1.157916133 1.220879950 1.200512394 1.264414067 1.198373200 1.219855353 1.259014499 1.271823649 1.241088333 1.247404727 1.285579463 1.229651988 1.288409406 1.271097464 1.229586391 1.213839141 1.169277171 1.225371717 1.141815941 1.367661702 1.374115600 1.164877370 1.172118760 1.422368098 1.388612067 1.375355422 1.125427502 1.392138370 1.365700012 1.239463771 1.150642766 1.152227179 1.117355157 1.148918247 0.183913139 0.000000000 0.655443568 0.749751411 0.642057309 0.680462667 0.686433911 1.029762620 1.032471305 0.822214384 0.975897098 0.950619021 1.024029483 0.977592927 0.853911113 2.677849870 
44     1.027428078 1.043047715 1.106011532 1.085938570 1.149840243 1.083799376 1.105281529 1.144783009 1.157592160 1.126856844 1.133173238 1.170846162 1.115063361 1.173758167 1.156446225 1.115030461 1.098918533 1.054544196 1.111092841 1.027405777 1.253096390 1.259550288 1.049404795 1.056646184 1.307378398 1.273894099 1.260167268 1.010566547 1.277170258 1.250731901 1.124626597 1.035805592 1.037390004 1.002517983 1.034081073 0.649621380 0.655443568 0.000000000 0.403453822 0.422282305 0.459138129 0.466907869 0.915327608 0.918186590 0.707230809 0.860005366 0.834711358 0.908287266 0.861827873 0.738941461 2.562432753 
38     1.124538527 1.140158163 1.203121980 1.182931826 1.246833499 1.180792632 1.202274784 1.241954260 1.254763410 1.224028094 1.230344488 1.268017412 1.212234612 1.270929418 1.253617475 1.212201712 1.196089783 1.151715447 1.208264313 1.124577249 1.350038511 1.356492409 1.143803674 1.153133828 1.405116691 1.371632392 1.358104015 1.108210642 1.374738908 1.348300550 1.222134590 1.133313585 1.134897997 1.100025976 1.131589066 0.743891642 0.749751411 0.403453822 0.000000000 0.518405678 0.556669046 0.565317860 1.012524553 1.015383534 0.804192408 0.957401248 0.932123172 1.005556470 0.959097078 0.835923345 2.659553365 
45     1.017521737 1.033141373 1.096105190 1.075377689 1.139279362 1.073238495 1.094720648 1.135335456 1.148144606 1.117409290 1.123725684 1.161286955 1.105354835 1.164014072 1.146702129 1.105315704 1.088575531 1.044898878 1.101102508 1.017546732 1.243113341 1.249567239 1.039985788 1.047227177 1.297947261 1.264061247 1.250934585 1.000997033 1.267649692 1.241211334 1.115045374 1.026224369 1.027808781 0.992936760 1.024499850 0.636844209 0.642057309 0.422282305 0.518405678 0.000000000 0.336758356 0.345336459 0.905987182 0.908823334 0.697230205 0.850509297 0.825231221 0.897359409 0.852312011 0.729598315 2.552725030 
37     1.056771925 1.072391561 1.135355379 1.114908230 1.178809903 1.112769036 1.134251189 1.174986520 1.187795670 1.157060354 1.163376748 1.201049672 1.145266872 1.203938911 1.186626968 1.145233972 1.128868062 1.084747707 1.140785909 1.057230133 1.282796576 1.289250474 1.079608305 1.086849695 1.337486121 1.303443114 1.290473445 1.040321090 1.306973274 1.280534916 1.154341012 1.065547951 1.067132363 1.032260342 1.063823432 0.675199898 0.680462667 0.459138129 0.556669046 0.336758356 0.000000000 0.270261427 0.944671609 0.948078215 0.736808065 0.890419108 0.865141032 0.937824183 0.892114938 0.768940908 2.592149224 
48     1.064533183 1.080152820 1.143116637 1.122747762 1.186649436 1.120608568 1.142090721 1.182886647 1.195695798 1.164960482 1.171276876 1.208949800 1.153166999 1.211861805 1.194549863 1.153134099 1.136974695 1.092647834 1.148686037 1.065130260 1.290696703 1.297150601 1.087508432 1.094749822 1.345386248 1.311343241 1.298373572 1.048221217 1.314873401 1.288435044 1.162241139 1.073448078 1.075032491 1.040160469 1.071723559 0.681171143 0.686433911 0.466907869 0.565317860 0.345336459 0.270261427 0.000000000 0.952478821 0.955931241 0.744507777 0.898094201 0.872816125 0.945475377 0.899790031 0.776718855 2.600049351 
43     1.086166900 1.101786536 1.164750353 1.144874781 1.208776454 1.142735587 1.164217740 1.203807211 1.217040282 1.186304966 1.192621360 1.229624169 1.174807786 1.233678081 1.216366138 1.174774886 1.158938414 1.114157908 1.170491585 1.086740643 1.311998435 1.318452333 1.108694690 1.115452781 1.367619646 1.334135347 1.320326689 1.069442612 1.337049637 1.310611280 1.184605563 1.095822187 1.097160364 1.062496949 1.094118837 1.024159643 1.029762620 0.915327608 1.012524553 0.905987182 0.944671609 0.952478821 0.000000000 0.535721203 0.717452024 0.870816783 0.845606488 0.919703353 0.872653814 0.750621097 2.621150377 
41     1.087492143 1.103046667 1.166075597 1.146625753 1.210527426 1.144486559 1.165968711 1.205953909 1.219615786 1.188880470 1.195196864 1.232418959 1.177432425 1.236302720 1.218990777 1.177399525 1.161702512 1.116913260 1.172861639 1.089110697 1.314619287 1.321073186 1.111315542 1.118054753 1.369947708 1.336463409 1.322062692 1.072084500 1.339281540 1.312843182 1.186835217 1.098051841 1.099636253 1.064726603 1.096348491 1.026868328 1.032471305 0.918186590 1.015383534 0.908823334 0.948078215 0.955931241 0.535721203 0.000000000 0.719529766 0.872563059 0.847352765 0.921449630 0.874400091 0.751322006 2.620663262 
50     0.880266855 0.895886491 0.958850308 0.938858018 1.002759691 0.936718824 0.958200977 0.995962858 1.008894672 0.978159356 0.984475750 1.021847256 0.966548596 1.025391325 1.008079382 0.966515697 0.950709351 0.906029431 0.962424915 0.878474197 1.104662616 1.111116514 0.900758822 0.908077638 1.158894348 1.125410049 1.111967019 0.861873278 1.128825997 1.102387640 0.975709973 0.887118246 0.888517468 0.853793008 0.885285747 0.816611407 0.822214384 0.707230809 0.804192408 0.697230205 0.736808065 0.744507777 0.717452024 0.719529766 0.000000000 0.593828532 0.568932369 0.642179316 0.595541854 0.490516992 2.409587209 
36     1.032899855 1.048519491 1.111483308 1.091001590 1.154903263 1.088862396 1.110344549 1.149801743 1.162733558 1.131998242 1.138314636 1.175686141 1.120387482 1.179257777 1.161945835 1.120354582 1.104065515 1.059868317 1.116374236 1.032713734 1.258324364 1.264778262 1.054522806 1.061477978 1.312824165 1.279339865 1.265896836 1.015583651 1.282618699 1.256180341 1.129136523 1.039523185 1.040857841 1.006760666 1.037739256 0.970294121 0.975897098 0.860005366 0.957401248 0.850509297 0.890419108 0.898094201 0.870816783 0.872563059 0.593828532 0.000000000 0.154545469 0.360185727 0.311728728 0.640366654 2.563370219 
39     1.007523154 1.023142791 1.086106608 1.065624890 1.129526563 1.063485696 1.084967848 1.124065521 1.136997335 1.106262019 1.112578413 1.149949919 1.094651259 1.153521555 1.136209612 1.094618360 1.078468189 1.034132094 1.090021898 1.006820399 1.232883055 1.239336953 1.029122268 1.036036669 1.287382855 1.253898556 1.240455526 0.990331498 1.257382936 1.230944579 1.103900761 1.015098882 1.016498104 0.982286294 1.013267399 0.945016045 0.950619021 0.834711358 0.932123172 0.825231221 0.865141032 0.872816125 0.845606488 0.847352765 0.568932369 0.154545469 0.000000000 0.333440572 0.285033632 0.615161889 2.538007815 
40     1.081612506 1.097232142 1.160195959 1.139934784 1.203836458 1.137795590 1.159277743 1.198530319 1.211462134 1.180726818 1.187043212 1.224236467 1.168937807 1.227808102 1.210496160 1.168904907 1.152597905 1.108418642 1.164441035 1.081242655 1.307052940 1.313506838 1.103251382 1.110206554 1.361552740 1.328068441 1.314625411 1.064459081 1.331510519 1.305072161 1.178028343 1.089289496 1.090688718 1.056413876 1.087428364 1.018426506 1.024029483 0.908287266 1.005556470 0.897359409 0.937824183 0.945475377 0.919703353 0.921449630 0.642179316 0.360185727 0.333440572 0.000000000 0.333714497 0.688047726 2.612293712 
47     1.034290558 1.049910195 1.112874012 1.092392294 1.156293967 1.090253100 1.111735253 1.149508442 1.162440257 1.131704941 1.138021335 1.175389081 1.120090421 1.178660651 1.161348708 1.119886052 1.103907351 1.059571256 1.115935720 1.032680034 1.259232401 1.265686299 1.055430843 1.062386015 1.313821835 1.280337536 1.266894506 1.016104153 1.283155591 1.256717234 1.129673416 1.040934569 1.042333791 1.008058949 1.039127249 0.971989951 0.977592927 0.861827873 0.959097078 0.852312011 0.892114938 0.899790031 0.872653814 0.874400091 0.595541854 0.311728728 0.285033632 0.333714497 0.000000000 0.641961010 2.564579467 
49     0.911414455 0.927034092 0.989997909 0.970184771 1.034086444 0.968045577 0.989527729 1.029034442 1.041966257 1.011230941 1.017547335 1.054981361 0.999682701 1.058552996 1.041241054 0.999470712 0.984156886 0.939163536 0.995783179 0.912223585 1.137869645 1.144323543 0.933586309 0.940825399 1.192023516 1.158539216 1.145096187 0.895459034 1.162551754 1.136113397 1.009375802 0.920559612 0.921561721 0.887344553 0.918875643 0.848308136 0.853911113 0.738941461 0.835923345 0.729598315 0.768940908 0.776718855 0.750621097 0.751322006 0.490516992 0.640366654 0.615161889 0.688047726 0.641961010 0.000000000 2.443493685 
0     2.457589601 2.473209238 2.536173055 2.510593439 2.574104387 2.508063520 2.527127747 2.577599184 2.590048738 2.559313422 2.565629816 2.599872286 2.546972940 2.606262215 2.588950273 2.547123365 2.531616954 2.486193290 2.542629024 2.459651731 2.686869855 2.693323753 2.484672847 2.487409987 2.739337670 2.705997295 2.693074916 2.439175746 2.705811520 2.679373163 2.552463694 2.463792911 2.465568245 2.429729655 2.461386344 2.672246893 2.677849870 2.562432753 2.659553365 2.552725030 2.592149224 2.600049351 2.621150377 2.620663262 2.409587209 2.563370219 2.538007815 2.612293712 2.564579467 2.443493685 0.000000000 
