51
12     0.000000000 0.000230540 0.000020230 0.001919450 0.063170010 0.004361440 0.004380080 0.021156370 0.170367270 0.212571600 0.166948160 0.021256310 0.021460240 0.026502750 0.026742770 0.095241620 0.027075040 0.063078420 0.023912190 0.102902360 0.019870340 0.020357700 0.021158000 0.021156570 0.080317240 0.055465330 0.193027460 0.019841630 0.128110780 0.197477590 0.021297780 0.046379990 0.068970780 0.022690670 0.024742680 0.134676350 0.139523620 0.201832160 0.032330810 0.229577170 0.228857750 0.198986100 0.035016400 0.052111570 0.002217940 0.020167590 0.015999450 0.003739680 0.002474740 0.017483530 0.195906520 
1     0.000230540 0.000000000 0.000210630 0.002109750 0.099051600 0.004551740 0.004570380 0.021346670 0.194489840 0.212761900 0.172309520 0.021446610 0.021650540 0.026693050 0.026933070 0.095431920 0.027265340 0.063268720 0.024102490 0.103092660 0.020060640 0.020548000 0.021348300 0.021346870 0.054488460 0.054223830 0.171401540 0.020031930 0.152233350 0.219481010 0.021488080 0.045138490 0.067729280 0.022880970 0.024932980 0.158798920 0.163646190 0.225954730 0.031089310 0.227127790 0.251379100 0.224108650 0.035206700 0.052301870 0.002408240 0.020357890 0.016189750 0.003929980 0.002665040 0.017673830 0.122238760 
25     0.000020230 0.000210630 0.000000000 0.001899540 0.094910240 0.004341530 0.004360170 0.021136460 0.195513720 0.212551690 0.212919320 0.021236400 0.021440330 0.026482840 0.026722860 0.095221710 0.027055130 0.063058510 0.023892280 0.102882450 0.019850430 0.020337790 0.021138090 0.021136660 0.078563500 0.053711590 0.112047090 0.019821720 0.153257230 0.207019690 0.021277870 0.044626250 0.067217040 0.022670760 0.024722770 0.159822800 0.164670070 0.226978610 0.030577070 0.232214570 0.203379080 0.198112940 0.034996490 0.052091660 0.002198030 0.020147680 0.015979540 0.003719770 0.002454830 0.017463620 0.126030440 
7     0.001919450 0.002109750 0.001899540 0.000000000 0.004472880 0.001461080 0.006165310 0.023035580 0.087395330 0.190622860 0.214818440 0.023135520 0.023339450 0.028381960 0.028621980 0.097120830 0.028954250 0.064957630 0.025791400 0.104781570 0.021749550 0.022236910 0.023037210 0.023035780 0.201549260 0.217869160 0.090166200 0.021720840 0.096982820 0.120596130 0.023176990 0.083715850 0.151098500 0.024569880 0.026621890 0.103548390 0.108395660 0.170704200 0.124892450 0.176984330 0.179369460 0.187585680 0.024891570 0.053990780 0.004097150 0.022046800 0.017878660 0.005618890 0.004353950 0.011923400 0.083434090 
23     0.063170010 0.099051600 0.094910240 0.004472880 0.000000000 0.001031990 0.007945160 0.098496220 0.109322910 0.277916180 0.233132670 0.123073820 0.123277750 0.128320260 0.128560280 0.197059130 0.128892550 0.134405280 0.125729700 0.204719870 0.075540130 0.065913760 0.122975510 0.060144830 0.241226190 0.237680360 0.176526290 0.121659140 0.199647800 0.177190290 0.123115290 0.161702890 0.153234250 0.124508180 0.126560190 0.206213370 0.211060640 0.273369180 0.298741500 0.229090890 0.201297040 0.209513260 0.136833910 0.153929080 0.088703260 0.121985100 0.117816960 0.105557190 0.104292250 0.119301040 0.023996330 
35     0.004361440 0.004551740 0.004341530 0.001461080 0.001031990 0.000000000 0.000018640 0.025477570 0.164166560 0.215550110 0.217260430 0.025577510 0.025781440 0.030823950 0.031063970 0.099562820 0.031396240 0.067399620 0.028233390 0.107223560 0.024191540 0.024678900 0.025479200 0.025477770 0.195382310 0.228866760 0.158633830 0.024162830 0.121910070 0.177571250 0.025618980 0.108643100 0.176025750 0.027011870 0.029063880 0.128475640 0.133322910 0.195631450 0.256472430 0.243469640 0.301367980 0.258681050 0.039337600 0.056432770 0.006539140 0.024488790 0.020320650 0.008060880 0.006795940 0.021804730 0.030374460 
31     0.004380080 0.004570380 0.004360170 0.006165310 0.007945160 0.000018640 0.000000000 0.025496210 0.156533000 0.137617000 0.217279070 0.025596150 0.025800080 0.030842590 0.031082610 0.099581460 0.031414880 0.067418260 0.028252030 0.107242200 0.024210180 0.024697540 0.025497840 0.025496410 0.209969530 0.243453980 0.218625510 0.024181470 0.172305830 0.211894970 0.025637620 0.159038860 0.224781060 0.027030510 0.029082520 0.178871400 0.183718670 0.246027210 0.199009360 0.245815580 0.306891890 0.259380180 0.039356240 0.056451410 0.006557780 0.024507430 0.020339290 0.008079520 0.006814580 0.021823370 0.019707840 
5     0.021156370 0.021346670 0.021136460 0.023035580 0.098496220 0.025477570 0.025496210 0.000000000 0.001008070 0.002786540 0.011107290 0.000101400 0.000305330 0.005347840 0.005587860 0.074086710 0.005920130 0.041923510 0.002757280 0.081747450 0.001366670 0.001854030 0.000003090 0.000001660 0.246632630 0.233712680 0.166597140 0.001368600 0.092479060 0.051818470 0.002824750 0.106806930 0.174189580 0.004217640 0.006269650 0.129673410 0.134520680 0.196829220 0.241838500 0.230221700 0.213849440 0.222065660 0.056117190 0.061049230 0.023318730 0.041268380 0.037100240 0.024840470 0.023575530 0.038584320 0.287094870 
30     0.170367270 0.194489840 0.195513720 0.087395330 0.109322910 0.164166560 0.156533000 0.001008070 0.000000000 0.000214220 0.000713760 0.038010520 0.077814290 0.122320200 0.106465460 0.043260200 0.081274950 0.045855790 0.060462020 0.105862720 0.074787880 0.065161510 0.098973980 0.072525120 0.247585450 0.207215430 0.162355580 0.061068330 0.079674090 0.056525360 0.083341950 0.094001960 0.161384610 0.093604630 0.100590160 0.116868440 0.121715710 0.184024250 0.242845230 0.233410110 0.224676130 0.232892350 0.247878530 0.098400860 0.112082350 0.233029720 0.208157130 0.164813890 0.215336870 0.108039210 0.308371490 
9     0.212571600 0.212761900 0.212551690 0.190622860 0.277916180 0.215550110 0.137617000 0.002786540 0.000214220 0.000000000 0.000367650 0.064440130 0.039707400 0.078489530 0.090130520 0.085813190 0.066585710 0.100976620 0.086199220 0.078973290 0.141242630 0.073139280 0.101004510 0.086665170 0.218634580 0.037450910 0.187087300 0.067744720 0.131057640 0.207373970 0.082038210 0.137203160 0.128948800 0.096956360 0.145914080 0.168251990 0.173099260 0.231704990 0.213635530 0.228083030 0.266238380 0.243294440 0.247532420 0.149784410 0.191092200 0.232683610 0.228515470 0.216197440 0.214990760 0.156676950 0.375583170 
4     0.166948160 0.172309520 0.212919320 0.214818440 0.233132670 0.217260430 0.217279070 0.011107290 0.000713760 0.000367650 0.000000000 0.054604510 0.049197810 0.059396310 0.094384540 0.064703220 0.043195780 0.044607190 0.067829410 0.040042540 0.108739430 0.082865510 0.058511470 0.116728730 0.176469940 0.185275550 0.157599420 0.106212000 0.231628990 0.210973910 0.138531010 0.175670440 0.167416080 0.135423640 0.167258270 0.296440960 0.304404720 0.235304930 0.230764310 0.231682970 0.288754150 0.246894380 0.186112040 0.214361500 0.199205420 0.233051240 0.228883100 0.216623330 0.215358390 0.160276890 0.277836400 
2     0.021256310 0.021446610 0.021236400 0.023135520 0.123073820 0.025577510 0.025596150 0.000101400 0.038010520 0.064440130 0.054604510 0.000000000 0.000405150 0.005447660 0.005687680 0.036200440 0.006019950 0.009061790 0.002857220 0.038054410 0.001466610 0.001953970 0.000103030 0.000101600 0.166148250 0.199632700 0.174804230 0.001468540 0.202640840 0.191157880 0.002924690 0.187387360 0.179133000 0.004317580 0.006369590 0.303225590 0.313102450 0.215488900 0.185070610 0.211866940 0.275976080 0.227078350 0.056217130 0.073312300 0.023418670 0.041368320 0.037200180 0.024940410 0.023675470 0.038684260 0.406723360 
20     0.021460240 0.021650540 0.021440330 0.023339450 0.123277750 0.025781440 0.025800080 0.000305330 0.077814290 0.039707400 0.049197810 0.000405150 0.000000000 0.005144090 0.005384110 0.009004330 0.006214320 0.042217700 0.003061150 0.082051320 0.001670540 0.002157900 0.000306960 0.000305530 0.231034200 0.264518650 0.185112730 0.001672470 0.177835390 0.176304430 0.003128620 0.177587720 0.233477760 0.004521510 0.006573520 0.193133450 0.185617020 0.221529730 0.248622540 0.232207130 0.281979460 0.247418540 0.056421060 0.073516230 0.023622600 0.041572250 0.037404110 0.025144340 0.023879400 0.038888190 0.416930400 
14     0.026502750 0.026693050 0.026482840 0.028381960 0.128320260 0.030823950 0.030842590 0.005347840 0.122320200 0.078489530 0.059396310 0.005447660 0.005144090 0.000000000 0.005266060 0.021008330 0.011256830 0.027630720 0.008103660 0.074558870 0.006713050 0.007200410 0.005349470 0.005348040 0.242886150 0.242689940 0.257013140 0.006714980 0.207903470 0.187248390 0.008171130 0.208412660 0.200158300 0.009564020 0.011616030 0.156860270 0.149343840 0.185256550 0.231929630 0.166293060 0.272066590 0.223168860 0.061463570 0.078558740 0.028665110 0.046614760 0.042446620 0.030186850 0.028921910 0.043930700 0.481364230 
17     0.026742770 0.026933070 0.026722860 0.028621980 0.128560280 0.031063970 0.031082610 0.005587860 0.106465460 0.090130520 0.094384540 0.005687680 0.005384110 0.005266060 0.000000000 0.030057810 0.011496850 0.047500230 0.008343680 0.075957050 0.006953070 0.007440430 0.005589490 0.005588060 0.239473270 0.231044650 0.237455110 0.006955000 0.204490590 0.183835510 0.008411150 0.211316990 0.243671050 0.009804040 0.011856050 0.164993880 0.157477450 0.193390160 0.177053170 0.111416600 0.268653710 0.219755980 0.061703590 0.078798760 0.028905130 0.046854780 0.042686640 0.030426870 0.029161930 0.044170720 0.488222840 
11     0.095241620 0.095431920 0.095221710 0.097120830 0.197059130 0.099562820 0.099581460 0.074086710 0.043260200 0.085813190 0.064703220 0.036200440 0.009004330 0.021008330 0.030057810 0.000000000 0.044299330 0.035747380 0.047851330 0.061402330 0.075451920 0.075939280 0.006483740 0.074086910 0.234974760 0.238448210 0.275472870 0.075453850 0.160286760 0.169518870 0.076910000 0.179339890 0.188922030 0.078302890 0.080354900 0.343201290 0.335410560 0.236309810 0.221822830 0.228358390 0.296796990 0.240631330 0.130202440 0.147297610 0.097403980 0.115353630 0.111185490 0.098925720 0.097660780 0.044712190 0.364369280 
32     0.027075040 0.027265340 0.027055130 0.028954250 0.128892550 0.031396240 0.031414880 0.005920130 0.081274950 0.066585710 0.043195780 0.006019950 0.006214320 0.011256830 0.011496850 0.044299330 0.000000000 0.003806230 0.008675950 0.030602100 0.007285340 0.007772700 0.005921760 0.005920330 0.212999750 0.209344790 0.160849360 0.007287270 0.178017070 0.157361990 0.008743420 0.167978420 0.165043810 0.010136310 0.012188320 0.252269200 0.244752770 0.181693010 0.275262830 0.072950530 0.160510410 0.193282460 0.062035860 0.079131030 0.029237400 0.047187050 0.043018910 0.030759140 0.029494200 0.044502990 0.421387370 
19     0.063078420 0.063268720 0.063058510 0.064957630 0.134405280 0.067399620 0.067418260 0.041923510 0.045855790 0.100976620 0.044607190 0.009061790 0.042217700 0.027630720 0.047500230 0.035747380 0.003806230 0.000000000 0.033380420 0.034380090 0.043288720 0.043776080 0.041925140 0.041923710 0.209110660 0.218453780 0.178431010 0.043290650 0.149368970 0.158601080 0.044746800 0.190493710 0.191286680 0.046139690 0.048191700 0.289245360 0.297053260 0.187343250 0.280913070 0.183721290 0.247830430 0.198932700 0.098039240 0.115134410 0.065240780 0.083190430 0.079022290 0.066762520 0.065497580 0.080506370 0.353451490 
18     0.023912190 0.024102490 0.023892280 0.025791400 0.125729700 0.028233390 0.028252030 0.002757280 0.060462020 0.086199220 0.067829410 0.002857220 0.003061150 0.008103660 0.008343680 0.047851330 0.008675950 0.033380420 0.000000000 0.001456850 0.004122490 0.004609850 0.002757770 0.002756340 0.187781850 0.125778760 0.111694990 0.004124420 0.096879140 0.122325960 0.005580570 0.142954490 0.140019880 0.006973460 0.009025470 0.125700390 0.118183960 0.154096670 0.253845780 0.203473770 0.248160690 0.222986640 0.058873010 0.075968180 0.026074550 0.044024200 0.039856060 0.027596290 0.026331350 0.041340140 0.234450030 
6     0.102902360 0.103092660 0.102882450 0.104781570 0.204719870 0.107223560 0.107242200 0.081747450 0.105862720 0.078973290 0.040042540 0.038054410 0.082051320 0.074558870 0.075957050 0.061402330 0.030602100 0.034380090 0.001456850 0.000000000 0.056926180 0.065762290 0.073047710 0.080624780 0.138681700 0.137386720 0.130439600 0.083114590 0.108487100 0.175285490 0.084570740 0.199675680 0.194377260 0.085963630 0.088015640 0.102757630 0.095241200 0.131153910 0.241032590 0.180531010 0.250965910 0.243689190 0.137863180 0.115155120 0.105064720 0.123014370 0.118846230 0.106586460 0.105321520 0.035514580 0.363598110 
26     0.019870340 0.020060640 0.019850430 0.021749550 0.075540130 0.024191540 0.024210180 0.001366670 0.074787880 0.141242630 0.108739430 0.001466610 0.001670540 0.006713050 0.006953070 0.075451920 0.007285340 0.043288720 0.004122490 0.056926180 0.000000000 0.000488660 0.001368300 0.001366870 0.129437730 0.180252420 0.182750060 0.000082570 0.226400480 0.130444140 0.001538720 0.113480400 0.092302110 0.002931610 0.004983620 0.288004270 0.279357650 0.259601330 0.237521310 0.260590920 0.187769760 0.199109570 0.054831160 0.071926330 0.022032700 0.039982350 0.035814210 0.023554440 0.022289500 0.037298290 0.416352390 
3     0.020357700 0.020548000 0.020337790 0.022236910 0.065913760 0.024678900 0.024697540 0.001854030 0.065161510 0.073139280 0.082865510 0.001953970 0.002157900 0.007200410 0.007440430 0.075939280 0.007772700 0.043776080 0.004609850 0.065762290 0.000488660 0.000000000 0.001855660 0.001854230 0.082821110 0.190631830 0.200831040 0.000569930 0.153544520 0.142857300 0.002026080 0.066863780 0.045685490 0.003418970 0.005470980 0.277388850 0.232741030 0.212984710 0.190904690 0.252335690 0.141153140 0.189483200 0.055318520 0.072413690 0.022520060 0.040469710 0.036301570 0.024041800 0.022776860 0.037785650 0.350261860 
27     0.021158000 0.021348300 0.021138090 0.023037210 0.122975510 0.025479200 0.025497840 0.000003090 0.098973980 0.101004510 0.058511470 0.000103030 0.000306960 0.005349470 0.005589490 0.006483740 0.005921760 0.041925140 0.002757770 0.073047710 0.001368300 0.001855660 0.000000000 0.000000990 0.133858070 0.165382470 0.152002350 0.001370230 0.100542720 0.137090040 0.002826380 0.085954190 0.153336840 0.004219270 0.006271280 0.110142230 0.114989500 0.177298040 0.160808720 0.197226630 0.256385970 0.212438040 0.056118820 0.073213990 0.023320360 0.041270010 0.037101870 0.024842100 0.023577160 0.038585950 0.264260540 
28     0.021156570 0.021346870 0.021136660 0.023035780 0.060144830 0.025477770 0.025496410 0.000001660 0.072525120 0.086665170 0.116728730 0.000101600 0.000305530 0.005348040 0.005588060 0.074086910 0.005920330 0.041923710 0.002756340 0.080624780 0.001366870 0.001854230 0.000000990 0.000000000 0.083891890 0.127585990 0.110538280 0.001368800 0.107364530 0.199374640 0.002824950 0.067934560 0.046756270 0.004217840 0.006269850 0.116964040 0.121811310 0.184119850 0.191975470 0.244017870 0.142223920 0.183714270 0.056117390 0.073212560 0.023318930 0.041268580 0.037100440 0.024840670 0.023575730 0.038584520 0.284980500 
13     0.080317240 0.054488460 0.078563500 0.201549260 0.241226190 0.195382310 0.209969530 0.246632630 0.247585450 0.218634580 0.176469940 0.166148250 0.231034200 0.242886150 0.239473270 0.234974760 0.212999750 0.209110660 0.187781850 0.138681700 0.129437730 0.082821110 0.133858070 0.083891890 0.000000000 0.008562120 0.008344060 0.086632350 0.222733500 0.146757360 0.099870020 0.085252050 0.107842840 0.099197360 0.144877220 0.138192420 0.146156180 0.280698720 0.077712210 0.179696770 0.130505610 0.186123510 0.123394640 0.134845990 0.083805290 0.167722850 0.187846060 0.313093730 0.078804730 0.041873080 0.243137810 
15     0.055465330 0.054223830 0.053711590 0.217869160 0.237680360 0.228866760 0.243453980 0.233712680 0.207215430 0.037450910 0.185275550 0.199632700 0.264518650 0.242689940 0.231044650 0.238448210 0.209344790 0.218453780 0.125778760 0.137386720 0.180252420 0.190631830 0.165382470 0.127585990 0.008562120 0.000000000 0.000165060 0.095437960 0.122329420 0.155562970 0.215090480 0.060400140 0.082990930 0.074345450 0.120025310 0.146998030 0.154961790 0.280593710 0.052860300 0.188502380 0.139311220 0.146089050 0.098542730 0.109994080 0.058953380 0.220003400 0.200265050 0.321899340 0.087610340 0.050678690 0.251943420 
10     0.193027460 0.171401540 0.112047090 0.090166200 0.176526290 0.158633830 0.218625510 0.166597140 0.162355580 0.187087300 0.157599420 0.174804230 0.185112730 0.257013140 0.237455110 0.275472870 0.160849360 0.178431010 0.111694990 0.130439600 0.182750060 0.200831040 0.152002350 0.110538280 0.008344060 0.000165060 0.000000000 0.078390250 0.164161390 0.138515260 0.084829110 0.114122010 0.108363410 0.115017480 0.163641520 0.129950320 0.137914080 0.164604320 0.159145090 0.171454670 0.122263510 0.169379950 0.265406110 0.141870760 0.184852150 0.202955690 0.183217340 0.253451500 0.070562630 0.033630980 0.234895710 
24     0.019841630 0.020031930 0.019821720 0.021720840 0.121659140 0.024162830 0.024181470 0.001368600 0.061068330 0.067744720 0.106212000 0.001468540 0.001672470 0.006714980 0.006955000 0.075453850 0.007287270 0.043290650 0.004124420 0.083114590 0.000082570 0.000569930 0.001370230 0.001368800 0.086632350 0.095437960 0.078390250 0.000000000 0.009335860 0.055339440 0.001456150 0.033139710 0.029973160 0.002849040 0.004901050 0.056006190 0.060853460 0.123162000 0.210139540 0.201229770 0.194750200 0.217064410 0.054802450 0.037538610 0.022003990 0.039953640 0.035785500 0.023525730 0.022260790 0.037269580 0.277450630 
8     0.128110780 0.152233350 0.153257230 0.096982820 0.199647800 0.121910070 0.172305830 0.092479060 0.079674090 0.131057640 0.231628990 0.202640840 0.177835390 0.207903470 0.204490590 0.160286760 0.178017070 0.149368970 0.096879140 0.108487100 0.226400480 0.153544520 0.100542720 0.107364530 0.222733500 0.122329420 0.164161390 0.009335860 0.000000000 0.000721310 0.014098040 0.031804220 0.031684000 0.051348140 0.028520270 0.074611950 0.079459220 0.141767760 0.285736380 0.225451360 0.289560500 0.240662770 0.216576910 0.056144370 0.097452160 0.285505010 0.170892840 0.122557400 0.296989360 0.078593300 0.352128020 
16     0.197477590 0.219481010 0.207019690 0.120596130 0.177190290 0.177571250 0.211894970 0.051818470 0.056525360 0.207373970 0.210973910 0.191157880 0.176304430 0.187248390 0.183835510 0.169518870 0.157361990 0.158601080 0.122325960 0.175285490 0.130444140 0.142857300 0.137090040 0.199374640 0.146757360 0.155562970 0.138515260 0.055339440 0.000721310 0.000000000 0.029219610 0.032495790 0.032375570 0.061533780 0.048725470 0.223178990 0.186741800 0.208418240 0.202341910 0.204796280 0.217842910 0.212576770 0.269170930 0.261607910 0.166164840 0.255216070 0.246230550 0.257019980 0.203174330 0.166242680 0.361360130 
33     0.021297780 0.021488080 0.021277870 0.023176990 0.123115290 0.025618980 0.025637620 0.002824750 0.083341950 0.082038210 0.138531010 0.002924690 0.003128620 0.008171130 0.008411150 0.076910000 0.008743420 0.044746800 0.005580570 0.084570740 0.001538720 0.002026080 0.002826380 0.002824950 0.099870020 0.215090480 0.084829110 0.001456150 0.014098040 0.029219610 0.000000000 0.003385360 0.003265140 0.001392890 0.003444900 0.078279810 0.083127080 0.145435620 0.182966540 0.226135680 0.103100750 0.144751220 0.056258600 0.059812230 0.023460140 0.041409790 0.037241650 0.024981880 0.023716940 0.038725730 0.163731120 
29     0.046379990 0.045138490 0.044626250 0.083715850 0.161702890 0.108643100 0.159038860 0.106806930 0.094001960 0.137203160 0.175670440 0.187387360 0.177587720 0.208412660 0.211316990 0.179339890 0.167978420 0.190493710 0.142954490 0.199675680 0.113480400 0.066863780 0.085954190 0.067934560 0.085252050 0.060400140 0.114122010 0.033139710 0.031804220 0.032495790 0.003385360 0.000000000 0.000248080 0.006166100 0.009488250 0.061344980 0.066192250 0.128500790 0.043774960 0.201335890 0.159783870 0.189129960 0.089457390 0.042877400 0.049868040 0.064654840 0.063080910 0.109290430 0.155052800 0.065326330 0.102905050 
22     0.068970780 0.067729280 0.067217040 0.151098500 0.153234250 0.176025750 0.224781060 0.174189580 0.161384610 0.128948800 0.167416080 0.179133000 0.233477760 0.200158300 0.243671050 0.188922030 0.165043810 0.191286680 0.140019880 0.194377260 0.092302110 0.045685490 0.153336840 0.046756270 0.107842840 0.082990930 0.108363410 0.029973160 0.031684000 0.032375570 0.003265140 0.000248080 0.000000000 0.016535100 0.009876400 0.128727630 0.133574900 0.195883440 0.066365750 0.192867250 0.172572950 0.215822280 0.112048180 0.110260050 0.072458830 0.043037550 0.066394210 0.176673080 0.158366100 0.084983590 0.112402170 
21     0.022690670 0.022880970 0.022670760 0.024569880 0.124508180 0.027011870 0.027030510 0.004217640 0.093604630 0.096956360 0.135423640 0.004317580 0.004521510 0.009564020 0.009804040 0.078302890 0.010136310 0.046139690 0.006973460 0.085963630 0.002931610 0.003418970 0.004219270 0.004217840 0.099197360 0.074345450 0.115017480 0.002849040 0.051348140 0.061533780 0.001392890 0.006166100 0.016535100 0.000000000 0.002237590 0.060947650 0.065794920 0.128103460 0.057720270 0.177488310 0.141784320 0.183434790 0.057651490 0.042480070 0.024853030 0.042802680 0.038634540 0.026374770 0.025109830 0.040118620 0.104223490 
34     0.024742680 0.024932980 0.024722770 0.026621890 0.126560190 0.029063880 0.029082520 0.006269650 0.100590160 0.145914080 0.167258270 0.006369590 0.006573520 0.011616030 0.011856050 0.080354900 0.012188320 0.048191700 0.009025470 0.088015640 0.004983620 0.005470980 0.006271280 0.006269850 0.144877220 0.120025310 0.163641520 0.004901050 0.028520270 0.048725470 0.003444900 0.009488250 0.009876400 0.002237590 0.000000000 0.067933180 0.072780450 0.135088990 0.103400130 0.183878990 0.175183760 0.196666040 0.059703500 0.049465600 0.026905040 0.044854690 0.040686550 0.028426780 0.027161840 0.042170630 0.100247030 
46     0.134676350 0.158798920 0.159822800 0.103548390 0.206213370 0.128475640 0.178871400 0.129673410 0.116868440 0.168251990 0.296440960 0.303225590 0.193133450 0.156860270 0.164993880 0.343201290 0.252269200 0.289245360 0.125700390 0.102757630 0.288004270 0.277388850 0.110142230 0.116964040 0.138192420 0.146998030 0.129950320 0.056006190 0.074611950 0.223178990 0.078279810 0.061344980 0.128727630 0.060947650 0.067933180 0.000000000 0.000045290 0.089290610 0.061923820 0.076792160 0.064119240 0.062107100 0.081449840 0.061513560 0.101609970 0.139910300 0.125364260 0.126715210 0.135408770 0.069026570 0.296901530 
42     0.139523620 0.163646190 0.164670070 0.108395660 0.211060640 0.133322910 0.183718670 0.134520680 0.121715710 0.173099260 0.304404720 0.313102450 0.185617020 0.149343840 0.157477450 0.335410560 0.244752770 0.297053260 0.118183960 0.095241200 0.279357650 0.232741030 0.114989500 0.121811310 0.146156180 0.154961790 0.137914080 0.060853460 0.079459220 0.186741800 0.083127080 0.066192250 0.133574900 0.065794920 0.072780450 0.000045290 0.000000000 0.092977690 0.025486630 0.073234380 0.040987630 0.035721490 0.074995100 0.066360830 0.102872330 0.136558460 0.118909520 0.131562480 0.141023010 0.061510140 0.273204130 
44     0.201832160 0.225954730 0.226978610 0.170704200 0.273369180 0.195631450 0.246027210 0.196829220 0.184024250 0.231704990 0.235304930 0.215488900 0.221529730 0.185256550 0.193390160 0.236309810 0.181693010 0.187343250 0.154096670 0.131153910 0.259601330 0.212984710 0.177298040 0.184119850 0.280698720 0.280593710 0.164604320 0.123162000 0.141767760 0.208418240 0.145435620 0.128500790 0.195883440 0.128103460 0.135088990 0.089290610 0.092977690 0.000000000 0.000000110 0.002049180 0.009806050 0.011242520 0.146574000 0.128669370 0.061530440 0.071575770 0.074501770 0.151435930 0.192831720 0.096040930 0.274848770 
38     0.032330810 0.031089310 0.030577070 0.124892450 0.298741500 0.256472430 0.199009360 0.241838500 0.242845230 0.213635530 0.230764310 0.185070610 0.248622540 0.231929630 0.177053170 0.221822830 0.275262830 0.280913070 0.253845780 0.241032590 0.237521310 0.190904690 0.160808720 0.191975470 0.077712210 0.052860300 0.159145090 0.210139540 0.285736380 0.202341910 0.182966540 0.043774960 0.066365750 0.057720270 0.103400130 0.061923820 0.025486630 0.000000110 0.000000000 0.002049070 0.011194680 0.011242410 0.055081510 0.066532860 0.015492160 0.207843080 0.148116700 0.182965180 0.191430860 0.039786580 0.188688270 
45     0.229577170 0.227127790 0.232214570 0.176984330 0.229090890 0.243469640 0.245815580 0.230221700 0.233410110 0.228083030 0.231682970 0.211866940 0.232207130 0.166293060 0.111416600 0.228358390 0.072950530 0.183721290 0.203473770 0.180531010 0.260590920 0.252335690 0.197226630 0.244017870 0.179696770 0.188502380 0.171454670 0.201229770 0.225451360 0.204796280 0.226135680 0.201335890 0.192867250 0.177488310 0.183878990 0.076792160 0.073234380 0.002049180 0.002049070 0.000000000 0.002383510 0.011621380 0.024928520 0.190454860 0.064021130 0.075175630 0.062801030 0.065503580 0.137272950 0.021054770 0.399855420 
37     0.228857750 0.251379100 0.203379080 0.179369460 0.201297040 0.301367980 0.306891890 0.213849440 0.224676130 0.266238380 0.288754150 0.275976080 0.281979460 0.272066590 0.268653710 0.296796990 0.160510410 0.247830430 0.248160690 0.250965910 0.187769760 0.141153140 0.256385970 0.142223920 0.130505610 0.139311220 0.122263510 0.194750200 0.289560500 0.217842910 0.103100750 0.159783870 0.172572950 0.141784320 0.175183760 0.064119240 0.040987630 0.009806050 0.011194680 0.002383510 0.000000000 0.000075210 0.189902290 0.173333680 0.141951430 0.176867800 0.196991010 0.119006330 0.185526700 0.076970270 0.350664260 
48     0.198986100 0.224108650 0.198112940 0.187585680 0.209513260 0.258681050 0.259380180 0.222065660 0.232892350 0.243294440 0.246894380 0.227078350 0.247418540 0.223168860 0.219755980 0.240631330 0.193282460 0.198932700 0.222986640 0.243689190 0.199109570 0.189483200 0.212438040 0.183714270 0.186123510 0.146089050 0.169379950 0.217064410 0.240662770 0.212576770 0.144751220 0.189129960 0.215822280 0.183434790 0.196666040 0.062107100 0.035721490 0.011242520 0.011242410 0.011621380 0.000075210 0.000000000 0.170926450 0.155309050 0.085882890 0.134957590 0.150095350 0.084612510 0.145346360 0.065728910 0.341627080 
43     0.035016400 0.035206700 0.034996490 0.024891570 0.136833910 0.039337600 0.039356240 0.056117190 0.247878530 0.247532420 0.186112040 0.056217130 0.056421060 0.061463570 0.061703590 0.130202440 0.062035860 0.098039240 0.058873010 0.137863180 0.054831160 0.055318520 0.056118820 0.056117390 0.123394640 0.098542730 0.265406110 0.054802450 0.216576910 0.269170930 0.056258600 0.089457390 0.112048180 0.057651490 0.059703500 0.081449840 0.074995100 0.146574000 0.055081510 0.024928520 0.189902290 0.170926450 0.000000000 0.011454230 0.033896120 0.051845770 0.043444870 0.035417860 0.034152920 0.010945690 0.400871650 
41     0.052111570 0.052301870 0.052091660 0.053990780 0.153929080 0.056432770 0.056451410 0.061049230 0.098400860 0.149784410 0.214361500 0.073312300 0.073516230 0.078558740 0.078798760 0.147297610 0.079131030 0.115134410 0.075968180 0.115155120 0.071926330 0.072413690 0.073213990 0.073212560 0.134845990 0.109994080 0.141870760 0.037538610 0.056144370 0.261607910 0.059812230 0.042877400 0.110260050 0.042480070 0.049465600 0.061513560 0.066360830 0.128669370 0.066532860 0.190454860 0.173333680 0.155309050 0.011454230 0.000000000 0.011502290 0.068940940 0.064772800 0.052513030 0.051248090 0.043668760 0.213473800 
50     0.002217940 0.002408240 0.002198030 0.004097150 0.088703260 0.006539140 0.006557780 0.023318730 0.112082350 0.191092200 0.199205420 0.023418670 0.023622600 0.028665110 0.028905130 0.097403980 0.029237400 0.065240780 0.026074550 0.105064720 0.022032700 0.022520060 0.023320360 0.023318930 0.083805290 0.058953380 0.184852150 0.022003990 0.097452160 0.166164840 0.023460140 0.049868040 0.072458830 0.024853030 0.026905040 0.101609970 0.102872330 0.061530440 0.015492160 0.064021130 0.141951430 0.085882890 0.033896120 0.011502290 0.000000000 0.017949650 0.008403590 0.001521740 0.000256800 0.015715090 0.140745430 
36     0.020167590 0.020357890 0.020147680 0.022046800 0.121985100 0.024488790 0.024507430 0.041268380 0.233029720 0.232683610 0.233051240 0.041368320 0.041572250 0.046614760 0.046854780 0.115353630 0.047187050 0.083190430 0.044024200 0.123014370 0.039982350 0.040469710 0.041270010 0.041268580 0.167722850 0.220003400 0.202955690 0.039953640 0.285505010 0.255216070 0.041409790 0.064654840 0.043037550 0.042802680 0.044854690 0.139910300 0.136558460 0.071575770 0.207843080 0.075175630 0.176867800 0.134957590 0.051845770 0.068940940 0.017949650 0.000000000 0.005166970 0.014587490 0.017401620 0.033664740 0.327527780 
39     0.015999450 0.016189750 0.015979540 0.017878660 0.117816960 0.020320650 0.020339290 0.037100240 0.208157130 0.228515470 0.228883100 0.037200180 0.037404110 0.042446620 0.042686640 0.111185490 0.043018910 0.079022290 0.039856060 0.118846230 0.035814210 0.036301570 0.037101870 0.037100440 0.187846060 0.200265050 0.183217340 0.035785500 0.170892840 0.246230550 0.037241650 0.063080910 0.066394210 0.038634540 0.040686550 0.125364260 0.118909520 0.074501770 0.148116700 0.062801030 0.196991010 0.150095350 0.043444870 0.064772800 0.008403590 0.005166970 0.000000000 0.015298230 0.014033290 0.017249090 0.334712870 
40     0.003739680 0.003929980 0.003719770 0.005618890 0.105557190 0.008060880 0.008079520 0.024840470 0.164813890 0.216197440 0.216623330 0.024940410 0.025144340 0.030186850 0.030426870 0.098925720 0.030759140 0.066762520 0.027596290 0.106586460 0.023554440 0.024041800 0.024842100 0.024840670 0.313093730 0.321899340 0.253451500 0.023525730 0.122557400 0.257019980 0.024981880 0.109290430 0.176673080 0.026374770 0.028426780 0.126715210 0.131562480 0.151435930 0.182965180 0.065503580 0.119006330 0.084612510 0.035417860 0.052513030 0.001521740 0.014587490 0.015298230 0.000000000 0.001773520 0.017236830 0.389803450 
47     0.002474740 0.002665040 0.002454830 0.004353950 0.104292250 0.006795940 0.006814580 0.023575530 0.215336870 0.214990760 0.215358390 0.023675470 0.023879400 0.028921910 0.029161930 0.097660780 0.029494200 0.065497580 0.026331350 0.105321520 0.022289500 0.022776860 0.023577160 0.023575730 0.078804730 0.087610340 0.070562630 0.022260790 0.296989360 0.203174330 0.023716940 0.155052800 0.158366100 0.025109830 0.027161840 0.135408770 0.141023010 0.192831720 0.191430860 0.137272950 0.185526700 0.145346360 0.034152920 0.051248090 0.000256800 0.017401620 0.014033290 0.001773520 0.000000000 0.015971890 0.298963380 
49     0.017483530 0.017673830 0.017463620 0.011923400 0.119301040 0.021804730 0.021823370 0.038584320 0.108039210 0.156676950 0.160276890 0.038684260 0.038888190 0.043930700 0.044170720 0.044712190 0.044502990 0.080506370 0.041340140 0.035514580 0.037298290 0.037785650 0.038585950 0.038584520 0.041873080 0.050678690 0.033630980 0.037269580 0.078593300 0.166242680 0.038725730 0.065326330 0.084983590 0.040118620 0.042170630 0.069026570 0.061510140 0.096040930 0.039786580 0.021054770 0.076970270 0.065728910 0.010945690 0.043668760 0.015715090 0.033664740 0.017249090 0.017236830 0.015971890 0.000000000 0.151462650 
0     0.195906520 0.122238760 0.126030440 0.083434090 0.023996330 0.030374460 0.019707840 0.287094870 0.308371490 0.375583170 0.277836400 0.406723360 0.416930400 0.481364230 0.488222840 0.364369280 0.421387370 0.353451490 0.234450030 0.363598110 0.416352390 0.350261860 0.264260540 0.284980500 0.243137810 0.251943420 0.234895710 0.277450630 0.352128020 0.361360130 0.163731120 0.102905050 0.112402170 0.104223490 0.100247030 0.296901530 0.273204130 0.274848770 0.188688270 0.399855420 0.350664260 0.341627080 0.400871650 0.213473800 0.140745430 0.327527780 0.334712870 0.389803450 0.298963380 0.151462650 0.000000000 
