51
19     0.000000000 0.056345636 0.157275905 0.144194847 0.138368645 0.309883333 0.581457581 0.578909479 0.572873964 0.619619341 0.542938201 0.539766948 0.604510649 0.602193117 0.559203252 0.558205196 0.632838942 0.600133662 0.530668475 0.668961121 0.668877556 0.695986177 0.537726047 0.622807799 0.601861431 0.563693714 0.568452523 0.557177338 0.552695225 0.575226014 0.598040245 0.594280578 0.593791680 0.664808305 0.682744196 0.683957581 0.785050368 0.679450495 0.672526365 0.676099532 0.546418809 0.545573259 0.582601492 0.553071205 0.549047617 0.549055767 0.528870895 0.548534507 0.767272501 0.790134161 1.579015868 
8     0.056345636 0.000000000 0.145223184 0.132461024 0.125413608 0.299627879 0.571046903 0.568498801 0.562463286 0.609208662 0.532527522 0.529356270 0.594099970 0.591782438 0.548792574 0.547794517 0.622428263 0.589722983 0.520257796 0.658550443 0.658466878 0.685550801 0.527315369 0.612397121 0.591450752 0.553283035 0.558041845 0.546766660 0.542284547 0.564815336 0.587629567 0.583869900 0.583381001 0.654397627 0.672333517 0.673546902 0.774639690 0.669039817 0.662115687 0.665688853 0.536008130 0.535162581 0.572190813 0.542660526 0.538636939 0.538645088 0.518460217 0.538123828 0.756861822 0.779723482 1.568605190 
30     0.157275905 0.145223184 0.000000000 0.098393225 0.102357431 0.334787196 0.605135906 0.602587804 0.596552289 0.643297665 0.566616525 0.563445273 0.628188973 0.625871441 0.582881577 0.581883520 0.656517266 0.623811986 0.554346799 0.692601125 0.692517560 0.719626181 0.561366051 0.646447803 0.625501434 0.587333717 0.592092526 0.580817342 0.576370329 0.598948190 0.621762421 0.618002754 0.617513855 0.688530481 0.706466371 0.707679756 0.808772544 0.703172671 0.696185765 0.699758932 0.569770257 0.568924707 0.606002967 0.576621373 0.572597786 0.572605935 0.552421064 0.572133991 0.791051242 0.813912902 1.602694193 
17     0.144194847 0.132461024 0.098393225 0.000000000 0.085502602 0.320035100 0.590366237 0.587818134 0.581782620 0.628527996 0.551846856 0.548675604 0.613419304 0.611101772 0.568111907 0.567113851 0.641747597 0.609042317 0.539577130 0.677831455 0.677747891 0.704808569 0.546596382 0.631678134 0.610731765 0.572564048 0.577322857 0.566047673 0.561600660 0.584178521 0.606992752 0.603233085 0.602744186 0.673760812 0.691696702 0.692910087 0.794002874 0.688403001 0.681416096 0.684989263 0.555000587 0.554155038 0.591233298 0.561851704 0.557828117 0.557836266 0.537651394 0.557364322 0.776281573 0.799143233 1.587924524 
9     0.138368645 0.125413608 0.102357431 0.085502602 0.000000000 0.313841775 0.584227920 0.581679818 0.575644303 0.622389679 0.545708539 0.542537287 0.607280987 0.604963455 0.561973591 0.560975534 0.635609280 0.602904000 0.533438814 0.671693139 0.671609574 0.698718195 0.540458065 0.625539817 0.604593448 0.566425731 0.571184541 0.559909356 0.555462343 0.578040204 0.600854435 0.597094768 0.596605869 0.667622495 0.685558385 0.686771770 0.787864558 0.682264685 0.675277779 0.678850946 0.548862271 0.548016721 0.585094981 0.555713387 0.551689800 0.551697949 0.531513078 0.551226005 0.770143256 0.793004916 1.581786207 
25     0.309883333 0.299627879 0.334787196 0.320035100 0.313841775 0.000000000 0.580151807 0.577603705 0.571568190 0.618313566 0.541826315 0.538655062 0.603398763 0.601081231 0.557630453 0.556632396 0.631623695 0.599021776 0.529540532 0.667584033 0.667500468 0.694718890 0.536358021 0.621430468 0.600484099 0.562316382 0.567075192 0.555800007 0.549672869 0.572203657 0.595017888 0.591258221 0.590769323 0.661687559 0.679625880 0.680836230 0.781950221 0.676350348 0.669609640 0.673182807 0.543502084 0.542656534 0.579684767 0.549429842 0.546130893 0.546139042 0.525954171 0.545617782 0.765088161 0.787949822 1.578126135 
47     0.581457581 0.571046903 0.605135906 0.590366237 0.584227920 0.580151807 0.000000000 0.072083991 0.094398622 0.252027461 0.243457454 0.238535574 0.302306930 0.299966801 0.272227059 0.271243228 0.346051994 0.314219540 0.259467105 0.589210333 0.589630444 0.616796287 0.448714456 0.535672213 0.512804151 0.474636434 0.478648247 0.467373062 0.562799366 0.584950336 0.607490095 0.603617119 0.603128220 0.675450944 0.693386835 0.694600220 0.795625496 0.690056969 0.684156360 0.687729526 0.558177126 0.557331576 0.594359809 0.564742145 0.560254264 0.560296899 0.539941688 0.560924090 0.778042654 0.800904314 1.594578603 
44     0.578909479 0.568498801 0.602587804 0.587818134 0.581679818 0.577603705 0.072083991 0.000000000 0.090563810 0.249050722 0.241001105 0.235794676 0.299870724 0.297530595 0.269507043 0.268523212 0.343342423 0.311519229 0.256994679 0.586662231 0.587082342 0.614248184 0.446166353 0.533124111 0.510256049 0.472088331 0.476100144 0.464824960 0.560251263 0.582402234 0.604941992 0.601069016 0.600580118 0.672902842 0.690838733 0.692052118 0.793077394 0.687508867 0.681608257 0.685181424 0.555629024 0.554783474 0.591811707 0.562194043 0.557706162 0.557748797 0.537380994 0.558375988 0.775494551 0.798356211 1.592030501 
10     0.572873964 0.562463286 0.596552289 0.581782620 0.575644303 0.571568190 0.094398622 0.090563810 0.000000000 0.242329279 0.234449314 0.229250609 0.293408834 0.291060968 0.263397120 0.262413289 0.337174454 0.305341163 0.250705203 0.580626716 0.581046827 0.608212670 0.440130839 0.527088596 0.504220534 0.466052817 0.470064630 0.458789445 0.554277588 0.576428559 0.598906478 0.595033502 0.594544603 0.666867327 0.684803218 0.686016603 0.787041880 0.681473352 0.675715123 0.679288290 0.549758059 0.548912509 0.585940742 0.556573566 0.552118734 0.552126883 0.531695838 0.552505023 0.769459037 0.792320697 1.585994986 
6     0.619619341 0.609208662 0.643297665 0.628527996 0.622389679 0.618313566 0.252027461 0.249050722 0.242329279 0.000000000 0.281451163 0.275923984 0.338943088 0.336479923 0.310797580 0.309161401 0.383209167 0.351134629 0.296762445 0.627029349 0.627792203 0.654958046 0.486876215 0.573833125 0.550965063 0.512797346 0.516609739 0.505334555 0.601022964 0.623173935 0.645651854 0.641778878 0.641289979 0.713612704 0.731548594 0.732761979 0.833787256 0.728218728 0.722460499 0.726033666 0.596503435 0.595657886 0.632686118 0.603318942 0.598864110 0.598872259 0.578359791 0.599250399 0.816204413 0.839066073 1.632740363 
39     0.542938201 0.532527522 0.566616525 0.551846856 0.545708539 0.541826315 0.243457454 0.241001105 0.234449314 0.281451163 0.000000000 0.193863691 0.262696870 0.260458344 0.234030671 0.232389286 0.306696025 0.274069523 0.220469052 0.550555886 0.551409577 0.578575420 0.410615736 0.497566913 0.474698851 0.436531134 0.440683681 0.429408496 0.524552271 0.546703242 0.569181161 0.565308185 0.564819286 0.637142011 0.655077901 0.656291286 0.757320866 0.651748035 0.645989806 0.649562973 0.520032742 0.519187193 0.556215425 0.526848250 0.522393417 0.522401566 0.501981847 0.522779706 0.739525664 0.762387324 1.556090775 
4     0.539766948 0.529356270 0.563445273 0.548675604 0.542537287 0.538655062 0.238535574 0.235794676 0.229250609 0.275923984 0.193863691 0.000000000 0.257988008 0.255504424 0.231286829 0.229743827 0.303518351 0.270649870 0.217775970 0.546888657 0.547630334 0.574796177 0.406955261 0.493904868 0.471036806 0.432869089 0.437021636 0.425746451 0.521114456 0.543041148 0.565208626 0.561335650 0.560846751 0.633479258 0.651415148 0.652628534 0.753656691 0.648085282 0.642502765 0.646075931 0.516635508 0.515789958 0.552818191 0.523451015 0.518996183 0.519004332 0.498578798 0.519382472 0.736237168 0.759098828 1.552836025 
5     0.604510649 0.594099970 0.628188973 0.613419304 0.607280987 0.603398763 0.302306930 0.299870724 0.293408834 0.338943088 0.262696870 0.257988008 0.000000000 0.100500468 0.295355865 0.293466299 0.367184397 0.335300829 0.281495093 0.611730051 0.612492905 0.639658748 0.471760481 0.558711658 0.535843596 0.497675878 0.501828426 0.490553241 0.585898737 0.608049708 0.630527627 0.626654651 0.626165752 0.698488477 0.716424367 0.717637752 0.818684235 0.713094501 0.707286886 0.710860053 0.581379208 0.580533659 0.617561891 0.588194715 0.583739883 0.583748032 0.563323542 0.584126172 0.801080186 0.823941846 1.617616136 
29     0.602193117 0.591782438 0.625871441 0.611101772 0.604963455 0.601081231 0.299966801 0.297530595 0.291060968 0.336479923 0.260458344 0.255504424 0.100500468 0.000000000 0.293473401 0.291583835 0.364986757 0.333103189 0.279247191 0.609412519 0.610175373 0.637341216 0.469442949 0.556394126 0.533526064 0.495358347 0.499510894 0.488235709 0.583581205 0.605732176 0.628210095 0.624337119 0.623848220 0.696170945 0.714106835 0.715320220 0.816366703 0.710776969 0.704969354 0.708542521 0.579061676 0.578216127 0.615244359 0.585877184 0.581422351 0.581430500 0.561006010 0.581808640 0.798762654 0.821624314 1.615298604 
22     0.559203252 0.548792574 0.582881577 0.568111907 0.561973591 0.557630453 0.272227059 0.269507043 0.263397120 0.310797580 0.234030671 0.231286829 0.295355865 0.293473401 0.000000000 0.136430898 0.306160942 0.273320444 0.238279525 0.566566265 0.566954699 0.594120542 0.425242678 0.513027065 0.490159002 0.451991285 0.456143474 0.444868289 0.540027903 0.562178874 0.584656793 0.580783817 0.580294918 0.652617642 0.670553533 0.671766918 0.772813400 0.667223667 0.661249890 0.664823057 0.535441870 0.534596320 0.571624553 0.542257377 0.537802544 0.537810694 0.517390975 0.537753508 0.755440267 0.778301927 1.571958603 
3     0.558205196 0.547794517 0.581883520 0.567113851 0.560975534 0.556632396 0.271243228 0.268523212 0.262413289 0.309161401 0.232389286 0.229743827 0.293466299 0.291583835 0.136430898 0.000000000 0.304638098 0.271604499 0.237137373 0.565409777 0.565798211 0.592964053 0.424920122 0.511870576 0.489002514 0.450834797 0.454986985 0.443711800 0.539326808 0.561477779 0.583955698 0.580082722 0.579593823 0.651916548 0.669852438 0.671065823 0.772112305 0.666522572 0.660650182 0.664223349 0.534807279 0.533961729 0.570989962 0.541622786 0.537167954 0.537176103 0.516756384 0.537554243 0.754381871 0.777243532 1.570996798 
46     0.632838942 0.622428263 0.656517266 0.641747597 0.635609280 0.631623695 0.346051994 0.343342423 0.337174454 0.383209167 0.306696025 0.303518351 0.367184397 0.364986757 0.306160942 0.304638098 0.000000000 0.209267228 0.311010294 0.640397701 0.641107701 0.668273544 0.500529569 0.587190097 0.564322035 0.526154317 0.530306506 0.519031321 0.614597341 0.636748312 0.659226231 0.655353255 0.654864356 0.727187080 0.745122971 0.746336356 0.847382838 0.741793105 0.736041917 0.739615083 0.610055631 0.609210081 0.646238314 0.616871138 0.612416305 0.612424455 0.592004736 0.612802595 0.829649417 0.852511078 1.646184968 
14     0.600133662 0.589722983 0.623811986 0.609042317 0.602904000 0.599021776 0.314219540 0.311519229 0.305341163 0.351134629 0.274069523 0.270649870 0.335300829 0.333103189 0.273320444 0.271604499 0.209267228 0.000000000 0.278517345 0.607269376 0.607979377 0.635145219 0.467146773 0.554097950 0.531229888 0.493062170 0.497214359 0.485939174 0.581379733 0.603530704 0.626008623 0.622135647 0.621646748 0.693969473 0.711905363 0.713118748 0.814165231 0.708575497 0.702638529 0.706211696 0.576035514 0.575189964 0.612340079 0.583078450 0.578623617 0.578631767 0.558212048 0.579036039 0.796551510 0.819413170 1.613156278 
20     0.530668475 0.520257796 0.554346799 0.539577130 0.533438814 0.529540532 0.259467105 0.256994679 0.250705203 0.296762445 0.220469052 0.217775970 0.281495093 0.279247191 0.238279525 0.237137373 0.311010294 0.278517345 0.000000000 0.537740181 0.538878650 0.566044493 0.397951062 0.484901516 0.462033454 0.423865737 0.428017925 0.416742741 0.512199800 0.534261329 0.556828690 0.552955714 0.552466815 0.624488175 0.642424066 0.643637451 0.744626426 0.639028157 0.633702063 0.637275229 0.507744999 0.506899449 0.543927682 0.514560506 0.510105673 0.510113823 0.489694110 0.510491963 0.727050027 0.749911687 1.543714151 
13     0.668961121 0.658550443 0.692601125 0.677831455 0.671693139 0.667584033 0.589210333 0.586662231 0.580626716 0.627029349 0.550555886 0.546888657 0.611730051 0.609412519 0.566566265 0.565409777 0.640397701 0.607269376 0.537740181 0.000000000 0.119239068 0.172180864 0.532750842 0.616221451 0.593426744 0.555259027 0.560017836 0.548742651 0.650596257 0.672721419 0.695324495 0.691451519 0.690962620 0.762837672 0.780773562 0.781986947 0.882983562 0.776957579 0.776622930 0.780196097 0.646734603 0.645889054 0.682917286 0.655657622 0.651202789 0.651210939 0.630824405 0.650983180 0.869664492 0.892526152 1.684537576 
43     0.668877556 0.658466878 0.692517560 0.677747891 0.671609574 0.667500468 0.589630444 0.587082342 0.581046827 0.627792203 0.551409577 0.547630334 0.612492905 0.610175373 0.566954699 0.565798211 0.641107701 0.607979377 0.538878650 0.119239068 0.000000000 0.172939785 0.532629175 0.616107743 0.593313036 0.555145319 0.559904128 0.548628944 0.649110688 0.671235850 0.693838926 0.689965950 0.689477051 0.761182270 0.779118161 0.780331546 0.880090587 0.774542095 0.775177266 0.778750433 0.645286592 0.644441042 0.681469275 0.654209610 0.649754778 0.649762927 0.629376393 0.649535168 0.868592137 0.891453797 1.684038163 
2     0.695986177 0.685550801 0.719626181 0.704808569 0.698718195 0.694718890 0.616796287 0.614248184 0.608212670 0.654958046 0.578575420 0.574796177 0.639658748 0.637341216 0.594120542 0.592964053 0.668273544 0.635145219 0.566044493 0.172180864 0.172939785 0.000000000 0.559757096 0.643238879 0.620437530 0.582269813 0.587028622 0.575753437 0.677754595 0.699879757 0.722482833 0.718609857 0.718120958 0.789996009 0.807931900 0.809145285 0.910141899 0.804115917 0.803781268 0.807354435 0.673892941 0.673047391 0.710075624 0.682815960 0.678361127 0.678369276 0.657982742 0.678141518 0.896822830 0.919684490 1.711695913 
38     0.537726047 0.527315369 0.561366051 0.546596382 0.540458065 0.536358021 0.448714456 0.446166353 0.440130839 0.486876215 0.410615736 0.406955261 0.471760481 0.469442949 0.425242678 0.424920122 0.500529569 0.467146773 0.397951062 0.532750842 0.532629175 0.559757096 0.000000000 0.371823310 0.350952547 0.312689550 0.317616806 0.306425312 0.516627431 0.538526780 0.561507905 0.557634929 0.557146031 0.628732496 0.646668387 0.647881772 0.748933413 0.643386748 0.638420663 0.641993830 0.510975840 0.510130291 0.547158523 0.518557359 0.514290689 0.514298838 0.493911325 0.513585234 0.732909280 0.755770940 1.550146211 
1     0.622807799 0.612397121 0.646447803 0.631678134 0.625539817 0.621430468 0.535672213 0.533124111 0.527088596 0.573833125 0.497566913 0.493904868 0.558711658 0.556394126 0.513027065 0.511870576 0.587190097 0.554097950 0.484901516 0.616221451 0.616107743 0.643238879 0.371823310 0.000000000 0.370534978 0.332624374 0.337368187 0.325921937 0.600850585 0.622707655 0.645513715 0.641640740 0.641151841 0.712783342 0.730719233 0.731932618 0.832984259 0.727437594 0.723686204 0.727259371 0.597200602 0.596355053 0.633383285 0.604013941 0.599747271 0.599755421 0.579367908 0.600142044 0.819074863 0.841936523 1.629881612 
35     0.601861431 0.591450752 0.625501434 0.610731765 0.604593448 0.600484099 0.512804151 0.510256049 0.504220534 0.550965063 0.474698851 0.471036806 0.535843596 0.533526064 0.490159002 0.489002514 0.564322035 0.531229888 0.462033454 0.593426744 0.593313036 0.620437530 0.350952547 0.370534978 0.000000000 0.127989747 0.169718747 0.156029914 0.578593821 0.600456237 0.623015327 0.619142351 0.618653452 0.690526579 0.708462469 0.709675854 0.810727495 0.705180831 0.703224164 0.706797330 0.576002627 0.575157077 0.612185310 0.583755423 0.579488753 0.579496903 0.559109390 0.579095333 0.797952374 0.820814034 1.613738113 
28     0.563693714 0.553283035 0.587333717 0.572564048 0.566425731 0.562316382 0.474636434 0.472088331 0.466052817 0.512797346 0.436531134 0.432869089 0.497675878 0.495358347 0.451991285 0.450834797 0.526154317 0.493062170 0.423865737 0.555259027 0.555145319 0.582269813 0.312689550 0.332624374 0.127989747 0.000000000 0.131779744 0.118635682 0.540426104 0.562288520 0.584847609 0.580974633 0.580485735 0.652358862 0.670294752 0.671508137 0.772559778 0.667013114 0.665056446 0.668629613 0.537834909 0.536989360 0.574017592 0.545587706 0.541321036 0.541329185 0.520941672 0.540927615 0.759784657 0.782646317 1.575570396 
33     0.568452523 0.558041845 0.592092526 0.577322857 0.571184541 0.567075192 0.478648247 0.476100144 0.470064630 0.516609739 0.440683681 0.437021636 0.501828426 0.499510894 0.456143474 0.454986985 0.530306506 0.497214359 0.428017925 0.560017836 0.559904128 0.587028622 0.317616806 0.337368187 0.169718747 0.131779744 0.000000000 0.088354503 0.545184913 0.567047329 0.589606419 0.585733443 0.585244544 0.657117671 0.675053561 0.676266946 0.777318587 0.671771923 0.669815256 0.673388422 0.542593719 0.541748169 0.578776402 0.550346515 0.546079845 0.546087995 0.525700482 0.545686425 0.764543466 0.787405126 1.580329205 
36     0.557177338 0.546766660 0.580817342 0.566047673 0.559909356 0.555800007 0.467373062 0.464824960 0.458789445 0.505334555 0.429408496 0.425746451 0.490553241 0.488235709 0.444868289 0.443711800 0.519031321 0.485939174 0.416742741 0.548742651 0.548628944 0.575753437 0.306425312 0.325921937 0.156029914 0.118635682 0.088354503 0.000000000 0.533909728 0.555772144 0.578331234 0.574458258 0.573969359 0.645842486 0.663778377 0.664991762 0.766043402 0.660496738 0.658540071 0.662113238 0.531318534 0.530472984 0.567501217 0.539071331 0.534804661 0.534812810 0.514425297 0.534411240 0.753268281 0.776129941 1.569054020 
31     0.552695225 0.542284547 0.576370329 0.561600660 0.555462343 0.549672869 0.562799366 0.560251263 0.554277588 0.601022964 0.524552271 0.521114456 0.585898737 0.583581205 0.540027903 0.539326808 0.614597341 0.581379733 0.512199800 0.650596257 0.649110688 0.677754595 0.516627431 0.600850585 0.578593821 0.540426104 0.545184913 0.533909728 0.000000000 0.300798393 0.326406620 0.322958407 0.322498769 0.402802690 0.420978222 0.421974091 0.523096519 0.417614514 0.572955370 0.576525771 0.446602098 0.445756549 0.482784781 0.454220491 0.449662303 0.449670453 0.429498752 0.448208865 0.755745145 0.778606805 1.577512859 
24     0.575226014 0.564815336 0.598948190 0.584178521 0.578040204 0.572203657 0.584950336 0.582402234 0.576428559 0.623173935 0.546703242 0.543041148 0.608049708 0.605732176 0.562178874 0.561477779 0.636748312 0.603530704 0.534261329 0.672721419 0.671235850 0.699879757 0.538526780 0.622707655 0.600456237 0.562288520 0.567047329 0.555772144 0.300798393 0.000000000 0.325470785 0.321996069 0.321565896 0.421339543 0.439391351 0.440580549 0.541582620 0.435592106 0.596457374 0.600027775 0.470667634 0.469822084 0.506850317 0.478286026 0.473727839 0.473735988 0.453533166 0.471958290 0.777682323 0.800543983 1.599359514 
23     0.598040245 0.587629567 0.621762421 0.606992752 0.600854435 0.595017888 0.607490095 0.604941992 0.598906478 0.645651854 0.569181161 0.565208626 0.630527627 0.628210095 0.584656793 0.583955698 0.659226231 0.626008623 0.556828690 0.695324495 0.693838926 0.722482833 0.561507905 0.645513715 0.623015327 0.584847609 0.589606419 0.578331234 0.326406620 0.325470785 0.000000000 0.089714221 0.089512058 0.446272003 0.464077296 0.465511099 0.566651379 0.460929358 0.619860815 0.623450582 0.493908699 0.493063150 0.530091382 0.501676607 0.497118420 0.497126569 0.476923747 0.495394301 0.800416730 0.823278390 1.622412608 
21     0.594280578 0.583869900 0.618002754 0.603233085 0.597094768 0.591258221 0.603617119 0.601069016 0.595033502 0.641778878 0.565308185 0.561335650 0.626654651 0.624337119 0.580783817 0.580082722 0.655353255 0.622135647 0.552955714 0.691451519 0.689965950 0.718609857 0.557634929 0.641640740 0.619142351 0.580974633 0.585733443 0.574458258 0.322958407 0.321996069 0.089714221 0.000000000 0.042530084 0.442953673 0.460730114 0.462163918 0.563235410 0.457563296 0.615774425 0.619363449 0.489821566 0.488976017 0.526004249 0.497589474 0.493031287 0.493039436 0.472836613 0.491307168 0.796465518 0.819327178 1.618539632 
37     0.593791680 0.583381001 0.617513855 0.602744186 0.596605869 0.590769323 0.603128220 0.600580118 0.594544603 0.641289979 0.564819286 0.560846751 0.626165752 0.623848220 0.580294918 0.579593823 0.654864356 0.621646748 0.552466815 0.690962620 0.689477051 0.718120958 0.557146031 0.641151841 0.618653452 0.580485735 0.585244544 0.573969359 0.322498769 0.321565896 0.089512058 0.042530084 0.000000000 0.442464774 0.460241215 0.461675019 0.562746511 0.457074397 0.615285526 0.618874550 0.489332668 0.488487118 0.525515351 0.497100576 0.492542388 0.492550537 0.472347715 0.490818269 0.795976619 0.818838279 1.618050733 
27     0.664808305 0.654397627 0.688530481 0.673760812 0.667622495 0.661687559 0.675450944 0.672902842 0.666867327 0.713612704 0.637142011 0.633479258 0.698488477 0.696170945 0.652617642 0.651916548 0.727187080 0.693969473 0.624488175 0.762837672 0.761182270 0.789996009 0.628732496 0.712783342 0.690526579 0.652358862 0.657117671 0.645842486 0.402802690 0.421339543 0.446272003 0.442953673 0.442464774 0.000000000 0.149007069 0.147525250 0.398224753 0.294066403 0.685065459 0.688635859 0.560558179 0.559712630 0.596740862 0.568185919 0.563627731 0.563635881 0.543433058 0.562036995 0.867107346 0.889969006 1.689336838 
40     0.682744196 0.672333517 0.706466371 0.691696702 0.685558385 0.679625880 0.693386835 0.690838733 0.684803218 0.731548594 0.655077901 0.651415148 0.716424367 0.714106835 0.670553533 0.669852438 0.745122971 0.711905363 0.642424066 0.780773562 0.779118161 0.807931900 0.646668387 0.730719233 0.708462469 0.670294752 0.675053561 0.663778377 0.420978222 0.439391351 0.464077296 0.460730114 0.460241215 0.149007069 0.000000000 0.167014495 0.415151679 0.310549699 0.702993260 0.706563660 0.578512851 0.577667302 0.614695534 0.586140591 0.581582403 0.581590553 0.561387730 0.579991668 0.884749235 0.907610895 1.707272728 
45     0.683957581 0.673546902 0.707679756 0.692910087 0.686771770 0.680836230 0.694600220 0.692052118 0.686016603 0.732761979 0.656291286 0.652628534 0.717637752 0.715320220 0.671766918 0.671065823 0.746336356 0.713118748 0.643637451 0.781986947 0.780331546 0.809145285 0.647881772 0.731932618 0.709675854 0.671508137 0.676266946 0.664991762 0.421974091 0.440580549 0.465511099 0.462163918 0.461675019 0.147525250 0.167014495 0.000000000 0.417237862 0.312851592 0.704206645 0.707777045 0.579437953 0.578592404 0.615620636 0.586766311 0.582208124 0.582189605 0.562235330 0.581005786 0.885962620 0.908824280 1.708486113 
26     0.785050368 0.774639690 0.808772544 0.794002874 0.787864558 0.781950221 0.795625496 0.793077394 0.787041880 0.833787256 0.757320866 0.753656691 0.818684235 0.816366703 0.772813400 0.772112305 0.847382838 0.814165231 0.744626426 0.882983562 0.880090587 0.910141899 0.748933413 0.832984259 0.810727495 0.772559778 0.777318587 0.766043402 0.523096519 0.541582620 0.566651379 0.563235410 0.562746511 0.398224753 0.415151679 0.417237862 0.000000000 0.330632208 0.805346437 0.808916838 0.680848138 0.680002588 0.717030821 0.688481271 0.683923084 0.683931233 0.663728410 0.682326954 0.987308847 1.010170507 1.809577125 
34     0.679450495 0.669039817 0.703172671 0.688403001 0.682264685 0.676350348 0.690056969 0.687508867 0.681473352 0.728218728 0.651748035 0.648085282 0.713094501 0.710776969 0.667223667 0.666522572 0.741793105 0.708575497 0.639028157 0.776957579 0.774542095 0.804115917 0.643386748 0.727437594 0.705180831 0.667013114 0.671771923 0.660496738 0.417614514 0.435592106 0.460929358 0.457563296 0.457074397 0.294066403 0.310549699 0.312851592 0.330632208 0.000000000 0.699789835 0.703360235 0.575318202 0.574472653 0.611500885 0.582951336 0.578393149 0.578401298 0.558198475 0.576797019 0.881730109 0.904591769 1.703994760 
32     0.672526365 0.662115687 0.696185765 0.681416096 0.675277779 0.669609640 0.684156360 0.681608257 0.675715123 0.722460499 0.645989806 0.642502765 0.707286886 0.704969354 0.661249890 0.660650182 0.736041917 0.702638529 0.633702063 0.776622930 0.775177266 0.803781268 0.638420663 0.723686204 0.703224164 0.665056446 0.669815256 0.658540071 0.572955370 0.596457374 0.619860815 0.615774425 0.615285526 0.685065459 0.702993260 0.704206645 0.805346437 0.699789835 0.000000000 0.092260227 0.497148948 0.496303398 0.533331631 0.504683827 0.500110734 0.500124798 0.479831354 0.500063787 0.878010230 0.900871890 1.694804613 
41     0.676099532 0.665688853 0.699758932 0.684989263 0.678850946 0.673182807 0.687729526 0.685181424 0.679288290 0.726033666 0.649562973 0.646075931 0.710860053 0.708542521 0.664823057 0.664223349 0.739615083 0.706211696 0.637275229 0.780196097 0.778750433 0.807354435 0.641993830 0.727259371 0.706797330 0.668629613 0.673388422 0.662113238 0.576525771 0.600027775 0.623450582 0.619363449 0.618874550 0.688635859 0.706563660 0.707777045 0.808916838 0.703360235 0.092260227 0.000000000 0.500719116 0.499873566 0.536901798 0.508253995 0.503680901 0.503694965 0.483401521 0.503633955 0.881583397 0.904445057 1.698377779 
7     0.546418809 0.536008130 0.569770257 0.555000587 0.548862271 0.543502084 0.558177126 0.555629024 0.549758059 0.596503435 0.520032742 0.516635508 0.581379208 0.579061676 0.535441870 0.534807279 0.610055631 0.576035514 0.507744999 0.646734603 0.645286592 0.673892941 0.510975840 0.597200602 0.576002627 0.537834909 0.542593719 0.531318534 0.446602098 0.470667634 0.493908699 0.489821566 0.489332668 0.560558179 0.578512851 0.579437953 0.680848138 0.575318202 0.497148948 0.500719116 0.000000000 0.041978487 0.113659040 0.259291113 0.254491762 0.254589661 0.235186834 0.318015968 0.749907890 0.772769550 1.571474494 
42     0.545573259 0.535162581 0.568924707 0.554155038 0.548016721 0.542656534 0.557331576 0.554783474 0.548912509 0.595657886 0.519187193 0.515789958 0.580533659 0.578216127 0.534596320 0.533961729 0.609210081 0.575189964 0.506899449 0.645889054 0.644441042 0.673047391 0.510130291 0.596355053 0.575157077 0.536989360 0.541748169 0.530472984 0.445756549 0.469822084 0.493063150 0.488976017 0.488487118 0.559712630 0.577667302 0.578592404 0.680002588 0.574472653 0.496303398 0.499873566 0.041978487 0.000000000 0.110873177 0.258403088 0.253603736 0.253701635 0.234471448 0.317170418 0.749062341 0.771924001 1.570628945 
15     0.582601492 0.572190813 0.606002967 0.591233298 0.585094981 0.579684767 0.594359809 0.591811707 0.585940742 0.632686118 0.556215425 0.552818191 0.617561891 0.615244359 0.571624553 0.570989962 0.646238314 0.612340079 0.543927682 0.682917286 0.681469275 0.710075624 0.547158523 0.633383285 0.612185310 0.574017592 0.578776402 0.567501217 0.482784781 0.506850317 0.530091382 0.526004249 0.525515351 0.596740862 0.614695534 0.615620636 0.717030821 0.611500885 0.533331631 0.536901798 0.113659040 0.110873177 0.000000000 0.295566399 0.290767047 0.290864946 0.271625754 0.354418483 0.786090573 0.808952233 1.607657177 
48     0.553071205 0.542660526 0.576621373 0.561851704 0.555713387 0.549429842 0.564742145 0.562194043 0.556573566 0.603318942 0.526848250 0.523451015 0.588194715 0.585877184 0.542257377 0.541622786 0.616871138 0.583078450 0.514560506 0.655657622 0.654209610 0.682815960 0.518557359 0.604013941 0.583755423 0.545587706 0.550346515 0.539071331 0.454220491 0.478286026 0.501676607 0.497589474 0.497100576 0.568185919 0.586140591 0.586766311 0.688481271 0.582951336 0.504683827 0.508253995 0.259291113 0.258403088 0.295566399 0.000000000 0.086706085 0.090518726 0.154540526 0.327222694 0.757135599 0.779997259 1.578399130 
16     0.549047617 0.538636939 0.572597786 0.557828117 0.551689800 0.546130893 0.560254264 0.557706162 0.552118734 0.598864110 0.522393417 0.518996183 0.583739883 0.581422351 0.537802544 0.537167954 0.612416305 0.578623617 0.510105673 0.651202789 0.649754778 0.678361127 0.514290689 0.599747271 0.579488753 0.541321036 0.546079845 0.534804661 0.449662303 0.473727839 0.497118420 0.493031287 0.492542388 0.563627731 0.581582403 0.582208124 0.683923084 0.578393149 0.500110734 0.503680901 0.254491762 0.253603736 0.290767047 0.086706085 0.000000000 0.085326915 0.150143146 0.322481540 0.752699354 0.775561014 1.573944298 
11     0.549055767 0.538645088 0.572605935 0.557836266 0.551697949 0.546139042 0.560296899 0.557748797 0.552126883 0.598872259 0.522401566 0.519004332 0.583748032 0.581430500 0.537810694 0.537176103 0.612424455 0.578631767 0.510113823 0.651210939 0.649762927 0.678369276 0.514298838 0.599755421 0.579496903 0.541329185 0.546087995 0.534812810 0.449670453 0.473735988 0.497126569 0.493039436 0.492550537 0.563635881 0.581590553 0.582189605 0.683931233 0.578401298 0.500124798 0.503694965 0.254589661 0.253701635 0.290864946 0.090518726 0.085326915 0.000000000 0.150249801 0.322446808 0.752707504 0.775569164 1.573952447 
18     0.528870895 0.518460217 0.552421064 0.537651394 0.531513078 0.525954171 0.539941688 0.537380994 0.531695838 0.578359791 0.501981847 0.498578798 0.563323542 0.561006010 0.517390975 0.516756384 0.592004736 0.558212048 0.489694110 0.630824405 0.629376393 0.657982742 0.493911325 0.579367908 0.559109390 0.520941672 0.525700482 0.514425297 0.429498752 0.453533166 0.476923747 0.472836613 0.472347715 0.543433058 0.561387730 0.562235330 0.663728410 0.558198475 0.479831354 0.483401521 0.235186834 0.234471448 0.271625754 0.154540526 0.150143146 0.150249801 0.000000000 0.302391506 0.732512573 0.755374233 1.553710178 
12     0.548534507 0.538123828 0.572133991 0.557364322 0.551226005 0.545617782 0.560924090 0.558375988 0.552505023 0.599250399 0.522779706 0.519382472 0.584126172 0.581808640 0.537753508 0.537554243 0.612802595 0.579036039 0.510491963 0.650983180 0.649535168 0.678141518 0.513585234 0.600142044 0.579095333 0.540927615 0.545686425 0.534411240 0.448208865 0.471958290 0.495394301 0.491307168 0.490818269 0.562036995 0.579991668 0.581005786 0.682326954 0.576797019 0.500063787 0.503633955 0.318015968 0.317170418 0.354418483 0.327222694 0.322481540 0.322446808 0.302391506 0.000000000 0.751949490 0.774811150 1.574548154 
50     0.767272501 0.756861822 0.791051242 0.776281573 0.770143256 0.765088161 0.778042654 0.775494551 0.769459037 0.816204413 0.739525664 0.736237168 0.801080186 0.798762654 0.755440267 0.754381871 0.829649417 0.796551510 0.727050027 0.869664492 0.868592137 0.896822830 0.732909280 0.819074863 0.797952374 0.759784657 0.764543466 0.753268281 0.755745145 0.777682323 0.800416730 0.796465518 0.795976619 0.867107346 0.884749235 0.885962620 0.987308847 0.881730109 0.878010230 0.881583397 0.749907890 0.749062341 0.786090573 0.757135599 0.752699354 0.752707504 0.732512573 0.751949490 0.000000000 0.217642716 1.775885395 
49     0.790134161 0.779723482 0.813912902 0.799143233 0.793004916 0.787949822 0.800904314 0.798356211 0.792320697 0.839066073 0.762387324 0.759098828 0.823941846 0.821624314 0.778301927 0.777243532 0.852511078 0.819413170 0.749911687 0.892526152 0.891453797 0.919684490 0.755770940 0.841936523 0.820814034 0.782646317 0.787405126 0.776129941 0.778606805 0.800543983 0.823278390 0.819327178 0.818838279 0.889969006 0.907610895 0.908824280 1.010170507 0.904591769 0.900871890 0.904445057 0.772769550 0.771924001 0.808952233 0.779997259 0.775561014 0.775569164 0.755374233 0.774811150 0.217642716 0.000000000 1.798747055 
0     1.579015868 1.568605190 1.602694193 1.587924524 1.581786207 1.578126135 1.594578603 1.592030501 1.585994986 1.632740363 1.556090775 1.552836025 1.617616136 1.615298604 1.571958603 1.570996798 1.646184968 1.613156278 1.543714151 1.684537576 1.684038163 1.711695913 1.550146211 1.629881612 1.613738113 1.575570396 1.580329205 1.569054020 1.577512859 1.599359514 1.622412608 1.618539632 1.618050733 1.689336838 1.707272728 1.708486113 1.809577125 1.703994760 1.694804613 1.698377779 1.571474494 1.570628945 1.607657177 1.578399130 1.573944298 1.573952447 1.553710178 1.574548154 1.775885395 1.798747055 0.000000000 
