51
19     0.000000000 0.000163500 0.000388870 0.000346700 0.000313720 0.000787970 0.001691760 0.001727200 0.001369940 0.001157290 0.001232460 0.001216500 0.001544800 0.001437910 0.001449330 0.001459480 0.001378210 0.001180070 0.001166810 0.001864820 0.001931390 0.001760550 0.000846700 0.001325150 0.001552800 0.001447970 0.001339160 0.001329670 0.001789640 0.001068050 0.001355740 0.001288980 0.001330710 0.001767420 0.002121250 0.001859420 0.001813870 0.001528970 0.001053230 0.001106820 0.001270850 0.001225880 0.001299860 0.001388600 0.001329310 0.001293640 0.001255080 0.001330590 0.001260080 0.001123430 0.003204940 
8     0.000163500 0.000000000 0.000277100 0.000234930 0.000201950 0.000697080 0.001600870 0.001636310 0.001279050 0.001066400 0.001141570 0.001125610 0.001453910 0.001347020 0.001358440 0.001368590 0.001287320 0.001089180 0.001075920 0.001773930 0.001840500 0.001669660 0.000755810 0.001234260 0.001461910 0.001357080 0.001248270 0.001238780 0.001698750 0.000977160 0.001264850 0.001198090 0.001239820 0.001676530 0.002030360 0.001768530 0.001722980 0.001438080 0.000962340 0.001015930 0.001179960 0.001134990 0.001208970 0.001297710 0.001238420 0.001202750 0.001164190 0.001239700 0.001169190 0.001032540 0.003114050 
30     0.000388870 0.000277100 0.000000000 0.000129550 0.000096570 0.000726520 0.001630310 0.001665750 0.001308490 0.001095840 0.001171010 0.001155050 0.001483350 0.001376460 0.001387880 0.001398030 0.001316760 0.001118620 0.001105360 0.001803370 0.001869940 0.001699100 0.000785250 0.001263700 0.001491350 0.001386520 0.001277710 0.001268220 0.001728190 0.001006600 0.001294290 0.001227530 0.001269260 0.001705970 0.002059800 0.001797970 0.001752420 0.001467520 0.000991780 0.001045370 0.001209400 0.001164430 0.001238410 0.001327150 0.001267860 0.001232190 0.001193630 0.001269140 0.001198630 0.001061980 0.003143490 
17     0.000346700 0.000234930 0.000129550 0.000000000 0.000049440 0.000684350 0.001588140 0.001623580 0.001266320 0.001053670 0.001128840 0.001112880 0.001441180 0.001334290 0.001345710 0.001355860 0.001274590 0.001076450 0.001063190 0.001761200 0.001827770 0.001656930 0.000743080 0.001221530 0.001449180 0.001344350 0.001235540 0.001226050 0.001686020 0.000964430 0.001252120 0.001185360 0.001227090 0.001663800 0.002017630 0.001755800 0.001710250 0.001425350 0.000949610 0.001003200 0.001167230 0.001122260 0.001196240 0.001284980 0.001225690 0.001190020 0.001151460 0.001226970 0.001156460 0.001019810 0.003101320 
9     0.000313720 0.000201950 0.000096570 0.000049440 0.000000000 0.000651370 0.001555160 0.001590600 0.001233340 0.001020690 0.001095860 0.001079900 0.001408200 0.001301310 0.001312730 0.001322880 0.001241610 0.001043470 0.001030210 0.001728220 0.001794790 0.001623950 0.000710100 0.001188550 0.001416200 0.001311370 0.001202560 0.001193070 0.001653040 0.000931450 0.001219140 0.001152380 0.001194110 0.001630820 0.001984650 0.001722820 0.001677270 0.001392370 0.000916630 0.000970220 0.001134250 0.001089280 0.001163260 0.001252000 0.001192710 0.001157040 0.001118480 0.001193990 0.001123480 0.000986830 0.003068340 
25     0.000787970 0.000697080 0.000726520 0.000684350 0.000651370 0.000000000 0.001342530 0.001377970 0.001020710 0.000808060 0.000883230 0.000867270 0.001195570 0.001088680 0.001100100 0.001110250 0.001028980 0.000830840 0.000817580 0.001515590 0.001582160 0.001411320 0.000497470 0.000975920 0.001203570 0.001098740 0.000989930 0.000980440 0.001440410 0.000718820 0.001006510 0.000939750 0.000981480 0.001418190 0.001772020 0.001510190 0.001464640 0.001179740 0.000704000 0.000757590 0.000921620 0.000876650 0.000950630 0.001039370 0.000980080 0.000944410 0.000905850 0.000981360 0.000910850 0.000774200 0.002855710 
47     0.001691760 0.001600870 0.001630310 0.001588140 0.001555160 0.001342530 0.000000000 0.000075600 0.000115000 0.000686850 0.000638560 0.001054320 0.001170400 0.001063510 0.001238490 0.001248640 0.001167370 0.000969230 0.001004630 0.002028160 0.002094730 0.001923890 0.001073060 0.001551510 0.001779160 0.001674330 0.001565520 0.001556030 0.002181680 0.001460090 0.001747780 0.001681020 0.001722750 0.002159460 0.002513290 0.002251460 0.002205910 0.001921010 0.001445270 0.001498860 0.001662890 0.001617920 0.001691900 0.001780640 0.001721350 0.001685680 0.001647120 0.001722630 0.001595080 0.001458430 0.003628100 
44     0.001727200 0.001636310 0.001665750 0.001623580 0.001590600 0.001377970 0.000075600 0.000000000 0.000338550 0.000168260 0.000893500 0.001089760 0.001205840 0.001098950 0.001273930 0.001284080 0.001202810 0.001004670 0.001040070 0.002063600 0.002130170 0.001959330 0.001108500 0.001586950 0.001814600 0.001709770 0.001600960 0.001591470 0.002217120 0.001495530 0.001783220 0.001716460 0.001758190 0.002194900 0.002548730 0.002286900 0.002241350 0.001956450 0.001480710 0.001534300 0.001698330 0.001653360 0.001727340 0.001816080 0.001756790 0.001721120 0.001682560 0.001758070 0.001630520 0.001493870 0.003663540 
10     0.001369940 0.001279050 0.001308490 0.001266320 0.001233340 0.001020710 0.000115000 0.000338550 0.000000000 0.000365030 0.000536240 0.000114220 0.000848580 0.000741690 0.000916670 0.000926820 0.000845550 0.000647410 0.000682810 0.001706340 0.001772910 0.001602070 0.000751240 0.001229690 0.001457340 0.001352510 0.001243700 0.001234210 0.001859860 0.001138270 0.001425960 0.001359200 0.001400930 0.001837640 0.002191470 0.001929640 0.001884090 0.001599190 0.001123450 0.001177040 0.001341070 0.001296100 0.001370080 0.001458820 0.001399530 0.001363860 0.001325300 0.001400810 0.001273260 0.001136610 0.003306280 
6     0.001157290 0.001066400 0.001095840 0.001053670 0.001020690 0.000808060 0.000686850 0.000168260 0.000365030 0.000000000 0.000323590 0.000519850 0.000635930 0.000529040 0.000704020 0.000714170 0.000632900 0.000434760 0.000470160 0.001493690 0.001560260 0.001389420 0.000538590 0.001017040 0.001244690 0.001139860 0.001031050 0.001021560 0.001647210 0.000925620 0.001213310 0.001146550 0.001188280 0.001624990 0.001978820 0.001716990 0.001671440 0.001386540 0.000910800 0.000964390 0.001128420 0.001083450 0.001157430 0.001246170 0.001186880 0.001151210 0.001112650 0.001188160 0.001060610 0.000923960 0.003093630 
39     0.001232460 0.001141570 0.001171010 0.001128840 0.001095860 0.000883230 0.000638560 0.000893500 0.000536240 0.000323590 0.000000000 0.000595020 0.000703540 0.000596650 0.000779190 0.000789340 0.000708070 0.000509930 0.000545330 0.001568860 0.001635430 0.001464590 0.000613760 0.001092210 0.001319860 0.001215030 0.001106220 0.001096730 0.001722380 0.001000790 0.001288480 0.001221720 0.001263450 0.001700160 0.002053990 0.001792160 0.001746610 0.001461710 0.000985970 0.001039560 0.001203590 0.001158620 0.001232600 0.001321340 0.001262050 0.001226380 0.001187820 0.001263330 0.001135780 0.000999130 0.003168800 
4     0.001216500 0.001125610 0.001155050 0.001112880 0.001079900 0.000867270 0.001054320 0.001089760 0.000114220 0.000519850 0.000595020 0.000000000 0.000907360 0.000472310 0.000787690 0.000822040 0.000740770 0.000542630 0.000207030 0.001552900 0.001619470 0.001448630 0.000597800 0.001076250 0.001303900 0.001199070 0.001090260 0.001080770 0.001706420 0.000984830 0.001272520 0.001205760 0.001247490 0.001684200 0.002038030 0.001776200 0.001730650 0.001445750 0.000970010 0.001023600 0.001187630 0.001142660 0.001216640 0.001305380 0.001246090 0.001210420 0.001171860 0.001247370 0.001119820 0.000983170 0.003152840 
5     0.001544800 0.001453910 0.001483350 0.001441180 0.001408200 0.001195570 0.001170400 0.001205840 0.000848580 0.000635930 0.000703540 0.000907360 0.000000000 0.000071350 0.001091530 0.001101680 0.001020410 0.000822270 0.000409980 0.001881200 0.001947770 0.001776930 0.000926100 0.001404550 0.001632200 0.001527370 0.001418560 0.001409070 0.002034720 0.001313130 0.001600820 0.001534060 0.001575790 0.002012500 0.002366330 0.002104500 0.002058950 0.001774050 0.001298310 0.001351900 0.001515930 0.001470960 0.001544940 0.001633680 0.001574390 0.001538720 0.001500160 0.001575670 0.001448120 0.001311470 0.003481140 
29     0.001437910 0.001347020 0.001376460 0.001334290 0.001301310 0.001088680 0.001063510 0.001098950 0.000741690 0.000529040 0.000596650 0.000472310 0.000071350 0.000000000 0.000984640 0.000994790 0.000913520 0.000715380 0.000500450 0.001774310 0.001840880 0.001670040 0.000819210 0.001297660 0.001525310 0.001420480 0.001311670 0.001302180 0.001927830 0.001206240 0.001493930 0.001427170 0.001468900 0.001905610 0.002259440 0.001997610 0.001952060 0.001667160 0.001191420 0.001245010 0.001409040 0.001364070 0.001438050 0.001526790 0.001467500 0.001431830 0.001393270 0.001468780 0.001341230 0.001204580 0.003374250 
22     0.001449330 0.001358440 0.001387880 0.001345710 0.001312730 0.001100100 0.001238490 0.001273930 0.000916670 0.000704020 0.000779190 0.000787690 0.001091530 0.000984640 0.000000000 0.000126900 0.000903860 0.000705720 0.000344050 0.001785730 0.001852300 0.001681460 0.000830630 0.001309080 0.001536730 0.001431900 0.001323090 0.001313600 0.001939250 0.001217660 0.001505350 0.001438590 0.001480320 0.001917030 0.002270860 0.002009030 0.001963480 0.001678580 0.001202840 0.001256430 0.001420460 0.001375490 0.001449470 0.001538210 0.001478920 0.001443250 0.001404690 0.001480200 0.001352650 0.001216000 0.003385670 
3     0.001459480 0.001368590 0.001398030 0.001355860 0.001322880 0.001110250 0.001248640 0.001284080 0.000926820 0.000714170 0.000789340 0.000822040 0.001101680 0.000994790 0.000126900 0.000000000 0.000867270 0.000669130 0.000463790 0.001795880 0.001862450 0.001691610 0.000840780 0.001319230 0.001546880 0.001442050 0.001333240 0.001323750 0.001949400 0.001227810 0.001515500 0.001448740 0.001490470 0.001927180 0.002281010 0.002019180 0.001973630 0.001688730 0.001212990 0.001266580 0.001430610 0.001385640 0.001459620 0.001548360 0.001489070 0.001453400 0.001414840 0.001490350 0.001362800 0.001226150 0.003395820 
46     0.001378210 0.001287320 0.001316760 0.001274590 0.001241610 0.001028980 0.001167370 0.001202810 0.000845550 0.000632900 0.000708070 0.000740770 0.001020410 0.000913520 0.000903860 0.000867270 0.000000000 0.000282420 0.000519060 0.001714610 0.001781180 0.001610340 0.000759510 0.001237960 0.001465610 0.001360780 0.001251970 0.001242480 0.001868130 0.001146540 0.001434230 0.001367470 0.001409200 0.001845910 0.002199740 0.001937910 0.001892360 0.001607460 0.001131720 0.001185310 0.001349340 0.001304370 0.001378350 0.001467090 0.001407800 0.001372130 0.001333570 0.001409080 0.001281530 0.001144880 0.003314550 
14     0.001180070 0.001089180 0.001118620 0.001076450 0.001043470 0.000830840 0.000969230 0.001004670 0.000647410 0.000434760 0.000509930 0.000542630 0.000822270 0.000715380 0.000705720 0.000669130 0.000282420 0.000000000 0.000492940 0.001516470 0.001583040 0.001412200 0.000561370 0.001039820 0.001267470 0.001162640 0.001053830 0.001044340 0.001669990 0.000948400 0.001236090 0.001169330 0.001211060 0.001647770 0.002001600 0.001739770 0.001694220 0.001409320 0.000933580 0.000987170 0.001151200 0.001106230 0.001180210 0.001268950 0.001209660 0.001173990 0.001135430 0.001210940 0.001083390 0.000946740 0.003116410 
20     0.001166810 0.001075920 0.001105360 0.001063190 0.001030210 0.000817580 0.001004630 0.001040070 0.000682810 0.000470160 0.000545330 0.000207030 0.000409980 0.000500450 0.000344050 0.000463790 0.000519060 0.000492940 0.000000000 0.001503210 0.001569780 0.001398940 0.000548110 0.001026560 0.001254210 0.001149380 0.001040570 0.001031080 0.001656730 0.000935140 0.001222830 0.001156070 0.001197800 0.001634510 0.001988340 0.001726510 0.001680960 0.001396060 0.000920320 0.000973910 0.001137940 0.001092970 0.001166950 0.001255690 0.001196400 0.001160730 0.001122170 0.001197680 0.001070130 0.000933480 0.003103150 
13     0.001864820 0.001773930 0.001803370 0.001761200 0.001728220 0.001515590 0.002028160 0.002063600 0.001706340 0.001493690 0.001568860 0.001552900 0.001881200 0.001774310 0.001785730 0.001795880 0.001714610 0.001516470 0.001503210 0.000000000 0.000027090 0.000256870 0.001246120 0.001724570 0.001952220 0.001847390 0.001738580 0.001729090 0.002354740 0.001633150 0.001920840 0.001854080 0.001895810 0.002332520 0.002686350 0.002424520 0.002378970 0.002094070 0.001618330 0.001671920 0.001835950 0.001790980 0.001864960 0.001953700 0.001894410 0.001858740 0.001820180 0.001895690 0.001768140 0.001631490 0.003801160 
43     0.001931390 0.001840500 0.001869940 0.001827770 0.001794790 0.001582160 0.002094730 0.002130170 0.001772910 0.001560260 0.001635430 0.001619470 0.001947770 0.001840880 0.001852300 0.001862450 0.001781180 0.001583040 0.001569780 0.000027090 0.000000000 0.000226260 0.001312690 0.001791140 0.002018790 0.001913960 0.001805150 0.001795660 0.002421310 0.001699720 0.001987410 0.001920650 0.001962380 0.002399090 0.002752920 0.002491090 0.002445540 0.002160640 0.001684900 0.001738490 0.001902520 0.001857550 0.001931530 0.002020270 0.001960980 0.001925310 0.001886750 0.001962260 0.001834710 0.001698060 0.003867730 
2     0.001760550 0.001669660 0.001699100 0.001656930 0.001623950 0.001411320 0.001923890 0.001959330 0.001602070 0.001389420 0.001464590 0.001448630 0.001776930 0.001670040 0.001681460 0.001691610 0.001610340 0.001412200 0.001398940 0.000256870 0.000226260 0.000000000 0.001141850 0.001620300 0.001847950 0.001743120 0.001634310 0.001624820 0.002250470 0.001528880 0.001816570 0.001749810 0.001791540 0.002228250 0.002582080 0.002320250 0.002274700 0.001989800 0.001514060 0.001567650 0.001731680 0.001686710 0.001760690 0.001849430 0.001790140 0.001754470 0.001715910 0.001791420 0.001663870 0.001527220 0.003696890 
38     0.000846700 0.000755810 0.000785250 0.000743080 0.000710100 0.000497470 0.001073060 0.001108500 0.000751240 0.000538590 0.000613760 0.000597800 0.000926100 0.000819210 0.000830630 0.000840780 0.000759510 0.000561370 0.000548110 0.001246120 0.001312690 0.001141850 0.000000000 0.000675310 0.000902960 0.000798130 0.000689320 0.000679830 0.001336620 0.000615030 0.000902720 0.000835960 0.000877690 0.001314400 0.001668230 0.001406400 0.001360850 0.001075950 0.000600210 0.000653800 0.000817830 0.000772860 0.000846840 0.000935580 0.000876290 0.000840620 0.000802060 0.000877570 0.000750020 0.000613370 0.002783040 
1     0.001325150 0.001234260 0.001263700 0.001221530 0.001188550 0.000975920 0.001551510 0.001586950 0.001229690 0.001017040 0.001092210 0.001076250 0.001404550 0.001297660 0.001309080 0.001319230 0.001237960 0.001039820 0.001026560 0.001724570 0.001791140 0.001620300 0.000675310 0.000000000 0.001317570 0.001212740 0.001103930 0.000903460 0.001815070 0.001093480 0.001381170 0.001314410 0.001356140 0.001792850 0.002146680 0.001884850 0.001839300 0.001554400 0.001078660 0.001132250 0.001296280 0.001251310 0.001325290 0.001414030 0.001354740 0.001319070 0.001280510 0.001356020 0.001228470 0.001091820 0.003261490 
35     0.001552800 0.001461910 0.001491350 0.001449180 0.001416200 0.001203570 0.001779160 0.001814600 0.001457340 0.001244690 0.001319860 0.001303900 0.001632200 0.001525310 0.001536730 0.001546880 0.001465610 0.001267470 0.001254210 0.001952220 0.002018790 0.001847950 0.000902960 0.001317570 0.000000000 0.000209200 0.000028690 0.000198300 0.002042720 0.001321130 0.001608820 0.001542060 0.001583790 0.002020500 0.002374330 0.002112500 0.002066950 0.001782050 0.001306310 0.001359900 0.001523930 0.001478960 0.001552940 0.001641680 0.001582390 0.001546720 0.001508160 0.001583670 0.001456120 0.001319470 0.003489140 
28     0.001447970 0.001357080 0.001386520 0.001344350 0.001311370 0.001098740 0.001674330 0.001709770 0.001352510 0.001139860 0.001215030 0.001199070 0.001527370 0.001420480 0.001431900 0.001442050 0.001360780 0.001162640 0.001149380 0.001847390 0.001913960 0.001743120 0.000798130 0.001212740 0.000209200 0.000000000 0.000170510 0.000161020 0.001937890 0.001216300 0.001503990 0.001437230 0.001478960 0.001915670 0.002269500 0.002007670 0.001962120 0.001677220 0.001201480 0.001255070 0.001419100 0.001374130 0.001448110 0.001536850 0.001477560 0.001441890 0.001403330 0.001478840 0.001351290 0.001214640 0.003384310 
33     0.001339160 0.001248270 0.001277710 0.001235540 0.001202560 0.000989930 0.001565520 0.001600960 0.001243700 0.001031050 0.001106220 0.001090260 0.001418560 0.001311670 0.001323090 0.001333240 0.001251970 0.001053830 0.001040570 0.001738580 0.001805150 0.001634310 0.000689320 0.001103930 0.000028690 0.000170510 0.000000000 0.000014230 0.001829080 0.001107490 0.001395180 0.001328420 0.001370150 0.001806860 0.002160690 0.001898860 0.001853310 0.001568410 0.001092670 0.001146260 0.001310290 0.001265320 0.001339300 0.001428040 0.001368750 0.001333080 0.001294520 0.001370030 0.001242480 0.001105830 0.003275500 
36     0.001329670 0.001238780 0.001268220 0.001226050 0.001193070 0.000980440 0.001556030 0.001591470 0.001234210 0.001021560 0.001096730 0.001080770 0.001409070 0.001302180 0.001313600 0.001323750 0.001242480 0.001044340 0.001031080 0.001729090 0.001795660 0.001624820 0.000679830 0.000903460 0.000198300 0.000161020 0.000014230 0.000000000 0.001819590 0.001098000 0.001385690 0.001318930 0.001360660 0.001797370 0.002151200 0.001889370 0.001843820 0.001558920 0.001083180 0.001136770 0.001300800 0.001255830 0.001329810 0.001418550 0.001359260 0.001323590 0.001285030 0.001360540 0.001232990 0.001096340 0.003266010 
31     0.001789640 0.001698750 0.001728190 0.001686020 0.001653040 0.001440410 0.002181680 0.002217120 0.001859860 0.001647210 0.001722380 0.001706420 0.002034720 0.001927830 0.001939250 0.001949400 0.001868130 0.001669990 0.001656730 0.002354740 0.002421310 0.002250470 0.001336620 0.001815070 0.002042720 0.001937890 0.001829080 0.001819590 0.000000000 0.000407050 0.000888150 0.001207180 0.001248910 0.001622160 0.001669410 0.001714160 0.001668610 0.001383710 0.001086090 0.001139680 0.001270590 0.001225620 0.001299600 0.001421460 0.001362170 0.001326500 0.001287940 0.001330330 0.001750000 0.001613350 0.003725980 
24     0.001068050 0.000977160 0.001006600 0.000964430 0.000931450 0.000718820 0.001460090 0.001495530 0.001138270 0.000925620 0.001000790 0.000984830 0.001313130 0.001206240 0.001217660 0.001227810 0.001146540 0.000948400 0.000935140 0.001633150 0.001699720 0.001528880 0.000615030 0.001093480 0.001321130 0.001216300 0.001107490 0.001098000 0.000407050 0.000000000 0.000523760 0.000485590 0.000527320 0.000497380 0.001254200 0.000992370 0.000946820 0.000661920 0.000364500 0.000418090 0.000549000 0.000504030 0.000578010 0.000699870 0.000640580 0.000604910 0.000566350 0.000608740 0.001028410 0.000891760 0.003004390 
23     0.001355740 0.001264850 0.001294290 0.001252120 0.001219140 0.001006510 0.001747780 0.001783220 0.001425960 0.001213310 0.001288480 0.001272520 0.001600820 0.001493930 0.001505350 0.001515500 0.001434230 0.001236090 0.001222830 0.001920840 0.001987410 0.001816570 0.000902720 0.001381170 0.001608820 0.001503990 0.001395180 0.001385690 0.000888150 0.000523760 0.000000000 0.000089140 0.000073010 0.001251720 0.001605550 0.001343720 0.001298170 0.001013270 0.000409240 0.000705780 0.000836690 0.000791720 0.000865700 0.000987560 0.000928270 0.000892600 0.000854040 0.000896430 0.001316100 0.001179450 0.003292080 
21     0.001288980 0.001198090 0.001227530 0.001185360 0.001152380 0.000939750 0.001681020 0.001716460 0.001359200 0.001146550 0.001221720 0.001205760 0.001534060 0.001427170 0.001438590 0.001448740 0.001367470 0.001169330 0.001156070 0.001854080 0.001920650 0.001749810 0.000835960 0.001314410 0.001542060 0.001437230 0.001328420 0.001318930 0.001207180 0.000485590 0.000089140 0.000000000 0.000048510 0.001184960 0.001538790 0.001276960 0.001231410 0.000946510 0.000585430 0.000639020 0.000769930 0.000724960 0.000798940 0.000920800 0.000861510 0.000825840 0.000787280 0.000829670 0.001249340 0.001112690 0.003225320 
37     0.001330710 0.001239820 0.001269260 0.001227090 0.001194110 0.000981480 0.001722750 0.001758190 0.001400930 0.001188280 0.001263450 0.001247490 0.001575790 0.001468900 0.001480320 0.001490470 0.001409200 0.001211060 0.001197800 0.001895810 0.001962380 0.001791540 0.000877690 0.001356140 0.001583790 0.001478960 0.001370150 0.001360660 0.001248910 0.000527320 0.000073010 0.000048510 0.000000000 0.001226690 0.001580520 0.001318690 0.001273140 0.000988240 0.000627160 0.000680750 0.000811660 0.000766690 0.000840670 0.000962530 0.000903240 0.000867570 0.000829010 0.000871400 0.001291070 0.001154420 0.003267050 
27     0.001767420 0.001676530 0.001705970 0.001663800 0.001630820 0.001418190 0.002159460 0.002194900 0.001837640 0.001624990 0.001700160 0.001684200 0.002012500 0.001905610 0.001917030 0.001927180 0.001845910 0.001647770 0.001634510 0.002332520 0.002399090 0.002228250 0.001314400 0.001792850 0.002020500 0.001915670 0.001806860 0.001797370 0.001622160 0.000497380 0.001251720 0.001184960 0.001226690 0.000000000 0.000631180 0.000328780 0.000365090 0.000348510 0.001063870 0.001117460 0.001248370 0.001203400 0.001277380 0.001399240 0.001339950 0.001304280 0.001265720 0.001308110 0.001727780 0.001591130 0.003703760 
40     0.002121250 0.002030360 0.002059800 0.002017630 0.001984650 0.001772020 0.002513290 0.002548730 0.002191470 0.001978820 0.002053990 0.002038030 0.002366330 0.002259440 0.002270860 0.002281010 0.002199740 0.002001600 0.001988340 0.002686350 0.002752920 0.002582080 0.001668230 0.002146680 0.002374330 0.002269500 0.002160690 0.002151200 0.001669410 0.001254200 0.001605550 0.001538790 0.001580520 0.000631180 0.000000000 0.000748270 0.000718920 0.000702340 0.001417700 0.001471290 0.001602200 0.001557230 0.001631210 0.001753070 0.001693780 0.001658110 0.001619550 0.001661940 0.002081610 0.001944960 0.004057590 
45     0.001859420 0.001768530 0.001797970 0.001755800 0.001722820 0.001510190 0.002251460 0.002286900 0.001929640 0.001716990 0.001792160 0.001776200 0.002104500 0.001997610 0.002009030 0.002019180 0.001937910 0.001739770 0.001726510 0.002424520 0.002491090 0.002320250 0.001406400 0.001884850 0.002112500 0.002007670 0.001898860 0.001889370 0.001714160 0.000992370 0.001343720 0.001276960 0.001318690 0.000328780 0.000748270 0.000000000 0.000457090 0.000440510 0.001155870 0.001209460 0.001340370 0.001295400 0.001369380 0.001491240 0.001431950 0.001396280 0.001357720 0.001400110 0.001819780 0.001683130 0.003795760 
26     0.001813870 0.001722980 0.001752420 0.001710250 0.001677270 0.001464640 0.002205910 0.002241350 0.001884090 0.001671440 0.001746610 0.001730650 0.002058950 0.001952060 0.001963480 0.001973630 0.001892360 0.001694220 0.001680960 0.002378970 0.002445540 0.002274700 0.001360850 0.001839300 0.002066950 0.001962120 0.001853310 0.001843820 0.001668610 0.000946820 0.001298170 0.001231410 0.001273140 0.000365090 0.000718920 0.000457090 0.000000000 0.000111990 0.001110320 0.001163910 0.001294820 0.001249850 0.001323830 0.001445690 0.001386400 0.001350730 0.001312170 0.001354560 0.001774230 0.001637580 0.003750210 
34     0.001528970 0.001438080 0.001467520 0.001425350 0.001392370 0.001179740 0.001921010 0.001956450 0.001599190 0.001386540 0.001461710 0.001445750 0.001774050 0.001667160 0.001678580 0.001688730 0.001607460 0.001409320 0.001396060 0.002094070 0.002160640 0.001989800 0.001075950 0.001554400 0.001782050 0.001677220 0.001568410 0.001558920 0.001383710 0.000661920 0.001013270 0.000946510 0.000988240 0.000348510 0.000702340 0.000440510 0.000111990 0.000000000 0.000825420 0.000879010 0.001009920 0.000964950 0.001038930 0.001160790 0.001101500 0.001065830 0.001027270 0.001069660 0.001489330 0.001352680 0.003465310 
32     0.001053230 0.000962340 0.000991780 0.000949610 0.000916630 0.000704000 0.001445270 0.001480710 0.001123450 0.000910800 0.000985970 0.000970010 0.001298310 0.001191420 0.001202840 0.001212990 0.001131720 0.000933580 0.000920320 0.001618330 0.001684900 0.001514060 0.000600210 0.001078660 0.001306310 0.001201480 0.001092670 0.001083180 0.001086090 0.000364500 0.000409240 0.000585430 0.000627160 0.001063870 0.001417700 0.001155870 0.001110320 0.000825420 0.000000000 0.000141910 0.000567300 0.000522330 0.000380160 0.000656990 0.000597700 0.000562030 0.000523470 0.000627040 0.001013590 0.000876940 0.002989570 
41     0.001106820 0.001015930 0.001045370 0.001003200 0.000970220 0.000757590 0.001498860 0.001534300 0.001177040 0.000964390 0.001039560 0.001023600 0.001351900 0.001245010 0.001256430 0.001266580 0.001185310 0.000987170 0.000973910 0.001671920 0.001738490 0.001567650 0.000653800 0.001132250 0.001359900 0.001255070 0.001146260 0.001136770 0.001139680 0.000418090 0.000705780 0.000639020 0.000680750 0.001117460 0.001471290 0.001209460 0.001163910 0.000879010 0.000141910 0.000000000 0.000620890 0.000575920 0.000649900 0.000710580 0.000651290 0.000615620 0.000577060 0.000680630 0.001067180 0.000930530 0.003043160 
7     0.001270850 0.001179960 0.001209400 0.001167230 0.001134250 0.000921620 0.001662890 0.001698330 0.001341070 0.001128420 0.001203590 0.001187630 0.001515930 0.001409040 0.001420460 0.001430610 0.001349340 0.001151200 0.001137940 0.001835950 0.001902520 0.001731680 0.000817830 0.001296280 0.001523930 0.001419100 0.001310290 0.001300800 0.001270590 0.000549000 0.000836690 0.000769930 0.000811660 0.001248370 0.001602200 0.001340370 0.001294820 0.001009920 0.000567300 0.000620890 0.000000000 0.000048110 0.000170530 0.000902670 0.000843380 0.000807710 0.000769150 0.000582400 0.001231210 0.001094560 0.003207190 
42     0.001225880 0.001134990 0.001164430 0.001122260 0.001089280 0.000876650 0.001617920 0.001653360 0.001296100 0.001083450 0.001158620 0.001142660 0.001470960 0.001364070 0.001375490 0.001385640 0.001304370 0.001106230 0.001092970 0.001790980 0.001857550 0.001686710 0.000772860 0.001251310 0.001478960 0.001374130 0.001265320 0.001255830 0.001225620 0.000504030 0.000791720 0.000724960 0.000766690 0.001203400 0.001557230 0.001295400 0.001249850 0.000964950 0.000522330 0.000575920 0.000048110 0.000000000 0.000125560 0.000857700 0.000798410 0.000762740 0.000724180 0.000537430 0.001186240 0.001049590 0.003162220 
15     0.001299860 0.001208970 0.001238410 0.001196240 0.001163260 0.000950630 0.001691900 0.001727340 0.001370080 0.001157430 0.001232600 0.001216640 0.001544940 0.001438050 0.001449470 0.001459620 0.001378350 0.001180210 0.001166950 0.001864960 0.001931530 0.001760690 0.000846840 0.001325290 0.001552940 0.001448110 0.001339300 0.001329810 0.001299600 0.000578010 0.000865700 0.000798940 0.000840670 0.001277380 0.001631210 0.001369380 0.001323830 0.001038930 0.000380160 0.000649900 0.000170530 0.000125560 0.000000000 0.000931680 0.000872390 0.000836720 0.000798160 0.000611410 0.001260220 0.001123570 0.003236200 
48     0.001388600 0.001297710 0.001327150 0.001284980 0.001252000 0.001039370 0.001780640 0.001816080 0.001458820 0.001246170 0.001321340 0.001305380 0.001633680 0.001526790 0.001538210 0.001548360 0.001467090 0.001268950 0.001255690 0.001953700 0.002020270 0.001849430 0.000935580 0.001414030 0.001641680 0.001536850 0.001428040 0.001418550 0.001421460 0.000699870 0.000987560 0.000920800 0.000962530 0.001399240 0.001753070 0.001491240 0.001445690 0.001160790 0.000656990 0.000710580 0.000902670 0.000857700 0.000931680 0.000000000 0.000064830 0.000501660 0.000515920 0.000962410 0.001348960 0.001212310 0.003324940 
16     0.001329310 0.001238420 0.001267860 0.001225690 0.001192710 0.000980080 0.001721350 0.001756790 0.001399530 0.001186880 0.001262050 0.001246090 0.001574390 0.001467500 0.001478920 0.001489070 0.001407800 0.001209660 0.001196400 0.001894410 0.001960980 0.001790140 0.000876290 0.001354740 0.001582390 0.001477560 0.001368750 0.001359260 0.001362170 0.000640580 0.000928270 0.000861510 0.000903240 0.001339950 0.001693780 0.001431950 0.001386400 0.001101500 0.000597700 0.000651290 0.000843380 0.000798410 0.000872390 0.000064830 0.000000000 0.000148690 0.000456630 0.000903120 0.001289670 0.001153020 0.003265650 
11     0.001293640 0.001202750 0.001232190 0.001190020 0.001157040 0.000944410 0.001685680 0.001721120 0.001363860 0.001151210 0.001226380 0.001210420 0.001538720 0.001431830 0.001443250 0.001453400 0.001372130 0.001173990 0.001160730 0.001858740 0.001925310 0.001754470 0.000840620 0.001319070 0.001546720 0.001441890 0.001333080 0.001323590 0.001326500 0.000604910 0.000892600 0.000825840 0.000867570 0.001304280 0.001658110 0.001396280 0.001350730 0.001065830 0.000562030 0.000615620 0.000807710 0.000762740 0.000836720 0.000501660 0.000148690 0.000000000 0.000420960 0.000867450 0.001254000 0.001117350 0.003229980 
18     0.001255080 0.001164190 0.001193630 0.001151460 0.001118480 0.000905850 0.001647120 0.001682560 0.001325300 0.001112650 0.001187820 0.001171860 0.001500160 0.001393270 0.001404690 0.001414840 0.001333570 0.001135430 0.001122170 0.001820180 0.001886750 0.001715910 0.000802060 0.001280510 0.001508160 0.001403330 0.001294520 0.001285030 0.001287940 0.000566350 0.000854040 0.000787280 0.000829010 0.001265720 0.001619550 0.001357720 0.001312170 0.001027270 0.000523470 0.000577060 0.000769150 0.000724180 0.000798160 0.000515920 0.000456630 0.000420960 0.000000000 0.000828890 0.001215440 0.001078790 0.003191420 
12     0.001330590 0.001239700 0.001269140 0.001226970 0.001193990 0.000981360 0.001722630 0.001758070 0.001400810 0.001188160 0.001263330 0.001247370 0.001575670 0.001468780 0.001480200 0.001490350 0.001409080 0.001210940 0.001197680 0.001895690 0.001962260 0.001791420 0.000877570 0.001356020 0.001583670 0.001478840 0.001370030 0.001360540 0.001330330 0.000608740 0.000896430 0.000829670 0.000871400 0.001308110 0.001661940 0.001400110 0.001354560 0.001069660 0.000627040 0.000680630 0.000582400 0.000537430 0.000611410 0.000962410 0.000903120 0.000867450 0.000828890 0.000000000 0.001290950 0.001154300 0.003266930 
50     0.001260080 0.001169190 0.001198630 0.001156460 0.001123480 0.000910850 0.001595080 0.001630520 0.001273260 0.001060610 0.001135780 0.001119820 0.001448120 0.001341230 0.001352650 0.001362800 0.001281530 0.001083390 0.001070130 0.001768140 0.001834710 0.001663870 0.000750020 0.001228470 0.001456120 0.001351290 0.001242480 0.001232990 0.001750000 0.001028410 0.001316100 0.001249340 0.001291070 0.001727780 0.002081610 0.001819780 0.001774230 0.001489330 0.001013590 0.001067180 0.001231210 0.001186240 0.001260220 0.001348960 0.001289670 0.001254000 0.001215440 0.001290950 0.000000000 0.000558190 0.003196420 
49     0.001123430 0.001032540 0.001061980 0.001019810 0.000986830 0.000774200 0.001458430 0.001493870 0.001136610 0.000923960 0.000999130 0.000983170 0.001311470 0.001204580 0.001216000 0.001226150 0.001144880 0.000946740 0.000933480 0.001631490 0.001698060 0.001527220 0.000613370 0.001091820 0.001319470 0.001214640 0.001105830 0.001096340 0.001613350 0.000891760 0.001179450 0.001112690 0.001154420 0.001591130 0.001944960 0.001683130 0.001637580 0.001352680 0.000876940 0.000930530 0.001094560 0.001049590 0.001123570 0.001212310 0.001153020 0.001117350 0.001078790 0.001154300 0.000558190 0.000000000 0.003059770 
0     0.003204940 0.003114050 0.003143490 0.003101320 0.003068340 0.002855710 0.003628100 0.003663540 0.003306280 0.003093630 0.003168800 0.003152840 0.003481140 0.003374250 0.003385670 0.003395820 0.003314550 0.003116410 0.003103150 0.003801160 0.003867730 0.003696890 0.002783040 0.003261490 0.003489140 0.003384310 0.003275500 0.003266010 0.003725980 0.003004390 0.003292080 0.003225320 0.003267050 0.003703760 0.004057590 0.003795760 0.003750210 0.003465310 0.002989570 0.003043160 0.003207190 0.003162220 0.003236200 0.003324940 0.003265650 0.003229980 0.003191420 0.003266930 0.003196420 0.003059770 0.000000000 
