51
21     0.000000000 0.011398914 0.035765809 0.029760046 0.032062537 0.037863391 0.038849008 0.056131882 0.055023736 0.042424907 0.043914567 0.043637323 0.097009658 0.043106608 0.046238509 0.034814376 0.038809554 0.044815684 0.048093672 0.039333594 0.045923254 0.055148706 0.046234501 0.047588821 0.042103326 0.042838900 0.045726709 0.045471098 0.082530596 0.077724186 0.080556069 0.045295268 0.047342439 0.053745105 0.048408617 0.046429533 0.056284728 0.052478995 0.054281753 0.053962778 0.050955238 0.054264654 0.047067261 0.050371467 0.049416167 0.048982539 0.056863659 0.048547537 0.047798846 0.055270680 0.357650289 
11     0.011398914 0.000000000 0.032516701 0.026510938 0.028813429 0.034609606 0.035595223 0.052870738 0.051762593 0.039163764 0.040653424 0.040376180 0.093748515 0.039845465 0.042977365 0.031553232 0.035548410 0.041554541 0.044832529 0.036072450 0.042662111 0.051887563 0.042973357 0.044327678 0.038842183 0.039577757 0.042465566 0.042209955 0.079269453 0.074463043 0.077294925 0.042034124 0.044081296 0.050483962 0.045147473 0.043168390 0.053023585 0.049217851 0.051020609 0.050701634 0.047694094 0.051003511 0.043806117 0.047110324 0.046155023 0.045721396 0.053602516 0.045286394 0.044537702 0.052009537 0.354389145 
16     0.035765809 0.032516701 0.000000000 0.023407988 0.025565308 0.044692892 0.045678509 0.062878974 0.061770829 0.049117389 0.050607049 0.050329805 0.103717154 0.049799090 0.052931044 0.041526976 0.045513840 0.051495714 0.054787510 0.046027431 0.052617092 0.061842544 0.052928339 0.054282659 0.048792371 0.049527944 0.052417971 0.052164039 0.089295227 0.084488817 0.087320699 0.052080549 0.054127273 0.060525229 0.055193451 0.053214367 0.063063549 0.059257815 0.061060573 0.060741598 0.057734058 0.061043474 0.053855755 0.057159962 0.056204661 0.055676639 0.063630811 0.055313831 0.054587340 0.062059174 0.364349475 
1     0.029760046 0.026510938 0.023407988 0.000000000 0.010295801 0.038663640 0.039649257 0.056764911 0.055656765 0.042980901 0.044470561 0.044193317 0.097580666 0.043662602 0.046772932 0.035390931 0.039358098 0.045367288 0.048659084 0.039899005 0.046488666 0.055714118 0.046799913 0.048154233 0.042677124 0.043412698 0.046300186 0.046046253 0.082947990 0.078108966 0.080935729 0.045860553 0.047907724 0.054304091 0.048963589 0.046984506 0.056846840 0.053041107 0.054843865 0.054524890 0.051525133 0.054826766 0.047648903 0.050953110 0.049997809 0.049484702 0.057445302 0.049129180 0.048380488 0.055852323 0.358252813 
19     0.032062537 0.028813429 0.025565308 0.010295801 0.000000000 0.040947703 0.041933320 0.059055860 0.057947715 0.045277378 0.046767039 0.046489795 0.099877144 0.045959080 0.049051289 0.037687409 0.041636455 0.047661067 0.050952864 0.042192785 0.048782445 0.058007898 0.049093692 0.050448012 0.044948102 0.045683676 0.048561438 0.048319771 0.085395775 0.080582266 0.083415130 0.048125499 0.050167640 0.056579662 0.051243401 0.049264317 0.059120550 0.055313182 0.057115940 0.056796966 0.053789426 0.057100476 0.049917234 0.053221440 0.052266140 0.051753033 0.059713632 0.051397510 0.050648819 0.058120653 0.360536434 
22     0.037863391 0.034609606 0.044692892 0.038663640 0.040947703 0.000000000 0.008322550 0.062307559 0.061199586 0.048672026 0.050112503 0.049835258 0.103256777 0.049353727 0.052447464 0.041076146 0.045061043 0.051044165 0.054338854 0.045578776 0.052148138 0.061393888 0.052445522 0.053799842 0.048356829 0.049092403 0.051983449 0.051727838 0.088830326 0.084023916 0.086855798 0.051631853 0.053679024 0.060081690 0.054745202 0.052766118 0.062610289 0.058804556 0.060607314 0.060288339 0.057280799 0.060590215 0.053407506 0.056711713 0.055756412 0.055322509 0.063203905 0.054887783 0.054139091 0.061610926 0.363910221 
5     0.038849008 0.035595223 0.045678509 0.039649257 0.041933320 0.008322550 0.000000000 0.063292691 0.062184718 0.049657158 0.051097634 0.050820390 0.104241909 0.050338859 0.053432595 0.042061278 0.046046174 0.052029297 0.055323986 0.046563907 0.053133289 0.062379020 0.053430112 0.054784432 0.049341961 0.050077535 0.052968581 0.052712970 0.089815457 0.085009048 0.087840930 0.052616985 0.054664156 0.061066822 0.055730333 0.053751250 0.063595421 0.059789687 0.061592445 0.061273471 0.058265930 0.061575347 0.054392638 0.057696844 0.056741544 0.056307641 0.064189036 0.055872914 0.055124223 0.062596057 0.364895353 
25     0.056131882 0.052870738 0.062878974 0.056764911 0.059055860 0.062307559 0.063292691 0.000000000 0.016789478 0.060873456 0.062368944 0.062089607 0.115523292 0.061621485 0.064694649 0.053329273 0.057311058 0.063308762 0.066599681 0.057839271 0.064452935 0.073654715 0.064743577 0.066097897 0.060620739 0.061356313 0.064255845 0.063997386 0.101127352 0.096320817 0.099088748 0.063693604 0.065855080 0.072266551 0.066930062 0.064950979 0.074651011 0.070992189 0.072794947 0.072475973 0.069468433 0.072777849 0.065582604 0.068879571 0.067924271 0.067464570 0.075372499 0.067053015 0.066285738 0.073779520 0.376153945 
6     0.055023736 0.051762593 0.061770829 0.055656765 0.057947715 0.061199586 0.062184718 0.016789478 0.000000000 0.059749566 0.061245054 0.060965718 0.114432057 0.060530249 0.063607759 0.052239362 0.056222794 0.062209964 0.065500883 0.056740473 0.063354137 0.072555916 0.063634750 0.064989070 0.059528600 0.060264174 0.063163706 0.062905247 0.100028057 0.095221522 0.097989453 0.062630562 0.064755785 0.071167256 0.065830767 0.063851683 0.073643009 0.069892894 0.071695652 0.071376677 0.068369137 0.071678554 0.064483309 0.067780276 0.066824976 0.066363565 0.074273204 0.065953720 0.065172383 0.072680225 0.375065144 
18     0.042424907 0.039163764 0.049117389 0.042980901 0.045277378 0.048672026 0.049657158 0.060873456 0.059749566 0.000000000 0.008441428 0.008134584 0.079116033 0.025236659 0.037707936 0.026204687 0.030045170 0.038412762 0.041786613 0.033022216 0.039653580 0.048853294 0.039928948 0.041275617 0.039080134 0.039815707 0.042612284 0.042334153 0.083863329 0.079047880 0.081845742 0.046436827 0.048497702 0.054899064 0.049553868 0.047579965 0.057498863 0.053649754 0.055464317 0.055144360 0.052136945 0.055427465 0.048186477 0.051469961 0.050519078 0.050091945 0.057963268 0.049680448 0.048918487 0.056395093 0.358185220 
8     0.043914567 0.040653424 0.050607049 0.044470561 0.046767039 0.050112503 0.051097634 0.062368944 0.061245054 0.008441428 0.000000000 0.007714953 0.080581183 0.026715075 0.039193020 0.027692084 0.031532568 0.039926266 0.043301520 0.034537123 0.041168488 0.050368201 0.041443856 0.042790524 0.040597297 0.041332871 0.044129448 0.043851317 0.085375080 0.080557654 0.083357493 0.048016721 0.050077596 0.056480225 0.051138872 0.049163882 0.059067083 0.055217974 0.057032537 0.056712580 0.053705165 0.056995685 0.049776109 0.053069305 0.052114004 0.051686872 0.059573402 0.051275375 0.050502550 0.057982090 0.359682991 
28     0.043637323 0.040376180 0.050329805 0.044193317 0.046489795 0.049835258 0.050820390 0.062089607 0.060965718 0.008134584 0.007714953 0.000000000 0.080270855 0.026456093 0.038923741 0.027422805 0.031263289 0.039639845 0.043015099 0.034250702 0.040882067 0.050081780 0.041157435 0.042504103 0.040310897 0.041046471 0.043843048 0.043564917 0.085099559 0.080280409 0.083080249 0.047737385 0.049798260 0.056200888 0.050859536 0.048884545 0.058787746 0.054938637 0.056753200 0.056433244 0.053425828 0.056716348 0.049496772 0.052789968 0.051834667 0.051407535 0.059294066 0.050996038 0.050223214 0.057702753 0.359405747 
27     0.097009658 0.093748515 0.103717154 0.097580666 0.099877144 0.103256777 0.104241909 0.115523292 0.114432057 0.079116033 0.080581183 0.080270855 0.000000000 0.074884065 0.092314747 0.080784697 0.084636102 0.093029524 0.096391391 0.087507936 0.094259249 0.103384039 0.094544031 0.095890700 0.093643587 0.094378572 0.097195740 0.096916636 0.138471734 0.133657242 0.136442210 0.101131905 0.103195840 0.109616791 0.104278488 0.102303498 0.112185494 0.108336509 0.110151073 0.109831116 0.106823576 0.110059231 0.102904511 0.106202003 0.105246703 0.104819570 0.112701804 0.104375255 0.103613882 0.111093991 0.412792490 
15     0.043106608 0.039845465 0.049799090 0.043662602 0.045959080 0.049353727 0.050338859 0.061621485 0.060530249 0.025236659 0.026715075 0.026456093 0.074884065 0.000000000 0.038373166 0.026811975 0.030609318 0.039049903 0.042457572 0.033694449 0.040322205 0.049496591 0.040614573 0.041961241 0.039790597 0.040526171 0.043330319 0.043051211 0.084490380 0.079713750 0.082500664 0.047254056 0.049314931 0.055734829 0.050394991 0.048420001 0.058298841 0.054450329 0.056264892 0.055944935 0.052939840 0.056230360 0.049025810 0.052323302 0.051368002 0.050940869 0.058823104 0.050496554 0.049746739 0.057226278 0.358884552 
7     0.046238509 0.042977365 0.052931044 0.046772932 0.049051289 0.052447464 0.053432595 0.064694649 0.063607759 0.037707936 0.039193020 0.038923741 0.092314747 0.038373166 0.000000000 0.027675796 0.031730700 0.042399156 0.045763925 0.037009634 0.043623235 0.052805663 0.043963828 0.045312748 0.042988832 0.043724406 0.046506710 0.046232200 0.087765474 0.082958964 0.085706245 0.050422054 0.052488236 0.058916136 0.053576298 0.051601307 0.061481716 0.057622468 0.059433544 0.059113587 0.056121385 0.059420073 0.052192521 0.055495661 0.054540360 0.054113228 0.061989814 0.053668534 0.052931376 0.060410915 0.361700708 
26     0.034814376 0.031553232 0.041526976 0.035390931 0.037687409 0.041076146 0.042061278 0.053329273 0.052239362 0.026204687 0.027692084 0.027422805 0.080784697 0.026811975 0.027675796 0.000000000 0.017520964 0.030972624 0.034202190 0.025447247 0.032068141 0.041257753 0.032370848 0.033728831 0.031412071 0.032159298 0.034995943 0.034726370 0.076291341 0.071506930 0.074268606 0.038966781 0.041047070 0.047474970 0.042119239 0.040144147 0.049998672 0.046196640 0.048007716 0.047687759 0.044649047 0.047978907 0.040756683 0.044059823 0.043104522 0.042677390 0.050553976 0.042232696 0.041494627 0.048969749 0.350258395 
17     0.038809554 0.035548410 0.045513840 0.039358098 0.041636455 0.045061043 0.046046174 0.057311058 0.056222794 0.030045170 0.031532568 0.031263289 0.084636102 0.030609318 0.031730700 0.017520964 0.000000000 0.034946938 0.038228538 0.029472226 0.036094788 0.045284777 0.036414123 0.037764451 0.035570198 0.036305772 0.039081768 0.038812195 0.080255594 0.075456055 0.078217461 0.042942792 0.045015147 0.051436170 0.046080439 0.044105347 0.054001750 0.050157840 0.051968916 0.051648960 0.048641420 0.051945075 0.044720435 0.048023575 0.047068275 0.046641142 0.054517729 0.046200269 0.045451410 0.052930949 0.354228273 
23     0.044815684 0.041554541 0.051495714 0.045367288 0.047661067 0.051044165 0.052029297 0.063308762 0.062209964 0.038412762 0.039926266 0.039639845 0.093029524 0.039049903 0.042399156 0.030972624 0.034946938 0.000000000 0.039508509 0.030790619 0.037384343 0.046586243 0.037767089 0.039113650 0.041585689 0.042321263 0.045132459 0.044863205 0.086349240 0.081540000 0.084307192 0.048959475 0.050984773 0.057441892 0.052102054 0.050127064 0.060012043 0.056144858 0.057957566 0.057640906 0.054630871 0.057934527 0.050717376 0.054018362 0.053063062 0.052635929 0.060512838 0.052185494 0.051438888 0.058919859 0.360887304 
4     0.048093672 0.044832529 0.054787510 0.048659084 0.050952864 0.054338854 0.055323986 0.066599681 0.065500883 0.041786613 0.043301520 0.043015099 0.096391391 0.042457572 0.045763925 0.034202190 0.038228538 0.039508509 0.000000000 0.019178572 0.025807646 0.037209949 0.036694432 0.037998625 0.044783773 0.045519347 0.048315138 0.048045885 0.089563032 0.084753792 0.087512070 0.052218522 0.054254003 0.060696803 0.055340970 0.053365980 0.063276145 0.059395060 0.061208949 0.060904748 0.057912546 0.061216202 0.053995078 0.057297896 0.056342595 0.055914848 0.063792371 0.055454568 0.054710828 0.062199392 0.364160457 
20     0.039333594 0.036072450 0.046027431 0.039899005 0.042192785 0.045578776 0.046563907 0.057839271 0.056740473 0.033022216 0.034537123 0.034250702 0.087507936 0.033694449 0.037009634 0.025447247 0.029472226 0.030790619 0.019178572 0.000000000 0.012189513 0.028581847 0.027998917 0.029315174 0.036025655 0.036761229 0.039557020 0.039287766 0.080750623 0.075925899 0.078688181 0.043386420 0.045421901 0.051860004 0.046504171 0.044529181 0.054444042 0.050564541 0.052374605 0.052072646 0.049080444 0.052384100 0.045146905 0.048440052 0.047486307 0.047060155 0.054940675 0.046591266 0.045862736 0.053351300 0.355390212 
12     0.045923254 0.042662111 0.052617092 0.046488666 0.048782445 0.052148138 0.053133289 0.064452935 0.063354137 0.039653580 0.041168488 0.040882067 0.094259249 0.040322205 0.043623235 0.032068141 0.036094788 0.037384343 0.025807646 0.012189513 0.000000000 0.035144117 0.034608589 0.035924182 0.042636337 0.043371911 0.046167702 0.045898448 0.087416618 0.082607377 0.085365656 0.050052885 0.052073157 0.058526468 0.053170636 0.051195646 0.061110507 0.057231006 0.059041214 0.058739111 0.055746909 0.059050565 0.051826271 0.055129169 0.054173868 0.053746121 0.061623645 0.053273072 0.052542102 0.060030666 0.362018578 
10     0.055148706 0.051887563 0.061842544 0.055714118 0.058007898 0.061393888 0.062379020 0.073654715 0.072555916 0.048853294 0.050368201 0.050081780 0.103384039 0.049496591 0.052805663 0.041257753 0.045284777 0.046586243 0.037209949 0.028581847 0.035144117 0.000000000 0.043846637 0.045162438 0.051843058 0.052578632 0.055376462 0.055107209 0.096609694 0.091800453 0.094540062 0.059144458 0.061164642 0.067590204 0.062241411 0.060264447 0.070202080 0.066327711 0.068135336 0.067827528 0.064838482 0.068138982 0.060919640 0.064219646 0.063254632 0.062836953 0.070704535 0.062363135 0.061635390 0.069123954 0.371211354 
2     0.046234501 0.042973357 0.052928339 0.046799913 0.049093692 0.052445522 0.053430112 0.064743577 0.063634750 0.039928948 0.041443856 0.041157435 0.094544031 0.040614573 0.043963828 0.032370848 0.036414123 0.037767089 0.036694432 0.027998917 0.034608589 0.043846637 0.000000000 0.014772148 0.042959042 0.043694616 0.046496592 0.046227338 0.087687411 0.082878171 0.085644501 0.050340696 0.052386172 0.058811420 0.053455587 0.051480597 0.061398318 0.057531191 0.059344047 0.059026922 0.056034720 0.059338376 0.052117251 0.055420069 0.054464768 0.054037021 0.061914545 0.053583845 0.052802786 0.060321566 0.362023302 
14     0.047588821 0.044327678 0.054282659 0.048154233 0.050448012 0.053799842 0.054784432 0.066097897 0.064989070 0.041275617 0.042790524 0.042504103 0.095890700 0.041961241 0.045312748 0.033728831 0.037764451 0.039113650 0.037998625 0.029315174 0.035924182 0.045162438 0.014772148 0.000000000 0.044309809 0.045045383 0.047847358 0.047578105 0.089070209 0.084260968 0.087027299 0.051723493 0.053768970 0.060194218 0.054838385 0.052863395 0.062781116 0.058913988 0.060726844 0.060409719 0.057417518 0.060721173 0.053500049 0.056802867 0.055847566 0.055419819 0.063297342 0.054966643 0.054193800 0.061704363 0.363681276 
3     0.042103326 0.038842183 0.048792371 0.042677124 0.044948102 0.048356829 0.049341961 0.060620739 0.059528600 0.039080134 0.040597297 0.040310897 0.093643587 0.039790597 0.042988832 0.031412071 0.035570198 0.041585689 0.044783773 0.036025655 0.042636337 0.051843058 0.042959042 0.044309809 0.000000000 0.008423154 0.037003300 0.036740820 0.083561419 0.078749735 0.081518744 0.046267122 0.048326774 0.054741381 0.049380626 0.047410077 0.057307556 0.053415593 0.055224059 0.054876931 0.051940941 0.055245687 0.048046943 0.051356404 0.050401104 0.049973971 0.057850689 0.049533764 0.048776503 0.056251258 0.356089107 
13     0.042838900 0.039577757 0.049527944 0.043412698 0.045683676 0.049092403 0.050077535 0.061356313 0.060264174 0.039815707 0.041332871 0.041046471 0.094378572 0.040526171 0.043724406 0.032159298 0.036305772 0.042321263 0.045519347 0.036761229 0.043371911 0.052578632 0.043694616 0.045045383 0.008423154 0.000000000 0.037746159 0.037483679 0.084296993 0.079485309 0.082254318 0.046999605 0.049059258 0.055461438 0.050100682 0.048137158 0.058027221 0.054137438 0.055945903 0.055603201 0.052654781 0.055965352 0.048776512 0.052085974 0.051130673 0.050703043 0.058580258 0.050263333 0.049505575 0.056980330 0.356824681 
9     0.045726709 0.042465566 0.052417971 0.046300186 0.048561438 0.051983449 0.052968581 0.064255845 0.063163706 0.042612284 0.044129448 0.043843048 0.097195740 0.043330319 0.046506710 0.034995943 0.039081768 0.045132459 0.048315138 0.039557020 0.046167702 0.055376462 0.046496592 0.047847358 0.037003300 0.037746159 0.000000000 0.023499050 0.087048486 0.082225349 0.085063322 0.049790927 0.051850579 0.058270358 0.052890606 0.050939535 0.060841727 0.056972547 0.058781013 0.058458459 0.055475112 0.058779858 0.051577681 0.054880690 0.053925390 0.053498257 0.061374975 0.053058050 0.052307241 0.059781996 0.360598005 
24     0.045471098 0.042209955 0.052164039 0.046046253 0.048319771 0.051727838 0.052712970 0.063997386 0.062905247 0.042334153 0.043851317 0.043564917 0.096916636 0.043051211 0.046232200 0.034726370 0.038812195 0.044863205 0.048045885 0.039287766 0.045898448 0.055107209 0.046227338 0.047578105 0.036740820 0.037483679 0.023499050 0.000000000 0.086879068 0.082067384 0.084836392 0.049532523 0.051592176 0.058011955 0.052616800 0.050681132 0.060583323 0.056714144 0.058522610 0.058200056 0.055216708 0.058521454 0.051319278 0.054622287 0.053666986 0.053239854 0.061116572 0.052799647 0.052048838 0.059523593 0.360335636 
50     0.082530596 0.079269453 0.089295227 0.082947990 0.085395775 0.088830326 0.089815457 0.101127352 0.100028057 0.083863329 0.085375080 0.085099559 0.138471734 0.084490380 0.087765474 0.076291341 0.080255594 0.086349240 0.089563032 0.080750623 0.087416618 0.096609694 0.087687411 0.089070209 0.083561419 0.084296993 0.087048486 0.086879068 0.000000000 0.030070628 0.032549849 0.082364028 0.084405595 0.090973900 0.085649874 0.083666707 0.093578093 0.089691395 0.091496417 0.091176307 0.087989580 0.091483872 0.084287919 0.087605091 0.086649791 0.086225488 0.094094521 0.085650752 0.085042138 0.092506877 0.398738973 
43     0.077724186 0.074463043 0.084488817 0.078108966 0.080582266 0.084023916 0.085009048 0.096320817 0.095221522 0.079047880 0.080557654 0.080280409 0.133657242 0.079713750 0.082958964 0.071506930 0.075456055 0.081540000 0.084753792 0.075925899 0.082607377 0.091800453 0.082878171 0.084260968 0.078749735 0.079485309 0.082225349 0.082067384 0.030070628 0.000000000 0.016812591 0.077552545 0.079594112 0.086168431 0.080844404 0.078861237 0.088772623 0.084885926 0.086690947 0.086370838 0.083184110 0.086678402 0.079482450 0.082799622 0.081844321 0.081420018 0.089289052 0.080844787 0.080236668 0.087701407 0.393930563 
31     0.080556069 0.077294925 0.087320699 0.080935729 0.083415130 0.086855798 0.087840930 0.099088748 0.097989453 0.081845742 0.083357493 0.083080249 0.136442210 0.082500664 0.085706245 0.074268606 0.078217461 0.084307192 0.087512070 0.078688181 0.085365656 0.094540062 0.085644501 0.087027299 0.081518744 0.082254318 0.085063322 0.084836392 0.032549849 0.016812591 0.000000000 0.080324655 0.082366221 0.088929015 0.083604988 0.081621822 0.091534171 0.087647474 0.089452496 0.089132386 0.085945658 0.089439950 0.082243034 0.085560206 0.084604905 0.084180602 0.092049636 0.083610875 0.082997252 0.090461991 0.396747714 
34     0.045295268 0.042034124 0.052080549 0.045860553 0.048125499 0.051631853 0.052616985 0.063693604 0.062630562 0.046436827 0.048016721 0.047737385 0.101131905 0.047254056 0.050422054 0.038966781 0.042942792 0.048959475 0.052218522 0.043386420 0.050052885 0.059144458 0.050340696 0.051723493 0.046267122 0.046999605 0.049790927 0.049532523 0.082364028 0.077552545 0.080324655 0.000000000 0.006505292 0.025289847 0.019867130 0.017846163 0.030565853 0.026358426 0.028253428 0.027835042 0.024908347 0.028105302 0.021608992 0.024914237 0.023946984 0.023468480 0.031388638 0.023119534 0.022370152 0.029914402 0.361486328 
47     0.047342439 0.044081296 0.054127273 0.047907724 0.050167640 0.053679024 0.054664156 0.065855080 0.064755785 0.048497702 0.050077596 0.049798260 0.103195840 0.049314931 0.052488236 0.041047070 0.045015147 0.050984773 0.054254003 0.045421901 0.052073157 0.061164642 0.052386172 0.053768970 0.048326774 0.049059258 0.051850579 0.051592176 0.084405595 0.079594112 0.082366221 0.006505292 0.000000000 0.027318135 0.021907051 0.019816078 0.032625564 0.028428427 0.030313121 0.029892307 0.026990333 0.030169405 0.023549625 0.026848053 0.025880800 0.025403030 0.033323188 0.025053350 0.024337656 0.031851158 0.363537449 
45     0.053745105 0.050483962 0.060525229 0.054304091 0.056579662 0.060081690 0.061066822 0.072266551 0.071167256 0.054899064 0.056480225 0.056200888 0.109616791 0.055734829 0.058916136 0.047474970 0.051436170 0.057441892 0.060696803 0.051860004 0.058526468 0.067590204 0.058811420 0.060194218 0.054741381 0.055461438 0.058270358 0.058011955 0.090973900 0.086168431 0.088929015 0.025289847 0.027318135 0.000000000 0.021531315 0.019697098 0.038172321 0.033950828 0.035895167 0.035340185 0.032645112 0.035962229 0.030301338 0.033510973 0.032516302 0.032093759 0.039992565 0.031816317 0.031229728 0.038636926 0.369977098 
41     0.048408617 0.045147473 0.055193451 0.048963589 0.051243401 0.054745202 0.055730333 0.066930062 0.065830767 0.049553868 0.051138872 0.050859536 0.104278488 0.050394991 0.053576298 0.042119239 0.046080439 0.052102054 0.055340970 0.046504171 0.053170636 0.062241411 0.053455587 0.054838385 0.049380626 0.050100682 0.052890606 0.052616800 0.085649874 0.080844404 0.083604988 0.019867130 0.021907051 0.021531315 0.000000000 0.007494769 0.032992300 0.028867334 0.030766741 0.030257992 0.027524357 0.030802437 0.025027916 0.028212382 0.027229778 0.026805997 0.034703758 0.026515019 0.025959797 0.033416661 0.364620915 
40     0.046429533 0.043168390 0.053214367 0.046984506 0.049264317 0.052766118 0.053751250 0.064950979 0.063851683 0.047579965 0.049163882 0.048884545 0.102303498 0.048420001 0.051601307 0.040144147 0.044105347 0.050127064 0.053365980 0.044529181 0.051195646 0.060264447 0.051480597 0.052863395 0.047410077 0.048137158 0.050939535 0.050681132 0.083666707 0.078861237 0.081621822 0.017846163 0.019816078 0.019697098 0.007494769 0.000000000 0.030997602 0.026870645 0.028769893 0.028261144 0.025528297 0.028829473 0.023002457 0.026192624 0.025210019 0.024786238 0.032682919 0.024536109 0.023943438 0.031400302 0.362143819 
42     0.056284728 0.053023585 0.063063549 0.056846840 0.059120550 0.062610289 0.063595421 0.074651011 0.073643009 0.057498863 0.059067083 0.058787746 0.112185494 0.058298841 0.061481716 0.049998672 0.054001750 0.060012043 0.063276145 0.054444042 0.061110507 0.070202080 0.061398318 0.062781116 0.057307556 0.058027221 0.060841727 0.060583323 0.093578093 0.088772623 0.091534171 0.030565853 0.032625564 0.038172321 0.032992300 0.030997602 0.000000000 0.026561225 0.028018845 0.027906833 0.024803531 0.028364424 0.033174407 0.036286815 0.035345188 0.034887527 0.042859799 0.034651582 0.033987528 0.041360116 0.372509318 
44     0.052478995 0.049217851 0.059257815 0.053041107 0.055313182 0.058804556 0.059789687 0.070992189 0.069892894 0.053649754 0.055217974 0.054938637 0.108336509 0.054450329 0.057622468 0.046196640 0.050157840 0.056144858 0.059395060 0.050564541 0.057231006 0.066327711 0.057531191 0.058913988 0.053415593 0.054137438 0.056972547 0.056714144 0.089691395 0.084885926 0.087647474 0.026358426 0.028428427 0.033950828 0.028867334 0.026870645 0.026561225 0.000000000 0.015284006 0.016427798 0.018303888 0.021996625 0.029205705 0.032387575 0.031461923 0.031033621 0.038979387 0.030752173 0.030031130 0.037437671 0.368657887 
46     0.054281753 0.051020609 0.061060573 0.054843865 0.057115940 0.060607314 0.061592445 0.072794947 0.071695652 0.055464317 0.057032537 0.056753200 0.110151073 0.056264892 0.059433544 0.048007716 0.051968916 0.057957566 0.061208949 0.052374605 0.059041214 0.068135336 0.059344047 0.060726844 0.055224059 0.055945903 0.058781013 0.058522610 0.091496417 0.086690947 0.089452496 0.028253428 0.030313121 0.035895167 0.030766741 0.028769893 0.028018845 0.015284006 0.000000000 0.018295797 0.019950734 0.023561504 0.030920820 0.034071805 0.033146153 0.032717852 0.040663618 0.032436403 0.031769043 0.039136924 0.370464979 
29     0.053962778 0.050701634 0.060741598 0.054524890 0.056796966 0.060288339 0.061273471 0.072475973 0.071376677 0.055144360 0.056712580 0.056433244 0.109831116 0.055944935 0.059113587 0.047687759 0.051648960 0.057640906 0.060904748 0.052072646 0.058739111 0.067827528 0.059026922 0.060409719 0.054876931 0.055603201 0.058458459 0.058200056 0.091176307 0.086370838 0.089132386 0.027835042 0.029892307 0.035340185 0.030257992 0.028261144 0.027906833 0.016427798 0.018295797 0.000000000 0.019803009 0.023199910 0.030579856 0.033714006 0.032788354 0.032366206 0.040311972 0.032060835 0.031397753 0.038769727 0.370145022 
30     0.050955238 0.047694094 0.057734058 0.051525133 0.053789426 0.057280799 0.058265930 0.069468433 0.068369137 0.052136945 0.053705165 0.053425828 0.106823576 0.052939840 0.056121385 0.044649047 0.048641420 0.054630871 0.057912546 0.049080444 0.055746909 0.064838482 0.056034720 0.057417518 0.051940941 0.052654781 0.055475112 0.055216708 0.087989580 0.083184110 0.085945658 0.024908347 0.026990333 0.032645112 0.027524357 0.025528297 0.024803531 0.018303888 0.019950734 0.019803009 0.000000000 0.019438291 0.027807716 0.030936053 0.030001590 0.029557752 0.037526176 0.029281417 0.028567410 0.035934229 0.367143110 
48     0.054264654 0.051003511 0.061043474 0.054826766 0.057100476 0.060590215 0.061575347 0.072777849 0.071678554 0.055427465 0.056995685 0.056716348 0.110059231 0.056230360 0.059420073 0.047978907 0.051945075 0.057934527 0.061216202 0.052384100 0.059050565 0.068138982 0.059338376 0.060721173 0.055245687 0.055965352 0.058779858 0.058521454 0.091483872 0.086678402 0.089439950 0.028105302 0.030169405 0.035962229 0.030802437 0.028829473 0.028364424 0.021996625 0.023561504 0.023199910 0.019438291 0.000000000 0.030865201 0.033944698 0.033013488 0.032594575 0.040543117 0.032290347 0.031582552 0.038976069 0.370452698 
35     0.047067261 0.043806117 0.053855755 0.047648903 0.049917234 0.053407506 0.054392638 0.065582604 0.064483309 0.048186477 0.049776109 0.049496772 0.102904511 0.049025810 0.052192521 0.040756683 0.044720435 0.050717376 0.053995078 0.045146905 0.051826271 0.060919640 0.052117251 0.053500049 0.048046943 0.048776512 0.051577681 0.051319278 0.084287919 0.079482450 0.082243034 0.021608992 0.023549625 0.030301338 0.025027916 0.023002457 0.033174407 0.029205705 0.030920820 0.030579856 0.027807716 0.030865201 0.000000000 0.014131565 0.013182844 0.012966139 0.020573302 0.012359620 0.013422367 0.020607702 0.363270787 
32     0.050371467 0.047110324 0.057159962 0.050953110 0.053221440 0.056711713 0.057696844 0.068879571 0.067780276 0.051469961 0.053069305 0.052789968 0.106202003 0.052323302 0.055495661 0.044059823 0.048023575 0.054018362 0.057297896 0.048440052 0.055129169 0.064219646 0.055420069 0.056802867 0.051356404 0.052085974 0.054880690 0.054622287 0.087605091 0.082799622 0.085560206 0.024914237 0.026848053 0.033510973 0.028212382 0.026192624 0.036286815 0.032387575 0.034071805 0.033714006 0.030936053 0.033944698 0.014131565 0.000000000 0.005111690 0.007605038 0.017645762 0.009407592 0.016492350 0.023690423 0.366575950 
37     0.049416167 0.046155023 0.056204661 0.049997809 0.052266140 0.055756412 0.056741544 0.067924271 0.066824976 0.050519078 0.052114004 0.051834667 0.105246703 0.051368002 0.054540360 0.043104522 0.047068275 0.053063062 0.056342595 0.047486307 0.054173868 0.063254632 0.054464768 0.055847566 0.050401104 0.051130673 0.053925390 0.053666986 0.086649791 0.081844321 0.084604905 0.023946984 0.025880800 0.032516302 0.027229778 0.025210019 0.035345188 0.031461923 0.033146153 0.032788354 0.030001590 0.033013488 0.013182844 0.005111690 0.000000000 0.006588068 0.016551568 0.008281072 0.015549205 0.022753918 0.365620649 
33     0.048982539 0.045721396 0.055676639 0.049484702 0.051753033 0.055322509 0.056307641 0.067464570 0.066363565 0.050091945 0.051686872 0.051407535 0.104819570 0.050940869 0.054113228 0.042677390 0.046641142 0.052635929 0.055914848 0.047060155 0.053746121 0.062836953 0.054037021 0.055419819 0.049973971 0.050703043 0.053498257 0.053239854 0.086225488 0.081420018 0.084180602 0.023468480 0.025403030 0.032093759 0.026805997 0.024786238 0.034887527 0.031033621 0.032717852 0.032366206 0.029557752 0.032594575 0.012966139 0.007605038 0.006588068 0.000000000 0.016263735 0.008134596 0.015068111 0.022205471 0.365192982 
49     0.056863659 0.053602516 0.063630811 0.057445302 0.059713632 0.063203905 0.064189036 0.075372499 0.074273204 0.057963268 0.059573402 0.059294066 0.112701804 0.058823104 0.061989814 0.050553976 0.054517729 0.060512838 0.063792371 0.054940675 0.061623645 0.070704535 0.061914545 0.063297342 0.057850689 0.058580258 0.061374975 0.061116572 0.094094521 0.089289052 0.092049636 0.031388638 0.033323188 0.039992565 0.034703758 0.032682919 0.042859799 0.038979387 0.040663618 0.040311972 0.037526176 0.040543117 0.020573302 0.017645762 0.016551568 0.016263735 0.000000000 0.015181152 0.022867251 0.030098918 0.373068723 
39     0.048547537 0.045286394 0.055313831 0.049129180 0.051397510 0.054887783 0.055872914 0.067053015 0.065953720 0.049680448 0.051275375 0.050996038 0.104375255 0.050496554 0.053668534 0.042232696 0.046200269 0.052185494 0.055454568 0.046591266 0.053273072 0.062363135 0.053583845 0.054966643 0.049533764 0.050263333 0.053058050 0.052799647 0.085650752 0.080844787 0.083610875 0.023119534 0.025053350 0.031816317 0.026515019 0.024536109 0.034651582 0.030752173 0.032436403 0.032060835 0.029281417 0.032290347 0.012359620 0.009407592 0.008281072 0.008134596 0.015181152 0.000000000 0.014620508 0.021899693 0.364750855 
38     0.047798846 0.044537702 0.054587340 0.048380488 0.050648819 0.054139091 0.055124223 0.066285738 0.065172383 0.048918487 0.050502550 0.050223214 0.103613882 0.049746739 0.052931376 0.041494627 0.045451410 0.051438888 0.054710828 0.045862736 0.052542102 0.061635390 0.052802786 0.054193800 0.048776503 0.049505575 0.052307241 0.052048838 0.085042138 0.080236668 0.082997252 0.022370152 0.024337656 0.031229728 0.025959797 0.023943438 0.033987528 0.030031130 0.031769043 0.031397753 0.028567410 0.031582552 0.013422367 0.016492350 0.015549205 0.015068111 0.022867251 0.014620508 0.000000000 0.014887625 0.364004442 
36     0.055270680 0.052009537 0.062059174 0.055852323 0.058120653 0.061610926 0.062596057 0.073779520 0.072680225 0.056395093 0.057982090 0.057702753 0.111093991 0.057226278 0.060410915 0.048969749 0.052930949 0.058919859 0.062199392 0.053351300 0.060030666 0.069123954 0.060321566 0.061704363 0.056251258 0.056980330 0.059781996 0.059523593 0.092506877 0.087701407 0.090461991 0.029914402 0.031851158 0.038636926 0.033416661 0.031400302 0.041360116 0.037437671 0.039136924 0.038769727 0.035934229 0.038976069 0.020607702 0.023690423 0.022753918 0.022205471 0.030098918 0.021899693 0.014887625 0.000000000 0.371487629 
0     0.357650289 0.354389145 0.364349475 0.358252813 0.360536434 0.363910221 0.364895353 0.376153945 0.375065144 0.358185220 0.359682991 0.359405747 0.412792490 0.358884552 0.361700708 0.350258395 0.354228273 0.360887304 0.364160457 0.355390212 0.362018578 0.371211354 0.362023302 0.363681276 0.356089107 0.356824681 0.360598005 0.360335636 0.398738973 0.393930563 0.396747714 0.361486328 0.363537449 0.369977098 0.364620915 0.362143819 0.372509318 0.368657887 0.370464979 0.370145022 0.367143110 0.370452698 0.363270787 0.366575950 0.365620649 0.365192982 0.373068723 0.364750855 0.364004442 0.371487629 0.000000000 
