51
10     0.000000000 0.000140500 0.000130780 0.000157520 0.000175420 0.000167130 0.000171790 0.000155770 0.000663580 0.000601050 0.000585020 0.000165490 0.000171530 0.000155640 0.000512910 0.000496590 0.000504720 0.000518500 0.000588810 0.000466220 0.000454480 0.000511830 0.000544110 0.000149330 0.000511180 0.000719760 0.000642940 0.000657950 0.000614790 0.000775470 0.000775490 0.000705900 0.000465760 0.000401880 0.000434190 0.000209300 0.000206740 0.000223110 0.000203010 0.000179600 0.000457580 0.000325700 0.000184910 0.000487460 0.000481660 0.000516610 0.000553370 0.000531210 0.000202010 0.000380290 0.000630740 
27     0.000140500 0.000000000 0.000016660 0.000110770 0.000152850 0.000115280 0.000150800 0.000571420 0.000697390 0.000686850 0.000547970 0.000179470 0.000185510 0.000169620 0.000598710 0.000582390 0.000590520 0.000604300 0.000641580 0.000552020 0.000540280 0.000596160 0.000617360 0.000553230 0.000596980 0.000805560 0.000695710 0.000740900 0.000667560 0.000827230 0.000828260 0.000861020 0.000658860 0.000680110 0.000185600 0.000223280 0.000220720 0.000237090 0.000216990 0.000599400 0.000766350 0.000541310 0.000566360 0.000545130 0.000517250 0.000552200 0.000588960 0.000566800 0.000287810 0.000571080 0.000846400 
5     0.000130780 0.000016660 0.000000000 0.000016080 0.000200190 0.000148290 0.000152950 0.000561700 0.000528880 0.000541660 0.000661100 0.000130230 0.000136270 0.000120380 0.000588990 0.000572670 0.000580800 0.000594580 0.000455340 0.000542300 0.000501610 0.000587910 0.000620190 0.000560930 0.000587260 0.000795840 0.000703410 0.000734030 0.000477030 0.000028260 0.000835960 0.000856070 0.000649140 0.000670390 0.000215330 0.000190460 0.000187900 0.000204270 0.000184170 0.000676160 0.000416590 0.000573390 0.000574060 0.000563540 0.000594010 0.000628960 0.000665720 0.000643560 0.000278090 0.000681720 0.000851130 
9     0.000157520 0.000110770 0.000016080 0.000000000 0.000025980 0.000177390 0.000212910 0.000295400 0.000284030 0.000725920 0.000742960 0.000310970 0.000317010 0.000301120 0.000730210 0.000713890 0.000722020 0.000679610 0.000641030 0.000628750 0.000512590 0.000383730 0.000202130 0.000117360 0.000687160 0.000820000 0.000695160 0.000740350 0.000667010 0.000726590 0.000786800 0.000752620 0.000496420 0.000688990 0.000588820 0.000354780 0.000352220 0.000368590 0.000348490 0.000330000 0.000393240 0.000714610 0.000039830 0.000561590 0.000261270 0.000615510 0.000652270 0.000630110 0.000419310 0.000838300 0.000521300 
20     0.000175420 0.000152850 0.000200190 0.000025980 0.000000000 0.000219470 0.000254990 0.000304860 0.000619290 0.000632070 0.000760860 0.000312390 0.000318430 0.000302540 0.000731630 0.000715310 0.000723440 0.000425070 0.000658930 0.000646650 0.000629250 0.000357650 0.000002140 0.000570580 0.000705060 0.000837900 0.000253960 0.000758250 0.000684910 0.000452420 0.000748100 0.000713920 0.000486000 0.000706890 0.000429900 0.000356200 0.000353640 0.000370010 0.000322460 0.000297100 0.000360340 0.000716030 0.000232290 0.000558150 0.000562730 0.000648850 0.000694350 0.000672190 0.000420730 0.000880380 0.000459740 
2     0.000167130 0.000115280 0.000148290 0.000177390 0.000219470 0.000000000 0.000013310 0.000348060 0.000658460 0.000713480 0.000091700 0.000183000 0.000189040 0.000173150 0.000625340 0.000609020 0.000617150 0.000630930 0.000707760 0.000578650 0.000222680 0.000624260 0.000410570 0.000347440 0.000623610 0.000832190 0.000830560 0.000770380 0.000759420 0.000576310 0.000192500 0.000176250 0.000649180 0.000706740 0.000489120 0.000125110 0.000122550 0.000207080 0.000186980 0.000372270 0.000805620 0.000393870 0.000041830 0.000338220 0.000585070 0.000127830 0.000402940 0.000372240 0.000130440 0.000592920 0.000532770 
43     0.000171790 0.000150800 0.000152950 0.000212910 0.000254990 0.000013310 0.000000000 0.000337630 0.000780670 0.000718140 0.000702110 0.000187660 0.000193700 0.000177810 0.000524340 0.000305990 0.000621810 0.000635590 0.000409570 0.000359170 0.000290320 0.000628920 0.000548870 0.000274950 0.000479160 0.000836850 0.000835220 0.000775040 0.000607690 0.000580670 0.000149300 0.000131590 0.000690150 0.000711400 0.000458240 0.000129770 0.000127210 0.000211740 0.000173880 0.000702740 0.000809070 0.000353110 0.000160190 0.000421900 0.000620590 0.000072060 0.000347170 0.000316470 0.000243270 0.000740980 0.000522340 
46     0.000155770 0.000571420 0.000561700 0.000295400 0.000304860 0.000348060 0.000337630 0.000000000 0.000095910 0.000334970 0.000318940 0.000392950 0.000397530 0.000412790 0.000157990 0.000187890 0.000196020 0.000202290 0.000198650 0.000069540 0.000014210 0.000105190 0.000156030 0.000148090 0.000124910 0.000453680 0.000452050 0.000391870 0.000380910 0.000094950 0.000781230 0.000747050 0.000296440 0.000317690 0.000419800 0.000640220 0.000637660 0.000654030 0.000633930 0.000182720 0.000596730 0.000231230 0.000247980 0.000025440 0.000536930 0.000362520 0.000397010 0.000143160 0.000595370 0.001045370 0.000438790 
24     0.000663580 0.000697390 0.000528880 0.000284030 0.000619290 0.000658460 0.000780670 0.000095910 0.000000000 0.000020640 0.000005800 0.000167680 0.000154780 0.000262270 0.000396780 0.000408470 0.000416600 0.000430380 0.000507210 0.000378100 0.000262260 0.000389530 0.000455990 0.000448050 0.000423060 0.000389060 0.000387430 0.000327250 0.000361250 0.000485330 0.000769350 0.000753560 0.000484940 0.000506190 0.000608300 0.000818180 0.000501610 0.000796290 0.000805340 0.000627290 0.000650590 0.000356470 0.000311070 0.000399340 0.000714890 0.000540040 0.000574530 0.000576720 0.000646260 0.000134210 0.000752350 
42     0.000601050 0.000686850 0.000541660 0.000725920 0.000632070 0.000713480 0.000718140 0.000334970 0.000020640 0.000000000 0.000028690 0.000190100 0.000162310 0.000213690 0.000362260 0.000345940 0.000354070 0.000367850 0.000419170 0.000315570 0.000303830 0.000361180 0.000393460 0.000385520 0.000291760 0.000326530 0.000324900 0.000264720 0.000298720 0.000605830 0.000632010 0.000937250 0.000422410 0.000426720 0.000545770 0.000607160 0.000238340 0.000579080 0.000588130 0.000677370 0.000834280 0.000293940 0.000195940 0.000336810 0.000652360 0.000409090 0.000512000 0.000514190 0.000710800 0.000756710 0.000734580 
7     0.000585020 0.000547970 0.000661100 0.000742960 0.000760860 0.000091700 0.000702110 0.000318940 0.000005800 0.000028690 0.000000000 0.000115790 0.000115570 0.000179150 0.000346230 0.000329910 0.000335900 0.000284290 0.000428650 0.000262810 0.000287800 0.000345150 0.000377430 0.000369490 0.000278700 0.000310500 0.000308870 0.000248690 0.000282690 0.000487690 0.000340300 0.000373440 0.000406380 0.000427630 0.000529740 0.000624200 0.000690080 0.000596120 0.000605170 0.000629650 0.000652950 0.000277910 0.000200050 0.000320780 0.000636330 0.000426130 0.000495970 0.000498160 0.000648620 0.000781500 0.000718550 
22     0.000165490 0.000179470 0.000130230 0.000310970 0.000312390 0.000183000 0.000187660 0.000392950 0.000167680 0.000190100 0.000115790 0.000000000 0.000000220 0.000050810 0.000463710 0.000469160 0.000288910 0.000368440 0.000444630 0.000345510 0.000252810 0.000310980 0.000461200 0.000404420 0.000317220 0.000654850 0.000661340 0.000768740 0.000757780 0.000631290 0.000772790 0.000738610 0.000683850 0.000705100 0.000807210 0.000225170 0.000222610 0.000238980 0.000218880 0.000512550 0.000416490 0.000149930 0.000596630 0.000598250 0.000837520 0.000434550 0.000773880 0.000776070 0.000312800 0.000713090 0.000225500 
29     0.000171530 0.000185510 0.000136270 0.000317010 0.000318430 0.000189040 0.000193700 0.000397530 0.000154780 0.000162310 0.000115570 0.000000220 0.000000000 0.000042750 0.000468290 0.000080920 0.000293490 0.000213250 0.000416840 0.000350090 0.000257390 0.000315560 0.000465780 0.000409000 0.000289430 0.000759000 0.000722750 0.000725120 0.000664730 0.000517050 0.000801070 0.000785280 0.000676540 0.000341260 0.000784230 0.000231210 0.000228650 0.000245020 0.000224920 0.000659010 0.000682310 0.000399410 0.000568840 0.000604290 0.000686510 0.000406760 0.000779920 0.000184040 0.000318840 0.000649230 0.000230080 
32     0.000155640 0.000169620 0.000120380 0.000301120 0.000302540 0.000173150 0.000177810 0.000412790 0.000262270 0.000213690 0.000179150 0.000050810 0.000042750 0.000000000 0.000483550 0.000122750 0.000308750 0.000431800 0.000468220 0.000365350 0.000272650 0.000330820 0.000481040 0.000424260 0.000340810 0.000749440 0.000755930 0.000758890 0.000747930 0.000015790 0.000867380 0.000833200 0.000674000 0.000695250 0.000797360 0.000215320 0.000212760 0.000229130 0.000209030 0.000882850 0.000912000 0.000502510 0.000620220 0.000588400 0.000875960 0.000458140 0.000764030 0.000766220 0.000302950 0.000708680 0.000245340 
23     0.000512910 0.000598710 0.000588990 0.000730210 0.000731630 0.000625340 0.000524340 0.000157990 0.000396780 0.000362260 0.000346230 0.000463710 0.000468290 0.000483550 0.000000000 0.000057080 0.000071350 0.000125830 0.000313920 0.000184810 0.000173070 0.000230420 0.000262700 0.000254760 0.000261850 0.000480970 0.000479340 0.000419160 0.000408200 0.000650350 0.000367630 0.000481880 0.000323730 0.000344980 0.000121700 0.000667510 0.000266550 0.000681320 0.000528440 0.000914330 0.000937630 0.000258520 0.000275270 0.000206050 0.000564220 0.000389810 0.000424300 0.000152530 0.000622660 0.000790970 0.000201130 
4     0.000496590 0.000582390 0.000572670 0.000713890 0.000715310 0.000609020 0.000305990 0.000187890 0.000408470 0.000345940 0.000329910 0.000469160 0.000080920 0.000122750 0.000057080 0.000000000 0.000013560 0.000109510 0.000297600 0.000116710 0.000156750 0.000214100 0.000246380 0.000238440 0.000245530 0.000321660 0.000328150 0.000402840 0.000391880 0.000492030 0.000248230 0.000362480 0.000307410 0.000328660 0.000430770 0.000651190 0.000648630 0.000665000 0.000644900 0.000937670 0.000732510 0.000242200 0.000258950 0.000189730 0.000547900 0.000373490 0.000407980 0.000238470 0.000506710 0.000936520 0.000084430 
36     0.000504720 0.000590520 0.000580800 0.000722020 0.000723440 0.000617150 0.000621810 0.000196020 0.000416600 0.000354070 0.000335900 0.000288910 0.000293490 0.000308750 0.000071350 0.000013560 0.000000000 0.000117640 0.000176840 0.000176620 0.000164880 0.000222230 0.000254510 0.000246570 0.000253660 0.000320650 0.000327140 0.000410970 0.000204660 0.000604960 0.000245700 0.000359950 0.000315540 0.000336790 0.000438900 0.000659320 0.000656760 0.000673130 0.000653030 0.000859500 0.000444590 0.000160130 0.000267080 0.000197860 0.000556030 0.000381620 0.000416110 0.000418300 0.000415930 0.000250050 0.000041430 
31     0.000518500 0.000604300 0.000594580 0.000679610 0.000425070 0.000630930 0.000635590 0.000202290 0.000430380 0.000367850 0.000284290 0.000368440 0.000213250 0.000431800 0.000125830 0.000109510 0.000117640 0.000000000 0.000319510 0.000190400 0.000178660 0.000236010 0.000268290 0.000260350 0.000267440 0.000486560 0.000401260 0.000424750 0.000413790 0.000171280 0.000334690 0.000445110 0.000329320 0.000350570 0.000196800 0.000304410 0.000387440 0.000532770 0.000541820 0.000569770 0.000593070 0.000264110 0.000280860 0.000211640 0.000569810 0.000362780 0.000429890 0.000432080 0.000504580 0.000398280 0.000609970 
49     0.000588810 0.000641580 0.000455340 0.000641030 0.000658930 0.000707760 0.000409570 0.000198650 0.000507210 0.000419170 0.000428650 0.000444630 0.000416840 0.000468220 0.000313920 0.000297600 0.000176840 0.000319510 0.000000000 0.000000590 0.000132310 0.000126880 0.000257360 0.000257800 0.000344270 0.000563390 0.000561760 0.000501580 0.000100110 0.000349900 0.000749860 0.000812270 0.000406150 0.000427400 0.000529510 0.000522270 0.000588150 0.000362690 0.000478570 0.000686440 0.000702450 0.000340940 0.000357690 0.000200490 0.000646640 0.000103880 0.000506720 0.000508910 0.000705080 0.000760630 0.000433700 
19     0.000466220 0.000552020 0.000542300 0.000628750 0.000646650 0.000578650 0.000359170 0.000069540 0.000378100 0.000315570 0.000262810 0.000345510 0.000350090 0.000365350 0.000184810 0.000116710 0.000176620 0.000190400 0.000000590 0.000000000 0.000034140 0.000095750 0.000000140 0.000128690 0.000215160 0.000434280 0.000432650 0.000372470 0.000361510 0.000233780 0.000705510 0.000689720 0.000277040 0.000298290 0.000400400 0.000509990 0.000575870 0.000481910 0.000490960 0.000563450 0.000586750 0.000211830 0.000228580 0.000071380 0.000517530 0.000095780 0.000377610 0.000200530 0.000575970 0.000694010 0.000224430 
35     0.000454480 0.000540280 0.000501610 0.000512590 0.000629250 0.000222680 0.000290320 0.000014210 0.000262260 0.000303830 0.000287800 0.000252810 0.000257390 0.000272650 0.000173070 0.000156750 0.000164880 0.000178660 0.000132310 0.000034140 0.000000000 0.000084010 0.000124890 0.000116950 0.000203420 0.000422540 0.000420910 0.000360730 0.000349770 0.000306130 0.000720180 0.000736080 0.000265300 0.000286550 0.000388660 0.000189000 0.000325880 0.000464510 0.000473560 0.000154350 0.000180520 0.000080230 0.000216840 0.000059640 0.000044030 0.000123480 0.000246030 0.000368060 0.000564230 0.000320960 0.000131730 
28     0.000511830 0.000596160 0.000587910 0.000383730 0.000357650 0.000624260 0.000628920 0.000105190 0.000389530 0.000361180 0.000345150 0.000310980 0.000315560 0.000330820 0.000230420 0.000214100 0.000222230 0.000236010 0.000126880 0.000095750 0.000084010 0.000000000 0.000122200 0.000164600 0.000260770 0.000408630 0.000413510 0.000322850 0.000407120 0.000205320 0.000662380 0.000646590 0.000118260 0.000336320 0.000201240 0.000476850 0.000459080 0.000448770 0.000163110 0.000520320 0.000543620 0.000257440 0.000274190 0.000107030 0.000320480 0.000116800 0.000423220 0.000425410 0.000539290 0.000817390 0.000189900 
12     0.000544110 0.000617360 0.000620190 0.000202130 0.000002140 0.000410570 0.000548870 0.000156030 0.000455990 0.000393460 0.000377430 0.000461200 0.000465780 0.000481040 0.000262700 0.000246380 0.000254510 0.000268290 0.000257360 0.000000140 0.000124890 0.000122200 0.000000000 0.000045000 0.000293050 0.000274540 0.000334000 0.000450360 0.000439400 0.000392440 0.000732060 0.000822390 0.000354930 0.000376180 0.000478290 0.000422230 0.000488110 0.000141820 0.000403200 0.000696120 0.000048300 0.000289720 0.000306470 0.000157870 0.000143340 0.000421010 0.000455500 0.000311580 0.000653860 0.000967610 0.000340120 
41     0.000149330 0.000553230 0.000560930 0.000117360 0.000570580 0.000347440 0.000274950 0.000148090 0.000448050 0.000385520 0.000369490 0.000404420 0.000409000 0.000424260 0.000254760 0.000238440 0.000246570 0.000260350 0.000257800 0.000128690 0.000116950 0.000164600 0.000045000 0.000000000 0.000206260 0.000504230 0.000502600 0.000442420 0.000431460 0.000488630 0.000325820 0.000387950 0.000346990 0.000134940 0.000470350 0.000358100 0.000423980 0.000330020 0.000339070 0.000589340 0.000606650 0.000281780 0.000196520 0.000149930 0.000320670 0.000413070 0.000447560 0.000449750 0.000645920 0.000910830 0.000283340 
25     0.000511180 0.000596980 0.000587260 0.000687160 0.000705060 0.000623610 0.000479160 0.000124910 0.000423060 0.000291760 0.000278700 0.000317220 0.000289430 0.000340810 0.000261850 0.000245530 0.000253660 0.000267440 0.000344270 0.000215160 0.000203420 0.000260770 0.000293050 0.000206260 0.000000000 0.000479240 0.000477610 0.000417430 0.000380690 0.000567070 0.000795990 0.000910240 0.000219980 0.000241230 0.000343340 0.000537280 0.000373140 0.000540320 0.000549370 0.000913580 0.000079340 0.000256790 0.000093720 0.000236400 0.000562490 0.000370330 0.000422570 0.000424760 0.000421190 0.000361630 0.000180660 
18     0.000719760 0.000805560 0.000795840 0.000820000 0.000837900 0.000832190 0.000836850 0.000453680 0.000389060 0.000326530 0.000310500 0.000654850 0.000759000 0.000749440 0.000480970 0.000321660 0.000320650 0.000486560 0.000563390 0.000434280 0.000422540 0.000408630 0.000274540 0.000504230 0.000479240 0.000000000 0.000005780 0.000076370 0.000193910 0.000716110 0.000792000 0.000757820 0.000541120 0.000186910 0.000664480 0.000498580 0.000463640 0.000754480 0.000763530 0.000806790 0.000708540 0.000412650 0.000397520 0.000455520 0.000472510 0.000596220 0.000630710 0.000632900 0.000320510 0.000427640 0.000752880 
21     0.000642940 0.000695710 0.000703410 0.000695160 0.000253960 0.000830560 0.000835220 0.000452050 0.000387430 0.000324900 0.000308870 0.000661340 0.000722750 0.000755930 0.000479340 0.000328150 0.000327140 0.000401260 0.000561760 0.000432650 0.000420910 0.000413510 0.000334000 0.000502600 0.000477610 0.000005780 0.000000000 0.000074740 0.000069070 0.000331250 0.000798490 0.000764310 0.000103850 0.000040290 0.000662850 0.000485590 0.000450650 0.000629640 0.000638690 0.000770540 0.000793840 0.000411020 0.000400070 0.000453890 0.000477390 0.000594590 0.000629080 0.000631270 0.000217070 0.000459100 0.000759370 
37     0.000657950 0.000740900 0.000734030 0.000740350 0.000758250 0.000770380 0.000775040 0.000391870 0.000327250 0.000264720 0.000248690 0.000768740 0.000725120 0.000758890 0.000419160 0.000402840 0.000410970 0.000424750 0.000501580 0.000372470 0.000360730 0.000322850 0.000450360 0.000442420 0.000417430 0.000076370 0.000074740 0.000000000 0.000109120 0.000555240 0.000867680 0.000860430 0.000479310 0.000136240 0.000602670 0.000059570 0.000098530 0.000665300 0.000683880 0.000772910 0.000796210 0.000350840 0.000430850 0.000393710 0.000386730 0.000534410 0.000568900 0.000571090 0.000004510 0.000306000 0.000791480 
33     0.000614790 0.000667560 0.000477030 0.000667010 0.000684910 0.000759420 0.000607690 0.000380910 0.000361250 0.000298720 0.000282690 0.000757780 0.000664730 0.000747930 0.000408200 0.000391880 0.000204660 0.000413790 0.000100110 0.000361510 0.000349770 0.000407120 0.000439400 0.000431460 0.000380690 0.000193910 0.000069070 0.000109120 0.000000000 0.000328770 0.000480500 0.000473250 0.000468350 0.000062900 0.000591710 0.000629570 0.000695450 0.000601490 0.000610540 0.000712520 0.000735820 0.000339880 0.000419890 0.000382750 0.000365270 0.000241470 0.000557940 0.000455810 0.000322000 0.000046970 0.000443600 
40     0.000775470 0.000827230 0.000028260 0.000726590 0.000452420 0.000576310 0.000580670 0.000094950 0.000485330 0.000605830 0.000487690 0.000631290 0.000517050 0.000015790 0.000650350 0.000492030 0.000604960 0.000171280 0.000349900 0.000233780 0.000306130 0.000205320 0.000392440 0.000488630 0.000567070 0.000716110 0.000331250 0.000555240 0.000328770 0.000000000 0.000019850 0.000019800 0.000449250 0.000753130 0.000741540 0.000134260 0.000774810 0.000680850 0.000321360 0.000158680 0.000225900 0.000600670 0.000672940 0.000713450 0.000565300 0.000339820 0.000786870 0.000655840 0.000331390 0.000257640 0.000250290 
8     0.000775490 0.000828260 0.000835960 0.000786800 0.000748100 0.000192500 0.000149300 0.000781230 0.000769350 0.000632010 0.000340300 0.000772790 0.000801070 0.000867380 0.000367630 0.000248230 0.000245700 0.000334690 0.000749860 0.000705510 0.000720180 0.000662380 0.000732060 0.000325820 0.000795990 0.000792000 0.000798490 0.000867680 0.000480500 0.000019850 0.000000000 0.000000450 0.000600980 0.000859400 0.000147860 0.000708950 0.000774830 0.000680870 0.000689920 0.000052150 0.000053950 0.000833410 0.000674640 0.000718860 0.000569290 0.000572270 0.000879300 0.000659830 0.000461660 0.000039310 0.000211940 
30     0.000705900 0.000861020 0.000856070 0.000752620 0.000713920 0.000176250 0.000131590 0.000747050 0.000753560 0.000937250 0.000373440 0.000738610 0.000785280 0.000833200 0.000481880 0.000362480 0.000359950 0.000445110 0.000812270 0.000689720 0.000736080 0.000646590 0.000822390 0.000387950 0.000910240 0.000757820 0.000764310 0.000860430 0.000473250 0.000019800 0.000000450 0.000000000 0.000593730 0.000397590 0.000132070 0.000823200 0.000761040 0.000795120 0.000740520 0.000056380 0.000058180 0.000817620 0.000788890 0.000684680 0.000306560 0.000538090 0.000845120 0.000625650 0.000510140 0.000043540 0.000045840 
47     0.000465760 0.000658860 0.000649140 0.000496420 0.000486000 0.000649180 0.000690150 0.000296440 0.000484940 0.000422410 0.000406380 0.000683850 0.000676540 0.000674000 0.000323730 0.000307410 0.000315540 0.000329320 0.000406150 0.000277040 0.000265300 0.000118260 0.000354930 0.000346990 0.000219980 0.000541120 0.000103850 0.000479310 0.000468350 0.000449250 0.000600980 0.000593730 0.000000000 0.000297850 0.000399960 0.000553070 0.000618950 0.000524990 0.000534040 0.000551620 0.000534220 0.000318670 0.000233400 0.000298280 0.000624370 0.000449960 0.000484450 0.000486640 0.000682810 0.000327900 0.000598340 
38     0.000401880 0.000680110 0.000670390 0.000688990 0.000706890 0.000706740 0.000711400 0.000317690 0.000506190 0.000426720 0.000427630 0.000705100 0.000341260 0.000695250 0.000344980 0.000328660 0.000336790 0.000350570 0.000427400 0.000298290 0.000286550 0.000336320 0.000376180 0.000134940 0.000241230 0.000186910 0.000040290 0.000136240 0.000062900 0.000753130 0.000859400 0.000397590 0.000297850 0.000000000 0.000160370 0.000651550 0.000341130 0.000623470 0.000632520 0.000435830 0.000491600 0.000328560 0.000254650 0.000319530 0.000239300 0.000137830 0.000129860 0.000108770 0.000482200 0.000567510 0.000727840 
17     0.000434190 0.000185600 0.000215330 0.000588820 0.000429900 0.000489120 0.000458240 0.000419800 0.000608300 0.000545770 0.000529740 0.000807210 0.000784230 0.000797360 0.000121700 0.000430770 0.000438900 0.000196800 0.000529510 0.000400400 0.000388660 0.000201240 0.000478290 0.000470350 0.000343340 0.000664480 0.000662850 0.000602670 0.000591710 0.000741540 0.000147860 0.000132070 0.000399960 0.000160370 0.000000000 0.000583360 0.000295220 0.000560390 0.000495120 0.000257440 0.000753060 0.000442030 0.000324210 0.000421640 0.000526780 0.000573320 0.000607810 0.000502130 0.000806170 0.000690730 0.000829950 
11     0.000209300 0.000223280 0.000190460 0.000354780 0.000356200 0.000125110 0.000129770 0.000640220 0.000818180 0.000607160 0.000624200 0.000225170 0.000231210 0.000215320 0.000667510 0.000651190 0.000659320 0.000304410 0.000522270 0.000509990 0.000189000 0.000476850 0.000422230 0.000358100 0.000537280 0.000498580 0.000485590 0.000059570 0.000629570 0.000134260 0.000708950 0.000823200 0.000553070 0.000651550 0.000583360 0.000000000 0.000000510 0.000037880 0.000105110 0.000951360 0.000346140 0.000651910 0.000285250 0.000642060 0.000653280 0.000512190 0.000634990 0.000759140 0.000123550 0.000998490 0.000764070 
14     0.000206740 0.000220720 0.000187900 0.000352220 0.000353640 0.000122550 0.000127210 0.000637660 0.000501610 0.000238340 0.000690080 0.000222610 0.000228650 0.000212760 0.000266550 0.000648630 0.000656760 0.000387440 0.000588150 0.000575870 0.000325880 0.000459080 0.000488110 0.000423980 0.000373140 0.000463640 0.000450650 0.000098530 0.000695450 0.000774810 0.000774830 0.000761040 0.000618950 0.000341130 0.000295220 0.000000510 0.000000000 0.000161940 0.000170990 0.000907450 0.000237570 0.000538130 0.000472740 0.000032130 0.000734080 0.000578070 0.000634800 0.000758950 0.000354050 0.000147030 0.000122220 
13     0.000223110 0.000237090 0.000204270 0.000368590 0.000370010 0.000207080 0.000211740 0.000654030 0.000796290 0.000579080 0.000596120 0.000238980 0.000245020 0.000229130 0.000681320 0.000665000 0.000673130 0.000532770 0.000362690 0.000481910 0.000464510 0.000448770 0.000141820 0.000330020 0.000540320 0.000754480 0.000629640 0.000665300 0.000601490 0.000680850 0.000680870 0.000795120 0.000524990 0.000623470 0.000560390 0.000037880 0.000161940 0.000000000 0.000002870 0.000923280 0.000851300 0.000168780 0.000418970 0.000655870 0.000627150 0.000305290 0.000355920 0.000431920 0.000370420 0.001044300 0.000639120 
26     0.000203010 0.000216990 0.000184170 0.000348490 0.000322460 0.000186980 0.000173880 0.000633930 0.000805340 0.000588130 0.000605170 0.000218880 0.000224920 0.000209030 0.000528440 0.000644900 0.000653030 0.000541820 0.000478570 0.000490960 0.000473560 0.000163110 0.000403200 0.000339070 0.000549370 0.000763530 0.000638690 0.000683880 0.000610540 0.000321360 0.000689920 0.000740520 0.000534040 0.000632520 0.000495120 0.000105110 0.000170990 0.000002870 0.000000000 0.000910040 0.000813980 0.000645620 0.000428020 0.000635770 0.000615250 0.000293390 0.000344020 0.000420020 0.000350320 0.001047210 0.000248200 
3     0.000179600 0.000599400 0.000676160 0.000330000 0.000297100 0.000372270 0.000702740 0.000182720 0.000627290 0.000677370 0.000629650 0.000512550 0.000659010 0.000882850 0.000914330 0.000937670 0.000859500 0.000569770 0.000686440 0.000563450 0.000154350 0.000520320 0.000696120 0.000589340 0.000913580 0.000806790 0.000770540 0.000772910 0.000712520 0.000158680 0.000052150 0.000056380 0.000551620 0.000435830 0.000257440 0.000951360 0.000907450 0.000923280 0.000910040 0.000000000 0.000012440 0.000019710 0.000327250 0.000535830 0.000507950 0.000542900 0.000579660 0.000557500 0.000448490 0.000065360 0.000285830 
34     0.000457580 0.000766350 0.000416590 0.000393240 0.000360340 0.000805620 0.000809070 0.000596730 0.000650590 0.000834280 0.000652950 0.000416490 0.000682310 0.000912000 0.000937630 0.000732510 0.000444590 0.000593070 0.000702450 0.000586750 0.000180520 0.000543620 0.000048300 0.000606650 0.000079340 0.000708540 0.000793840 0.000796210 0.000735820 0.000225900 0.000053950 0.000058180 0.000534220 0.000491600 0.000753060 0.000346140 0.000237570 0.000851300 0.000813980 0.000012440 0.000000000 0.000060490 0.000390490 0.000761970 0.000734090 0.000359090 0.000805800 0.000783640 0.000447520 0.000067160 0.000201200 
15     0.000325700 0.000541310 0.000573390 0.000714610 0.000716030 0.000393870 0.000353110 0.000231230 0.000356470 0.000293940 0.000277910 0.000149930 0.000399410 0.000502510 0.000258520 0.000242200 0.000160130 0.000264110 0.000340940 0.000211830 0.000080230 0.000257440 0.000289720 0.000281780 0.000256790 0.000412650 0.000411020 0.000350840 0.000339880 0.000600670 0.000833410 0.000817620 0.000318670 0.000328560 0.000442030 0.000651910 0.000538130 0.000168780 0.000645620 0.000019710 0.000060490 0.000000000 0.000270210 0.000233070 0.000297660 0.000373770 0.000408260 0.000410450 0.000566860 0.000879280 0.000425470 
48     0.000184910 0.000566360 0.000574060 0.000039830 0.000232290 0.000041830 0.000160190 0.000247980 0.000311070 0.000195940 0.000200050 0.000596630 0.000568840 0.000620220 0.000275270 0.000258950 0.000267080 0.000280860 0.000357690 0.000228580 0.000216840 0.000274190 0.000306470 0.000196520 0.000093720 0.000397520 0.000400070 0.000430850 0.000419890 0.000672940 0.000674640 0.000788890 0.000233400 0.000254650 0.000324210 0.000285250 0.000472740 0.000418970 0.000428020 0.000327250 0.000390490 0.000270210 0.000000000 0.000249820 0.000575280 0.000277510 0.000435990 0.000438180 0.000184640 0.000978050 0.000658130 
6     0.000487460 0.000545130 0.000563540 0.000561590 0.000558150 0.000338220 0.000421900 0.000025440 0.000399340 0.000336810 0.000320780 0.000598250 0.000604290 0.000588400 0.000206050 0.000189730 0.000197860 0.000211640 0.000200490 0.000071380 0.000059640 0.000107030 0.000157870 0.000149930 0.000236400 0.000455520 0.000453890 0.000393710 0.000382750 0.000713450 0.000718860 0.000684680 0.000298280 0.000319530 0.000421640 0.000642060 0.000032130 0.000655870 0.000635770 0.000535830 0.000761970 0.000233070 0.000249820 0.000000000 0.000201790 0.000031170 0.000067930 0.000049930 0.000222400 0.000711420 0.000620990 
45     0.000481660 0.000517250 0.000594010 0.000261270 0.000562730 0.000585070 0.000620590 0.000536930 0.000714890 0.000652360 0.000636330 0.000837520 0.000686510 0.000875960 0.000564220 0.000547900 0.000556030 0.000569810 0.000646640 0.000517530 0.000044030 0.000320480 0.000143340 0.000320670 0.000562490 0.000472510 0.000477390 0.000386730 0.000365270 0.000565300 0.000569290 0.000306560 0.000624370 0.000239300 0.000526780 0.000653280 0.000734080 0.000627150 0.000615250 0.000507950 0.000734090 0.000297660 0.000575280 0.000201790 0.000000000 0.000117480 0.000116080 0.000179890 0.000199500 0.000683540 0.000132380 
44     0.000516610 0.000552200 0.000628960 0.000615510 0.000648850 0.000127830 0.000072060 0.000362520 0.000540040 0.000409090 0.000426130 0.000434550 0.000406760 0.000458140 0.000389810 0.000373490 0.000381620 0.000362780 0.000103880 0.000095780 0.000123480 0.000116800 0.000421010 0.000413070 0.000370330 0.000596220 0.000594590 0.000534410 0.000241470 0.000339820 0.000572270 0.000538090 0.000449960 0.000137830 0.000573320 0.000512190 0.000578070 0.000305290 0.000293390 0.000542900 0.000359090 0.000373770 0.000277510 0.000031170 0.000117480 0.000000000 0.000001520 0.000057000 0.000229470 0.000685640 0.000533150 
16     0.000553370 0.000588960 0.000665720 0.000652270 0.000694350 0.000402940 0.000347170 0.000397010 0.000574530 0.000512000 0.000495970 0.000773880 0.000779920 0.000764030 0.000424300 0.000407980 0.000416110 0.000429890 0.000506720 0.000377610 0.000246030 0.000423220 0.000455500 0.000447560 0.000422570 0.000630710 0.000629080 0.000568900 0.000557940 0.000786870 0.000879300 0.000845120 0.000484450 0.000129860 0.000607810 0.000634990 0.000634800 0.000355920 0.000344020 0.000579660 0.000805800 0.000408260 0.000435990 0.000067930 0.000116080 0.000001520 0.000000000 0.000009910 0.000266230 0.000755250 0.000796620 
1     0.000531210 0.000566800 0.000643560 0.000630110 0.000672190 0.000372240 0.000316470 0.000143160 0.000576720 0.000514190 0.000498160 0.000776070 0.000184040 0.000766220 0.000152530 0.000238470 0.000418300 0.000432080 0.000508910 0.000200530 0.000368060 0.000425410 0.000311580 0.000449750 0.000424760 0.000632900 0.000631270 0.000571090 0.000455810 0.000655840 0.000659830 0.000625650 0.000486640 0.000108770 0.000502130 0.000759140 0.000758950 0.000431920 0.000420020 0.000557500 0.000783640 0.000410450 0.000438180 0.000049930 0.000179890 0.000057000 0.000009910 0.000000000 0.000244070 0.000733090 0.000620710 
39     0.000202010 0.000287810 0.000278090 0.000419310 0.000420730 0.000130440 0.000243270 0.000595370 0.000646260 0.000710800 0.000648620 0.000312800 0.000318840 0.000302950 0.000622660 0.000506710 0.000415930 0.000504580 0.000705080 0.000575970 0.000564230 0.000539290 0.000653860 0.000645920 0.000421190 0.000320510 0.000217070 0.000004510 0.000322000 0.000331390 0.000461660 0.000510140 0.000682810 0.000482200 0.000806170 0.000123550 0.000354050 0.000370420 0.000350320 0.000448490 0.000447520 0.000566860 0.000184640 0.000222400 0.000199500 0.000229470 0.000266230 0.000244070 0.000000000 0.000624080 0.000552960 
50     0.000380290 0.000571080 0.000681720 0.000838300 0.000880380 0.000592920 0.000740980 0.001045370 0.000134210 0.000756710 0.000781500 0.000713090 0.000649230 0.000708680 0.000790970 0.000936520 0.000250050 0.000398280 0.000760630 0.000694010 0.000320960 0.000817390 0.000967610 0.000910830 0.000361630 0.000427640 0.000459100 0.000306000 0.000046970 0.000257640 0.000039310 0.000043540 0.000327900 0.000567510 0.000690730 0.000998490 0.000147030 0.001044300 0.001047210 0.000065360 0.000067160 0.000879280 0.000978050 0.000711420 0.000683540 0.000685640 0.000755250 0.000733090 0.000624080 0.000000000 0.000101730 
0     0.000630740 0.000846400 0.000851130 0.000521300 0.000459740 0.000532770 0.000522340 0.000438790 0.000752350 0.000734580 0.000718550 0.000225500 0.000230080 0.000245340 0.000201130 0.000084430 0.000041430 0.000609970 0.000433700 0.000224430 0.000131730 0.000189900 0.000340120 0.000283340 0.000180660 0.000752880 0.000759370 0.000791480 0.000443600 0.000250290 0.000211940 0.000045840 0.000598340 0.000727840 0.000829950 0.000764070 0.000122220 0.000639120 0.000248200 0.000285830 0.000201200 0.000425470 0.000658130 0.000620990 0.000132380 0.000533150 0.000796620 0.000620710 0.000552960 0.000101730 0.000000000 
