51
10     0.000000000 0.065839511 0.065486688 0.063390441 0.063434540 0.064640920 0.064950941 0.087856334 0.098153030 0.097120057 0.097443425 0.099767373 0.099253269 0.099315674 0.092564427 0.091697293 0.090212303 0.092075917 0.091612118 0.091593801 0.091772440 0.096402832 0.096118325 0.094691518 0.092611142 0.094785048 0.094611171 0.093785038 0.092549794 0.103136516 0.106539623 0.106890161 0.099794800 0.093738340 0.094624609 0.099579404 0.099838241 0.101215210 0.101130043 0.094997082 0.095086528 0.096504743 0.112033979 0.093099313 0.091280495 0.092458716 0.092961124 0.093237703 0.096906549 0.108870066 0.125610017 
27     0.065839511 0.000000000 0.017111524 0.048246135 0.048337821 0.055399505 0.055956414 0.085251356 0.095362147 0.094719921 0.094847491 0.097271671 0.096850444 0.097006767 0.090423993 0.089381846 0.088012526 0.090810289 0.090191571 0.089787423 0.089748599 0.095207550 0.093549059 0.092195669 0.090376838 0.093521666 0.093374486 0.092662484 0.091078605 0.101261949 0.104772403 0.104635212 0.098084887 0.092230563 0.092853305 0.097209412 0.096826104 0.098551449 0.098503666 0.092270034 0.091378834 0.092407604 0.109255208 0.091567063 0.088698978 0.089659771 0.090115961 0.090779511 0.095192170 0.106903756 0.124309548 
5     0.065486688 0.017111524 0.000000000 0.047846698 0.047712249 0.055342107 0.055924042 0.083884167 0.093961068 0.093344602 0.093337303 0.095826095 0.095739033 0.095492435 0.089070753 0.087774403 0.086716773 0.089278566 0.088835194 0.088731890 0.088674147 0.094040857 0.092334194 0.090894132 0.089325585 0.092819435 0.092677838 0.091965774 0.090080975 0.100343562 0.103444599 0.103590559 0.097423975 0.090699812 0.091395025 0.096265702 0.095762613 0.097770006 0.097565125 0.091327867 0.090431225 0.091445483 0.108618663 0.090493574 0.087861713 0.088801196 0.089383267 0.090073111 0.094394926 0.105948499 0.123538763 
9     0.063390441 0.048246135 0.047846698 0.000000000 0.009715278 0.052941295 0.053485920 0.083121499 0.093058527 0.092617704 0.092909547 0.096285617 0.095548476 0.095952222 0.088021129 0.087101418 0.086216322 0.088615772 0.087212986 0.087035744 0.086773562 0.092006928 0.091381129 0.089365628 0.088931501 0.089825849 0.089618976 0.089081330 0.087456067 0.099008686 0.101895270 0.102400324 0.096078074 0.090039969 0.090714103 0.094479608 0.094070528 0.095431047 0.095629766 0.089987576 0.089570351 0.090872703 0.107531082 0.089122835 0.087032945 0.087940048 0.088212651 0.088244038 0.092355877 0.105438054 0.123387306 
20     0.063434540 0.048337821 0.047712249 0.009715278 0.000000000 0.052992218 0.053524061 0.083537649 0.093292442 0.092840484 0.093133091 0.096427065 0.095697994 0.096098186 0.088309029 0.087290286 0.086291102 0.088994433 0.087595729 0.087278965 0.087005259 0.092284480 0.091501781 0.089748388 0.088897582 0.089899202 0.089694500 0.089283263 0.087690125 0.099082575 0.101977456 0.102479484 0.096084705 0.090119518 0.090827987 0.094771277 0.094291574 0.095679732 0.095956137 0.090336675 0.089939252 0.091112737 0.107524471 0.089440446 0.087336297 0.087938394 0.088220102 0.088237462 0.092437046 0.105907530 0.123740850 
2     0.064640920 0.055399505 0.055342107 0.052941295 0.052992218 0.000000000 0.010417512 0.083549907 0.092862650 0.091715041 0.092508066 0.094977947 0.094830277 0.094602958 0.087378783 0.086671544 0.085293375 0.087374899 0.087475561 0.087328724 0.087239088 0.092527565 0.091716206 0.089728926 0.087694842 0.090025573 0.089862222 0.088963064 0.087075476 0.098520898 0.101767715 0.101731969 0.095766820 0.087707890 0.088943424 0.094252214 0.093832427 0.095737430 0.095969221 0.089364017 0.088616121 0.090093354 0.106504316 0.087756796 0.086116707 0.087282561 0.087141854 0.087686832 0.092112087 0.105295012 0.122342278 
43     0.064950941 0.055956414 0.055924042 0.053485920 0.053524061 0.010417512 0.000000000 0.083638527 0.092917952 0.091780230 0.092554349 0.095111956 0.095034056 0.094737079 0.087544627 0.086795435 0.085582872 0.087525781 0.087265651 0.087060671 0.087119260 0.092586607 0.091487056 0.089697076 0.087673789 0.089966764 0.089803412 0.088884658 0.086997066 0.098426260 0.101642429 0.101607566 0.095461366 0.087844346 0.088864550 0.094312968 0.094026260 0.095881356 0.096119596 0.089007380 0.088260474 0.090317973 0.106331341 0.087638272 0.085956849 0.087121349 0.086927157 0.087428738 0.092021795 0.105275564 0.121928913 
46     0.087856334 0.085251356 0.083884167 0.083121499 0.083537649 0.083549907 0.083638527 0.000000000 0.058128822 0.057669030 0.057649605 0.061509329 0.060262681 0.060380503 0.053665297 0.053644688 0.052117498 0.054683645 0.060677675 0.060288019 0.060562017 0.063824356 0.063670052 0.062137966 0.069522001 0.073809064 0.073564050 0.071861217 0.070918369 0.081143277 0.084051535 0.083696059 0.079016922 0.071849809 0.071781624 0.077744557 0.077743658 0.079099010 0.079115858 0.073186971 0.073661178 0.073928245 0.088484189 0.071141480 0.070350663 0.072242695 0.071729078 0.072424437 0.075816069 0.090949861 0.105668904 
24     0.098153030 0.095362147 0.093961068 0.093058527 0.093292442 0.092862650 0.092917952 0.058128822 0.000000000 0.019543894 0.023110776 0.043519904 0.042010710 0.042066595 0.064499049 0.062916298 0.062557236 0.065259443 0.071039544 0.071101936 0.071351910 0.074583525 0.074514849 0.072846813 0.080964958 0.084023046 0.083800741 0.082586876 0.080592590 0.092037173 0.094532713 0.094220513 0.088231993 0.082662008 0.083120357 0.088653136 0.088923413 0.090307611 0.090278282 0.081989433 0.082382925 0.082103770 0.098268405 0.082738258 0.081938342 0.083243892 0.082843560 0.083201319 0.086191664 0.100917384 0.117545949 
42     0.097120057 0.094719921 0.093344602 0.092617704 0.092840484 0.091715041 0.091780230 0.057669030 0.019543894 0.000000000 0.023787903 0.042700316 0.041503733 0.041315886 0.063832365 0.062073754 0.061759285 0.064710790 0.070734974 0.070470562 0.070748280 0.073649133 0.073776690 0.072367231 0.080373041 0.083732363 0.083523258 0.082263177 0.079749408 0.091321927 0.093479995 0.093102092 0.087394134 0.081847411 0.082468455 0.088341814 0.088233821 0.089658704 0.089639801 0.081551130 0.081917541 0.081628598 0.097605859 0.082377881 0.081363816 0.082901028 0.082387988 0.082683881 0.085475279 0.099619995 0.116702614 
7     0.097443425 0.094847491 0.093337303 0.092909547 0.093133091 0.092508066 0.092554349 0.057649605 0.023110776 0.023787903 0.000000000 0.042298259 0.040754768 0.040714506 0.064293103 0.062977228 0.062700896 0.064878906 0.071285260 0.071089387 0.071105533 0.074571671 0.074479315 0.072789527 0.080482602 0.083763321 0.083520233 0.082347082 0.079933107 0.091070579 0.093605886 0.093293686 0.088349609 0.082350890 0.082859564 0.087961740 0.088172537 0.089814435 0.089876265 0.082171740 0.082500294 0.082581995 0.098417983 0.082761580 0.081474146 0.082800096 0.082435502 0.082738063 0.085148312 0.100034926 0.116844688 
22     0.099767373 0.097271671 0.095826095 0.096285617 0.096427065 0.094977947 0.095111956 0.061509329 0.043519904 0.042700316 0.042298259 0.000000000 0.014500420 0.014643253 0.068140399 0.066626013 0.066037701 0.067655629 0.074349663 0.074210892 0.074286264 0.077653974 0.077886210 0.076122235 0.083331668 0.085976393 0.085800957 0.084635539 0.081731378 0.093936755 0.096247357 0.096130109 0.090073599 0.084734524 0.084315232 0.090410082 0.090556277 0.091815008 0.092109566 0.084921928 0.085176160 0.085763588 0.100035608 0.083807712 0.083611439 0.084915790 0.084656311 0.084935461 0.088371019 0.102416837 0.118293581 
29     0.099253269 0.096850444 0.095739033 0.095548476 0.095697994 0.094830277 0.095034056 0.060262681 0.042010710 0.041503733 0.040754768 0.014500420 0.000000000 0.012571692 0.067119566 0.065551857 0.065009327 0.066693985 0.073257407 0.073140744 0.073345092 0.076817725 0.076896584 0.075053850 0.082138747 0.085256715 0.085028462 0.083991626 0.081863056 0.093032179 0.095465319 0.095298271 0.089882062 0.083585321 0.083886435 0.089530573 0.089656278 0.091286490 0.091553029 0.083942861 0.084266223 0.084532268 0.098661362 0.083875716 0.082914486 0.084284358 0.083897635 0.084166975 0.087460037 0.101449437 0.118208551 
32     0.099315674 0.097006767 0.095492435 0.095952222 0.096098186 0.094602958 0.094737079 0.060380503 0.042066595 0.041315886 0.040714506 0.014643253 0.012571692 0.000000000 0.066974093 0.065511844 0.064946464 0.066615588 0.073532647 0.073472937 0.073597490 0.077026672 0.077200450 0.075383360 0.082155567 0.085264156 0.085035903 0.083873760 0.081865334 0.092675149 0.095156014 0.094988966 0.089448995 0.083593605 0.084079560 0.089399777 0.089581519 0.091116331 0.091537425 0.083925599 0.084211954 0.084697837 0.098977695 0.083708243 0.082888780 0.084168526 0.083857838 0.084103936 0.087323474 0.101554122 0.118200504 
23     0.092564427 0.090423993 0.089070753 0.088021129 0.088309029 0.087378783 0.087544627 0.053665297 0.064499049 0.063832365 0.064293103 0.068140399 0.067119566 0.066974093 0.000000000 0.027405143 0.026455825 0.048603228 0.065690899 0.065083962 0.065476484 0.068446120 0.069400688 0.067435594 0.074560135 0.079595446 0.079360739 0.078051586 0.075846833 0.087505277 0.089796596 0.089511199 0.084699818 0.077874231 0.078723418 0.082930796 0.083198319 0.084827407 0.084863209 0.078478022 0.078650170 0.079449078 0.093306971 0.077149546 0.076397969 0.077768625 0.077800739 0.077804554 0.081724284 0.095034468 0.111457896 
4     0.091697293 0.089381846 0.087774403 0.087101418 0.087290286 0.086671544 0.086795435 0.053644688 0.062916298 0.062073754 0.062977228 0.066626013 0.065551857 0.065511844 0.027405143 0.000000000 0.017768874 0.046866335 0.065003593 0.064830651 0.065083816 0.067914830 0.068480680 0.066762350 0.073639158 0.078502843 0.078266974 0.077084095 0.074603599 0.085156546 0.087720304 0.087372133 0.083434602 0.077337069 0.077590730 0.082609255 0.082679226 0.084319831 0.083674530 0.077398322 0.077443362 0.078059857 0.092486255 0.075558612 0.075003309 0.076565083 0.076566237 0.076867507 0.080344664 0.094643519 0.109579306 
36     0.090212303 0.088012526 0.086716773 0.086216322 0.086291102 0.085293375 0.085582872 0.052117498 0.062557236 0.061759285 0.062700896 0.066037701 0.065009327 0.064946464 0.026455825 0.017768874 0.000000000 0.046778049 0.064218303 0.063841648 0.064128325 0.067030468 0.067351016 0.065608231 0.072451343 0.077600234 0.077364365 0.076263842 0.073445097 0.084573920 0.086804230 0.086497088 0.082931044 0.076343534 0.076297010 0.080227582 0.080304059 0.082244406 0.081554789 0.076778093 0.077165579 0.077456887 0.091767268 0.074606776 0.074000743 0.075475616 0.075478226 0.075644615 0.078829527 0.092908672 0.108223750 
31     0.092075917 0.090810289 0.089278566 0.088615772 0.088994433 0.087374899 0.087525781 0.054683645 0.065259443 0.064710790 0.064878906 0.067655629 0.066693985 0.066615588 0.048603228 0.046866335 0.046778049 0.000000000 0.065756593 0.065855277 0.065855964 0.068418443 0.069941851 0.068273433 0.075847165 0.079464059 0.079274504 0.078102448 0.076461889 0.089140520 0.090589936 0.090192311 0.085827736 0.079106573 0.078653381 0.083267523 0.083350167 0.085474174 0.085494503 0.078724856 0.078980796 0.079016630 0.093544801 0.076653902 0.075944669 0.077429638 0.077480176 0.077496801 0.082160134 0.096408906 0.112422234 
49     0.091612118 0.090191571 0.088835194 0.087212986 0.087595729 0.087475561 0.087265651 0.060677675 0.071039544 0.070734974 0.071285260 0.074349663 0.073257407 0.073532647 0.065690899 0.065003593 0.064218303 0.065756593 0.000000000 0.026274257 0.028468313 0.044541174 0.049955191 0.048719068 0.075340282 0.078075285 0.077875800 0.076527291 0.075514873 0.088619797 0.091242461 0.090845607 0.084728254 0.078622973 0.078505883 0.083574173 0.083555682 0.085001791 0.085109942 0.079039517 0.079439545 0.078610942 0.095262257 0.077877584 0.076000401 0.077442813 0.078013791 0.078126354 0.081620290 0.097451635 0.114703382 
19     0.091593801 0.089787423 0.088731890 0.087035744 0.087278965 0.087328724 0.087060671 0.060288019 0.071101936 0.070470562 0.071089387 0.074210892 0.073140744 0.073472937 0.065083962 0.064830651 0.063841648 0.065855277 0.026274257 0.000000000 0.028313327 0.043807565 0.048834864 0.047580993 0.074950172 0.078147661 0.077949784 0.076684956 0.075356868 0.088549445 0.091073173 0.090721670 0.084690015 0.078850093 0.078458805 0.083490513 0.083456594 0.084992135 0.085104497 0.078747921 0.079179380 0.078451181 0.095081013 0.078576820 0.076637550 0.078057589 0.078135644 0.078723339 0.081755144 0.097326604 0.114218426 
35     0.091772440 0.089748599 0.088674147 0.086773562 0.087005259 0.087239088 0.087119260 0.060562017 0.071351910 0.070748280 0.071105533 0.074286264 0.073345092 0.073597490 0.065476484 0.065083816 0.064128325 0.065855964 0.028468313 0.028313327 0.000000000 0.045913987 0.050738497 0.049761780 0.075199357 0.079091559 0.078898064 0.077605920 0.076721741 0.088635813 0.091101453 0.090688754 0.084247477 0.077618890 0.077967245 0.083394615 0.083493109 0.085021872 0.085145485 0.079934950 0.080312649 0.079489980 0.094751463 0.077916850 0.076137128 0.077798654 0.077919324 0.078041474 0.082128221 0.096987108 0.114781091 
28     0.096402832 0.095207550 0.094040857 0.092006928 0.092284480 0.092527565 0.092586607 0.063824356 0.074583525 0.073649133 0.074571671 0.077653974 0.076817725 0.077026672 0.068446120 0.067914830 0.067030468 0.068418443 0.044541174 0.043807565 0.045913987 0.000000000 0.053272481 0.053117274 0.078994353 0.081983476 0.081804068 0.080310502 0.078868251 0.093055244 0.095444583 0.095072221 0.088918827 0.082591491 0.082455014 0.087260331 0.087511602 0.088865196 0.088851584 0.082312363 0.082851446 0.082686524 0.098687032 0.081302753 0.079875825 0.081443371 0.081745675 0.082090486 0.085218328 0.100482744 0.116843437 
12     0.096118325 0.093549059 0.092334194 0.091381129 0.091501781 0.091716206 0.091487056 0.063670052 0.074514849 0.073776690 0.074479315 0.077886210 0.076896584 0.077200450 0.069400688 0.068480680 0.067351016 0.069941851 0.049955191 0.048834864 0.050738497 0.053272481 0.000000000 0.030475521 0.077955800 0.081087551 0.080891109 0.079878562 0.078812135 0.091522539 0.093730115 0.093386230 0.088741898 0.081907944 0.082173449 0.087193609 0.087099223 0.088575073 0.088081462 0.081428211 0.081674169 0.081408776 0.097872809 0.081193255 0.078916123 0.080470005 0.080645554 0.081123010 0.084062769 0.099657204 0.117214105 
41     0.094691518 0.092195669 0.090894132 0.089365628 0.089748388 0.089728926 0.089697076 0.062137966 0.072846813 0.072367231 0.072789527 0.076122235 0.075053850 0.075383360 0.067435594 0.066762350 0.065608231 0.068273433 0.048719068 0.047580993 0.049761780 0.053117274 0.030475521 0.000000000 0.077077652 0.079862550 0.079661568 0.078969071 0.078587895 0.089883614 0.092173889 0.091790526 0.087292526 0.080326586 0.080492007 0.085576775 0.085420063 0.087204888 0.086548677 0.080359217 0.080698917 0.080203188 0.096726393 0.079286127 0.076760188 0.078530516 0.078362906 0.079014660 0.082834703 0.099110152 0.115355700 
25     0.092611142 0.090376838 0.089325585 0.088931501 0.088897582 0.087694842 0.087673789 0.069522001 0.080964958 0.080373041 0.080482602 0.083331668 0.082138747 0.082155567 0.074560135 0.073639158 0.072451343 0.075847165 0.075340282 0.074950172 0.075199357 0.078994353 0.077955800 0.077077652 0.000000000 0.079365018 0.079216598 0.078385726 0.076685654 0.089075963 0.091344380 0.091222285 0.086424906 0.079001079 0.078922016 0.083857746 0.083791145 0.085293489 0.085145189 0.079945413 0.079806043 0.080728010 0.094914493 0.078459523 0.076140630 0.077437341 0.078478883 0.078976928 0.081758638 0.096117888 0.113845207 
18     0.094785048 0.093521666 0.092819435 0.089825849 0.089899202 0.090025573 0.089966764 0.073809064 0.084023046 0.083732363 0.083763321 0.085976393 0.085256715 0.085264156 0.079595446 0.078502843 0.077600234 0.079464059 0.078075285 0.078147661 0.079091559 0.081983476 0.081087551 0.079862550 0.079365018 0.000000000 0.009585243 0.027678965 0.069292971 0.088088419 0.090298859 0.090064750 0.085064622 0.077734629 0.078041186 0.082980872 0.082707570 0.083380986 0.083452892 0.077815511 0.078396567 0.079940940 0.095582017 0.078737627 0.076953665 0.076997562 0.077789362 0.078481649 0.081442854 0.097350956 0.115947959 
21     0.094611171 0.093374486 0.092677838 0.089618976 0.089694500 0.089862222 0.089803412 0.073564050 0.083800741 0.083523258 0.083520233 0.085800957 0.085028462 0.085035903 0.079360739 0.078266974 0.077364365 0.079274504 0.077875800 0.077949784 0.078898064 0.081804068 0.080891109 0.079661568 0.079216598 0.009585243 0.000000000 0.027088890 0.069113512 0.087830713 0.090118693 0.089817955 0.084755809 0.077503413 0.077817942 0.082777705 0.082506997 0.083180418 0.083263646 0.077547763 0.078123350 0.079649316 0.095359629 0.078464904 0.076744414 0.076798873 0.077606018 0.078265033 0.081282542 0.097153635 0.115737383 
37     0.093785038 0.092662484 0.091965774 0.089081330 0.089283263 0.088963064 0.088884658 0.071861217 0.082586876 0.082263177 0.082347082 0.084635539 0.083991626 0.083873760 0.078051586 0.077084095 0.076263842 0.078102448 0.076527291 0.076684956 0.077605920 0.080310502 0.079878562 0.078969071 0.078385726 0.027678965 0.027088890 0.000000000 0.067780766 0.086510512 0.089298832 0.089001343 0.083002632 0.075699515 0.076768212 0.081637789 0.081449764 0.082399892 0.082505147 0.076029899 0.076628502 0.078022493 0.094300978 0.076962518 0.075428019 0.075653098 0.076521751 0.077162650 0.079890124 0.095698365 0.115098683 
33     0.092549794 0.091078605 0.090080975 0.087456067 0.087690125 0.087075476 0.086997066 0.070918369 0.080592590 0.079749408 0.079933107 0.081731378 0.081863056 0.081865334 0.075846833 0.074603599 0.073445097 0.076461889 0.075514873 0.075356868 0.076721741 0.078868251 0.078812135 0.078587895 0.076685654 0.069292971 0.069113512 0.067780766 0.000000000 0.083487475 0.085732906 0.085555668 0.081024517 0.073231417 0.073602973 0.079830294 0.079923163 0.080860084 0.080834494 0.074258598 0.074703889 0.076342526 0.091426728 0.074735046 0.073853526 0.074449081 0.075169491 0.075917378 0.079176660 0.095574657 0.111186231 
40     0.103136516 0.101261949 0.100343562 0.099008686 0.099082575 0.098520898 0.098426260 0.081143277 0.092037173 0.091321927 0.091070579 0.093936755 0.093032179 0.092675149 0.087505277 0.085156546 0.084573920 0.089140520 0.088619797 0.088549445 0.088635813 0.093055244 0.091522539 0.089883614 0.089075963 0.088088419 0.087830713 0.086510512 0.083487475 0.000000000 0.046755586 0.045819185 0.091049667 0.085689456 0.086328956 0.092184607 0.091771494 0.093201611 0.092792212 0.085870115 0.085896756 0.087697066 0.102705852 0.086762652 0.086308193 0.086744789 0.086617536 0.087384150 0.091805532 0.108155585 0.122270073 
8     0.106539623 0.104772403 0.103444599 0.101895270 0.101977456 0.101767715 0.101642429 0.084051535 0.094532713 0.093479995 0.093605886 0.096247357 0.095465319 0.095156014 0.089796596 0.087720304 0.086804230 0.090589936 0.091242461 0.091073173 0.091101453 0.095444583 0.093730115 0.092173889 0.091344380 0.090298859 0.090118693 0.089298832 0.085732906 0.046755586 0.000000000 0.010980098 0.092078036 0.088012130 0.088436713 0.094121854 0.093614342 0.095087182 0.094467117 0.087461184 0.087547594 0.089083456 0.104293351 0.089100327 0.088063709 0.088975026 0.088094529 0.089078966 0.094066099 0.109698061 0.125247616 
30     0.106890161 0.104635212 0.103590559 0.102400324 0.102479484 0.101731969 0.101607566 0.083696059 0.094220513 0.093102092 0.093293686 0.096130109 0.095298271 0.094988966 0.089511199 0.087372133 0.086497088 0.090192311 0.090845607 0.090721670 0.090688754 0.095072221 0.093386230 0.091790526 0.091222285 0.090064750 0.089817955 0.089001343 0.085555668 0.045819185 0.010980098 0.000000000 0.092126786 0.087734781 0.088173424 0.093859620 0.093301265 0.094820939 0.094214223 0.087468796 0.087570239 0.089069677 0.104121449 0.088968622 0.087781202 0.088960386 0.088070591 0.089163394 0.093912460 0.109517173 0.125007319 
47     0.099794800 0.098084887 0.097423975 0.096078074 0.096084705 0.095766820 0.095461366 0.079016922 0.088231993 0.087394134 0.088349609 0.090073599 0.089882062 0.089448995 0.084699818 0.083434602 0.082931044 0.085827736 0.084728254 0.084690015 0.084247477 0.088918827 0.088741898 0.087292526 0.086424906 0.085064622 0.084755809 0.083002632 0.081024517 0.091049667 0.092078036 0.092126786 0.000000000 0.081211132 0.081956443 0.087531439 0.087924303 0.089975366 0.089712552 0.083375008 0.083678634 0.085289896 0.099997244 0.083600668 0.082319933 0.083879302 0.084236827 0.084806036 0.088269829 0.103947125 0.120381621 
38     0.093738340 0.092230563 0.090699812 0.090039969 0.090119518 0.087707890 0.087844346 0.071849809 0.082662008 0.081847411 0.082350890 0.084734524 0.083585321 0.083593605 0.077874231 0.077337069 0.076343534 0.079106573 0.078622973 0.078850093 0.077618890 0.082591491 0.081907944 0.080326586 0.079001079 0.077734629 0.077503413 0.075699515 0.073231417 0.085689456 0.088012130 0.087734781 0.081211132 0.000000000 0.040319170 0.074416728 0.073762560 0.076059757 0.075939968 0.076231726 0.076545395 0.077533472 0.092776257 0.076721919 0.075926656 0.077181373 0.077129847 0.077458710 0.082047565 0.096618313 0.113300090 
17     0.094624609 0.092853305 0.091395025 0.090714103 0.090827987 0.088943424 0.088864550 0.071781624 0.083120357 0.082468455 0.082859564 0.084315232 0.083886435 0.084079560 0.078723418 0.077590730 0.076297010 0.078653381 0.078505883 0.078458805 0.077967245 0.082455014 0.082173449 0.080492007 0.078922016 0.078041186 0.077817942 0.076768212 0.073602973 0.086328956 0.088436713 0.088173424 0.081956443 0.040319170 0.000000000 0.074553676 0.074727171 0.077108329 0.076755480 0.075709726 0.075866702 0.077417751 0.092990176 0.076193550 0.076077295 0.077155203 0.077405670 0.077698012 0.081445681 0.097844356 0.113243521 
11     0.099579404 0.097209412 0.096265702 0.094479608 0.094771277 0.094252214 0.094312968 0.077744557 0.088653136 0.088341814 0.087961740 0.090410082 0.089530573 0.089399777 0.082930796 0.082609255 0.080227582 0.083267523 0.083574173 0.083490513 0.083394615 0.087260331 0.087193609 0.085576775 0.083857746 0.082980872 0.082777705 0.081637789 0.079830294 0.092184607 0.094121854 0.093859620 0.087531439 0.074416728 0.074553676 0.000000000 0.021175812 0.036025344 0.035078001 0.081243391 0.081592648 0.083262068 0.098688858 0.083181803 0.081212601 0.082501363 0.082843538 0.083169582 0.086864269 0.104022272 0.119389416 
14     0.099838241 0.096826104 0.095762613 0.094070528 0.094291574 0.093832427 0.094026260 0.077743658 0.088923413 0.088233821 0.088172537 0.090556277 0.089656278 0.089581519 0.083198319 0.082679226 0.080304059 0.083350167 0.083555682 0.083456594 0.083493109 0.087511602 0.087099223 0.085420063 0.083791145 0.082707570 0.082506997 0.081449764 0.079923163 0.091771494 0.093614342 0.093301265 0.087924303 0.073762560 0.074727171 0.021175812 0.000000000 0.035866639 0.035053248 0.081106979 0.081531452 0.082717502 0.099048256 0.083145098 0.080755330 0.082459395 0.082781137 0.083288396 0.086718800 0.103098666 0.119467768 
13     0.101215210 0.098551449 0.097770006 0.095431047 0.095679732 0.095737430 0.095881356 0.079099010 0.090307611 0.089658704 0.089814435 0.091815008 0.091286490 0.091116331 0.084827407 0.084319831 0.082244406 0.085474174 0.085001791 0.084992135 0.085021872 0.088865196 0.088575073 0.087204888 0.085293489 0.083380986 0.083180418 0.082399892 0.080860084 0.093201611 0.095087182 0.094820939 0.089975366 0.076059757 0.077108329 0.036025344 0.035866639 0.000000000 0.015644363 0.082804312 0.083531311 0.084775511 0.099751893 0.084935143 0.082462671 0.084165343 0.083924893 0.084243036 0.088162131 0.104746213 0.120706741 
26     0.101130043 0.098503666 0.097565125 0.095629766 0.095956137 0.095969221 0.096119596 0.079115858 0.090278282 0.089639801 0.089876265 0.092109566 0.091553029 0.091537425 0.084863209 0.083674530 0.081554789 0.085494503 0.085109942 0.085104497 0.085145485 0.088851584 0.088081462 0.086548677 0.085145189 0.083452892 0.083263646 0.082505147 0.080834494 0.092792212 0.094467117 0.094214223 0.089712552 0.075939968 0.076755480 0.035078001 0.035053248 0.015644363 0.000000000 0.082798701 0.083544855 0.084693385 0.099567813 0.084229059 0.081428470 0.083135779 0.083155347 0.083429435 0.087438706 0.105079734 0.120769621 
3     0.094997082 0.092270034 0.091327867 0.089987576 0.090336675 0.089364017 0.089007380 0.073186971 0.081989433 0.081551130 0.082171740 0.084921928 0.083942861 0.083925599 0.078478022 0.077398322 0.076778093 0.078724856 0.079039517 0.078747921 0.079934950 0.082312363 0.081428211 0.080359217 0.079945413 0.077815511 0.077547763 0.076029899 0.074258598 0.085870115 0.087461184 0.087468796 0.083375008 0.076231726 0.075709726 0.081243391 0.081106979 0.082804312 0.082798701 0.000000000 0.012685158 0.036125038 0.087349259 0.077499063 0.075634407 0.077080438 0.077050990 0.078057960 0.081404441 0.096971509 0.114012360 
34     0.095086528 0.091378834 0.090431225 0.089570351 0.089939252 0.088616121 0.088260474 0.073661178 0.082382925 0.081917541 0.082500294 0.085176160 0.084266223 0.084211954 0.078650170 0.077443362 0.077165579 0.078980796 0.079439545 0.079179380 0.080312649 0.082851446 0.081674169 0.080698917 0.079806043 0.078396567 0.078123350 0.076628502 0.074703889 0.085896756 0.087547594 0.087570239 0.083678634 0.076545395 0.075866702 0.081592648 0.081531452 0.083531311 0.083544855 0.012685158 0.000000000 0.036252106 0.086995731 0.077853776 0.075733989 0.077072767 0.077363270 0.078373036 0.081386102 0.096446974 0.113835346 
15     0.096504743 0.092407604 0.091445483 0.090872703 0.091112737 0.090093354 0.090317973 0.073928245 0.082103770 0.081628598 0.082581995 0.085763588 0.084532268 0.084697837 0.079449078 0.078059857 0.077456887 0.079016630 0.078610942 0.078451181 0.079489980 0.082686524 0.081408776 0.080203188 0.080728010 0.079940940 0.079649316 0.078022493 0.076342526 0.087697066 0.089083456 0.089069677 0.085289896 0.077533472 0.077417751 0.083262068 0.082717502 0.084775511 0.084693385 0.036125038 0.036252106 0.000000000 0.088677104 0.079699805 0.078290888 0.078716165 0.078983044 0.079921849 0.083012958 0.099119114 0.115024686 
48     0.112033979 0.109255208 0.108618663 0.107531082 0.107524471 0.106504316 0.106331341 0.088484189 0.098268405 0.097605859 0.098417983 0.100035608 0.098661362 0.098977695 0.093306971 0.092486255 0.091767268 0.093544801 0.095262257 0.095081013 0.094751463 0.098687032 0.097872809 0.096726393 0.094914493 0.095582017 0.095359629 0.094300978 0.091426728 0.102705852 0.104293351 0.104121449 0.099997244 0.092776257 0.092990176 0.098688858 0.099048256 0.099751893 0.099567813 0.087349259 0.086995731 0.088677104 0.000000000 0.093793059 0.092831276 0.094249818 0.094362962 0.094713660 0.098101101 0.113073428 0.130395579 
6     0.093099313 0.091567063 0.090493574 0.089122835 0.089440446 0.087756796 0.087638272 0.071141480 0.082738258 0.082377881 0.082761580 0.083807712 0.083875716 0.083708243 0.077149546 0.075558612 0.074606776 0.076653902 0.077877584 0.078576820 0.077916850 0.081302753 0.081193255 0.079286127 0.078459523 0.078737627 0.078464904 0.076962518 0.074735046 0.086762652 0.089100327 0.088968622 0.083600668 0.076721919 0.076193550 0.083181803 0.083145098 0.084935143 0.084229059 0.077499063 0.077853776 0.079699805 0.093793059 0.000000000 0.044792018 0.046268013 0.045753061 0.046521429 0.067908098 0.094297260 0.114161713 
45     0.091280495 0.088698978 0.087861713 0.087032945 0.087336297 0.086116707 0.085956849 0.070350663 0.081938342 0.081363816 0.081474146 0.083611439 0.082914486 0.082888780 0.076397969 0.075003309 0.074000743 0.075944669 0.076000401 0.076637550 0.076137128 0.079875825 0.078916123 0.076760188 0.076140630 0.076953665 0.076744414 0.075428019 0.073853526 0.086308193 0.088063709 0.087781202 0.082319933 0.075926656 0.076077295 0.081212601 0.080755330 0.082462671 0.081428470 0.075634407 0.075733989 0.078290888 0.092831276 0.044792018 0.000000000 0.034687055 0.035062616 0.034934061 0.064637690 0.093411562 0.112645258 
44     0.092458716 0.089659771 0.088801196 0.087940048 0.087938394 0.087282561 0.087121349 0.072242695 0.083243892 0.082901028 0.082800096 0.084915790 0.084284358 0.084168526 0.077768625 0.076565083 0.075475616 0.077429638 0.077442813 0.078057589 0.077798654 0.081443371 0.080470005 0.078530516 0.077437341 0.076997562 0.076798873 0.075653098 0.074449081 0.086744789 0.088975026 0.088960386 0.083879302 0.077181373 0.077155203 0.082501363 0.082459395 0.084165343 0.083135779 0.077080438 0.077072767 0.078716165 0.094249818 0.046268013 0.034687055 0.000000000 0.023578875 0.023359601 0.067219991 0.094768908 0.114375402 
16     0.092961124 0.090115961 0.089383267 0.088212651 0.088220102 0.087141854 0.086927157 0.071729078 0.082843560 0.082387988 0.082435502 0.084656311 0.083897635 0.083857838 0.077800739 0.076566237 0.075478226 0.077480176 0.078013791 0.078135644 0.077919324 0.081745675 0.080645554 0.078362906 0.078478883 0.077789362 0.077606018 0.076521751 0.075169491 0.086617536 0.088094529 0.088070591 0.084236827 0.077129847 0.077405670 0.082843538 0.082781137 0.083924893 0.083155347 0.077050990 0.077363270 0.078983044 0.094362962 0.045753061 0.035062616 0.023578875 0.000000000 0.017262698 0.067196527 0.095228382 0.115249224 
1     0.093237703 0.090779511 0.090073111 0.088244038 0.088237462 0.087686832 0.087428738 0.072424437 0.083201319 0.082683881 0.082738063 0.084935461 0.084166975 0.084103936 0.077804554 0.076867507 0.075644615 0.077496801 0.078126354 0.078723339 0.078041474 0.082090486 0.081123010 0.079014660 0.078976928 0.078481649 0.078265033 0.077162650 0.075917378 0.087384150 0.089078966 0.089163394 0.084806036 0.077458710 0.077698012 0.083169582 0.083288396 0.084243036 0.083429435 0.078057960 0.078373036 0.079921849 0.094713660 0.046521429 0.034934061 0.023359601 0.017262698 0.000000000 0.067427607 0.095493850 0.115196683 
39     0.096906549 0.095192170 0.094394926 0.092355877 0.092437046 0.092112087 0.092021795 0.075816069 0.086191664 0.085475279 0.085148312 0.088371019 0.087460037 0.087323474 0.081724284 0.080344664 0.078829527 0.082160134 0.081620290 0.081755144 0.082128221 0.085218328 0.084062769 0.082834703 0.081758638 0.081442854 0.081282542 0.079890124 0.079176660 0.091805532 0.094066099 0.093912460 0.088269829 0.082047565 0.081445681 0.086864269 0.086718800 0.088162131 0.087438706 0.081404441 0.081386102 0.083012958 0.098101101 0.067908098 0.064637690 0.067219991 0.067196527 0.067427607 0.000000000 0.099673034 0.119156140 
50     0.108870066 0.106903756 0.105948499 0.105438054 0.105907530 0.105295012 0.105275564 0.090949861 0.100917384 0.099619995 0.100034926 0.102416837 0.101449437 0.101554122 0.095034468 0.094643519 0.092908672 0.096408906 0.097451635 0.097326604 0.096987108 0.100482744 0.099657204 0.099110152 0.096117888 0.097350956 0.097153635 0.095698365 0.095574657 0.108155585 0.109698061 0.109517173 0.103947125 0.096618313 0.097844356 0.104022272 0.103098666 0.104746213 0.105079734 0.096971509 0.096446974 0.099119114 0.113073428 0.094297260 0.093411562 0.094768908 0.095228382 0.095493850 0.099673034 0.000000000 0.127941470 
0     0.125610017 0.124309548 0.123538763 0.123387306 0.123740850 0.122342278 0.121928913 0.105668904 0.117545949 0.116702614 0.116844688 0.118293581 0.118208551 0.118200504 0.111457896 0.109579306 0.108223750 0.112422234 0.114703382 0.114218426 0.114781091 0.116843437 0.117214105 0.115355700 0.113845207 0.115947959 0.115737383 0.115098683 0.111186231 0.122270073 0.125247616 0.125007319 0.120381621 0.113300090 0.113243521 0.119389416 0.119467768 0.120706741 0.120769621 0.114012360 0.113835346 0.115024686 0.130395579 0.114161713 0.112645258 0.114375402 0.115249224 0.115196683 0.119156140 0.127941470 0.000000000 
