51
11     0.000000000 0.042004458 0.297164614 0.660928260 0.413687618 0.548325316 0.484086778 0.479427520 0.500047408 0.520929571 0.526661908 0.524110080 0.506809365 0.726527019 0.697669638 0.839144447 0.598758712 0.612263061 0.618192519 0.549171195 0.646433015 0.630064062 0.587815533 0.599206459 0.656059633 0.622834405 0.616063169 0.619699125 0.633757723 0.847401811 0.587130420 0.593137185 0.530994507 0.579782928 0.567658251 0.533356498 0.570391819 0.502473437 0.490383663 0.504898515 0.615968546 0.591417599 0.589151339 0.590933587 0.511863562 0.568292819 0.559733508 0.571799740 0.757779959 0.546633878 0.852606263 
6     0.042004458 0.000000000 0.293449139 0.659846657 0.412533947 0.546759493 0.482619704 0.478196620 0.496356869 0.517220473 0.522904607 0.520630079 0.505727430 0.724629046 0.696044743 0.838555403 0.597915276 0.611368372 0.617461403 0.549512215 0.646525900 0.630111260 0.587880113 0.599455657 0.655507613 0.621958774 0.617050225 0.620686180 0.632593505 0.843554419 0.585459035 0.591545673 0.530625563 0.578222179 0.565892763 0.531819738 0.566101460 0.499054309 0.488368812 0.502760514 0.614164766 0.590167422 0.587901161 0.589683410 0.510922260 0.568589626 0.560031670 0.571292065 0.757293374 0.545937967 0.853620125 
2     0.297164614 0.293449139 0.000000000 0.706787533 0.457027237 0.592455203 0.527369238 0.520795716 0.547117514 0.570245160 0.575708541 0.570473104 0.559552387 0.779706273 0.747213788 0.883012500 0.643070393 0.656855420 0.665036659 0.600790782 0.692400717 0.678451866 0.633395065 0.644689503 0.700018917 0.670722058 0.664096254 0.667732210 0.681942655 0.894939410 0.640862145 0.646619529 0.582766317 0.632024293 0.621393840 0.587273210 0.618345205 0.548477214 0.542865640 0.555209612 0.664464320 0.634724240 0.632343694 0.634125137 0.559587985 0.620687239 0.611403785 0.618845927 0.807345598 0.596621342 0.892782953 
8     0.660928260 0.659846657 0.706787533 0.000000000 0.446776683 0.587614651 0.518781004 0.513237544 0.632753780 0.657640235 0.662791943 0.660559525 0.651143884 0.863110919 0.825743069 0.969547783 0.732328172 0.736451930 0.753028427 0.685613414 0.775013795 0.761961688 0.715976017 0.730538935 0.785226542 0.741902436 0.737154494 0.740686633 0.756560194 0.972918157 0.721098785 0.726937725 0.666075659 0.712226685 0.701806051 0.664356015 0.702500830 0.634368579 0.624329127 0.639260692 0.744923327 0.720587016 0.717695798 0.719982996 0.634836783 0.702746367 0.694789646 0.704952003 0.893216553 0.684517931 0.989869909 
5     0.413687618 0.412533947 0.457027237 0.446776683 0.000000000 0.327619520 0.266062263 0.254620073 0.399147245 0.421077103 0.425908877 0.422055090 0.410924421 0.628045403 0.583705190 0.729396493 0.489226614 0.501293698 0.509282213 0.440418260 0.530977398 0.521595233 0.475825034 0.489651184 0.542869459 0.513255920 0.505750057 0.509365971 0.521610684 0.740925618 0.480740714 0.487837142 0.423851406 0.469948918 0.461465280 0.426608729 0.464609500 0.390487770 0.384127432 0.395030745 0.512756764 0.489490902 0.486621142 0.488893648 0.403394241 0.460838871 0.452507090 0.463970034 0.648743740 0.448019684 0.748349851 
17     0.548325316 0.546759493 0.592455203 0.587614651 0.327619520 0.000000000 0.232170534 0.233451907 0.533918852 0.554809871 0.559688058 0.556795122 0.537087929 0.763263286 0.716776224 0.866037131 0.628309134 0.639252379 0.649160270 0.578579720 0.669129370 0.659409979 0.611995128 0.625529148 0.679259829 0.644432473 0.639158901 0.642786231 0.658093197 0.869901680 0.618696115 0.624890908 0.563056261 0.609187197 0.598844056 0.564061025 0.596860830 0.526213713 0.522415758 0.532479610 0.650783478 0.622904495 0.620034736 0.622321934 0.538923719 0.598140398 0.589473164 0.601629755 0.785627548 0.577907768 0.895906784 
4     0.484086778 0.482619704 0.527369238 0.518781004 0.266062263 0.232170534 0.000000000 0.173763564 0.462673170 0.483622373 0.487875571 0.484563503 0.470784388 0.691248008 0.649854426 0.793585998 0.555163894 0.565655633 0.576228703 0.506845351 0.602226867 0.589779007 0.540802077 0.554906519 0.607245966 0.581562949 0.576365117 0.579976126 0.594074274 0.809527131 0.554188554 0.560558057 0.496031659 0.544223935 0.534449065 0.499516282 0.532218974 0.460577759 0.456787575 0.467842131 0.584525723 0.557537579 0.554667819 0.556955017 0.472215684 0.535269193 0.526954053 0.534315064 0.719046143 0.512394607 0.825666526 
20     0.479427520 0.478196620 0.520795716 0.513237544 0.254620073 0.233451907 0.173763564 0.000000000 0.460521325 0.484203232 0.489214630 0.484448438 0.471789298 0.690128294 0.655128685 0.794028868 0.556343538 0.567667957 0.578172422 0.507856952 0.599626805 0.589820984 0.542310481 0.555690691 0.609123844 0.579449550 0.574310671 0.577921680 0.593627552 0.807934395 0.555656564 0.562036854 0.499387754 0.545788768 0.536094320 0.500230148 0.533940809 0.460111584 0.457138003 0.469563404 0.584169667 0.557163686 0.554307901 0.556581125 0.473037543 0.531774488 0.523387471 0.533302847 0.720109351 0.510914916 0.827266367 
16     0.500047408 0.496356869 0.547117514 0.632753780 0.399147245 0.533918852 0.462673170 0.460521325 0.000000000 0.261284710 0.265525762 0.256965935 0.357271869 0.577966066 0.615381565 0.752671381 0.518051914 0.532883490 0.544358911 0.473930942 0.566561266 0.552517553 0.505466818 0.517807152 0.578514010 0.553662030 0.548703943 0.552305324 0.567481764 0.785490218 0.533976589 0.539859326 0.475323027 0.525146688 0.516976544 0.478611464 0.514908479 0.437004630 0.430593531 0.443048226 0.552092371 0.525264607 0.522870260 0.524884518 0.449518394 0.506184425 0.498494455 0.505730215 0.695290053 0.488194394 0.800720703 
14     0.520929571 0.517220473 0.570245160 0.657640235 0.421077103 0.554809871 0.483622373 0.484203232 0.261284710 0.000000000 0.086128852 0.201646697 0.380237656 0.602719093 0.640813863 0.775552281 0.540433029 0.554658964 0.566332161 0.498619837 0.586322269 0.572231494 0.529851714 0.542264111 0.602227333 0.575482812 0.570436073 0.574083379 0.586009466 0.808623559 0.555238072 0.559928430 0.497268036 0.547810154 0.538688883 0.499718999 0.534477038 0.462227231 0.453272861 0.464358492 0.575232762 0.546608313 0.544029931 0.546044189 0.471696926 0.527669421 0.520021521 0.526647718 0.715920944 0.509830776 0.818015549 
22     0.526661908 0.522904607 0.575708541 0.662791943 0.425908877 0.559688058 0.487875571 0.489214630 0.265525762 0.086128852 0.000000000 0.205651571 0.384522850 0.606935255 0.644304356 0.778072104 0.543905194 0.557959827 0.569665275 0.503927299 0.593000062 0.577796855 0.534071948 0.546395192 0.606097931 0.580102315 0.575048043 0.578691159 0.590529952 0.815980080 0.560637107 0.565266989 0.501447932 0.553077358 0.543891075 0.504933872 0.539015575 0.467879803 0.458099793 0.469165779 0.581123047 0.552389235 0.549810852 0.551858692 0.477389567 0.532897930 0.525272483 0.532349109 0.721489366 0.514734897 0.820723714 
7     0.524110080 0.520630079 0.570473104 0.660559525 0.422055090 0.556795122 0.484563503 0.484448438 0.256965935 0.201646697 0.205651571 0.000000000 0.377173593 0.601967134 0.638719327 0.778417139 0.541853482 0.558307511 0.568449273 0.500059282 0.589351733 0.575153748 0.529280702 0.541998156 0.599817712 0.578700649 0.573321686 0.576938519 0.589827449 0.814969481 0.558292726 0.562943014 0.499818723 0.549471050 0.541645015 0.502899795 0.538741585 0.464015218 0.458702649 0.470915160 0.579580118 0.550863337 0.548298298 0.550346138 0.474880862 0.531692737 0.524576111 0.532059014 0.721398547 0.513740648 0.821424966 
24     0.506809365 0.505727430 0.559552387 0.651143884 0.410924421 0.537087929 0.470784388 0.471789298 0.357271869 0.380237656 0.384522850 0.377173593 0.000000000 0.428069414 0.625228102 0.764874265 0.529665559 0.543650721 0.551177783 0.486125359 0.579993246 0.564944618 0.514317096 0.527312098 0.587067526 0.563391455 0.556970047 0.560571428 0.575105430 0.791739614 0.533099592 0.539619202 0.475297029 0.525450957 0.518123540 0.480187932 0.514640847 0.440032672 0.438740950 0.448974899 0.562446361 0.533930572 0.531964392 0.533366553 0.454070356 0.510503617 0.503429592 0.514403039 0.700205510 0.495400330 0.817142913 
12     0.726527019 0.724629046 0.779706273 0.863110919 0.628045403 0.763263286 0.691248008 0.690128294 0.577966066 0.602719093 0.606935255 0.601967134 0.428069414 0.000000000 0.845405251 0.981669810 0.744430087 0.759741058 0.768186613 0.697369310 0.793877000 0.779384658 0.731309905 0.744697711 0.803025261 0.784795675 0.778378972 0.781980353 0.799087726 1.011415430 0.758438248 0.763762877 0.699579108 0.748727808 0.741195853 0.704734571 0.730948854 0.656918736 0.662581180 0.674113746 0.787646746 0.759071577 0.757270086 0.758553727 0.677073856 0.727776752 0.719886644 0.729920329 0.917857471 0.715675512 1.020633008 
19     0.697669638 0.696044743 0.747213788 0.825743069 0.583705190 0.716776224 0.649854426 0.655128685 0.615381565 0.640813863 0.644304356 0.638719327 0.625228102 0.845405251 0.000000000 0.904823645 0.670497073 0.679984590 0.694233519 0.615157867 0.711095733 0.697480023 0.646941114 0.661463368 0.719187692 0.746330187 0.741772211 0.745177411 0.757056573 0.969924315 0.714633186 0.718292472 0.655429088 0.708444890 0.698243508 0.656367554 0.699080225 0.623924140 0.612169442 0.626448965 0.744282808 0.717357332 0.713075523 0.716584283 0.641558456 0.688683787 0.683251051 0.692800711 0.885039877 0.672638879 0.996151744 
3     0.839144447 0.838555403 0.883012500 0.969547783 0.729396493 0.866037131 0.793585998 0.794028868 0.752671381 0.775552281 0.778072104 0.778417139 0.764874265 0.981669810 0.904823645 0.000000000 0.546307135 0.557250820 0.561762097 0.674405870 0.776246698 0.764723598 0.710664193 0.725231189 0.778231844 0.891025333 0.884347949 0.887944676 0.905602138 1.110319540 0.860353586 0.867381091 0.796891514 0.852504821 0.843590566 0.803073341 0.840345670 0.766116681 0.757906550 0.769741747 0.894668228 0.864379358 0.861873216 0.863813052 0.781493273 0.839364148 0.829409420 0.839139395 1.025734160 0.823569285 1.134214869 
1     0.598758712 0.597915276 0.643070393 0.732328172 0.489226614 0.628309134 0.555163894 0.556343538 0.518051914 0.540433029 0.543905194 0.541853482 0.529665559 0.744430087 0.670497073 0.546307135 0.000000000 0.145019496 0.216324894 0.439712239 0.540134260 0.530088648 0.477963220 0.492391712 0.543113620 0.657184100 0.650511609 0.654108335 0.667754964 0.879658911 0.628862518 0.634781928 0.567319554 0.620407705 0.611017882 0.567165745 0.603202106 0.534623199 0.525142861 0.537064921 0.654210520 0.627422636 0.623779089 0.627074470 0.544746895 0.602588177 0.592462126 0.603253463 0.792018228 0.587375319 0.906411109 
25     0.612263061 0.611368372 0.656855420 0.736451930 0.501293698 0.639252379 0.565655633 0.567667957 0.532883490 0.554658964 0.557959827 0.558307511 0.543650721 0.759741058 0.679984590 0.557250820 0.145019496 0.000000000 0.224241920 0.452991978 0.553543787 0.542897920 0.489777180 0.504980832 0.553489351 0.666568808 0.660044633 0.663641359 0.677085371 0.891017024 0.640341172 0.646281841 0.579173473 0.631610688 0.622150600 0.578282474 0.616296740 0.546405001 0.538475629 0.550429356 0.667035082 0.641035449 0.637392048 0.640687283 0.557883424 0.615585549 0.605485196 0.615099837 0.807015468 0.598492572 0.909480208 
15     0.618192519 0.617461403 0.665036659 0.753028427 0.509282213 0.649160270 0.576228703 0.578172422 0.544358911 0.566332161 0.569665275 0.568449273 0.551177783 0.768186613 0.694233519 0.561762097 0.216324894 0.224241920 0.000000000 0.464899587 0.565806116 0.555611963 0.502947994 0.517995416 0.566290785 0.675874430 0.669733231 0.672807464 0.686207590 0.901290192 0.645890946 0.652514727 0.582474129 0.639340617 0.629867609 0.589775553 0.625532515 0.554548617 0.546542472 0.558383361 0.679882152 0.650027598 0.645891752 0.649767278 0.569639810 0.626778588 0.617125507 0.625671445 0.814609968 0.610565987 0.924174339 
18     0.549171195 0.549512215 0.600790782 0.685613414 0.440418260 0.578579720 0.506845351 0.507856952 0.473930942 0.498619837 0.503927299 0.500059282 0.486125359 0.697369310 0.615157867 0.674405870 0.439712239 0.452991978 0.464899587 0.000000000 0.282896313 0.273996196 0.290637386 0.306273263 0.352773665 0.610011728 0.603167493 0.606741068 0.621013047 0.829242439 0.578881660 0.585127790 0.518026862 0.568409956 0.560131823 0.521300215 0.559160969 0.484127415 0.480627463 0.493131649 0.600909921 0.575599373 0.572308115 0.574988158 0.494233215 0.553676348 0.546977650 0.553472191 0.743088222 0.537125992 0.845944075 
21     0.646433015 0.646525900 0.692400717 0.775013795 0.530977398 0.669129370 0.602226867 0.599626805 0.566561266 0.586322269 0.593000062 0.589351733 0.579993246 0.793877000 0.711095733 0.776246698 0.540134260 0.553543787 0.565806116 0.282896313 0.000000000 0.123920515 0.388584986 0.403401427 0.449616948 0.705165783 0.698360586 0.701934152 0.718747289 0.927459956 0.673309555 0.680115116 0.616850947 0.664233599 0.655636903 0.617313164 0.652380433 0.577794575 0.575113792 0.588514642 0.697140511 0.671393113 0.668128012 0.670820991 0.592066180 0.645507693 0.638770752 0.646929634 0.837695680 0.633630442 0.940993293 
10     0.630064062 0.630111260 0.678451866 0.761961688 0.521595233 0.659409979 0.589779007 0.589820984 0.552517553 0.572231494 0.577796855 0.575153748 0.564944618 0.779384658 0.697480023 0.764723598 0.530088648 0.542897920 0.555611963 0.273996196 0.123920515 0.000000000 0.380621536 0.394438708 0.441917638 0.689842329 0.682558458 0.686132025 0.702382743 0.910965636 0.658054260 0.664810623 0.599771442 0.650645102 0.639842798 0.601306208 0.637988999 0.564194484 0.560513521 0.573815381 0.681724780 0.659138542 0.656561280 0.658566419 0.577994022 0.629760569 0.623206540 0.632396906 0.821631264 0.616604424 0.928814822 
23     0.587815533 0.587880113 0.633395065 0.715976017 0.475825034 0.611995128 0.540802077 0.542310481 0.505466818 0.529851714 0.534071948 0.529280702 0.514317096 0.731309905 0.646941114 0.710664193 0.477963220 0.489777180 0.502947994 0.290637386 0.388584986 0.380621536 0.000000000 0.108807266 0.281257662 0.633905808 0.626529590 0.629757549 0.644956799 0.860959333 0.604604363 0.611338472 0.543297306 0.595161972 0.586853416 0.548102967 0.586545577 0.514026840 0.504613692 0.520080194 0.632018765 0.608040500 0.604886507 0.607604557 0.524500483 0.578228409 0.569811283 0.580615113 0.770742299 0.565141224 0.879942210 
13     0.599206459 0.599455657 0.644689503 0.730538935 0.489651184 0.625529148 0.554906519 0.555690691 0.517807152 0.542264111 0.546395192 0.541998156 0.527312098 0.744697711 0.661463368 0.725231189 0.492391712 0.504980832 0.517995416 0.306273263 0.403401427 0.394438708 0.108807266 0.000000000 0.298134880 0.647832494 0.640466698 0.643683819 0.658954238 0.874769105 0.618556394 0.625266247 0.557246964 0.609048116 0.600719881 0.561995021 0.601001565 0.528211394 0.519258349 0.533742589 0.646106848 0.622073385 0.618919392 0.621637443 0.538772950 0.593652485 0.585345641 0.595298836 0.787181427 0.577946768 0.892336383 
9     0.656059633 0.655507613 0.700018917 0.785226542 0.542869459 0.679259829 0.607245966 0.609123844 0.578514010 0.602227333 0.606097931 0.599817712 0.587067526 0.803025261 0.719187692 0.778231844 0.543113620 0.553489351 0.566290785 0.352773665 0.449616948 0.441917638 0.281257662 0.298134880 0.000000000 0.712105554 0.704625210 0.708165967 0.723552482 0.934167173 0.675941463 0.683115475 0.616630271 0.666876821 0.658918830 0.619344556 0.661621477 0.587918422 0.582315841 0.595367700 0.704736484 0.678070089 0.674912913 0.677502781 0.597167190 0.657241137 0.646380475 0.655726365 0.850351220 0.638661504 0.955025679 
48     0.622834405 0.621958774 0.670722058 0.741902436 0.513255920 0.644432473 0.581562949 0.579449550 0.553662030 0.575482812 0.580102315 0.578700649 0.563391455 0.784795675 0.746330187 0.891025333 0.657184100 0.666568808 0.675874430 0.610011728 0.705165783 0.689842329 0.633905808 0.647832494 0.712105554 0.000000000 0.063080490 0.065209886 0.202960240 0.835873272 0.574571580 0.579966784 0.516479103 0.565057740 0.556766160 0.520195452 0.559650647 0.481943847 0.480617818 0.494599018 0.610278454 0.587528889 0.585762529 0.587050422 0.501609638 0.560726135 0.551762908 0.558770800 0.742711237 0.539918441 0.887503229 
45     0.616063169 0.617050225 0.664096254 0.737154494 0.505750057 0.639158901 0.576365117 0.574310671 0.548703943 0.570436073 0.575048043 0.573321686 0.556970047 0.778378972 0.741772211 0.884347949 0.650511609 0.660044633 0.669733231 0.603167493 0.698360586 0.682558458 0.626529590 0.640466698 0.704625210 0.063080490 0.000000000 0.039932192 0.201151727 0.830381861 0.569463048 0.574706180 0.511471193 0.560209791 0.551904747 0.515286712 0.554594590 0.477016612 0.475388365 0.489342135 0.605326153 0.582342015 0.580575655 0.581863547 0.497630644 0.555491816 0.546528162 0.553497329 0.737099748 0.534615592 0.882936352 
44     0.619699125 0.620686180 0.667732210 0.740686633 0.509365971 0.642786231 0.579976126 0.577921680 0.552305324 0.574083379 0.578691159 0.576938519 0.560571428 0.781980353 0.745177411 0.887944676 0.654108335 0.663641359 0.672807464 0.606741068 0.701934152 0.686132025 0.629757549 0.643683819 0.708165967 0.065209886 0.039932192 0.000000000 0.205221141 0.834242918 0.572959361 0.578202493 0.514967506 0.563706104 0.555461740 0.518783025 0.557945238 0.480384592 0.479380156 0.493333926 0.609256705 0.586272675 0.584506315 0.585794208 0.500994687 0.559060554 0.550434745 0.557550923 0.741323371 0.538037033 0.886513223 
41     0.633757723 0.632593505 0.681942655 0.756560194 0.521610684 0.658093197 0.594074274 0.593627552 0.567481764 0.586009466 0.590529952 0.589827449 0.575105430 0.799087726 0.757056573 0.905602138 0.667754964 0.677085371 0.686207590 0.621013047 0.718747289 0.702382743 0.644956799 0.658954238 0.723552482 0.202960240 0.201151727 0.205221141 0.000000000 0.849946275 0.591003545 0.596772482 0.532111930 0.580556664 0.571867146 0.535278510 0.582369676 0.502386794 0.495149235 0.509820832 0.625751690 0.597357284 0.595598613 0.596886506 0.515023068 0.572819484 0.564621095 0.574082903 0.757048560 0.553350046 0.899095068 
39     0.847401811 0.843554419 0.894939410 0.972918157 0.740925618 0.869901680 0.809527131 0.807934395 0.785490218 0.808623559 0.815980080 0.814969481 0.791739614 1.011415430 0.969924315 1.110319540 0.879658911 0.891017024 0.901290192 0.829242439 0.927459956 0.910965636 0.860959333 0.874769105 0.934167173 0.835873272 0.830381861 0.834242918 0.849946275 0.000000000 0.752287513 0.757451022 0.694878666 0.735349103 0.732033502 0.697657544 0.731371132 0.661299522 0.668103627 0.682952962 0.794167034 0.769826223 0.768198240 0.769384620 0.685235978 0.751161449 0.742412099 0.752343913 0.938384414 0.730912116 1.127259501 
27     0.587130420 0.585459035 0.640862145 0.721098785 0.480740714 0.618696115 0.554188554 0.555656564 0.533976589 0.555238072 0.560637107 0.558292726 0.533099592 0.758438248 0.714633186 0.860353586 0.628862518 0.640341172 0.645890946 0.578881660 0.673309555 0.658054260 0.604604363 0.618556394 0.675941463 0.574571580 0.569463048 0.572959361 0.591003545 0.752287513 0.000000000 0.137379355 0.218132347 0.286832776 0.278128381 0.244789119 0.461267793 0.380797799 0.402390594 0.416620965 0.530582486 0.505367304 0.504324173 0.505138778 0.422382117 0.484114671 0.475259867 0.487196912 0.670054042 0.468492137 0.871801900 
30     0.593137185 0.591545673 0.646619529 0.726937725 0.487837142 0.624890908 0.560558057 0.562036854 0.539859326 0.559928430 0.565266989 0.562943014 0.539619202 0.763762877 0.718292472 0.867381091 0.634781928 0.646281841 0.652514727 0.585127790 0.680115116 0.664810623 0.611338472 0.625266247 0.683115475 0.579966784 0.574706180 0.578202493 0.596772482 0.757451022 0.137379355 0.000000000 0.223947661 0.289775206 0.281740342 0.247482433 0.466052394 0.385887566 0.408204654 0.422625059 0.536180038 0.510942895 0.509912479 0.510727084 0.428054933 0.490207161 0.481277229 0.492685064 0.675549174 0.475329927 0.877590469 
47     0.530994507 0.530625563 0.582766317 0.666075659 0.423851406 0.563056261 0.496031659 0.499387754 0.475323027 0.497268036 0.501447932 0.499818723 0.475297029 0.699579108 0.655429088 0.796891514 0.567319554 0.579173473 0.582474129 0.518026862 0.616850947 0.599771442 0.543297306 0.557246964 0.616630271 0.516479103 0.511471193 0.514967506 0.532111930 0.694878666 0.218132347 0.223947661 0.000000000 0.234013549 0.225091895 0.188990171 0.403720578 0.323530472 0.344040139 0.357458392 0.469686688 0.444924885 0.443326833 0.444685466 0.363364832 0.425036102 0.417200645 0.427095173 0.608621494 0.408786212 0.814119731 
33     0.579782928 0.578222179 0.632024293 0.712226685 0.469948918 0.609187197 0.544223935 0.545788768 0.525146688 0.547810154 0.553077358 0.549471050 0.525450957 0.748727808 0.708444890 0.852504821 0.620407705 0.631610688 0.639340617 0.568409956 0.664233599 0.650645102 0.595161972 0.609048116 0.666876821 0.565057740 0.560209791 0.563706104 0.580556664 0.735349103 0.286832776 0.289775206 0.234013549 0.000000000 0.144306354 0.177277150 0.454804510 0.374250321 0.398916171 0.412679191 0.526551779 0.500842955 0.499717059 0.500589838 0.413164184 0.479752858 0.470370767 0.482607035 0.664157588 0.462115612 0.867469409 
40     0.567658251 0.565892763 0.621393840 0.701806051 0.461465280 0.598844056 0.534449065 0.536094320 0.516976544 0.538688883 0.543891075 0.541645015 0.518123540 0.741195853 0.698243508 0.843590566 0.611017882 0.622150600 0.629867609 0.560131823 0.655636903 0.639842798 0.586853416 0.600719881 0.658918830 0.556766160 0.551904747 0.555461740 0.571867146 0.732033502 0.278128381 0.281740342 0.225091895 0.144306354 0.000000000 0.167913612 0.447064740 0.366621602 0.389237539 0.403855204 0.516955864 0.492830771 0.491898886 0.492771665 0.405612410 0.470223788 0.461325017 0.473740870 0.656162619 0.453406299 0.857818826 
31     0.533356498 0.531819738 0.587273210 0.664356015 0.426608729 0.564061025 0.499516282 0.500230148 0.478611464 0.499718999 0.504933872 0.502899795 0.480187932 0.704734571 0.656367554 0.803073341 0.567165745 0.578282474 0.589775553 0.521300215 0.617313164 0.601306208 0.548102967 0.561995021 0.619344556 0.520195452 0.515286712 0.518783025 0.535278510 0.697657544 0.244789119 0.247482433 0.188990171 0.177277150 0.167913612 0.000000000 0.409919430 0.333530554 0.351325031 0.366294411 0.479579284 0.458179078 0.457321877 0.458136482 0.372368503 0.438261474 0.429403775 0.438779036 0.623652220 0.419160127 0.822296267 
34     0.570391819 0.566101460 0.618345205 0.702500830 0.464609500 0.596860830 0.532218974 0.533940809 0.514908479 0.534477038 0.539015575 0.538741585 0.514640847 0.730948854 0.699080225 0.840345670 0.603202106 0.616296740 0.625532515 0.559160969 0.652380433 0.637988999 0.586545577 0.601001565 0.661621477 0.559650647 0.554594590 0.557945238 0.582369676 0.731371132 0.461267793 0.466052394 0.403720578 0.454804510 0.447064740 0.409919430 0.000000000 0.253206963 0.391404670 0.404654992 0.526062774 0.499740629 0.498032676 0.499115056 0.415710731 0.478455466 0.470658003 0.481099365 0.668542841 0.461164610 0.849349372 
35     0.502473437 0.499054309 0.548477214 0.634368579 0.390487770 0.526213713 0.460577759 0.460111584 0.437004630 0.462227231 0.467879803 0.464015218 0.440032672 0.656918736 0.623924140 0.766116681 0.534623199 0.546405001 0.554548617 0.484127415 0.577794575 0.564194484 0.514026840 0.528211394 0.587918422 0.481943847 0.477016612 0.480384592 0.502386794 0.661299522 0.380797799 0.385887566 0.323530472 0.374250321 0.366621602 0.333530554 0.253206963 0.000000000 0.311833803 0.325579574 0.444591318 0.419038826 0.417336043 0.418410180 0.333990437 0.395492114 0.386833633 0.399242430 0.582887149 0.381651185 0.784055205 
46     0.490383663 0.488368812 0.542865640 0.624329127 0.384127432 0.522415758 0.456787575 0.457138003 0.430593531 0.453272861 0.458099793 0.458702649 0.438740950 0.662581180 0.612169442 0.757906550 0.525142861 0.538475629 0.546542472 0.480627463 0.575113792 0.560513521 0.504613692 0.519258349 0.582315841 0.480617818 0.475388365 0.479380156 0.495149235 0.668103627 0.402390594 0.408204654 0.344040139 0.398916171 0.389237539 0.351325031 0.391404670 0.311833803 0.000000000 0.080713619 0.412013223 0.385653000 0.383828029 0.384938356 0.301415139 0.390939310 0.381398954 0.388834089 0.574843850 0.372383969 0.762020571 
29     0.504898515 0.502760514 0.555209612 0.639260692 0.395030745 0.532479610 0.467842131 0.469563404 0.443048226 0.464358492 0.469165779 0.470915160 0.448974899 0.674113746 0.626448965 0.769741747 0.537064921 0.550429356 0.558383361 0.493131649 0.588514642 0.573815381 0.520080194 0.533742589 0.595367700 0.494599018 0.489342135 0.493333926 0.509820832 0.682952962 0.416620965 0.422625059 0.357458392 0.412679191 0.403855204 0.366294411 0.404654992 0.325579574 0.080713619 0.000000000 0.426741343 0.400187634 0.398360889 0.399376280 0.317275665 0.404956300 0.395313304 0.403336732 0.586684073 0.387694359 0.774324537 
38     0.615968546 0.614164766 0.664464320 0.744923327 0.512756764 0.650783478 0.584525723 0.584169667 0.552092371 0.575232762 0.581123047 0.579580118 0.562446361 0.787646746 0.744282808 0.894668228 0.654210520 0.667035082 0.679882152 0.600909921 0.697140511 0.681724780 0.632018765 0.646106848 0.704736484 0.610278454 0.605326153 0.609256705 0.625751690 0.794167034 0.530582486 0.536180038 0.469686688 0.526551779 0.516955864 0.479579284 0.526062774 0.444591318 0.412013223 0.426741343 0.000000000 0.211063393 0.208265046 0.209468604 0.264526528 0.519007380 0.509058024 0.519887585 0.705555626 0.502609193 0.889271446 
37     0.591417599 0.590167422 0.634724240 0.720587016 0.489490902 0.622904495 0.557537579 0.557163686 0.525264607 0.546608313 0.552389235 0.550863337 0.533930572 0.759071577 0.717357332 0.864379358 0.627422636 0.641035449 0.650027598 0.575599373 0.671393113 0.659138542 0.608040500 0.622073385 0.678070089 0.587528889 0.582342015 0.586272675 0.597357284 0.769826223 0.505367304 0.510942895 0.444924885 0.500842955 0.492830771 0.458179078 0.499740629 0.419038826 0.385653000 0.400187634 0.211063393 0.000000000 0.046126276 0.045572959 0.240280212 0.491963919 0.482018647 0.494196045 0.680144708 0.473942207 0.866015438 
36     0.589151339 0.587901161 0.632343694 0.717695798 0.486621142 0.620034736 0.554667819 0.554307901 0.522870260 0.544029931 0.549810852 0.548298298 0.531964392 0.757270086 0.713075523 0.861873216 0.623779089 0.637392048 0.645891752 0.572308115 0.668128012 0.656561280 0.604886507 0.618919392 0.674912913 0.585762529 0.580575655 0.584506315 0.595598613 0.768198240 0.504324173 0.509912479 0.443326833 0.499717059 0.491898886 0.457321877 0.498032676 0.417336043 0.383828029 0.398360889 0.208265046 0.046126276 0.000000000 0.041406768 0.238598443 0.489573824 0.479613299 0.491651919 0.677600582 0.472533830 0.863709043 
28     0.590933587 0.589683410 0.634125137 0.719982996 0.488893648 0.622321934 0.556955017 0.556581125 0.524884518 0.546044189 0.551858692 0.550346138 0.533366553 0.758553727 0.716584283 0.863813052 0.627074470 0.640687283 0.649767278 0.574988158 0.670820991 0.658566419 0.607604557 0.621637443 0.677502781 0.587050422 0.581863547 0.585794208 0.596886506 0.769384620 0.505138778 0.510727084 0.444685466 0.500589838 0.492771665 0.458136482 0.499115056 0.418410180 0.384938356 0.399376280 0.209468604 0.045572959 0.041406768 0.000000000 0.239114392 0.491399794 0.481439269 0.493477889 0.679624834 0.473657484 0.865423364 
42     0.511863562 0.510922260 0.559587985 0.634836783 0.403394241 0.538923719 0.472215684 0.473037543 0.449518394 0.471696926 0.477389567 0.474880862 0.454070356 0.677073856 0.641558456 0.781493273 0.544746895 0.557883424 0.569639810 0.494233215 0.592066180 0.577994022 0.524500483 0.538772950 0.597167190 0.501609638 0.497630644 0.500994687 0.515023068 0.685235978 0.422382117 0.428054933 0.363364832 0.413164184 0.405612410 0.372368503 0.415710731 0.333990437 0.301415139 0.317275665 0.264526528 0.240280212 0.238598443 0.239114392 0.000000000 0.404719766 0.395273522 0.406441444 0.589676454 0.390328423 0.786562069 
26     0.568292819 0.568589626 0.620687239 0.702746367 0.460838871 0.598140398 0.535269193 0.531774488 0.506184425 0.527669421 0.532897930 0.531692737 0.510503617 0.727776752 0.688683787 0.839364148 0.602588177 0.615585549 0.626778588 0.553676348 0.645507693 0.629760569 0.578228409 0.593652485 0.657241137 0.560726135 0.555491816 0.559060554 0.572819484 0.751161449 0.484114671 0.490207161 0.425036102 0.479752858 0.470223788 0.438261474 0.478455466 0.395492114 0.390939310 0.404956300 0.519007380 0.491963919 0.489573824 0.491399794 0.404719766 0.000000000 0.069936939 0.307494091 0.495463054 0.419064895 0.848968274 
32     0.559733508 0.560031670 0.611403785 0.694789646 0.452507090 0.589473164 0.526954053 0.523387471 0.498494455 0.520021521 0.525272483 0.524576111 0.503429592 0.719886644 0.683251051 0.829409420 0.592462126 0.605485196 0.617125507 0.546977650 0.638770752 0.623206540 0.569811283 0.585345641 0.646380475 0.551762908 0.546528162 0.550434745 0.564621095 0.742412099 0.475259867 0.481277229 0.417200645 0.470370767 0.461325017 0.429403775 0.470658003 0.386833633 0.381398954 0.395313304 0.509058024 0.482018647 0.479613299 0.481439269 0.395273522 0.069936939 0.000000000 0.299766445 0.487113656 0.409007703 0.840548791 
49     0.571799740 0.571292065 0.618845927 0.704952003 0.463970034 0.601629755 0.534315064 0.533302847 0.505730215 0.526647718 0.532349109 0.532059014 0.514403039 0.729920329 0.692800711 0.839139395 0.603253463 0.615099837 0.625671445 0.553472191 0.646929634 0.632396906 0.580615113 0.595298836 0.655726365 0.558770800 0.553497329 0.557550923 0.574082903 0.752343913 0.487196912 0.492685064 0.427095173 0.482607035 0.473740870 0.438779036 0.481099365 0.399242430 0.388834089 0.403336732 0.519887585 0.494196045 0.491651919 0.493477889 0.406441444 0.307494091 0.299766445 0.000000000 0.401401198 0.425779245 0.843595869 
50     0.757779959 0.757293374 0.807345598 0.893216553 0.648743740 0.785627548 0.719046143 0.720109351 0.695290053 0.715920944 0.721489366 0.721398547 0.700205510 0.917857471 0.885039877 1.025734160 0.792018228 0.807015468 0.814609968 0.743088222 0.837695680 0.821631264 0.770742299 0.787181427 0.850351220 0.742711237 0.737099748 0.741323371 0.757048560 0.938384414 0.670054042 0.675549174 0.608621494 0.664157588 0.656162619 0.623652220 0.668542841 0.582887149 0.574843850 0.586684073 0.705555626 0.680144708 0.677600582 0.679624834 0.589676454 0.495463054 0.487113656 0.401401198 0.000000000 0.611679988 1.037645488 
43     0.546633878 0.545937967 0.596621342 0.684517931 0.448019684 0.577907768 0.512394607 0.510914916 0.488194394 0.509830776 0.514734897 0.513740648 0.495400330 0.715675512 0.672638879 0.823569285 0.587375319 0.598492572 0.610565987 0.537125992 0.633630442 0.616604424 0.565141224 0.577946768 0.638661504 0.539918441 0.534615592 0.538037033 0.553350046 0.730912116 0.468492137 0.475329927 0.408786212 0.462115612 0.453406299 0.419160127 0.461164610 0.381651185 0.372383969 0.387694359 0.502609193 0.473942207 0.472533830 0.473657484 0.390328423 0.419064895 0.409007703 0.425779245 0.611679988 0.000000000 0.831843800 
0     0.852606263 0.853620125 0.892782953 0.989869909 0.748349851 0.895906784 0.825666526 0.827266367 0.800720703 0.818015549 0.820723714 0.821424966 0.817142913 1.020633008 0.996151744 1.134214869 0.906411109 0.909480208 0.924174339 0.845944075 0.940993293 0.928814822 0.879942210 0.892336383 0.955025679 0.887503229 0.882936352 0.886513223 0.899095068 1.127259501 0.871801900 0.877590469 0.814119731 0.867469409 0.857818826 0.822296267 0.849349372 0.784055205 0.762020571 0.774324537 0.889271446 0.866015438 0.863709043 0.865423364 0.786562069 0.848968274 0.840548791 0.843595869 1.037645488 0.831843800 0.000000000 
