51
11     0.000000000 0.000003940 0.000014430 0.000428670 0.000200970 0.000320210 0.000337530 0.000345240 0.000207470 0.000240670 0.000378000 0.000310700 0.000328260 0.000209840 0.000312930 0.000517540 0.000356700 0.000373370 0.000448360 0.000563050 0.000478050 0.000434600 0.000420560 0.000419950 0.000452990 0.000372370 0.000350010 0.000364900 0.000364700 0.000441850 0.000273650 0.000313400 0.000350260 0.000302010 0.000325100 0.000448650 0.000254000 0.000257160 0.000262820 0.000282130 0.000389430 0.000409130 0.000393970 0.000391330 0.000296860 0.000228190 0.000231060 0.000249650 0.000356130 0.000236250 0.000462350 
6     0.000003940 0.000000000 0.000010490 0.000424670 0.000196970 0.000316210 0.000333530 0.000341240 0.000203470 0.000236670 0.000374000 0.000306700 0.000324260 0.000205840 0.000308930 0.000513540 0.000352700 0.000369370 0.000444360 0.000559050 0.000474110 0.000430600 0.000416560 0.000415950 0.000448990 0.000368370 0.000346010 0.000360900 0.000360700 0.000437850 0.000269650 0.000309400 0.000346260 0.000298010 0.000321100 0.000444650 0.000250000 0.000253160 0.000258820 0.000278130 0.000385430 0.000405130 0.000389970 0.000387330 0.000292860 0.000224190 0.000227060 0.000245650 0.000352130 0.000232250 0.000458350 
2     0.000014430 0.000010490 0.000000000 0.000691790 0.000464090 0.000583330 0.000600650 0.000608360 0.000470590 0.000503790 0.000641120 0.000573820 0.000591380 0.000472960 0.000576050 0.000780660 0.000619820 0.000636490 0.000711480 0.000826170 0.000483580 0.000541140 0.000683680 0.000683070 0.000480030 0.000635490 0.000613130 0.000628020 0.000627820 0.000704970 0.000536770 0.000576520 0.000541690 0.000565130 0.000588220 0.000631220 0.000517120 0.000229070 0.000525940 0.000545250 0.000652550 0.000672250 0.000657090 0.000654450 0.000559980 0.000491310 0.000455640 0.000512770 0.000619250 0.000499370 0.000725470 
8     0.000428670 0.000424670 0.000691790 0.000000000 0.000100100 0.000217960 0.000235280 0.000242990 0.000439220 0.000472420 0.000609750 0.000542450 0.000560010 0.000441590 0.000544680 0.000749290 0.000588450 0.000605120 0.000680110 0.000794800 0.000719490 0.000666350 0.000652310 0.000651700 0.000684740 0.000604120 0.000581760 0.000596650 0.000596450 0.000673600 0.000505400 0.000545150 0.000582010 0.000533760 0.000556850 0.000680400 0.000485750 0.000488910 0.000494570 0.000513880 0.000621180 0.000640880 0.000625720 0.000623080 0.000528610 0.000459940 0.000462810 0.000481400 0.000587880 0.000468000 0.000694100 
5     0.000200970 0.000196970 0.000464090 0.000100100 0.000000000 0.000279800 0.000173240 0.000304830 0.000211520 0.000244720 0.000382050 0.000314750 0.000332310 0.000213890 0.000316980 0.000521590 0.000360750 0.000377420 0.000452410 0.000567100 0.000491790 0.000438650 0.000424610 0.000424000 0.000457040 0.000376420 0.000354060 0.000368950 0.000368750 0.000445900 0.000277700 0.000317450 0.000354310 0.000306060 0.000329150 0.000452700 0.000258050 0.000261210 0.000266870 0.000286180 0.000393480 0.000413180 0.000398020 0.000395380 0.000300910 0.000232240 0.000235110 0.000253700 0.000360180 0.000240300 0.000466400 
17     0.000320210 0.000316210 0.000583330 0.000217960 0.000279800 0.000000000 0.000069440 0.000079690 0.000330760 0.000363960 0.000501290 0.000433990 0.000451550 0.000333130 0.000436220 0.000640830 0.000479990 0.000496660 0.000571650 0.000686340 0.000611030 0.000557890 0.000543850 0.000543240 0.000576280 0.000495660 0.000473300 0.000488190 0.000487990 0.000565140 0.000396940 0.000436690 0.000473550 0.000425300 0.000448390 0.000571940 0.000377290 0.000380450 0.000386110 0.000405420 0.000512720 0.000532420 0.000517260 0.000514620 0.000420150 0.000351480 0.000354350 0.000372940 0.000479420 0.000359540 0.000585640 
4     0.000337530 0.000333530 0.000600650 0.000235280 0.000173240 0.000069440 0.000000000 0.000097010 0.000348080 0.000381280 0.000518610 0.000451310 0.000468870 0.000350450 0.000453540 0.000658150 0.000497310 0.000513980 0.000588970 0.000703660 0.000628350 0.000575210 0.000561170 0.000560560 0.000593600 0.000512980 0.000490620 0.000505510 0.000505310 0.000582460 0.000414260 0.000454010 0.000490870 0.000442620 0.000465710 0.000589260 0.000394610 0.000397770 0.000002080 0.000422740 0.000530040 0.000549740 0.000534580 0.000531940 0.000437470 0.000368800 0.000371670 0.000390260 0.000496740 0.000376860 0.000602960 
20     0.000345240 0.000341240 0.000608360 0.000242990 0.000304830 0.000079690 0.000097010 0.000000000 0.000355790 0.000388990 0.000526320 0.000459020 0.000476580 0.000358160 0.000461250 0.000665860 0.000505020 0.000521690 0.000596680 0.000711370 0.000636060 0.000582920 0.000568880 0.000568270 0.000601310 0.000520690 0.000498330 0.000513220 0.000513020 0.000590170 0.000421970 0.000461720 0.000498580 0.000450330 0.000473420 0.000596970 0.000402320 0.000046360 0.000411140 0.000430450 0.000537750 0.000557450 0.000542290 0.000539650 0.000445180 0.000376510 0.000379380 0.000397970 0.000504450 0.000384570 0.000610670 
16     0.000207470 0.000203470 0.000470590 0.000439220 0.000211520 0.000330760 0.000348080 0.000355790 0.000000000 0.000114160 0.000000210 0.000184190 0.000228710 0.000110290 0.000234640 0.000439250 0.000278410 0.000295080 0.000370070 0.000484760 0.000409450 0.000356310 0.000342270 0.000341660 0.000374700 0.000331960 0.000309600 0.000324490 0.000324290 0.000418120 0.000249920 0.000289670 0.000326530 0.000278280 0.000301370 0.000424920 0.000230270 0.000233430 0.000239090 0.000258400 0.000311140 0.000330840 0.000315680 0.000313040 0.000273130 0.000204460 0.000207330 0.000225920 0.000332400 0.000212520 0.000438620 
14     0.000240670 0.000236670 0.000503790 0.000472420 0.000244720 0.000363960 0.000381280 0.000388990 0.000114160 0.000000000 0.000145350 0.000178110 0.000261910 0.000143490 0.000267840 0.000472450 0.000311610 0.000328280 0.000403270 0.000517960 0.000442650 0.000389510 0.000375470 0.000374860 0.000407900 0.000365160 0.000342800 0.000357690 0.000357490 0.000451320 0.000283120 0.000322870 0.000359730 0.000311480 0.000334570 0.000458120 0.000263470 0.000266630 0.000272290 0.000291600 0.000344340 0.000364040 0.000348880 0.000346240 0.000306330 0.000237660 0.000240530 0.000259120 0.000365600 0.000245720 0.000471820 
22     0.000378000 0.000374000 0.000641120 0.000609750 0.000382050 0.000501290 0.000518610 0.000526320 0.000000210 0.000145350 0.000000000 0.000238640 0.000399240 0.000280820 0.000405170 0.000609780 0.000448940 0.000465610 0.000540600 0.000655290 0.000436030 0.000493590 0.000512800 0.000512190 0.000432480 0.000502490 0.000480130 0.000495020 0.000494820 0.000588650 0.000420450 0.000460200 0.000497060 0.000448810 0.000471900 0.000595450 0.000400800 0.000403960 0.000409620 0.000428930 0.000481670 0.000501370 0.000486210 0.000483570 0.000443660 0.000374990 0.000377860 0.000396450 0.000502930 0.000383050 0.000609150 
7     0.000310700 0.000306700 0.000573820 0.000542450 0.000314750 0.000433990 0.000451310 0.000459020 0.000184190 0.000178110 0.000238640 0.000000000 0.000331940 0.000213520 0.000337870 0.000005530 0.000381640 0.000398310 0.000473300 0.000587990 0.000512680 0.000459540 0.000445500 0.000444890 0.000477930 0.000435190 0.000412830 0.000427720 0.000427520 0.000521350 0.000353150 0.000392900 0.000429760 0.000381510 0.000404600 0.000528150 0.000333500 0.000336660 0.000342320 0.000361630 0.000414370 0.000434070 0.000418910 0.000416270 0.000376360 0.000307690 0.000310560 0.000329150 0.000435630 0.000315750 0.000541850 
24     0.000328260 0.000324260 0.000591380 0.000560010 0.000332310 0.000451550 0.000468870 0.000476580 0.000228710 0.000261910 0.000399240 0.000331940 0.000000000 0.000160500 0.000355430 0.000560040 0.000399200 0.000415870 0.000490860 0.000605550 0.000530240 0.000477100 0.000463060 0.000462450 0.000495490 0.000452750 0.000430390 0.000445280 0.000445080 0.000538910 0.000370710 0.000410460 0.000447320 0.000399070 0.000422160 0.000545710 0.000351060 0.000077350 0.000359880 0.000379190 0.000431930 0.000451630 0.000436470 0.000433830 0.000393920 0.000325250 0.000328120 0.000346710 0.000453190 0.000333310 0.000559410 
12     0.000209840 0.000205840 0.000472960 0.000441590 0.000213890 0.000333130 0.000350450 0.000358160 0.000110290 0.000143490 0.000280820 0.000213520 0.000160500 0.000000000 0.000237010 0.000441620 0.000280780 0.000297450 0.000372440 0.000487130 0.000411820 0.000358680 0.000344640 0.000344030 0.000377070 0.000334330 0.000311970 0.000326860 0.000326660 0.000420490 0.000252290 0.000292040 0.000328900 0.000280650 0.000303740 0.000427290 0.000232640 0.000235800 0.000241460 0.000260770 0.000313510 0.000333210 0.000318050 0.000315410 0.000275500 0.000206830 0.000209700 0.000228290 0.000334770 0.000214890 0.000440990 
19     0.000312930 0.000308930 0.000576050 0.000544680 0.000316980 0.000436220 0.000453540 0.000461250 0.000234640 0.000267840 0.000405170 0.000337870 0.000355430 0.000237010 0.000000000 0.000541490 0.000380650 0.000397320 0.000472310 0.000587000 0.000511690 0.000458550 0.000444510 0.000443900 0.000476940 0.000437420 0.000415060 0.000429950 0.000429750 0.000523580 0.000355380 0.000395130 0.000431990 0.000383740 0.000406830 0.000530380 0.000335730 0.000338890 0.000344550 0.000363860 0.000413380 0.000433080 0.000417920 0.000415280 0.000378590 0.000309920 0.000312790 0.000331380 0.000437860 0.000317980 0.000544080 
3     0.000517540 0.000513540 0.000780660 0.000749290 0.000521590 0.000640830 0.000658150 0.000665860 0.000439250 0.000472450 0.000609780 0.000005530 0.000560040 0.000441620 0.000541490 0.000000000 0.000227600 0.000244270 0.000319260 0.000673390 0.000598080 0.000544940 0.000530900 0.000530290 0.000563330 0.000642030 0.000619670 0.000634560 0.000634360 0.000728190 0.000559990 0.000599740 0.000636600 0.000588350 0.000611440 0.000734990 0.000540340 0.000543500 0.000549160 0.000568470 0.000258230 0.000277930 0.000262770 0.000260130 0.000583200 0.000514530 0.000517400 0.000535990 0.000642470 0.000522590 0.000748690 
1     0.000356700 0.000352700 0.000619820 0.000588450 0.000360750 0.000479990 0.000497310 0.000505020 0.000278410 0.000311610 0.000448940 0.000381640 0.000399200 0.000280780 0.000380650 0.000227600 0.000000000 0.000075530 0.000113920 0.000512550 0.000437240 0.000384100 0.000370060 0.000369450 0.000402490 0.000481190 0.000458830 0.000473720 0.000473520 0.000567350 0.000399150 0.000438900 0.000475760 0.000427510 0.000450600 0.000574150 0.000379500 0.000382660 0.000388320 0.000407630 0.000099490 0.000119190 0.000104030 0.000101390 0.000422360 0.000353690 0.000356560 0.000375150 0.000481630 0.000361750 0.000587850 
25     0.000373370 0.000369370 0.000636490 0.000605120 0.000377420 0.000496660 0.000513980 0.000521690 0.000295080 0.000328280 0.000465610 0.000398310 0.000415870 0.000297450 0.000397320 0.000244270 0.000075530 0.000000000 0.000008770 0.000529220 0.000453910 0.000400770 0.000386730 0.000386120 0.000419160 0.000019250 0.000356310 0.000028940 0.000017500 0.000584020 0.000415820 0.000455570 0.000492430 0.000444180 0.000467270 0.000590820 0.000396170 0.000399330 0.000404990 0.000424300 0.000116160 0.000135860 0.000120700 0.000118060 0.000439030 0.000370360 0.000373230 0.000391820 0.000498300 0.000378420 0.000604520 
15     0.000448360 0.000444360 0.000711480 0.000680110 0.000452410 0.000571650 0.000588970 0.000596680 0.000370070 0.000403270 0.000540600 0.000473300 0.000490860 0.000372440 0.000472310 0.000319260 0.000113920 0.000008770 0.000000000 0.000604210 0.000528900 0.000475760 0.000461720 0.000461110 0.000494150 0.000027800 0.000364860 0.000037490 0.000026050 0.000616860 0.000490810 0.000530560 0.000567420 0.000519170 0.000542260 0.000665810 0.000471160 0.000474320 0.000479980 0.000499290 0.000191150 0.000210850 0.000195690 0.000193050 0.000514020 0.000445350 0.000448220 0.000466810 0.000573290 0.000453410 0.000679510 
18     0.000563050 0.000559050 0.000826170 0.000794800 0.000567100 0.000686340 0.000703660 0.000711370 0.000484760 0.000517960 0.000655290 0.000587990 0.000605550 0.000487130 0.000587000 0.000673390 0.000512550 0.000529220 0.000604210 0.000000000 0.000402610 0.000073300 0.000250390 0.000249780 0.000270620 0.000687540 0.000665180 0.000680070 0.000679870 0.000773700 0.000605500 0.000645250 0.000682110 0.000633860 0.000656950 0.000780500 0.000585850 0.000589010 0.000594670 0.000613980 0.000545280 0.000564980 0.000549820 0.000547180 0.000628710 0.000560040 0.000562910 0.000581500 0.000687980 0.000568100 0.000794200 
21     0.000478050 0.000474110 0.000483580 0.000719490 0.000491790 0.000611030 0.000628350 0.000636060 0.000409450 0.000442650 0.000436030 0.000512680 0.000530240 0.000411820 0.000511690 0.000598080 0.000437240 0.000453910 0.000528900 0.000402610 0.000000000 0.000065140 0.000260120 0.000259510 0.000004030 0.000612230 0.000589870 0.000554500 0.000604560 0.000698390 0.000530190 0.000569940 0.000606800 0.000558550 0.000581640 0.000705190 0.000510540 0.000513700 0.000519360 0.000538670 0.000469970 0.000489670 0.000474510 0.000471870 0.000553400 0.000484730 0.000487600 0.000506190 0.000612670 0.000492790 0.000718890 
10     0.000434600 0.000430600 0.000541140 0.000666350 0.000438650 0.000557890 0.000575210 0.000582920 0.000356310 0.000389510 0.000493590 0.000459540 0.000477100 0.000358680 0.000458550 0.000544940 0.000384100 0.000400770 0.000475760 0.000073300 0.000065140 0.000000000 0.000206980 0.000206370 0.000061590 0.000559090 0.000536730 0.000495680 0.000551420 0.000645250 0.000477050 0.000516800 0.000553660 0.000505410 0.000528500 0.000652050 0.000457400 0.000460560 0.000466220 0.000485530 0.000416830 0.000436530 0.000421370 0.000418730 0.000500260 0.000431590 0.000434460 0.000453050 0.000559530 0.000439650 0.000665750 
23     0.000420560 0.000416560 0.000683680 0.000652310 0.000424610 0.000543850 0.000561170 0.000568880 0.000342270 0.000375470 0.000512800 0.000445500 0.000463060 0.000344640 0.000444510 0.000530900 0.000370060 0.000386730 0.000461720 0.000250390 0.000260120 0.000206980 0.000000000 0.000073830 0.000140330 0.000545050 0.000522690 0.000537580 0.000537380 0.000631210 0.000463010 0.000502760 0.000539620 0.000491370 0.000514460 0.000638010 0.000443360 0.000446520 0.000452180 0.000471490 0.000402790 0.000422490 0.000407330 0.000404690 0.000486220 0.000417550 0.000420420 0.000439010 0.000545490 0.000425610 0.000651710 
13     0.000419950 0.000415950 0.000683070 0.000651700 0.000424000 0.000543240 0.000560560 0.000568270 0.000341660 0.000374860 0.000512190 0.000444890 0.000462450 0.000344030 0.000443900 0.000530290 0.000369450 0.000386120 0.000461110 0.000249780 0.000259510 0.000206370 0.000073830 0.000000000 0.000139720 0.000544440 0.000522080 0.000536970 0.000536770 0.000630600 0.000462400 0.000502150 0.000539010 0.000490760 0.000513850 0.000637400 0.000442750 0.000445910 0.000451570 0.000470880 0.000402180 0.000421880 0.000406720 0.000404080 0.000485610 0.000416940 0.000419810 0.000438400 0.000544880 0.000425000 0.000651100 
9     0.000452990 0.000448990 0.000480030 0.000684740 0.000457040 0.000576280 0.000593600 0.000601310 0.000374700 0.000407900 0.000432480 0.000477930 0.000495490 0.000377070 0.000476940 0.000563330 0.000402490 0.000419160 0.000494150 0.000270620 0.000004030 0.000061590 0.000140330 0.000139720 0.000000000 0.000577480 0.000555120 0.000570010 0.000569810 0.000663640 0.000495440 0.000535190 0.000572050 0.000523800 0.000546890 0.000670440 0.000475790 0.000478950 0.000484610 0.000503920 0.000435220 0.000454920 0.000439760 0.000437120 0.000518650 0.000449980 0.000452850 0.000471440 0.000577920 0.000458040 0.000684140 
48     0.000372370 0.000368370 0.000635490 0.000604120 0.000376420 0.000495660 0.000512980 0.000520690 0.000331960 0.000365160 0.000502490 0.000435190 0.000452750 0.000334330 0.000437420 0.000642030 0.000481190 0.000019250 0.000027800 0.000687540 0.000612230 0.000559090 0.000545050 0.000544440 0.000577480 0.000000000 0.000030640 0.000009690 0.000010490 0.000583020 0.000414820 0.000454570 0.000491430 0.000443180 0.000466270 0.000589820 0.000395170 0.000398330 0.000403990 0.000423300 0.000513920 0.000533620 0.000518460 0.000515820 0.000438030 0.000369360 0.000372230 0.000390820 0.000497300 0.000377420 0.000603520 
45     0.000350010 0.000346010 0.000613130 0.000581760 0.000354060 0.000473300 0.000490620 0.000498330 0.000309600 0.000342800 0.000480130 0.000412830 0.000430390 0.000311970 0.000415060 0.000619670 0.000458830 0.000356310 0.000364860 0.000665180 0.000589870 0.000536730 0.000522690 0.000522080 0.000555120 0.000030640 0.000000000 0.000000220 0.000031030 0.000560660 0.000392460 0.000432210 0.000469070 0.000420820 0.000443910 0.000567460 0.000372810 0.000375970 0.000381630 0.000400940 0.000491560 0.000511260 0.000496100 0.000493460 0.000415670 0.000347000 0.000349870 0.000368460 0.000474940 0.000355060 0.000581160 
44     0.000364900 0.000360900 0.000628020 0.000596650 0.000368950 0.000488190 0.000505510 0.000513220 0.000324490 0.000357690 0.000495020 0.000427720 0.000445280 0.000326860 0.000429950 0.000634560 0.000473720 0.000028940 0.000037490 0.000680070 0.000554500 0.000495680 0.000537580 0.000536970 0.000570010 0.000009690 0.000000220 0.000000000 0.000020180 0.000575550 0.000407350 0.000447100 0.000483960 0.000435710 0.000458800 0.000582350 0.000387700 0.000390860 0.000396520 0.000415830 0.000506450 0.000526150 0.000510990 0.000508350 0.000430560 0.000361890 0.000364760 0.000383350 0.000489830 0.000369950 0.000596050 
41     0.000364700 0.000360700 0.000627820 0.000596450 0.000368750 0.000487990 0.000505310 0.000513020 0.000324290 0.000357490 0.000494820 0.000427520 0.000445080 0.000326660 0.000429750 0.000634360 0.000473520 0.000017500 0.000026050 0.000679870 0.000604560 0.000551420 0.000537380 0.000536770 0.000569810 0.000010490 0.000031030 0.000020180 0.000000000 0.000575350 0.000407150 0.000446900 0.000483760 0.000435510 0.000458600 0.000582150 0.000387500 0.000390660 0.000396320 0.000415630 0.000506250 0.000525950 0.000510790 0.000508150 0.000430360 0.000361690 0.000364560 0.000383150 0.000489630 0.000369750 0.000595850 
39     0.000441850 0.000437850 0.000704970 0.000673600 0.000445900 0.000565140 0.000582460 0.000590170 0.000418120 0.000451320 0.000588650 0.000521350 0.000538910 0.000420490 0.000523580 0.000728190 0.000567350 0.000584020 0.000616860 0.000773700 0.000698390 0.000645250 0.000631210 0.000630600 0.000663640 0.000583020 0.000560660 0.000575550 0.000575350 0.000000000 0.000326620 0.000366370 0.000403230 0.000354980 0.000378070 0.000501620 0.000306970 0.000310130 0.000332650 0.000351960 0.000600080 0.000619780 0.000604620 0.000601980 0.000366690 0.000281160 0.000284030 0.000302620 0.000409100 0.000306080 0.000668400 
27     0.000273650 0.000269650 0.000536770 0.000505400 0.000277700 0.000396940 0.000414260 0.000421970 0.000249920 0.000283120 0.000420450 0.000353150 0.000370710 0.000252290 0.000355380 0.000559990 0.000399150 0.000415820 0.000490810 0.000605500 0.000530190 0.000477050 0.000463010 0.000462400 0.000495440 0.000414820 0.000392460 0.000407350 0.000407150 0.000326620 0.000000000 0.000089350 0.000154490 0.000106240 0.000002670 0.000252880 0.000124110 0.000127270 0.000164450 0.000183760 0.000431880 0.000451580 0.000436420 0.000433780 0.000198490 0.000112260 0.000115130 0.000133720 0.000240200 0.000137880 0.000500200 
30     0.000313400 0.000309400 0.000576520 0.000545150 0.000317450 0.000436690 0.000454010 0.000461720 0.000289670 0.000322870 0.000460200 0.000392900 0.000410460 0.000292040 0.000395130 0.000599740 0.000438900 0.000455570 0.000530560 0.000645250 0.000569940 0.000516800 0.000502760 0.000502150 0.000535190 0.000454570 0.000432210 0.000447100 0.000446900 0.000366370 0.000089350 0.000000000 0.000194240 0.000145990 0.000169080 0.000292630 0.000163860 0.000167020 0.000204200 0.000223510 0.000471630 0.000491330 0.000476170 0.000473530 0.000238240 0.000152010 0.000154880 0.000173470 0.000279950 0.000177630 0.000539950 
47     0.000350260 0.000346260 0.000541690 0.000582010 0.000354310 0.000473550 0.000490870 0.000498580 0.000326530 0.000359730 0.000497060 0.000429760 0.000447320 0.000328900 0.000431990 0.000636600 0.000475760 0.000492430 0.000567420 0.000682110 0.000606800 0.000553660 0.000539620 0.000539010 0.000572050 0.000491430 0.000469070 0.000483960 0.000483760 0.000403230 0.000154490 0.000194240 0.000000000 0.000075910 0.000115460 0.000095250 0.000200720 0.000203880 0.000241060 0.000260370 0.000508490 0.000528190 0.000513030 0.000510390 0.000275100 0.000188870 0.000191740 0.000210330 0.000316810 0.000214490 0.000499990 
33     0.000302010 0.000298010 0.000565130 0.000533760 0.000306060 0.000425300 0.000442620 0.000450330 0.000278280 0.000311480 0.000448810 0.000381510 0.000399070 0.000280650 0.000383740 0.000588350 0.000427510 0.000444180 0.000519170 0.000633860 0.000558550 0.000505410 0.000491370 0.000490760 0.000523800 0.000443180 0.000420820 0.000435710 0.000435510 0.000354980 0.000106240 0.000145990 0.000075910 0.000000000 0.000039790 0.000019400 0.000152470 0.000155630 0.000192810 0.000212120 0.000460240 0.000479940 0.000464780 0.000462140 0.000226850 0.000140620 0.000143490 0.000162080 0.000268560 0.000166240 0.000528560 
40     0.000325100 0.000321100 0.000588220 0.000556850 0.000329150 0.000448390 0.000465710 0.000473420 0.000301370 0.000334570 0.000471900 0.000404600 0.000422160 0.000303740 0.000406830 0.000611440 0.000450600 0.000467270 0.000542260 0.000656950 0.000581640 0.000528500 0.000514460 0.000513850 0.000546890 0.000466270 0.000443910 0.000458800 0.000458600 0.000378070 0.000002670 0.000169080 0.000115460 0.000039790 0.000000000 0.000077690 0.000175560 0.000178720 0.000215900 0.000235210 0.000483330 0.000503030 0.000487870 0.000485230 0.000249940 0.000163710 0.000166580 0.000185170 0.000291650 0.000189330 0.000551650 
31     0.000448650 0.000444650 0.000631220 0.000680400 0.000452700 0.000571940 0.000589260 0.000596970 0.000424920 0.000458120 0.000595450 0.000528150 0.000545710 0.000427290 0.000530380 0.000734990 0.000574150 0.000590820 0.000665810 0.000780500 0.000705190 0.000652050 0.000638010 0.000637400 0.000670440 0.000589820 0.000567460 0.000582350 0.000582150 0.000501620 0.000252880 0.000292630 0.000095250 0.000019400 0.000077690 0.000000000 0.000299110 0.000302270 0.000339450 0.000358760 0.000606880 0.000626580 0.000611420 0.000608780 0.000373490 0.000287260 0.000290130 0.000308720 0.000415200 0.000312880 0.000589520 
34     0.000254000 0.000250000 0.000517120 0.000485750 0.000258050 0.000377290 0.000394610 0.000402320 0.000230270 0.000263470 0.000400800 0.000333500 0.000351060 0.000232640 0.000335730 0.000540340 0.000379500 0.000396170 0.000471160 0.000585850 0.000510540 0.000457400 0.000443360 0.000442750 0.000475790 0.000395170 0.000372810 0.000387700 0.000387500 0.000306970 0.000124110 0.000163860 0.000200720 0.000152470 0.000175560 0.000299110 0.000000000 0.000083140 0.000144800 0.000164110 0.000412230 0.000431930 0.000416770 0.000414130 0.000014660 0.000092610 0.000095480 0.000114070 0.000220550 0.000118230 0.000480550 
35     0.000257160 0.000253160 0.000229070 0.000488910 0.000261210 0.000380450 0.000397770 0.000046360 0.000233430 0.000266630 0.000403960 0.000336660 0.000077350 0.000235800 0.000338890 0.000543500 0.000382660 0.000399330 0.000474320 0.000589010 0.000513700 0.000460560 0.000446520 0.000445910 0.000478950 0.000398330 0.000375970 0.000390860 0.000390660 0.000310130 0.000127270 0.000167020 0.000203880 0.000155630 0.000178720 0.000302270 0.000083140 0.000000000 0.000147960 0.000167270 0.000415390 0.000435090 0.000419930 0.000417290 0.000182000 0.000095770 0.000098640 0.000117230 0.000223710 0.000121390 0.000483710 
46     0.000262820 0.000258820 0.000525940 0.000494570 0.000266870 0.000386110 0.000002080 0.000411140 0.000239090 0.000272290 0.000409620 0.000342320 0.000359880 0.000241460 0.000344550 0.000549160 0.000388320 0.000404990 0.000479980 0.000594670 0.000519360 0.000466220 0.000452180 0.000451570 0.000484610 0.000403990 0.000381630 0.000396520 0.000396320 0.000332650 0.000164450 0.000204200 0.000241060 0.000192810 0.000215900 0.000339450 0.000144800 0.000147960 0.000000000 0.000033610 0.000421050 0.000440750 0.000425590 0.000422950 0.000173780 0.000118990 0.000121860 0.000140450 0.000246930 0.000120110 0.000489370 
29     0.000282130 0.000278130 0.000545250 0.000513880 0.000286180 0.000405420 0.000422740 0.000430450 0.000258400 0.000291600 0.000428930 0.000361630 0.000379190 0.000260770 0.000363860 0.000568470 0.000407630 0.000424300 0.000499290 0.000613980 0.000538670 0.000485530 0.000471490 0.000470880 0.000503920 0.000423300 0.000400940 0.000415830 0.000415630 0.000351960 0.000183760 0.000223510 0.000260370 0.000212120 0.000235210 0.000358760 0.000164110 0.000167270 0.000033610 0.000000000 0.000440360 0.000460060 0.000444900 0.000442260 0.000193090 0.000138300 0.000141170 0.000159760 0.000266240 0.000139420 0.000508680 
38     0.000389430 0.000385430 0.000652550 0.000621180 0.000393480 0.000512720 0.000530040 0.000537750 0.000311140 0.000344340 0.000481670 0.000414370 0.000431930 0.000313510 0.000413380 0.000258230 0.000099490 0.000116160 0.000191150 0.000545280 0.000469970 0.000416830 0.000402790 0.000402180 0.000435220 0.000513920 0.000491560 0.000506450 0.000506250 0.000600080 0.000431880 0.000471630 0.000508490 0.000460240 0.000483330 0.000606880 0.000412230 0.000415390 0.000421050 0.000440360 0.000000000 0.000074900 0.000059740 0.000057100 0.000379900 0.000386420 0.000389290 0.000407880 0.000514360 0.000394480 0.000620580 
37     0.000409130 0.000405130 0.000672250 0.000640880 0.000413180 0.000532420 0.000549740 0.000557450 0.000330840 0.000364040 0.000501370 0.000434070 0.000451630 0.000333210 0.000433080 0.000277930 0.000119190 0.000135860 0.000210850 0.000564980 0.000489670 0.000436530 0.000422490 0.000421880 0.000454920 0.000533620 0.000511260 0.000526150 0.000525950 0.000619780 0.000451580 0.000491330 0.000528190 0.000479940 0.000503030 0.000626580 0.000431930 0.000435090 0.000440750 0.000460060 0.000074900 0.000000000 0.000055740 0.000000710 0.000474790 0.000406120 0.000408990 0.000427580 0.000534060 0.000414180 0.000640280 
36     0.000393970 0.000389970 0.000657090 0.000625720 0.000398020 0.000517260 0.000534580 0.000542290 0.000315680 0.000348880 0.000486210 0.000418910 0.000436470 0.000318050 0.000417920 0.000262770 0.000104030 0.000120700 0.000195690 0.000549820 0.000474510 0.000421370 0.000407330 0.000406720 0.000439760 0.000518460 0.000496100 0.000510990 0.000510790 0.000604620 0.000436420 0.000476170 0.000513030 0.000464780 0.000487870 0.000611420 0.000416770 0.000419930 0.000425590 0.000444900 0.000059740 0.000055740 0.000000000 0.000011380 0.000459630 0.000390960 0.000393830 0.000412420 0.000518900 0.000399020 0.000625120 
28     0.000391330 0.000387330 0.000654450 0.000623080 0.000395380 0.000514620 0.000531940 0.000539650 0.000313040 0.000346240 0.000483570 0.000416270 0.000433830 0.000315410 0.000415280 0.000260130 0.000101390 0.000118060 0.000193050 0.000547180 0.000471870 0.000418730 0.000404690 0.000404080 0.000437120 0.000515820 0.000493460 0.000508350 0.000508150 0.000601980 0.000433780 0.000473530 0.000510390 0.000462140 0.000485230 0.000608780 0.000414130 0.000417290 0.000422950 0.000442260 0.000057100 0.000000710 0.000011380 0.000000000 0.000456990 0.000388320 0.000391190 0.000409780 0.000516260 0.000396380 0.000622480 
42     0.000296860 0.000292860 0.000559980 0.000528610 0.000300910 0.000420150 0.000437470 0.000445180 0.000273130 0.000306330 0.000443660 0.000376360 0.000393920 0.000275500 0.000378590 0.000583200 0.000422360 0.000439030 0.000514020 0.000628710 0.000553400 0.000500260 0.000486220 0.000485610 0.000518650 0.000438030 0.000415670 0.000430560 0.000430360 0.000366690 0.000198490 0.000238240 0.000275100 0.000226850 0.000249940 0.000373490 0.000014660 0.000182000 0.000173780 0.000193090 0.000379900 0.000474790 0.000459630 0.000456990 0.000000000 0.000153030 0.000155900 0.000174490 0.000280970 0.000154150 0.000523410 
26     0.000228190 0.000224190 0.000491310 0.000459940 0.000232240 0.000351480 0.000368800 0.000376510 0.000204460 0.000237660 0.000374990 0.000307690 0.000325250 0.000206830 0.000309920 0.000514530 0.000353690 0.000370360 0.000445350 0.000560040 0.000484730 0.000431590 0.000417550 0.000416940 0.000449980 0.000369360 0.000347000 0.000361890 0.000361690 0.000281160 0.000112260 0.000152010 0.000188870 0.000140620 0.000163710 0.000287260 0.000092610 0.000095770 0.000118990 0.000138300 0.000386420 0.000406120 0.000390960 0.000388320 0.000153030 0.000000000 0.000015930 0.000059100 0.000165580 0.000092420 0.000454740 
32     0.000231060 0.000227060 0.000455640 0.000462810 0.000235110 0.000354350 0.000371670 0.000379380 0.000207330 0.000240530 0.000377860 0.000310560 0.000328120 0.000209700 0.000312790 0.000517400 0.000356560 0.000373230 0.000448220 0.000562910 0.000487600 0.000434460 0.000420420 0.000419810 0.000452850 0.000372230 0.000349870 0.000364760 0.000364560 0.000284030 0.000115130 0.000154880 0.000191740 0.000143490 0.000166580 0.000290130 0.000095480 0.000098640 0.000121860 0.000141170 0.000389290 0.000408990 0.000393830 0.000391190 0.000155900 0.000015930 0.000000000 0.000061970 0.000168450 0.000095290 0.000457610 
49     0.000249650 0.000245650 0.000512770 0.000481400 0.000253700 0.000372940 0.000390260 0.000397970 0.000225920 0.000259120 0.000396450 0.000329150 0.000346710 0.000228290 0.000331380 0.000535990 0.000375150 0.000391820 0.000466810 0.000581500 0.000506190 0.000453050 0.000439010 0.000438400 0.000471440 0.000390820 0.000368460 0.000383350 0.000383150 0.000302620 0.000133720 0.000173470 0.000210330 0.000162080 0.000185170 0.000308720 0.000114070 0.000117230 0.000140450 0.000159760 0.000407880 0.000427580 0.000412420 0.000409780 0.000174490 0.000059100 0.000061970 0.000000000 0.000138540 0.000113880 0.000476200 
50     0.000356130 0.000352130 0.000619250 0.000587880 0.000360180 0.000479420 0.000496740 0.000504450 0.000332400 0.000365600 0.000502930 0.000435630 0.000453190 0.000334770 0.000437860 0.000642470 0.000481630 0.000498300 0.000573290 0.000687980 0.000612670 0.000559530 0.000545490 0.000544880 0.000577920 0.000497300 0.000474940 0.000489830 0.000489630 0.000409100 0.000240200 0.000279950 0.000316810 0.000268560 0.000291650 0.000415200 0.000220550 0.000223710 0.000246930 0.000266240 0.000514360 0.000534060 0.000518900 0.000516260 0.000280970 0.000165580 0.000168450 0.000138540 0.000000000 0.000220360 0.000582680 
43     0.000236250 0.000232250 0.000499370 0.000468000 0.000240300 0.000359540 0.000376860 0.000384570 0.000212520 0.000245720 0.000383050 0.000315750 0.000333310 0.000214890 0.000317980 0.000522590 0.000361750 0.000378420 0.000453410 0.000568100 0.000492790 0.000439650 0.000425610 0.000425000 0.000458040 0.000377420 0.000355060 0.000369950 0.000369750 0.000306080 0.000137880 0.000177630 0.000214490 0.000166240 0.000189330 0.000312880 0.000118230 0.000121390 0.000120110 0.000139420 0.000394480 0.000414180 0.000399020 0.000396380 0.000154150 0.000092420 0.000095290 0.000113880 0.000220360 0.000000000 0.000462800 
0     0.000462350 0.000458350 0.000725470 0.000694100 0.000466400 0.000585640 0.000602960 0.000610670 0.000438620 0.000471820 0.000609150 0.000541850 0.000559410 0.000440990 0.000544080 0.000748690 0.000587850 0.000604520 0.000679510 0.000794200 0.000718890 0.000665750 0.000651710 0.000651100 0.000684140 0.000603520 0.000581160 0.000596050 0.000595850 0.000668400 0.000500200 0.000539950 0.000499990 0.000528560 0.000551650 0.000589520 0.000480550 0.000483710 0.000489370 0.000508680 0.000620580 0.000640280 0.000625120 0.000622480 0.000523410 0.000454740 0.000457610 0.000476200 0.000582680 0.000462800 0.000000000 
